
50
, 72
, 76
, 1
, 147
, 88
, 60
, 123
, 25
, 22
, 126
, 124
, 24
, 100
, 48
, 105
, 43
, 107
, 41
, 99
, 49
, 79
, 69
, 51
, 97
, 125
, 23
, 53
, 95
, 16
, 132
, 94
, 54
, 55
, 93
, 26
, 122
, 31
, 117
, 111
, 37
, 18
, 130
, 17
, 131
, 58
, 90
, 60
, 88
, 146
, 2
, 122
, 26
, 97
, 51
, 90
, 58
, 78
, 70
, 118
, 30
, 33
, 115
, 32
, 116
, 22
, 126
, 77
, 71
, 116
, 32
, 40
, 108
, 144
, 4
, 68
, 80
, 86
, 62
, 26
, 122
, 10
, 138
, 64
, 84
, 105
, 43
, 132
, 16
, 55
, 93
, 75
, 73
, 91
, 57
, 40
, 108
, 115
, 33
, 52
, 32
, 64
