
52
, 51
, 123
, 45
, 129
, 19
, 155
, 121
, 53
, 86
, 88
, 14
, 160
, 29
, 145
, 12
, 162
, 160
, 14
, 157
, 17
, 128
, 46
, 37
, 137
, 47
, 127
, 1
, 173
, 59
, 115
, 120
, 54
, 166
, 8
, 71
, 103
, 58
, 116
, 86
, 88
, 71
, 103
, 111
, 63
, 131
, 43
, 110
, 64
, 85
, 89
, 146
, 28
, 30
, 144
, 128
, 46
, 51
, 123
, 63
, 111
, 1
, 173
, 130
, 44
, 91
, 83
, 45
, 129
, 19
, 155
, 34
, 140
, 146
, 28
, 135
, 39
, 135
, 39
, 129
, 45
, 82
, 92
, 118
, 56
, 72
, 102
, 65
, 109
, 108
, 66
, 43
, 131
, 72
, 102
, 78
, 96
, 100
, 74
, 67
, 107
, 49
, 125
, 170
, 1
, 3
