
53
, 44
, 142
, 86
, 100
, 79
, 107
, 147
, 39
, 23
, 163
, 25
, 161
, 91
, 95
, 116
, 70
, 74
, 112
, 137
, 49
, 122
, 64
, 146
, 40
, 43
, 143
, 19
, 167
, 160
, 26
, 164
, 22
, 88
, 98
, 10
, 176
, 60
, 126
, 150
, 36
, 55
, 131
, 102
, 84
, 57
, 129
, 169
, 17
, 135
, 51
, 71
, 115
, 38
, 148
, 80
, 106
, 81
, 105
, 1
, 185
, 90
, 96
, 157
, 29
, 48
, 138
, 155
, 31
, 156
, 30
, 39
, 147
, 101
, 85
, 16
, 170
, 53
, 133
, 39
, 147
, 38
, 148
, 119
, 67
, 124
, 62
, 34
, 152
, 18
, 168
, 109
, 77
, 91
, 95
, 60
, 126
, 107
, 79
, 67
, 119
, 22
, 164
, 34
, 152
, 131
, 55
