
550
, 29
, 84
, 47
, 66
, 93
, 20
, 61
, 52
, 35
, 78
, 86
, 27
, 23
, 90
, 20
, 93
, 40
, 73
, 7
, 106
, 84
, 29
, 100
, 13
, 66
, 47
, 60
, 53
, 24
, 89
, 15
, 98
, 85
, 28
, 78
, 35
, 104
, 9
, 12
, 101
, 39
, 74
, 78
, 35
, 92
, 21
, 31
, 82
, 61
, 52
, 19
, 94
, 105
, 8
, 43
, 70
, 10
, 103
, 5
, 108
, 7
, 106
, 64
, 49
, 81
, 32
, 102
, 11
, 110
, 3
, 23
, 90
, 75
, 38
, 85
, 28
, 36
, 77
, 6
, 107
, 41
, 72
, 77
, 36
, 95
, 18
, 16
, 97
, 34
, 79
, 110
, 3
, 52
, 61
, 106
, 7
, 27
, 86
, 7
, 106
, 73
, 40
, 25
, 88
, 44
, 69
, 79
, 34
, 71
, 42
, 51
, 62
, 45
, 68
, 90
, 23
, 6
, 107
, 74
, 39
, 11
, 102
, 79
, 34
, 34
, 79
, 26
, 87
, 43
, 70
, 40
, 73
, 93
, 20
, 43
, 70
, 11
, 102
, 7
, 106
, 27
, 86
, 96
, 17
, 2
, 111
, 12
, 101
, 104
, 9
, 107
, 6
, 99
, 14
, 25
, 88
, 110
, 3
, 103
, 10
, 56
, 57
, 48
, 65
, 15
, 98
, 44
, 69
, 16
, 97
, 100
, 13
, 102
, 11
, 99
, 14
, 29
, 84
, 82
, 31
, 52
, 61
, 54
, 59
, 59
, 54
, 19
, 94
, 38
, 75
, 7
, 106
, 20
, 93
, 78
, 35
, 91
, 22
, 52
, 61
, 58
, 55
, 59
, 54
, 7
, 106
, 54
, 59
, 63
, 50
, 61
, 52
, 100
, 13
, 1
, 112
, 46
, 67
, 87
, 26
, 52
, 61
, 17
, 96
, 90
, 23
, 55
, 58
, 6
, 107
, 60
, 53
, 58
, 55
, 92
, 21
, 32
, 81
, 66
, 47
, 21
, 92
, 104
, 9
, 68
, 45
, 12
, 101
, 61
, 52
, 13
, 100
, 28
, 85
, 5
, 108
, 44
, 69
, 97
, 16
, 60
, 53
, 63
, 50
, 51
, 62
, 104
, 9
, 53
, 60
, 46
, 67
, 21
, 92
, 65
, 48
, 102
, 11
, 67
, 46
, 14
, 99
, 3
, 110
, 110
, 3
, 107
, 6
, 46
, 67
, 30
, 83
, 12
, 101
, 45
, 68
, 7
, 106
, 82
, 31
, 8
, 105
, 34
, 79
, 108
, 5
, 66
, 47
, 86
, 27
, 34
, 79
, 102
, 11
, 10
, 103
, 19
, 94
, 16
, 97
, 55
, 58
, 106
, 7
, 63
, 50
, 80
, 33
, 70
, 43
, 104
, 9
, 1
, 112
, 94
, 19
, 9
, 104
, 81
, 32
, 79
, 34
, 46
, 67
, 55
, 58
, 61
, 52
, 9
, 104
, 96
, 17
, 62
, 51
, 81
, 32
, 2
, 111
, 20
, 93
, 96
, 17
, 79
, 34
, 85
, 28
, 89
, 24
, 80
, 33
, 86
, 27
, 71
, 42
, 10
, 103
, 85
, 28
, 94
, 19
, 84
, 29
, 15
, 98
, 101
, 12
, 47
, 66
, 77
, 36
, 61
, 52
, 58
, 55
, 49
, 64
, 23
, 90
, 75
, 38
, 6
, 107
, 16
, 97
, 59
, 54
, 32
, 81
, 34
, 79
, 2
, 111
, 30
, 83
, 76
, 37
, 55
, 58
, 10
, 103
, 23
, 90
, 14
, 99
, 11
, 102
, 24
, 89
, 41
, 72
, 101
, 12
, 59
, 54
, 60
, 53
, 111
, 2
, 82
, 31
, 62
, 51
, 6
, 107
, 25
, 88
, 20
, 93
, 90
, 23
, 19
, 94
, 78
, 35
, 18
, 95
, 98
, 15
, 78
, 35
, 3
, 110
, 28
, 85
, 88
, 25
, 89
, 24
, 19
, 94
, 57
, 56
, 44
, 69
, 4
, 109
, 20
, 93
, 97
, 16
, 84
, 29
, 51
, 62
, 29
, 84
, 19
, 94
, 17
, 96
, 55
, 58
, 109
, 4
, 103
, 10
, 71
, 42
, 82
, 31
, 31
, 82
, 88
, 25
, 57
, 56
, 46
, 67
, 102
, 11
, 15
, 98
, 49
, 64
, 5
, 108
, 52
, 61
, 24
, 89
, 74
, 39
, 100
, 13
, 4
, 109
, 98
, 15
, 29
, 84
, 52
, 61
, 57
, 56
, 73
, 40
, 12
, 101
, 67
, 46
, 105
, 8
, 78
, 35
, 7
, 106
, 56
, 57
, 78
, 35
, 43
, 70
, 101
, 12
, 4
, 109
, 89
, 24
, 104
, 9
, 7
, 106
, 11
, 102
, 79
, 34
, 63
, 50
, 79
, 34
, 83
, 30
, 38
, 75
, 9
, 104
, 38
, 75
, 71
, 42
, 79
, 34
, 9
, 104
, 25
, 88
, 88
, 25
, 68
, 45
, 66
, 47
, 62
, 51
, 44
, 69
, 54
, 59
, 63
, 50
, 37
, 76
, 89
, 24
, 97
, 16
, 8
, 105
, 107
, 6
, 65
, 48
, 41
, 72
, 43
, 70
, 101
, 12
, 75
, 38
, 99
, 14
, 86
, 27
, 41
, 72
, 27
, 86
, 21
, 92
, 72
, 41
, 14
, 99
, 7
, 106
, 109
, 4
, 82
, 31
, 8
, 105
, 103
, 10
, 67
, 46
, 33
, 80
, 7
, 106
, 47
, 66
, 7
, 106
, 63
, 50
, 21
, 92
, 97
, 16
, 54
, 59
, 90
, 23
, 9
, 104
, 83
, 30
, 35
, 78
, 3
, 110
, 97
, 16
, 60
, 53
, 21
, 92
, 27
, 86
, 55
, 58
, 54
, 59
, 76
, 37
, 47
, 66
, 21
, 92
, 73
, 40
, 110
, 3
, 93
, 20
, 49
, 64
, 28
, 85
, 16
, 97
, 40
, 73
, 75
, 38
, 44
, 69
, 64
, 49
, 26
, 87
, 110
, 3
, 55
, 58
, 60
, 53
, 44
, 69
, 108
, 5
, 58
, 55
, 49
, 64
, 37
, 76
, 102
, 11
, 72
, 41
, 91
, 22
, 13
, 100
, 49
, 64
, 58
, 55
, 103
, 10
, 40
, 73
, 30
, 83
, 67
, 46
, 109
, 4
, 40
, 73
, 80
, 33
, 76
, 37
, 37
, 76
, 3
, 110
, 31
, 82
, 27
, 86
, 109
, 4
, 107
, 6
, 106
, 7
, 18
, 95
, 70
, 43
, 18
, 95
, 79
, 34
, 72
, 41
, 33
, 80
, 83
, 30
, 72
, 41
, 92
, 21
, 44
, 69
, 78
, 35
, 96
, 17
, 6
, 107
, 58
, 55
, 72
, 41
, 38
, 75
, 76
, 37
, 38
, 75
, 41
, 72
, 77
, 36
, 1
, 112
, 60
, 53
, 44
, 69
, 52
, 61
, 7
, 106
, 25
, 88
, 11
, 102
, 60
, 53
, 85
, 28
, 70
, 43
, 9
, 104
, 55
, 58
, 54
, 59
, 97
, 16
, 5
, 108
, 67
, 46
, 29
, 84
, 56
, 57
, 29
, 84
, 49
, 64
, 47
, 66
, 34
, 79
, 75
, 38
, 99
, 14
, 59
, 54
, 9
, 104
, 38
, 75
, 21
, 92
, 96
, 17
, 68
, 45
, 9
, 104
, 105
, 8
, 64
, 49
, 27
, 86
, 22
, 91
, 5
, 108
, 66
, 47
, 58
, 55
, 60
, 53
, 47
, 66
, 33
, 80
, 53
, 60
, 95
, 18
, 54
, 59
, 32
, 81
, 34
, 79
, 3
, 110
, 106
, 7
, 83
, 30
, 19
, 94
, 35
, 78
, 49
, 64
, 94
, 19
, 40
, 73
, 34
, 79
, 55
, 58
, 33
, 80
, 11
, 102
, 106
, 7
, 58
, 55
, 108
, 5
, 82
, 31
, 30
, 83
, 58
, 55
, 17
, 96
, 90
, 23
, 47
, 66
, 1
, 112
, 59
, 54
, 54
, 59
, 84
, 29
, 36
, 77
, 12
, 101
, 85
, 28
, 71
, 42
, 33
, 80
, 1
, 112
, 32
, 81
, 34
, 79
, 39
, 74
, 54
, 59
, 30
, 83
, 100
, 13
, 57
, 56
, 54
, 59
, 65
, 48
, 27
, 86
, 91
, 22
, 82
, 31
, 24
, 89
, 34
, 79
, 30
, 83
, 8
, 105
, 58
, 55
, 57
, 56
, 13
, 100
, 43
, 70
, 42
, 71
, 9
, 104
, 78
, 35
, 7
, 106
, 73
, 40
, 89
, 24
, 45
, 68
, 103
, 10
, 36
, 77
, 56
, 57
, 71
, 42
, 61
, 52
, 81
, 32
, 92
, 21
, 84
, 29
, 101
, 12
, 35
, 78
, 23
, 90
, 36
, 77
, 79
, 34
, 45
, 68
, 30
, 83
, 2
, 111
, 80
, 33
, 43
, 70
, 104
, 9
, 62
, 51
, 12
, 101
, 28
, 85
, 2
, 111
, 34
, 79
, 65
, 48
, 93
, 20
, 18
, 95
, 40
, 73
, 27
, 86
, 64
, 49
, 102
, 11
, 44
, 69
, 22
, 91
, 35
, 78
, 110
, 3
, 69
, 44
, 56
, 57
, 37
, 76
, 78
, 35
, 6
, 107
, 95
, 18
