
55
, 30
, 53
, 32
, 51
, 80
, 3
, 32
, 51
, 67
, 16
, 51
, 32
, 62
, 21
, 11
, 72
, 46
, 37
, 23
, 60
, 23
, 60
, 72
, 11
, 34
, 49
, 36
, 47
, 39
, 44
, 66
, 17
, 9
, 74
, 15
, 68
, 9
, 74
, 22
, 61
, 33
, 50
, 20
, 63
, 15
, 68
, 32
, 51
, 50
, 33
, 19
, 64
, 44
, 39
, 57
, 26
, 38
, 45
, 12
, 71
, 66
, 17
, 81
, 2
, 55
, 28
, 41
, 42
, 17
, 66
, 6
, 77
, 3
, 80
, 19
, 64
, 71
, 12
, 78
, 5
, 46
, 37
, 35
, 48
, 23
, 60
, 80
, 3
, 25
, 58
, 43
, 40
, 13
, 70
, 60
, 23
, 39
, 44
, 38
, 45
, 35
, 48
, 60
, 23
, 77
, 6
, 26
, 57
, 22
, 61
