
560
, 229
, 48
, 36
, 241
, 163
, 114
, 260
, 17
, 111
, 166
, 214
, 63
, 150
, 127
, 1
, 276
, 31
, 246
, 219
, 58
, 114
, 163
, 9
, 268
, 230
, 47
, 40
, 237
, 99
, 178
, 251
, 26
, 168
, 109
, 78
, 199
, 148
, 129
, 225
, 52
, 118
, 159
, 48
, 229
, 64
, 213
, 142
, 135
, 221
, 56
, 139
, 138
, 26
, 251
, 109
, 168
, 62
, 215
, 224
, 53
, 39
, 238
, 143
, 134
, 198
, 79
, 35
, 242
, 259
, 18
, 219
, 58
, 246
, 31
, 31
, 246
, 205
, 72
, 164
, 113
, 35
, 242
, 49
, 228
, 71
, 206
, 157
, 120
, 42
, 235
, 198
, 79
, 135
, 142
, 98
, 179
, 230
, 47
, 242
, 35
, 4
, 273
, 110
, 167
, 110
, 167
, 260
, 17
, 18
, 259
, 41
, 236
, 153
, 124
, 42
, 235
, 42
, 235
, 39
, 238
, 113
, 164
, 218
, 59
, 154
, 123
, 46
, 231
, 247
, 30
, 20
, 257
, 268
, 9
, 75
, 202
, 137
, 140
, 229
, 48
, 156
, 121
, 5
, 272
, 171
, 106
, 169
, 108
, 160
, 117
, 122
, 155
, 172
, 105
, 125
, 152
, 33
, 244
, 162
, 115
, 243
, 34
, 5
, 272
, 188
, 89
, 119
, 158
, 238
, 39
, 26
, 251
, 232
, 45
, 56
, 221
, 42
, 235
, 19
, 258
, 76
, 201
, 37
, 240
, 193
, 84
, 112
, 165
, 50
, 227
, 146
, 131
, 182
, 95
, 18
, 259
, 255
, 22
, 189
, 88
, 176
, 101
, 168
, 109
, 150
, 127
, 78
, 199
, 144
, 133
, 30
, 247
, 21
, 256
, 202
, 75
, 122
, 155
, 3
, 274
, 139
, 138
, 21
, 256
, 114
, 163
, 59
, 218
, 144
, 133
, 197
, 80
, 221
, 56
, 247
, 30
, 56
, 221
, 38
, 239
, 29
, 248
, 217
, 60
, 222
, 55
, 56
, 221
, 105
, 172
, 174
, 103
, 212
, 65
, 51
, 226
, 183
, 94
, 263
, 14
, 19
, 258
, 49
, 228
, 164
, 113
, 266
, 11
, 83
, 194
, 56
, 221
, 242
, 35
, 203
, 74
, 156
, 121
, 80
, 197
, 71
, 206
, 149
, 128
, 80
, 197
, 34
, 243
, 119
, 158
, 117
, 160
, 146
, 131
, 150
, 127
, 19
, 258
, 195
, 82
, 259
, 18
, 96
, 181
, 119
, 158
, 238
, 39
, 138
, 139
, 42
, 235
, 125
, 152
, 231
, 46
, 257
, 20
, 185
, 92
, 152
, 125
, 240
, 37
, 230
, 47
, 175
, 102
, 7
, 270
, 193
, 84
, 98
, 179
, 193
, 84
, 47
, 230
, 134
, 143
, 235
, 42
, 77
, 200
, 9
, 268
, 207
, 70
, 217
, 60
, 120
, 157
, 236
, 41
, 220
, 57
, 211
, 66
, 215
, 62
, 127
, 150
, 54
, 223
, 67
, 210
, 205
, 72
, 249
, 28
, 191
, 86
, 265
, 12
, 269
, 8
, 55
, 222
, 46
, 231
, 44
, 233
, 40
, 237
, 26
, 251
, 73
, 204
, 235
, 42
, 97
, 180
, 106
, 171
, 56
, 221
, 168
, 109
, 74
, 203
, 51
, 226
, 244
, 33
, 146
, 131
, 215
, 62
, 121
, 156
, 237
, 40
, 4
, 273
, 5
, 272
, 47
, 230
, 97
, 180
, 177
, 100
, 103
, 174
, 188
, 89
, 133
, 144
, 69
, 208
, 57
, 220
, 239
, 38
, 12
, 265
, 158
, 119
, 228
, 49
, 140
, 137
, 210
, 67
, 174
, 103
, 121
, 156
, 12
, 265
, 217
, 60
, 253
, 24
, 7
, 270
, 96
, 181
, 180
, 97
, 225
, 52
, 140
, 137
, 67
, 210
, 251
, 26
, 189
, 88
, 113
, 164
, 190
, 87
, 206
, 71
, 176
, 101
, 255
, 22
, 116
, 161
, 76
, 201
, 209
, 68
, 218
, 59
, 76
, 201
, 65
, 212
, 50
, 227
, 249
, 28
, 241
, 36
, 203
, 74
, 3
, 274
, 195
, 82
, 54
, 223
, 11
, 266
, 112
, 165
, 73
, 204
, 16
, 261
, 266
, 11
, 88
, 189
, 5
, 272
, 95
, 182
, 8
, 269
, 158
, 119
, 133
, 144
, 263
, 14
, 112
, 165
, 65
, 212
, 129
, 148
, 49
, 228
, 232
, 45
, 218
, 59
, 36
, 241
, 85
, 192
, 214
, 63
, 98
, 179
, 115
, 162
, 212
, 65
, 273
, 4
, 196
, 81
, 219
, 58
, 250
, 27
, 170
, 107
, 93
, 184
, 147
, 130
, 9
, 268
, 24
, 253
, 214
, 63
, 19
, 258
, 97
, 180
, 39
, 238
, 255
, 22
, 56
, 221
, 149
, 128
, 5
, 272
, 275
, 2
, 273
, 4
, 208
, 69
, 105
, 172
, 70
, 207
, 11
, 266
, 187
, 90
, 67
, 210
, 47
, 230
, 199
, 78
, 214
, 63
, 174
, 103
, 251
, 26
, 47
, 230
, 3
, 274
, 79
, 198
, 36
, 241
, 129
, 148
, 217
, 60
, 171
, 106
, 158
, 119
, 250
, 27
, 220
, 57
, 36
, 241
, 249
, 28
, 34
, 243
, 149
, 128
, 242
, 35
, 154
, 123
, 263
, 14
, 246
, 31
, 188
, 89
, 56
, 221
, 229
, 48
, 238
, 39
, 249
, 28
, 66
, 211
, 94
, 183
, 236
, 41
, 123
, 154
, 100
, 177
, 144
, 133
, 83
, 194
, 272
, 5
, 107
, 170
, 136
, 141
, 130
, 147
, 122
, 155
, 117
, 160
, 139
, 138
, 103
, 174
, 24
, 253
, 126
, 151
, 101
, 176
, 192
, 85
, 260
, 17
, 81
, 196
, 58
, 219
, 231
, 46
, 1
, 276
, 177
, 100
, 226
, 51
, 252
, 25
, 28
, 249
, 181
, 96
, 275
, 2
, 107
, 170
, 238
, 39
, 230
, 47
, 126
, 151
, 104
, 173
, 227
, 50
, 238
, 39
, 235
, 42
, 247
, 30
, 35
, 242
, 194
, 83
, 189
, 88
, 62
, 215
, 59
, 218
, 191
, 86
, 231
, 46
, 248
, 29
, 223
, 54
, 102
, 175
, 9
, 268
, 80
, 197
, 72
, 205
, 102
, 175
, 176
, 101
, 175
, 102
, 101
, 176
, 58
, 219
, 111
, 166
, 236
, 41
, 169
, 108
, 41
, 236
, 225
, 52
, 242
, 35
, 203
, 74
, 21
, 256
, 269
, 8
, 231
, 46
, 226
, 51
, 52
, 225
, 190
, 87
, 232
, 45
, 114
, 163
, 251
, 26
, 131
, 146
, 184
, 93
, 162
, 115
, 103
, 174
, 239
, 38
, 60
, 217
, 20
, 257
, 124
, 153
, 78
, 199
, 270
, 7
, 189
, 88
, 240
, 37
, 231
, 46
, 21
, 256
, 78
, 199
, 107
, 170
, 174
, 103
, 272
, 5
, 6
, 271
, 168
, 109
, 183
, 94
, 73
, 204
, 207
, 70
, 273
, 4
, 193
, 84
, 262
, 15
, 73
, 204
, 2
, 275
, 9
, 268
, 125
, 152
, 68
, 209
, 273
, 4
, 102
, 175
, 43
, 234
, 27
, 250
, 256
, 21
, 14
, 263
, 101
, 176
, 114
, 163
, 73
, 204
, 47
, 230
, 9
, 268
, 38
, 239
, 213
, 64
, 170
, 107
, 186
, 91
, 209
, 68
, 45
, 232
, 98
, 179
, 243
, 34
, 52
, 225
, 23
, 254
, 96
, 181
, 140
, 137
, 61
, 216
, 33
, 244
, 44
, 233
, 143
, 134
, 64
, 213
, 80
, 197
, 120
, 157
, 177
, 100
, 21
, 256
, 41
, 236
, 172
, 105
, 95
, 182
, 8
, 269
, 87
, 190
, 232
, 45
, 217
, 60
, 104
, 173
, 197
, 80
, 141
, 136
, 14
, 263
, 238
, 39
, 34
, 243
, 147
, 130
, 84
, 193
, 22
, 255
, 25
, 252
, 248
, 29
, 222
, 55
, 111
, 166
, 148
, 129
, 218
, 59
, 154
, 123
, 175
, 102
, 255
, 22
, 265
, 12
, 118
, 159
, 212
, 65
, 168
, 109
, 73
, 204
, 188
, 89
, 113
, 164
, 111
, 166
, 87
, 190
, 79
, 198
, 263
, 14
, 154
, 123
, 161
, 116
, 122
, 155
, 132
, 145
, 66
, 211
, 131
, 146
, 231
, 46
, 85
, 192
, 30
, 247
, 95
, 182
, 64
, 213
, 180
, 97
, 230
, 47
, 218
, 59
, 110
, 167
, 113
, 164
, 9
, 268
, 47
, 230
, 223
, 54
, 208
, 69
, 65
, 212
, 195
, 82
, 88
, 189
, 158
, 119
, 251
, 26
, 123
, 154
, 250
, 27
, 76
, 201
, 60
, 217
, 7
, 270
, 257
, 20
, 188
, 89
, 106
, 171
, 83
, 194
, 26
, 251
, 231
, 46
, 215
, 62
, 259
, 18
, 249
, 28
, 126
, 151
, 109
, 168
, 186
, 91
, 239
, 38
, 65
, 212
, 235
, 42
, 58
, 219
, 229
, 48
, 93
, 184
, 229
, 48
, 7
, 270
, 157
, 120
, 122
, 155
, 19
, 258
, 204
, 73
, 16
, 261
, 33
, 244
, 269
, 8
, 23
, 254
