
11222
942
227
625
808
839
139
134
185
705
622
641
291
745
210
740
910
366
701
583
706
510
721
788
261
762
323
290
784
177
606
308
917
983
967
453
131
132
810
188
435
723
863
592
514
112
617
640
948
669
497
322
417
541
151
634
358
360
582
571
730
252
535
433
405
246
427
850
387
893
327
555
687
966
800
552
706
783
610
538
887
224
294
945
289
224
499
471
214
198
697
387
767
148
858
835
787
910
136
542
833
242
132
190
812
591
883
222
907
697
926
392
600
247
180
993
705
217
264
552
276
138
495
277
959
142
479
130
814
965
274
764
437
290
216
883
211
349
333
171
614
160
412
481
420
633
856
607
963
437
712
156
351
453
690
899
215
943
206
877
270
948
409
236
695
878
746
436
858
810
421
454
486
272
406
475
169
801
797
650
905
431
607
975
930
944
601
660
409
694
664
907
460
988
243
307
159
382
430
742
829
136
605
707
884
510
245
297
328
138
577
640
764
125
261
629
890
639
638
214
840
962
815
754
553
771
768
575
132
777
147
266
755
891
299
441
944
479
507
195
795
783
182
850
341
288
607
994
439
938
488
171
687
331
126
629
286
539
490
860
260
278
204
811
984
226
530
569
434
174
991
924
742
633
422
796
871
993
984
138
834
744
565
698
870
136
272
176
121
576
694
271
172
755
176
586
685
568
896
987
830
575
210
841
569
128
581
220
574
114
496
460
957
379
372
377
678
100
160
214
132
557
845
336
967
446
333
619
211
543
821
812
516
817
636
942
554
170
225
917
276
743
915
435
814
359
145
660
869
585
487
564
413
537
372
208
561
986
538
908
534
534
201
687
728
581
808
177
996
326
634
852
996
542
970
156
623
407
959
378
872
157
916
643
558
884
460
172
700
675
146
830
541
754
104
542
528
365
921
194
584
651
292
334
280
643
978
228
447
632
435
406
718
144
189
768
829
113
364
906
165
678
737
111
909
307
374
958
699
100
760
311
324
834
971
956
209
804
946
460
724
703
553
781
785
833
685
474
308
505
902
871
331
225
460
539
382
544
142
913
282
528
648
882
620
647
155
333
978
143
472
481
294
727
889
487
310
860
531
689
508
168
685
432
679
853
316
601
603
586
343
218
311
900
884
494
772
505
400
856
103
585
961
139
377
286
118
304
190
366
405
993
267
912
604
112
715
200
343
288
632
284
240
192
972
866
681
350
733
661
281
260
783
622
353
223
468
898
625
233
698
613
353
498
766
208
190
209
576
979
496
546
864
319
717
728
933
862
403
764
106
735
645
120
849
297
253
692
212
224
144
453
857
514
321
953
523
100
458
711
804
456
398
895
682
374
491
253
996
494
502
753
510
338
845
963
185
961
828
112
449
119
658
132
589
516
588
531
547
413
292
286
944
660
804
488
472
418
884
841
498
688
435
196
132
261
344
662
935
811
963
736
923
335
577
356
365
574
468
182
757
415
211
746
751
680
948
560
500
551
476
901
595
535
892
971
210
369
401
273
150
883
403
485
419
605
898
341
642
603
888
311
998
323
942
423
555
463
419
797
850
361
585
483
667
318
743
988
125
469
395
711
807
807
258
741
256
875
234
434
396
352
725
948
446
828
351
823
140
398
310
302
266
195
186
482
474
865
452
335
943
727
619
548
466
766
438
528
965
488
558
734
179
200
307
371
389
623
657
768
317
516
190
719
671
586
325
371
691
523
484
831
338
437
787
130
899
305
941
818
397
772
415
695
396
889
227
565
630
522
674
369
533
197
577
704
774
593
497
856
422
575
691
863
865
786
713
632
880
289
830
524
487
610
538
936
897
189
679
704
492
229
364
374
456
448
606
629
277
668
108
257
486
218
242
550
475
917
196
685
208
540
264
658
609
663
565
919
768
448
641
476
710
961
835
985
805
285
322
633
845
571
121
841
181
661
240
345
215
593
451
463
956
827
382
685
960
721
698
427
596
496
861
790
486
384
480
130
243
438
190
485
935
483
747
429
105
655
286
965
830
354
1000
338
153
368
974
297
696
896
126
852
413
205
308
531
178
795
119
858
999
286
812
416
229
370
919
280
182
282
652
914
946
997
321
623
121
144
954
254
492
652
666
269
306
735
141
138
688
806
632
149
772
793
152
552
370
996
285
453
563
701
515
194
489
670
185
751
780
646
318
715
635
379
596
311
388
357
517
719
519
693
645
829
670
435
970
516
132
977
960
639
743
192
323
865
642
348
118
681
785
671
673
185
955
213
905
557
439
530
469
694
705
821
322
398
380
842
740
632
885
164
941
624
268
904
884
757
195
659
652
682
773
401
459
553
380
611
657
408
230
650
667
509
268
928
486
568
203
538
777
389
640
442
102
920
337
535
350
643
701
397
337
716
325
320
674
163
798
953
545
307
364
909
715
172
399
200
149
757
995
712
416
995
864
536
790
835
712
712
462
387
621
185
451
366
199
621
542
327
383
952
959
991
207
330
221
610
162
888
624
262
312
687
329
958
244
323
457
958
225
494
349
425
496
787
721
301
715
330
653
700
466
288
944
381
408
107
392
402
375
419
473
459
560
548
964
541
439
335
345
309
849
361
264
753
904
965
816
728
487
166
119
369
566
428
524
446
211
146
883
872
274
812
926
242
611
230
689
186
731
409
138
518
329
643
704
975
381
742
275
134
825
954
231
132
507
723
417
780
741
756
967
130
822
246
382
570
645
517
681
784
225
333
374
184
842
451
485
166
538
423
124
206
288
529
396
402
239
791
892
830
675
240
780
115
604
109
496
627
447
389
389
336
751
523
941
689
575
402
388
667
110
907
709
791
537
451
683
966
470
404
257
220
917
291
764
791
452
933
187
425
500
268
236
273
228
593
241
357
737
529
751
231
919
327
935
154
603
104
372
347
868
819
310
992
808
736
917
171
630
818
960
582
539
935
890
316
436
481
703
610
716
288
929
721
543
440
789
111
841
232
787
351
908
272
355
509
857
594
416
325
771
400
329
592
423
813
726
426
852
107
807
564
201
823
775
386
699
704
283
864
825
581
433
913
900
941
361
703
262
995
860
728
902
316
906
237
870
764
951
856
152
840
882
222
990
955
584
791
624
537
481
514
709
852
527
478
648
965
799
464
261
287
255
976
781
936
244
692
602
215
889
917
979
938
148
301
867
386
378
975
751
756
626
767
934
976
816
867
903
656
157
790
530
154
683
708
692
830
247
121
462
158
198
912
100
119
164
531
908
246
659
102
723
570
107
550
426
736
372
561
106
873
219
533
973
267
442
559
466
987
302
197
523
115
591
521
416
521
136
150
684
344
543
412
903
973
328
974
318
811
973
804
285
946
596
288
774
905
484
108
412
320
540
810
385
278
705
238
429
331
646
786
630
437
442
580
513
631
193
935
126
728
865
185
454
609
897
375
156
283
257
748
518
329
693
677
726
961
778
453
133
836
934
725
523
288
366
439
801
184
524
508
517
161
645
748
249
528
984
392
880
335
400
896
601
287
941
950
131
307
699
982
983
284
240
537
984
698
695
610
364
175
663
840
130
561
839
751
534
502
352
624
533
839
269
970
879
745
289
579
550
405
214
341
743
820
340
669
496
253
144
355
798
329
889
283
386
318
869
602
296
512
851
750
197
148
301
870
239
386
334
898
762
260
955
428
724
474
839
546
498
737
854
303
715
771
714
170
485
775
948
348
951
748
326
584
317
768
362
233
403
813
737
964
469
562
224
836
247
340
153
636
496
260
204
915
248
559
437
171
864
769
779
886
824
734
749
138
603
388
764
757
217
205
599
270
866
253
981
890
258
382
522
659
118
273
263
322
569
683
999
535
549
160
813
941
767
668
695
653
520
714
290
146
626
796
582
211
796
602
199
235
154
491
643
242
535
525
977
915
805
755
431
505
603
155
385
789
548
997
778
251
805
185
598
397
319
646
279
713
932
427
545
810
920
967
109
960
188
983
462
778
727
619
397
434
840
654
962
805
648
147
699
281
625
877
746
719
203
584
437
189
815
423
604
828
884
772
152
728
364
551
885
290
990
826
722
201
703
144
520
537
614
560
465
341
229
968
526
796
879
215
306
613
819
176
608
302
215
216
805
376
452
788
901
849
140
831
482
934
778
312
827
228
224
777
655
190
269
596
581
103
575
212
639
787
775
650
686
874
256
474
343
832
129
223
783
768
448
572
209
547
540
531
442
619
285
303
445
920
379
988
192
482
174
625
484
225
171
459
556
547
350
662
746
832
840
837
393
944
314
700
236
551
752
847
620
570
764
408
360
240
866
378
662
179
825
475
820
902
765
858
656
282
175
983
268
530
779
903
740
864
243
521
736
585
166
627
842
268
252
511
838
898
725
821
771
896
722
737
354
487
807
645
533
878
563
290
178
708
758
979
820
149
713
924
832
171
969
136
782
706
611
400
627
546
310
417
211
580
392
950
574
310
910
768
866
152
558
285
366
581
996
329
896
629
469
499
534
616
639
517
776
538
267
672
350
971
912
696
981
462
717
950
818
693
836
260
100
198
352
834
369
760
363
256
396
296
434
890
629
345
138
392
465
171
106
993
843
108
130
550
368
743
187
728
549
292
471
699
222
282
651
460
834
148
675
508
185
890
568
464
722
100
937
538
923
176
204
957
932
200
827
411
446
788
970
144
959
311
244
116
518
176
561
780
658
206
584
497
843
756
550
685
669
749
823
868
647
349
892
780
872
814
302
106
109
259
577
326
823
562
932
123
435
622
652
659
981
863
417
830
198
880
513
918
901
519
226
688
950
720
156
392
962
440
881
147
165
102
479
426
999
150
802
675
796
604
850
417
516
419
243
534
322
733
487
462
357
134
753
408
118
512
983
964
893
677
845
779
446
418
723
834
829
486
903
189
817
888
470
332
262
262
870
724
275
643
257
598
783
959
410
107
184
382
437
321
513
388
512
183
254
591
909
194
132
715
510
893
998
553
885
374
413
890
312
253
115
166
759
519
388
165
913
299
510
351
806
860
147
611
122
795
317
348
208
230
256
295
765
672
982
901
633
1000
225
547
140
412
294
461
686
926
967
642
562
249
942
498
508
421
417
310
191
598
857
757
443
590
461
246
220
707
392
750
157
556
912
753
642
764
176
649
122
634
209
363
382
699
337
741
271
461
668
991
677
759
257
164
566
625
413
561
855
496
715
728
186
206
918
635
987
144
644
440
195
815
336
695
384
691
111
824
668
876
652
279
594
483
194
588
637
705
813
815
676
690
944
547
251
387
614
952
926
459
711
325
109
839
279
945
694
216
919
386
943
951
270
958
548
575
829
326
313
166
821
102
563
980
963
259
890
526
434
245
374
462
820
811
625
358
531
301
120
173
666
215
417
971
921
595
601
362
214
869
448
704
314
286
414
711
141
515
563
555
105
936
658
326
462
674
376
928
773
349
225
574
402
685
406
290
742
997
357
333
440
558
910
388
696
655
427
479
292
406
820
383
977
707
714
358
557
520
188
327
852
629
374
427
337
569
902
122
407
246
851
837
664
950
808
764
529
987
770
318
632
993
184
544
803
737
364
619
637
144
889
847
254
887
103
917
390
675
661
805
225
790
548
103
913
609
715
917
886
448
935
167
306
130
616
340
710
997
281
241
810
219
124
358
484
136
242
840
194
884
895
672
578
288
158
974
771
773
808
763
793
243
103
756
527
313
229
150
806
898
591
673
577
241
385
629
839
196
504
923
264
581
168
811
140
694
447
445
445
467
737
572
672
221
400
883
793
404
875
505
787
457
607
208
459
986
188
662
114
534
395
426
142
671
458
647
784
221
934
288
154
545
812
533
445
760
591
743
421
465
440
798
316
357
595
973
280
732
830
604
829
231
864
182
665
731
433
562
783
625
995
561
212
897
287
974
764
812
669
718
365
174
652
850
145
344
432
561
366
821
188
106
574
628
690
706
417
209
384
848
973
214
630
870
194
695
976
691
258
400
423
550
996
896
286
965
789
746
154
317
407
625
206
448
807
511
915
196
726
306
152
868
245
738
850
289
979
787
825
280
410
441
201
712
843
266
108
209
720
586
393
473
759
664
555
446
157
912
949
410
539
128
210
937
436
576
153
685
736
282
256
538
859
364
154
901
923
615
882
452
830
615
871
225
133
533
876
971
263
881
442
682
864
519
522
721
737
538
488
931
581
303
828
148
720
514
826
419
290
501
924
714
878
674
400
171
441
557
900
673
301
866
774
400
386
914
877
225
378
621
425
225
445
243
671
828
992
387
738
309
934
378
545
569
193
170
724
493
106
843
854
752
509
906
893
748
822
980
161
255
617
461
377
911
947
217
714
173
877
441
481
526
684
759
655
716
207
980
487
562
957
435
215
229
616
727
989
981
967
597
764
168
915
108
293
721
991
525
147
988
564
724
816
738
994
665
564
943
678
392
979
743
184
607
361
354
383
684
681
374
155
189
235
677
911
613
355
850
946
193
169
673
970
883
166
577
259
995
434
509
645
623
179
384
580
365
139
736
583
511
591
222
634
405
339
153
151
155
956
144
916
305
404
822
113
920
519
239
482
458
989
138
944
990
419
122
952
532
267
197
589
330
644
859
756
782
165
755
927
201
424
811
666
715
956
182
122
550
430
689
443
172
765
936
669
873
112
354
981
359
808
801
768
338
855
295
876
958
852
977
866
477
486
307
143
773
277
816
802
120
354
355
384
172
688
381
811
518
270
259
698
766
814
682
160
500
373
751
659
814
212
423
896
292
669
667
977
899
840
109
709
274
915
723
160
527
669
513
804
787
942
540
447
574
565
716
717
955
542
701
597
683
206
897
1000
315
594
416
285
379
640
158
111
842
646
978
510
335
759
140
117
666
829
725
612
785
620
623
796
545
762
425
634
923
304
234
733
347
500
998
435
490
930
208
960
352
569
307
564
783
474
384
903
668
623
730
686
381
668
950
178
267
114
295
636
695
514
274
743
825
905
403
553
970
551
786
573
916
648
859
731
972
867
373
885
594
501
233
589
844
126
395
240
328
180
234
328
668
772
160
240
104
243
133
823
340
659
773
926
556
145
678
157
469
615
463
187
254
130
988
347
901
885
734
970
396
296
799
636
327
401
437
308
176
868
982
896
149
382
106
984
512
169
174
244
654
969
220
729
617
179
543
179
849
236
194
249
920
828
662
167
519
760
938
173
785
263
702
625
996
100
513
943
553
689
187
622
494
942
729
145
430
612
733
426
874
337
414
649
917
308
473
996
532
577
344
384
598
277
326
760
115
675
786
827
456
579
268
783
745
648
557
277
724
528
140
575
610
555
619
579
194
604
736
655
817
123
666
217
821
566
200
453
592
441
181
837
892
812
838
173
605
880
250
573
571
957
610
711
880
900
944
640
270
247
654
173
382
118
860
351
308
357
593
936
306
546
291
612
354
711
815
649
332
538
123
199
463
933
925
220
989
692
280
680
511
909
867
189
825
878
344
708
150
483
832
822
126
584
970
957
715
310
796
728
974
305
850
298
738
428
909
257
998
212
294
292
343
175
507
603
962
605
302
347
658
930
672
708
481
809
773
585
675
718
619
322
303
708
630
684
897
848
142
383
665
601
935
397
699
880
966
488
929
302
868
288
854
379
648
241
655
917
421
970
314
617
735
515
861
613
265
217
451
797
900
104
136
569
701
448
491
565
564
608
325
529
712
203
872
571
945
515
828
249
418
261
790
403
321
588
777
566
294
530
507
895
556
514
141
537
826
569
455
466
974
965
586
283
995
907
980
804
954
271
708
723
881
830
805
721
637
943
396
846
817
507
568
413
653
609
447
364
487
549
987
438
695
411
426
921
950
138
589
385
167
934
876
198
929
351
894
179
908
210
492
634
205
518
114
172
315
945
306
825
649
379
381
499
717
309
437
436
310
609
248
148
783
615
693
188
208
315
539
358
755
665
748
184
412
280
623
700
398
943
944
375
345
110
395
119
712
378
182
402
723
896
811
669
595
251
143
188
134
506
301
674
259
999
383
881
411
598
569
936
985
774
974
737
485
546
793
456
913
867
313
312
811
694
439
141
972
165
741
628
209
648
897
115
157
674
592
614
217
314
262
232
739
841
421
256
283
497
813
648
226
732
584
514
671
980
637
332
359
273
948
255
393
943
399
836
237
736
507
991
586
825
443
504
944
169
254
730
102
830
872
226
952
815
481
452
694
525
508
176
793
704
763
847
670
533
384
272
929
411
833
946
654
546
694
856
107
490
649
490
428
204
121
315
926
284
822
764
668
924
622
860
589
434
782
578
565
381
666
319
284
257
234
353
575
585
723
498
304
409
187
324
982
215
238
109
242
210
481
892
163
575
313
470
582
992
484
514
601
211
604
508
843
417
517
309
449
254
833
210
430
505
911
565
486
105
716
258
265
146
276
446
162
203
650
627
950
811
852
670
288
974
973
856
508
156
464
963
420
802
482
651
402
683
736
972
790
291
793
360
309
260
253
736
593
417
202
573
791
310
425
592
231
603
190
996
915
897
614
682
633
575
186
436
524
816
900
683
459
537
955
883
972
244
609
586
231
233
698
181
464
326
428
615
830
524
894
203
777
834
646
403
780
934
709
534
729
135
873
951
732
702
963
508
325
691
113
384
797
268
765
600
177
567
894
689
386
631
982
234
714
772
135
744
598
353
207
797
756
978
672
366
799
185
409
972
220
552
472
709
150
664
903
962
580
282
465
443
543
841
891
806
592
702
274
453
861
745
673
620
965
306
820
962
746
848
933
500
514
786
583
199
254
570
997
146
388
352
196
298
784
591
109
448
235
849
243
152
988
342
443
642
692
978
499
510
716
280
694
323
889
282
787
966
706
520
506
216
849
305
780
223
975
993
242
997
348
876
385
990
768
940
511
283
198
879
387
369
652
367
534
486
467
126
187
878
492
873
946
544
988
963
361
641
930
461
787
190
328
460
493
963
884
684
467
392
409
915
450
932
240
559
277
173
437
623
526
407
335
264
538
683
413
548
802
646
402
915
409
733
252
622
743
935
325
629
756
741
648
664
487
817
146
411
989
835
438
284
500
560
180
721
961
261
760
706
959
160
816
392
349
766
896
309
449
667
381
627
555
323
248
626
982
672
268
590
214
885
921
291
441
258
870
939
994
529
788
683
415
540
494
382
723
397
823
135
844
421
900
447
848
823
265
508
174
653
176
743
585
226
485
800
213
984
740
969
669
442
270
717
189
169
407
643
565
200
269
205
958
462
666
854
282
265
484
212
931
988
747
850
514
787
325
777
685
810
614
606
683
334
164
422
204
716
914
731
151
585
715
493
573
279
898
558
151
677
638
618
752
354
703
426
953
313
839
206
441
223
496
515
404
160
399
162
613
910
805
939
995
325
251
765
610
469
196
211
984
662
929
402
644
626
788
792
322
925
552
776
749
647
837
828
999
121
479
242
575
811
737
919
311
976
372
332
875
389
848
826
704
665
758
990
276
807
790
263
470
812
483
378
763
735
843
673
694
363
865
840
311
372
908
123
604
726
491
530
604
221
110
169
974
483
631
673
694
608
497
976
476
281
866
221
678
563
705
652
658
103
354
249
976
773
653
245
982
425
926
160
905
408
936
733
422
120
528
746
598
464
140
129
407
124
805
635
690
392
472
476
641
876
171
368
114
483
160
276
940
928
887
686
500
943
518
240
550
610
275
501
248
491
504
950
667
960
944
227
169
277
602
809
408
730
410
907
319
662
993
465
337
353
404
901
916
967
712
676
784
487
461
688
513
677
493
783
969
217
548
609
935
742
282
499
758
946
943
317
885
902
182
706
125
836
116
679
969
991
349
492
336
825
611
997
266
646
874
728
303
224
645
693
850
783
767
758
156
785
423
588
853
472
533
385
730
423
449
765
510
147
842
278
785
498
287
114
288
565
836
767
997
911
201
294
727
201
571
563
723
362
359
300
540
858
793
474
249
996
433
975
142
943
937
484
321
896
146
364
674
936
710
115
467
580
962
761
215
385
172
216
933
931
229
597
549
209
560
557
881
564
847
579
678
217
833
655
355
106
991
287
289
884
366
379
161
771
397
197
268
705
494
792
893
505
455
272
105
742
825
769
786
878
346
465
615
955
191
935
658
453
601
258
705
916
601
341
329
905
566
693
924
577
670
304
440
415
727
611
574
657
796
788
287
971
720
240
703
448
311
336
902
790
570
548
378
895
902
458
316
725
662
370
706
350
295
964
973
413
771
115
600
510
430
823
734
989
770
601
454
652
116
211
633
739
543
413
422
344
990
434
907
225
366
375
139
481
309
320
504
495
159
805
789
990
591
971
304
452
930
808
785
432
705
148
910
713
696
548
239
745
233
923
398
729
727
267
432
557
520
208
554
275
743
944
167
958
558
301
394
759
144
675
513
791
728
644
665
911
677
396
775
629
935
367
650
540
551
890
703
314
381
712
474
146
383
127
511
679
731
968
224
817
510
882
830
759
816
679
213
997
386
778
538
706
113
555
674
707
134
993
865
996
221
552
152
103
479
852
461
541
250
391
407
642
101
614
587
464
553
274
767
506
965
848
799
680
304
810
813
975
181
357
987
452
245
715
432
297
868
373
184
689
661
836
304
326
890
402
221
255
788
633
627
758
762
779
519
539
655
234
346
315
221
675
539
360
164
419
128
418
311
421
971
155
498
654
297
253
217
950
723
764
752
474
331
386
751
645
757
571
382
502
590
366
713
411
505
569
787
907
663
642
879
425
632
957
934
884
481
214
943
293
500
403
358
263
707
928
706
968
868
532
752
688
145
255
543
904
757
191
779
869
764
520
573
187
536
744
426
891
279
689
474
999
251
175
738
992
944
353
868
806
707
552
678
298
701
724
465
227
507
715
759
110
940
767
854
274
440
623
839
935
655
721
565
382
852
917
700
517
296
506
151
214
805
676
459
308
921
889
252
667
998
743
990
802
870
273
861
681
469
225
343
943
195
887
392
157
109
595
993
304
160
694
990
496
183
461
393
399
344
331
767
844
710
168
322
251
592
968
121
816
680
207
756
459
185
412
959
944
670
271
514
290
727
154
465
596
729
877
497
121
121
813
594
880
213
495
195
166
903
169
106
171
665
267
578
413
750
964
871
301
784
818
482
310
889
322
291
966
233
414
766
503
829
417
625
873
761
613
628
102
604
478
563
710
794
346
692
538
161
971
857
418
442
350
926
895
589
894
602
290
775
260
818
743
971
415
277
782
673
295
183
464
497
513
438
751
259
665
891
347
714
550
505
376
988
328
131
425
691
256
303
100
352
941
171
895
492
770
334
499
962
941
188
731
182
509
946
890
881
763
522
242
853
102
464
974
190
866
528
186
276
582
652
435
995
260
101
962
630
799
304
461
360
602
598
144
341
942
590
477
713
603
765
128
897
797
584
757
840
784
233
170
826
308
431
419
702
555
621
912
379
287
893
312
382
522
712
136
899
963
130
231
518
395
829
529
568
594
395
362
209
894
994
340
687
882
427
537
361
409
428
769
244
248
798
775
465
237
317
150
672
773
511
346
903
745
422
230
302
697
928
722
334
510
969
152
754
623
614
144
456
883
214
736
411
786
281
128
162
563
535
225
178
510
839
234
300
847
195
530
564
444
244
564
851
752
146
752
145
796
845
455
413
578
165
288
189
712
227
383
145
527
386
118
575
238
536
628
990
604
332
345
339
941
925
836
804
613
106
953
494
287
613
366
811
635
464
630
229
701
706
244
752
209
856
791
341
467
919
556
810
657
881
922
450
818
178
971
409
559
794
773
847
114
659
735
638
103
500
704
674
839
425
713
841
128
766
267
635
885
228
844
776
763
148
689
161
807
180
537
185
438
501
426
314
350
767
641
525
772
727
790
900
534
285
857
106
302
468
754
597
850
197
425
203
427
145
714
875
394
279
404
229
245
441
216
909
123
407
792
687
314
482
241
641
634
259
484
100
737
878
853
401
423
339
308
763
860
440
686
696
737
153
656
296
359
522
712
231
643
211
451
336
879
241
478
509
848
997
464
649
136
201
676
111
461
739
898
559
470
123
392
747
597
426
727
704
377
186
488
182
110
463
742
217
949
717
764
404
318
388
242
713
689
901
828
587
449
667
462
388
937
870
560
450
498
870
325
890
698
691
839
297
827
361
896
761
373
322
321
607
352
765
849
722
840
344
130
511
797
705
828
567
158
526
155
903
738
104
383
418
510
254
315
257
882
145
963
788
638
473
941
866
403
378
173
733
406
367
739
927
199
984
210
170
414
933
294
322
139
311
901
288
939
190
296
184
305
172
521
390
485
893
137
469
557
358
501
346
505
533
190
243
844
801
712
319
755
911
696
787
404
207
919
523
859
779
615
823
963
245
717
112
559
213
304
996
838
762
431
130
910
341
980
985
174
170
354
847
605
664
747
595
112
589
864
349
190
773
763
285
745
398
218
348
772
753
313
398
645
895
849
138
771
530
246
133
492
317
779
637
364
778
153
806
697
976
526
755
265
433
593
910
461
335
626
790
824
186
881
759
861
145
419
650
708
510
659
734
757
326
368
327
477
697
732
307
795
918
558
466
399
406
994
870
663
666
566
772
632
429
215
155
734
666
829
330
527
737
711
469
128
208
329
257
346
891
756
106
354
547
338
160
883
850
867
156
370
504
938
454
288
623
846
447
967
723
897
874
250
442
956
219
148
574
644
342
984
390
778
657
504
477
190
395
321
923
597
399
918
925
435
502
830
479
690
584
611
560
500
506
345
347
925
861
384
392
309
734
584
462
621
621
972
904
273
613
494
637
971
601
899
380
510
320
759
480
892
540
142
558
402
755
150
969
235
826
955
707
366
529
768
427
582
168
344
453
332
260
203
951
986
411
371
491
715
330
192
535
329
115
121
232
991
128
935
628
720
537
191
113
801
435
733
109
344
364
788
803
274
152
439
218
516
709
274
788
348
674
370
249
973
350
684
323
550
234
635
272
188
547
804
618
134
700
193
157
160
591
645
352
718
454
271
860
896
312
678
844
524
231
385
288
901
556
988
741
674
605
481
855
806
686
670
626
555
655
285
291
448
237
576
228
301
235
335
238
500
694
156
648
702
575
747
512
993
613
132
373
653
127
803
713
159
719
400
229
593
608
691
544
508
280
839
412
631
309
823
628
148
260
590
889
629
250
934
420
633
633
954
954
372
290
766
707
117
211
566
206
602
499
347
960
653
323
786
387
353
249
387
895
606
508
276
198
199
730
973
992
490
576
577
608
739
520
569
442
558
813
611
385
950
752
736
341
915
183
530
593
935
417
447
987
450
543
856
499
975
358
982
991
692
226
268
947
398
617
858
770
979
317
792
432
884
281
566
241
211
459
319
302
525
321
878
657
132
109
965
128
525
418
296
204
462
857
889
180
110
474
504
779
254
282
211
218
568
258
831
636
399
608
530
253
527
382
958
429
912
313
294
920
166
246
971
117
590
340
907
568
645
692
414
810
252
203
145
852
296
769
515
392
570
885
191
738
520
360
715
403
330
904
209
748
280
719
321
768
108
229
992
612
195
499
122
177
210
288
332
745
609
194
269
698
518
603
238
112
297
296
304
726
328
323
371
427
851
432
589
753
176
308
219
245
573
838
262
468
409
196
826
873
834
311
200
650
941
148
471
117
948
893
118
881
414
658
422
130
971
447
918
495
119
769
152
905
999
758
941
180
363
584
205
640
960
941
576
262
464
345
685
118
220
675
478
579
237
530
618
566
298
357
743
584
469
950
599
677
110
437
180
882
207
133
660
657
220
196
252
181
924
703
510
828
263
769
426
524
495
420
523
281
853
369
563
725
942
326
982
314
195
848
951
858
894
866
584
379
383
233
596
138
158
400
380
949
604
560
869
752
595
492
769
204
878
569
140
124
216
748
978
442
785
437
482
730
201
657
130
534
609
997
462
630
900
319
413
148
677
774
310
346
238
414
116
303
634
471
710
754
894
637
208
856
954
931
252
916
888
474
514
564
589
712
489
662
945
253
724
727
581
661
402
455
241
809
798
118
786
255
697
971
258
981
125
587
444
574
473
693
393
360
247
863
456
922
245
470
286
267
320
216
124
672
245
578
620
685
824
561
443
665
414
917
759
799
246
342
454
777
237
345
287
652
196
908
692
944
934
844
781
387
790
206
391
456
989
507
197
275
522
478
740
336
512
926
189
696
382
320
609
637
227
258
822
614
457
131
726
826
620
999
360
844
419
339
723
215
593
306
594
831
164
757
837
901
562
605
589
579
425
152
227
336
807
461
460
825
303
572
958
828
731
956
124
578
326
231
893
651
944
365
854
166
929
557
364
768
441
603
720
592
438
381
538
227
792
137
834
947
411
954
130
872
631
343
161
531
914
150
720
423
586
339
767
657
241
299
312
650
130
276
265
275
640
605
848
639
811
241
854
253
963
810
113
572
851
919
794
532
962
773
351
819
200
831
750
459
150
953
211
943
911
581
401
697
115
896
677
816
993
299
750
721
365
154
868
427
970
419
307
847
397
732
793
361
609
928
482
745
430
758
890
550
100
384
133
596
788
304
463
440
235
227
819
229
682
868
925
260
919
210
223
769
345
945
433
850
404
190
539
177
643
289
728
681
156
413
365
917
268
930
508
614
310
575
779
993
699
733
776
193
970
781
295
891
144
763
820
380
809
613
847
642
669
246
238
193
750
660
540
730
107
452
803
890
225
733
207
748
757
389
810
526
854
788
366
309
919
489
558
845
275
953
633
256
709
655
188
262
209
398
805
671
277
459
129
148
261
836
470
564
304
523
633
691
671
321
511
470
345
509
291
369
961
502
509
248
201
167
196
592
901
906
709
710
651
284
897
305
362
671
154
894
345
172
153
554
919
766
197
276
927
281
717
772
830
557
532
719
863
246
138
523
939
843
687
818
595
214
946
963
766
153
418
432
220
530
965
979
546
588
861
195
179
558
768
874
747
784
926
118
410
842
933
458
358
293
987
274
182
184
696
489
365
454
118
599
527
778
318
624
637
553
883
737
238
281
821
722
699
370
720
160
257
296
480
588
755
716
600
448
209
954
530
842
826
971
330
101
868
160
659
728
575
852
914
279
851
147
532
506
150
941
784
930
681
656
197
594
771
118
937
844
896
743
715
303
939
207
587
568
231
966
599
227
891
680
733
952
912
133
588
484
125
906
670
784
284
675
610
337
126
180
744
860
736
677
695
451
344
550
362
724
270
179
138
259
590
925
846
383
542
306
879
172
865
354
465
443
790
109
909
383
100
486
199
1000
252
594
147
388
694
556
479
303
271
148
709
480
421
232
610
792
282
246
365
396
556
488
545
344
901
504
470
923
812
869
966
662
672
207
129
663
879
480
286
300
303
315
753
502
702
589
183
966
474
908
394
464
508
347
519
672
720
526
405
940
396
579
882
177
254
441
735
830
649
461
976
503
169
993
152
283
106
293
165
491
153
318
275
459
945
528
534
914
232
489
736
394
131
337
875
517
574
424
293
595
878
129
241
605
180
142
868
677
638
516
959
262
827
388
726
638
531
316
512
477
116
178
818
795
311
461
723
992
261
631
640
710
792
167
557
292
159
304
257
824
315
624
374
173
247
165
721
679
580
349
441
397
837
363
561
993
113
178
614
321
803
871
150
260
255
306
458
345
675
752
213
453
456
957
213
191
916
270
573
719
261
587
651
366
860
518
248
507
261
435
672
976
818
228
511
560
147
776
994
952
721
980
505
407
353
271
818
492
985
156
466
667
772
379
847
185
815
477
419
830
263
922
695
121
533
708
936
474
542
106
598
234
343
650
668
860
765
637
716
138
121
134
306
378
498
222
424
881
762
372
740
102
992
390
837
269
661
758
595
519
167
857
246
177
273
607
397
406
646
172
766
355
349
560
877
290
419
459
929
870
310
931
757
929
204
196
412
555
554
898
800
848
128
518
961
301
521
173
165
244
789
453
997
548
184
566
978
592
185
642
879
398
324
720
722
750
265
629
694
827
926
105
864
969
267
208
900
837
177
862
962
477
829
378
870
249
773
982
397
167
146
651
936
929
476
944
965
970
289
612
292
827
548
415
886
119
386
115
412
375
595
767
104
291
524
991
230
930
777
659
853
637
822
199
781
265
161
567
385
659
462
824
131
246
331
999
111
673
970
389
534
978
692
349
206
528
165
919
287
992
443
479
254
995
154
768
207
623
475
450
741
516
612
349
111
571
590
550
355
648
139
391
579
732
728
132
324
328
404
715
517
281
678
116
895
951
255
664
349
115
384
901
513
984
291
469
295
746
903
348
826
272
261
799
303
767
979
270
488
553
527
521
359
574
365
720
639
993
302
869
963
910
487
961
903
547
281
679
947
570
485
495
913
966
804
940
366
309
479
980
103
838
898
370
704
954
840
292
546
309
289
345
354
198
382
394
452
546
947
496
403
395
640
875
239
326
125
490
208
286
976
988
228
700
253
321
836
281
861
382
914
452
431
106
681
495
851
368
487
373
457
421
778
575
505
216
328
248
282
108
106
939
857
556
375
391
487
594
224
413
990
746
805
269
853
208
241
645
159
512
509
985
541
391
534
191
230
162
698
724
181
440
945
650
193
319
522
964
403
758
301
498
634
739
176
843
910
312
863
849
991
874
525
628
226
402
153
690
745
804
818
704
724
785
792
935
467
274
392
917
639
362
350
619
544
744
122
123
833
219
419
860
786
857
392
870
545
523
610
645
309
188
396
624
781
102
468
264
138
601
974
921
942
642
970
120
321
967
678
806
585
494
676
540
432
586
416
727
654
599
407
636
395
510
919
202
806
669
708
648
396
224
324
237
156
648
774
445
950
603
364
574
812
707
266
413
705
758
209
202
866
167
613
786
218
233
588
978
153
316
329
357
438
959
206
991
904
959
301
219
692
663
644
171
101
265
800
900
588
771
845
704
698
388
150
609
855
302
341
618
610
218
523
717
759
927
690
374
633
269
632
328
150
646
644
477
484
529
653
297
825
379
966
270
607
152
781
557
656
360
749
460
829
163
431
309
658
320
845
703
613
469
559
151
156
195
466
960
803
192
702
678
851
459
946
588
973
787
449
972
461
129
817
905
520
522
823
254
500
766
710
691
618
635
374
805
660
403
144
292
562
281
334
703
103
998
519
290
435
352
767
217
890
327
186
905
974
670
979
786
360
150
581
775
469
886
115
383
406
387
725
729
535
215
612
897
979
191
740
224
215
751
767
492
858
753
509
475
562
183
768
713
446
124
921
814
162
493
966
899
575
325
596
607
745
627
911
627
324
481
915
735
308
957
940
971
508
962
535
506
639
564
594
515
214
281
361
947
940
928
123
925
923
540
429
577
383
747
779
764
175
784
994
683
167
578
605
574
175
200
709
943
424
179
111
365
543
138
939
675
313
488
528
651
483
521
296
991
307
956
224
345
285
676
245
531
222
851
653
147
159
134
837
303
269
872
326
610
452
934
985
380
323
490
476
430
635
204
515
241
938
652
554
736
867
999
333
416
224
658
468
862
854
407
875
261
301
960
459
919
781
115
485
781
627
925
366
159
798
494
831
433
147
605
975
534
277
421
638
607
690
566
314
784
595
851
889
841
299
471
720
308
423
642
891
129
852
790
108
117
667
827
803
731
389
833
759
897
858
971
517
741
763
871
608
532
502
232
227
195
440
442
523
770
237
848
737
196
707
178
313
875
882
785
640
292
264
279
930
182
709
413
890
398
278
285
978
929
763
471
653
862
653
374
295
243
181
872
549
174
349
144
408
872
558
838
378
701
808
667
121
487
238
726
789
330
418
182
300
553
880
384
770
903
195
465
742
108
826
884
609
487
708
994
272
507
539
307
207
939
654
941
170
931
222
262
813
782
686
698
309
237
896
535
806
790
379
777
246
623
672
768
689
253
149
366
603
790
719
105
608
471
560
675
106
602
148
783
784
286
780
168
545
970
579
846
862
508
752
734
990
205
746
327
994
468
175
677
298
370
422
926
158
242
265
395
252
560
809
905
513
186
688
869
452
852
796
311
343
994
329
593
310
899
402
106
599
369
777
644
837
924
983
271
845
755
497
510
827
958
424
781
434
107
988
776
808
987
350
416
308
352
793
890
623
854
822
535
984
460
614
211
926
334
341
269
942
965
316
461
918
771
228
491
136
641
402
591
171
154
319
458
382
186
561
620
137
941
878
809
249
610
431
485
732
773
946
845
823
280
174
173
115
304
475
316
320
194
781
268
917
573
283
437
727
449
684
319
870
957
349
714
711
881
282
518
535
192
155
927
120
680
220
302
524
666
720
298
304
511
117
363
753
608
530
511
161
253
380
424
316
326
178
688
464
592
777
864
491
353
610
635
316
772
560
691
923
237
757
304
404
160
599
462
460
112
490
493
919
766
737
586
214
620
856
274
439
742
202
912
288
750
918
517
347
247
503
772
721
349
571
520
319
946
481
278
635
985
847
209
986
698
560
528
296
177
710
138
544
611
567
324
325
133
650
323
754
558
250
593
296
534
592
874
413
834
398
386
255
657
799
948
599
123
611
464
771
861
207
184
674
894
719
625
659
605
864
823
452
391
906
759
159
513
320
762
122
323
346
274
302
935
401
556
987
839
686
670
497
934
592
228
531
489
925
320
131
729
258
601
383
554
563
538
561
902
420
260
945
862
670
270
558
256
483
929
437
764
571
637
969
767
621
477
463
861
755
386
301
403
265
238
173
578
179
944
703
364
519
116
694
541
853
338
327
320
205
514
824
569
119
752
267
551
844
283
618
977
708
910
112
261
232
986
756
429
260
848
232
920
672
881
203
587
622
704
664
644
457
260
571
219
873
790
640
313
554
211
724
149
694
927
697
532
379
473
456
531
140
509
874
238
277
454
447
297
920
900
143
487
860
605
300
987
310
630
492
122
700
636
280
571
556
593
536
528
339
668
869
559
837
383
403
118
203
510
880
707
484
796
598
125
885
492
457
556
376
821
526
724
202
369
868
893
883
144
380
633
373
831
565
453
443
265
684
114
344
862
688
326
607
901
371
143
918
365
264
199
944
307
999
407
656
425
929
338
375
983
441
287
273
788
198
743
931
786
978
153
458
902
624
443
741
423
255
599
899
191
610
287
584
110
564
988
535
947
162
673
771
845
652
326
199
262
337
513
681
705
208
554
658
389
403
149
772
822
105
158
977
612
888
763
270
524
462
340
840
571
535
459
612
205
165
598
789
617
840
497
499
159
366
576
762
870
332
164
507
655
434
589
457
104
757
391
637
159
655
371
692
888
465
502
561
477
497
797
291
215
149
843
744
567
469
957
900
532
342
976
337
852
720
636
741
308
206
490
386
775
453
489
327
395
344
923
655
211
236
576
989
360
830
702
724
689
262
790
312
366
450
586
989
646
686
440
852
659
623
203
873
452
932
145
503
540
191
631
894
906
593
491
937
901
600
626
826
471
525
928
330
324
151
565
455
742
666
449
304
891
158
695
196
943
398
943
421
172
409
219
432
449
382
101
203
635
440
303
675
983
994
541
219
730
922
585
286
563
581
459
518
757
822
922
592
720
579
444
325
417
781
246
158
549
972
593
253
946
162
762
245
144
412
643
147
291
781
110
929
917
653
742
205
936
587
309
699
439
286
686
574
426
719
596
911
897
549
254
295
428
1000
648
679
573
808
453
495
513
199
228
760
184
126
728
117
144
270
273
660
502
819
888
666
152
809
465
859
755
311
600
414
392
352
299
107
333
771
220
744
932
708
991
758
143
124
264
411
257
800
829
785
233
703
970
295
960
423
974
756
305
991
881
177
141
499
867
924
543
813
324
827
430
472
461
496
902
816
478
270
109
159
289
144
905
580
774
717
986
119
658
786
654
194
948
855
821
311
856
161
225
610
345
737
639
124
292
972
153
341
608
904
738
751
244
635
770
958
974
409
429
649
794
478
130
211
709
855
528
671
341
441
247
526
143
432
478
153
239
763
858
174
936
182
898
340
149
764
367
984
788
347
190
443
521
123
949
800
410
159
409
282
234
670
508
562
910
338
976
495
609
760
486
268
376
222
672
560
136
261
638
397
546
567
217
583
919
897
517
189
838
747
533
818
885
997
226
243
622
930
629
471
749
832
342
822
202
505
902
795
316
429
487
349
399
376
983
987
744
255
177
622
659
864
764
563
595
172
968
627
202
449
317
720
866
817
377
297
814
800
173
970
864
690
734
821
792
673
233
968
127
495
320
305
120
616
755
470
151
434
817
777
181
161
673
464
656
885
428
826
975
152
474
776
415
758
641
991
383
256
209
997
322
998
875
827
587
221
133
221
922
584
543
467
174
841
907
687
126
425
630
148
750
263
940
728
219
647
868
916
164
405
506
447
272
812
917
578
887
488
673
710
861
779
784
351
460
566
307
475
797
463
665
925
974
666
300
218
638
669
146
193
290
269
849
879
698
927
146
712
719
617
789
436
907
947
568
262
261
632
206
491
592
596
612
271
894
932
459
666
838
991
592
107
407
329
422
931
805
722
474
513
803
701
442
369
881
319
540
275
453
694
587
657
746
735
638
877
712
490
920
277
809
137
417
114
221
154
980
529
280
400
426
129
344
407
160
743
573
808
301
306
261
790
795
738
390
321
945
509
494
256
334
604
445
843
170
827
612
483
484
703
465
541
213
153
690
826
922
437
970
889
398
415
161
636
704
823
373
665
885
166
365
528
388
130
193
518
103
180
608
830
576
584
542
779
195
165
974
490
462
621
462
168
464
887
924
725
375
252
707
515
856
699
119
689
423
365
190
460
559
1000
404
274
724
770
634
891
888
530
116
833
731
959
704
843
697
764
631
769
660
975
350
736
602
841
247
380
960
702
560
278
822
698
204
415
551
722
928
550
455
824
639
396
166
936
799
335
341
660
144
874
243
194
373
191
372
929
326
975
516
897
977
314
349
312
180
790
997
959
998
745
630
408
196
132
907
884
214
233
340
597
993
906
792
324
536
270
516
217
188
511
729
433
253
804
643
589
647
831
553
358
801
400
648
889
494
814
622
804
282
895
392
625
998
249
494
617
731
876
130
839
872
144
744
941
862
496
256
253
123
989
658
720
773
134
626
859
586
261
599
257
679
953
125
189
915
849
599
154
121
468
353
984
644
387
643
135
970
155
351
581
789
281
604
390
291
967
994
165
309
228
262
616
516
228
573
487
496
637
219
572
190
110
975
580
731
457
996
192
808
246
876
915
973
268
709
452
545
531
616
747
560
580
395
847
650
768
567
781
635
174
615
624
222
656
295
228
156
285
529
636
535
551
297
187
124
720
204
492
602
817
595
508
964
231
644
899
976
948
111
226
455
617
908
789
433
796
339
948
133
318
882
499
460
514
294
232
403
263
679
345
725
603
794
692
675
636
227
384
821
193
953
694
135
975
792
967
217
213
804
686
190
160
950
743
122
867
697
791
1000
323
596
439
764
793
732
654
184
760
701
978
944
359
802
584
551
120
915
703
567
545
884
698
299
912
702
884
679
684
602
569
242
436
198
470
521
524
599
995
402
453
402
606
563
962
285
105
184
129
257
747
222
325
992
785
296
874
427
850
478
310
757
991
338
773
620
491
978
252
822
358
572
312
891
893
798
255
368
323
292
401
133
967
624
185
393
813
836
649
380
474
737
280
124
346
671
613
291
362
719
606
786
642
204
982
234
407
719
589
525
596
229
894
780
777
453
303
872
311
243
391
231
320
225
446
528
596
750
867
213
704
510
236
622
716
571
961
382
783
916
983
568
800
571
614
189
920
938
917
896
928
272
709
253
101
883
459
857
135
885
555
789
560
160
605
858
315
264
633
347
166
739
788
194
166
985
447
695
512
750
722
445
415
944
947
203
612
956
897
548
260
550
149
422
104
842
624
202
510
969
615
428
570
708
951
483
446
491
927
450
200
383
473
299
852
365
630
528
690
746
674
364
288
465
585
413
375
543
847
531
825
182
996
275
412
656
590
309
379
654
745
520
888
484
707
592
672
286
668
829
125
566
936
714
346
728
423
115
111
314
758
313
222
684
462
747
737
158
624
676
403
337
671
842
871
538
763
673
988
960
869
427
193
499
106
789
557
553
867
837
104
783
932
207
924
509
521
945
183
894
810
713
556
826
134
215
407
615
702
216
164
975
880
222
205
331
528
918
763
720
161
664
181
483
392
231
431
133
804
283
980
366
527
798
830
929
231
617
251
876
339
293
921
755
268
546
738
604
406
326
373
851
700
843
672
313
480
289
988
464
493
435
910
172
1000
205
223
530
161
713
246
805
694
845
573
508
868
716
911
965
599
840
998
572
474
598
430
828
302
679
555
113
377
883
805
858
659
866
403
124
321
203
184
410
662
462
998
969
927
833
951
296
960
750
241
201
692
931
661
912
988
593
340
499
221
1000
632
554
229
272
861
391
398
320
439
171
368
688
413
601
558
973
901
824
118
357
821
658
393
268
692
274
823
184
678
461
398
451
127
103
256
406
641
258
648
908
494
217
426
393
688
315
912
173
256
704
824
924
513
996
510
272
820
611
458
515
932
457
876
160
429
786
699
210
417
626
257
429
974
251
315
805
643
891
313
293
521
890
681
305
336
979
982
225
542
638
206
306
662
985
337
421
159
118
203
473
959
689
650
195
495
691
625
510
146
513
955
517
752
807
776
585
367
491
179
527
482
476
453
996
719
870
950
277
973
483
779
343
295
759
953
255
189
763
733
651
609
418
545
204
101
849
751
188
247
557
127
566
171
965
915
338
452
265
872
366
732
107
762
391
125
966
303
175
744
194
279
364
471
263
487
664
172
704
515
852
693
392
293
918
337
979
218
629
916
217
856
106
324
523
968
699
959
352
342
570
836
857
494
327
598
347
706
386
177
315
105
525
989
990
345
530
383
416
911
361
601
694
176
520
835
420
364
395
651
433
190
627
425
450
524
276
766
673
725
824
935
982
192
1000
750
641
947
595
328
522
112
555
187
598
348
293
492
238
203
276
427
359
773
939
259
951
835
745
255
109
414
206
356
941
563
303
213
776
667
560
126
488
242
611
304
144
609
437
511
807
620
670
329
645
497
857
319
224
623
891
548
699
987
513
324
458
714
167
686
179
482
196
607
716
709
740
520
402
161
344
374
499
514
330
789
505
398
223
835
699
864
851
921
511
380
941
490
121
698
606
864
805
183
387
390
900
764
813
537
279
639
552
972
602
347
869
810
877
765
219
330
850
963
332
106
274
965
232
586
641
270
378
802
835
463
388
484
102
123
579
769
899
986
805
162
389
969
913
187
872
622
177
532
692
330
535
273
764
732
625
180
869
870
353
236
684
358
856
599
747
535
690
471
118
867
889
387
796
520
164
901
791
526
976
728
496
128
645
750
880
603
182
229
691
510
438
156
664
444
257
585
668
238
121
870
489
350
407
400
821
452
812
187
225
543
478
765
902
607
904
393
310
254
135
563
327
403
857
657
790
968
728
457
235
334
643
840
281
308
372
688
692
215
463
268
449
624
943
159
727
541
297
922
457
152
869
218
834
245
221
791
259
362
365
471
898
120
897
407
650
770
967
528
240
830
975
991
468
877
703
324
138
482
165
157
373
281
427
653
402
110
624
987
196
891
459
421
814
168
662
776
337
572
788
120
192
890
951
325
551
280
406
411
901
362
927
394
403
218
156
314
356
191
783
980
431
740
508
970
360
355
260
592
564
794
211
947
203
737
495
930
507
491
501
392
274
454
592
862
459
141
798
603
476
957
745
943
635
111
866
237
298
517
739
914
971
757
161
915
624
956
636
879
695
256
391
235
288
944
921
825
500
664
249
232
153
324
381
382
321
141
657
654
931
146
966
113
120
751
338
237
494
648
616
507
109
312
672
484
670
764
552
525
934
409
1000
822
314
584
915
104
468
538
955
490
567
197
364
202
995
524
699
546
110
748
282
413
587
832
591
784
775
549
231
705
915
244
1000
920
915
148
341
318
816
284
622
235
815
442
908
981
262
873
968
351
861
360
454
180
320
669
793
796
378
575
876
731
975
771
288
702
581
968
718
536
810
498
215
651
519
838
863
246
514
437
778
291
966
765
292
328
449
885
350
451
435
926
592
752
420
111
816
971
972
870
285
658
734
912
285
368
339
230
488
763
685
677
678
683
866
204
592
349
621
747
842
378
702
733
131
924
586
620
548
376
101
178
339
287
967
800
434
590
309
705
300
631
529
115
898
580
218
663
853
317
763
671
911
454
163
956
524
133
876
836
901
655
414
618
215
448
979
983
350
622
951
813
889
832
619
376
333
611
430
856
507
537
146
930
129
583
196
367
712
996
694
622
112
898
744
882
644
572
607
775
469
505
675
433
729
965
933
295
824
590
852
268
778
145
948
431
316
804
105
161
182
952
900
625
752
455
731
653
333
210
522
609
480
567
100
988
469
193
364
584
686
136
151
600
117
358
770
649
895
378
820
497
974
233
957
287
823
947
234
262
757
793
665
422
715
289
632
520
581
639
352
676
407
775
286
374
921
488
439
720
236
218
514
982
873
171
260
413
665
909
580
967
106
565
734
605
280
828
918
738
618
647
172
334
992
250
237
806
615
791
220
695
201
523
133
485
826
615
899
204
514
910
401
498
139
965
711
311
348
514
558
710
204
158
125
738
926
306
252
502
299
260
128
911
899
258
326
192
535
782
897
854
407
123
133
562
264
825
425
777
452
123
202
532
335
119
294
499
594
771
325
935
995
624
364
393
358
927
815
695
919
788
132
294
278
636
187
813
959
906
291
347
902
902
471
616
470
737
422
883
908
965
318
556
507
932
430
885
973
937
170
140
833
989
510
295
783
482
974
754
641
256
982
914
613
368
849
364
200
142
949
633
305
970
595
738
519
925
628
575
795
255
722
303
194
708
946
975
955
945
954
228
595
640
834
570
772
930
993
169
234
935
125
990
512
654
239
149
871
665
442
496
263
286
900
356
853
400
567
904
657
504
735
305
271
736
681
454
214
245
787
138
101
937
866
333
709
310
156
817
872
153
344
381
581
974
412
756
146
643
568
686
124
496
225
372
119
856
843
881
594
542
155
911
470
611
381
282
356
500
749
811
482
312
589
293
878
462
854
717
295
548
535
480
844
411
841
996
146
470
369
872
196
416
686
697
633
708
482
712
847
448
161
646
779
440
759
319
434
755
668
386
843
741
440
236
663
108
267
180
620
605
366
684
806
850
590
531
143
169
850
263
533
443
851
919
974
785
935
450
443
393
562
862
726
659
825
108
842
350
280
111
562
567
731
266
986
726
620
266
866
854
668
318
470
249
921
257
896
954
962
967
694
482
788
118
178
100
861
701
475
997
999
429
728
630
533
650
777
984
139
518
999
993
147
245
414
326
847
390
478
412
541
640
750
101
460
573
566
352
861
861
226
269
50
50
50
50
50
50
51
51
51
51
51
52
52
52
52
52
52
52
52
53
53
53
53
53
53
53
53
54
54
54
54
54
54
55
55
56
56
56
56
57
57
58
58
58
58
58
59
60
60
60
60
60
61
61
61
61
61
62
62
62
62
62
62
63
63
63
63
64
64
64
64
64
64
64
64
64
64
64
65
65
65
65
66
66
67
67
67
67
67
67
67
67
68
68
68
68
68
68
69
69
69
69
69
69
69
69
70
70
70
70
70
71
71
71
71
71
71
72
72
72
72
72
72
72
73
73
73
73
73
73
74
74
74
74
74
74
75
75
75
75
76
76
76
76
76
76
76
77
77
77
77
77
77
77
77
77
77
77
77
78
78
78
78
78
78
78
79
80
80
80
80
80
80
80
81
81
81
81
81
82
82
83
83
83
83
83
83
83
83
83
84
84
84
84
84
84
84
84
85
85
85
85
85
86
86
86
87
87
87
87
87
88
88
88
88
88
89
89
89
89
89
89
90
90
90
91
91
91
92
92
92
92
92
92
93
93
93
93
93
93
94
94
94
94
94
94
94
94
94
95
95
95
95
95
95
95
95
96
96
96
96
96
96
96
96
96
97
97
97
97
97
97
97
97
97
97
97
97
98
98
98
98
98
99
99
100
100
100
100
100
100
100
101
101
101
101
101
102
102
102
102
102
102
102
102
102
103
103
103
103
103
103
103
104
104
104
104
104
105
105
105
105
105
105
106
106
106
106
106
106
106
106
107
107
107
107
108
108
108
108
108
108
108
109
109
109
109
109
109
109
110
110
110
110
110
110
110
110
110
111
111
111
111
111
111
112
112
112
112
113
113
113
113
113
113
114
114
114
114
114
114
115
115
115
115
115
115
115
115
115
115
116
116
116
116
116
116
116
116
117
117
117
117
117
118
118
118
118
118
118
118
118
118
118
118
119
119
119
120
120
120
120
120
120
120
120
120
120
121
121
121
121
121
122
122
122
123
123
123
123
124
124
124
124
124
124
125
125
125
126
126
127
127
127
127
128
128
128
128
129
129
129
129
129
129
129
130
130
130
130
130
130
131
131
131
131
131
131
132
132
132
133
133
133
133
133
133
133
134
134
134
134
134
135
135
135
136
136
136
137
137
137
137
137
137
138
138
138
138
138
138
139
139
139
139
140
140
140
140
140
140
140
140
141
141
141
142
142
142
142
142
142
143
144
144
144
144
144
144
144
144
144
144
144
144
145
145
145
145
145
145
145
145
146
146
146
146
146
146
146
146
147
147
147
147
148
148
148
148
148
149
149
149
150
150
150
150
150
150
150
151
151
151
151
151
151
151
152
152
152
152
152
152
152
152
152
153
153
153
153
153
153
154
154
154
154
154
154
154
155
155
155
155
156
156
156
156
156
157
157
157
158
158
158
158
158
158
159
159
159
159
159
159
159
159
159
160
160
160
160
160
160
160
160
160
161
161
161
161
162
162
162
162
162
162
162
162
162
163
163
163
163
163
163
163
164
164
164
164
164
165
165
165
165
165
165
165
165
165
166
166
166
166
166
167
167
167
167
168
168
168
168
169
169
169
169
169
169
169
170
170
171
171
171
171
171
171
172
172
172
172
172
172
172
172
173
173
173
173
173
174
174
174
174
174
174
174
175
175
175
175
175
175
175
175
175
175
175
175
177
177
177
177
177
177
177
178
178
178
178
179
179
179
179
179
179
180
180
180
180
180
180
181
181
181
181
181
182
182
182
182
182
182
182
183
183
183
183
183
183
183
183
183
183
183
183
184
184
184
184
184
184
184
184
185
185
185
185
185
185
186
186
187
187
187
187
187
187
188
188
188
188
188
188
188
189
189
189
189
189
190
190
190
190
190
190
190
190
190
191
191
191
191
191
191
191
192
192
192
192
192
193
193
193
193
193
194
194
195
195
195
195
195
195
196
196
196
196
196
196
197
197
197
197
198
198
198
199
199
199
199
199
200
200
200
200
200
200
201
201
201
201
201
201
201
202
202
202
202
202
202
202
203
203
203
203
203
204
204
204
204
204
204
204
204
204
204
205
205
205
205
205
206
206
206
206
206
206
206
206
207
207
207
207
208
208
208
208
208
208
209
209
209
209
209
209
210
210
210
210
210
210
210
210
210
211
211
211
211
211
211
211
211
211
212
212
212
212
212
212
212
212
212
212
213
213
213
213
213
213
214
214
214
214
214
214
214
214
214
215
215
215
215
215
215
215
215
216
216
216
216
216
217
217
217
217
217
217
217
218
218
218
218
218
218
218
218
218
218
218
219
219
219
219
219
220
220
220
221
221
221
221
221
222
222
222
222
222
223
223
223
223
223
223
224
224
225
225
225
225
225
225
225
226
226
226
226
227
227
227
227
227
227
227
227
227
228
228
228
228
228
229
229
229
229
229
229
229
230
230
230
230
231
231
231
231
231
232
232
232
232
232
232
233
233
233
233
233
233
233
233
234
234
234
234
234
235
235
235
235
235
236
236
236
236
237
237
237
237
237
237
237
237
238
238
238
238
238
239
239
239
239
240
240
240
240
240
241
241
241
241
241
241
242
242
243
243
243
243
244
245
245
245
245
245
246
246
246
246
246
246
246
246
247
247
247
248
248
248
248
248
248
248
249
249
249
249
250
250
250
250
251
251
251
251
251
251
251
252
252
252
252
252
252
252
252
253
253
254
254
254
254
254
254
254
254
254
254
254
255
255
256
256
256
256
256
256
256
256
257
257
257
257
258
258
258
258
258
258
258
258
258
258
258
258
259
259
259
259
259
259
259
259
260
260
260
260
260
260
260
260
261
261
261
261
261
261
261
261
262
262
262
262
262
262
262
263
263
263
263
264
264
264
264
264
264
264
265
265
265
265
265
265
265
266
266
266
266
266
267
267
267
267
267
268
268
268
268
268
268
268
268
268
269
269
269
269
269
269
269
269
270
270
270
271
271
271
271
271
271
271
271
271
272
272
273
273
273
273
273
273
273
273
273
273
273
273
273
274
274
274
274
274
275
275
275
275
275
275
275
275
275
275
276
276
276
277
277
277
277
278
278
279
279
279
279
279
280
280
280
281
281
281
281
281
281
281
282
282
282
282
283
283
283
283
283
283
284
284
284
284
284
285
285
285
286
286
286
286
286
286
286
287
287
287
287
287
287
288
288
288
289
289
289
290
290
290
290
291
291
291
292
292
292
292
292
292
292
292
292
292
292
293
293
294
294
294
294
294
294
294
294
294
295
295
295
295
295
295
295
295
296
296
296
296
296
297
297
297
297
297
297
297
297
298
298
298
298
298
299
299
299
299
299
299
299
300
300
300
300
301
301
301
301
301
302
302
302
302
302
302
303
303
303
303
303
304
304
304
304
305
305
305
305
305
306
306
306
306
306
306
307
307
307
307
307
307
308
308
308
308
308
308
308
308
308
308
309
309
309
309
309
310
310
310
310
310
310
310
311
311
311
311
312
312
312
312
312
312
313
313
313
313
313
313
315
315
315
315
315
315
315
315
315
315
316
316
316
316
316
317
317
317
318
318
318
318
319
319
319
319
319
319
319
320
320
320
320
320
320
321
321
321
321
321
322
322
322
322
322
322
322
323
323
323
323
323
323
323
323
324
324
324
324
324
324
324
324
324
325
325
325
325
325
325
325
326
326
326
326
326
326
326
326
326
327
327
327
327
327
328
328
328
328
328
328
328
329
329
329
329
329
329
330
330
331
331
331
332
332
332
332
333
333
333
333
333
333
334
334
334
334
335
335
335
336
336
336
336
336
336
336
336
337
337
337
337
337
337
338
338
338
338
338
339
339
339
339
339
340
340
340
340
340
340
340
340
341
341
341
341
341
341
342
342
342
342
343
343
343
343
343
344
344
344
344
344
344
345
345
345
345
345
345
345
345
345
346
346
346
346
346
346
347
347
347
347
348
348
348
349
349
349
349
349
349
350
350
350
350
350
351
351
351
352
352
352
352
352
352
352
353
353
353
353
353
354
354
354
354
354
354
354
354
355
355
356
356
356
356
356
357
357
357
357
357
357
357
358
358
358
358
358
358
358
358
359
359
359
359
359
359
359
359
359
359
359
360
360
360
360
360
360
361
361
361
361
361
362
362
362
363
363
363
363
363
363
363
364
364
364
364
364
364
364
365
365
365
365
365
365
366
366
367
367
367
368
368
369
369
369
369
369
369
369
369
370
370
370
370
371
371
371
371
371
372
372
372
372
372
372
372
372
372
373
373
374
374
374
374
374
374
374
374
374
375
375
375
375
375
375
376
376
376
376
376
376
377
377
377
377
377
377
377
378
378
378
378
378
378
378
379
379
379
379
380
380
380
380
381
381
381
381
381
381
382
382
382
382
382
383
383
383
383
383
383
383
384
384
384
385
385
385
385
385
385
385
385
386
386
386
386
386
386
386
386
387
387
387
387
387
387
388
388
388
388
388
388
389
389
389
389
389
390
390
390
390
390
390
390
391
391
392
392
392
392
392
392
393
393
394
394
395
395
395
395
395
395
395
395
396
396
396
396
396
396
396
396
397
397
397
397
397
397
397
397
397
397
398
398
399
399
399
399
400
400
400
400
400
401
401
401
401
401
401
401
402
402
402
402
402
402
403
403
403
403
403
403
404
405
405
405
406
407
407
407
408
408
408
408
408
408
409
409
409
409
409
409
410
410
410
410
410
410
410
411
411
411
411
411
411
412
412
412
412
412
412
412
412
413
413
413
413
414
414
414
414
414
414
414
414
414
415
416
416
416
416
416
416
416
416
417
417
417
417
417
417
417
417
417
418
418
418
419
419
419
419
419
419
419
419
420
420
421
421
421
421
421
421
421
421
422
422
422
422
422
423
423
424
424
424
424
425
425
425
425
425
425
425
426
426
426
426
426
426
426
426
426
426
427
427
427
427
428
428
428
428
428
428
429
429
429
429
430
430
430
430
430
430
430
430
430
431
431
431
431
431
431
431
431
431
432
432
432
432
432
432
433
433
433
433
434
434
434
434
434
434
434
434
435
435
435
435
435
435
435
435
435
436
436
436
437
437
437
438
438
438
438
439
439
439
439
439
440
440
440
440
441
441
441
441
441
441
442
442
442
442
442
442
442
442
442
442
442
443
443
443
443
443
444
444
444
444
444
445
445
445
445
445
445
446
446
446
446
446
446
446
446
446
446
447
447
447
447
447
447
448
448
448
448
448
448
449
449
449
449
449
449
449
450
450
450
451
451
451
451
451
451
451
451
451
451
451
451
452
452
452
452
453
453
453
453
453
453
453
453
454
454
454
454
454
455
455
455
456
456
456
456
457
457
457
457
458
458
458
458
458
458
458
458
458
458
459
459
459
459
459
459
459
459
459
459
459
460
460
460
460
460
461
461
461
461
462
462
462
462
462
462
462
463
463
463
463
464
464
465
465
465
465
466
466
466
466
466
466
466
466
467
467
467
467
467
468
468
468
468
468
468
468
469
469
469
470
470
470
470
470
471
471
471
471
471
472
472
472
472
472
472
472
473
473
473
473
473
473
473
473
473
473
473
474
474
474
474
474
474
474
475
475
475
475
475
475
475
475
475
476
476
476
476
476
476
476
476
476
476
477
477
477
478
478
478
478
478
478
479
479
479
479
479
479
479
479
479
479
480
480
480
480
480
480
481
481
481
481
481
481
482
482
483
483
483
483
483
484
484
484
484
484
484
485
485
485
485
485
485
485
486
486
486
486
486
486
486
486
486
486
487
487
487
487
487
488
488
489
489
489
490
490
490
490
490
491
491
491
491
492
492
492
492
492
492
492
493
493
494
494
494
494
494
494
494
495
495
495
496
496
496
496
496
497
497
497
498
498
498
498
498
498
498
499
499
499
499
499
500
500
500
501
501
501
501
501
501
501
501
502
502
502
503
503
503
503
503
503
503
504
504
505
505
505
506
506
506
506
506
506
506
507
507
507
507
507
507
507
508
508
508
508
509
509
509
510
510
510
510
510
510
511
511
511
511
511
511
511
511
511
511
512
512
512
512
512
512
513
513
513
514
514
514
514
514
514
514
515
515
515
515
515
515
515
515
515
515
516
516
516
516
516
516
516
516
516
517
517
517
517
517
517
518
518
518
518
518
518
519
519
519
519
519
519
519
519
519
519
520
520
520
520
520
520
520
521
521
521
521
521
521
521
521
522
522
522
522
523
523
523
523
523
523
523
524
524
524
524
524
525
525
525
526
526
526
526
526
526
527
528
528
528
528
528
528
528
528
528
529
529
529
529
529
529
529
530
530
530
530
530
531
531
531
532
532
532
532
532
532
532
532
532
533
533
533
533
533
533
533
533
534
534
534
534
534
534
534
534
534
534
534
534
534
535
536
536
536
537
537
537
538
539
539
539
539
539
540
540
540
541
541
541
541
541
541
542
542
542
543
543
543
543
543
544
544
544
545
545
545
545
545
546
546
546
546
547
547
547
547
547
547
547
547
548
548
548
548
548
549
549
549
549
549
549
550
550
551
551
551
551
552
552
552
552
552
552
552
553
553
553
553
553
553
553
554
554
554
554
554
554
554
555
555
555
555
555
555
556
556
556
556
556
556
556
556
556
557
557
557
557
557
557
557
558
558
558
559
559
559
559
559
559
560
560
561
561
561
561
561
562
562
562
562
563
563
563
563
564
564
564
564
564
564
564
565
565
565
565
565
565
565
565
566
566
566
566
566
566
566
566
566
566
567
567
567
567
567
567
568
568
569
569
569
570
570
570
570
570
571
571
571
571
572
572
572
572
572
572
573
573
573
573
573
573
574
574
574
574
574
574
574
574
575
575
575
575
575
575
576
576
576
576
576
576
576
576
577
577
577
577
577
577
578
578
578
578
578
579
579
579
579
579
579
579
580
580
580
580
580
581
582
582
582
582
582
583
583
583
584
584
584
584
584
584
584
584
585
585
585
585
585
585
585
585
586
586
586
586
587
587
588
588
588
588
589
589
589
589
589
590
590
590
590
591
591
591
592
592
592
592
592
592
593
593
593
593
593
594
594
594
594
594
594
594
594
594
595
595
595
595
596
597
597
597
597
597
597
598
598
598
598
598
599
599
599
599
599
599
599
599
599
599
599
599
600
600
600
601
601
601
601
601
602
602
603
603
603
603
603
603
604
604
604
604
604
604
604
604
604
604
604
605
605
606
606
606
606
606
606
606
607
607
607
607
607
607
607
607
607
608
608
608
608
608
608
608
609
609
609
610
610
610
610
610
611
611
611
612
612
612
612
612
612
612
612
612
613
613
613
613
613
614
614
614
614
615
615
615
615
615
616
616
616
617
617
617
617
617
617
618
618
618
618
618
619
619
619
619
619
619
620
620
620
620
621
621
621
621
621
621
621
621
622
622
622
622
622
622
623
623
623
623
623
623
623
623
624
624
624
624
624
624
624
625
625
626
626
626
626
627
628
628
628
628
628
628
628
628
629
629
629
629
629
630
630
630
631
631
631
631
632
632
633
633
633
633
633
633
633
634
634
634
634
634
635
635
635
635
635
635
635
636
636
636
637
637
637
637
637
637
638
638
638
638
639
639
639
639
639
639
639
639
640
640
640
640
640
640
640
640
641
641
641
641
641
641
641
642
642
642
642
642
642
642
642
642
643
643
643
643
643
643
643
644
644
645
645
645
645
645
646
646
646
646
646
646
647
647
647
647
647
648
648
648
648
648
648
648
648
648
648
649
649
649
649
649
650
650
650
650
650
651
652
652
652
652
652
652
653
653
653
653
654
654
654
654
654
654
655
655
655
655
655
656
656
657
657
657
657
657
657
657
657
657
658
658
658
658
658
658
658
658
659
659
659
659
659
659
659
660
660
660
660
660
661
661
661
661
662
662
662
662
662
662
662
663
663
663
663
663
663
664
664
665
665
665
665
665
665
666
666
666
666
666
666
666
666
666
667
667
667
667
667
667
667
668
668
668
668
668
668
669
669
669
669
669
669
670
670
670
670
670
670
670
670
670
670
671
671
671
671
671
671
671
671
672
672
672
672
672
672
672
673
673
673
674
674
674
674
674
674
674
675
675
675
676
676
676
676
677
677
677
677
678
678
678
678
678
678
679
679
679
679
679
680
680
680
680
681
681
681
681
681
681
681
681
681
681
682
682
683
683
683
683
683
684
684
684
684
684
684
685
685
685
686
686
687
687
687
687
687
687
687
687
688
688
688
688
688
688
689
689
689
690
690
690
690
690
691
691
691
691
691
692
692
692
692
692
693
693
693
694
694
694
694
694
694
695
695
695
696
696
696
696
696
696
696
697
697
697
697
697
697
697
697
697
697
697
698
698
698
698
698
698
699
699
699
699
699
699
700
700
700
700
700
700
700
700
701
701
701
701
701
701
701
701
701
702
702
702
702
702
702
703
703
703
703
703
703
704
704
704
704
705
705
705
705
705
706
706
706
706
706
706
706
707
707
707
708
708
708
709
709
709
709
709
709
710
711
711
711
711
711
711
711
711
711
711
711
712
712
712
712
713
713
713
713
713
713
713
714
714
714
714
715
715
715
715
715
715
716
716
716
716
716
716
716
717
717
717
717
717
718
718
718
718
718
718
719
719
719
719
719
719
719
719
719
720
720
720
720
720
721
721
721
721
722
722
722
722
722
722
722
723
723
723
723
723
723
723
723
724
724
724
724
724
724
724
724
725
725
725
725
725
726
726
726
726
726
726
726
727
727
727
727
727
727
728
728
729
729
729
729
730
730
730
730
730
731
731
731
731
731
731
731
731
732
732
732
732
733
733
733
733
733
733
733
733
733
734
734
734
734
735
735
735
735
735
735
735
736
736
736
736
736
737
737
737
737
738
738
739
739
739
739
739
740
740
740
740
740
740
741
741
741
741
742
742
742
742
742
742
742
742
742
742
743
743
743
744
744
744
744
744
744
745
745
745
745
746
746
746
746
746
746
747
747
747
747
747
747
747
747
748
748
748
748
748
748
748
749
749
749
749
749
749
749
749
749
750
750
750
750
750
750
750
750
750
751
751
751
751
751
751
751
751
752
752
752
752
753
753
753
753
753
753
753
754
754
754
754
754
754
754
754
754
755
755
755
755
755
756
756
757
757
757
757
757
758
758
758
758
758
758
759
759
759
759
759
759
759
760
760
760
760
760
760
760
760
760
760
761
761
761
761
761
761
762
762
762
763
763
763
763
763
763
763
763
763
763
763
764
764
764
764
764
764
764
764
764
764
765
765
765
765
765
765
766
766
766
766
766
766
767
767
767
767
767
768
768
768
768
768
768
768
768
768
769
769
769
769
769
770
770
770
770
770
771
771
771
771
771
771
771
772
773
773
773
773
773
773
773
773
773
773
773
774
774
774
774
774
774
774
774
774
774
775
775
775
775
775
775
775
776
776
776
776
777
777
777
777
777
777
777
777
778
778
778
779
779
779
779
780
780
780
780
781
781
781
781
781
781
782
782
782
782
782
782
782
782
783
783
783
783
784
784
784
784
784
785
785
785
785
785
786
786
786
786
786
786
787
787
787
787
787
787
788
788
788
788
788
788
788
789
789
789
789
789
789
790
790
790
791
791
792
792
792
792
792
792
793
793
793
793
794
794
794
795
795
795
795
795
795
795
796
796
797
797
797
797
797
798
798
798
798
798
798
798
798
798
799
799
799
799
799
799
800
800
800
800
800
801
801
801
801
801
801
801
802
802
802
802
802
802
802
802
802
803
803
803
803
803
803
804
804
804
804
804
805
805
805
806
806
806
807
807
807
807
807
807
807
807
808
808
808
808
808
808
808
808
809
809
809
810
810
810
810
810
811
811
811
811
811
812
812
812
812
813
814
814
814
814
814
814
814
814
814
814
815
815
815
815
815
815
815
815
816
816
816
816
816
816
816
816
817
817
817
817
817
818
818
818
818
818
818
819
819
819
819
819
819
819
820
820
820
820
820
820
820
820
821
821
821
821
821
821
822
822
822
822
822
823
824
824
824
825
825
825
825
825
825
825
825
826
826
826
826
826
827
827
827
827
828
828
828
828
829
829
830
830
830
830
830
830
830
830
831
831
831
831
831
831
831
831
832
832
832
832
833
833
833
833
833
833
833
833
833
833
833
834
834
834
834
834
834
834
834
834
835
835
835
835
835
835
835
835
836
836
836
836
836
836
836
837
837
837
837
837
837
838
838
838
838
838
838
838
838
838
838
838
838
839
839
839
839
839
839
839
839
839
839
839
839
839
840
840
840
840
840
840
840
841
841
841
841
841
841
842
842
842
842
842
842
842
843
843
843
843
843
844
844
844
844
844
844
844
844
844
845
845
845
846
846
846
846
846
846
846
847
847
847
847
847
847
848
848
848
848
848
848
848
848
848
849
849
849
849
849
849
849
850
850
850
850
850
851
851
851
851
851
852
852
852
852
852
853
853
853
853
853
853
853
854
854
854
854
854
854
855
855
855
856
856
856
856
856
856
856
856
857
857
857
857
857
857
857
858
858
858
858
858
858
859
859
859
859
859
859
859
859
859
859
860
860
860
860
860
860
861
861
862
862
862
862
862
862
863
863
863
863
863
863
864
864
864
864
864
864
865
865
865
865
865
866
866
867
867
867
867
867
867
867
867
868
868
868
868
869
869
869
869
870
870
870
870
870
870
870
870
870
870
871
871
871
871
871
871
871
872
872
872
872
872
873
873
873
874
874
874
874
874
875
875
876
876
876
876
876
876
876
876
876
877
877
877
877
877
878
878
878
878
878
879
879
879
879
879
879
879
879
879
880
880
880
880
880
880
881
881
881
881
881
881
881
881
882
882
882
882
882
882
883
883
883
883
884
884
884
884
885
885
885
885
885
885
885
885
886
886
886
886
886
886
887
887
887
887
887
887
888
888
888
889
889
889
890
890
890
890
890
891
891
891
891
891
891
891
891
891
891
892
892
892
893
893
893
894
894
894
894
894
894
894
894
895
895
895
895
895
895
895
895
895
895
896
896
896
896
896
896
896
897
897
897
897
897
897
898
898
898
898
898
898
898
898
898
899
899
899
899
899
899
900
900
900
900
900
901
901
901
901
901
901
901
902
902
902
902
902
902
902
903
903
903
904
904
904
904
904
904
904
904
904
904
904
905
905
905
905
905
906
906
906
906
906
906
906
906
907
907
908
908
908
908
908
909
909
910
910
910
910
910
910
911
911
911
911
911
911
911
912
912
912
913
913
913
913
913
913
913
913
914
914
914
914
914
914
915
915
915
915
916
916
916
917
917
917
917
917
917
918
918
918
918
918
918
918
918
918
918
919
919
919
919
919
919
919
920
920
920
920
921
921
921
921
921
921
921
921
922
922
922
922
922
922
923
923
923
923
923
923
924
924
924
924
924
924
924
925
925
925
925
926
926
926
926
926
926
927
927
927
927
927
927
927
927
927
927
927
928
928
928
929
929
929
930
930
930
930
930
930
931
931
931
931
932
932
932
933
933
933
933
933
934
935
935
935
935
935
935
935
935
935
936
936
936
936
936
936
937
937
938
938
938
938
938
938
939
939
939
939
939
940
940
940
940
940
940
941
941
941
941
941
941
941
941
941
941
942
942
942
942
942
942
943
943
944
944
944
945
945
945
945
945
945
945
945
946
946
946
946
946
946
946
947
948
948
948
948
948
948
948
949
949
949
949
949
949
950
950
950
950
950
950
950
951
951
951
951
951
951
951
951
951
952
952
952
953
953
953
953
953
953
953
953
954
954
954
954
954
954
954
954
955
955
956
956
956
956
956
956
956
956
957
957
957
957
957
958
958
958
958
958
958
958
958
958
959
959
959
959
959
960
960
960
960
960
960
960
960
960
961
961
961
961
961
961
961
961
961
961
961
961
961
961
962
962
962
962
962
962
962
962
962
963
963
963
963
963
963
963
963
963
963
963
963
964
964
964
964
964
964
964
965
965
965
965
965
965
966
966
966
966
966
967
967
967
967
967
967
967
967
968
968
968
968
968
968
968
968
969
969
969
969
969
969
970
970
970
971
971
972
972
972
972
972
972
973
973
973
973
973
973
973
974
974
974
975
975
975
975
975
975
975
976
976
976
976
976
976
976
976
977
977
977
977
977
978
978
978
978
979
979
979
979
980
980
980
981
981
981
981
982
982
982
982
982
983
983
983
983
983
983
983
983
984
984
984
984
984
984
984
984
984
985
985
985
985
985
985
985
985
985
985
985
985
985
985
985
985
986
986
986
986
986
986
987
987
987
987
987
987
987
987
987
988
988
988
988
988
988
988
989
989
989
989
989
989
989
989
989
990
990
990
990
990
990
990
990
991
991
991
991
991
992
993
993
993
993
994
994
994
994
994
994
995
995
995
995
995
995
995
995
995
995
996
996
996
996
996
997
997
997
997
998
998
998
998
998
998
998
998
998
998
998
998
999
999
999
999
999
999
999
1000
1000
1000
1000
1000
1000
1001
1001
1001
1002
1002
1002
1003
1003
1003
1003
1003
1003
1003
1003
1004
1004
1004
1004
1004
1004
1004
1004
1004
1005
1005
1005
1005
1005
1005
1005
1006
1006
1006
1006
1006
1006
1006
1007
1007
1007
1008
1008
1008
1008
1008
1008
1008
1009
1009
1010
1010
1010
1010
1010
1011
1011
1011
1011
1011
1011
1012
1012
1012
1012
1012
1012
1013
1014
1014
1014
1015
1015
1015
1015
1015
1015
1016
1016
1016
1016
1017
1017
1017
1017
1017
1017
1018
1018
1018
1018
1018
1018
1018
1019
1019
1019
1019
1019
1020
1020
1020
1020
1021
1021
1021
1021
1021
1022
1022
1022
1022
1022
1022
1022
1022
1022
1023
1023
1023
1023
1023
1024
1024
1024
1024
1025
1026
1026
1026
1027
1027
1027
1027
1027
1027
1027
1027
1028
1028
1028
1029
1029
1029
1029
1029
1029
1030
1030
1030
1030
1030
1030
1030
1031
1031
1031
1031
1031
1031
1031
1031
1031
1031
1031
1032
1032
1032
1032
1033
1033
1033
1033
1033
1033
1033
1033
1034
1034
1034
1034
1035
1035
1035
1035
1035
1035
1035
1035
1036
1036
1036
1036
1036
1036
1036
1037
1037
1037
1037
1038
1038
1038
1038
1038
1039
1039
1039
1040
1040
1040
1040
1040
1040
1040
1040
1040
1041
1041
1041
1041
1042
1042
1042
1042
1043
1043
1043
1043
1044
1044
1044
1044
1044
1045
1045
1046
1046
1046
1046
1046
1046
1046
1046
1047
1047
1047
1047
1047
1047
1047
1047
1047
1047
1048
1048
1049
1049
1049
1049
1050
1050
1050
1050
1050
1050
1051
1051
1051
1051
1051
1051
1052
1052
1052
1052
1052
1052
1053
1053
1053
1053
1053
1054
1054
1054
1054
1054
1055
1055
1055
1055
1056
1056
1056
1056
1056
1056
1057
1057
1057
1057
1057
1057
1058
1058
1058
1058
1058
1058
1058
1058
1058
1058
1058
1059
1059
1059
1060
1060
1060
1061
1061
1061
1061
1061
1062
1062
1062
1062
1062
1062
1062
1063
1063
1064
1064
1064
1064
1064
1064
1065
1065
1066
1066
1066
1066
1066
1067
1067
1067
1067
1068
1068
1068
1069
1070
1071
1071
1071
1071
1071
1071
1072
1072
1072
1072
1073
1073
1073
1073
1074
1074
1074
1074
1074
1074
1074
1074
1075
1075
1075
1075
1075
1076
1076
1076
1077
1077
1077
1077
1077
1077
1077
1077
1078
1078
1078
1078
1079
1079
1079
1079
1079
1080
1080
1080
1080
1081
1081
1081
1081
1082
1082
1082
1082
1082
1082
1082
1082
1082
1082
1082
1083
1083
1083
1083
1083
1083
1083
1084
1084
1084
1085
1085
1085
1085
1085
1085
1086
1086
1086
1087
1087
1087
1087
1087
1088
1088
1088
1088
1088
1088
1089
1089
1089
1089
1089
1089
1090
1090
1090
1090
1090
1090
1090
1090
1091
1091
1091
1091
1091
1092
1092
1092
1093
1093
1093
1093
1093
1094
1094
1094
1094
1095
1095
1095
1095
1095
1095
1095
1095
1096
1096
1096
1096
1096
1096
1096
1096
1096
1097
1097
1097
1097
1097
1097
1097
1097
1098
1098
1098
1098
1099
1099
1099
1099
1099
1099
1100
1100
1100
1100
1100
1100
1101
1101
1101
1101
1101
1102
1102
1102
1102
1102
1102
1102
1103
1103
1103
1103
1103
1103
1104
1104
1104
1104
1104
1104
1104
1105
1105
1105
1105
1105
1106
1106
1106
1106
1106
1106
1107
1107
1107
1107
1107
1107
1107
1107
1108
1108
1108
1108
1108
1108
1109
1109
1109
1109
1110
1110
1110
1110
1110
1110
1111
1111
1111
1111
1111
1112
1112
1112
1112
1112
1112
1112
1112
1113
1113
1113
1113
1113
1113
1114
1114
1115
1115
1115
1115
1115
1116
1116
1116
1116
1116
1116
1117
1117
1117
1117
1117
1117
1117
1117
1117
1117
1117
1117
1118
1118
1118
1118
1118
1118
1119
1119
1119
1119
1119
1119
1120
1120
1121
1121
1121
1121
1121
1121
1121
1121
1122
1122
1122
1123
1123
1123
1124
1124
1124
1124
1124
1125
1125
1125
1125
1125
1125
1125
1126
1126
1126
1126
1126
1126
1127
1127
1127
1127
1127
1127
1128
1128
1128
1128
1128
1129
1129
1129
1129
1129
1129
1130
1130
1130
1130
1130
1130
1130
1130
1130
1130
1130
1130
1130
1131
1131
1131
1131
1131
1132
1132
1132
1132
1132
1132
1132
1132
1132
1133
1133
1133
1133
1133
1133
1133
1134
1134
1134
1134
1134
1135
1135
1135
1136
1136
1136
1136
1137
1137
1138
1138
1138
1138
1138
1139
1139
1139
1139
1139
1139
1140
1140
1140
1140
1140
1141
1141
1141
1141
1141
1141
1142
1142
1142
1142
1142
1142
1142
1142
1143
1143
1144
1144
1144
1144
1144
1144
1144
1144
1144
1144
1145
1145
1146
1146
1146
1146
1146
1146
1146
1146
1147
1147
1147
1147
1148
1148
1148
1148
1148
1149
1149
1149
1149
1149
1149
1149
1149
1150
1150
1150
1150
1151
1151
1151
1151
1151
1151
1151
1151
1151
1151
1151
1152
1152
1152
1153
1154
1154
1154
1154
1154
1154
1154
1154
1155
1155
1155
1155
1156
1156
1156
1156
1156
1156
1156
1156
1157
1157
1157
1157
1157
1158
1158
1158
1158
1158
1158
1158
1158
1158
1158
1158
1159
1159
1159
1159
1159
1159
1159
1160
1160
1160
1161
1161
1161
1161
1161
1161
1161
1162
1162
1162
1162
1162
1162
1163
1163
1163
1164
1164
1164
1164
1164
1164
1165
1165
1165
1165
1165
1166
1166
1166
1167
1167
1167
1167
1167
1167
1168
1168
1168
1168
1169
1169
1169
1169
1169
1169
1169
1170
1170
1170
1170
1170
1170
1170
1170
1170
1170
1170
1170
1170
1171
1171
1171
1171
1172
1172
1173
1173
1173
1173
1174
1174
1174
1174
1174
1174
1175
1175
1175
1175
1175
1175
1175
1176
1176
1176
1176
1176
1176
1176
1177
1177
1177
1177
1177
1177
1177
1177
1177
1177
1178
1178
1179
1179
1179
1179
1179
1179
1179
1179
1180
1180
1180
1181
1181
1181
1181
1181
1181
1181
1182
1182
1182
1182
1182
1182
1182
1182
1183
1183
1183
1183
1183
1183
1184
1184
1184
1184
1184
1185
1185
1185
1185
1185
1185
1185
1186
1186
1186
1186
1186
1186
1186
1186
1187
1187
1187
1187
1187
1188
1188
1188
1188
1188
1188
1189
1189
1189
1189
1189
1190
1190
1190
1190
1190
1190
1190
1191
1191
1191
1191
1191
1192
1192
1193
1193
1193
1193
1193
1194
1194
1194
1194
1195
1195
1195
1195
1195
1195
1196
1196
1196
1196
1196
1196
1196
1196
1197
1197
1197
1197
1197
1197
1197
1197
1198
1198
1198
1198
1198
1199
1199
1199
1200
1201
1201
1201
1201
1201
1202
1202
1202
1202
1202
1203
1203
1203
1203
1203
1203
1203
1204
1204
1204
1205
1205
1205
1205
1205
1205
1205
1205
1206
1206
1207
1207
1207
1208
1208
1208
1208
1208
1208
1208
1208
1209
1209
1209
1209
1209
1210
1210
1210
1211
1211
1211
1211
1211
1211
1212
1212
1212
1212
1212
1212
1212
1212
1212
1213
1213
1213
1213
1213
1213
1214
1214
1214
1214
1214
1214
1214
1214
1214
1214
1215
1215
1215
1215
1215
1215
1215
1215
1215
1216
1216
1216
1216
1217
1217
1217
1217
1217
1217
1217
1217
1217
1217
1218
1218
1218
1218
1218
1219
1219
1219
1220
1220
1220
1220
1220
1220
1220
1220
1220
1220
1220
1220
1220
1221
1221
1221
1221
1221
1221
1221
1221
1222
1222
1223
1223
1223
1223
1223
1223
1223
1224
1224
1224
1224
1225
1225
1225
1225
1225
1225
1225
1226
1226
1226
1226
1226
1226
1227
1227
1227
1228
1228
1228
1229
1229
1229
1229
1229
1229
1229
1229
1229
1230
1230
1230
1230
1230
1230
1230
1230
1230
1231
1231
1231
1231
1231
1231
1231
1232
1232
1232
1232
1232
1232
1233
1233
1233
1233
1234
1234
1234
1234
1234
1234
1235
1235
1235
1235
1235
1235
1235
1235
1235
1235
1236
1236
1236
1236
1236
1236
1237
1237
1237
1237
1238
1238
1238
1238
1238
1239
1239
1239
1239
1239
1239
1240
1240
1240
1240
1240
1240
1240
1241
1241
1241
1241
1241
1241
1241
1242
1242
1242
1242
1242
1243
1243
1243
1243
1243
1243
1244
1244
1245
1245
1246
1246
1246
1246
1247
1247
1247
1247
1247
1247
1247
1248
1248
1248
1248
1248
1249
1249
1249
1249
1249
1250
1250
1250
1250
1251
1251
1251
1251
1252
1252
1253
1253
1253
1253
1253
1253
1253
1253
1253
1254
1254
1254
1254
1254
1255
1255
1255
1255
1255
1256
1256
1256
1256
1256
1256
1257
1257
1257
1257
1257
1258
1258
1258
1258
1258
1258
1259
1259
1259
1259
1260
1261
1261
1261
1261
1261
1262
1262
1262
1262
1262
1262
1262
1263
1263
1263
1263
1263
1263
1264
1264
1264
1264
1264
1265
1265
1265
1265
1266
1266
1266
1266
1266
1267
1267
1267
1267
1267
1267
1267
1268
1268
1268
1269
1269
1269
1269
1270
1270
1270
1270
1270
1270
1270
1271
1271
1271
1272
1272
1272
1272
1272
1273
1273
1273
1273
1273
1273
1273
1273
1274
1274
1274
1274
1274
1274
1275
1275
1275
1275
1275
1275
1275
1275
1276
1276
1276
1276
1276
1276
1276
1277
1277
1277
1277
1277
1277
1278
1278
1278
1278
1278
1278
1278
1279
1279
1279
1279
1279
1279
1279
1279
1280
1280
1280
1280
1280
1280
1280
1281
1281
1281
1281
1281
1282
1282
1282
1282
1282
1282
1283
1283
1283
1283
1283
1283
1283
1283
1283
1284
1284
1284
1284
1284
1284
1285
1285
1285
1285
1285
1285
1285
1285
1286
1286
1286
1286
1286
1286
1286
1286
1287
1287
1287
1287
1287
1287
1288
1288
1288
1288
1289
1289
1289
1289
1289
1289
1289
1289
1289
1289
1289
1290
1290
1290
1291
1291
1291
1291
1291
1291
1291
1291
1291
1292
1292
1292
1292
1292
1292
1292
1292
1293
1293
1293
1294
1294
1294
1294
1294
1294
1295
1295
1295
1295
1295
1295
1295
1295
1296
1296
1296
1296
1296
1296
1296
1296
1297
1297
1297
1297
1297
1297
1298
1298
1298
1298
1298
1299
1299
1299
1299
1299
1300
1300
1300
1300
1300
1300
1300
1301
1301
1301
1301
1301
1302
1302
1302
1302
1302
1302
1302
1303
1303
1303
1303
1303
1304
1304
1304
1304
1304
1305
1305
1305
1305
1305
1306
1306
1306
1306
1306
1306
1307
1307
1307
1307
1307
1307
1307
1307
1307
1308
1308
1308
1308
1308
1309
1309
1309
1309
1309
1309
1309
1310
1310
1310
1310
1310
1310
1311
1311
1311
1311
1311
1311
1311
1311
1311
1311
1312
1312
1312
1312
1312
1313
1313
1313
1313
1313
1313
1314
1314
1315
1315
1315
1315
1315
1315
1315
1315
1315
1315
1316
1316
1316
1316
1316
1317
1318
1318
1318
1318
1318
1318
1318
1318
1319
1319
1319
1319
1319
1319
1320
1320
1320
1320
1320
1320
1321
1321
1321
1321
1321
1321
1321
1321
1321
1321
1321
1322
1322
1322
1322
1322
1322
1322
1322
1323
1323
1323
1323
1323
1323
1324
1324
1324
1324
1325
1325
1325
1326
1326
1326
1326
1326
1326
1327
1327
1327
1327
1327
1327
1328
1328
1328
1328
1328
1328
1328
1328
1329
1329
1329
1329
1329
1330
1330
1330
1331
1331
1332
1332
1332
1332
1332
1332
1332
1332
1333
1333
1334
1334
1334
1334
1334
1334
1334
1334
1334
1334
1334
1334
1334
1334
1334
1335
1335
1335
1335
1335
1335
1335
1335
1335
1336
1336
1336
1336
1336
1336
1336
1336
1337
1337
1337
1337
1337
1337
1338
1338
1338
1338
1338
1338
1338
1339
1339
1340
1340
1340
1340
1340
1340
1341
1341
1341
1341
1342
1342
1342
1342
1343
1343
1343
1343
1343
1344
1344
1344
1344
1345
1345
1345
1345
1345
1345
1345
1346
1346
1346
1346
1346
1346
1346
1346
1346
1346
1346
1346
1347
1347
1347
1347
1347
1347
1347
1347
1347
1348
1348
1348
1348
1348
1348
1349
1349
1349
1349
1349
1349
1349
1350
1350
1350
1350
1350
1350
1350
1350
1350
1350
1351
1351
1351
1351
1351
1352
1352
1352
1352
1352
1352
1352
1353
1353
1353
1353
1353
1354
1354
1354
1354
1354
1355
1355
1355
1355
1355
1355
1355
1355
1355
1355
1355
1356
1356
1356
1356
1356
1357
1357
1357
1357
1357
1357
1357
1358
1358
1358
1358
1358
1359
1359
1359
1359
1359
1359
1359
1360
1361
1361
1362
1362
1362
1362
1362
1363
1363
1363
1364
1364
1364
1365
1365
1365
1366
1366
1366
1366
1366
1366
1366
1367
1367
1367
1367
1367
1367
1367
1367
1368
1368
1368
1369
1369
1369
1369
1369
1369
1369
1369
1369
1370
1370
1371
1371
1372
1372
1372
1372
1372
1372
1372
1372
1373
1373
1373
1374
1374
1374
1374
1375
1375
1375
1375
1375
1376
1376
1376
1376
1376
1376
1377
1377
1378
1378
1378
1378
1379
1379
1379
1380
1380
1380
1380
1380
1381
1381
1381
1381
1381
1382
1382
1382
1382
1382
1382
1383
1383
1383
1383
1383
1383
1383
1384
1384
1384
1384
1384
1384
1384
1384
1385
1385
1385
1385
1385
1385
1386
1386
1386
1386
1386
1386
1386
1386
1386
1386
1387
1387
1387
1387
1387
1387
1387
1387
1387
1388
1388
1388
1388
1388
1388
1389
1389
1389
1389
1390
1390
1390
1390
1390
1390
1390
1391
1391
1391
1391
1391
1392
1392
1392
1392
1392
1392
1392
1392
1392
1392
1392
1393
1393
1393
1393
1393
1393
1393
1393
1393
1394
1394
1394
1395
1395
1395
1395
1395
1395
1395
1396
1396
1397
1397
1397
1397
1397
1397
1397
1397
1397
1397
1397
1397
1397
1398
1398
1398
1398
1398
1398
1399
1399
1399
1399
1399
1400
1400
1400
1400
1400
1400
1400
1400
1401
1401
1401
1401
1401
1401
1401
1401
1401
1401
1401
1401
1402
1402
1402
1403
1403
1403
1404
1404
1404
1404
1404
1404
1404
1404
1404
1404
1405
1405
1405
1405
1405
1405
1405
1406
1406
1406
1406
1406
1406
1407
1407
1407
1407
1407
1408
1408
1408
1408
1408
1408
1409
1409
1409
1409
1409
1409
1409
1409
1409
1409
1410
1410
1410
1410
1410
1411
1411
1411
1411
1411
1412
1412
1412
1412
1412
1412
1412
1413
1413
1413
1413
1413
1413
1413
1413
1413
1413
1414
1414
1414
1414
1414
1415
1415
1415
1416
1416
1416
1416
1416
1416
1417
1417
1417
1417
1417
1417
1418
1418
1418
1418
1419
1419
1419
1419
1419
1419
1419
1419
1420
1420
1420
1420
1420
1420
1421
1421
1421
1421
1421
1421
1422
1422
1422
1422
1422
1423
1423
1423
1423
1423
1423
1423
1423
1423
1423
1424
1424
1424
1424
1424
1424
1424
1424
1424
1424
1425
1425
1425
1425
1425
1425
1425
1425
1425
1425
1426
1426
1426
1426
1426
1426
1426
1426
1426
1426
1426
1426
1427
1427
1427
1427
1427
1427
1428
1428
1428
1428
1428
1428
1429
1429
1429
1429
1429
1429
1429
1430
1430
1430
1431
1431
1431
1431
1432
1432
1432
1433
1433
1433
1433
1434
1434
1434
1434
1434
1435
1435
1435
1435
1435
1435
1435
1435
1436
1436
1436
1436
1437
1437
1437
1437
1437
1437
1437
1437
1437
1438
1438
1438
1438
1438
1438
1439
1439
1439
1439
1440
1440
1440
1441
1441
1441
1441
1441
1441
1442
1442
1442
1442
1442
1442
1442
1442
1442
1443
1443
1443
1443
1443
1443
1443
1444
1444
1444
1444
1444
1445
1445
1445
1445
1445
1445
1445
1446
1446
1446
1446
1446
1446
1446
1446
1447
1447
1447
1447
1447
1447
1447
1447
1448
1449
1449
1449
1449
1449
1449
1449
1449
1450
1450
1450
1450
1450
1450
1451
1451
1451
1451
1451
1451
1451
1451
1452
1452
1452
1452
1452
1453
1453
1453
1453
1453
1453
1453
1454
1454
1454
1454
1454
1455
1455
1455
1456
1456
1456
1456
1457
1457
1457
1457
1457
1457
1457
1458
1458
1458
1458
1459
1459
1459
1459
1459
1459
1459
1460
1460
1460
1460
1461
1461
1461
1461
1461
1462
1462
1462
1462
1462
1462
1462
1462
1463
1463
1463
1463
1464
1464
1464
1464
1465
1465
1466
1466
1466
1466
1466
1466
1466
1466
1467
1467
1467
1467
1467
1467
1467
1468
1468
1468
1468
1468
1469
1469
1469
1469
1470
1471
1471
1471
1471
1471
1471
1472
1472
1472
1472
1472
1472
1472
1473
1473
1473
1473
1473
1473
1473
1473
1474
1474
1474
1474
1474
1474
1475
1475
1475
1475
1476
1476
1476
1476
1477
1477
1477
1477
1477
1477
1478
1478
1478
1478
1479
1479
1479
1479
1480
1480
1480
1480
1480
1480
1480
1480
1480
1481
1481
1481
1481
1482
1482
1482
1482
1482
1482
1483
1483
1483
1483
1483
1483
1483
1484
1484
1484
1484
1484
1484
1485
1485
1485
1485
1485
1485
1486
1486
1486
1486
1486
1486
1486
1486
1486
1486
1487
1487
1487
1487
1487
1487
1488
1488
1488
1488
1488
1488
1488
1488
1488
1489
1489
1489
1489
1489
1489
1489
1489
1489
1489
1490
1490
1490
1491
1491
1491
1491
1491
1491
1491
1492
1492
1492
1492
1493
1493
1493
1494
1494
1494
1494
1494
1494
1494
1495
1495
1495
1495
1495
1496
1496
1496
1496
1496
1497
1497
1497
1497
1497
1497
1497
1498
1498
1498
1498
1498
1498
1498
1498
1499
1499
1499
1499
1499
1499
1499
1500
1500
1500
1500
1500
1501
1501
1501
1501
1501
1501
1501
1502
1502
1502
1502
1502
1502
1502
1502
1502
1503
1503
1503
1503
1503
1503
1504
1504
1504
1504
1504
1504
1505
1505
1505
1505
1505
1505
1505
1505
1505
1506
1506
1506
1506
1506
1506
1507
1507
1507
1507
1507
1507
1507
1508
1508
1509
1509
1509
1509
1509
1510
1510
1510
1510
1510
1510
1510
1511
1511
1511
1511
1512
1512
1512
1512
1512
1512
1513
1513
1513
1514
1514
1514
1514
1515
1515
1515
1515
1515
1516
1516
1516
1516
1516
1516
1517
1517
1517
1517
1518
1518
1518
1518
1518
1518
1518
1519
1519
1519
1520
1520
1520
1520
1521
1521
1521
1521
1521
1521
1521
1521
1521
1521
1521
1521
1522
1522
1522
1522
1522
1522
1523
1523
1523
1523
1523
1523
1523
1524
1524
1524
1524
1524
1525
1525
1525
1525
1525
1526
1526
1526
1526
1526
1526
1526
1527
1527
1527
1527
1527
1527
1528
1528
1528
1528
1528
1528
1528
1528
1529
1529
1529
1529
1529
1530
1530
1530
1530
1531
1531
1531
1531
1531
1532
1532
1532
1532
1532
1533
1533
1533
1534
1534
1534
1534
1535
1535
1535
1535
1535
1536
1536
1536
1537
1537
1537
1537
1537
1537
1538
1538
1538
1538
1538
1538
1538
1538
1538
1538
1538
1539
1539
1539
1539
1540
1540
1540
1540
1540
1540
1541
1541
1541
1542
1542
1542
1543
1543
1543
1543
1543
1543
1544
1544
1544
1544
1544
1545
1545
1545
1545
1545
1545
1545
1545
1546
1546
1546
1546
1546
1546
1546
1546
1546
1546
1547
1547
1547
1547
1547
1547
1547
1547
1547
1547
1548
1548
1548
1548
1548
1548
1548
1549
1549
1549
1549
1549
1550
1550
1550
1551
1551
1551
1551
1551
1551
1551
1551
1551
1552
1552
1552
1552
1552
1552
1552
1552
1553
1553
1553
1553
1553
1553
1553
1553
1554
1554
1554
1554
1554
1554
1554
1555
1555
1555
1555
1555
1555
1555
1556
1556
1556
1556
1556
1557
1557
1557
1557
1558
1558
1558
1558
1558
1559
1559
1559
1559
1559
1559
1560
1560
1560
1560
1560
1560
1561
1562
1562
1562
1562
1562
1562
1562
1562
1562
1563
1563
1563
1563
1563
1563
1564
1564
1564
1565
1565
1565
1565
1565
1565
1565
1565
1565
1566
1566
1566
1566
1566
1567
1567
1568
1568
1568
1568
1568
1569
1569
1569
1569
1570
1570
1570
1570
1571
1571
1571
1572
1572
1572
1572
1572
1572
1572
1573
1573
1573
1573
1573
1574
1574
1574
1575
1575
1575
1575
1575
1575
1575
1576
1576
1576
1576
1577
1577
1577
1577
1577
1577
1578
1578
1578
1578
1578
1578
1579
1579
1579
1580
1580
1580
1580
1580
1580
1580
1581
1581
1581
1581
1581
1581
1582
1582
1582
1582
1582
1582
1582
1583
1583
1583
1583
1583
1583
1584
1584
1584
1584
1584
1585
1585
1585
1585
1585
1585
1585
1586
1586
1586
1586
1586
1587
1588
1588
1588
1588
1588
1589
1589
1589
1589
1589
1590
1590
1590
1590
1590
1590
1591
1591
1591
1591
1591
1592
1592
1592
1593
1593
1593
1593
1593
1593
1594
1594
1594
1594
1594
1594
1594
1594
1595
1595
1595
1595
1595
1595
1596
1596
1596
1596
1596
1596
1597
1597
1597
1597
1598
1598
1598
1599
1599
1599
1599
1599
1599
1599
1599
1599
1600
1600
1600
1600
1600
1600
1600
1600
1600
1600
1600
1600
1600
1601
1601
1601
1601
1601
1601
1601
1601
1601
1602
1602
1602
1602
1603
1603
1603
1603
1603
1603
1604
1604
1604
1604
1604
1604
1604
1604
1604
1604
1605
1605
1605
1606
1606
1606
1606
1606
1606
1606
1607
1607
1607
1607
1607
1607
1607
1607
1607
1607
1608
1608
1608
1608
1608
1608
1608
1608
1609
1609
1609
1610
1610
1610
1610
1610
1610
1610
1610
1611
1611
1611
1612
1612
1612
1612
1612
1613
1614
1614
1614
1614
1614
1614
1614
1615
1615
1615
1615
1616
1616
1616
1616
1616
1616
1616
1617
1617
1617
1617
1617
1617
1618
1618
1618
1618
1618
1618
1619
1619
1619
1619
1619
1619
1619
1619
1619
1619
1619
1620
1620
1620
1620
1620
1620
1621
1621
1621
1621
1621
1621
1622
1622
1622
1622
1622
1622
1622
1622
1623
1623
1623
1623
1623
1623
1623
1623
1624
1624
1624
1624
1624
1625
1625
1625
1625
1625
1625
1625
1625
1625
1626
1626
1626
1626
1626
1627
1627
1627
1627
1627
1628
1628
1628
1628
1628
1628
1629
1629
1629
1629
1629
1630
1630
1630
1631
1631
1631
1631
1631
1631
1631
1631
1631
1631
1631
1632
1632
1632
1633
1633
1633
1633
1633
1633
1633
1633
1633
1633
1633
1633
1633
1634
1634
1634
1635
1635
1635
1636
1637
1637
1637
1637
1637
1638
1638
1639
1639
1639
1639
1639
1640
1640
1640
1640
1640
1640
1640
1640
1640
1641
1641
1641
1641
1641
1641
1641
1642
1642
1642
1642
1643
1643
1643
1643
1643
1643
1643
1643
1643
1644
1644
1645
1645
1645
1645
1645
1645
1646
1646
1646
1646
1646
1646
1647
1647
1647
1647
1647
1647
1647
1648
1648
1648
1648
1648
1649
1649
1649
1649
1649
1649
1649
1649
1650
1650
1650
1650
1651
1651
1651
1652
1652
1652
1652
1653
1653
1653
1654
1654
1654
1654
1654
1655
1655
1655
1655
1655
1656
1656
1656
1656
1656
1657
1657
1658
1658
1658
1658
1658
1658
1658
1658
1659
1659
1659
1659
1659
1659
1659
1659
1660
1660
1660
1660
1661
1661
1661
1662
1662
1662
1662
1662
1662
1663
1663
1663
1663
1663
1663
1664
1664
1664
1664
1664
1665
1665
1665
1665
1665
1665
1665
1666
1666
1666
1666
1666
1666
1666
1666
1667
1667
1667
1668
1668
1668
1668
1668
1668
1668
1668
1669
1669
1669
1669
1669
1669
1669
1670
1670
1670
1670
1670
1670
1671
1671
1671
1671
1672
1672
1672
1673
1673
1673
1673
1673
1673
1673
1673
1673
1674
1674
1674
1674
1674
1674
1675
1675
1675
1675
1676
1676
1676
1677
1677
1677
1677
1677
1677
1677
1677
1678
1678
1678
1678
1679
1679
1679
1679
1679
1679
1679
1679
1680
1680
1680
1680
1681
1681
1681
1681
1681
1681
1681
1681
1681
1682
1682
1682
1682
1682
1682
1682
1682
1683
1683
1683
1684
1684
1684
1684
1684
1684
1684
1684
1685
1685
1685
1685
1685
1686
1686
1686
1686
1686
1686
1687
1687
1687
1687
1687
1687
1687
1687
1688
1688
1688
1688
1688
1688
1689
1689
1689
1689
1689
1689
1689
1689
1689
1690
1690
1690
1690
1690
1690
1690
1691
1691
1691
1691
1692
1692
1692
1692
1692
1693
1693
1694
1694
1694
1695
1695
1695
1695
1695
1696
1696
1696
1696
1696
1696
1697
1697
1697
1697
1697
1697
1698
1698
1698
1698
1698
1699
1699
1699
1699
1699
1699
1699
1700
1700
1700
1700
1700
1701
1701
1701
1701
1701
1701
1702
1702
1702
1702
1702
1703
1703
1703
1704
1704
1705
1705
1705
1705
1705
1705
1705
1705
1706
1706
1706
1707
1707
1707
1707
1707
1708
1708
1708
1708
1708
1709
1709
1709
1709
1709
1709
1709
1709
1709
1710
1710
1710
1710
1710
1710
1710
1710
1710
1710
1711
1711
1711
1711
1712
1712
1712
1712
1713
1713
1713
1713
1714
1714
1714
1714
1714
1714
1714
1715
1715
1715
1715
1715
1715
1716
1716
1716
1716
1716
1716
1716
1717
1717
1718
1718
1718
1719
1719
1719
1720
1720
1720
1720
1721
1721
1721
1721
1721
1722
1722
1722
1722
1722
1722
1723
1723
1723
1723
1724
1724
1724
1724
1724
1724
1724
1725
1725
1725
1725
1725
1725
1725
1726
1726
1726
1726
1726
1727
1727
1727
1727
1727
1727
1728
1728
1728
1728
1729
1729
1729
1730
1730
1730
1730
1731
1731
1731
1731
1732
1732
1732
1732
1732
1732
1732
1733
1733
1733
1733
1734
1734
1734
1734
1734
1735
1735
1735
1735
1735
1736
1736
1736
1736
1736
1736
1737
1737
1737
1737
1737
1737
1738
1738
1738
1738
1738
1739
1739
1739
1739
1740
1740
1740
1740
1740
1740
1741
1741
1741
1741
1741
1741
1742
1742
1742
1742
1743
1743
1743
1743
1743
1743
1743
1744
1744
1744
1744
1745
1745
1745
1745
1745
1745
1745
1745
1746
1746
1746
1746
1746
1746
1746
1747
1747
1747
1747
1748
1748
1748
1748
1749
1749
1749
1749
1749
1750
1750
1750
1750
1751
1751
1751
1751
1752
1752
1752
1752
1752
1752
1753
1753
1753
1754
1754
1754
1755
1756
1756
1756
1756
1756
1756
1756
1756
1756
1756
1757
1757
1757
1757
1758
1758
1758
1758
1758
1758
1758
1759
1759
1759
1760
1760
1760
1760
1760
1760
1760
1761
1761
1761
1761
1761
1762
1762
1762
1762
1762
1762
1763
1763
1763
1763
1763
1764
1764
1764
1764
1764
1764
1765
1765
1765
1765
1765
1765
1766
1766
1766
1766
1767
1767
1767
1767
1767
1767
1767
1767
1768
1768
1768
1768
1768
1768
1769
1769
1769
1769
1770
1770
1770
1770
1770
1771
1771
1771
1771
1771
1771
1771
1771
1771
1772
1772
1772
1772
1772
1772
1772
1773
1773
1773
1774
1774
1774
1775
1775
1775
1775
1776
1776
1776
1777
1777
1777
1777
1777
1777
1777
1777
1777
1777
1778
1778
1779
1779
1779
1779
1780
1780
1780
1780
1780
1780
1780
1780
1780
1780
1781
1781
1782
1782
1782
1782
1782
1782
1782
1782
1782
1783
1783
1783
1783
1783
1783
1783
1784
1784
1784
1784
1784
1784
1784
1784
1785
1785
1785
1785
1785
1785
1785
1786
1786
1786
1786
1786
1786
1786
1786
1787
1787
1787
1787
1788
1788
1788
1788
1788
1788
1788
1789
1789
1789
1789
1789
1789
1789
1789
1789
1789
1789
1790
1790
1790
1790
1791
1791
1791
1791
1792
1792
1792
1793
1793
1793
1794
1794
1794
1794
1794
1794
1794
1795
1795
1795
1795
1795
1795
1795
1795
1795
1796
1796
1796
1796
1796
1797
1797
1797
1798
1798
1798
1798
1798
1798
1799
1799
1799
1799
1799
1799
1799
1799
1799
1799
1800
1800
1800
1800
1801
1801
1801
1801
1801
1801
1801
1802
1802
1803
1803
1803
1803
1803
1804
1804
1804
1804
1804
1805
1805
1805
1805
1805
1805
1806
1806
1806
1806
1806
1806
1806
1807
1807
1807
1807
1807
1807
1807
1807
1808
1808
1808
1808
1808
1808
1808
1808
1808
1809
1809
1809
1809
1809
1810
1810
1810
1810
1810
1810
1810
1811
1811
1811
1811
1811
1811
1812
1812
1812
1812
1812
1812
1812
1813
1813
1813
1813
1813
1813
1813
1813
1813
1814
1814
1815
1815
1815
1815
1815
1816
1816
1816
1816
1817
1817
1817
1817
1817
1817
1817
1817
1817
1817
1817
1817
1817
1818
1818
1818
1818
1818
1818
1818
1818
1819
1819
1819
1819
1819
1819
1819
1819
1819
1819
1819
1820
1820
1820
1820
1820
1820
1820
1820
1821
1821
1821
1821
1821
1821
1822
1822
1822
1822
1822
1823
1823
1823
1824
1824
1824
1824
1824
1824
1824
1825
1825
1825
1825
1825
1825
1826
1826
1826
1826
1826
1826
1827
1827
1827
1827
1827
1828
1828
1828
1828
1828
1828
1828
1828
1828
1829
1829
1829
1829
1829
1829
1830
1830
1830
1831
1831
1831
1831
1831
1831
1832
1832
1832
1832
1832
1833
1833
1833
1833
1833
1833
1833
1834
1834
1834
1835
1835
1835
1835
1835
1835
1835
1836
1836
1836
1836
1836
1837
1837
1837
1837
1837
1837
1837
1838
1838
1839
1839
1840
1840
1840
1840
1840
1840
1840
1841
1841
1841
1841
1841
1841
1842
1842
1842
1842
1842
1843
1843
1843
1843
1843
1843
1843
1843
1843
1844
1844
1844
1844
1844
1844
1845
1845
1845
1845
1845
1846
1846
1846
1846
1846
1846
1846
1846
1846
1846
1846
1847
1847
1847
1848
1848
1848
1848
1848
1848
1849
1849
1849
1849
1850
1850
1850
1850
1850
1850
1851
1851
1851
1851
1851
1851
1851
1851
1851
1852
1852
1852
1852
1852
1852
1853
1853
1853
1853
1853
1853
1854
1854
1854
1854
1854
1854
1854
1855
1855
1855
1855
1855
1856
1856
1856
1856
1856
1856
1856
1856
1856
1857
1857
1857
1858
1858
1858
1858
1858
1859
1859
1859
1859
1859
1859
1859
1860
1860
1860
1860
1861
1861
1861
1861
1861
1861
1861
1862
1862
1862
1862
1863
1863
1863
1863
1863
1863
1863
1864
1864
1864
1864
1864
1864
1864
1865
1865
1865
1865
1866
1866
1866
1866
1866
1867
1867
1867
1867
1867
1867
1867
1868
1868
1868
1868
1868
1868
1868
1868
1869
1869
1869
1869
1869
1869
1869
1869
1869
1869
1870
1870
1870
1870
1871
1871
1871
1871
1871
1871
1871
1871
1872
1872
1872
1872
1872
1872
1872
1873
1873
1873
1873
1873
1873
1873
1873
1874
1874
1874
1874
1874
1875
1876
1876
1876
1876
1876
1876
1876
1877
1878
1878
1878
1879
1879
1879
1879
1880
1880
1881
1881
1881
1881
1881
1881
1881
1881
1881
1881
1882
1882
1882
1882
1882
1882
1882
1882
1882
1883
1883
1883
1883
1883
1884
1884
1884
1884
1884
1884
1884
1885
1885
1885
1885
1886
1886
1886
1886
1886
1886
1886
1886
1887
1887
1887
1887
1888
1888
1888
1888
1888
1888
1888
1888
1889
1889
1889
1889
1889
1889
1889
1889
1890
1890
1890
1890
1890
1890
1891
1891
1891
1891
1892
1892
1892
1892
1892
1893
1893
1893
1893
1893
1894
1894
1894
1894
1894
1894
1894
1895
1895
1895
1895
1895
1895
1895
1895
1896
1896
1896
1896
1896
1896
1897
1897
1897
1897
1897
1897
1897
1898
1899
1899
1899
1899
1899
1899
1900
1900
1900
1900
1900
1901
1901
1901
1901
1901
1901
1901
1902
1902
1902
1902
1903
1903
1903
1903
1903
1904
1904
1904
1904
1904
1904
1904
1904
1904
1905
1905
1905
1905
1905
1905
1906
1906
1906
1906
1906
1906
1907
1907
1907
1907
1908
1908
1908
1908
1908
1909
1909
1909
1910
1910
1910
1910
1911
1911
1911
1911
1912
1912
1912
1912
1912
1912
1912
1913
1913
1913
1913
1913
1913
1914
1914
1914
1914
1914
1914
1914
1914
1914
1914
1914
1914
1915
1915
1915
1915
1915
1916
1916
1916
1916
1916
1916
1916
1916
1916
1916
1916
1916
1917
1917
1917
1917
1917
1917
1917
1917
1918
1918
1918
1918
1918
1918
1918
1918
1919
1919
1919
1919
1919
1919
1919
1919
1919
1919
1919
1919
1920
1920
1920
1921
1921
1921
1921
1921
1921
1922
1922
1922
1922
1923
1923
1923
1924
1924
1924
1924
1925
1925
1925
1925
1925
1925
1926
1926
1926
1926
1926
1926
1926
1927
1927
1927
1927
1927
1927
1927
1927
1928
1928
1928
1928
1928
1928
1929
1930
1930
1930
1930
1930
1931
1932
1932
1932
1932
1932
1932
1933
1933
1933
1933
1933
1933
1933
1933
1934
1934
1934
1934
1934
1934
1934
1935
1935
1935
1935
1936
1936
1936
1936
1936
1936
1936
1936
1936
1937
1937
1937
1937
1937
1938
1938
1938
1938
1939
1939
1939
1939
1939
1939
1939
1939
1939
1940
1940
1940
1940
1940
1940
1940
1941
1941
1941
1941
1941
1941
1942
1942
1942
1942
1942
1942
1942
1943
1943
1943
1943
1944
1944
1944
1944
1944
1944
1944
1944
1944
1944
1945
1945
1945
1945
1945
1946
1946
1946
1946
1946
1946
1946
1947
1947
1947
1947
1948
1948
1948
1948
1948
1948
1949
1949
1949
1949
1949
1950
1950
1950
1950
1951
1951
1951
1951
1951
1952
1952
1952
1952
1952
1953
1953
1953
1953
1954
1954
1954
1954
1954
1954
1954
1954
1955
1955
1955
1955
1955
1956
1956
1956
1956
1956
1956
1957
1957
1957
1957
1957
1957
1958
1958
1958
1958
1958
1958
1958
1959
1959
1959
1959
1959
1960
1960
1960
1960
1960
1960
1960
1960
1960
1960
1960
1960
1961
1961
1961
1961
1962
1963
1963
1963
1963
1963
1963
1964
1964
1964
1964
1964
1964
1964
1965
1965
1965
1965
1965
1965
1965
1966
1966
1966
1966
1966
1967
1967
1967
1967
1968
1968
1968
1968
1968
1969
1969
1969
1969
1969
1969
1970
1970
1970
1970
1970
1970
1971
1971
1971
1971
1971
1971
1971
1971
1971
1971
1972
1972
1972
1972
1973
1973
1973
1973
1973
1974
1974
1974
1974
1974
1974
1974
1974
1974
1975
1975
1975
1975
1975
1975
1975
1975
1976
1976
1976
1976
1976
1976
1977
1977
1978
1978
1978
1978
1978
1978
1978
1978
1978
1978
1979
1979
1979
1979
1979
1979
1979
1979
1979
1980
1980
1980
1980
1981
1981
1981
1981
1981
1981
1982
1982
1982
1982
1982
1983
1984
1984
1984
1984
1985
1985
1985
1985
1985
1985
1985
1986
1986
1986
1986
1986
1986
1987
1987
1987
1987
1987
1987
1987
1988
1988
1988
1988
1988
1988
1989
1989
1990
1990
1990
1990
1990
1991
1991
1991
1991
1991
1991
1991
1992
1992
1992
1992
1992
1993
1993
1993
1993
1994
1994
1994
1994
1994
1994
1995
1995
1995
1996
1996
1996
1996
1996
1996
1996
1997
1997
1997
1998
1998
1998
1998
1998
1998
1999
1999
2000
2000
2000
2000
2000
2000
