
570
, 38
, 46
, 67
, 17
, 55
, 29
, 5
, 79
, 82
, 2
, 37
, 47
, 12
, 72
, 76
, 8
, 31
, 53
, 22
, 62
, 80
, 4
, 60
, 24
, 50
, 34
, 14
, 70
, 65
, 19
, 65
, 19
, 78
, 6
, 79
, 5
, 76
, 8
, 60
, 24
, 14
, 70
, 28
, 56
, 30
, 54
, 76
, 8
, 82
, 2
, 77
, 7
, 34
, 50
, 43
, 41
, 41
, 43
, 30
, 54
, 48
, 36
, 74
, 10
, 31
, 53
, 27
, 57
, 73
, 11
, 76
, 8
, 70
, 14
, 22
, 62
, 15
, 69
, 3
, 81
, 50
, 34
, 57
, 27
, 64
, 20
, 66
, 18
, 5
, 79
, 47
, 37
, 81
, 3
, 18
, 66
, 57
, 27
, 63
, 21
, 3
, 81
, 12
, 72
, 16
, 68
, 78
, 6
, 8
, 76
, 75
, 9
, 34
, 50
, 21
, 63
, 65
, 19
, 37
, 47
, 10
, 74
, 26
, 58
, 74
, 10
, 13
, 71
, 75
, 9
, 77
, 7
, 65
, 19
, 69
, 15
, 8
, 76
, 28
, 56
, 76
, 8
, 74
, 10
, 4
, 80
, 59
, 25
, 73
, 11
, 54
, 30
, 70
, 14
, 3
, 81
, 35
, 49
, 37
, 47
, 56
, 28
, 49
, 35
, 60
, 24
, 5
, 79
, 33
, 51
, 75
, 9
, 71
, 13
, 62
, 22
, 72
, 12
, 57
, 27
, 68
, 16
, 53
, 31
, 37
, 47
, 56
, 28
, 62
, 22
, 63
, 21
, 40
, 44
, 38
, 46
, 6
, 78
, 64
, 20
, 61
, 23
, 78
, 6
, 61
, 23
, 8
, 76
, 62
, 22
, 14
, 70
, 66
, 18
, 79
, 5
, 29
, 55
, 35
, 49
, 60
, 24
, 40
, 44
, 71
, 13
, 18
, 66
, 3
, 81
, 82
, 2
, 6
, 78
, 16
, 68
, 21
, 63
, 18
, 66
, 4
, 80
, 2
, 82
, 82
, 2
, 6
, 78
, 37
, 47
, 66
, 18
, 67
, 17
, 30
, 54
, 5
, 79
, 32
, 52
, 11
, 73
, 32
, 52
, 23
, 61
, 81
, 3
, 31
, 53
, 6
, 78
, 80
, 4
, 78
, 6
, 17
, 67
, 20
, 64
, 53
, 31
, 24
, 60
, 68
, 16
, 2
, 82
, 29
, 55
, 53
, 31
, 28
, 56
, 77
, 7
, 52
, 32
, 9
, 75
, 81
, 3
, 82
, 2
, 57
, 27
, 71
, 13
, 26
, 58
, 35
, 49
, 12
, 72
, 5
, 79
, 58
, 26
, 15
, 69
, 66
, 18
, 10
, 74
, 30
, 54
, 37
, 47
, 71
, 13
, 21
, 63
, 58
, 26
, 18
, 66
, 67
, 17
, 76
, 8
, 50
, 34
, 36
, 48
, 69
, 15
, 80
, 4
, 3
, 81
, 30
, 54
, 44
, 40
, 63
, 21
, 38
, 46
, 40
, 44
, 81
, 3
, 46
, 38
, 7
, 77
, 35
, 49
, 48
, 36
, 45
, 39
, 41
, 43
, 32
, 52
, 32
, 52
, 31
, 53
, 53
, 31
, 8
, 76
, 36
, 48
, 15
, 69
, 79
, 5
, 21
, 63
, 19
, 65
, 9
, 75
, 37
, 47
, 11
, 73
, 75
, 9
, 37
, 47
, 78
, 6
, 21
, 63
, 22
, 62
, 67
, 17
, 63
, 21
, 77
, 7
, 20
, 64
, 18
, 66
, 39
, 45
, 31
, 53
, 68
, 16
, 17
, 67
, 6
, 78
, 79
, 5
, 11
, 73
, 36
, 48
, 50
, 34
, 78
, 6
, 43
, 41
, 81
, 3
, 73
, 11
, 48
, 36
, 13
, 71
, 7
, 77
, 46
, 38
, 4
, 80
, 44
, 40
, 74
, 10
, 32
, 52
, 29
, 55
, 80
, 4
, 2
, 82
, 8
, 76
, 45
, 39
, 35
, 49
, 3
, 81
, 73
, 11
, 27
, 57
, 54
, 30
, 11
, 73
, 11
, 73
, 39
, 45
, 36
, 48
, 57
, 27
, 34
, 50
, 1
, 83
, 22
, 62
, 16
, 68
, 56
, 28
, 30
, 54
, 65
, 19
, 36
, 48
, 28
, 56
, 20
, 64
, 14
, 70
, 35
, 49
, 77
, 7
, 46
, 38
, 36
, 48
, 20
, 64
, 42
, 42
, 40
, 44
, 44
, 40
, 16
, 68
, 4
, 80
, 62
, 22
, 12
, 72
, 37
, 47
, 2
, 82
, 73
, 11
, 54
, 30
, 80
, 4
, 26
, 58
, 45
, 39
, 58
, 26
, 53
, 31
, 81
, 3
, 62
, 22
, 82
, 2
, 81
, 3
, 40
, 44
, 62
, 22
, 20
, 64
, 80
, 4
, 50
, 34
, 41
, 43
, 61
, 23
, 18
, 66
, 16
, 68
, 19
, 65
, 8
, 76
, 51
, 33
, 76
, 8
, 47
, 37
, 40
, 44
, 48
, 36
, 62
, 22
, 14
, 70
, 10
, 74
, 62
, 22
, 52
, 32
, 2
, 82
, 37
, 47
, 10
, 74
, 28
, 56
, 50
, 34
, 42
, 42
, 41
, 43
, 36
, 48
, 3
, 81
, 54
, 30
, 27
, 57
, 29
, 55
, 9
, 75
, 66
, 18
, 79
, 5
, 20
, 64
, 56
, 28
, 81
, 3
, 19
, 65
, 70
, 14
, 34
, 50
, 65
, 19
, 53
, 31
, 75
, 9
, 69
, 15
, 6
, 78
, 79
, 5
, 81
, 3
, 29
, 55
, 73
, 11
, 77
, 7
, 77
, 7
, 40
, 44
, 4
, 80
, 68
, 16
, 16
, 68
, 46
, 38
, 31
, 53
, 3
, 81
, 8
, 76
, 66
, 18
, 30
, 54
, 70
, 14
, 17
, 67
, 48
, 36
, 31
, 53
, 31
, 53
, 65
, 19
, 70
, 14
, 23
, 61
, 49
, 35
, 38
, 46
, 80
, 4
, 72
, 12
, 76
, 8
, 34
, 50
, 80
, 4
, 70
, 14
, 81
, 3
, 67
, 17
, 37
, 47
, 16
, 68
, 44
, 40
, 7
, 77
, 41
, 43
, 38
, 46
, 65
, 19
, 69
, 15
, 42
, 42
, 7
, 77
, 8
, 76
, 6
, 78
, 46
, 38
, 36
, 48
, 66
, 18
, 29
, 55
, 48
, 36
, 72
, 12
, 31
, 53
, 37
, 47
, 79
, 5
, 22
, 62
, 5
, 79
, 36
, 48
, 21
, 63
, 67
, 17
, 42
, 42
, 51
, 33
, 21
, 63
, 40
, 44
, 12
, 72
, 59
, 25
, 37
, 47
, 9
, 75
, 7
, 77
, 46
, 38
, 36
, 48
, 74
, 10
, 33
, 51
, 55
, 29
, 48
, 36
, 32
, 52
, 58
, 26
, 24
, 60
, 80
, 4
, 56
, 28
, 8
, 76
, 36
, 48
, 75
, 9
, 5
, 79
, 7
, 77
, 50
, 34
, 68
, 16
, 71
, 13
, 79
, 5
, 16
, 68
, 2
, 82
, 47
, 37
, 80
, 4
, 75
, 9
, 14
, 70
, 15
, 69
, 64
, 20
, 15
, 69
, 21
, 63
, 78
, 6
, 47
, 37
, 7
, 77
, 59
, 25
, 56
, 28
, 50
, 34
, 11
, 73
, 19
, 65
, 20
, 64
, 23
, 61
, 20
, 64
, 30
, 54
, 32
, 52
, 63
, 21
, 14
, 70
, 60
, 24
, 42
, 42
, 34
, 50
, 68
, 16
, 5
, 79
, 57
, 27
, 67
, 17
, 17
, 67
, 54
, 30
, 53
, 31
, 27
, 57
, 65
, 19
, 50
, 34
, 72
, 12
, 15
, 69
, 46
, 38
, 16
, 68
, 29
, 55
, 21
, 63
, 73
, 11
, 65
, 19
, 68
, 16
, 9
, 75
, 35
, 49
, 39
, 45
, 41
, 43
, 7
, 77
, 28
, 56
, 48
, 36
, 18
, 66
, 68
, 16
, 11
, 73
, 42
, 42
, 30
, 54
, 48
, 36
, 67
, 17
, 51
, 33
, 71
, 13
, 74
, 10
, 7
, 77
, 1
, 83
, 11
, 73
, 47
, 37
, 35
, 49
, 25
, 59
, 73
, 11
, 70
, 14
, 52
, 32
, 30
, 54
, 34
, 50
, 29
, 55
, 21
, 63
, 42
, 42
, 37
, 47
, 11
, 73
, 28
, 56
, 39
, 45
, 66
, 18
, 71
, 13
, 8
, 76
, 61
, 23
, 45
, 39
, 56
, 28
, 75
, 9
, 18
, 66
, 65
, 19
, 73
, 11
, 11
, 73
, 32
, 52
, 17
, 67
, 40
, 44
, 35
, 49
, 17
, 67
, 40
, 44
, 50
, 34
, 10
, 74
, 4
, 80
, 73
, 11
, 14
, 70
, 16
, 68
, 75
, 9
, 5
, 79
, 78
, 6
, 32
, 52
, 76
, 8
, 10
, 74
, 60
, 24
, 49
, 35
, 54
, 30
, 23
, 61
, 52
, 32
, 9
, 75
, 72
, 12
, 63
, 21
, 17
, 67
, 64
, 20
, 61
, 23
, 71
, 13
, 65
, 19
, 76
, 8
, 29
, 55
, 60
, 24
, 38
, 46
, 74
, 10
, 70
, 14
, 80
, 4
, 1
, 83
, 54
, 30
, 82
, 2
, 68
, 16
, 23
, 61
, 7
, 77
, 31
, 53
, 43
, 41
, 48
, 36
, 12
, 72
, 4
, 80
, 78
, 6
, 35
, 49
, 14
, 70
, 67
, 17
, 26
, 58
, 62
, 22
, 8
, 76
, 70
, 14
, 10
, 74
, 16
, 68
