
57
, 154
, 56
, 88
, 122
, 157
, 53
, 56
, 154
, 95
, 115
, 142
, 68
, 132
, 78
, 39
, 171
, 194
, 16
, 124
, 86
, 165
, 45
, 26
, 184
, 161
, 49
, 170
, 40
, 130
, 80
, 179
, 31
, 205
, 5
, 154
, 56
, 25
, 185
, 6
, 204
, 56
, 154
, 130
, 80
, 108
, 102
, 200
, 10
, 175
, 35
, 67
, 143
, 102
, 108
, 206
, 4
, 57
, 153
, 39
, 171
, 147
, 63
, 135
, 75
, 161
, 49
, 39
, 171
, 134
, 76
, 29
, 181
, 64
, 146
, 7
, 203
, 140
, 70
, 122
, 88
, 196
, 14
, 13
, 197
, 104
, 106
, 195
, 15
, 59
, 151
, 77
, 133
, 157
, 53
, 156
, 54
, 196
, 14
, 41
, 169
, 179
, 31
, 186
, 24
, 190
, 20
, 169
, 41
, 183
, 27
, 175
, 35
, 84
, 126
