
57
, 65
, 146
, 194
, 17
, 105
, 106
, 150
, 61
, 32
, 179
, 120
, 91
, 64
, 147
, 150
, 61
, 150
, 61
, 107
, 104
, 134
, 77
, 37
, 174
, 46
, 165
, 203
, 8
, 49
, 162
, 58
, 153
, 177
, 34
, 61
, 150
, 125
, 86
, 92
, 119
, 130
, 81
, 105
, 106
, 57
, 154
, 119
, 92
, 100
, 111
, 11
, 200
, 104
, 107
, 38
, 173
, 62
, 149
, 177
, 34
, 168
, 43
, 192
, 19
, 99
, 112
, 171
, 40
, 9
, 202
, 22
, 189
, 46
, 165
, 4
, 207
, 184
, 27
, 132
, 79
, 180
, 31
, 59
, 152
, 208
, 3
, 98
, 113
, 11
, 200
, 81
, 130
, 174
, 37
, 52
, 159
, 24
, 187
, 93
, 118
, 2
, 209
, 68
, 143
, 52
, 159
, 37
, 174
, 106
, 105
, 181
, 30
, 154
, 40
, 17
