
580
, 20
, 110
, 77
, 53
, 51
, 79
, 49
, 81
, 51
, 79
, 72
, 58
, 14
, 116
, 58
, 72
, 34
, 96
, 55
, 75
, 114
, 16
, 18
, 112
, 40
, 90
, 20
, 110
, 65
, 65
, 14
, 116
, 27
, 103
, 112
, 18
, 15
, 115
, 49
, 81
, 37
, 93
, 44
, 86
, 12
, 118
, 83
, 47
, 39
, 91
, 121
, 9
, 43
, 87
, 102
, 28
, 60
, 70
, 108
, 22
, 127
, 3
, 29
, 101
, 29
, 101
, 82
, 48
, 115
, 15
, 2
, 128
, 43
, 87
, 115
, 15
, 83
, 47
, 83
, 47
, 1
, 129
, 39
, 91
, 72
, 58
, 32
, 98
, 55
, 75
, 6
, 124
, 55
, 75
, 88
, 42
, 113
, 17
, 49
, 81
, 51
, 79
, 62
, 68
, 52
, 78
, 44
, 86
, 38
, 92
, 38
, 92
, 102
, 28
, 74
, 56
, 55
, 75
, 117
, 13
, 106
, 24
, 62
, 68
, 70
, 60
, 104
, 26
, 63
, 67
, 58
, 72
, 70
, 60
, 106
, 24
, 62
, 68
, 88
, 42
, 125
, 5
, 21
, 109
, 46
, 84
, 101
, 29
, 8
, 122
, 32
, 98
, 89
, 41
, 123
, 7
, 23
, 107
, 88
, 42
, 5
, 125
, 108
, 22
, 86
, 44
, 44
, 86
, 63
, 67
, 81
, 49
, 75
, 55
, 78
, 52
, 61
, 69
, 9
, 121
, 92
, 38
, 61
, 69
, 105
, 25
, 35
, 95
, 103
, 27
, 111
, 19
, 23
, 107
, 44
, 86
, 100
, 30
, 4
, 126
, 66
, 64
, 38
, 92
, 81
, 49
, 46
, 84
, 69
, 61
, 38
, 92
, 62
, 68
, 112
, 18
, 70
, 60
, 32
, 98
, 42
, 88
, 71
, 59
, 46
, 84
, 22
, 108
, 97
, 33
, 10
, 120
, 88
, 42
, 101
, 29
, 44
, 86
, 70
, 60
, 117
, 13
, 42
, 88
, 86
, 44
, 84
, 46
, 24
, 106
, 45
, 85
, 68
, 62
, 53
, 77
, 50
, 80
, 16
, 114
, 52
, 78
, 56
, 74
, 118
, 12
, 36
, 94
, 52
, 78
, 72
, 58
, 95
, 35
, 41
, 89
, 42
, 88
, 43
, 87
, 25
, 105
, 90
, 40
, 61
, 69
, 26
, 104
, 37
, 93
, 50
, 80
, 118
, 12
, 109
, 21
, 126
, 4
, 56
, 74
, 79
, 51
, 51
, 79
, 47
, 83
, 24
, 106
, 28
, 102
, 103
, 27
, 46
, 84
, 96
, 34
, 112
, 18
, 57
, 73
, 114
, 16
, 9
, 121
, 30
, 100
, 46
, 84
, 103
, 27
, 110
, 20
, 25
, 105
, 53
, 77
, 128
, 2
, 100
, 30
, 124
, 6
, 23
, 107
, 55
, 75
, 95
, 35
, 3
, 127
, 12
, 118
, 57
, 73
, 101
, 29
, 35
, 95
, 64
, 66
, 105
, 25
, 32
, 98
, 85
, 45
, 120
, 10
, 24
, 106
, 10
, 120
, 64
, 66
, 67
, 63
, 53
, 77
, 33
, 97
, 118
, 12
, 116
, 14
, 77
, 53
, 95
, 35
, 82
, 48
, 45
, 85
, 104
, 26
, 26
, 104
, 32
, 98
, 114
, 16
, 79
, 51
, 36
, 94
, 89
, 41
, 13
, 117
, 127
, 3
, 85
, 45
, 51
, 79
, 118
, 12
, 112
, 18
, 47
, 83
, 91
, 39
, 99
, 31
, 88
, 42
, 44
, 86
, 7
, 123
, 51
, 79
, 11
, 119
, 30
, 100
, 2
, 128
, 40
, 90
, 128
, 2
, 107
, 23
, 67
, 63
, 42
, 88
, 103
, 27
, 23
, 107
, 14
, 116
, 58
, 72
, 33
, 97
, 81
, 49
, 11
, 119
, 111
, 19
, 66
, 64
, 69
, 61
, 14
, 116
, 99
, 31
, 38
, 92
, 35
, 95
, 72
, 58
, 111
, 19
, 6
, 124
, 7
, 123
, 87
, 43
, 85
, 45
, 95
, 35
, 95
, 35
, 122
, 8
, 3
, 127
, 28
, 102
, 81
, 49
, 21
, 109
, 125
, 5
, 14
, 116
, 116
, 14
, 87
, 43
, 15
, 115
, 7
, 123
, 72
, 58
, 62
, 68
, 15
, 115
, 54
, 76
, 39
, 91
, 82
, 48
, 72
, 58
, 123
, 7
, 82
, 48
, 85
, 45
, 8
, 122
, 121
, 9
, 61
, 69
, 54
, 76
, 103
, 27
, 30
, 100
, 73
, 57
, 22
, 108
, 94
, 36
, 41
, 89
, 23
, 107
, 23
, 107
, 114
, 16
, 113
, 17
, 104
, 26
, 123
, 7
, 80
, 50
, 73
, 57
, 102
, 28
, 90
, 40
, 46
, 84
, 9
, 121
, 49
, 81
, 18
, 112
, 45
, 85
, 106
, 24
, 29
, 101
, 31
, 99
, 54
, 76
, 63
, 67
, 61
, 69
, 117
, 13
, 53
, 77
, 3
, 127
, 84
, 46
, 44
, 86
, 124
, 6
, 64
, 66
, 24
, 106
, 56
, 74
, 6
, 124
, 119
, 11
, 93
, 37
, 124
, 6
, 40
, 90
, 110
, 20
, 83
, 47
, 56
, 74
, 37
, 93
, 106
, 24
, 82
, 48
, 89
, 41
, 28
, 102
, 1
, 129
, 121
, 9
, 15
, 115
, 78
, 52
, 61
, 69
, 7
, 123
, 94
, 36
, 87
, 43
, 81
, 49
, 107
, 23
, 62
, 68
, 42
, 88
, 117
, 13
, 59
, 71
, 61
, 69
, 64
, 66
, 103
, 27
, 21
, 109
, 128
, 2
, 21
, 109
, 22
, 108
, 104
, 26
, 45
, 85
, 71
, 59
, 63
, 67
, 48
, 82
, 72
, 58
, 70
, 60
, 26
, 104
, 23
, 107
, 125
, 5
, 42
, 88
, 9
, 121
, 111
, 19
, 56
, 74
, 77
, 53
, 47
, 83
, 104
, 26
, 108
, 22
, 86
, 44
, 105
, 25
, 111
, 19
, 55
, 75
, 33
, 97
, 38
, 92
, 127
, 3
, 71
, 59
, 11
, 119
, 93
, 37
, 126
, 4
, 89
, 41
, 71
, 59
, 36
, 94
, 3
, 127
, 88
, 42
, 103
, 27
, 47
, 83
, 80
, 50
, 23
, 107
, 124
, 6
, 79
, 51
, 99
, 31
, 66
, 64
, 67
, 63
, 108
, 22
, 36
, 94
, 82
, 48
, 89
, 41
, 26
, 104
, 89
, 41
, 125
, 5
, 118
, 12
, 18
, 112
, 41
, 89
, 112
, 18
, 59
, 71
, 71
, 59
, 120
, 10
, 93
, 37
, 64
, 66
, 101
, 29
, 77
, 53
, 43
, 87
, 128
, 2
, 123
, 7
, 84
, 46
, 109
, 21
, 123
, 7
, 126
, 4
, 9
, 121
, 126
, 4
, 6
, 124
, 106
, 24
, 100
, 30
, 18
, 112
, 94
, 36
, 51
, 79
, 123
, 7
, 4
, 126
, 37
, 93
, 116
, 14
, 92
, 38
, 103
, 27
, 79
, 51
, 63
, 67
, 102
, 28
, 95
, 35
, 65
, 65
, 38
, 92
, 125
, 5
, 80
, 50
, 57
, 73
, 11
, 119
, 121
, 9
, 26
, 104
, 10
, 120
, 119
, 11
, 4
, 126
, 99
, 31
, 62
, 68
, 15
, 115
, 84
, 46
, 43
, 87
, 53
, 77
, 92
, 38
, 38
, 92
, 57
, 73
, 101
, 29
, 32
, 98
, 95
, 35
, 43
, 87
, 81
, 49
, 94
, 36
, 35
, 95
, 103
, 27
, 35
, 95
, 23
, 107
, 53
, 77
, 114
, 16
, 18
, 112
, 82
, 48
, 91
, 39
, 33
, 97
, 19
, 111
, 88
, 42
, 34
, 96
, 17
, 113
, 115
, 15
, 116
, 14
, 27
, 103
, 96
, 34
, 42
, 88
, 31
, 99
, 77
, 53
, 42
, 88
, 83
, 47
, 21
, 109
, 63
, 67
, 18
, 112
, 61
, 69
, 15
, 115
, 48
, 82
, 88
, 42
, 59
, 71
, 38
, 92
, 37
, 93
, 33
, 97
, 68
, 62
, 103
, 27
, 105
, 25
, 110
, 20
, 103
, 27
, 111
, 19
, 35
, 95
, 18
, 112
, 84
, 46
, 67
, 63
, 70
, 60
, 22
, 108
, 70
, 60
, 104
, 26
, 29
, 101
, 94
, 36
, 80
, 50
, 46
, 84
, 90
, 40
, 35
, 95
, 109
, 21
, 45
, 85
, 14
, 116
, 107
, 23
, 118
, 12
, 65
, 65
, 64
, 66
, 48
, 82
, 43
, 87
, 2
, 128
, 42
, 88
, 1
, 129
, 4
, 126
, 128
, 2
, 118
, 12
, 35
, 95
, 117
, 13
, 64
, 66
, 89
, 41
, 66
, 64
, 96
, 34
, 18
, 112
, 2
, 128
, 77
, 53
, 90
, 40
, 84
, 46
, 92
, 38
, 67
, 63
, 89
, 41
, 27
, 103
, 118
, 12
, 121
, 9
, 109
, 21
, 31
, 99
, 68
, 62
, 3
, 127
, 33
, 97
, 86
, 44
, 9
, 121
, 124
, 6
, 38
, 92
, 90
, 40
, 68
, 62
, 69
, 61
, 15
, 115
, 63
, 67
, 119
, 11
, 56
, 74
, 71
, 59
, 112
, 18
, 18
, 112
, 71
, 59
, 42
, 88
, 115
, 15
, 91
, 39
, 48
, 82
, 58
, 72
, 114
, 16
, 71
, 59
, 81
, 49
, 9
, 121
, 47
, 83
, 110
, 20
, 12
, 118
, 126
, 4
, 7
, 123
, 114
, 16
, 27
, 103
, 37
, 93
, 80
, 50
, 100
, 30
, 56
, 74
, 100
, 30
