
58
, 64
, 172
, 162
, 74
, 221
, 15
, 64
, 172
, 224
, 12
, 77
, 159
, 23
, 213
, 78
, 158
, 50
, 186
, 220
, 16
, 49
, 187
, 84
, 152
, 90
, 146
, 72
, 164
, 1
, 235
, 115
, 121
, 22
, 214
, 186
, 50
, 35
, 201
, 25
, 211
, 28
, 208
, 154
, 82
, 136
, 100
, 14
, 222
, 90
, 146
, 234
, 2
, 178
, 58
, 166
, 70
, 123
, 113
, 66
, 170
, 141
, 95
, 19
, 217
, 148
, 88
, 221
, 15
, 131
, 105
, 40
, 196
, 112
, 124
, 229
, 7
, 8
, 228
, 195
, 41
, 125
, 111
, 31
, 205
, 198
, 38
, 10
, 226
, 195
, 41
, 83
, 153
, 187
, 49
, 207
, 29
, 213
, 23
, 42
, 194
, 78
, 158
, 112
, 124
, 218
, 18
, 225
, 11
, 103
, 133
, 20
, 216
, 67
, 169
, 98
, 12
, 126
