
590
, 58
, 85
, 92
, 51
, 124
, 19
, 123
, 20
, 29
, 114
, 105
, 38
, 16
, 127
, 120
, 23
, 128
, 15
, 17
, 126
, 54
, 89
, 73
, 70
, 38
, 105
, 27
, 116
, 83
, 60
, 2
, 141
, 117
, 26
, 20
, 123
, 108
, 35
, 73
, 70
, 38
, 105
, 29
, 114
, 51
, 92
, 14
, 129
, 46
, 97
, 105
, 38
, 35
, 108
, 12
, 131
, 130
, 13
, 107
, 36
, 109
, 34
, 113
, 30
, 45
, 98
, 138
, 5
, 134
, 9
, 9
, 134
, 113
, 30
, 43
, 100
, 66
, 77
, 110
, 33
, 137
, 6
, 29
, 114
, 66
, 77
, 41
, 102
, 110
, 33
, 50
, 93
, 134
, 9
, 38
, 105
, 122
, 21
, 99
, 44
, 89
, 54
, 134
, 9
, 87
, 56
, 62
, 81
, 112
, 31
, 130
, 13
, 105
, 38
, 103
, 40
, 45
, 98
, 53
, 90
, 29
, 114
, 132
, 11
, 8
, 135
, 19
, 124
, 99
, 44
, 4
, 139
, 125
, 18
, 47
, 96
, 84
, 59
, 51
, 92
, 19
, 124
, 140
, 3
, 93
, 50
, 47
, 96
, 88
, 55
, 5
, 138
, 79
, 64
, 21
, 122
, 68
, 75
, 23
, 120
, 76
, 67
, 40
, 103
, 114
, 29
, 46
, 97
, 136
, 7
, 123
, 20
, 33
, 110
, 134
, 9
, 92
, 51
, 23
, 120
, 60
, 83
, 49
, 94
, 80
, 63
, 127
, 16
, 124
, 19
, 56
, 87
, 136
, 7
, 33
, 110
, 126
, 17
, 17
, 126
, 23
, 120
, 121
, 22
, 79
, 64
, 45
, 98
, 72
, 71
, 26
, 117
, 5
, 138
, 89
, 54
, 90
, 53
, 122
, 21
, 39
, 104
, 101
, 42
, 137
, 6
, 19
, 124
, 12
, 131
, 116
, 27
, 26
, 117
, 116
, 27
, 134
, 9
, 37
, 106
, 137
, 6
, 53
, 90
, 133
, 10
, 27
, 116
, 12
, 131
, 28
, 115
, 124
, 19
, 36
, 107
, 28
, 115
, 55
, 88
, 131
, 12
, 5
, 138
, 65
, 78
, 67
, 76
, 22
, 121
, 123
, 20
, 33
, 110
, 114
, 29
, 119
, 24
, 48
, 95
, 20
, 123
, 27
, 116
, 94
, 49
, 61
, 82
, 139
, 4
, 120
, 23
, 102
, 41
, 48
, 95
, 133
, 10
, 92
, 51
, 138
, 5
, 136
, 7
, 71
, 72
, 37
, 106
, 128
, 15
, 76
, 67
, 3
, 140
, 22
, 121
, 88
, 55
, 92
, 51
, 127
, 16
, 130
, 13
, 48
, 95
, 22
, 121
, 124
, 19
, 26
, 117
, 69
, 74
, 67
, 76
, 126
, 17
, 57
, 86
, 83
, 60
, 124
, 19
, 35
, 108
, 37
, 106
, 17
, 126
, 138
, 5
, 10
, 133
, 82
, 61
, 132
, 11
, 70
, 73
, 70
, 73
, 35
, 108
, 87
, 56
, 74
, 69
, 59
, 84
, 69
, 74
, 117
, 26
, 127
, 16
, 30
, 113
, 109
, 34
, 116
, 27
, 6
, 137
, 111
, 32
, 49
, 94
, 79
, 64
, 59
, 84
, 93
, 50
, 20
, 123
, 14
, 129
, 64
, 79
, 32
, 111
, 31
, 112
, 111
, 32
, 127
, 16
, 120
, 23
, 48
, 95
, 123
, 20
, 43
, 100
, 31
, 112
, 6
, 137
, 8
, 135
, 14
, 129
, 28
, 115
, 109
, 34
, 90
, 53
, 68
, 75
, 37
, 106
, 38
, 105
, 50
, 93
, 96
, 47
, 117
, 26
, 48
, 95
, 45
, 98
, 44
, 99
, 80
, 63
, 121
, 22
, 24
, 119
, 92
, 51
, 82
, 61
, 74
, 69
, 48
, 95
, 66
, 77
, 106
, 37
, 66
, 77
, 129
, 14
, 87
, 56
, 124
, 19
, 88
, 55
, 139
, 4
, 104
, 39
, 69
, 74
, 125
, 18
, 52
, 91
, 131
, 12
, 89
, 54
, 101
, 42
, 79
, 64
, 68
, 75
, 106
, 37
, 127
, 16
, 133
, 10
, 136
, 7
, 70
, 73
, 45
, 98
, 108
, 35
, 68
, 75
, 59
, 84
, 1
, 142
, 46
, 97
, 97
, 46
, 59
, 84
, 26
, 117
, 138
, 5
, 24
, 119
, 1
, 142
, 111
, 32
, 136
, 7
, 41
, 102
, 18
, 125
, 47
, 96
, 42
, 101
, 133
, 10
, 133
, 10
, 91
, 52
, 139
, 4
, 41
, 102
, 140
, 3
, 96
, 47
, 13
, 130
, 78
, 65
, 69
, 74
, 130
, 13
, 121
, 22
, 133
, 10
, 1
, 142
, 61
, 82
, 55
, 88
, 88
, 55
, 47
, 96
, 41
, 102
, 112
, 31
, 69
, 74
, 1
, 142
, 63
, 80
, 120
, 23
, 98
, 45
, 113
, 30
, 57
, 86
, 122
, 21
, 100
, 43
, 28
, 115
, 105
, 38
, 107
, 36
, 104
, 39
, 48
, 95
, 98
, 45
, 111
, 32
, 25
, 118
, 114
, 29
, 11
, 132
, 18
, 125
, 66
, 77
, 87
, 56
, 20
, 123
, 73
, 70
, 62
, 81
, 102
, 41
, 126
, 17
, 8
, 135
, 128
, 15
, 36
, 107
, 10
, 133
, 115
, 28
, 16
, 127
, 40
, 103
, 16
, 127
, 114
, 29
, 16
, 127
, 91
, 52
, 31
, 112
, 71
, 72
, 80
, 63
, 50
, 93
, 133
, 10
, 75
, 68
, 76
, 67
, 20
, 123
, 104
, 39
, 62
, 81
, 85
, 58
, 80
, 63
, 58
, 85
, 126
, 17
, 16
, 127
, 93
, 50
, 123
, 20
, 105
, 38
, 42
, 101
, 48
, 95
, 88
, 55
, 105
, 38
, 39
, 104
, 58
, 85
, 103
, 40
, 90
, 53
, 131
, 12
, 20
, 123
, 80
, 63
, 4
, 139
, 22
, 121
, 94
, 49
, 30
, 113
, 8
, 135
, 20
, 123
, 95
, 48
, 102
, 41
, 90
, 53
, 82
, 61
, 37
, 106
, 49
, 94
, 51
, 92
, 107
, 36
, 18
, 125
, 126
, 17
, 114
, 29
, 25
, 118
, 77
, 66
, 109
, 34
, 28
, 115
, 112
, 31
, 22
, 121
, 73
, 70
, 21
, 122
, 33
, 110
, 94
, 49
, 137
, 6
, 80
, 63
, 60
, 83
, 110
, 33
, 135
, 8
, 106
, 37
, 58
, 85
, 76
, 67
, 38
, 105
, 110
, 33
, 15
, 128
, 51
, 92
, 49
, 94
, 128
, 15
, 140
, 3
, 37
, 106
, 9
, 134
, 78
, 65
, 41
, 102
, 79
, 64
, 9
, 134
, 20
, 123
, 48
, 95
, 128
, 15
, 123
, 20
, 100
, 43
, 125
, 18
, 117
, 26
, 4
, 139
, 50
, 93
, 57
, 86
, 110
, 33
, 77
, 66
, 126
, 17
, 113
, 30
, 136
, 7
, 106
, 37
, 114
, 29
, 80
, 63
, 46
, 97
, 58
, 85
, 36
, 107
, 74
, 69
, 38
, 105
, 64
, 79
, 119
, 24
, 3
, 140
, 141
, 2
, 12
, 131
, 90
, 53
, 55
, 88
, 49
, 94
, 15
, 128
, 6
, 137
, 28
, 115
, 4
, 139
, 60
, 83
, 61
, 82
, 76
, 67
, 12
, 131
, 139
, 4
, 112
, 31
, 130
, 13
, 14
, 129
, 55
, 88
, 119
, 24
, 66
, 77
, 92
, 51
, 136
, 7
, 70
, 73
, 26
, 117
, 85
, 58
, 78
, 65
, 118
, 25
, 127
, 16
, 83
, 60
, 141
, 2
, 125
, 18
, 136
, 7
, 2
, 141
, 93
, 50
, 119
, 24
, 96
, 47
, 88
, 55
, 108
, 35
, 84
, 59
, 31
, 112
, 65
, 78
, 40
, 103
, 42
, 101
, 90
, 53
, 92
, 51
, 19
, 124
, 84
, 59
, 24
, 119
, 86
, 57
, 120
, 23
, 60
, 83
, 117
, 26
, 103
, 40
, 47
, 96
, 132
, 11
, 108
, 35
, 50
, 93
, 136
, 7
, 139
, 4
, 15
, 128
, 86
, 57
, 29
, 114
, 113
, 30
, 122
, 21
, 74
, 69
, 39
, 104
, 3
, 140
, 23
, 120
, 19
, 124
, 73
, 70
, 38
, 105
, 5
, 138
, 134
, 9
, 33
, 110
, 7
, 136
, 13
, 130
, 51
, 92
, 109
, 34
, 86
, 57
, 86
, 57
, 134
, 9
, 24
, 119
, 82
, 61
, 21
, 122
, 90
, 53
, 65
, 78
, 50
, 93
, 72
, 71
, 77
, 66
, 130
, 13
, 81
, 62
, 97
, 46
, 34
, 109
, 39
, 104
, 10
, 133
, 42
, 101
, 110
, 33
, 121
, 22
, 71
, 72
, 107
, 36
, 88
, 55
, 117
, 26
, 25
, 118
, 35
, 108
, 49
, 94
, 3
, 140
, 59
, 84
, 55
, 88
, 35
, 108
, 5
, 138
, 80
, 63
, 19
, 124
, 121
, 22
, 19
, 124
, 42
, 101
, 48
, 95
, 68
, 75
, 68
, 75
, 79
, 64
, 2
, 141
, 121
, 22
, 121
, 22
, 127
, 16
, 21
, 122
, 89
, 54
, 139
, 4
, 113
, 30
, 28
, 115
, 112
, 31
, 61
, 82
, 83
, 60
, 101
, 42
, 43
, 100
, 99
, 44
, 84
, 59
, 78
, 65
, 88
, 55
, 68
, 75
, 45
, 98
, 18
, 125
, 68
, 75
, 125
, 18
, 96
, 47
, 21
, 122
, 88
, 55
, 123
, 20
, 26
, 117
, 87
, 56
, 79
, 64
, 123
, 20
, 16
, 127
, 8
, 135
, 87
, 56
, 38
, 105
, 83
, 60
, 66
, 77
, 120
, 23
, 78
, 65
