
600
, 134
, 62
, 164
, 32
, 152
, 44
, 9
, 187
, 64
, 132
, 111
, 85
, 86
, 110
, 22
, 174
, 121
, 75
, 3
, 193
, 146
, 50
, 18
, 178
, 181
, 15
, 177
, 19
, 160
, 36
, 194
, 2
, 6
, 190
, 18
, 178
, 62
, 134
, 83
, 113
, 110
, 86
, 58
, 138
, 91
, 105
, 167
, 29
, 185
, 11
, 25
, 171
, 52
, 144
, 122
, 74
, 91
, 105
, 181
, 15
, 107
, 89
, 137
, 59
, 43
, 153
, 63
, 133
, 185
, 11
, 49
, 147
, 147
, 49
, 150
, 46
, 19
, 177
, 101
, 95
, 9
, 187
, 1
, 195
, 111
, 85
, 164
, 32
, 15
, 181
, 183
, 13
, 33
, 163
, 150
, 46
, 48
, 148
, 172
, 24
, 121
, 75
, 103
, 93
, 159
, 37
, 156
, 40
, 60
, 136
, 66
, 130
, 107
, 89
, 16
, 180
, 139
, 57
, 121
, 75
, 189
, 7
, 157
, 39
, 60
, 136
, 28
, 168
, 54
, 142
, 181
, 15
, 124
, 72
, 130
, 66
, 163
, 33
, 17
, 179
, 148
, 48
, 94
, 102
, 113
, 83
, 150
, 46
, 68
, 128
, 3
, 193
, 194
, 2
, 103
, 93
, 150
, 46
, 28
, 168
, 94
, 102
, 36
, 160
, 44
, 152
, 135
, 61
, 107
, 89
, 90
, 106
, 138
, 58
, 21
, 175
, 183
, 13
, 91
, 105
, 17
, 179
, 159
, 37
, 131
, 65
, 106
, 90
, 12
, 184
, 3
, 193
, 152
, 44
, 89
, 107
, 144
, 52
, 118
, 78
, 37
, 159
, 122
, 74
, 166
, 30
, 44
, 152
, 103
, 93
, 48
, 148
, 63
, 133
, 62
, 134
, 9
, 187
, 1
, 195
, 98
, 98
, 80
, 116
, 86
, 110
, 106
, 90
, 1
, 195
, 2
, 194
, 168
, 28
, 5
, 191
, 136
, 60
, 142
, 54
, 99
, 97
, 96
, 100
, 188
, 8
, 140
, 56
, 10
, 186
, 12
, 184
, 20
, 176
, 80
, 116
, 3
, 193
, 158
, 38
, 82
, 114
, 192
, 4
, 8
, 188
, 140
, 56
, 126
, 70
, 18
, 178
, 165
, 31
, 38
, 158
, 110
, 86
, 75
, 121
, 106
, 90
, 14
, 182
, 162
, 34
, 20
, 176
, 140
, 56
, 106
, 90
, 106
, 90
, 158
, 38
, 2
, 194
, 133
, 63
, 73
, 123
, 10
, 186
, 166
, 30
, 148
, 48
, 33
, 163
, 1
, 195
, 192
, 4
, 158
, 38
, 87
, 109
, 151
, 45
, 17
, 179
, 50
, 146
, 126
, 70
, 4
, 192
, 67
, 129
, 154
, 42
, 168
, 28
, 10
, 186
, 163
, 33
, 89
, 107
, 147
, 49
, 73
, 123
, 56
, 140
, 115
, 81
, 50
, 146
, 50
, 146
, 32
, 164
, 74
, 122
, 65
, 131
, 20
, 176
, 71
, 125
, 167
, 29
, 12
, 184
, 31
, 165
, 154
, 42
, 8
, 188
, 68
, 128
, 124
, 72
, 26
, 170
, 130
, 66
, 140
, 56
, 82
, 114
, 59
, 137
, 23
, 173
, 77
, 119
, 42
, 154
, 118
, 78
, 63
, 133
, 117
, 79
, 172
, 24
, 121
, 75
, 191
, 5
, 106
, 90
, 88
, 108
, 91
, 105
, 165
, 31
, 93
, 103
, 48
, 148
, 41
, 155
, 96
, 100
, 5
, 191
, 148
, 48
, 180
, 16
, 128
, 68
, 150
, 46
, 90
, 106
, 117
, 79
, 73
, 123
, 149
, 47
, 52
, 144
, 30
, 166
, 65
, 131
, 86
, 110
, 157
, 39
, 69
, 127
, 90
, 106
, 150
, 46
, 48
, 148
, 153
, 43
, 54
, 142
, 154
, 42
, 123
, 73
, 105
, 91
, 3
, 193
, 71
, 125
, 69
, 127
, 130
, 66
, 173
, 23
, 97
, 99
, 88
, 108
, 178
, 18
, 145
, 51
, 163
, 33
, 95
, 101
, 58
, 138
, 75
, 121
, 77
, 119
, 167
, 29
, 78
, 118
, 62
, 134
, 192
, 4
, 84
, 112
, 183
, 13
, 143
, 53
, 127
, 69
, 28
, 168
, 113
, 83
, 125
, 71
, 42
, 154
, 124
, 72
, 115
, 81
, 130
, 66
, 161
, 35
, 24
, 172
, 59
, 137
, 2
, 194
, 78
, 118
, 93
, 103
, 97
, 99
, 154
, 42
, 40
, 156
, 166
, 30
, 88
, 108
, 110
, 86
, 131
, 65
, 65
, 131
, 112
, 84
, 127
, 69
, 21
, 175
, 153
, 43
, 171
, 25
, 39
, 157
, 11
, 185
, 157
, 39
, 173
, 23
, 168
, 28
, 101
, 95
, 179
, 17
, 130
, 66
, 106
, 90
, 44
, 152
, 173
, 23
, 98
, 98
, 21
, 175
, 15
, 181
, 183
, 13
, 15
, 181
, 27
, 169
, 177
, 19
, 105
, 91
, 115
, 81
, 91
, 105
, 10
, 186
, 35
, 161
, 163
, 33
, 102
, 94
, 187
, 9
, 188
, 8
, 141
, 55
, 178
, 18
, 26
, 170
, 18
, 178
, 193
, 3
, 155
, 41
, 137
, 59
, 125
, 71
, 38
, 158
, 84
, 112
, 96
, 100
, 140
, 56
, 143
, 53
, 184
, 12
, 123
, 73
, 59
, 137
, 136
, 60
, 142
, 54
, 138
, 58
, 68
, 128
, 116
, 80
, 191
, 5
, 154
, 42
, 142
, 54
, 147
, 49
, 130
, 66
, 189
, 7
, 126
, 70
, 151
, 45
, 48
, 148
, 71
, 125
, 160
, 36
, 179
, 17
, 100
, 96
, 30
, 166
, 123
, 73
, 78
, 118
, 55
, 141
, 60
, 136
, 130
, 66
, 111
, 85
, 59
, 137
, 137
, 59
, 93
, 103
, 169
, 27
, 74
, 122
, 21
, 175
, 152
, 44
, 2
, 194
, 111
, 85
, 3
, 193
, 90
, 106
, 141
, 55
, 11
, 185
, 93
, 103
, 123
, 73
, 189
, 7
, 96
, 100
, 144
, 52
, 104
, 92
, 1
, 195
, 98
, 98
, 79
, 117
, 90
, 106
, 155
, 41
, 82
, 114
, 43
, 153
, 25
, 171
, 24
, 172
, 117
, 79
, 168
, 28
, 63
, 133
, 155
, 41
, 9
, 187
, 20
, 176
, 162
, 34
, 102
, 94
, 182
, 14
, 122
, 74
, 168
, 28
, 61
, 135
, 56
, 140
, 117
, 79
, 54
, 142
, 187
, 9
, 188
, 8
, 135
, 61
, 55
, 141
, 185
, 11
, 155
, 41
, 152
, 44
, 9
, 187
, 85
, 111
, 159
, 37
, 111
, 85
, 64
, 132
, 26
, 170
, 159
, 37
, 32
, 164
, 9
, 187
, 101
, 95
, 33
, 163
, 141
, 55
, 30
, 166
, 30
, 166
, 83
, 113
, 57
, 139
, 19
, 177
, 153
, 43
, 48
, 148
, 178
, 18
, 167
, 29
, 19
, 177
, 116
, 80
, 97
, 99
, 30
, 166
, 15
, 181
, 68
, 128
, 124
, 72
, 62
, 134
, 109
, 87
, 49
, 147
, 127
, 69
, 81
, 115
, 191
, 5
, 177
, 19
, 86
, 110
, 53
, 143
, 139
, 57
, 179
, 17
, 132
, 64
, 146
, 50
, 65
, 131
, 32
, 164
, 153
, 43
, 110
, 86
, 156
, 40
, 137
, 59
, 175
, 21
, 22
, 174
, 91
, 105
, 142
, 54
, 143
, 53
, 144
, 52
, 172
, 24
, 140
, 56
, 179
, 17
, 2
, 194
, 54
, 142
, 167
, 29
, 45
, 151
, 8
, 188
, 106
, 90
, 28
, 168
, 130
, 66
, 40
, 156
, 78
, 118
, 6
, 190
, 182
, 14
, 132
, 64
, 99
, 97
, 28
, 168
, 61
, 135
, 141
, 55
, 83
, 113
, 57
, 139
, 140
, 56
, 15
, 181
, 167
, 29
, 132
, 64
, 56
, 140
, 18
, 178
, 81
, 115
, 84
, 112
, 124
, 72
, 12
, 184
, 20
, 176
, 99
, 97
, 179
, 17
, 20
, 176
, 129
, 67
, 187
, 9
, 48
, 148
, 143
, 53
, 68
, 128
, 191
, 5
, 50
, 146
, 64
, 132
, 54
, 142
, 45
, 151
, 42
, 154
, 159
, 37
, 116
, 80
, 188
, 8
, 153
, 43
, 179
, 17
, 32
, 164
, 164
, 32
, 187
, 9
, 167
, 29
, 97
, 99
, 194
, 2
, 189
, 7
, 109
, 87
, 122
, 74
, 43
, 153
, 120
, 76
, 99
, 97
, 180
, 16
, 76
, 120
, 172
, 24
, 71
, 125
, 123
, 73
, 98
, 98
, 137
, 59
, 148
, 48
, 98
, 98
, 95
, 101
, 185
, 11
, 93
, 103
, 185
, 11
, 65
, 131
, 24
, 172
, 110
, 86
, 127
, 69
, 118
, 78
, 149
, 47
, 12
, 184
, 84
, 112
, 146
, 50
, 137
, 59
, 125
, 71
, 29
, 167
, 92
, 104
, 48
, 148
, 99
, 97
, 130
, 66
, 121
, 75
, 96
, 100
, 110
, 86
, 19
, 177
, 192
, 4
, 156
, 40
, 94
, 102
, 158
, 38
, 9
, 187
, 4
, 192
, 181
, 15
, 178
, 18
, 48
, 148
, 152
, 44
, 94
, 102
, 106
, 90
, 98
, 98
, 155
, 41
, 23
, 173
, 52
, 144
, 45
, 151
, 154
, 42
, 19
, 177
, 37
, 159
, 191
, 5
, 90
, 106
, 2
, 194
, 75
, 121
, 154
, 42
, 53
, 143
, 162
, 34
, 131
, 65
, 20
, 176
, 158
, 38
, 43
, 153
, 74
, 122
, 158
, 38
, 11
, 185
, 114
, 82
, 135
, 61
, 133
, 63
, 20
, 176
, 160
, 36
, 53
, 143
, 64
, 132
, 134
, 62
, 31
, 165
, 189
, 7
, 1
, 195
, 159
, 37
, 153
, 43
, 27
, 169
, 130
, 66
, 17
, 179
, 79
, 117
