
60
, 20
, 254
, 34
, 240
, 223
, 51
, 167
, 107
, 94
, 180
, 146
, 128
, 140
, 134
, 242
, 32
, 228
, 46
, 90
, 184
, 220
, 54
, 194
, 80
, 146
, 128
, 59
, 215
, 119
, 155
, 169
, 105
, 120
, 154
, 256
, 18
, 215
, 59
, 81
, 193
, 146
, 128
, 159
, 115
, 92
, 182
, 27
, 247
, 55
, 219
, 9
, 265
, 209
, 65
, 251
, 23
, 75
, 199
, 3
, 271
, 15
, 259
, 120
, 154
, 98
, 176
, 150
, 124
, 10
, 264
, 116
, 158
, 181
, 93
, 229
, 45
, 144
, 130
, 224
, 50
, 13
, 261
, 242
, 32
, 139
, 135
, 167
, 107
, 170
, 104
, 258
, 16
, 159
, 115
, 95
, 179
, 188
, 86
, 258
, 16
, 71
, 203
, 17
, 257
, 200
, 74
, 70
, 204
, 177
, 97
, 192
, 82
, 201
, 73
, 62
, 212
, 220
, 54
, 88
, 120
, 66
