
620
, 12
, 245
, 80
, 177
, 151
, 106
, 154
, 103
, 144
, 113
, 47
, 210
, 41
, 216
, 124
, 133
, 99
, 158
, 205
, 52
, 215
, 42
, 246
, 11
, 71
, 186
, 41
, 216
, 208
, 49
, 63
, 194
, 88
, 169
, 49
, 208
, 148
, 109
, 194
, 63
, 250
, 7
, 106
, 151
, 233
, 24
, 155
, 102
, 90
, 167
, 114
, 143
, 10
, 247
, 51
, 206
, 164
, 93
, 28
, 229
, 207
, 50
, 56
, 201
, 248
, 9
, 104
, 153
, 55
, 202
, 98
, 159
, 236
, 21
, 192
, 65
, 88
, 169
, 222
, 35
, 37
, 220
, 101
, 156
, 115
, 142
, 77
, 180
, 148
, 109
, 73
, 184
, 56
, 201
, 73
, 184
, 67
, 190
, 87
, 170
, 15
, 242
, 177
, 80
, 196
, 61
, 55
, 202
, 85
, 172
, 201
, 56
, 84
, 173
, 136
, 121
, 156
, 101
, 188
, 69
, 238
, 19
, 64
, 193
, 90
, 167
, 174
, 83
, 215
, 42
, 79
, 178
, 214
, 43
, 115
, 142
, 171
, 86
, 96
, 161
, 113
, 144
, 165
, 92
, 118
, 139
, 41
, 216
, 27
, 230
, 97
, 160
, 11
, 246
, 208
, 49
, 141
, 116
, 94
, 163
, 10
, 247
, 227
, 30
, 2
, 255
, 103
, 154
, 108
, 149
, 250
, 7
, 185
, 72
, 238
, 19
, 201
, 56
, 3
, 254
, 110
, 147
, 165
, 92
, 156
, 101
, 39
, 218
, 112
, 145
, 14
, 243
, 1
, 256
, 201
, 56
, 154
, 103
, 70
, 187
, 172
, 85
, 56
, 201
, 177
, 80
, 124
, 133
, 80
, 177
, 94
, 163
, 235
, 22
, 164
, 93
, 150
, 107
, 147
, 110
, 222
, 35
, 83
, 174
, 245
, 12
, 236
, 21
, 194
, 63
, 149
, 108
, 75
, 182
, 230
, 27
, 93
, 164
, 230
, 27
, 58
, 199
, 117
, 140
, 129
, 128
, 136
, 121
, 105
, 152
, 161
, 96
, 249
, 8
, 88
, 169
, 193
, 64
, 118
, 139
, 146
, 111
, 216
, 41
, 160
, 97
, 101
, 156
, 236
, 21
, 18
, 239
, 158
, 99
, 127
, 130
, 253
, 4
, 162
, 95
, 233
, 24
, 150
, 107
, 2
, 255
, 202
, 55
, 253
, 4
, 148
, 109
, 51
, 206
, 212
, 45
, 25
, 232
, 222
, 35
, 84
, 173
, 8
, 249
, 87
, 170
, 181
, 76
, 238
, 19
, 230
, 27
, 178
, 79
, 55
, 202
, 119
, 138
, 167
, 90
, 99
, 158
, 2
, 255
, 169
, 88
, 231
, 26
, 5
, 252
, 184
, 73
, 150
, 107
, 207
, 50
, 163
, 94
, 136
, 121
, 240
, 17
, 14
, 243
, 166
, 91
, 97
, 160
, 249
, 8
, 226
, 31
, 123
, 134
, 115
, 142
, 252
, 5
, 177
, 80
, 33
, 224
, 229
, 28
, 13
, 244
, 81
, 176
, 36
, 221
, 85
, 172
, 173
, 84
, 192
, 65
, 14
, 243
, 244
, 13
, 179
, 78
, 176
, 81
, 158
, 99
, 152
, 105
, 97
, 160
, 53
, 204
, 219
, 38
, 241
, 16
, 145
, 112
, 105
, 152
, 220
, 37
, 101
, 156
, 117
, 140
, 84
, 173
, 66
, 191
, 42
, 215
, 192
, 65
, 243
, 14
, 190
, 67
, 235
, 22
, 130
, 127
, 199
, 58
, 193
, 64
, 104
, 153
, 213
, 44
, 183
, 74
, 113
, 144
, 175
, 82
, 87
, 170
, 198
, 59
, 6
, 251
, 196
, 61
, 30
, 227
, 85
, 172
, 73
, 184
, 90
, 167
, 149
, 108
, 116
, 141
, 6
, 251
, 151
, 106
, 220
, 37
, 74
, 183
, 76
, 181
, 245
, 12
, 193
, 64
, 228
, 29
, 228
, 29
, 55
, 202
, 162
, 95
, 145
, 112
, 195
, 62
, 69
, 188
, 120
, 137
, 85
, 172
, 61
, 196
, 195
, 62
, 138
, 119
, 237
, 20
, 160
, 97
, 44
, 213
, 77
, 180
, 254
, 3
, 97
, 160
, 204
, 53
, 140
, 117
, 122
, 135
, 17
, 240
, 141
, 116
, 23
, 234
, 51
, 206
, 103
, 154
, 80
, 177
, 147
, 110
, 252
, 5
, 122
, 135
, 78
, 179
, 44
, 213
, 18
, 239
, 19
, 238
, 94
, 163
, 184
, 73
, 25
, 232
, 84
, 173
, 206
, 51
, 220
, 37
, 185
, 72
, 132
, 125
, 120
, 137
, 24
, 233
, 5
, 252
, 243
, 14
, 149
, 108
, 10
, 247
, 70
, 187
, 175
, 82
, 118
, 139
, 19
, 238
, 185
, 72
, 108
, 149
, 144
, 113
, 60
, 197
, 150
, 107
, 88
, 169
, 77
, 180
, 88
, 169
, 241
, 16
, 242
, 15
, 214
, 43
, 204
, 53
, 17
, 240
, 44
, 213
, 45
, 212
, 22
, 235
, 57
, 200
, 125
, 132
, 178
, 79
, 226
, 31
, 45
, 212
, 251
, 6
, 163
, 94
, 105
, 152
, 129
, 128
, 80
, 177
, 255
, 2
, 26
, 231
, 70
, 187
, 203
, 54
, 251
, 6
, 143
, 114
, 12
, 245
, 95
, 162
, 72
, 185
, 210
, 47
, 242
, 15
, 170
, 87
, 95
, 162
, 217
, 40
, 162
, 95
, 193
, 64
, 4
, 253
, 114
, 143
, 132
, 125
, 51
, 206
, 196
, 61
, 187
, 70
, 1
, 256
, 21
, 236
, 117
, 140
, 39
, 218
, 111
, 146
, 25
, 232
, 86
, 171
, 32
, 225
, 97
, 160
, 10
, 247
, 176
, 81
, 124
, 133
, 214
, 43
, 164
, 93
, 192
, 65
, 249
, 8
, 105
, 152
, 108
, 149
, 164
, 93
, 143
, 114
, 213
, 44
, 191
, 66
, 38
, 219
, 179
, 78
, 119
, 138
, 123
, 134
, 223
, 34
, 241
, 16
, 23
, 234
, 245
, 12
, 188
, 69
, 242
, 15
, 154
, 103
, 147
, 110
, 114
, 143
, 77
, 180
, 144
, 113
, 113
, 144
, 186
, 71
, 209
, 48
, 26
, 231
, 213
, 44
, 87
, 170
, 216
, 41
, 31
, 226
, 249
, 8
, 52
, 205
, 248
, 9
, 195
, 62
, 254
, 3
, 133
, 124
, 160
, 97
, 5
, 252
, 77
, 180
, 12
, 245
, 220
, 37
, 34
, 223
, 238
, 19
, 111
, 146
, 109
, 148
, 16
, 241
, 13
, 244
, 127
, 130
, 249
, 8
, 103
, 154
, 68
, 189
, 169
, 88
, 15
, 242
, 99
, 158
, 190
, 67
, 65
, 192
, 11
, 246
, 228
, 29
, 205
, 52
, 117
, 140
, 252
, 5
, 56
, 201
, 193
, 64
, 30
, 227
, 114
, 143
, 134
, 123
, 210
, 47
, 185
, 72
, 2
, 255
, 181
, 76
, 223
, 34
, 102
, 155
, 165
, 92
, 60
, 197
, 149
, 108
, 177
, 80
, 140
, 117
, 2
, 255
, 193
, 64
, 91
, 166
, 110
, 147
, 32
, 225
, 77
, 180
, 12
, 245
, 96
, 161
, 84
, 173
, 194
, 63
, 122
, 135
, 185
, 72
, 43
, 214
, 30
, 227
, 103
, 154
, 104
, 153
, 208
, 49
, 34
, 223
, 246
, 11
, 32
, 225
, 91
, 166
, 238
, 19
, 41
, 216
, 93
, 164
, 101
, 156
, 11
, 246
, 84
, 173
, 154
, 103
, 46
, 211
, 181
, 76
, 161
, 96
, 207
, 50
, 222
, 35
, 122
, 135
, 167
, 90
, 10
, 247
, 128
, 129
, 80
, 177
, 49
, 208
, 94
, 163
, 254
, 3
, 24
, 233
, 184
, 73
, 223
, 34
, 90
, 167
, 221
, 36
, 72
, 185
, 121
, 136
, 126
, 131
, 56
, 201
, 67
, 190
, 44
, 213
, 226
, 31
, 73
, 184
, 19
, 238
, 125
, 132
, 211
, 46
, 76
, 181
, 21
, 236
, 106
, 151
, 179
, 78
, 157
, 100
, 46
, 211
, 151
, 106
, 146
, 111
, 251
, 6
, 136
, 121
, 230
, 27
, 28
, 229
, 113
, 144
, 147
, 110
, 203
, 54
, 228
, 29
, 148
, 109
, 197
, 60
, 242
, 15
, 107
, 150
, 48
, 209
, 65
, 192
, 63
, 194
, 221
, 36
, 7
, 250
, 35
, 222
, 120
, 137
, 141
, 116
, 245
, 12
, 82
, 175
, 138
, 119
, 115
, 142
, 150
, 107
, 66
, 191
, 114
, 143
, 213
, 44
, 11
, 246
, 82
, 175
, 114
, 143
, 42
, 215
, 67
, 190
, 128
, 129
, 47
, 210
, 163
, 94
, 206
, 51
, 217
, 40
, 87
, 170
, 210
, 47
, 131
, 126
, 139
, 118
, 197
, 60
, 154
, 103
, 201
, 56
, 237
, 20
, 23
, 234
, 241
, 16
, 171
, 86
, 191
, 66
, 152
, 105
, 187
, 70
, 243
, 14
, 234
, 23
, 100
, 157
, 229
, 28
, 38
, 219
, 174
, 83
, 103
, 154
, 253
, 4
, 45
, 212
, 170
, 87
, 58
, 199
, 17
, 240
, 187
, 70
, 231
, 26
, 240
, 17
, 163
, 94
, 150
, 107
, 175
, 82
, 144
, 113
, 115
, 142
, 59
, 198
, 247
, 10
, 126
, 131
, 17
, 240
, 41
, 216
, 170
, 87
, 87
, 170
, 36
, 221
, 17
, 240
, 71
, 186
, 221
, 36
, 184
, 73
, 250
, 7
, 209
, 48
, 130
, 127
, 64
, 193
, 191
, 66
, 221
, 36
, 240
, 17
, 137
, 120
, 182
, 75
, 50
, 207
, 1
, 256
, 100
, 157
, 146
, 111
, 165
, 92
, 177
, 80
, 225
, 32
, 35
, 222
, 41
, 216
, 179
, 78
, 181
, 76
, 81
, 176
, 230
, 27
, 225
, 32
, 255
, 2
, 247
, 10
, 198
, 59
, 132
, 125
, 108
, 149
, 49
, 208
, 150
, 107
, 138
, 119
, 182
, 75
, 118
, 139
, 204
, 53
, 152
, 105
, 72
, 185
, 226
, 31
, 37
, 220
, 74
, 183
, 202
, 55
, 1
, 256
, 43
, 214
, 72
, 185
, 80
, 177
