
62
, 31
, 78
, 68
, 41
, 32
, 77
, 98
, 11
, 49
, 60
, 75
, 34
, 79
, 30
, 89
, 20
, 78
, 31
, 6
, 103
, 55
, 54
, 34
, 75
, 34
, 75
, 14
, 95
, 5
, 104
, 55
, 54
, 27
, 82
, 16
, 93
, 89
, 20
, 20
, 89
, 82
, 27
, 37
, 72
, 16
, 93
, 47
, 62
, 37
, 72
, 61
, 48
, 96
, 13
, 6
, 103
, 82
, 27
, 36
, 73
, 87
, 22
, 54
, 55
, 59
, 50
, 52
, 57
, 25
, 84
, 99
, 10
, 36
, 73
, 25
, 84
, 88
, 21
, 107
, 2
, 88
, 21
, 98
, 11
, 65
, 44
, 79
, 30
, 34
, 75
, 101
, 8
, 1
, 108
, 89
, 20
, 66
, 43
, 67
, 42
, 37
, 72
, 101
, 8
, 65
, 44
, 11
, 98
, 84
, 25
, 1
, 108
, 51
, 58
, 42
, 67
, 94
, 15
, 65
, 44
, 46
, 63
, 21
, 88
