
62
, 19
, 45
, 8
, 56
, 46
, 18
, 32
, 32
, 3
, 61
, 26
, 38
, 22
, 42
, 59
, 5
, 57
, 7
, 16
, 48
, 59
, 5
, 16
, 48
, 58
, 6
, 44
, 20
, 46
, 18
, 12
, 52
, 60
, 4
, 61
, 3
, 17
, 47
, 58
, 6
, 11
, 53
, 60
, 4
, 9
, 55
, 45
, 19
, 34
, 30
, 28
, 36
, 62
, 2
, 21
, 43
, 1
, 63
, 45
, 19
, 62
, 2
, 49
, 15
, 2
, 62
, 47
, 17
, 24
, 40
, 15
, 49
, 39
, 25
, 24
, 40
, 7
, 57
, 38
, 26
, 46
, 18
, 51
, 13
, 48
, 16
, 2
, 62
, 7
, 57
, 42
, 22
, 47
, 17
, 45
, 19
, 54
, 10
, 20
, 44
, 3
, 61
, 17
, 47
, 15
, 49
, 40
, 24
, 50
, 14
, 47
, 17
, 40
, 24
, 59
, 5
, 41
, 23
, 2
, 62
, 29
, 35
, 9
, 5
, 50
