
630
, 137
, 28
, 105
, 60
, 63
, 102
, 113
, 52
, 13
, 152
, 22
, 143
, 98
, 67
, 143
, 22
, 15
, 150
, 50
, 115
, 143
, 22
, 147
, 18
, 51
, 114
, 28
, 137
, 143
, 22
, 84
, 81
, 140
, 25
, 122
, 43
, 142
, 23
, 115
, 50
, 52
, 113
, 28
, 137
, 23
, 142
, 141
, 24
, 27
, 138
, 75
, 90
, 130
, 35
, 2
, 163
, 69
, 96
, 162
, 3
, 14
, 151
, 19
, 146
, 102
, 63
, 73
, 92
, 46
, 119
, 94
, 71
, 122
, 43
, 107
, 58
, 2
, 163
, 83
, 82
, 65
, 100
, 109
, 56
, 99
, 66
, 33
, 132
, 125
, 40
, 141
, 24
, 38
, 127
, 145
, 20
, 49
, 116
, 44
, 121
, 135
, 30
, 22
, 143
, 55
, 110
, 5
, 160
, 32
, 133
, 16
, 149
, 67
, 98
, 31
, 134
, 41
, 124
, 21
, 144
, 163
, 2
, 105
, 60
, 38
, 127
, 83
, 82
, 89
, 76
, 163
, 2
, 104
, 61
, 36
, 129
, 137
, 28
, 77
, 88
, 85
, 80
, 68
, 97
, 34
, 131
, 89
, 76
, 133
, 32
, 73
, 92
, 16
, 149
, 10
, 155
, 13
, 152
, 40
, 125
, 55
, 110
, 87
, 78
, 26
, 139
, 71
, 94
, 74
, 91
, 127
, 38
, 148
, 17
, 33
, 132
, 33
, 132
, 94
, 71
, 96
, 69
, 40
, 125
, 78
, 87
, 147
, 18
, 131
, 34
, 150
, 15
, 112
, 53
, 149
, 16
, 61
, 104
, 2
, 163
, 78
, 87
, 124
, 41
, 21
, 144
, 77
, 88
, 114
, 51
, 135
, 30
, 22
, 143
, 131
, 34
, 78
, 87
, 1
, 164
, 79
, 86
, 75
, 90
, 125
, 40
, 4
, 161
, 143
, 22
, 115
, 50
, 24
, 141
, 70
, 95
, 122
, 43
, 38
, 127
, 45
, 120
, 37
, 128
, 42
, 123
, 38
, 127
, 96
, 69
, 19
, 146
, 118
, 47
, 3
, 162
, 127
, 38
, 41
, 124
, 30
, 135
, 40
, 125
, 58
, 107
, 122
, 43
, 65
, 100
, 91
, 74
, 63
, 102
, 27
, 138
, 92
, 73
, 124
, 41
, 56
, 109
, 46
, 119
, 22
, 143
, 61
, 104
, 118
, 47
, 103
, 62
, 154
, 11
, 149
, 16
, 52
, 113
, 101
, 64
, 98
, 67
, 111
, 54
, 37
, 128
, 83
, 82
, 44
, 121
, 146
, 19
, 131
, 34
, 12
, 153
, 122
, 43
, 106
, 59
, 138
, 27
, 83
, 82
, 156
, 9
, 122
, 43
, 78
, 87
, 37
, 128
, 104
, 61
, 147
, 18
, 7
, 158
, 71
, 94
, 30
, 135
, 154
, 11
, 61
, 104
, 109
, 56
, 86
, 79
, 144
, 21
, 104
, 61
, 36
, 129
, 126
, 39
, 54
, 111
, 107
, 58
, 132
, 33
, 61
, 104
, 74
, 91
, 41
, 124
, 62
, 103
, 53
, 112
, 55
, 110
, 131
, 34
, 101
, 64
, 142
, 23
, 56
, 109
, 85
, 80
, 144
, 21
, 120
, 45
, 6
, 159
, 87
, 78
, 75
, 90
, 156
, 9
, 88
, 77
, 35
, 130
, 122
, 43
, 52
, 113
, 52
, 113
, 135
, 30
, 109
, 56
, 37
, 128
, 12
, 153
, 31
, 134
, 24
, 141
, 84
, 81
, 53
, 112
, 47
, 118
, 88
, 77
, 27
, 138
, 49
, 116
, 11
, 154
, 123
, 42
, 124
, 41
, 20
, 145
, 25
, 140
, 18
, 147
, 107
, 58
, 7
, 158
, 43
, 122
, 106
, 59
, 23
, 142
, 46
, 119
, 21
, 144
, 64
, 101
, 129
, 36
, 83
, 82
, 67
, 98
, 101
, 64
, 100
, 65
, 119
, 46
, 105
, 60
, 73
, 92
, 60
, 105
, 122
, 43
, 70
, 95
, 51
, 114
, 1
, 164
, 18
, 147
, 40
, 125
, 29
, 136
, 49
, 116
, 116
, 49
, 27
, 138
, 25
, 140
, 85
, 80
, 48
, 117
, 27
, 138
, 52
, 113
, 67
, 98
, 156
, 9
, 107
, 58
, 90
, 75
, 159
, 6
, 66
, 99
, 154
, 11
, 23
, 142
, 160
, 5
, 134
, 31
, 25
, 140
, 80
, 85
, 82
, 83
, 110
, 55
, 13
, 152
, 99
, 66
, 120
, 45
, 17
, 148
, 60
, 105
, 44
, 121
, 11
, 154
, 97
, 68
, 24
, 141
, 75
, 90
, 130
, 35
, 24
, 141
, 27
, 138
, 91
, 74
, 143
, 22
, 132
, 33
, 1
, 164
, 40
, 125
, 66
, 99
, 65
, 100
, 25
, 140
, 12
, 153
, 95
, 70
, 15
, 150
, 94
, 71
, 98
, 67
, 95
, 70
, 93
, 72
, 70
, 95
, 43
, 122
, 119
, 46
, 147
, 18
, 61
, 104
, 124
, 41
, 34
, 131
, 117
, 48
, 35
, 130
, 98
, 67
, 48
, 117
, 42
, 123
, 87
, 78
, 68
, 97
, 53
, 112
, 80
, 85
, 133
, 32
, 144
, 21
, 84
, 81
, 31
, 134
, 32
, 133
, 142
, 23
, 89
, 76
, 29
, 136
, 118
, 47
, 90
, 75
, 54
, 111
, 154
, 11
, 117
, 48
, 13
, 152
, 149
, 16
, 80
, 85
, 107
, 58
, 102
, 63
, 22
, 143
, 44
, 121
, 71
, 94
, 150
, 15
, 93
, 72
, 17
, 148
, 5
, 160
, 33
, 132
, 123
, 42
, 145
, 20
, 26
, 139
, 152
, 13
, 35
, 130
, 113
, 52
, 161
, 4
, 150
, 15
, 3
, 162
, 143
, 22
, 104
, 61
, 83
, 82
, 123
, 42
, 67
, 98
, 54
, 111
, 39
, 126
, 7
, 158
, 102
, 63
, 17
, 148
, 14
, 151
, 154
, 11
, 54
, 111
, 101
, 64
, 89
, 76
, 113
, 52
, 39
, 126
, 8
, 157
, 16
, 149
, 17
, 148
, 139
, 26
, 129
, 36
, 101
, 64
, 69
, 96
, 118
, 47
, 141
, 24
, 26
, 139
, 77
, 88
, 131
, 34
, 84
, 81
, 90
, 75
, 66
, 99
, 90
, 75
, 105
, 60
, 152
, 13
, 70
, 95
, 33
, 132
, 51
, 114
, 58
, 107
, 58
, 107
, 1
, 164
, 93
, 72
, 145
, 20
, 142
, 23
, 6
, 159
, 102
, 63
, 145
, 20
, 32
, 133
, 162
, 3
, 53
, 112
, 103
, 62
, 139
, 26
, 142
, 23
, 140
, 25
, 162
, 3
, 144
, 21
, 98
, 67
, 91
, 74
, 64
, 101
, 21
, 144
, 133
, 32
, 101
, 64
, 149
, 16
, 117
, 48
, 100
, 65
, 148
, 17
, 155
, 10
, 65
, 100
, 16
, 149
, 2
, 163
, 144
, 21
, 134
, 31
, 18
, 147
, 144
, 21
, 44
, 121
, 140
, 25
, 147
, 18
, 67
, 98
, 31
, 134
, 140
, 25
, 156
, 9
, 53
, 112
, 148
, 17
, 23
, 142
, 2
, 163
, 150
, 15
, 87
, 78
, 118
, 47
, 148
, 17
, 147
, 18
, 121
, 44
, 63
, 102
, 112
, 53
, 73
, 92
, 60
, 105
, 114
, 51
, 21
, 144
, 102
, 63
, 114
, 51
, 9
, 156
, 77
, 88
, 114
, 51
, 31
, 134
, 131
, 34
, 157
, 8
, 49
, 116
, 85
, 80
, 145
, 20
, 85
, 80
, 88
, 77
, 39
, 126
, 54
, 111
, 47
, 118
, 81
, 84
, 68
, 97
, 124
, 41
, 13
, 152
, 160
, 5
, 148
, 17
, 84
, 81
, 12
, 153
, 14
, 151
, 112
, 53
, 133
, 32
, 24
, 141
, 129
, 36
, 132
, 33
, 148
, 17
, 36
, 129
, 63
, 102
, 90
, 75
, 114
, 51
, 84
, 81
, 63
, 102
, 32
, 133
, 98
, 67
, 76
, 89
, 153
, 12
, 7
, 158
, 67
, 98
, 29
, 136
, 56
, 109
, 62
, 103
, 90
, 75
, 120
, 45
, 142
, 23
, 64
, 101
, 84
, 81
, 34
, 131
, 11
, 154
, 71
, 94
, 114
, 51
, 32
, 133
, 6
, 159
, 127
, 38
, 81
, 84
, 159
, 6
, 148
, 17
, 81
, 84
, 6
, 159
, 9
, 156
, 30
, 135
, 28
, 137
, 25
, 140
, 157
, 8
, 33
, 132
, 159
, 6
, 140
, 25
, 21
, 144
, 43
, 122
, 124
, 41
, 115
, 50
, 12
, 153
, 157
, 8
, 28
, 137
, 54
, 111
, 34
, 131
, 111
, 54
, 105
, 60
, 147
, 18
, 36
, 129
, 55
, 110
, 42
, 123
, 55
, 110
, 150
, 15
, 70
, 95
, 87
, 78
, 48
, 117
, 119
, 46
, 44
, 121
, 119
, 46
, 163
, 2
, 14
, 151
, 25
, 140
, 94
, 71
, 92
, 73
, 73
, 92
, 16
, 149
, 92
, 73
, 79
, 86
, 74
, 91
, 16
, 149
, 44
, 121
, 131
, 34
, 102
, 63
, 33
, 132
, 141
, 24
, 114
, 51
, 70
, 95
, 57
, 108
, 148
, 17
, 77
, 88
, 128
, 37
, 155
, 10
, 133
, 32
, 76
, 89
, 133
, 32
, 16
, 149
, 93
, 72
, 156
, 9
, 29
, 136
, 87
, 78
, 12
, 153
, 156
, 9
, 8
, 157
, 38
, 127
, 148
, 17
, 153
, 12
, 135
, 30
, 13
, 152
, 18
, 147
, 4
, 161
, 136
, 29
, 157
, 8
, 38
, 127
, 28
, 137
, 28
, 137
, 57
, 108
, 141
, 24
, 96
, 69
, 18
, 147
, 77
, 88
, 148
, 17
, 109
, 56
, 136
, 29
, 128
, 37
, 37
, 128
, 70
, 95
, 122
, 43
, 49
, 116
, 62
, 103
, 159
, 6
, 77
, 88
, 98
, 67
, 48
, 117
, 158
, 7
, 91
, 74
, 14
, 151
, 67
, 98
, 134
, 31
, 47
, 118
, 26
, 139
, 51
, 114
, 70
, 95
, 138
, 27
, 10
, 155
, 58
, 107
, 74
, 91
, 123
, 42
, 15
, 150
, 138
, 27
, 141
, 24
, 95
, 70
, 105
, 60
, 47
, 118
, 44
, 121
, 160
, 5
, 56
, 109
, 64
, 101
, 99
, 66
, 11
, 154
, 86
, 79
, 105
, 60
