
64
, 89
, 122
, 18
, 193
, 175
, 36
, 18
, 193
, 16
, 195
, 151
, 60
, 77
, 134
, 26
, 185
, 115
, 96
, 38
, 173
, 153
, 58
, 52
, 159
, 40
, 171
, 144
, 67
, 99
, 112
, 144
, 67
, 172
, 39
, 80
, 131
, 209
, 2
, 144
, 67
, 101
, 110
, 121
, 90
, 166
, 45
, 38
, 173
, 4
, 207
, 174
, 37
, 125
, 86
, 172
, 39
, 64
, 147
, 99
, 112
, 94
, 117
, 42
, 169
, 131
, 80
, 117
, 94
, 66
, 145
, 88
, 123
, 24
, 187
, 14
, 197
, 14
, 197
, 169
, 42
, 181
, 30
, 123
, 88
, 151
, 60
, 113
, 98
, 177
, 34
, 70
, 141
, 175
, 36
, 72
, 139
, 193
, 18
, 29
, 182
, 145
, 66
, 52
, 159
, 23
, 188
, 76
, 135
, 35
, 176
, 56
, 155
, 65
, 146
, 197
, 14
, 6
, 205
, 123
, 88
, 33
, 178
, 197
, 14
, 160
, 51
, 110
, 101
