
64
, 25
, 139
, 121
, 43
, 126
, 38
, 42
, 122
, 40
, 124
, 153
, 11
, 126
, 38
, 147
, 17
, 134
, 30
, 59
, 105
, 1
, 163
, 76
, 88
, 79
, 85
, 102
, 62
, 13
, 151
, 106
, 58
, 58
, 106
, 75
, 89
, 7
, 157
, 61
, 103
, 12
, 152
, 87
, 77
, 134
, 30
, 45
, 119
, 51
, 113
, 144
, 20
, 98
, 66
, 25
, 139
, 103
, 61
, 44
, 120
, 17
, 147
, 104
, 60
, 42
, 122
, 32
, 132
, 45
, 119
, 117
, 47
, 74
, 90
, 159
, 5
, 53
, 111
, 16
, 148
, 101
, 63
, 159
, 5
, 85
, 79
, 72
, 92
, 37
, 127
, 103
, 61
, 57
, 107
, 123
, 41
, 112
, 52
, 35
, 129
, 134
, 30
, 14
, 150
, 67
, 97
, 8
, 156
, 1
, 163
, 54
, 110
, 132
, 32
, 141
, 23
, 91
, 73
, 52
, 112
, 10
, 154
, 49
, 115
, 155
, 9
, 102
, 24
, 38
