
65
, 7
, 18
, 19
, 6
, 17
, 8
, 12
, 13
, 11
, 14
, 4
, 21
, 7
, 18
, 13
, 12
, 21
, 4
, 8
, 17
, 15
, 10
, 9
, 16
, 19
, 6
, 19
, 6
, 17
, 8
, 21
, 4
, 19
, 6
, 4
, 21
, 14
, 11
, 23
, 2
, 19
, 6
, 3
, 22
, 23
, 2
, 11
, 14
, 12
, 13
, 12
, 13
, 16
, 9
, 17
, 8
, 20
, 5
, 9
, 16
, 17
, 8
, 23
, 2
, 2
, 23
, 15
, 10
, 8
, 17
, 5
, 20
, 5
, 20
, 4
, 21
, 23
, 2
, 17
, 8
, 5
, 20
, 16
, 9
, 3
, 22
, 11
, 14
, 10
, 15
, 12
, 13
, 15
, 10
, 13
, 12
, 10
, 15
, 21
, 4
, 16
, 9
, 9
, 16
, 3
, 22
, 10
, 15
, 20
, 5
, 18
, 7
, 10
, 15
, 18
, 7
, 16
, 9
, 10
, 15
, 7
, 18
, 22
, 3
, 8
, 17
, 7
, 18
, 17
, 8
