
680
, 183
, 44
, 85
, 142
, 74
, 153
, 28
, 199
, 225
, 2
, 85
, 142
, 27
, 200
, 57
, 170
, 147
, 80
, 219
, 8
, 144
, 83
, 44
, 183
, 72
, 155
, 25
, 202
, 179
, 48
, 161
, 66
, 178
, 49
, 200
, 27
, 158
, 69
, 127
, 100
, 141
, 86
, 74
, 153
, 71
, 156
, 17
, 210
, 73
, 154
, 44
, 183
, 206
, 21
, 102
, 125
, 45
, 182
, 157
, 70
, 220
, 7
, 202
, 25
, 6
, 221
, 107
, 120
, 131
, 96
, 92
, 135
, 118
, 109
, 105
, 122
, 115
, 112
, 189
, 38
, 156
, 71
, 165
, 62
, 138
, 89
, 34
, 193
, 48
, 179
, 177
, 50
, 164
, 63
, 174
, 53
, 18
, 209
, 207
, 20
, 122
, 105
, 157
, 70
, 224
, 3
, 35
, 192
, 49
, 178
, 170
, 57
, 98
, 129
, 214
, 13
, 69
, 158
, 161
, 66
, 129
, 98
, 120
, 107
, 120
, 107
, 124
, 103
, 127
, 100
, 164
, 63
, 146
, 81
, 149
, 78
, 83
, 144
, 5
, 222
, 127
, 100
, 99
, 128
, 25
, 202
, 219
, 8
, 132
, 95
, 50
, 177
, 91
, 136
, 138
, 89
, 47
, 180
, 64
, 163
, 220
, 7
, 61
, 166
, 157
, 70
, 23
, 204
, 155
, 72
, 39
, 188
, 27
, 200
, 4
, 223
, 46
, 181
, 88
, 139
, 70
, 157
, 70
, 157
, 86
, 141
, 199
, 28
, 95
, 132
, 185
, 42
, 46
, 181
, 205
, 22
, 219
, 8
, 140
, 87
, 8
, 219
, 160
, 67
, 129
, 98
, 5
, 222
, 57
, 170
, 24
, 203
, 48
, 179
, 36
, 191
, 123
, 104
, 66
, 161
, 197
, 30
, 172
, 55
, 130
, 97
, 149
, 78
, 198
, 29
, 87
, 140
, 133
, 94
, 208
, 19
, 212
, 15
, 149
, 78
, 21
, 206
, 138
, 89
, 156
, 71
, 210
, 17
, 165
, 62
, 25
, 202
, 116
, 111
, 75
, 152
, 20
, 207
, 138
, 89
, 193
, 34
, 221
, 6
, 101
, 126
, 42
, 185
, 127
, 100
, 107
, 120
, 8
, 219
, 125
, 102
, 200
, 27
, 122
, 105
, 55
, 172
, 33
, 194
, 117
, 110
, 45
, 182
, 58
, 169
, 35
, 192
, 186
, 41
, 39
, 188
, 69
, 158
, 191
, 36
, 140
, 87
, 201
, 26
, 5
, 222
, 128
, 99
, 189
, 38
, 210
, 17
, 27
, 200
, 139
, 88
, 58
, 169
, 182
, 45
, 30
, 197
, 209
, 18
, 104
, 123
, 161
, 66
, 72
, 155
, 4
, 223
, 95
, 132
, 5
, 222
, 70
, 157
, 85
, 142
, 146
, 81
, 156
, 71
, 5
, 222
, 42
, 185
, 172
, 55
, 161
, 66
, 187
, 40
, 36
, 191
, 184
, 43
, 132
, 95
, 108
, 119
, 100
, 127
, 57
, 170
, 155
, 72
, 144
, 83
, 194
, 33
, 157
, 70
, 149
, 78
, 155
, 72
, 210
, 17
, 93
, 134
, 84
, 143
, 173
, 54
, 48
, 179
, 148
, 79
, 102
, 125
, 104
, 123
, 86
, 141
, 179
, 48
, 219
, 8
, 89
, 138
, 79
, 148
, 58
, 169
, 44
, 183
, 209
, 18
, 114
, 113
, 188
, 39
, 223
, 4
, 86
, 141
, 137
, 90
, 94
, 133
, 76
, 151
, 154
, 73
, 65
, 162
, 93
, 134
, 159
, 68
, 65
, 162
, 7
, 220
, 64
, 163
, 191
, 36
, 24
, 203
, 173
, 54
, 54
, 173
, 172
, 55
, 223
, 4
, 36
, 191
, 26
, 201
, 126
, 101
, 77
, 150
, 33
, 194
, 90
, 137
, 24
, 203
, 171
, 56
, 96
, 131
, 105
, 122
, 180
, 47
, 63
, 164
, 33
, 194
, 136
, 91
, 141
, 86
, 155
, 72
, 163
, 64
, 205
, 22
, 33
, 194
, 212
, 15
, 139
, 88
, 130
, 97
, 198
, 29
, 57
, 170
, 89
, 138
, 86
, 141
, 119
, 108
, 100
, 127
, 205
, 22
, 186
, 41
, 86
, 141
, 48
, 179
, 148
, 79
, 215
, 12
, 141
, 86
, 211
, 16
, 86
, 141
, 155
, 72
, 178
, 49
, 34
, 193
, 14
, 213
, 101
, 126
, 212
, 15
, 51
, 176
, 41
, 186
, 136
, 91
, 189
, 38
, 11
, 216
, 74
, 153
, 65
, 162
, 82
, 145
, 165
, 62
, 75
, 152
, 157
, 70
, 44
, 183
, 172
, 55
, 48
, 179
, 198
, 29
, 74
, 153
, 2
, 225
, 173
, 54
, 4
, 223
, 24
, 203
, 207
, 20
, 192
, 35
, 70
, 157
, 73
, 154
, 184
, 43
, 131
, 96
, 71
, 156
, 199
, 28
, 63
, 164
, 225
, 2
, 134
, 93
, 157
, 70
, 85
, 142
, 5
, 222
, 92
, 135
, 142
, 85
, 214
, 13
, 169
, 58
, 93
, 134
, 154
, 73
, 164
, 63
, 27
, 200
, 177
, 50
, 2
, 225
, 151
, 76
, 43
, 184
, 102
, 125
, 125
, 102
, 143
, 84
, 152
, 75
, 135
, 92
, 90
, 137
, 77
, 150
, 141
, 86
, 60
, 167
, 143
, 84
, 192
, 35
, 97
, 130
, 24
, 203
, 31
, 196
, 125
, 102
, 196
, 31
, 97
, 130
, 125
, 102
, 1
, 226
, 77
, 150
, 166
, 61
, 2
, 225
, 153
, 74
, 225
, 2
, 225
, 2
, 168
, 59
, 124
, 103
, 149
, 78
, 119
, 108
, 152
, 75
, 151
, 76
, 93
, 134
, 212
, 15
, 195
, 32
, 122
, 105
, 211
, 16
, 49
, 178
, 213
, 14
, 52
, 175
, 29
, 198
, 188
, 39
, 79
, 148
, 116
, 111
, 210
, 17
, 46
, 181
, 221
, 6
, 132
, 95
, 73
, 154
, 80
, 147
, 81
, 146
, 23
, 204
, 31
, 196
, 215
, 12
, 110
, 117
, 92
, 135
, 203
, 24
, 218
, 9
, 59
, 168
, 140
, 87
, 123
, 104
, 109
, 118
, 26
, 201
, 90
, 137
, 184
, 43
, 50
, 177
, 109
, 118
, 44
, 183
, 87
, 140
, 109
, 118
, 161
, 66
, 139
, 88
, 13
, 214
, 213
, 14
, 147
, 80
, 199
, 28
, 70
, 157
, 101
, 126
, 223
, 4
, 183
, 44
, 98
, 129
, 143
, 84
, 127
, 100
, 24
, 203
, 150
, 77
, 35
, 192
, 135
, 92
, 26
, 201
, 89
, 138
, 220
, 7
, 6
, 221
, 71
, 156
, 193
, 34
, 172
, 55
, 75
, 152
, 48
, 179
, 64
, 163
, 125
, 102
, 23
, 204
, 57
, 170
, 20
, 207
, 65
, 162
, 35
, 192
, 34
, 193
, 64
, 163
, 156
, 71
, 115
, 112
, 83
, 144
, 222
, 5
, 169
, 58
, 48
, 179
, 124
, 103
, 20
, 207
, 117
, 110
, 77
, 150
, 14
, 213
, 224
, 3
, 56
, 171
, 184
, 43
, 45
, 182
, 188
, 39
, 188
, 39
, 206
, 21
, 61
, 166
, 72
, 155
, 80
, 147
, 83
, 144
, 97
, 130
, 25
, 202
, 69
, 158
, 144
, 83
, 171
, 56
, 28
, 199
, 97
, 130
, 178
, 49
, 131
, 96
, 95
, 132
, 162
, 65
, 152
, 75
, 190
, 37
, 162
, 65
, 187
, 40
, 140
, 87
, 74
, 153
, 46
, 181
, 197
, 30
, 158
, 69
, 179
, 48
, 100
, 127
, 84
, 143
, 55
, 172
, 61
, 166
, 190
, 37
, 48
, 179
, 125
, 102
, 109
, 118
, 59
, 168
, 150
, 77
, 71
, 156
, 222
, 5
, 157
, 70
, 69
, 158
, 102
, 125
, 21
, 206
, 99
, 128
, 96
, 131
, 137
, 90
, 3
, 224
, 9
, 218
, 2
, 225
, 171
, 56
, 173
, 54
, 32
, 195
, 10
, 217
, 162
, 65
, 92
, 135
, 179
, 48
, 84
, 143
, 97
, 130
, 93
, 134
, 220
, 7
, 77
, 150
, 130
, 97
, 220
, 7
, 3
, 224
, 198
, 29
, 195
, 32
, 6
, 221
, 124
, 103
, 211
, 16
, 110
, 117
, 20
, 207
, 23
, 204
, 108
, 119
, 156
, 71
, 14
, 213
, 208
, 19
, 164
, 63
, 9
, 218
, 222
, 5
, 128
, 99
, 104
, 123
, 162
, 65
, 17
, 210
, 64
, 163
, 41
, 186
, 118
, 109
, 1
, 226
, 45
, 182
, 150
, 77
, 6
, 221
, 25
, 202
, 107
, 120
, 127
, 100
, 165
, 62
, 113
, 114
, 78
, 149
, 13
, 214
, 84
, 143
, 39
, 188
, 120
, 107
, 224
, 3
, 219
, 8
, 129
, 98
, 48
, 179
, 212
, 15
, 84
, 143
, 115
, 112
, 118
, 109
, 115
, 112
, 82
, 145
, 50
, 177
, 76
, 151
, 134
, 93
, 130
, 97
, 147
, 80
, 29
, 198
, 202
, 25
, 112
, 115
, 67
, 160
, 65
, 162
, 225
, 2
, 222
, 5
, 213
, 14
, 115
, 112
, 142
, 85
, 175
, 52
, 26
, 201
, 88
, 139
, 183
, 44
, 139
, 88
, 42
, 185
, 218
, 9
, 122
, 105
, 143
, 84
, 76
, 151
, 10
, 217
, 100
, 127
, 189
, 38
, 189
, 38
, 159
, 68
, 28
, 199
, 36
, 191
, 132
, 95
, 160
, 67
, 164
, 63
, 141
, 86
, 10
, 217
, 56
, 171
, 30
, 197
, 163
, 64
, 125
, 102
, 118
, 109
, 176
, 51
, 158
, 69
, 51
, 176
, 34
, 193
, 198
, 29
, 149
, 78
, 33
, 194
, 49
, 178
, 81
, 146
, 28
, 199
, 207
, 20
, 108
, 119
, 18
, 209
, 98
, 129
, 90
, 137
, 202
, 25
, 193
, 34
, 109
, 118
, 161
, 66
, 100
, 127
, 62
, 165
, 215
, 12
, 2
, 225
, 34
, 193
, 197
, 30
, 76
, 151
, 197
, 30
, 123
, 104
, 84
, 143
, 201
, 26
, 200
, 27
, 39
, 188
, 39
, 188
, 174
, 53
, 125
, 102
, 209
, 18
, 16
, 211
, 90
, 137
, 160
, 67
, 151
, 76
, 9
, 218
, 30
, 197
, 162
, 65
, 119
, 108
, 133
, 94
, 193
, 34
, 113
, 114
, 10
, 217
, 35
, 192
, 19
, 208
, 83
, 144
, 34
, 193
, 204
, 23
, 206
, 21
, 43
, 184
, 92
, 135
, 182
, 45
, 41
, 186
, 120
, 107
, 156
, 71
, 158
, 69
, 145
, 82
, 76
, 151
, 169
, 58
, 193
, 34
, 21
, 206
, 20
, 207
, 147
, 80
, 115
, 112
, 162
, 65
, 190
, 37
, 13
, 214
, 25
, 202
, 13
, 214
, 117
, 110
, 112
, 115
, 5
, 222
, 64
, 163
, 134
, 93
, 156
, 71
, 142
, 85
, 59
, 168
, 185
, 42
, 85
, 142
, 139
, 88
, 204
, 23
, 223
, 4
, 217
, 10
, 147
, 80
, 74
, 153
, 114
, 113
, 180
, 47
, 212
, 15
, 106
, 121
