
1375
901
793
653
945
824
197
578
744
390
807
907
783
126
193
919
299
891
826
221
838
304
779
754
420
431
130
321
547
530
156
454
553
255
815
121
373
418
216
387
455
397
874
854
498
681
700
462
541
617
754
150
930
495
445
176
563
551
266
406
940
266
294
821
938
128
861
695
572
247
666
495
246
599
275
862
936
552
965
566
698
866
430
261
852
109
377
354
738
170
773
901
538
356
780
771
958
585
463
719
698
486
494
541
632
191
301
485
448
556
988
129
807
376
248
363
692
706
528
584
122
623
998
971
764
846
660
117
669
512
368
909
436
329
124
492
199
858
177
615
861
311
917
104
920
154
588
321
677
249
462
905
861
636
791
226
561
571
825
152
117
768
648
896
363
903
934
761
903
617
973
808
183
977
827
821
382
603
852
306
518
361
674
614
605
732
174
569
931
669
804
606
674
917
930
959
627
312
238
241
881
594
452
236
991
720
337
646
208
240
437
960
242
972
552
528
633
395
424
576
611
714
825
963
575
802
356
203
850
222
973
828
691
674
713
516
644
320
385
567
410
580
246
146
640
795
797
952
863
790
829
545
435
584
425
294
447
722
655
347
850
291
148
942
769
999
873
254
294
271
194
797
432
654
265
100
678
158
350
183
101
431
902
585
733
695
340
663
741
899
699
150
237
229
606
343
449
625
398
126
118
338
868
422
394
298
244
692
338
274
940
733
369
675
369
421
297
181
135
867
499
268
460
197
407
508
998
224
1000
635
463
570
661
826
559
980
490
432
970
856
934
609
801
832
355
432
366
224
592
635
900
250
320
569
169
935
361
877
348
205
570
702
177
103
319
326
186
172
308
984
725
512
545
952
770
833
854
506
386
974
147
275
941
741
848
514
143
361
104
803
855
130
120
915
686
273
120
877
396
520
716
902
967
562
662
802
519
191
835
974
140
873
801
683
521
709
381
718
912
292
642
798
618
566
820
109
232
163
127
743
643
738
576
904
728
598
670
469
636
669
660
711
429
292
343
485
302
400
456
496
466
864
760
291
691
277
934
547
726
635
634
432
191
765
434
125
146
305
894
437
508
442
641
211
183
430
484
885
675
563
932
577
952
979
837
204
802
999
269
203
362
254
924
710
789
745
610
983
248
939
380
803
734
752
894
518
325
353
811
216
182
716
133
163
737
839
134
730
521
428
813
471
464
145
638
653
321
307
865
282
170
970
177
844
677
658
824
154
750
378
620
765
287
443
513
498
404
489
757
243
325
301
868
444
349
397
927
930
259
402
867
165
238
427
244
832
213
825
969
682
873
414
953
979
762
201
516
909
995
217
541
452
617
669
413
168
161
299
879
756
667
277
316
538
273
787
189
733
271
897
982
560
791
550
898
550
908
609
594
921
351
914
822
139
301
265
617
632
646
357
914
915
657
405
623
270
554
721
328
280
935
199
311
130
238
614
781
124
784
792
825
107
886
884
758
709
832
205
794
285
871
131
787
481
266
994
381
645
926
374
430
559
883
951
895
861
383
562
812
341
581
808
125
942
995
938
809
269
171
953
363
943
201
561
274
115
506
249
602
691
272
439
862
110
403
820
837
756
560
296
946
394
617
538
463
131
243
836
759
117
247
546
409
540
756
146
441
344
578
247
422
191
514
709
938
504
813
100
961
157
995
928
444
345
838
367
113
464
688
535
524
401
537
451
658
666
210
848
298
690
788
670
296
338
835
789
954
573
241
872
823
402
175
709
348
342
683
170
460
894
164
153
444
909
722
594
344
829
816
200
879
602
484
880
586
468
376
663
176
506
512
197
997
993
492
130
537
914
318
648
243
668
924
595
296
924
261
799
850
973
952
121
247
524
151
407
913
357
288
661
724
437
426
472
444
837
433
288
689
224
316
449
448
528
797
768
234
700
264
973
604
248
168
521
135
467
240
439
134
538
819
714
780
478
438
114
583
869
207
870
534
305
155
357
347
358
321
851
955
747
520
703
395
760
638
680
523
833
922
347
474
181
814
673
835
616
978
945
981
243
844
126
335
140
227
705
745
994
437
497
742
747
462
160
746
389
831
119
623
756
638
642
569
421
293
549
869
779
675
434
820
661
703
342
283
212
978
633
911
932
249
429
402
546
958
290
468
204
107
257
540
706
162
904
944
782
158
649
596
580
127
173
593
502
576
416
435
496
758
478
171
716
137
506
808
204
179
592
794
737
864
244
509
233
992
643
704
124
883
882
537
322
832
239
471
333
873
598
847
255
453
702
523
959
377
461
972
215
617
893
169
843
318
789
141
560
871
465
950
602
517
720
162
177
349
764
113
643
586
165
432
688
261
430
595
747
529
942
233
526
734
994
565
241
209
153
719
846
186
851
411
738
459
723
471
283
907
460
112
118
626
725
394
737
948
409
183
188
952
115
757
125
177
997
940
843
972
346
546
294
263
379
140
890
400
393
485
1000
227
834
935
677
399
194
593
797
626
562
864
282
200
549
282
820
694
546
571
328
128
200
283
131
574
134
450
516
532
728
340
901
284
356
543
485
263
585
951
499
734
148
531
324
332
459
135
657
999
352
930
958
976
531
502
590
997
449
342
554
926
940
345
465
281
225
770
454
823
614
543
395
439
802
535
604
705
558
443
419
107
885
528
669
774
678
448
830
114
491
546
919
584
606
877
143
610
662
631
902
895
832
539
674
300
131
934
669
346
364
254
581
107
971
902
636
544
753
776
639
428
128
393
469
806
557
739
325
407
500
227
167
593
636
694
292
330
809
218
195
444
314
439
824
698
781
202
842
585
796
859
238
743
554
555
868
584
880
910
737
132
190
187
627
183
212
537
160
952
568
533
478
417
560
662
856
934
697
283
326
506
196
441
411
714
696
908
183
583
110
745
381
378
262
676
439
824
411
508
739
151
391
124
638
803
143
511
430
716
547
560
506
936
976
862
703
108
610
300
372
805
275
144
151
356
358
430
920
588
490
604
377
376
874
120
563
806
905
620
245
521
114
673
170
395
590
614
158
305
605
891
518
952
382
579
668
147
179
695
341
309
326
572
840
214
160
873
205
181
796
304
221
211
452
817
963
703
769
807
246
254
703
520
551
223
391
430
471
137
140
629
116
152
406
365
810
430
108
51
51
52
54
54
55
60
67
70
71
72
72
74
74
74
76
76
78
81
82
83
83
86
87
90
92
94
95
95
96
97
99
100
100
100
100
101
101
102
103
104
105
105
106
106
106
108
109
111
114
115
116
120
122
122
122
123
124
124
125
128
134
136
136
137
138
142
143
146
148
148
150
150
151
154
155
157
158
158
159
159
160
166
168
169
171
172
174
175
175
179
181
183
184
185
186
187
189
190
191
194
194
195
195
196
200
200
201
202
203
205
206
206
209
212
213
216
218
220
220
221
226
226
230
235
237
237
237
250
250
251
253
253
256
257
257
257
258
258
258
259
260
262
262
264
269
269
270
273
274
274
275
277
279
279
280
280
283
283
284
287
290
291
294
294
296
298
298
301
303
305
307
308
309
309
310
311
311
312
314
315
319
321
322
322
323
324
327
327
327
328
329
330
333
333
334
334
335
335
336
340
341
343
343
344
345
345
348
349
350
351
353
354
356
356
358
358
359
359
360
362
362
364
364
364
365
366
368
370
373
374
375
375
375
377
377
378
383
384
384
385
386
391
391
394
396
397
397
397
399
404
405
406
408
409
409
410
415
415
416
418
418
418
419
421
422
424
424
429
431
431
433
433
434
434
435
437
439
442
442
443
443
444
445
448
449
449
453
457
457
458
458
458
461
462
467
471
471
472
473
473
474
475
475
485
486
486
487
488
489
490
491
491
492
493
494
500
502
503
505
505
506
507
507
509
510
511
511
513
517
518
524
525
525
527
527
527
528
528
529
532
533
540
541
548
549
552
554
557
558
558
560
560
562
563
564
566
568
574
574
576
579
580
581
582
582
583
591
591
592
592
594
595
599
601
603
604
604
606
606
606
610
610
615
617
619
620
621
621
622
622
625
627
627
627
627
630
631
634
634
635
641
642
642
646
647
648
649
650
650
650
652
654
658
662
667
669
669
672
673
675
677
677
677
680
682
684
685
687
689
689
690
691
692
693
693
694
695
697
697
698
700
702
703
704
707
708
710
717
717
718
721
723
723
723
724
725
726
727
729
733
735
736
739
740
742
742
744
746
746
747
748
748
748
749
749
750
750
752
754
755
757
758
760
761
762
765
765
766
767
769
772
775
776
776
779
781
784
786
787
788
789
789
790
790
791
792
792
793
794
796
796
797
797
797
798
798
801
804
807
812
813
813
814
816
816
818
819
825
825
827
828
829
830
831
831
834
834
841
841
842
842
842
845
847
850
852
854
855
859
859
860
861
862
862
870
870
870
870
871
873
873
876
877
877
878
879
880
880
882
883
884
885
887
889
891
891
892
893
895
895
895
896
899
899
899
900
901
902
902
905
908
910
910
910
912
914
918
920
922
926
928
929
930
930
930
936
938
940
943
943
946
946
947
948
949
951
953
954
955
955
956
958
958
961
963
966
967
967
968
969
969
970
974
977
978
978
979
979
980
981
981
982
982
984
985
986
986
986
991
992
992
992
994
994
996
998
998
999
1000
1001
1004
1005
1006
1007
1007
1008
1013
1013
1013
1016
1018
1019
1019
1020
1023
1023
1024
1025
1026
1029
1032
1033
1033
1033
1035
1035
1036
1040
1042
1043
1048
1048
1050
1050
1055
1057
1057
1064
1064
1065
1066
1066
1068
1068
1071
1076
1077
1077
1077
1083
1085
1085
1088
1089
1090
1091
1092
1093
1096
1097
1098
1098
1099
1102
1103
1103
1106
1108
1109
1109
1110
1112
1112
1113
1114
1115
1117
1118
1120
1123
1133
1133
1135
1135
1135
1136
1138
1140
1145
1146
1151
1151
1152
1154
1155
1159
1159
1161
1162
1163
1163
1164
1164
1166
1167
1169
1171
1173
1174
1175
1178
1181
1183
1183
1185
1186
1186
1187
1188
1188
1189
1192
1193
1194
1194
1195
1197
1200
1200
1201
1201
1207
1208
1210
1210
1212
1212
1215
1216
1217
1217
1217
1223
1224
1224
1226
1226
1228
1229
1229
1231
1233
1233
1233
1233
1234
1234
1239
1242
1242
1243
1244
1244
1244
1246
1246
1246
1247
1248
1249
1251
1252
1252
1254
1255
1257
1258
1258
1259
1260
1260
1262
1262
1263
1263
1268
1269
1269
1269
1269
1269
1270
1274
1275
1280
1282
1283
1284
1285
1286
1287
1288
1289
1290
1292
1294
1297
1300
1300
1300
1301
1302
1304
1304
1305
1305
1306
1306
1307
1307
1310
1314
1315
1315
1317
1317
1318
1319
1319
1320
1328
1330
1330
1331
1332
1333
1334
1338
1338
1338
1341
1341
1342
1342
1344
1346
1346
1346
1349
1350
1350
1351
1351
1351
1354
1356
1358
1362
1366
1367
1367
1368
1368
1369
1372
1374
1374
1374
1375
1375
1375
1375
1377
1378
1380
1381
1381
1382
1384
1385
1385
1385
1386
1386
1386
1386
1387
1387
1392
1393
1394
1395
1397
1398
1399
1399
1401
1402
1402
1405
1406
1409
1410
1414
1415
1415
1416
1419
1420
1422
1422
1423
1424
1424
1427
1428
1429
1430
1434
1436
1441
1444
1445
1445
1449
1449
1449
1449
1450
1451
1452
1453
1453
1454
1457
1458
1458
1458
1461
1464
1464
1466
1468
1470
1472
1472
1473
1473
1475
1475
1476
1476
1478
1481
1482
1486
1487
1490
1492
1492
1496
1497
1497
1498
1499
1500
1502
1503
1504
1504
1506
1508
1511
1512
1512
1513
1516
1517
1518
1523
1531
1532
1534
1534
1534
1535
1538
1538
1538
1538
1539
1541
1544
1545
1545
1548
1548
1548
1548
1549
1549
1551
1551
1552
1554
1555
1557
1558
1561
1562
1563
1565
1565
1568
1569
1570
1571
1572
1573
1575
1576
1581
1582
1582
1584
1585
1588
1591
1592
1594
1595
1595
1599
1601
1602
1602
1603
1606
1609
1610
1611
1612
1612
1613
1617
1618
1620
1627
1629
1629
1629
1630
1631
1632
1636
1638
1639
1642
1643
1649
1651
1651
1652
1656
1656
1657
1657
1657
1658
1661
1662
1667
1669
1669
1670
1671
1671
1676
1677
1678
1683
1684
1685
1688
1688
1689
1690
1696
1696
1702
1704
1706
1707
1708
1710
1713
1714
1716
1717
1717
1720
1720
1720
1723
1726
1727
1730
1731
1733
1734
1735
1735
1737
1738
1739
1740
1743
1744
1745
1745
1746
1746
1748
1748
1748
1750
1750
1752
1752
1753
1754
1755
1756
1757
1757
1757
1758
1762
1762
1765
1766
1766
1769
1771
1772
1774
1774
1776
1778
1779
1779
1779
1781
1783
1785
1786
1787
1788
1789
1789
1790
1791
1793
1799
1802
1805
1806
1808
1808
1809
1810
1811
1811
1814
1815
1815
1816
1818
1819
1822
1822
1824
1825
1825
1827
1827
1828
1828
1829
1830
1830
1832
1833
1836
1838
1839
1841
1842
1844
1844
1845
1847
1849
1849
1850
1853
1858
1859
1860
1862
1862
1864
1866
1867
1867
1870
1873
1874
1876
1880
1880
1880
1881
1882
1884
1885
1885
1885
1886
1887
1888
1889
1892
1893
1894
1896
1897
1898
1899
1899
1903
1904
1906
1909
1912
1913
1913
1915
1917
1917
1918
1918
1919
1922
1922
1922
1924
1926
1926
1928
1928
1928
1930
1931
1933
1935
1937
1938
1940
1941
1941
1945
1946
1947
1948
1948
1949
1949
1950
1951
1952
1953
1954
1955
1955
1957
1959
1961
1961
1963
1964
1966
1968
1970
1970
1971
1972
1973
1974
1974
1975
1976
1978
1979
1979
1981
1981
1986
1989
1989
1991
1998
1999
2000
