
690
, 49
, 17
, 15
, 51
, 36
, 30
, 11
, 55
, 64
, 2
, 41
, 25
, 19
, 47
, 41
, 25
, 27
, 39
, 61
, 5
, 23
, 43
, 47
, 19
, 51
, 15
, 11
, 55
, 43
, 23
, 46
, 20
, 32
, 34
, 17
, 49
, 58
, 8
, 55
, 11
, 43
, 23
, 17
, 49
, 12
, 54
, 28
, 38
, 55
, 11
, 3
, 63
, 51
, 15
, 24
, 42
, 49
, 17
, 42
, 24
, 56
, 10
, 62
, 4
, 41
, 25
, 30
, 36
, 6
, 60
, 19
, 47
, 19
, 47
, 24
, 42
, 15
, 51
, 61
, 5
, 14
, 52
, 27
, 39
, 36
, 30
, 33
, 33
, 51
, 15
, 57
, 9
, 5
, 61
, 19
, 47
, 60
, 6
, 62
, 4
, 60
, 6
, 6
, 60
, 32
, 34
, 3
, 63
, 15
, 51
, 41
, 25
, 54
, 12
, 28
, 38
, 29
, 37
, 35
, 31
, 42
, 24
, 41
, 25
, 39
, 27
, 12
, 54
, 19
, 47
, 10
, 56
, 48
, 18
, 32
, 34
, 23
, 43
, 60
, 6
, 54
, 12
, 56
, 10
, 44
, 22
, 31
, 35
, 5
, 61
, 56
, 10
, 60
, 6
, 45
, 21
, 52
, 14
, 9
, 57
, 57
, 9
, 61
, 5
, 15
, 51
, 12
, 54
, 31
, 35
, 25
, 41
, 7
, 59
, 28
, 38
, 62
, 4
, 51
, 15
, 29
, 37
, 32
, 34
, 2
, 64
, 47
, 19
, 9
, 57
, 36
, 30
, 43
, 23
, 4
, 62
, 33
, 33
, 22
, 44
, 60
, 6
, 5
, 61
, 19
, 47
, 56
, 10
, 25
, 41
, 43
, 23
, 1
, 65
, 6
, 60
, 16
, 50
, 33
, 33
, 34
, 32
, 41
, 25
, 8
, 58
, 50
, 16
, 14
, 52
, 57
, 9
, 54
, 12
, 48
, 18
, 9
, 57
, 33
, 33
, 30
, 36
, 17
, 49
, 12
, 54
, 61
, 5
, 20
, 46
, 64
, 2
, 47
, 19
, 59
, 7
, 53
, 13
, 35
, 31
, 41
, 25
, 32
, 34
, 58
, 8
, 47
, 19
, 64
, 2
, 10
, 56
, 30
, 36
, 51
, 15
, 36
, 30
, 27
, 39
, 28
, 38
, 22
, 44
, 33
, 33
, 54
, 12
, 60
, 6
, 37
, 29
, 15
, 51
, 59
, 7
, 3
, 63
, 32
, 34
, 63
, 3
, 42
, 24
, 21
, 45
, 60
, 6
, 1
, 65
, 5
, 61
, 37
, 29
, 59
, 7
, 24
, 42
, 11
, 55
, 13
, 53
, 63
, 3
, 23
, 43
, 10
, 56
, 50
, 16
, 25
, 41
, 59
, 7
, 12
, 54
, 40
, 26
, 16
, 50
, 45
, 21
, 55
, 11
, 57
, 9
, 29
, 37
, 54
, 12
, 43
, 23
, 59
, 7
, 5
, 61
, 13
, 53
, 63
, 3
, 4
, 62
, 11
, 55
, 51
, 15
, 24
, 42
, 58
, 8
, 48
, 18
, 60
, 6
, 5
, 61
, 35
, 31
, 18
, 48
, 7
, 59
, 25
, 41
, 63
, 3
, 40
, 26
, 38
, 28
, 41
, 25
, 19
, 47
, 49
, 17
, 52
, 14
, 19
, 47
, 37
, 29
, 31
, 35
, 17
, 49
, 60
, 6
, 60
, 6
, 4
, 62
, 6
, 60
, 26
, 40
, 29
, 37
, 12
, 54
, 36
, 30
, 64
, 2
, 31
, 35
, 30
, 36
, 9
, 57
, 50
, 16
, 42
, 24
, 51
, 15
, 7
, 59
, 38
, 28
, 21
, 45
, 64
, 2
, 20
, 46
, 36
, 30
, 43
, 23
, 42
, 24
, 31
, 35
, 8
, 58
, 54
, 12
, 64
, 2
, 55
, 11
, 17
, 49
, 60
, 6
, 42
, 24
, 51
, 15
, 27
, 39
, 20
, 46
, 2
, 64
, 39
, 27
, 34
, 32
, 56
, 10
, 48
, 18
, 34
, 32
, 36
, 30
, 54
, 12
, 32
, 34
, 15
, 51
, 48
, 18
, 35
, 31
, 21
, 45
, 31
, 35
, 16
, 50
, 55
, 11
, 4
, 62
, 60
, 6
, 16
, 50
, 63
, 3
, 27
, 39
, 31
, 35
, 8
, 58
, 24
, 42
, 41
, 25
, 41
, 25
, 45
, 21
, 54
, 12
, 57
, 9
, 40
, 26
, 26
, 40
, 4
, 62
, 35
, 31
, 6
, 60
, 58
, 8
, 11
, 55
, 2
, 64
, 40
, 26
, 23
, 43
, 48
, 18
, 52
, 14
, 35
, 31
, 34
, 32
, 53
, 13
, 12
, 54
, 42
, 24
, 31
, 35
, 23
, 43
, 41
, 25
, 41
, 25
, 21
, 45
, 17
, 49
, 29
, 37
, 46
, 20
, 40
, 26
, 9
, 57
, 26
, 40
, 2
, 64
, 39
, 27
, 32
, 34
, 8
, 58
, 40
, 26
, 53
, 13
, 39
, 27
, 11
, 55
, 2
, 64
, 58
, 8
, 25
, 41
, 19
, 47
, 14
, 52
, 17
, 49
, 3
, 63
, 13
, 53
, 61
, 5
, 10
, 56
, 29
, 37
, 58
, 8
, 23
, 43
, 28
, 38
, 5
, 61
, 50
, 16
, 16
, 50
, 54
, 12
, 34
, 32
, 58
, 8
, 10
, 56
, 52
, 14
, 29
, 37
, 19
, 47
, 28
, 38
, 41
, 25
, 47
, 19
, 60
, 6
, 22
, 44
, 38
, 28
, 36
, 30
, 47
, 19
, 40
, 26
, 18
, 48
, 7
, 59
, 21
, 45
, 56
, 10
, 30
, 36
, 57
, 9
, 45
, 21
, 38
, 28
, 22
, 44
, 40
, 26
, 7
, 59
, 6
, 60
, 8
, 58
, 30
, 36
, 62
, 4
, 20
, 46
, 6
, 60
, 20
, 46
, 61
, 5
, 27
, 39
, 21
, 45
, 39
, 27
, 46
, 20
, 18
, 48
, 64
, 2
, 30
, 36
, 38
, 28
, 24
, 42
, 22
, 44
, 64
, 2
, 49
, 17
, 13
, 53
, 14
, 52
, 51
, 15
, 28
, 38
, 28
, 38
, 13
, 53
, 20
, 46
, 37
, 29
, 20
, 46
, 51
, 15
, 9
, 57
, 23
, 43
, 47
, 19
, 44
, 22
, 42
, 24
, 49
, 17
, 2
, 64
, 51
, 15
, 16
, 50
, 18
, 48
, 9
, 57
, 23
, 43
, 47
, 19
, 43
, 23
, 42
, 24
, 17
, 49
, 41
, 25
, 16
, 50
, 42
, 24
, 7
, 59
, 32
, 34
, 48
, 18
, 64
, 2
, 49
, 17
, 2
, 64
, 2
, 64
, 16
, 50
, 60
, 6
, 4
, 62
, 6
, 60
, 30
, 36
, 20
, 46
, 3
, 63
, 30
, 36
, 24
, 42
, 1
, 65
, 3
, 63
, 41
, 25
, 39
, 27
, 3
, 63
, 27
, 39
, 12
, 54
, 26
, 40
, 61
, 5
, 46
, 20
, 11
, 55
, 10
, 56
, 53
, 13
, 51
, 15
, 51
, 15
, 1
, 65
, 36
, 30
, 53
, 13
, 4
, 62
, 13
, 53
, 43
, 23
, 2
, 64
, 23
, 43
, 26
, 40
, 7
, 59
, 27
, 39
, 15
, 51
, 17
, 49
, 17
, 49
, 28
, 38
, 42
, 24
, 62
, 4
, 42
, 24
, 16
, 50
, 51
, 15
, 45
, 21
, 48
, 18
, 8
, 58
, 37
, 29
, 19
, 47
, 14
, 52
, 8
, 58
, 22
, 44
, 43
, 23
, 52
, 14
, 50
, 16
, 63
, 3
, 39
, 27
, 49
, 17
, 22
, 44
, 25
, 41
, 24
, 42
, 26
, 40
, 35
, 31
, 4
, 62
, 58
, 8
, 48
, 18
, 15
, 51
, 50
, 16
, 48
, 18
, 13
, 53
, 39
, 27
, 56
, 10
, 30
, 36
, 36
, 30
, 58
, 8
, 16
, 50
, 46
, 20
, 24
, 42
, 39
, 27
, 55
, 11
, 15
, 51
, 11
, 55
, 9
, 57
, 64
, 2
, 19
, 47
, 35
, 31
, 54
, 12
, 41
, 25
, 24
, 42
, 58
, 8
, 36
, 30
, 12
, 54
, 64
, 2
, 49
, 17
, 7
, 59
, 38
, 28
, 44
, 22
, 48
, 18
, 52
, 14
, 43
, 23
, 40
, 26
, 6
, 60
, 12
, 54
, 54
, 12
, 9
, 57
, 9
, 57
, 62
, 4
, 36
, 30
, 50
, 16
, 17
, 49
, 6
, 60
, 7
, 59
, 27
, 39
, 30
, 36
, 55
, 11
, 47
, 19
, 14
, 52
, 53
, 13
, 12
, 54
, 2
, 64
, 63
, 3
, 16
, 50
, 3
, 63
, 40
, 26
, 10
, 56
, 26
, 40
, 7
, 59
, 41
, 25
, 52
, 14
, 23
, 43
, 52
, 14
, 59
, 7
, 49
, 17
, 44
, 22
, 48
, 18
, 46
, 20
, 49
, 17
, 25
, 41
, 36
, 30
, 42
, 24
, 59
, 7
, 6
, 60
, 2
, 64
, 53
, 13
, 19
, 47
, 48
, 18
, 57
, 9
, 2
, 64
, 29
, 37
, 5
, 61
, 62
, 4
, 45
, 21
, 31
, 35
, 4
, 62
, 16
, 50
, 27
, 39
, 35
, 31
, 1
, 65
, 35
, 31
, 19
, 47
, 20
, 46
, 3
, 63
, 31
, 35
, 21
, 45
, 44
, 22
, 53
, 13
, 26
, 40
, 15
, 51
, 1
, 65
, 20
, 46
, 51
, 15
, 31
, 35
, 24
, 42
, 50
, 16
, 26
, 40
, 17
, 49
, 20
, 46
, 12
, 54
, 27
, 39
, 58
, 8
, 16
, 50
, 26
, 40
, 27
, 39
, 30
, 36
, 41
, 25
, 26
, 40
, 42
, 24
, 63
, 3
, 52
, 14
, 35
, 31
, 40
, 26
, 17
, 49
, 55
, 11
, 26
, 40
, 58
, 8
, 62
, 4
, 1
, 65
, 21
, 45
, 8
, 58
, 28
, 38
, 58
, 8
, 32
, 34
, 53
, 13
, 38
, 28
, 37
, 29
, 52
, 14
, 14
, 52
, 40
, 26
, 50
, 16
, 36
, 30
, 31
, 35
, 61
, 5
, 53
, 13
, 17
, 49
, 57
, 9
, 55
, 11
, 29
, 37
, 39
, 27
, 53
, 13
, 24
, 42
, 8
, 58
, 46
, 20
, 42
, 24
, 9
, 57
, 36
, 30
, 61
, 5
, 6
, 60
, 39
, 27
, 61
, 5
, 46
, 20
, 6
, 60
, 4
, 62
, 41
, 25
, 63
, 3
, 11
, 55
, 45
, 21
, 24
, 42
, 26
, 40
, 8
, 58
, 19
, 47
, 2
, 64
, 26
, 40
, 59
, 7
, 33
, 33
, 57
, 9
, 22
, 44
, 50
, 16
, 34
, 32
, 36
, 30
, 60
, 6
, 39
, 27
, 49
, 17
, 59
, 7
, 35
, 31
, 22
, 44
, 19
, 47
, 63
, 3
, 29
, 37
, 59
, 7
, 51
, 15
, 10
, 56
, 38
, 28
, 21
, 45
, 5
, 61
, 35
, 31
, 52
, 14
, 55
, 11
, 45
, 21
, 6
, 60
, 5
, 61
, 3
, 63
, 56
, 10
, 14
, 52
, 32
, 34
, 3
, 63
, 5
, 61
, 63
, 3
, 44
, 22
, 55
, 11
, 19
, 47
, 52
, 14
, 47
, 19
, 5
, 61
, 17
, 49
, 10
, 56
, 11
, 55
, 47
, 19
, 34
, 32
