
700
, 92
, 102
, 64
, 130
, 130
, 64
, 35
, 159
, 120
, 74
, 114
, 80
, 109
, 85
, 32
, 162
, 101
, 93
, 41
, 153
, 44
, 150
, 29
, 165
, 96
, 98
, 139
, 55
, 29
, 165
, 80
, 114
, 104
, 90
, 89
, 105
, 126
, 68
, 100
, 94
, 106
, 88
, 55
, 139
, 137
, 57
, 85
, 109
, 81
, 113
, 182
, 12
, 22
, 172
, 94
, 100
, 138
, 56
, 4
, 190
, 185
, 9
, 35
, 159
, 159
, 35
, 168
, 26
, 148
, 46
, 72
, 122
, 89
, 105
, 190
, 4
, 55
, 139
, 97
, 97
, 177
, 17
, 90
, 104
, 60
, 134
, 168
, 26
, 144
, 50
, 29
, 165
, 170
, 24
, 92
, 102
, 107
, 87
, 174
, 20
, 177
, 17
, 134
, 60
, 10
, 184
, 107
, 87
, 47
, 147
, 135
, 59
, 65
, 129
, 126
, 68
, 123
, 71
, 24
, 170
, 66
, 128
, 24
, 170
, 113
, 81
, 104
, 90
, 139
, 55
, 144
, 50
, 143
, 51
, 165
, 29
, 102
, 92
, 161
, 33
, 152
, 42
, 75
, 119
, 1
, 193
, 67
, 127
, 53
, 141
, 77
, 117
, 66
, 128
, 14
, 180
, 162
, 32
, 22
, 172
, 169
, 25
, 64
, 130
, 8
, 186
, 143
, 51
, 14
, 180
, 75
, 119
, 128
, 66
, 70
, 124
, 125
, 69
, 185
, 9
, 172
, 22
, 46
, 148
, 25
, 169
, 134
, 60
, 167
, 27
, 75
, 119
, 190
, 4
, 128
, 66
, 169
, 25
, 180
, 14
, 39
, 155
, 27
, 167
, 98
, 96
, 43
, 151
, 133
, 61
, 60
, 134
, 68
, 126
, 84
, 110
, 173
, 21
, 9
, 185
, 51
, 143
, 93
, 101
, 97
, 97
, 132
, 62
, 2
, 192
, 9
, 185
, 40
, 154
, 153
, 41
, 5
, 189
, 13
, 181
, 84
, 110
, 183
, 11
, 101
, 93
, 173
, 21
, 159
, 35
, 128
, 66
, 149
, 45
, 175
, 19
, 31
, 163
, 78
, 116
, 156
, 38
, 152
, 42
, 41
, 153
, 79
, 115
, 77
, 117
, 143
, 51
, 105
, 89
, 97
, 97
, 156
, 38
, 152
, 42
, 104
, 90
, 182
, 12
, 16
, 178
, 119
, 75
, 96
, 98
, 179
, 15
, 119
, 75
, 100
, 94
, 148
, 46
, 48
, 146
, 129
, 65
, 111
, 83
, 39
, 155
, 111
, 83
, 104
, 90
, 82
, 112
, 180
, 14
, 29
, 165
, 51
, 143
, 53
, 141
, 100
, 94
, 43
, 151
, 3
, 191
, 59
, 135
, 105
, 89
, 142
, 52
, 91
, 103
, 178
, 16
, 117
, 77
, 163
, 31
, 1
, 193
, 181
, 13
, 157
, 37
, 82
, 112
, 162
, 32
, 101
, 93
, 43
, 151
, 41
, 153
, 156
, 38
, 184
, 10
, 92
, 102
, 112
, 82
, 156
, 38
, 166
, 28
, 135
, 59
, 179
, 15
, 162
, 32
, 2
, 192
, 115
, 79
, 106
, 88
, 28
, 166
, 108
, 86
, 164
, 30
, 80
, 114
, 110
, 84
, 177
, 17
, 81
, 113
, 96
, 98
, 180
, 14
, 30
, 164
, 134
, 60
, 127
, 67
, 9
, 185
, 62
, 132
, 177
, 17
, 67
, 127
, 182
, 12
, 49
, 145
, 14
, 180
, 91
, 103
, 161
, 33
, 24
, 170
, 170
, 24
, 89
, 105
, 114
, 80
, 10
, 184
, 11
, 183
, 136
, 58
, 52
, 142
, 172
, 22
, 183
, 11
, 45
, 149
, 73
, 121
, 150
, 44
, 190
, 4
, 141
, 53
, 1
, 193
, 110
, 84
, 26
, 168
, 176
, 18
, 75
, 119
, 92
, 102
, 85
, 109
, 100
, 94
, 189
, 5
, 91
, 103
, 147
, 47
, 136
, 58
, 29
, 165
, 163
, 31
, 71
, 123
, 186
, 8
, 139
, 55
, 25
, 169
, 159
, 35
, 122
, 72
, 145
, 49
, 136
, 58
, 57
, 137
, 175
, 19
, 61
, 133
, 155
, 39
, 15
, 179
, 167
, 27
, 98
, 96
, 66
, 128
, 132
, 62
, 116
, 78
, 162
, 32
, 80
, 114
, 25
, 169
, 179
, 15
, 116
, 78
, 59
, 135
, 63
, 131
, 109
, 85
, 136
, 58
, 25
, 169
, 70
, 124
, 112
, 82
, 160
, 34
, 71
, 123
, 110
, 84
, 7
, 187
, 38
, 156
, 19
, 175
, 55
, 139
, 135
, 59
, 108
, 86
, 55
, 139
, 144
, 50
, 180
, 14
, 128
, 66
, 40
, 154
, 24
, 170
, 156
, 38
, 44
, 150
, 9
, 185
, 182
, 12
, 134
, 60
, 8
, 186
, 104
, 90
, 79
, 115
, 76
, 118
, 119
, 75
, 53
, 141
, 169
, 25
, 170
, 24
, 151
, 43
, 15
, 179
, 123
, 71
, 124
, 70
, 47
, 147
, 192
, 2
, 122
, 72
, 154
, 40
, 13
, 181
, 50
, 144
, 115
, 79
, 131
, 63
, 132
, 62
, 184
, 10
, 68
, 126
, 71
, 123
, 170
, 24
, 74
, 120
, 92
, 102
, 44
, 150
, 113
, 81
, 183
, 11
, 77
, 117
, 56
, 138
, 112
, 82
, 135
, 59
, 150
, 44
, 122
, 72
, 24
, 170
, 27
, 167
, 29
, 165
, 86
, 108
, 114
, 80
, 56
, 138
, 117
, 77
, 75
, 119
, 154
, 40
, 190
, 4
, 71
, 123
, 111
, 83
, 121
, 73
, 30
, 164
, 103
, 91
, 8
, 186
, 168
, 26
, 52
, 142
, 128
, 66
, 43
, 151
, 1
, 193
, 178
, 16
, 48
, 146
, 32
, 162
, 68
, 126
, 66
, 128
, 107
, 87
, 92
, 102
, 154
, 40
, 59
, 135
, 149
, 45
, 75
, 119
, 12
, 182
, 150
, 44
, 55
, 139
, 76
, 118
, 80
, 114
, 189
, 5
, 22
, 172
, 109
, 85
, 24
, 170
, 163
, 31
, 163
, 31
, 147
, 47
, 109
, 85
, 179
, 15
, 38
, 156
, 138
, 56
, 67
, 127
, 26
, 168
, 40
, 154
, 153
, 41
, 96
, 98
, 77
, 117
, 117
, 77
, 58
, 136
, 137
, 57
, 19
, 175
, 117
, 77
, 2
, 192
, 23
, 171
, 144
, 50
, 95
, 99
, 100
, 94
, 80
, 114
, 150
, 44
, 86
, 108
, 165
, 29
, 36
, 158
, 188
, 6
, 25
, 169
, 174
, 20
, 135
, 59
, 31
, 163
, 101
, 93
, 130
, 64
, 30
, 164
, 73
, 121
, 125
, 69
, 4
, 190
, 180
, 14
, 97
, 97
, 145
, 49
, 37
, 157
, 122
, 72
, 168
, 26
, 23
, 171
, 183
, 11
, 98
, 96
, 32
, 162
, 80
, 114
, 110
, 84
, 85
, 109
, 165
, 29
, 133
, 61
, 57
, 137
, 188
, 6
, 130
, 64
, 170
, 24
, 31
, 163
, 19
, 175
, 143
, 51
, 59
, 135
, 46
, 148
, 15
, 179
, 70
, 124
, 27
, 167
, 102
, 92
, 108
, 86
, 94
, 100
, 172
, 22
, 67
, 127
, 177
, 17
, 115
, 79
, 45
, 149
, 119
, 75
, 148
, 46
, 155
, 39
, 145
, 49
, 73
, 121
, 140
, 54
, 60
, 134
, 190
, 4
, 46
, 148
, 134
, 60
, 163
, 31
, 169
, 25
, 103
, 91
, 45
, 149
, 105
, 89
, 170
, 24
, 61
, 133
, 115
, 79
, 102
, 92
, 176
, 18
, 32
, 162
, 28
, 166
, 103
, 91
, 140
, 54
, 71
, 123
, 157
, 37
, 74
, 120
, 132
, 62
, 93
, 101
, 168
, 26
, 7
, 187
, 120
, 74
, 85
, 109
, 38
, 156
, 17
, 177
, 85
, 109
, 141
, 53
, 103
, 91
, 167
, 27
, 109
, 85
, 105
, 89
, 163
, 31
, 190
, 4
, 148
, 46
, 67
, 127
, 28
, 166
, 127
, 67
, 22
, 172
, 99
, 95
, 185
, 9
, 57
, 137
, 178
, 16
, 185
, 9
, 37
, 157
, 164
, 30
, 76
, 118
, 177
, 17
, 110
, 84
, 143
, 51
, 130
, 64
, 182
, 12
, 27
, 167
, 59
, 135
, 24
, 170
, 19
, 175
, 180
, 14
, 60
, 134
, 177
, 17
, 79
, 115
, 149
, 45
, 134
, 60
, 89
, 105
, 100
, 94
, 66
, 128
, 109
, 85
, 132
, 62
, 139
, 55
, 7
, 187
, 131
, 63
, 159
, 35
, 71
, 123
, 95
, 99
, 109
, 85
, 178
, 16
, 144
, 50
, 19
, 175
, 52
, 142
, 33
, 161
, 171
, 23
, 124
, 70
, 72
, 122
, 18
, 176
, 155
, 39
, 2
, 192
, 109
, 85
, 165
, 29
, 47
, 147
, 148
, 46
, 141
, 53
, 120
, 74
, 153
, 41
, 41
, 153
, 75
, 119
, 135
, 59
, 100
, 94
, 86
, 108
, 106
, 88
, 83
, 111
, 172
, 22
, 65
, 129
, 169
, 25
, 65
, 129
, 33
, 161
, 186
, 8
, 78
, 116
, 146
, 48
, 56
, 138
, 40
, 154
, 43
, 151
, 112
, 82
, 135
, 59
, 188
, 6
, 175
, 19
, 43
, 151
, 189
, 5
, 163
, 31
, 88
, 106
, 158
, 36
, 27
, 167
, 109
, 85
, 55
, 139
, 150
, 44
, 50
, 144
, 7
, 187
, 134
, 60
, 1
, 193
, 61
, 133
, 168
, 26
, 134
, 60
, 142
, 52
, 160
, 34
, 171
, 23
, 37
, 157
, 167
, 27
, 4
, 190
, 153
, 41
, 117
, 77
, 187
, 7
, 118
, 76
, 59
, 135
, 187
, 7
, 99
, 95
, 49
, 145
, 26
, 168
, 33
, 161
, 90
, 104
, 19
, 175
, 51
, 143
, 127
, 67
, 63
, 131
, 5
, 189
, 104
, 90
, 133
, 61
, 43
, 151
, 13
, 181
, 130
, 64
, 181
, 13
, 29
, 165
, 148
, 46
, 99
, 95
, 47
, 147
, 20
, 174
, 65
, 129
, 147
, 47
, 123
, 71
, 91
, 103
, 187
, 7
, 11
, 183
, 54
, 140
, 64
, 130
, 145
, 49
, 5
, 189
, 98
, 96
, 146
, 48
, 101
, 93
, 184
, 10
, 99
, 95
, 169
, 25
, 6
, 188
, 74
, 120
, 14
, 180
, 13
, 181
, 138
, 56
, 22
, 172
, 124
, 70
, 45
, 149
, 99
, 95
, 168
, 26
, 17
, 177
, 127
, 67
, 76
, 118
, 53
, 141
, 76
, 118
, 16
, 178
, 39
, 155
, 49
, 145
, 30
, 164
, 68
, 126
, 70
, 124
, 115
, 79
, 119
, 75
, 166
, 28
, 83
, 111
, 125
, 69
, 160
, 34
, 8
, 186
, 135
, 59
, 48
, 146
, 41
, 153
, 46
, 148
, 75
, 119
, 106
, 88
, 22
, 172
, 17
, 177
, 23
, 171
, 67
, 127
, 22
, 172
, 147
, 47
, 58
, 136
, 105
, 89
, 78
, 116
, 78
, 116
, 112
, 82
, 95
, 99
, 85
, 109
, 129
, 65
, 22
, 172
, 15
, 179
, 172
, 22
, 149
, 45
, 100
, 94
, 151
, 43
, 17
, 177
, 183
, 11
, 36
, 158
, 156
, 38
, 124
, 70
, 159
, 35
, 15
, 179
, 108
, 86
, 175
, 19
, 91
, 103
, 52
, 142
, 134
, 60
, 86
, 108
, 105
, 89
, 168
, 26
, 9
, 185
, 160
, 34
