
70
, 3
, 220
, 208
, 15
, 99
, 124
, 87
, 136
, 148
, 75
, 10
, 213
, 175
, 48
, 26
, 197
, 206
, 17
, 198
, 25
, 195
, 28
, 93
, 130
, 192
, 31
, 38
, 185
, 72
, 151
, 104
, 119
, 208
, 15
, 31
, 192
, 108
, 115
, 71
, 152
, 13
, 210
, 186
, 37
, 60
, 163
, 185
, 38
, 26
, 197
, 110
, 113
, 207
, 16
, 168
, 55
, 208
, 15
, 139
, 84
, 197
, 26
, 208
, 15
, 60
, 163
, 28
, 195
, 153
, 70
, 104
, 119
, 180
, 43
, 130
, 93
, 188
, 35
, 217
, 6
, 18
, 205
, 100
, 123
, 99
, 124
, 46
, 177
, 92
, 131
, 220
, 3
, 100
, 123
, 178
, 45
, 56
, 167
, 88
, 135
, 156
, 67
, 94
, 129
, 217
, 6
, 182
, 41
, 211
, 12
, 41
, 182
, 207
, 16
, 142
, 81
, 121
, 102
, 22
, 201
, 73
, 150
, 145
, 78
, 77
, 146
, 156
, 67
, 19
, 204
, 134
, 89
, 129
, 94
, 48
, 175
, 76
, 147
, 196
, 19
, 8
