
71
, 13
, 74
, 84
, 3
, 11
, 76
, 76
, 11
, 32
, 55
, 57
, 30
, 61
, 26
, 29
, 58
, 29
, 58
, 32
, 55
, 52
, 35
, 46
, 41
, 26
, 61
, 81
, 6
, 9
, 78
, 22
, 65
, 31
, 56
, 73
, 14
, 83
, 4
, 44
, 43
, 15
, 72
, 29
, 58
, 1
, 86
, 43
, 44
, 82
, 5
, 33
, 54
, 54
, 33
, 35
, 52
, 15
, 72
, 6
, 81
, 65
, 22
, 50
, 37
, 30
, 57
, 46
, 41
, 34
, 53
, 23
, 64
, 14
, 73
, 3
, 84
, 52
, 35
, 40
, 47
, 8
, 79
, 52
, 35
, 80
, 7
, 42
, 45
, 72
, 15
, 35
, 52
, 30
, 57
, 68
, 19
, 11
, 76
, 51
, 36
, 3
, 84
, 44
, 43
, 15
, 72
, 39
, 48
, 33
, 54
, 73
, 14
, 40
, 47
, 51
, 36
, 33
, 54
, 48
, 39
, 28
, 59
, 50
, 37
, 28
, 59
, 43
, 44
, 71
, 16
, 76
, 11
, 2
, 85
, 78
, 9
, 23
, 64
, 45
, 42
, 5
, 82
