
72
, 110
, 111
, 12
, 209
, 57
, 164
, 30
, 191
, 136
, 85
, 37
, 184
, 84
, 137
, 163
, 58
, 170
, 51
, 206
, 15
, 134
, 87
, 35
, 186
, 156
, 65
, 199
, 22
, 85
, 136
, 83
, 138
, 192
, 29
, 182
, 39
, 145
, 76
, 114
, 107
, 7
, 214
, 127
, 94
, 107
, 114
, 9
, 212
, 149
, 72
, 29
, 192
, 80
, 141
, 144
, 77
, 90
, 131
, 186
, 35
, 56
, 165
, 7
, 214
, 68
, 153
, 81
, 140
, 112
, 109
, 111
, 110
, 189
, 32
, 19
, 202
, 152
, 69
, 67
, 154
, 139
, 82
, 136
, 85
, 195
, 26
, 99
, 122
, 158
, 63
, 170
, 51
, 21
, 200
, 180
, 41
, 158
, 63
, 126
, 95
, 213
, 8
, 6
, 215
, 68
, 153
, 205
, 16
, 171
, 50
, 161
, 60
, 217
, 4
, 201
, 20
, 69
, 152
, 104
, 117
, 189
, 32
, 13
, 208
, 105
, 116
, 122
, 99
, 32
, 189
, 140
, 81
, 196
, 25
, 199
, 22
, 104
, 117
, 61
, 160
, 190
, 31
, 11
, 8
, 202
