
730
, 24
, 103
, 33
, 94
, 104
, 23
, 32
, 95
, 80
, 47
, 11
, 116
, 107
, 20
, 90
, 37
, 72
, 55
, 43
, 84
, 89
, 38
, 49
, 78
, 34
, 93
, 33
, 94
, 51
, 76
, 109
, 18
, 108
, 19
, 120
, 7
, 4
, 123
, 7
, 120
, 67
, 60
, 113
, 14
, 24
, 103
, 83
, 44
, 125
, 2
, 66
, 61
, 15
, 112
, 120
, 7
, 12
, 115
, 44
, 83
, 3
, 124
, 96
, 31
, 68
, 59
, 58
, 69
, 120
, 7
, 6
, 121
, 85
, 42
, 78
, 49
, 114
, 13
, 17
, 110
, 80
, 47
, 6
, 121
, 76
, 51
, 95
, 32
, 41
, 86
, 40
, 87
, 74
, 53
, 75
, 52
, 29
, 98
, 20
, 107
, 4
, 123
, 108
, 19
, 64
, 63
, 79
, 48
, 77
, 50
, 104
, 23
, 76
, 51
, 119
, 8
, 47
, 80
, 31
, 96
, 95
, 32
, 25
, 102
, 8
, 119
, 120
, 7
, 123
, 4
, 107
, 20
, 25
, 102
, 42
, 85
, 47
, 80
, 92
, 35
, 60
, 67
, 39
, 88
, 40
, 87
, 20
, 107
, 34
, 93
, 19
, 108
, 46
, 81
, 44
, 83
, 65
, 62
, 24
, 103
, 64
, 63
, 1
, 126
, 93
, 34
, 82
, 45
, 65
, 62
, 18
, 109
, 87
, 40
, 120
, 7
, 26
, 101
, 29
, 98
, 83
, 44
, 25
, 102
, 111
, 16
, 83
, 44
, 121
, 6
, 111
, 16
, 89
, 38
, 123
, 4
, 105
, 22
, 49
, 78
, 98
, 29
, 50
, 77
, 110
, 17
, 121
, 6
, 47
, 80
, 5
, 122
, 58
, 69
, 81
, 46
, 55
, 72
, 54
, 73
, 54
, 73
, 22
, 105
, 42
, 85
, 18
, 109
, 121
, 6
, 30
, 97
, 76
, 51
, 39
, 88
, 97
, 30
, 85
, 42
, 3
, 124
, 4
, 123
, 23
, 104
, 55
, 72
, 34
, 93
, 101
, 26
, 50
, 77
, 3
, 124
, 20
, 107
, 60
, 67
, 81
, 46
, 47
, 80
, 18
, 109
, 92
, 35
, 12
, 115
, 4
, 123
, 11
, 116
, 60
, 67
, 99
, 28
, 3
, 124
, 15
, 112
, 18
, 109
, 76
, 51
, 92
, 35
, 22
, 105
, 59
, 68
, 42
, 85
, 54
, 73
, 58
, 69
, 100
, 27
, 94
, 33
, 22
, 105
, 18
, 109
, 80
, 47
, 104
, 23
, 70
, 57
, 93
, 34
, 88
, 39
, 96
, 31
, 81
, 46
, 97
, 30
, 1
, 126
, 113
, 14
, 30
, 97
, 106
, 21
, 44
, 83
, 89
, 38
, 107
, 20
, 6
, 121
, 18
, 109
, 103
, 24
, 101
, 26
, 56
, 71
, 94
, 33
, 117
, 10
, 67
, 60
, 59
, 68
, 44
, 83
, 107
, 20
, 84
, 43
, 20
, 107
, 23
, 104
, 56
, 71
, 35
, 92
, 46
, 81
, 58
, 69
, 39
, 88
, 44
, 83
, 22
, 105
, 49
, 78
, 77
, 50
, 91
, 36
, 75
, 52
, 80
, 47
, 88
, 39
, 31
, 96
, 98
, 29
, 103
, 24
, 125
, 2
, 15
, 112
, 95
, 32
, 54
, 73
, 40
, 87
, 34
, 93
, 84
, 43
, 85
, 42
, 93
, 34
, 124
, 3
, 77
, 50
, 123
, 4
, 68
, 59
, 86
, 41
, 25
, 102
, 31
, 96
, 100
, 27
, 34
, 93
, 54
, 73
, 118
, 9
, 66
, 61
, 51
, 76
, 105
, 22
, 70
, 57
, 75
, 52
, 41
, 86
, 49
, 78
, 101
, 26
, 51
, 76
, 14
, 113
, 51
, 76
, 87
, 40
, 78
, 49
, 59
, 68
, 44
, 83
, 31
, 96
, 3
, 124
, 23
, 104
, 4
, 123
, 77
, 50
, 3
, 124
, 83
, 44
, 88
, 39
, 120
, 7
, 41
, 86
, 25
, 102
, 103
, 24
, 18
, 109
, 111
, 16
, 87
, 40
, 37
, 90
, 92
, 35
, 80
, 47
, 56
, 71
, 38
, 89
, 14
, 113
, 114
, 13
, 78
, 49
, 50
, 77
, 68
, 59
, 77
, 50
, 102
, 25
, 49
, 78
, 37
, 90
, 63
, 64
, 32
, 95
, 85
, 42
, 120
, 7
, 72
, 55
, 23
, 104
, 73
, 54
, 119
, 8
, 34
, 93
, 83
, 44
, 91
, 36
, 19
, 108
, 79
, 48
, 94
, 33
, 67
, 60
, 24
, 103
, 16
, 111
, 93
, 34
, 4
, 123
, 42
, 85
, 105
, 22
, 17
, 110
, 54
, 73
, 123
, 4
, 2
, 125
, 1
, 126
, 83
, 44
, 61
, 66
, 122
, 5
, 68
, 59
, 99
, 28
, 100
, 27
, 57
, 70
, 125
, 2
, 73
, 54
, 106
, 21
, 33
, 94
, 102
, 25
, 105
, 22
, 10
, 117
, 10
, 117
, 5
, 122
, 68
, 59
, 24
, 103
, 60
, 67
, 105
, 22
, 88
, 39
, 42
, 85
, 44
, 83
, 117
, 10
, 120
, 7
, 50
, 77
, 68
, 59
, 113
, 14
, 22
, 105
, 110
, 17
, 85
, 42
, 70
, 57
, 62
, 65
, 65
, 62
, 120
, 7
, 58
, 69
, 1
, 126
, 3
, 124
, 27
, 100
, 109
, 18
, 35
, 92
, 47
, 80
, 33
, 94
, 42
, 85
, 116
, 11
, 97
, 30
, 28
, 99
, 28
, 99
, 27
, 100
, 12
, 115
, 45
, 82
, 119
, 8
, 114
, 13
, 30
, 97
, 77
, 50
, 112
, 15
, 99
, 28
, 64
, 63
, 3
, 124
, 64
, 63
, 12
, 115
, 18
, 109
, 55
, 72
, 25
, 102
, 1
, 126
, 29
, 98
, 54
, 73
, 71
, 56
, 61
, 66
, 121
, 6
, 74
, 53
, 87
, 40
, 23
, 104
, 2
, 125
, 53
, 74
, 72
, 55
, 55
, 72
, 48
, 79
, 16
, 111
, 99
, 28
, 42
, 85
, 117
, 10
, 23
, 104
, 105
, 22
, 26
, 101
, 4
, 123
, 47
, 80
, 30
, 97
, 118
, 9
, 72
, 55
, 67
, 60
, 115
, 12
, 51
, 76
, 62
, 65
, 74
, 53
, 104
, 23
, 26
, 101
, 41
, 86
, 6
, 121
, 85
, 42
, 42
, 85
, 19
, 108
, 1
, 126
, 22
, 105
, 90
, 37
, 43
, 84
, 27
, 100
, 122
, 5
, 83
, 44
, 5
, 122
, 32
, 95
, 111
, 16
, 1
, 126
, 122
, 5
, 47
, 80
, 16
, 111
, 40
, 87
, 74
, 53
, 96
, 31
, 1
, 126
, 70
, 57
, 125
, 2
, 24
, 103
, 95
, 32
, 30
, 97
, 118
, 9
, 109
, 18
, 36
, 91
, 50
, 77
, 95
, 32
, 56
, 71
, 34
, 93
, 100
, 27
, 47
, 80
, 95
, 32
, 36
, 91
, 8
, 119
, 85
, 42
, 87
, 40
, 24
, 103
, 80
, 47
, 26
, 101
, 8
, 119
, 39
, 88
, 52
, 75
, 122
, 5
, 7
, 120
, 105
, 22
, 116
, 11
, 105
, 22
, 114
, 13
, 42
, 85
, 71
, 56
, 21
, 106
, 28
, 99
, 88
, 39
, 40
, 87
, 69
, 58
, 113
, 14
, 83
, 44
, 63
, 64
, 45
, 82
, 83
, 44
, 7
, 120
, 119
, 8
, 102
, 25
, 45
, 82
, 18
, 109
, 63
, 64
, 111
, 16
, 85
, 42
, 53
, 74
, 93
, 34
, 117
, 10
, 33
, 94
, 32
, 95
, 69
, 58
, 66
, 61
, 46
, 81
, 12
, 115
, 10
, 117
, 39
, 88
, 82
, 45
, 125
, 2
, 40
, 87
, 51
, 76
, 24
, 103
, 33
, 94
, 70
, 57
, 10
, 117
, 123
, 4
, 38
, 89
, 112
, 15
, 71
, 56
, 124
, 3
, 107
, 20
, 29
, 98
, 82
, 45
, 76
, 51
, 34
, 93
, 45
, 82
, 124
, 3
, 8
, 119
, 72
, 55
, 61
, 66
, 39
, 88
, 125
, 2
, 88
, 39
, 31
, 96
, 28
, 99
, 71
, 56
, 80
, 47
, 65
, 62
, 82
, 45
, 85
, 42
, 50
, 77
, 53
, 74
, 43
, 84
, 10
, 117
, 125
, 2
, 43
, 84
, 53
, 74
, 10
, 117
, 79
, 48
, 102
, 25
, 61
, 66
, 5
, 122
, 10
, 117
, 45
, 82
, 68
, 59
, 95
, 32
, 31
, 96
, 86
, 41
, 124
, 3
, 111
, 16
, 51
, 76
, 108
, 19
, 122
, 5
, 125
, 2
, 89
, 38
, 112
, 15
, 11
, 116
, 113
, 14
, 10
, 117
, 55
, 72
, 125
, 2
, 125
, 2
, 28
, 99
, 23
, 104
, 67
, 60
, 125
, 2
, 114
, 13
, 58
, 69
, 85
, 42
, 53
, 74
, 29
, 98
, 111
, 16
, 43
, 84
, 67
, 60
, 74
, 53
, 99
, 28
, 56
, 71
, 70
, 57
, 33
, 94
, 34
, 93
, 4
, 123
, 109
, 18
, 122
, 5
, 77
, 50
, 81
, 46
, 74
, 53
, 8
, 119
, 72
, 55
, 21
, 106
, 41
, 86
, 100
, 27
, 3
, 124
, 60
, 67
, 28
, 99
, 83
, 44
, 103
, 24
, 95
, 32
, 72
, 55
, 124
, 3
, 110
, 17
, 91
, 36
, 109
, 18
, 64
, 63
, 105
, 22
, 39
, 88
, 58
, 69
, 80
, 47
, 44
, 83
, 12
, 115
, 119
, 8
, 5
, 122
, 114
, 13
, 115
, 12
, 75
, 52
, 71
, 56
, 57
, 70
, 103
, 24
, 113
, 14
, 71
, 56
, 69
, 58
, 19
, 108
, 73
, 54
, 24
, 103
, 67
, 60
, 116
, 11
, 19
, 108
, 121
, 6
, 2
, 125
, 90
, 37
, 30
, 97
, 48
, 79
, 9
, 118
, 73
, 54
, 30
, 97
, 19
, 108
, 44
, 83
, 7
, 120
, 11
, 116
, 120
, 7
, 58
, 69
, 76
, 51
, 96
, 31
, 87
, 40
, 22
, 105
, 17
, 110
, 56
, 71
, 69
, 58
, 20
, 107
, 2
, 125
, 13
, 114
, 23
, 104
, 70
, 57
, 22
, 105
, 84
, 43
, 97
, 30
, 47
, 80
, 10
, 117
, 66
, 61
, 99
, 28
, 55
, 72
, 87
, 40
, 109
, 18
, 100
, 27
, 121
, 6
, 82
, 45
, 61
, 66
, 79
, 48
, 20
, 107
, 124
, 3
, 22
, 105
, 61
, 66
, 76
, 51
, 50
, 77
, 17
, 110
, 85
, 42
, 64
, 63
, 9
, 118
, 13
, 114
, 98
, 29
, 96
, 31
, 5
, 122
, 48
, 79
, 111
, 16
, 120
, 7
, 28
, 99
, 42
, 85
, 121
, 6
, 88
, 39
, 3
, 124
, 122
, 5
, 18
, 109
, 36
, 91
, 118
, 9
, 105
, 22
, 104
, 23
, 100
, 27
, 102
, 25
, 85
, 42
, 112
, 15
, 123
, 4
, 16
, 111
, 3
, 124
, 66
, 61
, 107
, 20
, 101
, 26
, 88
, 39
, 90
, 37
, 106
, 21
, 110
, 17
, 52
, 75
, 97
, 30
, 43
, 84
, 60
, 67
, 105
, 22
, 3
, 124
, 85
, 42
, 115
, 12
, 87
, 40
, 80
, 47
, 60
, 67
, 53
, 74
, 23
, 104
, 71
, 56
, 92
, 35
, 3
, 124
, 57
, 70
, 24
, 103
, 95
, 32
, 6
, 121
, 65
, 62
, 17
, 110
, 59
, 68
, 82
, 45
, 69
, 58
, 125
, 2
, 59
, 68
, 93
, 34
, 24
, 103
, 68
, 59
, 73
, 54
, 52
, 75
, 35
, 92
, 83
, 44
, 91
, 36
, 86
, 41
, 120
, 7
, 104
, 23
, 59
, 68
, 10
, 117
, 64
, 63
, 42
, 85
, 27
, 100
, 11
, 116
, 4
, 123
, 113
, 14
, 59
, 68
, 22
, 105
