
73
, 183
, 34
, 7
, 210
, 150
, 67
, 77
, 140
, 214
, 3
, 194
, 23
, 120
, 97
, 130
, 87
, 97
, 120
, 81
, 136
, 8
, 209
, 23
, 194
, 135
, 82
, 124
, 93
, 106
, 111
, 42
, 175
, 148
, 69
, 160
, 57
, 76
, 141
, 207
, 10
, 180
, 37
, 72
, 145
, 203
, 14
, 201
, 16
, 20
, 197
, 26
, 191
, 112
, 105
, 77
, 140
, 110
, 107
, 171
, 46
, 206
, 11
, 57
, 160
, 187
, 30
, 76
, 141
, 68
, 149
, 46
, 171
, 63
, 154
, 1
, 216
, 84
, 133
, 35
, 182
, 64
, 153
, 6
, 211
, 141
, 76
, 209
, 8
, 123
, 94
, 116
, 101
, 215
, 2
, 14
, 203
, 43
, 174
, 69
, 148
, 103
, 114
, 171
, 46
, 107
, 110
, 93
, 124
, 158
, 59
, 33
, 184
, 200
, 17
, 187
, 30
, 54
, 163
, 56
, 161
, 130
, 87
, 180
, 37
, 171
, 46
, 202
, 15
, 40
, 177
, 49
, 168
, 185
, 32
, 76
, 141
, 70
, 147
, 35
, 182
, 214
, 3
, 153
, 64
, 176
, 41
