
740
, 148
, 113
, 35
, 226
, 130
, 131
, 242
, 19
, 232
, 29
, 100
, 161
, 53
, 208
, 235
, 26
, 245
, 16
, 117
, 144
, 103
, 158
, 161
, 100
, 95
, 166
, 170
, 91
, 39
, 222
, 154
, 107
, 70
, 191
, 200
, 61
, 74
, 187
, 10
, 251
, 152
, 109
, 211
, 50
, 190
, 71
, 4
, 257
, 91
, 170
, 63
, 198
, 78
, 183
, 112
, 149
, 92
, 169
, 46
, 215
, 108
, 153
, 162
, 99
, 169
, 92
, 159
, 102
, 107
, 154
, 193
, 68
, 113
, 148
, 81
, 180
, 174
, 87
, 17
, 244
, 137
, 124
, 14
, 247
, 175
, 86
, 93
, 168
, 56
, 205
, 209
, 52
, 219
, 42
, 133
, 128
, 108
, 153
, 210
, 51
, 89
, 172
, 14
, 247
, 25
, 236
, 246
, 15
, 74
, 187
, 198
, 63
, 8
, 253
, 3
, 258
, 111
, 150
, 242
, 19
, 119
, 142
, 181
, 80
, 198
, 63
, 86
, 175
, 40
, 221
, 170
, 91
, 173
, 88
, 201
, 60
, 256
, 5
, 242
, 19
, 48
, 213
, 240
, 21
, 158
, 103
, 60
, 201
, 45
, 216
, 79
, 182
, 155
, 106
, 52
, 209
, 9
, 252
, 23
, 238
, 179
, 82
, 224
, 37
, 57
, 204
, 55
, 206
, 65
, 196
, 24
, 237
, 48
, 213
, 45
, 216
, 129
, 132
, 172
, 89
, 61
, 200
, 41
, 220
, 168
, 93
, 112
, 149
, 200
, 61
, 152
, 109
, 114
, 147
, 197
, 64
, 155
, 106
, 119
, 142
, 117
, 144
, 9
, 252
, 98
, 163
, 164
, 97
, 165
, 96
, 93
, 168
, 182
, 79
, 22
, 239
, 158
, 103
, 256
, 5
, 63
, 198
, 145
, 116
, 156
, 105
, 184
, 77
, 59
, 202
, 226
, 35
, 116
, 145
, 47
, 214
, 1
, 260
, 213
, 48
, 113
, 148
, 217
, 44
, 178
, 83
, 2
, 259
, 68
, 193
, 3
, 258
, 116
, 145
, 97
, 164
, 101
, 160
, 153
, 108
, 70
, 191
, 125
, 136
, 123
, 138
, 203
, 58
, 187
, 74
, 163
, 98
, 63
, 198
, 243
, 18
, 106
, 155
, 26
, 235
, 141
, 120
, 233
, 28
, 68
, 193
, 137
, 124
, 58
, 203
, 135
, 126
, 43
, 218
, 243
, 18
, 21
, 240
, 80
, 181
, 224
, 37
, 231
, 30
, 179
, 82
, 157
, 104
, 74
, 187
, 33
, 228
, 72
, 189
, 136
, 125
, 188
, 73
, 211
, 50
, 17
, 244
, 229
, 32
, 61
, 200
, 91
, 170
, 71
, 190
, 216
, 45
, 163
, 98
, 206
, 55
, 89
, 172
, 174
, 87
, 167
, 94
, 80
, 181
, 75
, 186
, 169
, 92
, 150
, 111
, 66
, 195
, 4
, 257
, 122
, 139
, 169
, 92
, 73
, 188
, 108
, 153
, 20
, 241
, 186
, 75
, 7
, 254
, 87
, 174
, 165
, 96
, 91
, 170
, 246
, 15
, 162
, 99
, 170
, 91
, 28
, 233
, 198
, 63
, 29
, 232
, 174
, 87
, 188
, 73
, 201
, 60
, 213
, 48
, 145
, 116
, 101
, 160
, 89
, 172
, 218
, 43
, 9
, 252
, 69
, 192
, 236
, 25
, 243
, 18
, 42
, 219
, 60
, 201
, 210
, 51
, 120
, 141
, 193
, 68
, 25
, 236
, 222
, 39
, 46
, 215
, 200
, 61
, 225
, 36
, 123
, 138
, 74
, 187
, 133
, 128
, 57
, 204
, 174
, 87
, 24
, 237
, 67
, 194
, 173
, 88
, 120
, 141
, 61
, 200
, 245
, 16
, 16
, 245
, 27
, 234
, 143
, 118
, 2
, 259
, 20
, 241
, 254
, 7
, 38
, 223
, 58
, 203
, 77
, 184
, 36
, 225
, 107
, 154
, 114
, 147
, 130
, 131
, 183
, 78
, 160
, 101
, 113
, 148
, 192
, 69
, 119
, 142
, 34
, 227
, 53
, 208
, 46
, 215
, 36
, 225
, 100
, 161
, 229
, 32
, 122
, 139
, 9
, 252
, 72
, 189
, 235
, 26
, 90
, 171
, 195
, 66
, 217
, 44
, 239
, 22
, 131
, 130
, 189
, 72
, 33
, 228
, 198
, 63
, 6
, 255
, 25
, 236
, 106
, 155
, 126
, 135
, 211
, 50
, 166
, 95
, 76
, 185
, 85
, 176
, 25
, 236
, 88
, 173
, 82
, 179
, 213
, 48
, 12
, 249
, 56
, 205
, 191
, 70
, 73
, 188
, 98
, 163
, 112
, 149
, 122
, 139
, 213
, 48
, 209
, 52
, 255
, 6
, 32
, 229
, 226
, 35
, 143
, 118
, 195
, 66
, 69
, 192
, 59
, 202
, 225
, 36
, 195
, 66
, 160
, 101
, 8
, 253
, 158
, 103
, 181
, 80
, 56
, 205
, 38
, 223
, 76
, 185
, 61
, 200
, 116
, 145
, 233
, 28
, 240
, 21
, 217
, 44
, 223
, 38
, 123
, 138
, 119
, 142
, 98
, 163
, 192
, 69
, 88
, 173
, 84
, 177
, 126
, 135
, 236
, 25
, 237
, 24
, 182
, 79
, 206
, 55
, 31
, 230
, 242
, 19
, 83
, 178
, 166
, 95
, 219
, 42
, 125
, 136
, 43
, 218
, 207
, 54
, 192
, 69
, 14
, 247
, 218
, 43
, 121
, 140
, 178
, 83
, 118
, 143
, 25
, 236
, 4
, 257
, 31
, 230
, 116
, 145
, 201
, 60
, 192
, 69
, 207
, 54
, 248
, 13
, 106
, 155
, 145
, 116
, 189
, 72
, 240
, 21
, 69
, 192
, 113
, 148
, 46
, 215
, 122
, 139
, 109
, 152
, 131
, 130
, 47
, 214
, 78
, 183
, 145
, 116
, 220
, 41
, 67
, 194
, 115
, 146
, 95
, 166
, 252
, 9
, 20
, 241
, 122
, 139
, 240
, 21
, 60
, 201
, 207
, 54
, 222
, 39
, 30
, 231
, 239
, 22
, 35
, 226
, 34
, 227
, 167
, 94
, 119
, 142
, 246
, 15
, 31
, 230
, 73
, 188
, 41
, 220
, 213
, 48
, 133
, 128
, 7
, 254
, 15
, 246
, 7
, 254
, 38
, 223
, 250
, 11
, 98
, 163
, 107
, 154
, 146
, 115
, 108
, 153
, 43
, 218
, 226
, 35
, 104
, 157
, 7
, 254
, 37
, 224
, 82
, 179
, 145
, 116
, 10
, 251
, 241
, 20
, 28
, 233
, 96
, 165
, 158
, 103
, 6
, 255
, 215
, 46
, 129
, 132
, 195
, 66
, 9
, 252
, 16
, 245
, 6
, 255
, 208
, 53
, 175
, 86
, 85
, 176
, 49
, 212
, 188
, 73
, 95
, 166
, 101
, 160
, 128
, 133
, 180
, 81
, 40
, 221
, 8
, 253
, 239
, 22
, 172
, 89
, 174
, 87
, 259
, 2
, 176
, 85
, 125
, 136
, 45
, 216
, 40
, 221
, 143
, 118
, 59
, 202
, 4
, 257
, 220
, 41
, 61
, 200
, 208
, 53
, 124
, 137
, 43
, 218
, 258
, 3
, 193
, 68
, 17
, 244
, 255
, 6
, 3
, 258
, 239
, 22
, 27
, 234
, 34
, 227
, 117
, 144
, 228
, 33
, 182
, 79
, 196
, 65
, 201
, 60
, 84
, 177
, 134
, 127
, 157
, 104
, 245
, 16
, 70
, 191
, 62
, 199
, 148
, 113
, 148
, 113
, 230
, 31
, 256
, 5
, 189
, 72
, 3
, 258
, 151
, 110
, 211
, 50
, 155
, 106
, 130
, 131
, 39
, 222
, 77
, 184
, 145
, 116
, 41
, 220
, 215
, 46
, 52
, 209
, 46
, 215
, 89
, 172
, 3
, 258
, 61
, 200
, 241
, 20
, 48
, 213
, 258
, 3
, 115
, 146
, 180
, 81
, 164
, 97
, 189
, 72
, 168
, 93
, 119
, 142
, 34
, 227
, 206
, 55
, 10
, 251
, 11
, 250
, 97
, 164
, 205
, 56
, 54
, 207
, 147
, 114
, 133
, 128
, 245
, 16
, 146
, 115
, 150
, 111
, 137
, 124
, 165
, 96
, 168
, 93
, 258
, 3
, 200
, 61
, 10
, 251
, 198
, 63
, 85
, 176
, 48
, 213
, 58
, 203
, 68
, 193
, 216
, 45
, 108
, 153
, 237
, 24
, 89
, 172
, 139
, 122
, 164
, 97
, 58
, 203
, 159
, 102
, 71
, 190
, 224
, 37
, 156
, 105
, 225
, 36
, 109
, 152
, 160
, 101
, 10
, 251
, 245
, 16
, 101
, 160
, 243
, 18
, 97
, 164
, 30
, 231
, 205
, 56
, 59
, 202
, 156
, 105
, 20
, 241
, 160
, 101
, 240
, 21
, 192
, 69
, 1
, 260
, 45
, 216
, 252
, 9
, 240
, 21
, 84
, 177
, 50
, 211
, 255
, 6
, 114
, 147
, 98
, 163
, 185
, 76
, 243
, 18
, 180
, 81
, 227
, 34
, 224
, 37
, 254
, 7
, 199
, 62
, 80
, 181
, 84
, 177
, 91
, 170
, 116
, 145
, 171
, 90
, 62
, 199
, 245
, 16
, 97
, 164
, 196
, 65
, 227
, 34
, 196
, 65
, 40
, 221
, 39
, 222
, 177
, 84
, 238
, 23
, 146
, 115
, 243
, 18
, 216
, 45
, 27
, 234
, 123
, 138
, 168
, 93
, 251
, 10
, 209
, 52
, 70
, 191
, 4
, 257
, 132
, 129
, 122
, 139
, 209
, 52
, 13
, 248
, 192
, 69
, 95
, 166
, 196
, 65
, 246
, 15
, 33
, 228
, 163
, 98
, 167
, 94
, 158
, 103
, 31
, 230
, 88
, 173
, 57
, 204
, 156
, 105
, 237
, 24
, 256
, 5
, 108
, 153
, 220
, 41
, 75
, 186
, 219
, 42
, 87
, 174
, 203
, 58
, 234
, 27
, 195
, 66
, 224
, 37
, 26
, 235
, 35
, 226
, 66
, 195
, 133
, 128
, 155
, 106
, 37
, 224
, 55
, 206
, 43
, 218
, 41
, 220
, 176
, 85
, 226
, 35
, 90
, 171
, 60
, 201
, 140
, 121
, 229
, 32
, 235
, 26
, 174
, 87
, 2
, 259
, 46
, 215
, 150
, 111
, 14
, 247
, 4
, 257
, 31
, 230
, 189
, 72
, 197
, 64
, 32
, 229
, 199
, 62
, 240
, 21
, 73
, 188
, 149
, 112
, 36
, 225
, 232
, 29
, 15
, 246
, 171
, 90
, 244
, 17
, 257
, 4
, 183
, 78
, 99
, 162
, 254
, 7
, 52
, 209
, 205
, 56
, 91
, 170
, 194
, 67
, 8
, 253
, 156
, 105
, 59
, 202
, 113
, 148
, 55
, 206
, 23
, 238
, 34
, 227
, 36
, 225
, 32
, 229
, 214
, 47
, 127
, 134
, 177
, 84
, 79
, 182
, 190
, 71
, 220
, 41
, 24
, 237
, 42
, 219
, 227
, 34
, 211
, 50
, 236
, 25
, 215
, 46
, 253
, 8
, 189
, 72
, 143
, 118
, 163
, 98
, 179
, 82
, 137
, 124
, 128
, 133
, 219
, 42
, 10
, 251
, 25
, 236
, 224
, 37
, 53
, 208
, 233
, 28
, 137
, 124
, 84
, 177
, 29
, 232
, 96
, 165
, 92
, 169
, 123
, 138
, 149
, 112
, 144
, 117
, 78
, 183
, 229
, 32
, 211
, 50
, 100
, 161
, 173
, 88
, 187
, 74
, 33
, 228
, 191
, 70
, 168
, 93
, 224
, 37
, 32
, 229
, 12
, 249
, 42
, 219
, 147
, 114
, 147
, 114
, 6
, 255
, 194
, 67
, 143
, 118
, 66
, 195
, 240
, 21
, 118
, 143
, 198
, 63
, 99
, 162
, 33
, 228
, 208
, 53
, 135
, 126
, 229
, 32
, 170
, 91
, 156
, 105
, 209
, 52
, 228
, 33
, 228
, 33
, 205
, 56
, 259
, 2
, 113
, 148
, 80
, 181
, 177
, 84
, 162
, 99
, 127
, 134
, 125
, 136
, 229
, 32
, 117
, 144
, 129
, 132
, 193
, 68
, 146
, 115
, 217
, 44
, 107
, 154
, 124
, 137
, 162
, 99
, 66
, 195
, 10
, 251
, 33
, 228
, 109
, 152
, 223
, 38
, 251
, 10
, 71
, 190
, 185
, 76
, 106
, 155
, 140
, 121
, 201
, 60
