
74
, 50
, 35
, 56
, 29
, 44
, 41
, 7
, 78
, 53
, 32
, 79
, 6
, 81
, 4
, 33
, 52
, 14
, 71
, 71
, 14
, 74
, 11
, 54
, 31
, 80
, 5
, 5
, 80
, 51
, 34
, 6
, 79
, 75
, 10
, 72
, 13
, 37
, 48
, 24
, 61
, 8
, 77
, 11
, 74
, 52
, 33
, 27
, 58
, 57
, 28
, 17
, 68
, 43
, 42
, 75
, 10
, 51
, 34
, 21
, 64
, 2
, 83
, 31
, 54
, 12
, 73
, 45
, 40
, 69
, 16
, 30
, 55
, 66
, 19
, 7
, 78
, 52
, 33
, 59
, 26
, 19
, 66
, 72
, 13
, 80
, 5
, 62
, 23
, 72
, 13
, 28
, 57
, 70
, 15
, 73
, 12
, 79
, 6
, 80
, 5
, 53
, 32
, 61
, 24
, 24
, 61
, 63
, 22
, 69
, 16
, 1
, 84
, 83
, 2
, 63
, 22
, 28
, 57
, 8
, 77
, 65
, 20
, 77
, 8
, 5
, 80
, 42
, 43
, 8
, 77
, 62
, 23
, 76
, 9
, 9
, 76
, 75
, 10
, 2
, 83
, 71
, 14
, 53
, 32
, 57
, 28
, 55
, 30
