
75
, 2
, 14
, 4
, 12
, 13
, 3
, 10
, 6
, 1
, 15
, 3
, 13
, 3
, 13
, 6
, 10
, 3
, 13
, 14
, 2
, 8
, 8
, 3
, 13
, 3
, 13
, 12
, 4
, 14
, 2
, 11
, 5
, 5
, 11
, 8
, 8
, 13
, 3
, 3
, 13
, 8
, 8
, 9
, 7
, 1
, 15
, 14
, 2
, 1
, 15
, 2
, 14
, 8
, 8
, 9
, 7
, 12
, 4
, 7
, 9
, 9
, 7
, 3
, 13
, 1
, 15
, 5
, 11
, 5
, 11
, 5
, 11
, 10
, 6
, 7
, 9
, 2
, 14
, 6
, 10
, 8
, 8
, 11
, 5
, 3
, 13
, 6
, 10
, 2
, 14
, 6
, 10
, 8
, 8
, 7
, 9
, 5
, 11
, 13
, 3
, 9
, 7
, 4
, 12
, 10
, 6
, 9
, 7
, 1
, 15
, 12
, 4
, 2
, 14
, 5
, 11
, 7
, 9
, 7
, 9
, 6
, 10
, 14
, 2
, 14
, 2
, 2
, 14
, 12
, 4
, 2
, 14
, 14
, 2
, 3
, 13
, 1
, 15
, 14
, 2
, 12
, 4
, 13
, 3
, 11
, 5
, 7
, 9
, 14
, 2
