
75
, 71
, 75
, 86
, 60
, 35
, 111
, 115
, 31
, 86
, 60
, 2
, 144
, 80
, 66
, 7
, 139
, 34
, 112
, 125
, 21
, 73
, 73
, 42
, 104
, 7
, 139
, 39
, 107
, 46
, 100
, 40
, 106
, 49
, 97
, 19
, 127
, 62
, 84
, 31
, 115
, 24
, 122
, 23
, 123
, 46
, 100
, 17
, 129
, 78
, 68
, 108
, 38
, 52
, 94
, 131
, 15
, 73
, 73
, 50
, 96
, 82
, 64
, 55
, 91
, 76
, 70
, 3
, 143
, 102
, 44
, 97
, 49
, 69
, 77
, 39
, 107
, 63
, 83
, 77
, 69
, 141
, 5
, 24
, 122
, 98
, 48
, 86
, 60
, 44
, 102
, 19
, 127
, 15
, 131
, 90
, 56
, 55
, 91
, 36
, 110
, 108
, 38
, 73
, 73
, 46
, 100
, 140
, 6
, 5
, 141
, 69
, 77
, 104
, 42
, 52
, 94
, 78
, 68
, 20
, 126
, 96
, 50
, 2
, 144
, 138
, 8
, 109
, 37
, 13
, 133
, 120
, 26
, 143
, 3
, 20
, 126
, 103
, 43
, 111
, 35
, 32
, 114
, 130
, 16
, 33
, 113
, 40
, 106
, 26
, 19
, 101
