
770
, 84
, 57
, 97
, 44
, 101
, 40
, 113
, 28
, 5
, 136
, 41
, 100
, 96
, 45
, 37
, 104
, 65
, 76
, 80
, 61
, 118
, 23
, 68
, 73
, 120
, 21
, 40
, 101
, 66
, 75
, 66
, 75
, 40
, 101
, 61
, 80
, 92
, 49
, 127
, 14
, 130
, 11
, 28
, 113
, 44
, 97
, 121
, 20
, 102
, 39
, 3
, 138
, 120
, 21
, 103
, 38
, 6
, 135
, 44
, 97
, 45
, 96
, 132
, 9
, 1
, 140
, 137
, 4
, 20
, 121
, 87
, 54
, 74
, 67
, 77
, 64
, 86
, 55
, 45
, 96
, 48
, 93
, 26
, 115
, 60
, 81
, 25
, 116
, 83
, 58
, 79
, 62
, 20
, 121
, 116
, 25
, 104
, 37
, 110
, 31
, 35
, 106
, 62
, 79
, 138
, 3
, 75
, 66
, 6
, 135
, 98
, 43
, 9
, 132
, 134
, 7
, 119
, 22
, 6
, 135
, 43
, 98
, 120
, 21
, 64
, 77
, 66
, 75
, 67
, 74
, 61
, 80
, 92
, 49
, 2
, 139
, 38
, 103
, 72
, 69
, 45
, 96
, 117
, 24
, 71
, 70
, 82
, 59
, 72
, 69
, 132
, 9
, 55
, 86
, 65
, 76
, 119
, 22
, 98
, 43
, 39
, 102
, 67
, 74
, 18
, 123
, 110
, 31
, 124
, 17
, 56
, 85
, 109
, 32
, 24
, 117
, 86
, 55
, 85
, 56
, 84
, 57
, 12
, 129
, 42
, 99
, 51
, 90
, 31
, 110
, 22
, 119
, 75
, 66
, 111
, 30
, 6
, 135
, 136
, 5
, 79
, 62
, 41
, 100
, 16
, 125
, 38
, 103
, 49
, 92
, 126
, 15
, 132
, 9
, 110
, 31
, 128
, 13
, 77
, 64
, 99
, 42
, 64
, 77
, 59
, 82
, 23
, 118
, 135
, 6
, 122
, 19
, 115
, 26
, 41
, 100
, 117
, 24
, 34
, 107
, 70
, 71
, 20
, 121
, 124
, 17
, 4
, 137
, 59
, 82
, 119
, 22
, 52
, 89
, 20
, 121
, 103
, 38
, 137
, 4
, 58
, 83
, 112
, 29
, 81
, 60
, 70
, 71
, 2
, 139
, 112
, 29
, 64
, 77
, 40
, 101
, 73
, 68
, 96
, 45
, 111
, 30
, 34
, 107
, 59
, 82
, 129
, 12
, 81
, 60
, 48
, 93
, 116
, 25
, 105
, 36
, 23
, 118
, 21
, 120
, 84
, 57
, 95
, 46
, 98
, 43
, 58
, 83
, 90
, 51
, 131
, 10
, 112
, 29
, 39
, 102
, 50
, 91
, 70
, 71
, 54
, 87
, 3
, 138
, 82
, 59
, 24
, 117
, 139
, 2
, 87
, 54
, 14
, 127
, 124
, 17
, 12
, 129
, 52
, 89
, 63
, 78
, 115
, 26
, 39
, 102
, 18
, 123
, 44
, 97
, 95
, 46
, 100
, 41
, 95
, 46
, 21
, 120
, 83
, 58
, 113
, 28
, 116
, 25
, 1
, 140
, 2
, 139
, 109
, 32
, 69
, 72
, 43
, 98
, 113
, 28
, 59
, 82
, 103
, 38
, 3
, 138
, 45
, 96
, 98
, 43
, 93
, 48
, 27
, 114
, 83
, 58
, 85
, 56
, 79
, 62
, 38
, 103
, 27
, 114
, 70
, 71
, 132
, 9
, 66
, 75
, 39
, 102
, 112
, 29
, 29
, 112
, 67
, 74
, 133
, 8
, 9
, 132
, 15
, 126
, 8
, 133
, 80
, 61
, 135
, 6
, 58
, 83
, 65
, 76
, 42
, 99
, 138
, 3
, 121
, 20
, 29
, 112
, 4
, 137
, 5
, 136
, 39
, 102
, 22
, 119
, 53
, 88
, 42
, 99
, 14
, 127
, 103
, 38
, 16
, 125
, 130
, 11
, 136
, 5
, 106
, 35
, 119
, 22
, 42
, 99
, 82
, 59
, 62
, 79
, 39
, 102
, 129
, 12
, 106
, 35
, 95
, 46
, 14
, 127
, 123
, 18
, 64
, 77
, 13
, 128
, 115
, 26
, 101
, 40
, 105
, 36
, 5
, 136
, 109
, 32
, 87
, 54
, 91
, 50
, 45
, 96
, 63
, 78
, 73
, 68
, 132
, 9
, 31
, 110
, 100
, 41
, 64
, 77
, 92
, 49
, 24
, 117
, 78
, 63
, 136
, 5
, 84
, 57
, 55
, 86
, 68
, 73
, 57
, 84
, 105
, 36
, 65
, 76
, 98
, 43
, 92
, 49
, 73
, 68
, 82
, 59
, 122
, 19
, 24
, 117
, 51
, 90
, 65
, 76
, 47
, 94
, 113
, 28
, 26
, 115
, 53
, 88
, 14
, 127
, 87
, 54
, 28
, 113
, 96
, 45
, 103
, 38
, 92
, 49
, 6
, 135
, 19
, 122
, 105
, 36
, 51
, 90
, 52
, 89
, 56
, 85
, 99
, 42
, 43
, 98
, 73
, 68
, 109
, 32
, 93
, 48
, 55
, 86
, 21
, 120
, 62
, 79
, 74
, 67
, 51
, 90
, 69
, 72
, 138
, 3
, 22
, 119
, 129
, 12
, 120
, 21
, 16
, 125
, 108
, 33
, 118
, 23
, 8
, 133
, 97
, 44
, 110
, 31
, 100
, 41
, 87
, 54
, 56
, 85
, 19
, 122
, 100
, 41
, 67
, 74
, 90
, 51
, 51
, 90
, 4
, 137
, 79
, 62
, 29
, 112
, 132
, 9
, 68
, 73
, 36
, 105
, 44
, 97
, 72
, 69
, 46
, 95
, 17
, 124
, 37
, 104
, 67
, 74
, 61
, 80
, 74
, 67
, 61
, 80
, 133
, 8
, 47
, 94
, 24
, 117
, 8
, 133
, 57
, 84
, 46
, 95
, 96
, 45
, 126
, 15
, 76
, 65
, 27
, 114
, 22
, 119
, 101
, 40
, 72
, 69
, 45
, 96
, 111
, 30
, 123
, 18
, 55
, 86
, 5
, 136
, 71
, 70
, 135
, 6
, 40
, 101
, 86
, 55
, 26
, 115
, 76
, 65
, 57
, 84
, 136
, 5
, 66
, 75
, 1
, 140
, 53
, 88
, 5
, 136
, 70
, 71
, 79
, 62
, 72
, 69
, 120
, 21
, 123
, 18
, 24
, 117
, 96
, 45
, 7
, 134
, 120
, 21
, 101
, 40
, 61
, 80
, 61
, 80
, 87
, 54
, 120
, 21
, 36
, 105
, 99
, 42
, 48
, 93
, 41
, 100
, 26
, 115
, 10
, 131
, 46
, 95
, 44
, 97
, 14
, 127
, 27
, 114
, 54
, 87
, 75
, 66
, 53
, 88
, 6
, 135
, 93
, 48
, 53
, 88
, 70
, 71
, 22
, 119
, 109
, 32
, 45
, 96
, 69
, 72
, 46
, 95
, 96
, 45
, 75
, 66
, 90
, 51
, 109
, 32
, 102
, 39
, 59
, 82
, 18
, 123
, 13
, 128
, 56
, 85
, 92
, 49
, 86
, 55
, 51
, 90
, 4
, 137
, 120
, 21
, 85
, 56
, 31
, 110
, 32
, 109
, 47
, 94
, 98
, 43
, 134
, 7
, 15
, 126
, 64
, 77
, 124
, 17
, 77
, 64
, 58
, 83
, 92
, 49
, 5
, 136
, 94
, 47
, 66
, 75
, 108
, 33
, 14
, 127
, 42
, 99
, 84
, 57
, 25
, 116
, 6
, 135
, 85
, 56
, 76
, 65
, 91
, 50
, 63
, 78
, 6
, 135
, 96
, 45
, 121
, 20
, 81
, 60
, 70
, 71
, 136
, 5
, 28
, 113
, 25
, 116
, 69
, 72
, 14
, 127
, 82
, 59
, 111
, 30
, 90
, 51
, 79
, 62
, 48
, 93
, 83
, 58
, 137
, 4
, 136
, 5
, 49
, 92
, 90
, 51
, 36
, 105
, 85
, 56
, 114
, 27
, 87
, 54
, 133
, 8
, 40
, 101
, 27
, 114
, 70
, 71
, 77
, 64
, 97
, 44
, 98
, 43
, 19
, 122
, 89
, 52
, 107
, 34
, 14
, 127
, 84
, 57
, 101
, 40
, 114
, 27
, 99
, 42
, 33
, 108
, 77
, 64
, 19
, 122
, 107
, 34
, 26
, 115
, 27
, 114
, 64
, 77
, 31
, 110
, 50
, 91
, 121
, 20
, 102
, 39
, 34
, 107
, 60
, 81
, 11
, 130
, 7
, 134
, 4
, 137
, 103
, 38
, 42
, 99
, 131
, 10
, 9
, 132
, 43
, 98
, 35
, 106
, 71
, 70
, 59
, 82
, 65
, 76
, 68
, 73
, 98
, 43
, 32
, 109
, 11
, 130
, 39
, 102
, 62
, 79
, 97
, 44
, 133
, 8
, 129
, 12
, 107
, 34
, 6
, 135
, 13
, 128
, 2
, 139
, 72
, 69
, 100
, 41
, 124
, 17
, 10
, 131
, 42
, 99
, 65
, 76
, 130
, 11
, 92
, 49
, 42
, 99
, 46
, 95
, 63
, 78
, 104
, 37
, 97
, 44
, 109
, 32
, 68
, 73
, 39
, 102
, 10
, 131
, 130
, 11
, 50
, 91
, 51
, 90
, 7
, 134
, 26
, 115
, 85
, 56
, 27
, 114
, 9
, 132
, 73
, 68
, 35
, 106
, 33
, 108
, 93
, 48
, 44
, 97
, 86
, 55
, 133
, 8
, 64
, 77
, 92
, 49
, 2
, 139
, 104
, 37
, 87
, 54
, 82
, 59
, 14
, 127
, 123
, 18
, 106
, 35
, 82
, 59
, 130
, 11
, 60
, 81
, 127
, 14
, 23
, 118
, 14
, 127
, 129
, 12
, 104
, 37
, 42
, 99
, 43
, 98
, 37
, 104
, 37
, 104
, 30
, 111
, 63
, 78
, 105
, 36
, 33
, 108
, 69
, 72
, 76
, 65
, 118
, 23
, 114
, 27
, 46
, 95
, 13
, 128
, 87
, 54
, 116
, 25
, 30
, 111
, 4
, 137
, 22
, 119
, 113
, 28
, 27
, 114
, 102
, 39
, 44
, 97
, 33
, 108
, 23
, 118
, 133
, 8
, 25
, 116
, 139
, 2
, 46
, 95
, 78
, 63
, 101
, 40
, 77
, 64
, 23
, 118
, 3
, 138
, 130
, 11
, 109
, 32
, 58
, 83
, 101
, 40
, 61
, 80
, 114
, 27
, 106
, 35
, 135
, 6
, 8
, 133
, 52
, 89
, 79
, 62
, 36
, 105
, 113
, 28
, 121
, 20
, 39
, 102
, 66
, 75
, 52
, 89
, 61
, 80
, 107
, 34
, 55
, 86
, 54
, 87
, 97
, 44
, 67
, 74
, 75
, 66
, 85
, 56
, 120
, 21
, 9
, 132
, 112
, 29
, 53
, 88
, 131
, 10
, 2
, 139
, 38
, 103
, 117
, 24
, 62
, 79
, 127
, 14
, 16
, 125
, 117
, 24
, 48
, 93
, 14
, 127
, 9
, 132
, 61
, 80
, 74
, 67
, 54
, 87
, 56
, 85
, 3
, 138
, 85
, 56
, 76
, 65
, 126
, 15
, 81
, 60
, 3
, 138
, 93
, 48
, 47
, 94
, 76
, 65
, 65
, 76
, 36
, 105
, 131
, 10
, 57
, 84
, 127
, 14
, 3
, 138
, 58
, 83
, 116
, 25
, 84
, 57
, 95
, 46
, 92
, 49
, 11
, 130
, 11
, 130
, 29
, 112
, 47
, 94
, 45
, 96
, 99
, 42
, 92
, 49
, 18
, 123
, 7
, 134
, 132
, 9
, 135
, 6
, 122
, 19
, 73
, 68
, 49
, 92
, 83
, 58
, 19
, 122
, 114
, 27
, 127
, 14
, 120
, 21
, 103
, 38
, 124
, 17
, 67
, 74
, 98
, 43
, 46
, 95
, 125
, 16
, 33
, 108
, 3
, 138
, 98
, 43
, 56
, 85
, 62
, 79
, 120
, 21
, 114
, 27
, 21
, 120
, 4
, 137
, 108
, 33
, 36
, 105
, 18
, 123
, 86
, 55
, 28
, 113
, 25
, 116
, 125
, 16
, 87
, 54
, 123
, 18
, 103
, 38
, 4
, 137
, 107
, 34
, 124
, 17
, 61
, 80
, 108
, 33
, 111
, 30
, 21
, 120
, 84
, 57
, 54
, 87
, 110
, 31
, 29
, 112
, 136
, 5
, 48
, 93
, 116
, 25
, 86
, 55
, 121
, 20
, 39
, 102
, 34
, 107
, 31
, 110
, 111
, 30
, 90
, 51
, 92
, 49
, 91
, 50
, 77
, 64
, 82
, 59
, 20
, 121
, 71
, 70
, 24
, 117
, 72
, 69
, 86
, 55
, 45
, 96
, 113
, 28
, 26
, 115
, 100
, 41
, 57
, 84
, 13
, 128
, 16
, 125
, 78
, 63
, 106
, 35
, 116
, 25
, 71
, 70
, 89
, 52
, 10
, 131
, 34
, 107
, 44
, 97
, 124
, 17
, 122
, 19
, 60
, 81
, 95
, 46
, 100
, 41
, 134
, 7
, 57
, 84
, 77
, 64
, 104
, 37
, 64
, 77
, 73
, 68
, 31
, 110
, 136
, 5
, 9
, 132
, 38
, 103
, 122
, 19
, 95
, 46
