
780
, 57
, 214
, 203
, 68
, 113
, 158
, 55
, 216
, 235
, 36
, 187
, 84
, 25
, 246
, 184
, 87
, 205
, 66
, 16
, 255
, 100
, 171
, 61
, 210
, 128
, 143
, 183
, 88
, 228
, 43
, 250
, 21
, 36
, 235
, 88
, 183
, 235
, 36
, 190
, 81
, 167
, 104
, 118
, 153
, 262
, 9
, 24
, 247
, 185
, 86
, 194
, 77
, 189
, 82
, 170
, 101
, 220
, 51
, 77
, 194
, 182
, 89
, 253
, 18
, 222
, 49
, 152
, 119
, 240
, 31
, 204
, 67
, 71
, 200
, 32
, 239
, 157
, 114
, 130
, 141
, 155
, 116
, 133
, 138
, 113
, 158
, 94
, 177
, 80
, 191
, 238
, 33
, 253
, 18
, 226
, 45
, 50
, 221
, 205
, 66
, 37
, 234
, 6
, 265
, 72
, 199
, 115
, 156
, 63
, 208
, 164
, 107
, 20
, 251
, 51
, 220
, 22
, 249
, 9
, 262
, 165
, 106
, 182
, 89
, 122
, 149
, 45
, 226
, 25
, 246
, 264
, 7
, 141
, 130
, 262
, 9
, 144
, 127
, 153
, 118
, 180
, 91
, 31
, 240
, 106
, 165
, 168
, 103
, 112
, 159
, 207
, 64
, 242
, 29
, 208
, 63
, 114
, 157
, 136
, 135
, 37
, 234
, 189
, 82
, 211
, 60
, 205
, 66
, 27
, 244
, 125
, 146
, 254
, 17
, 35
, 236
, 44
, 227
, 99
, 172
, 141
, 130
, 119
, 152
, 20
, 251
, 11
, 260
, 149
, 122
, 255
, 16
, 110
, 161
, 61
, 210
, 189
, 82
, 153
, 118
, 6
, 265
, 265
, 6
, 92
, 179
, 19
, 252
, 131
, 140
, 220
, 51
, 98
, 173
, 89
, 182
, 215
, 56
, 1
, 270
, 175
, 96
, 170
, 101
, 201
, 70
, 163
, 108
, 34
, 237
, 26
, 245
, 152
, 119
, 138
, 133
, 163
, 108
, 107
, 164
, 190
, 81
, 40
, 231
, 11
, 260
, 152
, 119
, 188
, 83
, 199
, 72
, 261
, 10
, 183
, 88
, 58
, 213
, 137
, 134
, 183
, 88
, 150
, 121
, 114
, 157
, 79
, 192
, 261
, 10
, 256
, 15
, 18
, 253
, 67
, 204
, 124
, 147
, 222
, 49
, 257
, 14
, 231
, 40
, 236
, 35
, 155
, 116
, 54
, 217
, 46
, 225
, 226
, 45
, 25
, 246
, 44
, 227
, 66
, 205
, 35
, 236
, 244
, 27
, 119
, 152
, 184
, 87
, 188
, 83
, 187
, 84
, 141
, 130
, 183
, 88
, 69
, 202
, 175
, 96
, 224
, 47
, 154
, 117
, 79
, 192
, 188
, 83
, 266
, 5
, 56
, 215
, 7
, 264
, 142
, 129
, 12
, 259
, 234
, 37
, 56
, 215
, 11
, 260
, 127
, 144
, 25
, 246
, 225
, 46
, 253
, 18
, 142
, 129
, 47
, 224
, 87
, 184
, 156
, 115
, 132
, 139
, 62
, 209
, 232
, 39
, 224
, 47
, 193
, 78
, 63
, 208
, 163
, 108
, 158
, 113
, 100
, 171
, 157
, 114
, 79
, 192
, 93
, 178
, 95
, 176
, 52
, 219
, 171
, 100
, 182
, 89
, 1
, 270
, 94
, 177
, 233
, 38
, 133
, 138
, 269
, 2
, 161
, 110
, 78
, 193
, 193
, 78
, 182
, 89
, 228
, 43
, 151
, 120
, 2
, 269
, 7
, 264
, 208
, 63
, 49
, 222
, 210
, 61
, 43
, 228
, 228
, 43
, 174
, 97
, 191
, 80
, 156
, 115
, 57
, 214
, 14
, 257
, 228
, 43
, 35
, 236
, 175
, 96
, 26
, 245
, 118
, 153
, 224
, 47
, 116
, 155
, 63
, 208
, 49
, 222
, 163
, 108
, 59
, 212
, 33
, 238
, 225
, 46
, 45
, 226
, 5
, 266
, 26
, 245
, 254
, 17
, 206
, 65
, 176
, 95
, 84
, 187
, 224
, 47
, 46
, 225
, 9
, 262
, 86
, 185
, 152
, 119
, 235
, 36
, 232
, 39
, 32
, 239
, 130
, 141
, 98
, 173
, 32
, 239
, 170
, 101
, 206
, 65
, 157
, 114
, 71
, 200
, 186
, 85
, 206
, 65
, 63
, 208
, 244
, 27
, 86
, 185
, 210
, 61
, 116
, 155
, 120
, 151
, 163
, 108
, 176
, 95
, 9
, 262
, 67
, 204
, 264
, 7
, 223
, 48
, 75
, 196
, 265
, 6
, 164
, 107
, 48
, 223
, 128
, 143
, 131
, 140
, 154
, 117
, 134
, 137
, 149
, 122
, 83
, 188
, 42
, 229
, 82
, 189
, 256
, 15
, 53
, 218
, 179
, 92
, 63
, 208
, 36
, 235
, 204
, 67
, 112
, 159
, 188
, 83
, 36
, 235
, 101
, 170
, 234
, 37
, 247
, 24
, 80
, 191
, 105
, 166
, 182
, 89
, 83
, 188
, 224
, 47
, 173
, 98
, 99
, 172
, 234
, 37
, 98
, 173
, 210
, 61
, 174
, 97
, 12
, 259
, 112
, 159
, 231
, 40
, 103
, 168
, 209
, 62
, 130
, 141
, 212
, 59
, 112
, 159
, 103
, 168
, 113
, 158
, 262
, 9
, 265
, 6
, 166
, 105
, 39
, 232
, 224
, 47
, 248
, 23
, 118
, 153
, 121
, 150
, 39
, 232
, 250
, 21
, 75
, 196
, 231
, 40
, 91
, 180
, 137
, 134
, 190
, 81
, 36
, 235
, 181
, 90
, 166
, 105
, 7
, 264
, 151
, 120
, 151
, 120
, 150
, 121
, 191
, 80
, 44
, 227
, 256
, 15
, 142
, 129
, 253
, 18
, 59
, 212
, 4
, 267
, 246
, 25
, 198
, 73
, 182
, 89
, 252
, 19
, 40
, 231
, 268
, 3
, 236
, 35
, 236
, 35
, 199
, 72
, 82
, 189
, 109
, 162
, 222
, 49
, 250
, 21
, 205
, 66
, 101
, 170
, 70
, 201
, 241
, 30
, 231
, 40
, 182
, 89
, 49
, 222
, 49
, 222
, 99
, 172
, 18
, 253
, 168
, 103
, 225
, 46
, 79
, 192
, 121
, 150
, 197
, 74
, 175
, 96
, 56
, 215
, 167
, 104
, 99
, 172
, 232
, 39
, 56
, 215
, 3
, 268
, 197
, 74
, 158
, 113
, 183
, 88
, 241
, 30
, 51
, 220
, 238
, 33
, 94
, 177
, 216
, 55
, 66
, 205
, 136
, 135
, 162
, 109
, 238
, 33
, 265
, 6
, 5
, 266
, 150
, 121
, 184
, 87
, 180
, 91
, 248
, 23
, 144
, 127
, 94
, 177
, 62
, 209
, 219
, 52
, 15
, 256
, 249
, 22
, 249
, 22
, 206
, 65
, 182
, 89
, 219
, 52
, 1
, 270
, 2
, 269
, 62
, 209
, 160
, 111
, 13
, 258
, 239
, 32
, 61
, 210
, 221
, 50
, 30
, 241
, 187
, 84
, 255
, 16
, 153
, 118
, 25
, 246
, 250
, 21
, 206
, 65
, 23
, 248
, 19
, 252
, 142
, 129
, 143
, 128
, 46
, 225
, 145
, 126
, 14
, 257
, 236
, 35
, 50
, 221
, 91
, 180
, 97
, 174
, 210
, 61
, 229
, 42
, 79
, 192
, 59
, 212
, 250
, 21
, 221
, 50
, 42
, 229
, 46
, 225
, 196
, 75
, 15
, 256
, 155
, 116
, 213
, 58
, 143
, 128
, 51
, 220
, 233
, 38
, 101
, 170
, 111
, 160
, 79
, 192
, 256
, 15
, 268
, 3
, 16
, 255
, 117
, 154
, 210
, 61
, 16
, 255
, 127
, 144
, 60
, 211
, 141
, 130
, 163
, 108
, 21
, 250
, 76
, 195
, 137
, 134
, 70
, 201
, 67
, 204
, 39
, 232
, 85
, 186
, 209
, 62
, 232
, 39
, 237
, 34
, 225
, 46
, 36
, 235
, 123
, 148
, 74
, 197
, 165
, 106
, 170
, 101
, 173
, 98
, 125
, 146
, 172
, 99
, 41
, 230
, 178
, 93
, 186
, 85
, 21
, 250
, 258
, 13
, 97
, 174
, 112
, 159
, 216
, 55
, 177
, 94
, 124
, 147
, 204
, 67
, 206
, 65
, 253
, 18
, 193
, 78
, 186
, 85
, 200
, 71
, 59
, 212
, 234
, 37
, 8
, 263
, 139
, 132
, 18
, 253
, 243
, 28
, 3
, 268
, 145
, 126
, 72
, 199
, 40
, 231
, 248
, 23
, 187
, 84
, 254
, 17
, 256
, 15
, 264
, 7
, 176
, 95
, 228
, 43
, 227
, 44
, 205
, 66
, 107
, 164
, 17
, 254
, 251
, 20
, 30
, 241
, 95
, 176
, 252
, 19
, 264
, 7
, 266
, 5
, 174
, 97
, 73
, 198
, 86
, 185
, 68
, 203
, 68
, 203
, 183
, 88
, 28
, 243
, 169
, 102
, 29
, 242
, 207
, 64
, 160
, 111
, 71
, 200
, 103
, 168
, 155
, 116
, 216
, 55
, 241
, 30
, 139
, 132
, 259
, 12
, 40
, 231
, 129
, 142
, 144
, 127
, 75
, 196
, 225
, 46
, 155
, 116
, 125
, 146
, 224
, 47
, 248
, 23
, 212
, 59
, 79
, 192
, 145
, 126
, 118
, 153
, 56
, 215
, 160
, 111
, 142
, 129
, 92
, 179
, 19
, 252
, 93
, 178
, 4
, 267
, 45
, 226
, 94
, 177
, 160
, 111
, 158
, 113
, 37
, 234
, 7
, 264
, 250
, 21
, 76
, 195
, 226
, 45
, 173
, 98
, 261
, 10
, 223
, 48
, 123
, 148
, 138
, 133
, 255
, 16
, 62
, 209
, 67
, 204
, 139
, 132
, 217
, 54
, 151
, 120
, 160
, 111
, 52
, 219
, 8
, 263
, 5
, 266
, 269
, 2
, 234
, 37
, 243
, 28
, 224
, 47
, 217
, 54
, 45
, 226
, 178
, 93
, 153
, 118
, 171
, 100
, 156
, 115
, 17
, 254
, 32
, 239
, 237
, 34
, 80
, 191
, 168
, 103
, 54
, 217
, 189
, 82
, 126
, 145
, 165
, 106
, 254
, 17
, 234
, 37
, 21
, 250
, 135
, 136
, 129
, 142
, 180
, 91
, 221
, 50
, 92
, 179
, 60
, 211
, 28
, 243
, 229
, 42
, 15
, 256
, 253
, 18
, 70
, 201
, 2
, 269
, 29
, 242
, 257
, 14
, 96
, 175
, 88
, 183
, 70
, 201
, 223
, 48
, 224
, 47
, 253
, 18
, 266
, 5
, 23
, 248
, 170
, 101
, 69
, 202
, 13
, 258
, 42
, 229
, 248
, 23
, 229
, 42
, 225
, 46
, 72
, 199
, 114
, 157
, 55
, 216
, 119
, 152
, 180
, 91
, 2
, 269
, 107
, 164
, 114
, 157
, 133
, 138
, 236
, 35
, 265
, 6
, 97
, 174
, 25
, 246
, 248
, 23
, 61
, 210
, 140
, 131
, 205
, 66
, 32
, 239
, 197
, 74
, 66
, 205
, 135
, 136
, 143
, 128
, 158
, 113
, 65
, 206
, 115
, 156
, 33
, 238
, 94
, 177
, 125
, 146
, 207
, 64
, 113
, 158
, 163
, 108
, 19
, 252
, 91
, 180
, 80
, 191
, 109
, 162
, 2
, 269
, 217
, 54
, 226
, 45
, 130
, 141
, 253
, 18
, 250
, 21
, 83
, 188
, 145
, 126
, 147
, 124
, 44
, 227
, 15
, 256
, 145
, 126
, 133
, 138
, 28
, 243
, 71
, 200
, 36
, 235
, 151
, 120
, 70
, 201
, 254
, 17
, 227
, 44
, 115
, 156
, 126
, 145
, 229
, 42
, 19
, 252
, 219
, 52
, 224
, 47
, 190
, 81
, 9
, 262
, 107
, 164
, 117
, 154
, 64
, 207
, 56
, 215
, 240
, 31
, 237
, 34
, 87
, 184
, 128
, 143
, 180
, 91
, 229
, 42
, 244
, 27
, 208
, 63
, 231
, 40
, 50
, 221
, 43
, 228
, 175
, 96
, 240
, 31
, 237
, 34
, 149
, 122
, 76
, 195
, 150
, 121
, 131
, 140
, 34
, 237
, 36
, 235
, 220
, 51
, 172
, 99
, 33
, 238
, 180
, 91
, 235
, 36
, 93
, 178
, 163
, 108
, 62
, 209
, 72
, 199
, 27
, 244
, 184
, 87
, 185
, 86
, 130
, 141
, 249
, 22
, 141
, 130
, 216
, 55
, 241
, 30
, 248
, 23
, 158
, 113
, 205
, 66
, 213
, 58
, 90
, 181
, 162
, 109
, 244
, 27
, 208
, 63
, 110
, 161
, 171
, 100
, 76
, 195
, 21
, 250
, 128
, 143
, 185
, 86
, 177
, 94
, 104
, 167
, 69
, 202
, 200
, 71
, 120
, 151
, 144
, 127
, 10
, 261
, 147
, 124
, 204
, 67
, 263
, 8
, 98
, 173
, 133
, 138
, 150
, 121
, 165
, 106
, 104
, 167
, 155
, 116
, 49
, 222
, 124
, 147
, 118
, 153
, 237
, 34
, 141
, 130
, 126
, 145
, 87
, 184
, 102
, 169
, 111
, 160
, 10
, 261
, 112
, 159
, 221
, 50
