
78
, 160
, 102
, 129
, 133
, 84
, 178
, 227
, 35
, 257
, 5
, 102
, 160
, 195
, 67
, 31
, 231
, 103
, 159
, 23
, 239
, 218
, 44
, 158
, 104
, 192
, 70
, 105
, 157
, 1
, 261
, 171
, 91
, 147
, 115
, 65
, 197
, 146
, 116
, 179
, 83
, 204
, 58
, 102
, 160
, 12
, 250
, 91
, 171
, 63
, 199
, 93
, 169
, 232
, 30
, 82
, 180
, 157
, 105
, 90
, 172
, 23
, 239
, 250
, 12
, 35
, 227
, 66
, 196
, 141
, 121
, 186
, 76
, 8
, 254
, 200
, 62
, 255
, 7
, 63
, 199
, 167
, 95
, 196
, 66
, 66
, 196
, 50
, 212
, 205
, 57
, 48
, 214
, 130
, 132
, 82
, 180
, 177
, 85
, 142
, 120
, 6
, 256
, 10
, 252
, 123
, 139
, 124
, 138
, 98
, 164
, 44
, 218
, 208
, 54
, 250
, 12
, 106
, 156
, 126
, 136
, 222
, 40
, 116
, 146
, 155
, 107
, 175
, 87
, 176
, 86
, 254
, 8
, 96
, 166
, 99
, 163
, 244
, 18
, 180
, 82
, 218
, 44
, 58
, 204
, 42
, 220
, 142
, 120
, 108
, 154
, 93
, 169
, 63
, 199
, 105
, 119
, 38
