
790
, 179
, 107
, 29
, 257
, 216
, 70
, 92
, 194
, 243
, 43
, 122
, 164
, 104
, 182
, 81
, 205
, 54
, 232
, 6
, 280
, 77
, 209
, 220
, 66
, 175
, 111
, 173
, 113
, 206
, 80
, 9
, 277
, 281
, 5
, 32
, 254
, 6
, 280
, 255
, 31
, 236
, 50
, 155
, 131
, 152
, 134
, 209
, 77
, 4
, 282
, 111
, 175
, 54
, 232
, 212
, 74
, 49
, 237
, 37
, 249
, 108
, 178
, 122
, 164
, 155
, 131
, 159
, 127
, 283
, 3
, 97
, 189
, 256
, 30
, 3
, 283
, 54
, 232
, 190
, 96
, 60
, 226
, 160
, 126
, 240
, 46
, 72
, 214
, 209
, 77
, 156
, 130
, 75
, 211
, 79
, 207
, 225
, 61
, 252
, 34
, 87
, 199
, 118
, 168
, 145
, 141
, 50
, 236
, 121
, 165
, 244
, 42
, 209
, 77
, 79
, 207
, 208
, 78
, 8
, 278
, 110
, 176
, 52
, 234
, 105
, 181
, 201
, 85
, 138
, 148
, 131
, 155
, 175
, 111
, 152
, 134
, 192
, 94
, 137
, 149
, 54
, 232
, 261
, 25
, 125
, 161
, 210
, 76
, 248
, 38
, 264
, 22
, 181
, 105
, 133
, 153
, 103
, 183
, 210
, 76
, 192
, 94
, 26
, 260
, 59
, 227
, 278
, 8
, 155
, 131
, 210
, 76
, 89
, 197
, 66
, 220
, 36
, 250
, 16
, 270
, 30
, 256
, 40
, 246
, 83
, 203
, 258
, 28
, 226
, 60
, 212
, 74
, 99
, 187
, 121
, 165
, 236
, 50
, 83
, 203
, 90
, 196
, 190
, 96
, 175
, 111
, 52
, 234
, 41
, 245
, 217
, 69
, 9
, 277
, 114
, 172
, 171
, 115
, 112
, 174
, 167
, 119
, 177
, 109
, 72
, 214
, 110
, 176
, 59
, 227
, 84
, 202
, 46
, 240
, 216
, 70
, 68
, 218
, 163
, 123
, 200
, 86
, 193
, 93
, 22
, 264
, 134
, 152
, 180
, 106
, 126
, 160
, 215
, 71
, 122
, 164
, 176
, 110
, 94
, 192
, 78
, 208
, 44
, 242
, 257
, 29
, 11
, 275
, 122
, 164
, 79
, 207
, 176
, 110
, 54
, 232
, 37
, 249
, 211
, 75
, 155
, 131
, 147
, 139
, 89
, 197
, 271
, 15
, 254
, 32
, 142
, 144
, 254
, 32
, 217
, 69
, 193
, 93
, 121
, 165
, 231
, 55
, 284
, 2
, 260
, 26
, 267
, 19
, 52
, 234
, 165
, 121
, 261
, 25
, 169
, 117
, 238
, 48
, 195
, 91
, 230
, 56
, 58
, 228
, 18
, 268
, 33
, 253
, 61
, 225
, 203
, 83
, 89
, 197
, 179
, 107
, 62
, 224
, 126
, 160
, 278
, 8
, 106
, 180
, 31
, 255
, 9
, 277
, 11
, 275
, 197
, 89
, 109
, 177
, 171
, 115
, 18
, 268
, 146
, 140
, 74
, 212
, 248
, 38
, 164
, 122
, 15
, 271
, 13
, 273
, 263
, 23
, 16
, 270
, 222
, 64
, 74
, 212
, 170
, 116
, 94
, 192
, 226
, 60
, 203
, 83
, 88
, 198
, 195
, 91
, 188
, 98
, 40
, 246
, 175
, 111
, 194
, 92
, 55
, 231
, 203
, 83
, 164
, 122
, 209
, 77
, 15
, 271
, 140
, 146
, 264
, 22
, 233
, 53
, 104
, 182
, 76
, 210
, 25
, 261
, 48
, 238
, 8
, 278
, 57
, 229
, 233
, 53
, 95
, 191
, 263
, 23
, 21
, 265
, 217
, 69
, 68
, 218
, 188
, 98
, 197
, 89
, 277
, 9
, 284
, 2
, 211
, 75
, 152
, 134
, 150
, 136
, 226
, 60
, 126
, 160
, 112
, 174
, 38
, 248
, 266
, 20
, 44
, 242
, 211
, 75
, 115
, 171
, 55
, 231
, 223
, 63
, 257
, 29
, 93
, 193
, 163
, 123
, 124
, 162
, 111
, 175
, 168
, 118
, 162
, 124
, 159
, 127
, 69
, 217
, 241
, 45
, 137
, 149
, 159
, 127
, 237
, 49
, 180
, 106
, 168
, 118
, 67
, 219
, 252
, 34
, 225
, 61
, 194
, 92
, 183
, 103
, 75
, 211
, 197
, 89
, 249
, 37
, 105
, 181
, 108
, 178
, 2
, 284
, 2
, 284
, 230
, 56
, 217
, 69
, 31
, 255
, 247
, 39
, 203
, 83
, 125
, 161
, 70
, 216
, 8
, 278
, 194
, 92
, 245
, 41
, 14
, 272
, 265
, 21
, 159
, 127
, 80
, 206
, 168
, 118
, 158
, 128
, 170
, 116
, 40
, 246
, 284
, 2
, 267
, 19
, 101
, 185
, 263
, 23
, 53
, 233
, 267
, 19
, 24
, 262
, 277
, 9
, 105
, 181
, 64
, 222
, 112
, 174
, 138
, 148
, 17
, 269
, 276
, 10
, 171
, 115
, 127
, 159
, 183
, 103
, 178
, 108
, 275
, 11
, 133
, 153
, 273
, 13
, 78
, 208
, 152
, 134
, 247
, 39
, 216
, 70
, 235
, 51
, 24
, 262
, 17
, 269
, 50
, 236
, 211
, 75
, 181
, 105
, 126
, 160
, 59
, 227
, 119
, 167
, 219
, 67
, 262
, 24
, 84
, 202
, 30
, 256
, 187
, 99
, 10
, 276
, 229
, 57
, 258
, 28
, 42
, 244
, 141
, 145
, 237
, 49
, 9
, 277
, 251
, 35
, 249
, 37
, 160
, 126
, 267
, 19
, 199
, 87
, 52
, 234
, 230
, 56
, 174
, 112
, 241
, 45
, 268
, 18
, 234
, 52
, 212
, 74
, 21
, 265
, 91
, 195
, 4
, 282
, 277
, 9
, 134
, 152
, 94
, 192
, 66
, 220
, 74
, 212
, 92
, 194
, 112
, 174
, 176
, 110
, 83
, 203
, 119
, 167
, 115
, 171
, 198
, 88
, 232
, 54
, 178
, 108
, 237
, 49
, 166
, 120
, 249
, 37
, 165
, 121
, 198
, 88
, 161
, 125
, 43
, 243
, 244
, 42
, 22
, 264
, 189
, 97
, 243
, 43
, 126
, 160
, 174
, 112
, 201
, 85
, 151
, 135
, 231
, 55
, 164
, 122
, 14
, 272
, 113
, 173
, 48
, 238
, 79
, 207
, 56
, 230
, 114
, 172
, 73
, 213
, 31
, 255
, 19
, 267
, 275
, 11
, 111
, 175
, 196
, 90
, 146
, 140
, 273
, 13
, 56
, 230
, 159
, 127
, 36
, 250
, 120
, 166
, 166
, 120
, 237
, 49
, 36
, 250
, 26
, 260
, 41
, 245
, 45
, 241
, 249
, 37
, 271
, 15
, 173
, 113
, 205
, 81
, 91
, 195
, 245
, 41
, 278
, 8
, 17
, 269
, 252
, 34
, 50
, 236
, 91
, 195
, 17
, 269
, 173
, 113
, 169
, 117
, 194
, 92
, 170
, 116
, 4
, 282
, 260
, 26
, 92
, 194
, 147
, 139
, 269
, 17
, 281
, 5
, 276
, 10
, 69
, 217
, 169
, 117
, 68
, 218
, 207
, 79
, 238
, 48
, 60
, 226
, 208
, 78
, 253
, 33
, 27
, 259
, 210
, 76
, 159
, 127
, 86
, 200
, 141
, 145
, 211
, 75
, 149
, 137
, 249
, 37
, 161
, 125
, 161
, 125
, 149
, 137
, 106
, 180
, 238
, 48
, 184
, 102
, 60
, 226
, 51
, 235
, 153
, 133
, 168
, 118
, 137
, 149
, 97
, 189
, 82
, 204
, 107
, 179
, 51
, 235
, 175
, 111
, 16
, 270
, 264
, 22
, 51
, 235
, 18
, 268
, 114
, 172
, 136
, 150
, 101
, 185
, 162
, 124
, 53
, 233
, 157
, 129
, 124
, 162
, 223
, 63
, 219
, 67
, 176
, 110
, 69
, 217
, 225
, 61
, 158
, 128
, 163
, 123
, 225
, 61
, 180
, 106
, 263
, 23
, 253
, 33
, 139
, 147
, 152
, 134
, 80
, 206
, 96
, 190
, 60
, 226
, 119
, 167
, 58
, 228
, 118
, 168
, 268
, 18
, 234
, 52
, 107
, 179
, 191
, 95
, 211
, 75
, 193
, 93
, 165
, 121
, 60
, 226
, 116
, 170
, 37
, 249
, 169
, 117
, 268
, 18
, 163
, 123
, 101
, 185
, 38
, 248
, 134
, 152
, 100
, 186
, 254
, 32
, 85
, 201
, 69
, 217
, 36
, 250
, 221
, 65
, 76
, 210
, 235
, 51
, 18
, 268
, 156
, 130
, 163
, 123
, 219
, 67
, 235
, 51
, 159
, 127
, 253
, 33
, 98
, 188
, 55
, 231
, 153
, 133
, 177
, 109
, 95
, 191
, 89
, 197
, 181
, 105
, 257
, 29
, 134
, 152
, 64
, 222
, 193
, 93
, 143
, 143
, 171
, 115
, 224
, 62
, 170
, 116
, 259
, 27
, 279
, 7
, 207
, 79
, 265
, 21
, 247
, 39
, 151
, 135
, 90
, 196
, 40
, 246
, 282
, 4
, 61
, 225
, 118
, 168
, 52
, 234
, 121
, 165
, 277
, 9
, 172
, 114
, 273
, 13
, 210
, 76
, 22
, 264
, 209
, 77
, 146
, 140
, 266
, 20
, 6
, 280
, 39
, 247
, 68
, 218
, 67
, 219
, 196
, 90
, 257
, 29
, 7
, 279
, 246
, 40
, 60
, 226
, 238
, 48
, 76
, 210
, 134
, 152
, 147
, 139
, 76
, 210
, 191
, 95
, 188
, 98
, 72
, 214
, 148
, 138
, 110
, 176
, 28
, 258
, 200
, 86
, 137
, 149
, 222
, 64
, 65
, 221
, 104
, 182
, 279
, 7
, 67
, 219
, 24
, 262
, 248
, 38
, 163
, 123
, 203
, 83
, 168
, 118
, 67
, 219
, 184
, 102
, 112
, 174
, 216
, 70
, 18
, 268
, 267
, 19
, 60
, 226
, 48
, 238
, 235
, 51
, 135
, 151
, 91
, 195
, 11
, 275
, 281
, 5
, 274
, 12
, 103
, 183
, 126
, 160
, 183
, 103
, 9
, 277
, 107
, 179
, 44
, 242
, 64
, 222
, 128
, 158
, 249
, 37
, 180
, 106
, 99
, 187
, 103
, 183
, 190
, 96
, 269
, 17
, 64
, 222
, 233
, 53
, 172
, 114
, 193
, 93
, 147
, 139
, 150
, 136
, 46
, 240
, 118
, 168
, 107
, 179
, 226
, 60
, 149
, 137
, 174
, 112
, 233
, 53
, 184
, 102
, 157
, 129
, 279
, 7
, 26
, 260
, 75
, 211
, 38
, 248
, 60
, 226
, 55
, 231
, 22
, 264
, 200
, 86
, 235
, 51
, 187
, 99
, 274
, 12
, 26
, 260
, 154
, 132
, 172
, 114
, 127
, 159
, 190
, 96
, 233
, 53
, 151
, 135
, 70
, 216
, 89
, 197
, 5
, 281
, 247
, 39
, 120
, 166
, 196
, 90
, 139
, 147
, 185
, 101
, 48
, 238
, 43
, 243
, 97
, 189
, 142
, 144
, 134
, 152
, 11
, 275
, 234
, 52
, 46
, 240
, 157
, 129
, 95
, 191
, 260
, 26
, 267
, 19
, 189
, 97
, 86
, 200
, 149
, 137
, 227
, 59
, 220
, 66
, 228
, 58
, 163
, 123
, 108
, 178
, 204
, 82
, 96
, 190
, 79
, 207
, 206
, 80
, 40
, 246
, 88
, 198
, 16
, 270
, 146
, 140
, 178
, 108
, 44
, 242
, 219
, 67
, 208
, 78
, 101
, 185
, 82
, 204
, 270
, 16
, 269
, 17
, 74
, 212
, 269
, 17
, 59
, 227
, 65
, 221
, 163
, 123
, 84
, 202
, 266
, 20
, 216
, 70
, 126
, 160
, 144
, 142
, 235
, 51
, 179
, 107
, 128
, 158
, 49
, 237
, 279
, 7
, 46
, 240
, 106
, 180
, 201
, 85
, 206
, 80
, 26
, 260
, 145
, 141
, 54
, 232
, 115
, 171
, 194
, 92
, 244
, 42
, 95
, 191
, 117
, 169
, 30
, 256
, 165
, 121
, 98
, 188
, 257
, 29
, 201
, 85
, 97
, 189
, 195
, 91
, 244
, 42
, 22
, 264
, 3
, 283
, 90
, 196
, 212
, 74
, 198
, 88
, 32
, 254
, 272
, 14
, 132
, 154
, 236
, 50
, 165
, 121
, 241
, 45
, 167
, 119
, 118
, 168
, 73
, 213
, 41
, 245
, 176
, 110
, 278
, 8
, 131
, 155
, 179
, 107
, 284
, 2
, 265
, 21
, 103
, 183
, 221
, 65
, 28
, 258
, 127
, 159
, 276
, 10
, 51
, 235
, 36
, 250
, 131
, 155
, 152
, 134
, 192
, 94
, 279
, 7
, 138
, 148
, 198
, 88
, 58
, 228
, 99
, 187
, 57
, 229
, 98
, 188
, 149
, 137
, 101
, 185
, 271
, 15
, 135
, 151
, 117
, 169
, 121
, 165
, 162
, 124
, 161
, 125
, 241
, 45
, 50
, 236
, 282
, 4
, 148
, 138
, 76
, 210
, 63
, 223
, 128
, 158
, 247
, 39
, 55
, 231
, 158
, 128
, 221
, 65
, 71
, 215
, 124
, 162
, 207
, 79
, 218
, 68
, 20
, 266
, 252
, 34
, 257
, 29
, 204
, 82
, 16
, 270
, 141
, 145
, 113
, 173
, 156
, 130
