
79
, 38
, 18
, 4
, 52
, 13
, 43
, 1
, 55
, 33
, 23
, 11
, 45
, 16
, 40
, 43
, 13
, 50
, 6
, 50
, 6
, 4
, 52
, 24
, 32
, 7
, 49
, 46
, 10
, 20
, 36
, 48
, 8
, 54
, 2
, 24
, 32
, 24
, 32
, 29
, 27
, 43
, 13
, 3
, 53
, 37
, 19
, 44
, 12
, 7
, 49
, 3
, 53
, 28
, 28
, 46
, 10
, 7
, 49
, 44
, 12
, 10
, 46
, 24
, 32
, 36
, 20
, 49
, 7
, 54
, 2
, 14
, 42
, 11
, 45
, 9
, 47
, 42
, 14
, 30
, 26
, 26
, 30
, 39
, 17
, 10
, 46
, 38
, 18
, 40
, 16
, 17
, 39
, 36
, 20
, 24
, 32
, 24
, 32
, 18
, 38
, 8
, 48
, 32
, 24
, 20
, 36
, 14
, 42
, 47
, 9
, 9
, 47
, 38
, 18
, 24
, 32
, 2
, 54
, 43
, 13
, 24
, 32
, 37
, 19
, 19
, 37
, 3
, 53
, 12
, 44
, 33
, 23
, 22
, 34
, 18
, 38
, 53
, 3
, 9
, 47
, 25
, 31
, 36
, 20
, 40
, 16
, 7
, 49
, 12
, 44
, 41
, 15
, 1
, 55
, 19
, 37
, 41
, 15
