
79
, 39
, 52
, 83
, 8
, 23
, 68
, 4
, 87
, 72
, 19
, 20
, 71
, 37
, 54
, 69
, 22
, 65
, 26
, 56
, 35
, 62
, 29
, 10
, 81
, 77
, 14
, 23
, 68
, 31
, 60
, 6
, 85
, 48
, 43
, 38
, 53
, 17
, 74
, 28
, 63
, 30
, 61
, 3
, 88
, 23
, 68
, 89
, 2
, 24
, 67
, 43
, 48
, 84
, 7
, 39
, 52
, 28
, 63
, 43
, 48
, 5
, 86
, 44
, 47
, 37
, 54
, 10
, 81
, 46
, 45
, 81
, 10
, 24
, 67
, 52
, 39
, 36
, 55
, 87
, 4
, 10
, 81
, 35
, 56
, 60
, 31
, 2
, 89
, 69
, 22
, 53
, 38
, 22
, 69
, 69
, 22
, 45
, 46
, 89
, 2
, 23
, 68
, 79
, 12
, 11
, 80
, 89
, 2
, 56
, 35
, 81
, 10
, 8
, 83
, 7
, 84
, 38
, 53
, 64
, 27
, 25
, 66
, 76
, 15
, 44
, 47
, 42
, 49
, 44
, 47
, 4
, 87
, 7
, 84
, 64
, 27
, 28
, 63
, 18
, 73
, 15
, 76
, 50
, 41
, 30
, 61
, 84
, 7
, 60
, 31
, 49
, 42
, 35
, 56
, 3
, 88
, 16
, 43
, 32
