
80
, 16
, 199
, 200
, 15
, 194
, 21
, 122
, 93
, 72
, 143
, 17
, 198
, 202
, 13
, 164
, 51
, 71
, 144
, 159
, 56
, 20
, 195
, 158
, 57
, 18
, 197
, 127
, 88
, 22
, 193
, 122
, 93
, 30
, 185
, 130
, 85
, 105
, 110
, 164
, 51
, 159
, 56
, 187
, 28
, 184
, 31
, 212
, 3
, 154
, 61
, 191
, 24
, 81
, 134
, 12
, 203
, 73
, 142
, 129
, 86
, 125
, 90
, 186
, 29
, 61
, 154
, 105
, 110
, 129
, 86
, 72
, 143
, 48
, 167
, 25
, 190
, 3
, 212
, 25
, 190
, 187
, 28
, 160
, 55
, 66
, 149
, 143
, 72
, 85
, 130
, 180
, 35
, 16
, 199
, 122
, 93
, 149
, 66
, 97
, 118
, 145
, 70
, 130
, 85
, 47
, 168
, 1
, 214
, 202
, 13
, 200
, 15
, 34
, 181
, 190
, 25
, 105
, 110
, 213
, 2
, 103
, 112
, 81
, 134
, 5
, 210
, 8
, 207
, 92
, 123
, 86
, 129
, 110
, 105
, 66
, 149
, 148
, 67
, 84
, 131
, 19
, 196
, 68
, 147
, 187
, 28
, 95
, 120
, 176
, 39
, 210
, 5
, 36
, 179
, 193
, 22
, 171
, 44
, 136
, 62
, 17
