
810
, 5
, 98
, 56
, 47
, 9
, 94
, 3
, 100
, 14
, 89
, 86
, 17
, 83
, 20
, 59
, 44
, 16
, 87
, 52
, 51
, 16
, 87
, 11
, 92
, 83
, 20
, 7
, 96
, 53
, 50
, 32
, 71
, 91
, 12
, 60
, 43
, 5
, 98
, 20
, 83
, 37
, 66
, 95
, 8
, 76
, 27
, 8
, 95
, 97
, 6
, 100
, 3
, 9
, 94
, 89
, 14
, 84
, 19
, 98
, 5
, 92
, 11
, 83
, 20
, 26
, 77
, 19
, 84
, 96
, 7
, 53
, 50
, 83
, 20
, 67
, 36
, 24
, 79
, 98
, 5
, 85
, 18
, 98
, 5
, 70
, 33
, 26
, 77
, 36
, 67
, 90
, 13
, 90
, 13
, 51
, 52
, 87
, 16
, 29
, 74
, 24
, 79
, 13
, 90
, 95
, 8
, 69
, 34
, 84
, 19
, 53
, 50
, 47
, 56
, 20
, 83
, 3
, 100
, 99
, 4
, 36
, 67
, 38
, 65
, 99
, 4
, 77
, 26
, 8
, 95
, 69
, 34
, 44
, 59
, 87
, 16
, 53
, 50
, 48
, 55
, 61
, 42
, 96
, 7
, 97
, 6
, 77
, 26
, 43
, 60
, 36
, 67
, 74
, 29
, 3
, 100
, 52
, 51
, 61
, 42
, 17
, 86
, 47
, 56
, 59
, 44
, 40
, 63
, 12
, 91
, 9
, 94
, 29
, 74
, 45
, 58
, 8
, 95
, 61
, 42
, 76
, 27
, 8
, 95
, 40
, 63
, 84
, 19
, 59
, 44
, 2
, 101
, 52
, 51
, 48
, 55
, 95
, 8
, 2
, 101
, 66
, 37
, 9
, 94
, 52
, 51
, 11
, 92
, 28
, 75
, 61
, 42
, 38
, 65
, 61
, 42
, 23
, 80
, 90
, 13
, 24
, 79
, 39
, 64
, 54
, 49
, 80
, 23
, 53
, 50
, 86
, 17
, 62
, 41
, 49
, 54
, 29
, 74
, 84
, 19
, 55
, 48
, 90
, 13
, 54
, 49
, 72
, 31
, 15
, 88
, 73
, 30
, 45
, 58
, 37
, 66
, 5
, 98
, 23
, 80
, 9
, 94
, 94
, 9
, 61
, 42
, 34
, 69
, 59
, 44
, 64
, 39
, 21
, 82
, 34
, 69
, 97
, 6
, 26
, 77
, 76
, 27
, 89
, 14
, 15
, 88
, 57
, 46
, 87
, 16
, 14
, 89
, 54
, 49
, 45
, 58
, 85
, 18
, 48
, 55
, 98
, 5
, 98
, 5
, 74
, 29
, 4
, 99
, 66
, 37
, 3
, 100
, 53
, 50
, 32
, 71
, 73
, 30
, 98
, 5
, 78
, 25
, 81
, 22
, 69
, 34
, 52
, 51
, 84
, 19
, 23
, 80
, 79
, 24
, 97
, 6
, 74
, 29
, 85
, 18
, 35
, 68
, 15
, 88
, 26
, 77
, 43
, 60
, 73
, 30
, 15
, 88
, 10
, 93
, 51
, 52
, 28
, 75
, 75
, 28
, 45
, 58
, 72
, 31
, 7
, 96
, 93
, 10
, 44
, 59
, 3
, 100
, 3
, 100
, 55
, 48
, 19
, 84
, 22
, 81
, 100
, 3
, 50
, 53
, 49
, 54
, 47
, 56
, 21
, 82
, 87
, 16
, 69
, 34
, 44
, 59
, 98
, 5
, 23
, 80
, 60
, 43
, 73
, 30
, 64
, 39
, 82
, 21
, 59
, 44
, 52
, 51
, 91
, 12
, 15
, 88
, 52
, 51
, 91
, 12
, 101
, 2
, 31
, 72
, 36
, 67
, 76
, 27
, 57
, 46
, 91
, 12
, 31
, 72
, 51
, 52
, 93
, 10
, 3
, 100
, 54
, 49
, 26
, 77
, 13
, 90
, 80
, 23
, 15
, 88
, 60
, 43
, 2
, 101
, 15
, 88
, 82
, 21
, 9
, 94
, 84
, 19
, 44
, 59
, 79
, 24
, 66
, 37
, 80
, 23
, 43
, 60
, 92
, 11
, 12
, 91
, 82
, 21
, 76
, 27
, 55
, 48
, 64
, 39
, 101
, 2
, 35
, 68
, 3
, 100
, 75
, 28
, 53
, 50
, 41
, 62
, 58
, 45
, 20
, 83
, 71
, 32
, 26
, 77
, 70
, 33
, 16
, 87
, 66
, 37
, 87
, 16
, 74
, 29
, 22
, 81
, 99
, 4
, 81
, 22
, 99
, 4
, 34
, 69
, 22
, 81
, 32
, 71
, 70
, 33
, 6
, 97
, 66
, 37
, 60
, 43
, 69
, 34
, 84
, 19
, 86
, 17
, 76
, 27
, 51
, 52
, 12
, 91
, 52
, 51
, 16
, 87
, 100
, 3
, 20
, 83
, 45
, 58
, 86
, 17
, 7
, 96
, 7
, 96
, 40
, 63
, 35
, 68
, 84
, 19
, 2
, 101
, 53
, 50
, 80
, 23
, 98
, 5
, 78
, 25
, 91
, 12
, 53
, 50
, 92
, 11
, 35
, 68
, 18
, 85
, 20
, 83
, 29
, 74
, 71
, 32
, 91
, 12
, 14
, 89
, 83
, 20
, 98
, 5
, 80
, 23
, 79
, 24
, 75
, 28
, 40
, 63
, 42
, 61
, 28
, 75
, 3
, 100
, 36
, 67
, 4
, 99
, 2
, 101
, 8
, 95
, 34
, 69
, 16
, 87
, 38
, 65
, 4
, 99
, 21
, 82
, 9
, 94
, 52
, 51
, 45
, 58
, 25
, 78
, 42
, 61
, 35
, 68
, 7
, 96
, 19
, 84
, 16
, 87
, 4
, 99
, 55
, 48
, 54
, 49
, 40
, 63
, 7
, 96
, 33
, 70
, 38
, 65
, 76
, 27
, 70
, 33
, 10
, 93
, 3
, 100
, 70
, 33
, 76
, 27
, 43
, 60
, 20
, 83
, 10
, 93
, 98
, 5
, 24
, 79
, 22
, 81
, 63
, 40
, 96
, 7
, 100
, 3
, 29
, 74
, 53
, 50
, 5
, 98
, 61
, 42
, 32
, 71
, 42
, 61
, 47
, 56
, 32
, 71
, 59
, 44
, 51
, 52
, 8
, 95
, 60
, 43
, 20
, 83
, 24
, 79
, 29
, 74
, 67
, 36
, 92
, 11
, 96
, 7
, 11
, 92
, 30
, 73
, 12
, 91
, 48
, 55
, 38
, 65
, 28
, 75
, 23
, 80
, 73
, 30
, 81
, 22
, 82
, 21
, 3
, 100
, 67
, 36
, 49
, 54
, 50
, 53
, 24
, 79
, 37
, 66
, 1
, 102
, 27
, 76
, 83
, 20
, 33
, 70
, 80
, 23
, 45
, 58
, 21
, 82
, 67
, 36
, 90
, 13
, 14
, 89
, 3
, 100
, 82
, 21
, 80
, 23
, 30
, 73
, 71
, 32
, 3
, 100
, 28
, 75
, 29
, 74
, 51
, 52
, 49
, 54
, 56
, 47
, 82
, 21
, 66
, 37
, 97
, 6
, 65
, 38
, 59
, 44
, 38
, 65
, 66
, 37
, 79
, 24
, 42
, 61
, 16
, 87
, 9
, 94
, 100
, 3
, 15
, 88
, 82
, 21
, 9
, 94
, 11
, 92
, 60
, 43
, 8
, 95
, 47
, 56
, 54
, 49
, 55
, 48
, 50
, 53
, 2
, 101
, 43
, 60
, 40
, 63
, 57
, 46
, 17
, 86
, 39
, 64
, 31
, 72
, 31
, 72
, 81
, 22
, 94
, 9
, 63
, 40
, 99
, 4
, 75
, 28
, 17
, 86
, 41
, 62
, 59
, 44
, 42
, 61
, 87
, 16
, 24
, 79
, 82
, 21
, 35
, 68
, 70
, 33
, 59
, 44
, 71
, 32
, 90
, 13
, 1
, 102
, 50
, 53
, 51
, 52
, 69
, 34
, 97
, 6
, 75
, 28
, 50
, 53
, 20
, 83
, 53
, 50
, 80
, 23
, 59
, 44
, 3
, 100
, 69
, 34
, 45
, 58
, 98
, 5
, 84
, 19
, 19
, 84
, 54
, 49
, 45
, 58
, 3
, 100
, 20
, 83
, 61
, 42
, 95
, 8
, 42
, 61
, 4
, 99
, 31
, 72
, 47
, 56
, 22
, 81
, 63
, 40
, 45
, 58
, 10
, 93
, 9
, 94
, 25
, 78
, 18
, 85
, 14
, 89
, 9
, 94
, 66
, 37
, 28
, 75
, 87
, 16
, 37
, 66
, 89
, 14
, 10
, 93
, 21
, 82
, 89
, 14
, 17
, 86
, 65
, 38
, 87
, 16
, 69
, 34
, 65
, 38
, 72
, 31
, 56
, 47
, 93
, 10
, 35
, 68
, 99
, 4
, 93
, 10
, 91
, 12
, 91
, 12
, 34
, 69
, 83
, 20
, 64
, 39
, 60
, 43
, 59
, 44
, 46
, 57
, 48
, 55
, 8
, 95
, 43
, 60
, 55
, 48
, 2
, 101
, 70
, 33
, 78
, 25
, 26
, 77
, 52
, 51
, 80
, 23
, 89
, 14
, 75
, 28
, 73
, 30
, 12
, 91
, 45
, 58
, 45
, 58
, 50
, 53
, 36
, 67
, 76
, 27
, 20
, 83
, 64
, 39
, 63
, 40
, 82
, 21
, 95
, 8
, 14
, 89
, 54
, 49
, 34
, 69
, 78
, 25
, 8
, 95
, 18
, 85
, 97
, 6
, 8
, 95
, 70
, 33
, 26
, 77
, 82
, 21
, 24
, 79
, 61
, 42
, 27
, 76
, 77
, 26
, 27
, 76
, 20
, 83
, 27
, 76
, 73
, 30
, 38
, 65
, 89
, 14
, 2
, 101
, 28
, 75
, 23
, 80
, 49
, 54
, 88
, 15
, 22
, 81
, 18
, 85
, 39
, 64
, 93
, 10
, 38
, 65
, 78
, 25
, 57
, 46
, 18
, 85
, 36
, 67
, 46
, 57
, 40
, 63
, 1
, 102
, 26
, 77
, 21
, 82
, 4
, 99
, 84
, 19
, 56
, 47
, 28
, 75
, 68
, 35
, 77
, 26
, 72
, 31
, 30
, 73
, 79
, 24
, 22
, 81
, 4
, 99
, 56
, 47
, 5
, 98
, 79
, 24
, 30
, 73
, 59
, 44
, 73
, 30
, 66
, 37
, 5
, 98
, 96
, 7
, 65
, 38
, 46
, 57
, 13
, 90
, 67
, 36
, 15
, 88
, 12
, 91
, 17
, 86
, 23
, 80
, 24
, 79
, 39
, 64
, 90
, 13
, 49
, 54
, 13
, 90
, 10
, 93
, 45
, 58
, 39
, 64
, 30
, 73
, 53
, 50
, 61
, 42
, 73
, 30
, 9
, 94
, 75
, 28
, 91
, 12
, 7
, 96
, 11
, 92
, 44
, 59
, 40
, 63
, 3
, 100
, 92
, 11
, 65
, 38
, 61
, 42
, 68
, 35
, 23
, 80
, 3
, 100
, 30
, 73
, 29
, 74
, 47
, 56
, 47
, 56
, 87
, 16
, 75
, 28
, 30
, 73
, 92
, 11
, 46
, 57
, 32
, 71
, 68
, 35
, 25
, 78
, 86
, 17
, 31
, 72
, 26
, 77
, 28
, 75
, 2
, 101
, 65
, 38
, 87
, 16
, 50
, 53
, 27
, 76
, 9
, 94
, 69
, 34
, 84
, 19
, 15
, 88
, 96
, 7
, 84
, 19
, 84
, 19
, 78
, 25
, 85
, 18
, 91
, 12
, 7
, 96
, 55
, 48
, 3
, 100
, 48
, 55
, 27
, 76
, 7
, 96
, 54
, 49
, 49
, 54
, 47
, 56
, 55
, 48
, 80
, 23
, 100
, 3
, 49
, 54
, 92
, 11
, 24
, 79
, 17
, 86
, 28
, 75
, 4
, 99
, 7
, 96
, 42
, 61
, 69
, 34
, 31
, 72
, 25
, 78
, 89
, 14
, 4
, 99
, 5
, 98
, 56
, 47
, 46
, 57
, 25
, 78
, 91
, 12
, 86
, 17
, 65
, 38
, 32
, 71
, 22
, 81
, 35
, 68
, 37
, 66
, 6
, 97
, 70
, 33
, 100
, 3
, 18
, 85
, 71
, 32
, 22
, 81
, 42
, 61
, 89
, 14
, 100
, 3
, 42
, 61
, 88
, 15
, 54
, 49
, 12
, 91
, 29
, 74
, 34
, 69
, 11
, 92
, 7
, 96
, 96
, 7
, 25
, 78
, 75
, 28
, 36
, 67
, 77
, 26
, 1
, 102
, 96
, 7
, 77
, 26
, 94
, 9
, 78
, 25
, 55
, 48
, 89
, 14
, 96
, 7
, 20
, 83
, 93
, 10
, 84
, 19
, 15
, 88
, 57
, 46
, 90
, 13
, 82
, 21
, 32
, 71
, 67
, 36
, 49
, 54
, 8
, 95
, 95
, 8
, 34
, 69
, 58
, 45
, 50
, 53
, 33
, 70
, 39
, 64
, 47
, 56
, 80
, 23
, 4
, 99
, 91
, 12
, 83
, 20
, 40
, 63
, 45
, 58
, 18
, 85
, 61
, 42
, 21
, 82
, 38
, 65
, 54
, 49
, 33
, 70
, 55
, 48
, 85
, 18
, 62
, 41
, 100
, 3
, 81
, 22
, 82
, 21
, 7
, 96
, 60
, 43
, 10
, 93
, 44
, 59
, 40
, 63
, 51
, 52
, 45
, 58
, 98
, 5
, 57
, 46
, 94
, 9
, 88
, 15
, 72
, 31
, 64
, 39
, 54
, 49
, 22
, 81
, 67
, 36
, 50
, 53
, 75
, 28
, 67
, 36
, 91
, 12
, 7
, 96
, 17
, 86
, 81
, 22
, 27
, 76
, 49
, 54
, 53
, 50
, 30
, 73
, 79
, 24
, 78
, 25
, 54
, 49
, 86
, 17
, 86
, 17
, 50
, 53
, 52
, 51
, 43
, 60
, 87
, 16
, 61
, 42
, 40
, 63
, 49
, 54
, 54
, 49
, 13
, 90
, 38
, 65
, 32
, 71
, 96
, 7
, 28
, 75
