
830
, 32
, 3
, 16
, 19
, 11
, 24
, 12
, 23
, 5
, 30
, 5
, 30
, 33
, 2
, 6
, 29
, 12
, 23
, 2
, 33
, 13
, 22
, 19
, 16
, 30
, 5
, 3
, 32
, 32
, 3
, 32
, 3
, 1
, 34
, 27
, 8
, 17
, 18
, 16
, 19
, 17
, 18
, 11
, 24
, 14
, 21
, 18
, 17
, 32
, 3
, 31
, 4
, 27
, 8
, 17
, 18
, 5
, 30
, 12
, 23
, 32
, 3
, 2
, 33
, 13
, 22
, 16
, 19
, 12
, 23
, 22
, 13
, 32
, 3
, 30
, 5
, 24
, 11
, 18
, 17
, 31
, 4
, 32
, 3
, 22
, 13
, 30
, 5
, 19
, 16
, 21
, 14
, 12
, 23
, 6
, 29
, 13
, 22
, 15
, 20
, 7
, 28
, 28
, 7
, 4
, 31
, 10
, 25
, 30
, 5
, 11
, 24
, 18
, 17
, 22
, 13
, 10
, 25
, 19
, 16
, 3
, 32
, 6
, 29
, 18
, 17
, 25
, 10
, 19
, 16
, 18
, 17
, 10
, 25
, 2
, 33
, 18
, 17
, 30
, 5
, 13
, 22
, 31
, 4
, 25
, 10
, 33
, 2
, 28
, 7
, 22
, 13
, 2
, 33
, 9
, 26
, 11
, 24
, 20
, 15
, 28
, 7
, 17
, 18
, 16
, 19
, 2
, 33
, 11
, 24
, 14
, 21
, 26
, 9
, 20
, 15
, 10
, 25
, 30
, 5
, 5
, 30
, 19
, 16
, 12
, 23
, 29
, 6
, 30
, 5
, 26
, 9
, 24
, 11
, 25
, 10
, 12
, 23
, 21
, 14
, 1
, 34
, 22
, 13
, 31
, 4
, 27
, 8
, 13
, 22
, 19
, 16
, 11
, 24
, 16
, 19
, 28
, 7
, 12
, 23
, 7
, 28
, 2
, 33
, 26
, 9
, 1
, 34
, 33
, 2
, 33
, 2
, 5
, 30
, 5
, 30
, 24
, 11
, 21
, 14
, 4
, 31
, 12
, 23
, 3
, 32
, 6
, 29
, 9
, 26
, 21
, 14
, 20
, 15
, 2
, 33
, 3
, 32
, 27
, 8
, 20
, 15
, 25
, 10
, 32
, 3
, 8
, 27
, 15
, 20
, 21
, 14
, 11
, 24
, 5
, 30
, 20
, 15
, 26
, 9
, 9
, 26
, 10
, 25
, 4
, 31
, 7
, 28
, 26
, 9
, 19
, 16
, 21
, 14
, 13
, 22
, 17
, 18
, 15
, 20
, 28
, 7
, 5
, 30
, 16
, 19
, 7
, 28
, 21
, 14
, 32
, 3
, 27
, 8
, 10
, 25
, 19
, 16
, 30
, 5
, 6
, 29
, 1
, 34
, 26
, 9
, 18
, 17
, 16
, 19
, 22
, 13
, 4
, 31
, 28
, 7
, 23
, 12
, 25
, 10
, 16
, 19
, 8
, 27
, 13
, 22
, 20
, 15
, 32
, 3
, 23
, 12
, 10
, 25
, 27
, 8
, 32
, 3
, 22
, 13
, 19
, 16
, 13
, 22
, 21
, 14
, 24
, 11
, 21
, 14
, 24
, 11
, 14
, 21
, 14
, 21
, 6
, 29
, 13
, 22
, 15
, 20
, 15
, 20
, 12
, 23
, 14
, 21
, 18
, 17
, 16
, 19
, 10
, 25
, 2
, 33
, 14
, 21
, 25
, 10
, 26
, 9
, 10
, 25
, 31
, 4
, 33
, 2
, 3
, 32
, 19
, 16
, 7
, 28
, 13
, 22
, 19
, 16
, 7
, 28
, 15
, 20
, 16
, 19
, 31
, 4
, 17
, 18
, 26
, 9
, 25
, 10
, 29
, 6
, 22
, 13
, 12
, 23
, 9
, 26
, 7
, 28
, 22
, 13
, 22
, 13
, 21
, 14
, 23
, 12
, 19
, 16
, 3
, 32
, 4
, 31
, 10
, 25
, 26
, 9
, 16
, 19
, 2
, 33
, 5
, 30
, 26
, 9
, 16
, 19
, 32
, 3
, 25
, 10
, 10
, 25
, 30
, 5
, 11
, 24
, 16
, 19
, 11
, 24
, 6
, 29
, 4
, 31
, 30
, 5
, 30
, 5
, 14
, 21
, 28
, 7
, 7
, 28
, 5
, 30
, 24
, 11
, 3
, 32
, 3
, 32
, 28
, 7
, 5
, 30
, 22
, 13
, 7
, 28
, 9
, 26
, 8
, 27
, 8
, 27
, 4
, 31
, 1
, 34
, 16
, 19
, 24
, 11
, 4
, 31
, 8
, 27
, 22
, 13
, 26
, 9
, 7
, 28
, 33
, 2
, 32
, 3
, 29
, 6
, 21
, 14
, 32
, 3
, 28
, 7
, 16
, 19
, 33
, 2
, 6
, 29
, 13
, 22
, 18
, 17
, 19
, 16
, 27
, 8
, 3
, 32
, 8
, 27
, 33
, 2
, 14
, 21
, 11
, 24
, 14
, 21
, 30
, 5
, 10
, 25
, 22
, 13
, 2
, 33
, 32
, 3
, 13
, 22
, 8
, 27
, 33
, 2
, 11
, 24
, 15
, 20
, 14
, 21
, 5
, 30
, 17
, 18
, 21
, 14
, 8
, 27
, 9
, 26
, 13
, 22
, 13
, 22
, 32
, 3
, 30
, 5
, 14
, 21
, 22
, 13
, 30
, 5
, 9
, 26
, 32
, 3
, 18
, 17
, 19
, 16
, 8
, 27
, 12
, 23
, 25
, 10
, 15
, 20
, 14
, 21
, 23
, 12
, 12
, 23
, 11
, 24
, 30
, 5
, 29
, 6
, 25
, 10
, 25
, 10
, 32
, 3
, 14
, 21
, 11
, 24
, 4
, 31
, 7
, 28
, 2
, 33
, 17
, 18
, 17
, 18
, 23
, 12
, 10
, 25
, 23
, 12
, 2
, 33
, 25
, 10
, 29
, 6
, 5
, 30
, 1
, 34
, 17
, 18
, 2
, 33
, 3
, 32
, 27
, 8
, 33
, 2
, 26
, 9
, 18
, 17
, 29
, 6
, 32
, 3
, 2
, 33
, 2
, 33
, 25
, 10
, 2
, 33
, 13
, 22
, 9
, 26
, 2
, 33
, 6
, 29
, 23
, 12
, 13
, 22
, 8
, 27
, 21
, 14
, 23
, 12
, 26
, 9
, 26
, 9
, 1
, 34
, 13
, 22
, 23
, 12
, 14
, 21
, 11
, 24
, 12
, 23
, 24
, 11
, 12
, 23
, 10
, 25
, 21
, 14
, 10
, 25
, 18
, 17
, 26
, 9
, 5
, 30
, 2
, 33
, 13
, 22
, 21
, 14
, 5
, 30
, 9
, 26
, 33
, 2
, 13
, 22
, 24
, 11
, 15
, 20
, 26
, 9
, 7
, 28
, 12
, 23
, 30
, 5
, 2
, 33
, 31
, 4
, 6
, 29
, 32
, 3
, 29
, 6
, 7
, 28
, 11
, 24
, 6
, 29
, 26
, 9
, 9
, 26
, 28
, 7
, 23
, 12
, 6
, 29
, 11
, 24
, 18
, 17
, 32
, 3
, 13
, 22
, 15
, 20
, 18
, 17
, 26
, 9
, 9
, 26
, 11
, 24
, 20
, 15
, 13
, 22
, 29
, 6
, 28
, 7
, 2
, 33
, 13
, 22
, 15
, 20
, 29
, 6
, 4
, 31
, 3
, 32
, 9
, 26
, 27
, 8
, 21
, 14
, 26
, 9
, 13
, 22
, 9
, 26
, 6
, 29
, 10
, 25
, 3
, 32
, 33
, 2
, 16
, 19
, 23
, 12
, 32
, 3
, 2
, 33
, 23
, 12
, 6
, 29
, 15
, 20
, 16
, 19
, 7
, 28
, 21
, 14
, 4
, 31
, 28
, 7
, 13
, 22
, 5
, 30
, 17
, 18
, 26
, 9
, 13
, 22
, 9
, 26
, 15
, 20
, 17
, 18
, 15
, 20
, 15
, 20
, 11
, 24
, 27
, 8
, 12
, 23
, 19
, 16
, 7
, 28
, 33
, 2
, 15
, 20
, 4
, 31
, 26
, 9
, 27
, 8
, 28
, 7
, 18
, 17
, 30
, 5
, 10
, 25
, 8
, 27
, 24
, 11
, 6
, 29
, 31
, 4
, 9
, 26
, 18
, 17
, 13
, 22
, 12
, 23
, 25
, 10
, 2
, 33
, 30
, 5
, 5
, 30
, 3
, 32
, 30
, 5
, 29
, 6
, 14
, 21
, 26
, 9
, 29
, 6
, 17
, 18
, 31
, 4
, 33
, 2
, 29
, 6
, 32
, 3
, 15
, 20
, 30
, 5
, 24
, 11
, 11
, 24
, 15
, 20
, 17
, 18
, 24
, 11
, 25
, 10
, 28
, 7
, 30
, 5
, 2
, 33
, 16
, 19
, 33
, 2
, 4
, 31
, 5
, 30
, 32
, 3
, 33
, 2
, 5
, 30
, 27
, 8
, 18
, 17
, 21
, 14
, 2
, 33
, 1
, 34
, 23
, 12
, 24
, 11
, 30
, 5
, 24
, 11
, 13
, 22
, 16
, 19
, 24
, 11
, 31
, 4
, 33
, 2
, 27
, 8
, 8
, 27
, 26
, 9
, 30
, 5
, 24
, 11
, 27
, 8
, 4
, 31
, 10
, 25
, 29
, 6
, 12
, 23
, 23
, 12
, 12
, 23
, 8
, 27
, 7
, 28
, 10
, 25
, 33
, 2
, 30
, 5
, 17
, 18
, 31
, 4
, 31
, 4
, 14
, 21
, 25
, 10
, 14
, 21
, 15
, 20
, 8
, 27
, 15
, 20
, 7
, 28
, 10
, 25
, 16
, 19
, 32
, 3
, 21
, 14
, 24
, 11
, 11
, 24
, 1
, 34
, 28
, 7
, 8
, 27
, 11
, 24
, 4
, 31
, 10
, 25
, 6
, 29
, 12
, 23
, 23
, 12
, 18
, 17
, 12
, 23
, 29
, 6
, 11
, 24
, 33
, 2
, 32
, 3
, 12
, 23
, 8
, 27
, 9
, 26
, 14
, 21
, 22
, 13
, 3
, 32
, 9
, 26
, 12
, 23
, 22
, 13
, 24
, 11
, 21
, 14
, 26
, 9
, 5
, 30
, 27
, 8
, 21
, 14
, 27
, 8
, 13
, 22
, 25
, 10
, 3
, 32
, 27
, 8
, 26
, 9
, 8
, 27
, 1
, 34
, 9
, 26
, 14
, 21
, 32
, 3
, 8
, 27
, 22
, 13
, 13
, 22
, 15
, 20
, 17
, 18
, 15
, 20
, 24
, 11
, 13
, 22
, 25
, 10
, 23
, 12
, 2
, 33
, 5
, 30
, 26
, 9
, 22
, 13
, 2
, 33
, 4
, 31
, 22
, 13
, 27
, 8
, 20
, 15
, 11
, 24
, 32
, 3
, 1
, 34
, 14
, 21
, 33
, 2
, 19
, 16
, 4
, 31
, 2
, 33
, 20
, 15
, 14
, 21
, 10
, 25
, 30
, 5
, 26
, 9
, 19
, 16
, 1
, 34
, 3
, 32
, 28
, 7
, 22
, 13
, 32
, 3
, 5
, 30
, 24
, 11
, 29
, 6
, 3
, 32
, 32
, 3
, 8
, 27
, 3
, 32
, 2
, 33
, 30
, 5
, 9
, 26
, 5
, 30
, 29
, 6
, 1
, 34
, 18
, 17
, 13
, 22
, 10
, 25
, 19
, 16
, 25
, 10
, 18
, 17
, 3
, 32
, 29
, 6
, 30
, 5
, 14
, 21
, 2
, 33
, 24
, 11
, 11
, 24
, 15
, 20
, 7
, 28
, 26
, 9
, 7
, 28
, 33
, 2
, 3
, 32
, 14
, 21
, 21
, 14
, 19
, 16
, 29
, 6
, 13
, 22
, 18
, 17
, 5
, 30
, 12
, 23
, 1
, 34
, 20
, 15
, 27
, 8
, 20
, 15
, 3
, 32
, 8
, 27
, 11
, 24
, 19
, 16
, 11
, 24
, 6
, 29
, 12
, 23
, 18
, 17
, 31
, 4
, 30
, 5
, 2
, 33
, 9
, 26
, 14
, 21
, 7
, 28
, 11
, 24
, 30
, 5
, 3
, 32
, 13
, 22
, 17
, 18
, 17
, 18
, 12
, 23
, 17
, 18
, 32
, 3
, 28
, 7
, 10
, 25
, 5
, 30
, 22
, 13
, 22
, 13
, 27
, 8
, 7
, 28
, 6
, 29
, 10
, 25
, 4
, 31
, 28
, 7
, 11
, 24
, 17
, 18
, 13
, 22
, 3
, 32
, 17
, 18
, 19
, 16
, 4
, 31
, 18
, 17
, 19
, 16
, 6
, 29
, 12
, 23
, 10
, 25
, 31
, 4
, 32
, 3
, 16
, 19
, 31
, 4
, 9
, 26
, 6
, 29
, 6
, 29
, 3
, 32
, 9
, 26
, 11
, 24
, 1
, 34
, 18
, 17
, 26
, 9
, 16
, 19
, 24
, 11
, 15
, 20
, 29
, 6
, 29
, 6
, 21
, 14
, 4
, 31
, 27
, 8
, 20
, 15
, 25
, 10
, 26
, 9
, 8
, 27
, 12
, 23
, 23
, 12
, 12
, 23
, 26
, 9
, 8
, 27
, 8
, 27
, 9
, 26
, 1
, 34
, 16
, 19
, 26
, 9
, 7
, 28
, 11
, 24
, 27
, 8
, 5
, 30
, 23
, 12
, 28
, 7
, 2
, 33
, 31
, 4
, 1
, 34
, 6
, 29
, 32
, 3
, 27
, 8
, 4
, 31
, 2
, 33
, 25
, 10
, 9
, 26
, 23
, 12
, 27
, 8
, 18
, 17
, 21
, 14
, 26
, 9
, 19
, 16
, 24
, 11
, 5
, 30
, 33
, 2
, 17
, 18
, 13
, 22
, 8
, 27
, 29
, 6
, 17
, 18
, 24
, 11
, 33
, 2
, 2
, 33
, 3
, 32
, 16
, 19
, 17
, 18
, 15
, 20
, 19
, 16
, 33
, 2
, 20
, 15
, 3
, 32
, 25
, 10
, 16
, 19
, 11
, 24
, 2
, 33
, 1
, 34
, 23
, 12
, 1
, 34
, 23
, 12
, 1
, 34
, 20
, 15
, 2
, 33
, 31
, 4
, 21
, 14
, 25
, 10
, 14
, 21
, 9
, 26
, 13
, 22
, 18
, 17
, 32
, 3
, 28
, 7
, 20
, 15
, 30
, 5
, 1
, 34
, 32
, 3
, 32
, 3
