
83
, 26
, 212
, 93
, 145
, 73
, 165
, 223
, 15
, 119
, 119
, 164
, 74
, 203
, 35
, 166
, 72
, 186
, 52
, 93
, 145
, 137
, 101
, 94
, 144
, 47
, 191
, 116
, 122
, 172
, 66
, 236
, 2
, 169
, 69
, 166
, 72
, 39
, 199
, 151
, 87
, 124
, 114
, 210
, 28
, 107
, 131
, 202
, 36
, 71
, 167
, 178
, 60
, 65
, 173
, 201
, 37
, 152
, 86
, 143
, 95
, 171
, 67
, 123
, 115
, 145
, 93
, 9
, 229
, 57
, 181
, 155
, 83
, 118
, 120
, 213
, 25
, 212
, 26
, 192
, 46
, 48
, 190
, 131
, 107
, 210
, 28
, 236
, 2
, 2
, 236
, 19
, 219
, 162
, 76
, 82
, 156
, 134
, 104
, 225
, 13
, 206
, 32
, 215
, 23
, 196
, 42
, 214
, 24
, 92
, 146
, 19
, 219
, 82
, 156
, 153
, 85
, 193
, 45
, 208
, 30
, 218
, 20
, 67
, 171
, 216
, 22
, 133
, 105
, 219
, 19
, 211
, 27
, 94
, 144
, 192
, 46
, 190
, 48
, 128
, 110
, 125
, 113
, 74
, 164
, 49
, 189
, 96
, 142
, 12
, 226
, 115
, 123
, 67
, 171
, 130
, 108
, 135
, 103
, 98
, 140
, 197
, 41
, 80
, 158
, 176
, 62
