
840
, 52
, 128
, 178
, 2
, 33
, 147
, 146
, 34
, 34
, 146
, 96
, 84
, 150
, 30
, 95
, 85
, 145
, 35
, 20
, 160
, 132
, 48
, 48
, 132
, 78
, 102
, 27
, 153
, 115
, 65
, 156
, 24
, 143
, 37
, 23
, 157
, 49
, 131
, 140
, 40
, 129
, 51
, 146
, 34
, 177
, 3
, 133
, 47
, 103
, 77
, 65
, 115
, 149
, 31
, 78
, 102
, 6
, 174
, 163
, 17
, 55
, 125
, 109
, 71
, 44
, 136
, 4
, 176
, 121
, 59
, 16
, 164
, 135
, 45
, 26
, 154
, 128
, 52
, 22
, 158
, 64
, 116
, 51
, 129
, 37
, 143
, 144
, 36
, 101
, 79
, 154
, 26
, 176
, 4
, 69
, 111
, 38
, 142
, 138
, 42
, 44
, 136
, 95
, 85
, 148
, 32
, 171
, 9
, 92
, 88
, 73
, 107
, 31
, 149
, 28
, 152
, 34
, 146
, 115
, 65
, 97
, 83
, 101
, 79
, 15
, 165
, 122
, 58
, 53
, 127
, 129
, 51
, 169
, 11
, 4
, 176
, 144
, 36
, 66
, 114
, 56
, 124
, 178
, 2
, 142
, 38
, 58
, 122
, 22
, 158
, 135
, 45
, 120
, 60
, 16
, 164
, 114
, 66
, 30
, 150
, 29
, 151
, 143
, 37
, 120
, 60
, 142
, 38
, 178
, 2
, 154
, 26
, 147
, 33
, 12
, 168
, 171
, 9
, 8
, 172
, 40
, 140
, 138
, 42
, 18
, 162
, 83
, 97
, 98
, 82
, 99
, 81
, 32
, 148
, 130
, 50
, 169
, 11
, 48
, 132
, 77
, 103
, 107
, 73
, 105
, 75
, 165
, 15
, 131
, 49
, 55
, 125
, 11
, 169
, 58
, 122
, 53
, 127
, 174
, 6
, 37
, 143
, 176
, 4
, 101
, 79
, 5
, 175
, 1
, 179
, 133
, 47
, 34
, 146
, 111
, 69
, 3
, 177
, 64
, 116
, 41
, 139
, 86
, 94
, 117
, 63
, 116
, 64
, 112
, 68
, 52
, 128
, 110
, 70
, 100
, 80
, 59
, 121
, 74
, 106
, 114
, 66
, 167
, 13
, 102
, 78
, 36
, 144
, 18
, 162
, 102
, 78
, 138
, 42
, 6
, 174
, 128
, 52
, 94
, 86
, 164
, 16
, 147
, 33
, 156
, 24
, 26
, 154
, 171
, 9
, 72
, 108
, 153
, 27
, 57
, 123
, 107
, 73
, 48
, 132
, 124
, 56
, 10
, 170
, 165
, 15
, 155
, 25
, 127
, 53
, 65
, 115
, 160
, 20
, 110
, 70
, 94
, 86
, 166
, 14
, 144
, 36
, 138
, 42
, 80
, 100
, 145
, 35
, 165
, 15
, 55
, 125
, 13
, 167
, 2
, 178
, 75
, 105
, 93
, 87
, 151
, 29
, 78
, 102
, 160
, 20
, 168
, 12
, 172
, 8
, 177
, 3
, 112
, 68
, 74
, 106
, 33
, 147
, 177
, 3
, 99
, 81
, 15
, 165
, 67
, 113
, 178
, 2
, 92
, 88
, 46
, 134
, 98
, 82
, 169
, 11
, 43
, 137
, 98
, 82
, 43
, 137
, 111
, 69
, 156
, 24
, 150
, 30
, 168
, 12
, 140
, 40
, 164
, 16
, 109
, 71
, 135
, 45
, 149
, 31
, 113
, 67
, 95
, 85
, 61
, 119
, 93
, 87
, 53
, 127
, 177
, 3
, 84
, 96
, 153
, 27
, 95
, 85
, 157
, 23
, 87
, 93
, 125
, 55
, 70
, 110
, 131
, 49
, 116
, 64
, 2
, 178
, 176
, 4
, 101
, 79
, 126
, 54
, 84
, 96
, 18
, 162
, 130
, 50
, 7
, 173
, 162
, 18
, 52
, 128
, 39
, 141
, 103
, 77
, 129
, 51
, 104
, 76
, 93
, 87
, 33
, 147
, 79
, 101
, 116
, 64
, 145
, 35
, 59
, 121
, 148
, 32
, 4
, 176
, 96
, 84
, 94
, 86
, 122
, 58
, 177
, 3
, 42
, 138
, 170
, 10
, 38
, 142
, 122
, 58
, 5
, 175
, 28
, 152
, 171
, 9
, 73
, 107
, 85
, 95
, 81
, 99
, 157
, 23
, 7
, 173
, 148
, 32
, 127
, 53
, 126
, 54
, 106
, 74
, 152
, 28
, 40
, 140
, 89
, 91
, 145
, 35
, 160
, 20
, 132
, 48
, 9
, 171
, 146
, 34
, 58
, 122
, 5
, 175
, 109
, 71
, 77
, 103
, 19
, 161
, 110
, 70
, 151
, 29
, 8
, 172
, 43
, 137
, 4
, 176
, 161
, 19
, 18
, 162
, 121
, 59
, 100
, 80
, 116
, 64
, 95
, 85
, 95
, 85
, 135
, 45
, 144
, 36
, 107
, 73
, 12
, 168
, 151
, 29
, 95
, 85
, 112
, 68
, 96
, 84
, 64
, 116
, 97
, 83
, 66
, 114
, 88
, 92
, 171
, 9
, 112
, 68
, 38
, 142
, 118
, 62
, 78
, 102
, 14
, 166
, 66
, 114
, 56
, 124
, 124
, 56
, 106
, 74
, 109
, 71
, 164
, 16
, 58
, 122
, 177
, 3
, 11
, 169
, 120
, 60
, 71
, 109
, 145
, 35
, 81
, 99
, 118
, 62
, 139
, 41
, 122
, 58
, 140
, 40
, 49
, 131
, 2
, 178
, 61
, 119
, 165
, 15
, 46
, 134
, 94
, 86
, 171
, 9
, 80
, 100
, 149
, 31
, 159
, 21
, 147
, 33
, 61
, 119
, 98
, 82
, 148
, 32
, 17
, 163
, 144
, 36
, 51
, 129
, 130
, 50
, 168
, 12
, 171
, 9
, 76
, 104
, 6
, 174
, 177
, 3
, 21
, 159
, 122
, 58
, 115
, 65
, 160
, 20
, 63
, 117
, 89
, 91
, 6
, 174
, 61
, 119
, 115
, 65
, 28
, 152
, 69
, 111
, 125
, 55
, 131
, 49
, 110
, 70
, 149
, 31
, 10
, 170
, 19
, 161
, 175
, 5
, 41
, 139
, 84
, 96
, 161
, 19
, 103
, 77
, 106
, 74
, 154
, 26
, 160
, 20
, 80
, 100
, 10
, 170
, 53
, 127
, 178
, 2
, 175
, 5
, 36
, 144
, 154
, 26
, 174
, 6
, 33
, 147
, 152
, 28
, 155
, 25
, 96
, 84
, 59
, 121
, 159
, 21
, 8
, 172
, 56
, 124
, 156
, 24
, 64
, 116
, 173
, 7
, 33
, 147
, 131
, 49
, 96
, 84
, 59
, 121
, 12
, 168
, 146
, 34
, 84
, 96
, 130
, 50
, 125
, 55
, 97
, 83
, 54
, 126
, 107
, 73
, 177
, 3
, 25
, 155
, 65
, 115
, 98
, 82
, 90
, 90
, 128
, 52
, 74
, 106
, 32
, 148
, 140
, 40
, 65
, 115
, 140
, 40
, 87
, 93
, 95
, 85
, 174
, 6
, 14
, 166
, 118
, 62
, 74
, 106
, 60
, 120
, 57
, 123
, 90
, 90
, 74
, 106
, 19
, 161
, 68
, 112
, 6
, 174
, 125
, 55
, 158
, 22
, 116
, 64
, 92
, 88
, 65
, 115
, 10
, 170
, 135
, 45
, 63
, 117
, 24
, 156
, 2
, 178
, 145
, 35
, 131
, 49
, 71
, 109
, 113
, 67
, 34
, 146
, 100
, 80
, 138
, 42
, 90
, 90
, 80
, 100
, 64
, 116
, 120
, 60
, 112
, 68
, 6
, 174
, 92
, 88
, 9
, 171
, 1
, 179
, 104
, 76
, 108
, 72
, 103
, 77
, 121
, 59
, 100
, 80
, 174
, 6
, 67
, 113
, 100
, 80
, 140
, 40
, 171
, 9
, 103
, 77
, 125
, 55
, 8
, 172
, 32
, 148
, 40
, 140
, 161
, 19
, 86
, 94
, 21
, 159
, 110
, 70
, 5
, 175
, 43
, 137
, 140
, 40
, 159
, 21
, 73
, 107
, 98
, 82
, 76
, 104
, 4
, 176
, 88
, 92
, 32
, 148
, 168
, 12
, 91
, 89
, 148
, 32
, 165
, 15
, 29
, 151
, 26
, 154
, 154
, 26
, 18
, 162
, 74
, 106
, 99
, 81
, 106
, 74
, 9
, 171
, 26
, 154
, 142
, 38
, 115
, 65
, 148
, 32
, 71
, 109
, 16
, 164
, 170
, 10
, 172
, 8
, 51
, 129
, 77
, 103
, 84
, 96
, 111
, 69
, 136
, 44
, 66
, 114
, 53
, 127
, 133
, 47
, 78
, 102
, 169
, 11
, 113
, 67
, 154
, 26
, 76
, 104
, 136
, 44
, 27
, 153
, 65
, 115
, 98
, 82
, 75
, 105
, 132
, 48
, 166
, 14
, 91
, 89
, 85
, 95
, 70
, 110
, 152
, 28
, 156
, 24
, 34
, 146
, 135
, 45
, 1
, 179
, 77
, 103
, 176
, 4
, 25
, 155
, 7
, 173
, 110
, 70
, 145
, 35
, 46
, 134
, 53
, 127
, 26
, 154
, 142
, 38
, 101
, 79
, 74
, 106
, 91
, 89
, 42
, 138
, 72
, 108
, 90
, 90
, 174
, 6
, 102
, 78
, 175
, 5
, 22
, 158
, 88
, 92
, 133
, 47
, 79
, 101
, 164
, 16
, 142
, 38
, 56
, 124
, 95
, 85
, 154
, 26
, 28
, 152
, 17
, 163
, 173
, 7
, 135
, 45
, 148
, 32
, 21
, 159
, 103
, 77
, 73
, 107
, 38
, 142
, 51
, 129
, 136
, 44
, 10
, 170
, 19
, 161
, 56
, 124
, 95
, 85
, 42
, 138
, 35
, 145
, 13
, 167
, 77
, 103
, 13
, 167
, 21
, 159
, 30
, 150
, 22
, 158
, 132
, 48
, 149
, 31
, 141
, 39
, 29
, 151
, 27
, 153
, 154
, 26
, 79
, 101
, 32
, 148
, 40
, 140
, 142
, 38
, 116
, 64
, 71
, 109
, 170
, 10
, 99
, 81
, 3
, 177
, 130
, 50
, 152
, 28
, 152
, 28
, 164
, 16
, 176
, 4
, 165
, 15
, 95
, 85
, 59
, 121
, 170
, 10
, 118
, 62
, 114
, 66
, 59
, 121
, 35
, 145
, 29
, 151
, 97
, 83
, 101
, 79
, 124
, 56
, 29
, 151
, 55
, 125
, 129
, 51
, 126
, 54
, 107
, 73
, 76
, 104
, 52
, 128
, 33
, 147
, 31
, 149
, 63
, 117
, 82
, 98
, 151
, 29
, 37
, 143
, 79
, 101
, 152
, 28
, 44
, 136
, 158
, 22
, 122
, 58
, 146
, 34
, 101
, 79
, 5
, 175
, 146
, 34
, 28
, 152
, 90
, 90
, 132
, 48
, 127
, 53
, 91
, 89
, 36
, 144
, 67
, 113
, 27
, 153
, 47
, 133
, 133
, 47
, 59
, 121
, 48
, 132
, 111
, 69
, 153
, 27
, 142
, 38
, 5
, 175
, 56
, 124
, 111
, 69
, 106
, 74
, 81
, 99
, 169
, 11
, 140
, 40
, 140
, 40
, 89
, 91
, 46
, 134
, 51
, 129
, 68
, 112
, 20
, 160
, 87
, 93
, 113
, 67
, 53
, 127
, 64
, 116
, 117
, 63
, 71
, 109
, 50
, 130
, 56
, 124
, 141
, 39
, 125
, 55
, 28
, 152
, 15
, 165
, 7
, 173
, 24
, 156
, 138
, 42
, 107
, 73
, 127
, 53
, 7
, 173
, 96
, 84
, 136
, 44
, 14
, 166
, 132
, 48
, 112
, 68
, 84
, 96
, 53
, 127
, 46
, 134
, 169
, 11
, 46
, 134
, 19
, 161
, 59
, 121
, 100
, 80
, 90
, 90
, 30
, 150
, 41
, 139
, 67
, 113
, 82
, 98
, 140
, 40
, 108
, 72
, 13
, 167
, 166
, 14
, 59
, 121
, 54
, 126
, 145
, 35
, 30
, 150
, 9
, 171
, 116
, 64
, 175
, 5
, 85
, 95
, 111
, 69
, 88
, 92
, 89
, 91
, 75
, 105
, 73
, 107
, 49
, 131
, 55
, 125
, 80
, 100
, 60
, 120
, 12
, 168
, 73
, 107
, 150
, 30
, 77
, 103
, 155
, 25
, 169
, 11
, 22
, 158
, 35
, 145
, 176
, 4
, 74
, 106
, 9
, 171
, 75
, 105
, 74
, 106
, 157
, 23
, 80
, 100
, 31
, 149
, 46
, 134
, 138
, 42
, 71
, 109
, 117
, 63
, 83
, 97
, 48
, 132
, 20
, 160
, 159
, 21
, 21
, 159
, 56
, 124
, 92
, 88
, 34
, 146
, 124
, 56
, 122
, 58
, 135
, 45
, 16
, 164
, 25
, 155
, 72
, 108
, 113
, 67
, 10
, 170
, 39
, 141
, 119
, 61
, 128
, 52
, 2
, 178
, 35
, 145
, 42
, 138
, 45
, 135
, 95
, 85
, 152
, 28
, 26
, 154
, 134
, 46
, 120
, 60
, 172
, 8
, 86
, 94
, 175
, 5
, 38
, 142
, 62
, 118
, 174
, 6
, 136
, 44
, 107
, 73
, 15
, 165
, 27
, 153
, 14
, 166
, 91
, 89
, 155
, 25
, 4
, 176
, 4
, 176
, 166
, 14
, 170
, 10
, 54
, 126
, 22
, 158
, 102
, 78
, 93
, 87
, 90
, 90
, 100
, 80
, 75
, 105
, 138
, 42
, 63
, 117
, 168
, 12
, 50
, 130
, 15
, 165
, 31
, 149
, 17
, 163
, 162
, 18
, 29
, 151
, 110
, 70
, 13
, 167
, 16
, 164
, 122
, 58
, 158
, 22
, 117
, 63
, 62
, 118
, 160
, 20
, 30
, 150
, 37
, 143
, 58
, 122
, 78
, 102
, 68
, 112
, 80
, 100
, 154
, 26
, 98
, 82
, 9
, 171
, 134
, 46
, 18
, 162
, 158
, 22
, 44
, 136
, 55
, 125
, 47
, 133
, 73
, 107
, 89
, 91
, 29
, 151
, 92
, 88
, 63
, 117
, 46
, 134
, 34
, 146
, 141
, 39
, 38
, 142
, 29
, 151
, 111
, 69
, 57
, 123
, 174
, 6
, 149
, 31
, 16
, 164
, 105
, 75
, 131
, 49
, 138
, 42
, 69
, 111
, 110
, 70
, 72
, 108
, 69
, 111
, 34
, 146
