
84
, 19
, 28
, 33
, 14
, 27
, 20
, 7
, 40
, 1
, 46
, 14
, 33
, 20
, 27
, 20
, 27
, 31
, 16
, 2
, 45
, 30
, 17
, 3
, 44
, 7
, 40
, 1
, 46
, 11
, 36
, 18
, 29
, 36
, 11
, 11
, 36
, 28
, 19
, 16
, 31
, 38
, 9
, 6
, 41
, 8
, 39
, 33
, 14
, 11
, 36
, 22
, 25
, 28
, 19
, 27
, 20
, 13
, 34
, 6
, 41
, 41
, 6
, 37
, 10
, 6
, 41
, 37
, 10
, 25
, 22
, 7
, 40
, 23
, 24
, 39
, 8
, 16
, 31
, 19
, 28
, 17
, 30
, 44
, 3
, 21
, 26
, 39
, 8
, 16
, 31
, 27
, 20
, 3
, 44
, 26
, 21
, 7
, 40
, 9
, 38
, 42
, 5
, 11
, 36
, 1
, 46
, 41
, 6
, 2
, 45
, 36
, 11
, 6
, 41
, 30
, 17
, 38
, 9
, 5
, 42
, 20
, 27
, 32
, 15
, 22
, 25
, 32
, 15
, 2
, 45
, 22
, 25
, 41
, 6
, 39
, 8
, 9
, 38
, 44
, 3
, 38
, 9
, 2
, 45
, 42
, 5
, 29
, 18
, 26
, 21
, 18
, 29
, 23
, 24
, 10
, 37
, 43
, 4
, 36
, 11
, 4
, 43
, 13
, 34
, 25
, 22
, 30
, 9
, 8
