
850
, 153
, 9
, 152
, 10
, 11
, 151
, 153
, 9
, 13
, 149
, 7
, 155
, 53
, 109
, 56
, 106
, 159
, 3
, 133
, 29
, 159
, 3
, 140
, 22
, 99
, 63
, 97
, 65
, 72
, 90
, 83
, 79
, 57
, 105
, 82
, 80
, 28
, 134
, 54
, 108
, 104
, 58
, 72
, 90
, 84
, 78
, 34
, 128
, 112
, 50
, 140
, 22
, 31
, 131
, 10
, 152
, 1
, 161
, 101
, 61
, 132
, 30
, 68
, 94
, 118
, 44
, 88
, 74
, 1
, 161
, 124
, 38
, 1
, 161
, 144
, 18
, 69
, 93
, 71
, 91
, 101
, 61
, 126
, 36
, 150
, 12
, 21
, 141
, 48
, 114
, 101
, 61
, 3
, 159
, 84
, 78
, 54
, 108
, 120
, 42
, 100
, 62
, 98
, 64
, 11
, 151
, 15
, 147
, 18
, 144
, 79
, 83
, 104
, 58
, 150
, 12
, 63
, 99
, 65
, 97
, 17
, 145
, 145
, 17
, 132
, 30
, 160
, 2
, 145
, 17
, 115
, 47
, 134
, 28
, 27
, 135
, 130
, 32
, 21
, 141
, 88
, 74
, 139
, 23
, 69
, 93
, 19
, 143
, 49
, 113
, 156
, 6
, 91
, 71
, 71
, 91
, 148
, 14
, 86
, 76
, 122
, 40
, 130
, 32
, 62
, 100
, 107
, 55
, 64
, 98
, 40
, 122
, 15
, 147
, 115
, 47
, 66
, 96
, 95
, 67
, 45
, 117
, 75
, 87
, 63
, 99
, 155
, 7
, 101
, 61
, 56
, 106
, 111
, 51
, 98
, 64
, 153
, 9
, 158
, 4
, 94
, 68
, 110
, 52
, 43
, 119
, 94
, 68
, 22
, 140
, 20
, 142
, 131
, 31
, 38
, 124
, 106
, 56
, 122
, 40
, 42
, 120
, 148
, 14
, 124
, 38
, 8
, 154
, 122
, 40
, 124
, 38
, 76
, 86
, 33
, 129
, 42
, 120
, 31
, 131
, 90
, 72
, 150
, 12
, 76
, 86
, 131
, 31
, 86
, 76
, 34
, 128
, 2
, 160
, 113
, 49
, 157
, 5
, 26
, 136
, 91
, 71
, 25
, 137
, 80
, 82
, 144
, 18
, 149
, 13
, 12
, 150
, 141
, 21
, 17
, 145
, 69
, 93
, 46
, 116
, 71
, 91
, 148
, 14
, 103
, 59
, 104
, 58
, 105
, 57
, 156
, 6
, 33
, 129
, 91
, 71
, 81
, 81
, 80
, 82
, 19
, 143
, 58
, 104
, 81
, 81
, 90
, 72
, 155
, 7
, 84
, 78
, 93
, 69
, 22
, 140
, 22
, 140
, 101
, 61
, 135
, 27
, 57
, 105
, 65
, 97
, 53
, 109
, 65
, 97
, 52
, 110
, 53
, 109
, 130
, 32
, 67
, 95
, 24
, 138
, 16
, 146
, 83
, 79
, 70
, 92
, 20
, 142
, 73
, 89
, 77
, 85
, 109
, 53
, 94
, 68
, 84
, 78
, 145
, 17
, 120
, 42
, 80
, 82
, 61
, 101
, 91
, 71
, 143
, 19
, 98
, 64
, 126
, 36
, 31
, 131
, 128
, 34
, 114
, 48
, 72
, 90
, 154
, 8
, 130
, 32
, 118
, 44
, 82
, 80
, 84
, 78
, 129
, 33
, 54
, 108
, 111
, 51
, 37
, 125
, 102
, 60
, 145
, 17
, 110
, 52
, 135
, 27
, 38
, 124
, 90
, 72
, 37
, 125
, 86
, 76
, 137
, 25
, 66
, 96
, 60
, 102
, 56
, 106
, 28
, 134
, 70
, 92
, 107
, 55
, 64
, 98
, 135
, 27
, 64
, 98
, 12
, 150
, 24
, 138
, 74
, 88
, 53
, 109
, 93
, 69
, 132
, 30
, 11
, 151
, 134
, 28
, 33
, 129
, 114
, 48
, 118
, 44
, 14
, 148
, 92
, 70
, 48
, 114
, 95
, 67
, 138
, 24
, 26
, 136
, 71
, 91
, 81
, 81
, 27
, 135
, 29
, 133
, 11
, 151
, 111
, 51
, 151
, 11
, 147
, 15
, 101
, 61
, 83
, 79
, 35
, 127
, 34
, 128
, 63
, 99
, 109
, 53
, 97
, 65
, 43
, 119
, 106
, 56
, 92
, 70
, 78
, 84
, 146
, 16
, 99
, 63
, 77
, 85
, 3
, 159
, 34
, 128
, 51
, 111
, 9
, 153
, 46
, 116
, 137
, 25
, 77
, 85
, 81
, 81
, 157
, 5
, 128
, 34
, 42
, 120
, 156
, 6
, 142
, 20
, 79
, 83
, 77
, 85
, 116
, 46
, 52
, 110
, 8
, 154
, 134
, 28
, 135
, 27
, 41
, 121
, 150
, 12
, 2
, 160
, 42
, 120
, 124
, 38
, 145
, 17
, 47
, 115
, 106
, 56
, 47
, 115
, 128
, 34
, 70
, 92
, 123
, 39
, 93
, 69
, 30
, 132
, 77
, 85
, 99
, 63
, 122
, 40
, 115
, 47
, 66
, 96
, 144
, 18
, 100
, 62
, 37
, 125
, 100
, 62
, 101
, 61
, 98
, 64
, 20
, 142
, 142
, 20
, 52
, 110
, 87
, 75
, 118
, 44
, 16
, 146
, 117
, 45
, 129
, 33
, 128
, 34
, 41
, 121
, 102
, 60
, 136
, 26
, 110
, 52
, 76
, 86
, 153
, 9
, 95
, 67
, 90
, 72
, 66
, 96
, 18
, 144
, 131
, 31
, 21
, 141
, 19
, 143
, 90
, 72
, 114
, 48
, 101
, 61
, 10
, 152
, 117
, 45
, 63
, 99
, 154
, 8
, 116
, 46
, 26
, 136
, 12
, 150
, 117
, 45
, 12
, 150
, 70
, 92
, 36
, 126
, 48
, 114
, 44
, 118
, 109
, 53
, 70
, 92
, 127
, 35
, 102
, 60
, 37
, 125
, 66
, 96
, 141
, 21
, 5
, 157
, 5
, 157
, 105
, 57
, 127
, 35
, 119
, 43
, 39
, 123
, 146
, 16
, 72
, 90
, 155
, 7
, 3
, 159
, 42
, 120
, 141
, 21
, 53
, 109
, 140
, 22
, 103
, 59
, 77
, 85
, 38
, 124
, 151
, 11
, 41
, 121
, 39
, 123
, 94
, 68
, 131
, 31
, 156
, 6
, 156
, 6
, 20
, 142
, 148
, 14
, 65
, 97
, 81
, 81
, 89
, 73
, 63
, 99
, 78
, 84
, 13
, 149
, 14
, 148
, 95
, 67
, 125
, 37
, 99
, 63
, 157
, 5
, 92
, 70
, 88
, 74
, 28
, 134
, 52
, 110
, 146
, 16
, 126
, 36
, 20
, 142
, 23
, 139
, 15
, 147
, 106
, 56
, 65
, 97
, 112
, 50
, 141
, 21
, 151
, 11
, 93
, 69
, 151
, 11
, 37
, 125
, 140
, 22
, 146
, 16
, 145
, 17
, 36
, 126
, 84
, 78
, 42
, 120
, 103
, 59
, 143
, 19
, 147
, 15
, 95
, 67
, 18
, 144
, 80
, 82
, 94
, 68
, 34
, 128
, 84
, 78
, 36
, 126
, 42
, 120
, 43
, 119
, 78
, 84
, 105
, 57
, 114
, 48
, 158
, 4
, 43
, 119
, 126
, 36
, 85
, 77
, 41
, 121
, 152
, 10
, 19
, 143
, 7
, 155
, 4
, 158
, 97
, 65
, 141
, 21
, 122
, 40
, 47
, 115
, 154
, 8
, 124
, 38
, 127
, 35
, 24
, 138
, 119
, 43
, 118
, 44
, 115
, 47
, 149
, 13
, 46
, 116
, 143
, 19
, 84
, 78
, 151
, 11
, 88
, 74
, 80
, 82
, 139
, 23
, 106
, 56
, 36
, 126
, 29
, 133
, 10
, 152
, 40
, 122
, 125
, 37
, 48
, 114
, 112
, 50
, 147
, 15
, 107
, 55
, 12
, 150
, 98
, 64
, 123
, 39
, 96
, 66
, 141
, 21
, 12
, 150
, 67
, 95
, 14
, 148
, 100
, 62
, 42
, 120
, 155
, 7
, 126
, 36
, 154
, 8
, 8
, 154
, 37
, 125
, 139
, 23
, 24
, 138
, 57
, 105
, 46
, 116
, 16
, 146
, 14
, 148
, 45
, 117
, 20
, 142
, 158
, 4
, 107
, 55
, 64
, 98
, 64
, 98
, 10
, 152
, 117
, 45
, 27
, 135
, 61
, 101
, 83
, 79
, 88
, 74
, 27
, 135
, 130
, 32
, 71
, 91
, 31
, 131
, 23
, 139
, 42
, 120
, 159
, 3
, 42
, 120
, 99
, 63
, 134
, 28
, 74
, 88
, 60
, 102
, 10
, 152
, 105
, 57
, 7
, 155
, 54
, 108
, 93
, 69
, 24
, 138
, 154
, 8
, 108
, 54
, 110
, 52
, 73
, 89
, 121
, 41
, 139
, 23
, 92
, 70
, 85
, 77
, 122
, 40
, 87
, 75
, 42
, 120
, 70
, 92
, 112
, 50
, 29
, 133
, 36
, 126
, 14
, 148
, 104
, 58
, 74
, 88
, 128
, 34
, 82
, 80
, 75
, 87
, 97
, 65
, 134
, 28
, 81
, 81
, 7
, 155
, 127
, 35
, 146
, 16
, 56
, 106
, 24
, 138
, 117
, 45
, 44
, 118
, 95
, 67
, 79
, 83
, 61
, 101
, 85
, 77
, 30
, 132
, 17
, 145
, 39
, 123
, 122
, 40
, 58
, 104
, 65
, 97
, 130
, 32
, 110
, 52
, 52
, 110
, 11
, 151
, 12
, 150
, 43
, 119
, 135
, 27
, 108
, 54
, 130
, 32
, 142
, 20
, 68
, 94
, 156
, 6
, 75
, 87
, 144
, 18
, 105
, 57
, 108
, 54
, 61
, 101
, 70
, 92
, 38
, 124
, 149
, 13
, 55
, 107
, 103
, 59
, 1
, 161
, 7
, 155
, 111
, 51
, 117
, 45
, 9
, 153
, 70
, 92
, 157
, 5
, 117
, 45
, 19
, 143
, 99
, 63
, 48
, 114
, 91
, 71
, 9
, 153
, 83
, 79
, 151
, 11
, 23
, 139
, 50
, 112
, 143
, 19
, 50
, 112
, 55
, 107
, 21
, 141
, 123
, 39
, 16
, 146
, 149
, 13
, 147
, 15
, 70
, 92
, 125
, 37
, 74
, 88
, 108
, 54
, 119
, 43
, 32
, 130
, 54
, 108
, 143
, 19
, 128
, 34
, 51
, 111
, 21
, 141
, 150
, 12
, 23
, 139
, 30
, 132
, 138
, 24
, 156
, 6
, 102
, 60
, 40
, 122
, 148
, 14
, 111
, 51
, 133
, 29
, 21
, 141
, 145
, 17
, 68
, 94
, 45
, 117
, 38
, 124
, 17
, 145
, 26
, 136
, 76
, 86
, 42
, 120
, 133
, 29
, 39
, 123
, 137
, 25
, 36
, 126
, 63
, 99
, 15
, 147
, 124
, 38
, 131
, 31
, 153
, 9
, 76
, 86
, 126
, 36
, 59
, 103
, 114
, 48
, 95
, 67
, 126
, 36
, 32
, 130
, 147
, 15
, 138
, 24
, 146
, 16
, 29
, 133
, 107
, 55
, 11
, 151
, 56
, 106
, 127
, 35
, 77
, 85
, 139
, 23
, 134
, 28
, 25
, 137
, 137
, 25
, 48
, 114
, 96
, 66
, 107
, 55
, 80
, 82
, 125
, 37
, 81
, 81
, 134
, 28
, 75
, 87
, 21
, 141
, 142
, 20
, 121
, 41
, 24
, 138
, 135
, 27
, 29
, 133
, 124
, 38
, 135
, 27
, 142
, 20
, 5
, 157
, 124
, 38
, 86
, 76
, 133
, 29
, 136
, 26
, 115
, 47
, 83
, 79
, 91
, 71
, 131
, 31
, 81
, 81
, 79
, 83
, 77
, 85
, 143
, 19
, 49
, 113
, 43
, 119
, 139
, 23
, 26
, 136
, 105
, 57
, 118
, 44
, 86
, 76
, 90
, 72
, 160
, 2
, 145
, 17
, 158
, 4
, 123
, 39
, 130
, 32
, 72
, 90
, 134
, 28
, 81
, 81
, 29
, 133
, 82
, 80
, 148
, 14
, 38
, 124
, 39
, 123
, 97
, 65
, 64
, 98
, 110
, 52
, 139
, 23
, 122
, 40
, 155
, 7
, 144
, 18
, 119
, 43
, 10
, 152
, 12
, 150
, 121
, 41
, 65
, 97
, 136
, 26
, 159
, 3
, 40
, 122
, 158
, 4
, 34
, 128
, 70
, 92
, 77
, 85
, 44
, 118
, 147
, 15
, 45
, 117
, 148
, 14
, 133
, 29
, 138
, 24
, 99
, 63
, 59
, 103
, 7
, 155
, 38
, 124
, 4
, 158
, 67
, 95
, 22
, 140
, 119
, 43
, 65
, 97
, 57
, 105
, 44
, 118
, 63
, 99
, 3
, 159
, 157
, 5
, 130
, 32
, 80
, 82
, 70
, 92
, 149
, 13
, 21
, 141
, 105
, 57
, 120
, 42
, 90
, 72
, 106
, 56
, 52
, 110
, 148
, 14
, 119
, 43
, 21
, 141
, 119
, 43
, 159
, 3
, 67
, 95
, 117
, 45
, 96
, 66
, 28
, 134
, 153
, 9
, 134
, 28
, 125
, 37
, 92
, 70
, 141
, 21
, 57
, 105
, 96
, 66
, 158
, 4
, 154
, 8
, 129
, 33
, 2
, 160
, 152
, 10
, 20
, 142
, 156
, 6
, 160
, 2
, 1
, 161
, 59
, 103
, 13
, 149
, 91
, 71
, 57
, 105
, 63
, 99
, 8
, 154
, 5
, 157
, 86
, 76
, 22
, 140
, 39
, 123
, 156
, 6
, 60
, 102
, 60
, 102
, 91
, 71
, 15
, 147
, 113
, 49
, 109
, 53
, 97
, 65
, 158
, 4
, 129
, 33
, 115
, 47
, 43
, 119
, 34
, 128
, 55
, 107
, 5
, 157
, 87
, 75
, 92
, 70
, 132
, 30
, 69
, 93
, 50
, 112
, 4
, 158
, 63
, 99
, 33
, 129
, 25
, 137
, 98
, 64
, 150
, 12
, 146
, 16
, 132
, 30
, 61
, 101
, 108
, 54
, 89
, 73
, 82
, 80
, 116
, 46
, 30
, 132
, 6
, 156
, 57
, 105
, 133
, 29
, 142
, 20
, 61
, 101
, 146
, 16
, 78
, 84
, 124
, 38
, 133
, 29
, 154
, 8
, 10
, 152
, 108
, 54
, 130
, 32
, 33
, 129
, 110
, 52
, 61
, 101
, 93
, 69
, 143
, 19
, 141
, 21
, 60
, 102
, 51
, 111
, 141
, 21
, 111
, 51
