
85
, 113
, 125
, 56
, 182
, 212
, 26
, 149
, 89
, 106
, 132
, 103
, 135
, 224
, 14
, 53
, 185
, 217
, 21
, 11
, 227
, 216
, 22
, 61
, 177
, 178
, 60
, 220
, 18
, 106
, 132
, 26
, 212
, 216
, 22
, 217
, 21
, 193
, 45
, 47
, 191
, 167
, 71
, 157
, 81
, 11
, 227
, 153
, 85
, 162
, 76
, 26
, 212
, 107
, 131
, 218
, 20
, 110
, 128
, 141
, 97
, 29
, 209
, 70
, 168
, 62
, 176
, 218
, 20
, 123
, 115
, 48
, 190
, 214
, 24
, 36
, 202
, 143
, 95
, 96
, 142
, 187
, 51
, 129
, 109
, 37
, 201
, 90
, 148
, 121
, 117
, 62
, 176
, 14
, 224
, 154
, 84
, 225
, 13
, 108
, 130
, 80
, 158
, 113
, 125
, 146
, 92
, 209
, 29
, 135
, 103
, 192
, 46
, 219
, 19
, 232
, 6
, 76
, 162
, 36
, 202
, 71
, 167
, 176
, 62
, 160
, 78
, 190
, 48
, 124
, 114
, 4
, 234
, 233
, 5
, 100
, 138
, 66
, 172
, 106
, 132
, 61
, 177
, 233
, 5
, 225
, 13
, 62
, 176
, 68
, 170
, 198
, 40
, 17
, 221
, 149
, 89
, 8
, 230
, 202
, 36
, 91
, 147
, 184
, 54
, 115
, 123
, 236
, 2
, 84
, 154
