
85
, 105
, 67
, 167
, 5
, 99
, 73
, 67
, 105
, 167
, 5
, 104
, 68
, 68
, 104
, 74
, 98
, 151
, 21
, 100
, 72
, 112
, 60
, 11
, 161
, 155
, 17
, 38
, 134
, 41
, 131
, 77
, 95
, 40
, 132
, 143
, 29
, 158
, 14
, 98
, 74
, 32
, 140
, 120
, 52
, 88
, 84
, 72
, 100
, 105
, 67
, 92
, 80
, 162
, 10
, 154
, 18
, 165
, 7
, 138
, 34
, 99
, 73
, 85
, 87
, 169
, 3
, 153
, 19
, 13
, 159
, 164
, 8
, 169
, 3
, 148
, 24
, 87
, 85
, 129
, 43
, 51
, 121
, 75
, 97
, 39
, 133
, 141
, 31
, 100
, 72
, 38
, 134
, 78
, 94
, 67
, 105
, 111
, 61
, 157
, 15
, 14
, 158
, 121
, 51
, 140
, 32
, 72
, 100
, 77
, 95
, 120
, 52
, 151
, 21
, 66
, 106
, 143
, 29
, 32
, 140
, 148
, 24
, 168
, 4
, 104
, 68
, 19
, 153
, 3
, 169
, 78
, 94
, 129
, 43
, 125
, 47
, 21
, 151
, 66
, 106
, 122
, 50
, 55
, 117
, 77
, 95
, 99
, 73
, 52
, 120
, 141
, 31
, 89
, 83
, 59
, 113
, 98
, 74
, 36
, 136
, 130
, 42
, 43
, 129
, 64
, 108
, 95
, 77
, 28
, 48
, 96
