
860
, 26
, 18
, 33
, 11
, 32
, 12
, 41
, 3
, 25
, 19
, 23
, 21
, 5
, 39
, 40
, 4
, 30
, 14
, 27
, 17
, 41
, 3
, 25
, 19
, 21
, 23
, 7
, 37
, 34
, 10
, 38
, 6
, 3
, 41
, 42
, 2
, 25
, 19
, 6
, 38
, 11
, 33
, 42
, 2
, 31
, 13
, 9
, 35
, 22
, 22
, 8
, 36
, 27
, 17
, 24
, 20
, 36
, 8
, 17
, 27
, 16
, 28
, 39
, 5
, 33
, 11
, 2
, 42
, 23
, 21
, 9
, 35
, 34
, 10
, 17
, 27
, 31
, 13
, 17
, 27
, 11
, 33
, 36
, 8
, 26
, 18
, 10
, 34
, 40
, 4
, 3
, 41
, 14
, 30
, 41
, 3
, 41
, 3
, 21
, 23
, 20
, 24
, 21
, 23
, 34
, 10
, 25
, 19
, 28
, 16
, 24
, 20
, 8
, 36
, 37
, 7
, 33
, 11
, 33
, 11
, 15
, 29
, 9
, 35
, 35
, 9
, 16
, 28
, 13
, 31
, 28
, 16
, 41
, 3
, 31
, 13
, 29
, 15
, 14
, 30
, 16
, 28
, 18
, 26
, 27
, 17
, 29
, 15
, 40
, 4
, 26
, 18
, 19
, 25
, 22
, 22
, 31
, 13
, 14
, 30
, 37
, 7
, 36
, 8
, 18
, 26
, 37
, 7
, 38
, 6
, 20
, 24
, 40
, 4
, 8
, 36
, 12
, 32
, 7
, 37
, 8
, 36
, 26
, 18
, 18
, 26
, 9
, 35
, 28
, 16
, 23
, 21
, 8
, 36
, 40
, 4
, 32
, 12
, 14
, 30
, 6
, 38
, 22
, 22
, 32
, 12
, 42
, 2
, 13
, 31
, 27
, 17
, 14
, 30
, 35
, 9
, 29
, 15
, 39
, 5
, 7
, 37
, 31
, 13
, 10
, 34
, 22
, 22
, 20
, 24
, 5
, 39
, 13
, 31
, 34
, 10
, 31
, 13
, 34
, 10
, 26
, 18
, 4
, 40
, 33
, 11
, 3
, 41
, 34
, 10
, 6
, 38
, 38
, 6
, 6
, 38
, 18
, 26
, 4
, 40
, 30
, 14
, 38
, 6
, 39
, 5
, 12
, 32
, 15
, 29
, 18
, 26
, 34
, 10
, 11
, 33
, 9
, 35
, 18
, 26
, 15
, 29
, 20
, 24
, 16
, 28
, 4
, 40
, 40
, 4
, 20
, 24
, 41
, 3
, 32
, 12
, 36
, 8
, 40
, 4
, 1
, 43
, 33
, 11
, 17
, 27
, 28
, 16
, 5
, 39
, 19
, 25
, 9
, 35
, 11
, 33
, 9
, 35
, 41
, 3
, 25
, 19
, 30
, 14
, 41
, 3
, 5
, 39
, 33
, 11
, 11
, 33
, 8
, 36
, 33
, 11
, 28
, 16
, 17
, 27
, 35
, 9
, 36
, 8
, 35
, 9
, 40
, 4
, 40
, 4
, 32
, 12
, 39
, 5
, 33
, 11
, 38
, 6
, 20
, 24
, 21
, 23
, 35
, 9
, 24
, 20
, 37
, 7
, 34
, 10
, 10
, 34
, 15
, 29
, 22
, 22
, 10
, 34
, 4
, 40
, 33
, 11
, 37
, 7
, 38
, 6
, 27
, 17
, 41
, 3
, 2
, 42
, 22
, 22
, 11
, 33
, 3
, 41
, 30
, 14
, 26
, 18
, 34
, 10
, 22
, 22
, 24
, 20
, 29
, 15
, 9
, 35
, 9
, 35
, 25
, 19
, 7
, 37
, 25
, 19
, 4
, 40
, 13
, 31
, 39
, 5
, 5
, 39
, 33
, 11
, 2
, 42
, 30
, 14
, 15
, 29
, 37
, 7
, 21
, 23
, 2
, 42
, 4
, 40
, 3
, 41
, 4
, 40
, 26
, 18
, 17
, 27
, 14
, 30
, 10
, 34
, 33
, 11
, 28
, 16
, 37
, 7
, 14
, 30
, 4
, 40
, 4
, 40
, 36
, 8
, 37
, 7
, 27
, 17
, 7
, 37
, 18
, 26
, 5
, 39
, 16
, 28
, 17
, 27
, 2
, 42
, 7
, 37
, 39
, 5
, 30
, 14
, 15
, 29
, 33
, 11
, 21
, 23
, 18
, 26
, 10
, 34
, 9
, 35
, 10
, 34
, 41
, 3
, 36
, 8
, 32
, 12
, 24
, 20
, 38
, 6
, 27
, 17
, 3
, 41
, 9
, 35
, 21
, 23
, 16
, 28
, 12
, 32
, 28
, 16
, 15
, 29
, 29
, 15
, 1
, 43
, 27
, 17
, 38
, 6
, 15
, 29
, 30
, 14
, 19
, 25
, 2
, 42
, 5
, 39
, 28
, 16
, 11
, 33
, 16
, 28
, 13
, 31
, 13
, 31
, 10
, 34
, 7
, 37
, 32
, 12
, 6
, 38
, 32
, 12
, 27
, 17
, 23
, 21
, 3
, 41
, 1
, 43
, 1
, 43
, 33
, 11
, 39
, 5
, 24
, 20
, 5
, 39
, 18
, 26
, 25
, 19
, 38
, 6
, 3
, 41
, 39
, 5
, 39
, 5
, 29
, 15
, 4
, 40
, 33
, 11
, 21
, 23
, 28
, 16
, 19
, 25
, 21
, 23
, 7
, 37
, 32
, 12
, 26
, 18
, 12
, 32
, 34
, 10
, 35
, 9
, 31
, 13
, 26
, 18
, 27
, 17
, 14
, 30
, 20
, 24
, 29
, 15
, 12
, 32
, 4
, 40
, 16
, 28
, 35
, 9
, 26
, 18
, 8
, 36
, 16
, 28
, 40
, 4
, 8
, 36
, 17
, 27
, 12
, 32
, 11
, 33
, 1
, 43
, 20
, 24
, 42
, 2
, 23
, 21
, 4
, 40
, 39
, 5
, 32
, 12
, 12
, 32
, 29
, 15
, 13
, 31
, 18
, 26
, 5
, 39
, 33
, 11
, 5
, 39
, 1
, 43
, 38
, 6
, 33
, 11
, 10
, 34
, 7
, 37
, 30
, 14
, 42
, 2
, 37
, 7
, 21
, 23
, 39
, 5
, 10
, 34
, 1
, 43
, 8
, 36
, 13
, 31
, 37
, 7
, 25
, 19
, 14
, 30
, 5
, 39
, 16
, 28
, 42
, 2
, 29
, 15
, 26
, 18
, 41
, 3
, 32
, 12
, 13
, 31
, 12
, 32
, 6
, 38
, 9
, 35
, 36
, 8
, 13
, 31
, 29
, 15
, 14
, 30
, 34
, 10
, 29
, 15
, 29
, 15
, 14
, 30
, 28
, 16
, 24
, 20
, 27
, 17
, 10
, 34
, 25
, 19
, 13
, 31
, 32
, 12
, 4
, 40
, 30
, 14
, 30
, 14
, 30
, 14
, 15
, 29
, 25
, 19
, 32
, 12
, 14
, 30
, 12
, 32
, 7
, 37
, 12
, 32
, 22
, 22
, 10
, 34
, 9
, 35
, 39
, 5
, 22
, 22
, 29
, 15
, 37
, 7
, 18
, 26
, 39
, 5
, 21
, 23
, 28
, 16
, 15
, 29
, 1
, 43
, 36
, 8
, 34
, 10
, 4
, 40
, 11
, 33
, 9
, 35
, 39
, 5
, 5
, 39
, 16
, 28
, 4
, 40
, 18
, 26
, 21
, 23
, 38
, 6
, 39
, 5
, 5
, 39
, 11
, 33
, 40
, 4
, 32
, 12
, 26
, 18
, 6
, 38
, 7
, 37
, 37
, 7
, 38
, 6
, 34
, 10
, 16
, 28
, 7
, 37
, 24
, 20
, 37
, 7
, 15
, 29
, 22
, 22
, 40
, 4
, 2
, 42
, 35
, 9
, 6
, 38
, 37
, 7
, 5
, 39
, 36
, 8
, 30
, 14
, 13
, 31
, 16
, 28
, 24
, 20
, 23
, 21
, 18
, 26
, 39
, 5
, 10
, 34
, 8
, 36
, 24
, 20
, 21
, 23
, 42
, 2
, 36
, 8
, 1
, 43
, 14
, 30
, 16
, 28
, 33
, 11
, 1
, 43
, 39
, 5
, 4
, 40
, 4
, 40
, 4
, 40
, 39
, 5
, 20
, 24
, 19
, 25
, 34
, 10
, 8
, 36
, 14
, 30
, 19
, 25
, 19
, 25
, 30
, 14
, 15
, 29
, 7
, 37
, 38
, 6
, 39
, 5
, 13
, 31
, 14
, 30
, 15
, 29
, 15
, 29
, 18
, 26
, 38
, 6
, 27
, 17
, 29
, 15
, 35
, 9
, 37
, 7
, 38
, 6
, 8
, 36
, 5
, 39
, 9
, 35
, 21
, 23
, 10
, 34
, 33
, 11
, 20
, 24
, 17
, 27
, 2
, 42
, 19
, 25
, 26
, 18
, 19
, 25
, 1
, 43
, 19
, 25
, 18
, 26
, 5
, 39
, 36
, 8
, 36
, 8
, 18
, 26
, 10
, 34
, 6
, 38
, 21
, 23
, 21
, 23
, 22
, 22
, 28
, 16
, 2
, 42
, 26
, 18
, 14
, 30
, 17
, 27
, 11
, 33
, 25
, 19
, 40
, 4
, 13
, 31
, 2
, 42
, 5
, 39
, 33
, 11
, 34
, 10
, 5
, 39
, 40
, 4
, 34
, 10
, 41
, 3
, 26
, 18
, 29
, 15
, 2
, 42
, 28
, 16
, 25
, 19
, 31
, 13
, 32
, 12
, 37
, 7
, 25
, 19
, 9
, 35
, 2
, 42
, 17
, 27
, 41
, 3
, 22
, 22
, 33
, 11
, 21
, 23
, 14
, 30
, 13
, 31
, 28
, 16
, 15
, 29
, 4
, 40
, 41
, 3
, 26
, 18
, 15
, 29
, 22
, 22
, 28
, 16
, 16
, 28
, 25
, 19
, 41
, 3
, 37
, 7
, 36
, 8
, 5
, 39
, 16
, 28
, 21
, 23
, 41
, 3
, 11
, 33
, 19
, 25
, 9
, 35
, 11
, 33
, 31
, 13
, 15
, 29
, 32
, 12
, 11
, 33
, 13
, 31
, 8
, 36
, 8
, 36
, 6
, 38
, 4
, 40
, 19
, 25
, 9
, 35
, 7
, 37
, 8
, 36
, 7
, 37
, 9
, 35
, 22
, 22
, 28
, 16
, 11
, 33
, 28
, 16
, 5
, 39
, 13
, 31
, 14
, 30
, 16
, 28
, 19
, 25
, 25
, 19
, 39
, 5
, 3
, 41
, 35
, 9
, 34
, 10
, 30
, 14
, 39
, 5
, 4
, 40
, 35
, 9
, 3
, 41
, 34
, 10
, 10
, 34
, 25
, 19
, 33
, 11
, 7
, 37
, 3
, 41
, 40
, 4
, 1
, 43
, 20
, 24
, 6
, 38
, 18
, 26
, 40
, 4
, 22
, 22
, 33
, 11
, 9
, 35
, 41
, 3
, 14
, 30
, 17
, 27
, 11
, 33
, 8
, 36
, 33
, 11
, 3
, 41
, 14
, 30
, 2
, 42
, 13
, 31
, 21
, 23
, 38
, 6
, 20
, 24
, 39
, 5
, 27
, 17
, 40
, 4
, 38
, 6
, 15
, 29
, 40
, 4
, 6
, 38
, 24
, 20
, 37
, 7
, 42
, 2
, 14
, 30
, 40
, 4
, 30
, 14
, 37
, 7
, 29
, 15
, 37
, 7
, 3
, 41
, 35
, 9
, 12
, 32
, 40
, 4
, 6
, 38
, 35
, 9
, 14
, 30
, 1
, 43
, 40
, 4
, 15
, 29
, 22
, 22
, 4
, 40
, 14
, 30
, 24
, 20
, 14
, 30
, 23
, 21
, 34
, 10
, 25
, 19
, 14
, 30
, 36
, 8
, 2
, 42
, 27
, 17
, 2
, 42
, 38
, 6
, 24
, 20
, 3
, 41
, 31
, 13
, 42
, 2
, 23
, 21
, 23
, 21
, 26
, 18
, 40
, 4
, 5
, 39
, 24
, 20
, 19
, 25
, 23
, 21
, 7
, 37
, 4
, 40
, 8
, 36
, 7
, 37
, 8
, 36
, 40
, 4
, 36
, 8
, 41
, 3
, 8
, 36
, 40
, 4
, 5
, 39
, 39
, 5
, 12
, 32
, 22
, 22
, 40
, 4
, 6
, 38
, 32
, 12
, 4
, 40
, 11
, 33
, 21
, 23
, 28
, 16
, 22
, 22
, 36
, 8
, 29
, 15
, 10
, 34
, 4
, 40
, 28
, 16
, 18
, 26
, 22
, 22
, 33
, 11
, 34
, 10
, 31
, 13
, 22
, 22
, 40
, 4
, 15
, 29
, 17
, 27
, 7
, 37
, 11
, 33
, 20
, 24
, 4
, 40
, 31
, 13
, 1
, 43
, 14
, 30
, 5
, 39
, 23
, 21
, 22
, 22
, 37
, 7
, 19
, 25
, 32
, 12
, 2
, 42
, 13
, 31
, 5
, 39
, 42
, 2
, 12
, 32
, 16
, 28
, 14
, 30
, 2
, 42
, 17
, 27
, 27
, 17
, 6
, 38
, 12
, 32
, 41
, 3
, 10
, 34
, 13
, 31
, 15
, 29
, 7
, 37
, 5
, 39
, 2
, 42
, 20
, 24
, 13
, 31
, 42
, 2
, 2
, 42
, 29
, 15
, 38
, 6
, 20
, 24
, 16
, 28
, 38
, 6
, 36
, 8
, 42
, 2
, 31
, 13
, 27
, 17
, 34
, 10
, 36
, 8
, 1
, 43
, 2
, 42
, 9
, 35
, 7
, 37
, 15
, 29
, 15
, 29
, 38
, 6
, 26
, 18
, 24
, 20
, 27
, 17
, 25
, 19
, 3
, 41
, 32
, 12
, 23
, 21
, 23
, 21
, 15
, 29
, 34
, 10
, 12
, 32
, 41
, 3
, 13
, 31
, 1
, 43
, 21
, 23
, 28
, 16
, 39
, 5
, 30
, 14
, 12
, 32
, 12
, 32
, 38
, 6
, 26
, 18
, 30
, 14
, 33
, 11
, 15
, 29
, 21
, 23
, 31
, 13
, 20
, 24
, 17
, 27
, 40
, 4
, 42
, 2
, 33
, 11
, 1
, 43
, 36
, 8
, 28
, 16
, 6
, 38
, 23
, 21
, 27
, 17
, 23
, 21
, 40
, 4
, 33
, 11
, 9
, 35
, 17
, 27
, 27
, 17
, 24
, 20
, 28
, 16
, 24
, 20
, 42
, 2
, 1
, 43
, 40
, 4
, 33
, 11
, 41
, 3
, 4
, 40
, 11
, 33
, 22
, 22
, 13
, 31
, 29
, 15
, 21
, 23
, 14
, 30
, 22
, 22
, 1
, 43
, 8
, 36
, 10
, 34
, 11
, 33
, 31
, 13
, 8
, 36
, 12
, 32
, 10
, 34
, 1
, 43
, 8
, 36
, 24
, 20
, 6
, 38
, 29
, 15
, 38
, 6
, 36
, 8
, 23
, 21
, 12
, 32
, 40
, 4
, 3
, 41
, 24
, 20
, 6
, 38
, 12
, 32
