
86
, 4
, 12
, 6
, 10
, 10
, 6
, 10
, 6
, 1
, 15
, 2
, 14
, 3
, 13
, 11
, 5
, 4
, 12
, 10
, 6
, 4
, 12
, 12
, 4
, 3
, 13
, 10
, 6
, 3
, 13
, 7
, 9
, 7
, 9
, 9
, 7
, 13
, 3
, 9
, 7
, 6
, 10
, 9
, 7
, 1
, 15
, 5
, 11
, 2
, 14
, 8
, 8
, 3
, 13
, 4
, 12
, 7
, 9
, 6
, 10
, 3
, 13
, 14
, 2
, 5
, 11
, 8
, 8
, 14
, 2
, 8
, 8
, 4
, 12
, 11
, 5
, 1
, 15
, 3
, 13
, 12
, 4
, 8
, 8
, 4
, 12
, 7
, 9
, 5
, 11
, 14
, 2
, 1
, 15
, 12
, 4
, 5
, 11
, 13
, 3
, 6
, 10
, 1
, 15
, 7
, 9
, 6
, 10
, 4
, 12
, 14
, 2
, 7
, 9
, 5
, 11
, 1
, 15
, 9
, 7
, 10
, 6
, 3
, 13
, 7
, 9
, 7
, 9
, 10
, 6
, 8
, 8
, 2
, 14
, 14
, 2
, 4
, 12
, 4
, 12
, 9
, 7
, 4
, 12
, 5
, 11
, 8
, 8
, 3
, 13
, 2
, 14
, 2
, 14
, 2
, 14
, 14
, 2
, 12
, 4
, 8
, 8
, 1
, 15
, 12
, 4
, 11
, 5
, 5
, 11
, 9
, 4
, 3
