
870
, 13
, 100
, 81
, 32
, 103
, 10
, 90
, 23
, 41
, 72
, 37
, 76
, 19
, 94
, 62
, 51
, 73
, 40
, 2
, 111
, 46
, 67
, 107
, 6
, 44
, 69
, 79
, 34
, 5
, 108
, 34
, 79
, 40
, 73
, 96
, 17
, 16
, 97
, 47
, 66
, 14
, 99
, 70
, 43
, 87
, 26
, 62
, 51
, 6
, 107
, 64
, 49
, 50
, 63
, 108
, 5
, 12
, 101
, 57
, 56
, 3
, 110
, 46
, 67
, 69
, 44
, 48
, 65
, 53
, 60
, 8
, 105
, 7
, 106
, 67
, 46
, 59
, 54
, 79
, 34
, 17
, 96
, 97
, 16
, 17
, 96
, 9
, 104
, 33
, 80
, 108
, 5
, 54
, 59
, 9
, 104
, 29
, 84
, 33
, 80
, 23
, 90
, 72
, 41
, 71
, 42
, 6
, 107
, 109
, 4
, 36
, 77
, 76
, 37
, 19
, 94
, 67
, 46
, 91
, 22
, 94
, 19
, 57
, 56
, 63
, 50
, 96
, 17
, 62
, 51
, 84
, 29
, 82
, 31
, 73
, 40
, 45
, 68
, 28
, 85
, 18
, 95
, 93
, 20
, 58
, 55
, 104
, 9
, 107
, 6
, 67
, 46
, 39
, 74
, 8
, 105
, 69
, 44
, 88
, 25
, 90
, 23
, 78
, 35
, 51
, 62
, 82
, 31
, 67
, 46
, 71
, 42
, 100
, 13
, 11
, 102
, 24
, 89
, 18
, 95
, 79
, 34
, 80
, 33
, 8
, 105
, 2
, 111
, 17
, 96
, 39
, 74
, 54
, 59
, 67
, 46
, 12
, 101
, 39
, 74
, 73
, 40
, 73
, 40
, 20
, 93
, 43
, 70
, 77
, 36
, 75
, 38
, 39
, 74
, 16
, 97
, 66
, 47
, 9
, 104
, 86
, 27
, 28
, 85
, 107
, 6
, 4
, 109
, 88
, 25
, 90
, 23
, 27
, 86
, 21
, 92
, 27
, 86
, 74
, 39
, 78
, 35
, 67
, 46
, 54
, 59
, 87
, 26
, 28
, 85
, 64
, 49
, 71
, 42
, 69
, 44
, 39
, 74
, 6
, 107
, 62
, 51
, 23
, 90
, 108
, 5
, 58
, 55
, 61
, 52
, 99
, 14
, 54
, 59
, 82
, 31
, 54
, 59
, 93
, 20
, 46
, 67
, 35
, 78
, 7
, 106
, 30
, 83
, 26
, 87
, 93
, 20
, 57
, 56
, 61
, 52
, 52
, 61
, 3
, 110
, 40
, 73
, 36
, 77
, 85
, 28
, 72
, 41
, 7
, 106
, 72
, 41
, 63
, 50
, 4
, 109
, 87
, 26
, 29
, 84
, 61
, 52
, 1
, 112
, 102
, 11
, 74
, 39
, 99
, 14
, 27
, 86
, 41
, 72
, 6
, 107
, 70
, 43
, 51
, 62
, 9
, 104
, 72
, 41
, 1
, 112
, 63
, 50
, 80
, 33
, 83
, 30
, 104
, 9
, 48
, 65
, 104
, 9
, 1
, 112
, 95
, 18
, 28
, 85
, 16
, 97
, 23
, 90
, 97
, 16
, 16
, 97
, 11
, 102
, 1
, 112
, 6
, 107
, 93
, 20
, 51
, 62
, 21
, 92
, 27
, 86
, 53
, 60
, 29
, 84
, 93
, 20
, 23
, 90
, 74
, 39
, 51
, 62
, 51
, 62
, 105
, 8
, 11
, 102
, 33
, 80
, 8
, 105
, 2
, 111
, 12
, 101
, 19
, 94
, 50
, 63
, 50
, 63
, 78
, 35
, 93
, 20
, 102
, 11
, 18
, 95
, 46
, 67
, 97
, 16
, 109
, 4
, 51
, 62
, 97
, 16
, 62
, 51
, 106
, 7
, 90
, 23
, 26
, 87
, 83
, 30
, 55
, 58
, 22
, 91
, 99
, 14
, 91
, 22
, 64
, 49
, 76
, 37
, 34
, 79
, 3
, 110
, 13
, 100
, 31
, 82
, 80
, 33
, 91
, 22
, 23
, 90
, 9
, 104
, 102
, 11
, 53
, 60
, 37
, 76
, 30
, 83
, 29
, 84
, 103
, 10
, 13
, 100
, 80
, 33
, 12
, 101
, 94
, 19
, 66
, 47
, 32
, 81
, 59
, 54
, 110
, 3
, 105
, 8
, 33
, 80
, 13
, 100
, 25
, 88
, 13
, 100
, 25
, 88
, 23
, 90
, 22
, 91
, 26
, 87
, 61
, 52
, 58
, 55
, 47
, 66
, 74
, 39
, 88
, 25
, 16
, 97
, 33
, 80
, 55
, 58
, 106
, 7
, 40
, 73
, 64
, 49
, 13
, 100
, 29
, 84
, 90
, 23
, 82
, 31
, 17
, 96
, 51
, 62
, 81
, 32
, 19
, 94
, 58
, 55
, 55
, 58
, 32
, 81
, 99
, 14
, 65
, 48
, 38
, 75
, 29
, 84
, 59
, 54
, 88
, 25
, 87
, 26
, 85
, 28
, 14
, 99
, 19
, 94
, 79
, 34
, 12
, 101
, 39
, 74
, 28
, 85
, 31
, 82
, 6
, 107
, 29
, 84
, 15
, 98
, 84
, 29
, 107
, 6
, 16
, 97
, 35
, 78
, 3
, 110
, 80
, 33
, 51
, 62
, 101
, 12
, 108
, 5
, 38
, 75
, 98
, 15
, 65
, 48
, 73
, 40
, 23
, 90
, 65
, 48
, 53
, 60
, 108
, 5
, 61
, 52
, 104
, 9
, 50
, 63
, 28
, 85
, 25
, 88
, 60
, 53
, 21
, 92
, 75
, 38
, 94
, 19
, 32
, 81
, 74
, 39
, 82
, 31
, 99
, 14
, 22
, 91
, 98
, 15
, 2
, 111
, 88
, 25
, 29
, 84
, 82
, 31
, 100
, 13
, 111
, 2
, 19
, 94
, 69
, 44
, 84
, 29
, 100
, 13
, 83
, 30
, 89
, 24
, 1
, 112
, 76
, 37
, 32
, 81
, 5
, 108
, 76
, 37
, 3
, 110
, 10
, 103
, 53
, 60
, 73
, 40
, 29
, 84
, 24
, 89
, 28
, 85
, 4
, 109
, 107
, 6
, 12
, 101
, 92
, 21
, 27
, 86
, 108
, 5
, 36
, 77
, 97
, 16
, 1
, 112
, 101
, 12
, 88
, 25
, 101
, 12
, 24
, 89
, 82
, 31
, 22
, 91
, 76
, 37
, 100
, 13
, 37
, 76
, 33
, 80
, 22
, 91
, 104
, 9
, 66
, 47
, 89
, 24
, 71
, 42
, 80
, 33
, 22
, 91
, 50
, 63
, 104
, 9
, 100
, 13
, 86
, 27
, 98
, 15
, 89
, 24
, 37
, 76
, 37
, 76
, 53
, 60
, 44
, 69
, 38
, 75
, 60
, 53
, 83
, 30
, 99
, 14
, 61
, 52
, 83
, 30
, 100
, 13
, 40
, 73
, 23
, 90
, 48
, 65
, 63
, 50
, 62
, 51
, 10
, 103
, 63
, 50
, 107
, 6
, 84
, 29
, 29
, 84
, 101
, 12
, 90
, 23
, 42
, 71
, 35
, 78
, 17
, 96
, 42
, 71
, 84
, 29
, 34
, 79
, 51
, 62
, 46
, 67
, 23
, 90
, 14
, 99
, 42
, 71
, 2
, 111
, 3
, 110
, 61
, 52
, 66
, 47
, 41
, 72
, 110
, 3
, 104
, 9
, 36
, 77
, 55
, 58
, 38
, 75
, 46
, 67
, 28
, 85
, 39
, 74
, 59
, 54
, 26
, 87
, 57
, 56
, 109
, 4
, 87
, 26
, 36
, 77
, 95
, 18
, 80
, 33
, 29
, 84
, 59
, 54
, 67
, 46
, 72
, 41
, 25
, 88
, 19
, 94
, 93
, 20
, 57
, 56
, 92
, 21
, 16
, 97
, 57
, 56
, 6
, 107
, 41
, 72
, 52
, 61
, 3
, 110
, 89
, 24
, 48
, 65
, 50
, 63
, 103
, 10
, 25
, 88
, 27
, 86
, 81
, 32
, 66
, 47
, 14
, 99
, 111
, 2
, 110
, 3
, 38
, 75
, 91
, 22
, 103
, 10
, 7
, 106
, 53
, 60
, 21
, 92
, 104
, 9
, 23
, 90
, 45
, 68
, 87
, 26
, 48
, 65
, 52
, 61
, 79
, 34
, 30
, 83
, 94
, 19
, 80
, 33
, 2
, 111
, 100
, 13
, 87
, 26
, 54
, 59
, 80
, 33
, 38
, 75
, 29
, 84
, 7
, 106
, 16
, 97
, 22
, 91
, 67
, 46
, 89
, 24
, 73
, 40
, 43
, 70
, 73
, 40
, 54
, 59
, 50
, 63
, 54
, 59
, 111
, 2
, 5
, 108
, 55
, 58
, 5
, 108
, 45
, 68
, 107
, 6
, 82
, 31
, 30
, 83
, 76
, 37
, 23
, 90
, 4
, 109
, 57
, 56
, 52
, 61
, 81
, 32
, 19
, 94
, 27
, 86
, 1
, 112
, 81
, 32
, 72
, 41
, 6
, 107
, 37
, 76
, 53
, 60
, 96
, 17
, 9
, 104
, 31
, 82
, 99
, 14
, 77
, 36
, 89
, 24
, 95
, 18
, 47
, 66
, 104
, 9
, 53
, 60
, 15
, 98
, 34
, 79
, 39
, 74
, 12
, 101
, 5
, 108
, 45
, 68
, 100
, 13
, 42
, 71
, 78
, 35
, 46
, 67
, 81
, 32
, 25
, 88
, 3
, 110
, 64
, 49
, 42
, 71
, 85
, 28
, 23
, 90
, 77
, 36
, 64
, 49
, 15
, 98
, 100
, 13
, 40
, 73
, 61
, 52
, 6
, 107
, 103
, 10
, 36
, 77
, 93
, 20
, 18
, 95
, 38
, 75
, 12
, 101
, 49
, 64
, 108
, 5
, 11
, 102
, 54
, 59
, 77
, 36
, 91
, 22
, 49
, 64
, 50
, 63
, 93
, 20
, 23
, 90
, 44
, 69
, 73
, 40
, 54
, 59
, 52
, 61
, 92
, 21
, 54
, 59
, 74
, 39
, 4
, 109
, 88
, 25
, 41
, 72
, 36
, 77
, 64
, 49
, 60
, 53
, 11
, 102
, 31
, 82
, 22
, 91
, 53
, 60
, 17
, 96
, 65
, 48
, 19
, 94
, 40
, 73
, 9
, 104
, 42
, 71
, 83
, 30
, 91
, 22
, 98
, 15
, 58
, 55
, 16
, 97
, 94
, 19
, 76
, 37
, 34
, 79
, 9
, 104
, 54
, 59
, 6
, 107
, 40
, 73
, 76
, 37
, 32
, 81
, 71
, 42
, 50
, 63
, 31
, 82
, 17
, 96
, 100
, 13
, 1
, 112
, 28
, 85
, 58
, 55
, 67
, 46
, 5
, 108
, 93
, 20
, 78
, 35
, 93
, 20
, 15
, 98
, 6
, 107
, 58
, 55
, 50
, 63
, 58
, 55
, 13
, 100
, 12
, 101
, 76
, 37
, 87
, 26
, 5
, 108
, 65
, 48
, 42
, 71
, 25
, 88
, 101
, 12
, 34
, 79
, 76
, 37
, 59
, 54
, 95
, 18
, 32
, 81
, 95
, 18
, 27
, 86
, 2
, 111
, 38
, 75
, 36
, 77
, 88
, 25
, 111
, 2
, 78
, 35
, 108
, 5
, 25
, 88
, 28
, 85
, 65
, 48
, 38
, 75
, 57
, 56
, 98
, 15
, 107
, 6
, 11
, 102
, 81
, 32
, 86
, 27
, 17
, 96
, 90
, 23
, 69
, 44
, 56
, 57
, 6
, 107
, 21
, 92
, 62
, 51
, 46
, 67
, 15
, 98
, 102
, 11
, 28
, 85
, 57
, 56
, 20
, 93
, 65
, 48
, 78
, 35
, 99
, 14
, 61
, 52
, 4
, 109
, 90
, 23
, 36
, 77
, 14
, 99
, 74
, 39
, 110
, 3
, 1
, 112
, 109
, 4
, 4
, 109
, 12
, 101
, 58
, 55
, 74
, 39
, 75
, 38
, 57
, 56
, 107
, 6
, 24
, 89
, 102
, 11
, 6
, 107
, 95
, 18
, 52
, 61
, 38
, 75
, 22
, 91
, 15
, 98
, 16
, 97
, 67
, 46
, 104
, 9
, 97
, 16
, 41
, 72
, 12
, 101
, 73
, 40
, 63
, 50
, 42
, 71
, 28
, 85
, 108
, 5
, 17
, 96
, 40
, 73
, 40
, 73
, 21
, 92
, 74
, 39
, 110
, 3
, 55
, 58
, 87
, 26
, 101
, 12
, 35
, 78
, 94
, 19
, 86
, 27
, 81
, 32
, 36
, 77
, 71
, 42
, 8
, 105
, 94
, 19
, 70
, 43
, 90
, 23
, 96
, 17
, 90
, 23
, 11
, 102
, 108
, 5
, 89
, 24
, 76
, 37
, 39
, 74
, 53
, 60
, 4
, 109
, 13
, 100
, 67
, 46
, 26
, 87
, 63
, 50
, 88
, 25
, 63
, 50
, 44
, 69
, 5
, 108
, 45
, 68
, 89
, 24
, 108
, 5
, 5
, 108
, 87
, 26
, 22
, 91
, 3
, 110
, 48
, 65
, 96
, 17
, 93
, 20
, 94
, 19
, 46
, 67
, 47
, 66
, 85
, 28
, 12
, 101
, 73
, 40
, 49
, 64
, 106
, 7
, 17
, 96
, 8
, 105
, 55
, 58
, 30
, 83
, 15
, 98
, 56
, 57
, 55
, 58
, 86
, 27
, 35
, 78
, 1
, 112
, 90
, 23
, 11
, 102
, 22
, 91
, 72
, 41
, 96
, 17
, 99
, 14
, 75
, 38
, 92
, 21
, 91
, 22
, 26
, 87
, 83
, 30
, 13
, 100
, 51
, 62
, 74
, 39
, 105
, 8
, 10
, 103
, 35
, 78
, 31
, 82
, 73
, 40
, 34
, 79
, 27
, 86
, 94
, 19
, 12
, 101
, 16
, 97
, 10
, 103
, 26
, 87
, 24
, 89
, 75
, 38
, 7
, 106
, 9
, 104
, 28
, 85
, 48
, 65
, 93
, 20
, 57
, 56
, 72
, 41
, 98
, 15
, 27
, 86
, 36
, 77
, 100
, 13
, 99
, 14
, 5
, 108
, 39
, 74
, 10
, 103
, 2
, 111
, 86
, 27
, 76
, 37
, 108
, 5
, 57
, 56
, 41
, 72
, 92
, 21
, 3
, 110
, 16
, 97
, 70
, 43
, 95
, 18
, 32
, 81
, 20
, 93
, 81
, 32
, 103
, 10
, 21
, 92
, 21
, 92
, 80
, 33
, 30
, 83
, 69
, 44
, 14
, 99
, 88
, 25
, 46
, 67
, 3
, 110
, 55
, 58
, 27
, 86
, 51
, 62
, 7
, 106
, 84
, 29
, 106
, 7
, 31
, 82
, 20
, 93
, 96
, 17
, 26
, 87
, 63
, 50
, 69
, 44
, 106
, 7
, 62
, 51
, 51
, 62
, 90
, 23
, 63
, 50
, 6
, 107
, 44
, 69
, 13
, 100
, 40
, 73
, 85
, 28
, 1
, 112
, 86
, 27
, 75
, 38
