
88
, 11
, 181
, 11
, 181
, 131
, 61
, 32
, 160
, 21
, 171
, 68
, 124
, 172
, 20
, 132
, 60
, 156
, 36
, 73
, 119
, 74
, 118
, 67
, 125
, 146
, 46
, 124
, 68
, 184
, 8
, 105
, 87
, 162
, 30
, 56
, 136
, 93
, 99
, 187
, 5
, 105
, 87
, 87
, 105
, 136
, 56
, 126
, 66
, 8
, 184
, 136
, 56
, 187
, 5
, 2
, 190
, 186
, 6
, 6
, 186
, 2
, 190
, 94
, 98
, 44
, 148
, 46
, 146
, 118
, 74
, 127
, 65
, 8
, 184
, 71
, 121
, 71
, 121
, 100
, 92
, 1
, 191
, 74
, 118
, 58
, 134
, 39
, 153
, 46
, 146
, 10
, 182
, 101
, 91
, 152
, 40
, 72
, 120
, 161
, 31
, 123
, 69
, 53
, 139
, 189
, 3
, 153
, 39
, 99
, 93
, 96
, 96
, 89
, 103
, 13
, 179
, 3
, 189
, 10
, 182
, 39
, 153
, 176
, 16
, 30
, 162
, 107
, 85
, 27
, 165
, 104
, 88
, 101
, 91
, 102
, 90
, 169
, 23
, 8
, 184
, 134
, 58
, 41
, 151
, 88
, 104
, 48
, 144
, 14
, 178
, 179
, 13
, 134
, 58
, 36
, 156
, 138
, 54
, 70
, 122
, 104
, 88
, 178
, 14
, 9
, 183
, 165
, 27
, 29
, 163
, 58
, 134
, 4
, 188
, 93
, 44
, 55
