
91
, 184
, 71
, 32
, 223
, 157
, 98
, 206
, 49
, 87
, 168
, 7
, 248
, 76
, 179
, 229
, 26
, 25
, 230
, 64
, 191
, 22
, 233
, 228
, 27
, 187
, 68
, 11
, 244
, 145
, 110
, 182
, 73
, 198
, 57
, 162
, 93
, 191
, 64
, 180
, 75
, 54
, 201
, 97
, 158
, 90
, 165
, 19
, 236
, 183
, 72
, 136
, 119
, 116
, 139
, 110
, 145
, 94
, 161
, 188
, 67
, 202
, 53
, 192
, 63
, 30
, 225
, 156
, 99
, 186
, 69
, 208
, 47
, 59
, 196
, 90
, 165
, 159
, 96
, 242
, 13
, 248
, 7
, 124
, 131
, 230
, 25
, 97
, 158
, 178
, 77
, 250
, 5
, 7
, 248
, 15
, 240
, 76
, 179
, 223
, 32
, 197
, 58
, 97
, 158
, 152
, 103
, 165
, 90
, 143
, 112
, 228
, 27
, 249
, 6
, 204
, 51
, 23
, 232
, 179
, 76
, 102
, 153
, 52
, 203
, 31
, 224
, 130
, 125
, 103
, 152
, 34
, 221
, 150
, 105
, 55
, 200
, 115
, 140
, 205
, 50
, 192
, 63
, 59
, 196
, 15
, 240
, 114
, 141
, 51
, 204
, 34
, 221
, 32
, 223
, 218
, 37
, 234
, 21
, 179
, 76
, 72
, 183
, 179
, 76
, 4
, 251
, 21
, 234
, 132
, 123
, 54
, 201
, 62
, 193
, 183
, 72
, 195
, 60
, 244
, 11
, 239
, 16
