
91
, 293
, 14
, 115
, 192
, 289
, 18
, 144
, 163
, 288
, 19
, 72
, 235
, 275
, 32
, 169
, 138
, 190
, 117
, 126
, 181
, 243
, 64
, 159
, 148
, 42
, 265
, 78
, 229
, 176
, 131
, 11
, 296
, 4
, 303
, 182
, 125
, 176
, 131
, 23
, 284
, 122
, 185
, 135
, 172
, 40
, 267
, 294
, 13
, 94
, 213
, 267
, 40
, 76
, 231
, 243
, 64
, 271
, 36
, 257
, 50
, 47
, 260
, 268
, 39
, 135
, 172
, 239
, 68
, 22
, 285
, 81
, 226
, 169
, 138
, 4
, 303
, 8
, 299
, 61
, 246
, 300
, 7
, 214
, 93
, 92
, 215
, 244
, 63
, 172
, 135
, 135
, 172
, 144
, 163
, 178
, 129
, 129
, 178
, 84
, 223
, 196
, 111
, 13
, 294
, 100
, 207
, 49
, 258
, 171
, 136
, 80
, 227
, 107
, 200
, 106
, 201
, 269
, 38
, 51
, 256
, 71
, 236
, 94
, 213
, 105
, 202
, 187
, 120
, 76
, 231
, 100
, 207
, 10
, 297
, 159
, 148
, 253
, 54
, 37
, 270
, 223
, 84
, 97
, 210
, 162
, 145
, 47
, 260
, 301
, 6
, 189
, 118
, 77
, 230
, 22
, 285
, 9
, 298
, 93
, 214
, 51
, 256
, 26
, 281
, 244
, 63
, 10
, 297
, 19
, 288
, 14
, 293
, 52
, 255
, 15
, 292
, 290
, 17
, 20
, 287
, 218
, 80
, 9
