
92
, 5
, 104
, 19
, 90
, 47
, 62
, 13
, 96
, 43
, 66
, 17
, 92
, 22
, 87
, 42
, 67
, 86
, 23
, 41
, 68
, 67
, 42
, 96
, 13
, 17
, 92
, 107
, 2
, 38
, 71
, 60
, 49
, 41
, 68
, 56
, 53
, 29
, 80
, 107
, 2
, 47
, 62
, 65
, 44
, 21
, 88
, 100
, 9
, 65
, 44
, 93
, 16
, 64
, 45
, 12
, 97
, 26
, 83
, 77
, 32
, 86
, 23
, 53
, 56
, 19
, 90
, 18
, 91
, 20
, 89
, 40
, 69
, 20
, 89
, 63
, 46
, 6
, 103
, 16
, 93
, 50
, 59
, 62
, 47
, 12
, 97
, 103
, 6
, 66
, 43
, 94
, 15
, 75
, 34
, 82
, 27
, 21
, 88
, 64
, 45
, 93
, 16
, 35
, 74
, 28
, 81
, 30
, 79
, 10
, 99
, 45
, 64
, 82
, 27
, 48
, 61
, 63
, 46
, 55
, 54
, 49
, 60
, 13
, 96
, 67
, 42
, 84
, 25
, 8
, 101
, 62
, 47
, 16
, 93
, 69
, 40
, 18
, 91
, 29
, 80
, 15
, 94
, 56
, 53
, 46
, 63
, 6
, 103
, 47
, 62
, 93
, 16
, 2
, 107
, 106
, 3
, 54
, 55
, 101
, 8
, 31
, 78
, 3
, 106
, 94
, 15
, 99
, 10
, 44
, 65
, 26
, 83
, 30
, 79
, 44
, 65
, 10
, 99
, 7
, 102
, 6
, 103
, 64
, 45
