
92
, 143
, 25
, 71
, 97
, 118
, 50
, 138
, 30
, 66
, 102
, 34
, 134
, 100
, 68
, 102
, 66
, 78
, 90
, 134
, 34
, 91
, 77
, 8
, 160
, 36
, 132
, 48
, 120
, 34
, 134
, 55
, 113
, 27
, 141
, 23
, 145
, 14
, 154
, 103
, 65
, 139
, 29
, 84
, 84
, 2
, 166
, 139
, 29
, 153
, 15
, 115
, 53
, 117
, 51
, 52
, 116
, 18
, 150
, 166
, 2
, 120
, 48
, 155
, 13
, 75
, 93
, 166
, 2
, 7
, 161
, 61
, 107
, 140
, 28
, 1
, 167
, 138
, 30
, 52
, 116
, 63
, 105
, 7
, 161
, 90
, 78
, 67
, 101
, 10
, 158
, 6
, 162
, 10
, 158
, 125
, 43
, 11
, 157
, 86
, 82
, 132
, 36
, 8
, 160
, 87
, 81
, 155
, 13
, 15
, 153
, 160
, 8
, 86
, 82
, 86
, 82
, 51
, 117
, 61
, 107
, 96
, 72
, 108
, 60
, 93
, 75
, 118
, 50
, 76
, 92
, 55
, 113
, 140
, 28
, 68
, 100
, 140
, 28
, 67
, 101
, 126
, 42
, 70
, 98
, 56
, 112
, 115
, 53
, 127
, 41
, 38
, 130
, 61
, 107
, 59
, 109
, 2
, 166
, 90
, 78
, 73
, 95
, 24
, 144
, 76
, 92
, 135
, 33
, 39
, 129
, 88
, 80
, 18
, 150
, 148
, 20
, 166
, 2
, 129
, 39
, 96
, 72
, 154
, 9
, 5
