
93
, 8
, 29
, 18
, 19
, 5
, 32
, 4
, 33
, 21
, 16
, 22
, 15
, 27
, 10
, 19
, 18
, 35
, 2
, 25
, 12
, 31
, 6
, 24
, 13
, 27
, 10
, 33
, 4
, 17
, 20
, 11
, 26
, 13
, 24
, 1
, 36
, 3
, 34
, 32
, 5
, 29
, 8
, 26
, 11
, 9
, 28
, 19
, 18
, 2
, 35
, 27
, 10
, 33
, 4
, 3
, 34
, 22
, 15
, 11
, 26
, 26
, 11
, 26
, 11
, 14
, 23
, 3
, 34
, 5
, 32
, 29
, 8
, 19
, 18
, 7
, 30
, 11
, 26
, 35
, 2
, 3
, 34
, 7
, 30
, 13
, 24
, 24
, 13
, 2
, 35
, 30
, 7
, 31
, 6
, 24
, 13
, 8
, 29
, 4
, 33
, 26
, 11
, 10
, 27
, 12
, 25
, 31
, 6
, 22
, 15
, 20
, 17
, 5
, 32
, 13
, 24
, 17
, 20
, 10
, 27
, 10
, 27
, 14
, 23
, 16
, 21
, 13
, 24
, 20
, 17
, 3
, 34
, 6
, 31
, 10
, 27
, 14
, 23
, 8
, 29
, 29
, 8
, 30
, 7
, 11
, 26
, 14
, 23
, 17
, 20
, 11
, 26
, 9
, 28
, 8
, 29
, 18
, 19
, 3
, 34
, 23
, 14
, 34
, 3
, 33
, 4
, 21
, 16
, 11
, 26
, 15
, 22
, 16
, 21
, 2
, 35
, 8
, 29
, 18
, 19
, 3
, 34
, 28
, 9
, 30
, 1
, 6
