
940
, 30
, 24
, 12
, 42
, 19
, 35
, 4
, 50
, 19
, 35
, 34
, 20
, 46
, 8
, 49
, 5
, 44
, 10
, 23
, 31
, 30
, 24
, 2
, 52
, 3
, 51
, 22
, 32
, 40
, 14
, 43
, 11
, 46
, 8
, 42
, 12
, 11
, 43
, 17
, 37
, 13
, 41
, 17
, 37
, 25
, 29
, 13
, 41
, 3
, 51
, 27
, 27
, 5
, 49
, 31
, 23
, 24
, 30
, 30
, 24
, 42
, 12
, 23
, 31
, 48
, 6
, 28
, 26
, 6
, 48
, 47
, 7
, 13
, 41
, 50
, 4
, 5
, 49
, 10
, 44
, 29
, 25
, 34
, 20
, 26
, 28
, 5
, 49
, 3
, 51
, 14
, 40
, 1
, 53
, 10
, 44
, 35
, 19
, 22
, 32
, 52
, 2
, 51
, 3
, 36
, 18
, 36
, 18
, 28
, 26
, 7
, 47
, 43
, 11
, 12
, 42
, 20
, 34
, 41
, 13
, 25
, 29
, 3
, 51
, 24
, 30
, 22
, 32
, 26
, 28
, 37
, 17
, 15
, 39
, 47
, 7
, 38
, 16
, 18
, 36
, 52
, 2
, 8
, 46
, 6
, 48
, 21
, 33
, 11
, 43
, 48
, 6
, 33
, 21
, 41
, 13
, 50
, 4
, 30
, 24
, 14
, 40
, 50
, 4
, 25
, 29
, 7
, 47
, 38
, 16
, 51
, 3
, 15
, 39
, 35
, 19
, 14
, 40
, 24
, 30
, 9
, 45
, 20
, 34
, 41
, 13
, 47
, 7
, 13
, 41
, 9
, 45
, 42
, 12
, 39
, 15
, 45
, 9
, 30
, 24
, 10
, 44
, 10
, 44
, 20
, 34
, 3
, 51
, 33
, 21
, 42
, 12
, 11
, 43
, 44
, 10
, 24
, 30
, 45
, 9
, 3
, 51
, 13
, 41
, 44
, 10
, 35
, 19
, 7
, 47
, 27
, 27
, 1
, 53
, 19
, 35
, 22
, 32
, 20
, 34
, 10
, 44
, 49
, 5
, 21
, 33
, 9
, 45
, 30
, 24
, 21
, 33
, 45
, 9
, 46
, 8
, 13
, 41
, 19
, 35
, 17
, 37
, 11
, 43
, 44
, 10
, 48
, 6
, 5
, 49
, 23
, 31
, 29
, 25
, 48
, 6
, 28
, 26
, 43
, 11
, 15
, 39
, 26
, 28
, 4
, 50
, 16
, 38
, 6
, 48
, 10
, 44
, 36
, 18
, 8
, 46
, 48
, 6
, 12
, 42
, 7
, 47
, 22
, 32
, 13
, 41
, 42
, 12
, 26
, 28
, 46
, 8
, 16
, 38
, 19
, 35
, 25
, 29
, 21
, 33
, 24
, 30
, 17
, 37
, 37
, 17
, 19
, 35
, 39
, 15
, 49
, 5
, 52
, 2
, 24
, 30
, 38
, 16
, 17
, 37
, 22
, 32
, 24
, 30
, 32
, 22
, 10
, 44
, 23
, 31
, 46
, 8
, 39
, 15
, 5
, 49
, 4
, 50
, 6
, 48
, 3
, 51
, 12
, 42
, 21
, 33
, 42
, 12
, 3
, 51
, 30
, 24
, 19
, 35
, 48
, 6
, 15
, 39
, 37
, 17
, 49
, 5
, 4
, 50
, 27
, 27
, 51
, 3
, 30
, 24
, 52
, 2
, 8
, 46
, 11
, 43
, 32
, 22
, 21
, 33
, 21
, 33
, 45
, 9
, 19
, 35
, 42
, 12
, 11
, 43
, 20
, 34
, 52
, 2
, 45
, 9
, 42
, 12
, 39
, 15
, 2
, 52
, 30
, 24
, 30
, 24
, 12
, 42
, 41
, 13
, 39
, 15
, 9
, 45
, 40
, 14
, 1
, 53
, 23
, 31
, 38
, 16
, 15
, 39
, 11
, 43
, 2
, 52
, 10
, 44
, 7
, 47
, 32
, 22
, 7
, 47
, 39
, 15
, 9
, 45
, 10
, 44
, 21
, 33
, 36
, 18
, 41
, 13
, 18
, 36
, 51
, 3
, 20
, 34
, 42
, 12
, 31
, 23
, 33
, 21
, 37
, 17
, 32
, 22
, 13
, 41
, 15
, 39
, 13
, 41
, 10
, 44
, 10
, 44
, 35
, 19
, 32
, 22
, 40
, 14
, 22
, 32
, 11
, 43
, 25
, 29
, 31
, 23
, 49
, 5
, 11
, 43
, 50
, 4
, 35
, 19
, 41
, 13
, 29
, 25
, 35
, 19
, 52
, 2
, 13
, 41
, 9
, 45
, 47
, 7
, 49
, 5
, 42
, 12
, 41
, 13
, 32
, 22
, 15
, 39
, 21
, 33
, 26
, 28
, 45
, 9
, 25
, 29
, 15
, 39
, 19
, 35
, 26
, 28
, 49
, 5
, 32
, 22
, 43
, 11
, 45
, 9
, 26
, 28
, 45
, 9
, 2
, 52
, 29
, 25
, 24
, 30
, 39
, 15
, 51
, 3
, 40
, 14
, 16
, 38
, 8
, 46
, 23
, 31
, 26
, 28
, 44
, 10
, 52
, 2
, 2
, 52
, 26
, 28
, 23
, 31
, 11
, 43
, 9
, 45
, 37
, 17
, 47
, 7
, 15
, 39
, 16
, 38
, 45
, 9
, 23
, 31
, 9
, 45
, 41
, 13
, 21
, 33
, 19
, 35
, 19
, 35
, 19
, 35
, 14
, 40
, 13
, 41
, 17
, 37
, 15
, 39
, 8
, 46
, 11
, 43
, 41
, 13
, 46
, 8
, 38
, 16
, 34
, 20
, 15
, 39
, 44
, 10
, 26
, 28
, 49
, 5
, 40
, 14
, 11
, 43
, 42
, 12
, 4
, 50
, 27
, 27
, 22
, 32
, 52
, 2
, 51
, 3
, 34
, 20
, 4
, 50
, 13
, 41
, 49
, 5
, 3
, 51
, 16
, 38
, 19
, 35
, 11
, 43
, 51
, 3
, 11
, 43
, 21
, 33
, 11
, 43
, 11
, 43
, 23
, 31
, 52
, 2
, 23
, 31
, 46
, 8
, 37
, 17
, 30
, 24
, 41
, 13
, 44
, 10
, 45
, 9
, 26
, 28
, 33
, 21
, 16
, 38
, 27
, 27
, 36
, 18
, 10
, 44
, 21
, 33
, 19
, 35
, 10
, 44
, 43
, 11
, 21
, 33
, 21
, 33
, 17
, 37
, 32
, 22
, 43
, 11
, 46
, 8
, 3
, 51
, 12
, 42
, 12
, 42
, 10
, 44
, 7
, 47
, 40
, 14
, 15
, 39
, 23
, 31
, 24
, 30
, 52
, 2
, 35
, 19
, 5
, 49
, 37
, 17
, 48
, 6
, 28
, 26
, 21
, 33
, 38
, 16
, 13
, 41
, 46
, 8
, 2
, 52
, 40
, 14
, 50
, 4
, 31
, 23
, 10
, 44
, 41
, 13
, 2
, 52
, 28
, 26
, 21
, 33
, 22
, 32
, 26
, 28
, 4
, 50
, 39
, 15
, 6
, 48
, 7
, 47
, 4
, 50
, 22
, 32
, 9
, 45
, 21
, 33
, 51
, 3
, 31
, 23
, 39
, 15
, 24
, 30
, 24
, 30
, 34
, 20
, 10
, 44
, 45
, 9
, 35
, 19
, 7
, 47
, 43
, 11
, 24
, 30
, 2
, 52
, 23
, 31
, 43
, 11
, 42
, 12
, 10
, 44
, 5
, 49
, 50
, 4
, 18
, 36
, 22
, 32
, 9
, 45
, 19
, 35
, 19
, 35
, 46
, 8
, 17
, 37
, 5
, 49
, 26
, 28
, 18
, 36
, 44
, 10
, 21
, 33
, 50
, 4
, 32
, 22
, 41
, 13
, 18
, 36
, 10
, 44
, 40
, 14
, 21
, 33
, 11
, 43
, 5
, 49
, 45
, 9
, 17
, 37
, 7
, 47
, 12
, 42
, 26
, 28
, 23
, 31
, 7
, 47
, 27
, 27
, 16
, 38
, 38
, 16
, 48
, 6
, 15
, 39
, 3
, 51
, 32
, 22
, 1
, 53
, 51
, 3
, 1
, 53
, 42
, 12
, 36
, 18
, 50
, 4
, 20
, 34
, 43
, 11
, 27
, 27
, 48
, 6
, 15
, 39
, 49
, 5
, 49
, 5
, 40
, 14
, 39
, 15
, 36
, 18
, 6
, 48
, 33
, 21
, 24
, 30
, 36
, 18
, 7
, 47
, 12
, 42
, 42
, 12
, 40
, 14
, 16
, 38
, 25
, 29
, 48
, 6
, 18
, 36
, 35
, 19
, 49
, 5
, 45
, 9
, 12
, 42
, 39
, 15
, 1
, 53
, 49
, 5
, 42
, 12
, 18
, 36
, 20
, 34
, 5
, 49
, 23
, 31
, 44
, 10
, 24
, 30
, 35
, 19
, 11
, 43
, 43
, 11
, 39
, 15
, 45
, 9
, 36
, 18
, 27
, 27
, 6
, 48
, 44
, 10
, 14
, 40
, 39
, 15
, 22
, 32
, 51
, 3
, 38
, 16
, 11
, 43
, 47
, 7
, 43
, 11
, 4
, 50
, 17
, 37
, 20
, 34
, 44
, 10
, 29
, 25
, 13
, 41
, 37
, 17
, 25
, 29
, 29
, 25
, 31
, 23
, 24
, 30
, 19
, 35
, 25
, 29
, 52
, 2
, 11
, 43
, 44
, 10
, 24
, 30
, 29
, 25
, 15
, 39
, 10
, 44
, 13
, 41
, 35
, 19
, 21
, 33
, 39
, 15
, 33
, 21
, 38
, 16
, 32
, 22
, 25
, 29
, 10
, 44
, 40
, 14
, 31
, 23
, 48
, 6
, 23
, 31
, 27
, 27
, 5
, 49
, 13
, 41
, 32
, 22
, 43
, 11
, 51
, 3
, 26
, 28
, 46
, 8
, 19
, 35
, 28
, 26
, 6
, 48
, 40
, 14
, 32
, 22
, 10
, 44
, 28
, 26
, 25
, 29
, 14
, 40
, 16
, 38
, 17
, 37
, 14
, 40
, 4
, 50
, 40
, 14
, 2
, 52
, 27
, 27
, 5
, 49
, 29
, 25
, 3
, 51
, 15
, 39
, 50
, 4
, 6
, 48
, 50
, 4
, 29
, 25
, 42
, 12
, 32
, 22
, 39
, 15
, 45
, 9
, 36
, 18
, 36
, 18
, 4
, 50
, 7
, 47
, 30
, 24
, 6
, 48
, 39
, 15
, 36
, 18
, 8
, 46
, 52
, 2
, 22
, 32
, 10
, 44
, 14
, 40
, 12
, 42
, 29
, 25
, 20
, 34
, 31
, 23
, 14
, 40
, 43
, 11
, 12
, 42
, 49
, 5
, 25
, 29
, 6
, 48
, 13
, 41
, 37
, 17
, 32
, 22
, 42
, 12
, 22
, 32
, 52
, 2
, 31
, 23
, 3
, 51
, 50
, 4
, 24
, 30
, 45
, 9
, 27
, 27
, 31
, 23
, 24
, 30
, 37
, 17
, 29
, 25
, 52
, 2
, 31
, 23
, 36
, 18
, 16
, 38
, 30
, 24
, 26
, 28
, 37
, 17
, 2
, 52
, 43
, 11
, 30
, 24
, 22
, 32
, 28
, 26
, 50
, 4
, 36
, 18
, 13
, 41
, 43
, 11
, 23
, 31
, 49
, 5
, 34
, 20
, 42
, 12
, 37
, 17
, 49
, 5
, 6
, 48
, 37
, 17
, 27
, 27
, 8
, 46
, 48
, 6
, 24
, 30
, 8
, 46
, 6
, 48
, 50
, 4
, 11
, 43
, 47
, 7
, 42
, 12
, 40
, 14
, 18
, 36
, 8
, 46
, 14
, 40
, 14
, 40
, 15
, 39
, 19
, 35
, 49
, 5
, 16
, 38
, 21
, 33
, 11
, 43
, 12
, 42
, 16
, 38
, 7
, 47
, 42
, 12
, 14
, 40
, 25
, 29
, 21
, 33
, 3
, 51
, 16
, 38
, 37
, 17
, 23
, 31
, 21
, 33
, 14
, 40
, 4
, 50
, 20
, 34
, 38
, 16
, 11
, 43
, 49
, 5
, 17
, 37
, 28
, 26
, 16
, 38
, 51
, 3
, 46
, 8
, 2
, 52
, 44
, 10
, 48
, 6
, 44
, 10
, 20
, 34
, 45
, 9
, 2
, 52
, 41
, 13
, 8
, 46
, 48
, 6
, 17
, 37
, 42
, 12
, 43
, 11
, 5
, 49
, 14
, 40
, 32
, 22
, 10
, 44
, 50
, 4
, 44
, 10
, 34
, 20
, 47
, 7
, 4
, 50
, 12
, 42
, 17
, 37
, 48
, 6
, 15
, 39
, 41
, 13
, 30
, 24
, 52
, 2
, 37
, 17
, 6
, 48
, 9
, 45
, 50
, 4
, 14
, 40
, 29
, 25
, 23
, 31
, 37
, 17
, 50
, 4
, 52
, 2
, 25
, 29
, 11
, 43
, 43
, 11
, 2
, 52
, 23
, 31
, 32
, 22
, 11
, 43
, 6
, 48
, 11
, 43
, 8
, 46
, 16
, 38
, 30
, 24
, 32
, 22
, 38
, 16
, 5
, 49
, 27
, 27
, 52
, 2
, 26
, 28
, 14
, 40
, 37
, 17
, 31
, 23
, 39
, 15
, 18
, 36
, 30
, 24
, 38
, 16
, 30
, 24
, 23
, 31
, 10
, 44
, 4
, 50
, 12
, 42
, 36
, 18
, 31
, 23
, 37
, 17
, 42
, 12
, 43
, 11
, 36
, 18
, 1
, 53
, 33
, 21
, 42
, 12
, 30
, 24
, 6
, 48
, 11
, 43
, 18
, 36
, 25
, 29
, 30
, 24
, 47
, 7
, 45
, 9
, 36
, 18
, 43
, 11
, 31
, 23
, 34
, 20
, 23
, 31
, 23
, 31
, 51
, 3
, 9
, 45
, 2
, 52
, 26
, 28
, 24
, 30
, 40
, 14
, 12
, 42
, 45
, 9
, 19
, 35
, 3
, 51
, 14
, 40
, 49
, 5
, 17
, 37
, 11
, 43
, 39
, 15
, 35
, 19
, 52
, 2
, 27
, 27
, 22
, 32
, 1
, 53
, 52
, 2
, 40
, 14
, 32
, 22
, 46
, 8
, 16
, 38
, 52
, 2
, 27
, 27
, 34
, 20
, 12
, 42
, 15
, 39
, 19
, 35
, 47
, 7
, 3
, 51
, 34
, 20
, 19
, 35
, 11
, 43
, 8
, 46
, 33
, 21
, 51
, 3
, 7
, 47
, 40
, 14
, 33
, 21
, 50
, 4
, 22
, 32
, 17
, 37
, 12
, 42
, 45
, 9
, 22
, 32
, 1
, 53
, 23
, 31
, 5
, 49
, 48
, 6
, 21
, 33
, 15
, 39
, 40
, 14
, 35
, 19
, 45
, 9
, 17
, 37
, 40
, 14
, 7
, 47
, 8
, 46
, 5
, 49
, 37
, 17
, 38
, 16
, 47
, 7
, 39
, 15
, 8
, 46
, 19
, 35
, 33
, 21
, 51
, 3
, 1
, 53
, 21
, 33
, 4
, 50
, 52
, 2
, 41
, 13
, 12
, 42
, 22
, 32
, 3
, 51
, 34
, 20
, 32
, 22
, 18
, 36
, 1
, 53
, 37
, 17
, 11
, 43
, 50
, 4
, 26
, 28
, 32
, 22
, 12
, 42
, 12
, 42
, 34
, 20
, 39
, 15
, 40
, 14
, 17
, 37
, 17
, 37
, 38
, 16
, 23
, 31
, 16
, 38
, 1
, 53
, 15
, 39
, 41
, 13
, 43
, 11
, 51
, 3
, 6
, 48
, 11
, 43
, 3
, 51
, 19
, 35
, 25
, 29
, 24
, 30
, 29
, 25
, 12
, 42
, 25
, 29
, 22
, 32
, 17
, 37
, 45
, 9
, 47
, 7
, 31
, 23
, 19
, 35
, 3
, 51
, 37
, 17
, 1
, 53
, 50
, 4
, 34
, 20
, 14
, 40
, 22
, 32
, 32
, 22
, 5
, 49
, 23
, 31
, 37
, 17
, 36
, 18
, 47
, 7
, 37
, 17
, 2
, 52
, 39
, 15
, 40
, 14
, 14
, 40
, 52
, 2
, 15
, 39
, 17
, 37
, 23
, 31
, 45
, 9
, 48
, 6
, 29
, 25
, 12
, 42
, 5
, 49
, 15
, 39
, 40
, 14
, 52
, 2
, 43
, 11
, 2
, 52
