
94
, 11
, 124
, 116
, 19
, 77
, 58
, 28
, 107
, 131
, 4
, 64
, 71
, 60
, 75
, 15
, 120
, 87
, 48
, 49
, 86
, 107
, 28
, 92
, 43
, 49
, 86
, 58
, 77
, 95
, 40
, 89
, 46
, 2
, 133
, 118
, 17
, 112
, 23
, 69
, 66
, 63
, 72
, 70
, 65
, 83
, 52
, 100
, 35
, 55
, 80
, 23
, 112
, 71
, 64
, 74
, 61
, 42
, 93
, 66
, 69
, 79
, 56
, 126
, 9
, 66
, 69
, 2
, 133
, 91
, 44
, 90
, 45
, 47
, 88
, 51
, 84
, 31
, 104
, 104
, 31
, 46
, 89
, 44
, 91
, 27
, 108
, 18
, 117
, 46
, 89
, 108
, 27
, 65
, 70
, 133
, 2
, 9
, 126
, 128
, 7
, 94
, 41
, 113
, 22
, 64
, 71
, 31
, 104
, 103
, 32
, 99
, 36
, 50
, 85
, 24
, 111
, 31
, 104
, 108
, 27
, 12
, 123
, 48
, 87
, 42
, 93
, 93
, 42
, 69
, 66
, 23
, 112
, 50
, 85
, 58
, 77
, 55
, 80
, 112
, 23
, 54
, 81
, 17
, 118
, 52
, 83
, 74
, 61
, 106
, 29
, 57
, 78
, 86
, 49
, 79
, 56
, 43
, 92
, 50
, 85
, 62
, 73
, 76
, 59
, 37
, 98
, 118
, 17
, 35
, 100
, 69
, 66
, 113
, 22
, 35
, 100
, 36
, 99
, 8
, 127
, 124
, 11
, 24
, 111
, 75
, 60
, 11
, 124
