
94
, 2
, 38
, 6
, 34
, 7
, 33
, 32
, 8
, 16
, 24
, 6
, 34
, 33
, 7
, 33
, 7
, 32
, 8
, 13
, 27
, 25
, 15
, 5
, 35
, 8
, 32
, 20
, 20
, 24
, 16
, 34
, 6
, 2
, 38
, 12
, 28
, 5
, 35
, 8
, 32
, 29
, 11
, 22
, 18
, 1
, 39
, 16
, 24
, 34
, 6
, 8
, 32
, 17
, 23
, 10
, 30
, 1
, 39
, 17
, 23
, 33
, 7
, 23
, 17
, 7
, 33
, 2
, 38
, 22
, 18
, 37
, 3
, 36
, 4
, 23
, 17
, 18
, 22
, 4
, 36
, 1
, 39
, 36
, 4
, 34
, 6
, 34
, 6
, 1
, 39
, 25
, 15
, 35
, 5
, 3
, 37
, 38
, 2
, 17
, 23
, 34
, 6
, 37
, 3
, 36
, 4
, 31
, 9
, 31
, 9
, 28
, 12
, 14
, 26
, 19
, 21
, 37
, 3
, 6
, 34
, 2
, 38
, 33
, 7
, 26
, 14
, 7
, 33
, 33
, 7
, 28
, 12
, 17
, 23
, 16
, 24
, 27
, 13
, 32
, 8
, 6
, 34
, 36
, 4
, 20
, 20
, 2
, 38
, 9
, 31
, 13
, 27
, 30
, 10
, 22
, 18
, 17
, 23
, 23
, 17
, 16
, 24
, 8
, 32
, 32
, 8
, 16
, 24
, 23
, 17
, 15
, 25
, 32
, 8
, 36
, 4
, 26
, 14
, 5
, 35
, 23
, 17
, 22
, 18
, 22
, 18
, 35
, 1
, 4
