
95
, 10
, 19
, 26
, 3
, 6
, 23
, 10
, 19
, 23
, 6
, 17
, 12
, 16
, 13
, 12
, 17
, 15
, 14
, 15
, 14
, 9
, 20
, 16
, 13
, 26
, 3
, 21
, 8
, 10
, 19
, 1
, 28
, 2
, 27
, 14
, 15
, 27
, 2
, 23
, 6
, 8
, 21
, 15
, 14
, 11
, 18
, 7
, 22
, 4
, 25
, 12
, 17
, 20
, 9
, 9
, 20
, 24
, 5
, 6
, 23
, 8
, 21
, 26
, 3
, 21
, 8
, 21
, 8
, 3
, 26
, 18
, 11
, 1
, 28
, 10
, 19
, 14
, 15
, 4
, 25
, 15
, 14
, 8
, 21
, 4
, 25
, 22
, 7
, 21
, 8
, 13
, 16
, 10
, 19
, 19
, 10
, 14
, 15
, 12
, 17
, 23
, 6
, 13
, 16
, 10
, 19
, 1
, 28
, 12
, 17
, 11
, 18
, 2
, 27
, 8
, 21
, 22
, 7
, 19
, 10
, 14
, 15
, 6
, 23
, 5
, 24
, 14
, 15
, 15
, 14
, 19
, 10
, 18
, 11
, 17
, 12
, 20
, 9
, 11
, 18
, 24
, 5
, 9
, 20
, 3
, 26
, 25
, 4
, 20
, 9
, 18
, 11
, 5
, 24
, 20
, 9
, 21
, 8
, 5
, 24
, 15
, 14
, 17
, 12
, 11
, 18
, 9
, 20
, 17
, 12
, 16
, 13
, 24
, 5
, 15
, 14
, 10
, 19
, 27
, 2
, 20
, 9
, 5
, 24
, 12
, 17
, 7
, 22
, 3
, 26
