
960
, 5
, 101
, 35
, 71
, 79
, 27
, 31
, 75
, 75
, 31
, 97
, 9
, 46
, 60
, 14
, 92
, 19
, 87
, 96
, 10
, 58
, 48
, 45
, 61
, 36
, 70
, 49
, 57
, 7
, 99
, 73
, 33
, 69
, 37
, 95
, 11
, 77
, 29
, 39
, 67
, 73
, 33
, 75
, 31
, 48
, 58
, 35
, 71
, 13
, 93
, 50
, 56
, 31
, 75
, 60
, 46
, 28
, 78
, 31
, 75
, 33
, 73
, 36
, 70
, 66
, 40
, 68
, 38
, 62
, 44
, 90
, 16
, 17
, 89
, 39
, 67
, 14
, 92
, 16
, 90
, 19
, 87
, 60
, 46
, 95
, 11
, 54
, 52
, 84
, 22
, 54
, 52
, 83
, 23
, 28
, 78
, 98
, 8
, 55
, 51
, 32
, 74
, 92
, 14
, 86
, 20
, 38
, 68
, 52
, 54
, 63
, 43
, 76
, 30
, 3
, 103
, 49
, 57
, 46
, 60
, 37
, 69
, 50
, 56
, 3
, 103
, 63
, 43
, 33
, 73
, 8
, 98
, 51
, 55
, 64
, 42
, 94
, 12
, 86
, 20
, 104
, 2
, 81
, 25
, 70
, 36
, 1
, 105
, 82
, 24
, 68
, 38
, 52
, 54
, 36
, 70
, 72
, 34
, 56
, 50
, 35
, 71
, 18
, 88
, 93
, 13
, 8
, 98
, 100
, 6
, 62
, 44
, 62
, 44
, 62
, 44
, 82
, 24
, 88
, 18
, 39
, 67
, 19
, 87
, 61
, 45
, 87
, 19
, 29
, 77
, 56
, 50
, 50
, 56
, 103
, 3
, 17
, 89
, 93
, 13
, 95
, 11
, 46
, 60
, 10
, 96
, 99
, 7
, 57
, 49
, 45
, 61
, 82
, 24
, 26
, 80
, 53
, 53
, 85
, 21
, 63
, 43
, 62
, 44
, 47
, 59
, 36
, 70
, 67
, 39
, 48
, 58
, 51
, 55
, 17
, 89
, 76
, 30
, 78
, 28
, 51
, 55
, 99
, 7
, 65
, 41
, 69
, 37
, 78
, 28
, 33
, 73
, 56
, 50
, 97
, 9
, 40
, 66
, 68
, 38
, 96
, 10
, 36
, 70
, 41
, 65
, 96
, 10
, 54
, 52
, 26
, 80
, 85
, 21
, 69
, 37
, 34
, 72
, 93
, 13
, 54
, 52
, 71
, 35
, 30
, 76
, 102
, 4
, 87
, 19
, 50
, 56
, 31
, 75
, 83
, 23
, 91
, 15
, 104
, 2
, 12
, 94
, 20
, 86
, 71
, 35
, 76
, 30
, 100
, 6
, 20
, 86
, 27
, 79
, 95
, 11
, 5
, 101
, 84
, 22
, 27
, 79
, 59
, 47
, 67
, 39
, 8
, 98
, 43
, 63
, 29
, 77
, 24
, 82
, 81
, 25
, 49
, 57
, 34
, 72
, 28
, 78
, 93
, 13
, 100
, 6
, 52
, 54
, 40
, 66
, 15
, 91
, 36
, 70
, 62
, 44
, 86
, 20
, 52
, 54
, 94
, 12
, 6
, 100
, 37
, 69
, 96
, 10
, 92
, 14
, 62
, 44
, 96
, 10
, 29
, 77
, 103
, 3
, 7
, 99
, 12
, 94
, 27
, 79
, 80
, 26
, 78
, 28
, 44
, 62
, 53
, 53
, 54
, 52
, 68
, 38
, 34
, 72
, 99
, 7
, 102
, 4
, 35
, 71
, 28
, 78
, 29
, 77
, 61
, 45
, 36
, 70
, 74
, 32
, 89
, 17
, 49
, 57
, 39
, 67
, 6
, 100
, 2
, 104
, 68
, 38
, 65
, 41
, 57
, 49
, 28
, 78
, 58
, 48
, 98
, 8
, 48
, 58
, 82
, 24
, 48
, 58
, 34
, 72
, 45
, 61
, 90
, 16
, 61
, 45
, 44
, 62
, 10
, 96
, 27
, 79
, 32
, 74
, 76
, 30
, 57
, 49
, 76
, 30
, 47
, 59
, 103
, 3
, 27
, 79
, 94
, 12
, 21
, 85
, 52
, 54
, 43
, 63
, 40
, 66
, 52
, 54
, 41
, 65
, 93
, 13
, 54
, 52
, 55
, 51
, 103
, 3
, 26
, 80
, 74
, 32
, 17
, 89
, 2
, 104
, 88
, 18
, 11
, 95
, 44
, 62
, 58
, 48
, 101
, 5
, 40
, 66
, 80
, 26
, 18
, 88
, 97
, 9
, 22
, 84
, 7
, 99
, 91
, 15
, 5
, 101
, 41
, 65
, 67
, 39
, 14
, 92
, 18
, 88
, 47
, 59
, 55
, 51
, 52
, 54
, 49
, 57
, 17
, 89
, 14
, 92
, 20
, 86
, 46
, 60
, 70
, 36
, 4
, 102
, 87
, 19
, 27
, 79
, 62
, 44
, 65
, 41
, 56
, 50
, 71
, 35
, 79
, 27
, 60
, 46
, 68
, 38
, 19
, 87
, 33
, 73
, 45
, 61
, 3
, 103
, 44
, 62
, 19
, 87
, 25
, 81
, 43
, 63
, 31
, 75
, 25
, 81
, 24
, 82
, 97
, 9
, 54
, 52
, 47
, 59
, 38
, 68
, 80
, 26
, 36
, 70
, 30
, 76
, 57
, 49
, 61
, 45
, 79
, 27
, 40
, 66
, 64
, 42
, 51
, 55
, 55
, 51
, 37
, 69
, 10
, 96
, 10
, 96
, 44
, 62
, 50
, 56
, 59
, 47
, 2
, 104
, 95
, 11
, 7
, 99
, 39
, 67
, 19
, 87
, 41
, 65
, 35
, 71
, 97
, 9
, 39
, 67
, 24
, 82
, 32
, 74
, 30
, 76
, 95
, 11
, 98
, 8
, 42
, 64
, 100
, 6
, 104
, 2
, 87
, 19
, 102
, 4
, 72
, 34
, 82
, 24
, 94
, 12
, 84
, 22
, 24
, 82
, 13
, 93
, 3
, 103
, 95
, 11
, 4
, 102
, 17
, 89
, 28
, 78
, 58
, 48
, 42
, 64
, 87
, 19
, 69
, 37
, 25
, 81
, 75
, 31
, 80
, 26
, 79
, 27
, 95
, 11
, 24
, 82
, 76
, 30
, 19
, 87
, 78
, 28
, 57
, 49
, 79
, 27
, 27
, 79
, 14
, 92
, 21
, 85
, 70
, 36
, 42
, 64
, 17
, 89
, 17
, 89
, 33
, 73
, 86
, 20
, 96
, 10
, 103
, 3
, 77
, 29
, 11
, 95
, 83
, 23
, 102
, 4
, 80
, 26
, 34
, 72
, 26
, 80
, 48
, 58
, 39
, 67
, 58
, 48
, 13
, 93
, 33
, 73
, 43
, 63
, 19
, 87
, 23
, 83
, 57
, 49
, 30
, 76
, 104
, 2
, 29
, 77
, 87
, 19
, 13
, 93
, 103
, 3
, 41
, 65
, 100
, 6
, 43
, 63
, 66
, 40
, 32
, 74
, 71
, 35
, 23
, 83
, 60
, 46
, 8
, 98
, 77
, 29
, 56
, 50
, 42
, 64
, 99
, 7
, 28
, 78
, 82
, 24
, 11
, 95
, 31
, 75
, 28
, 78
, 29
, 77
, 95
, 11
, 87
, 19
, 14
, 92
, 100
, 6
, 51
, 55
, 57
, 49
, 81
, 25
, 48
, 58
, 18
, 88
, 27
, 79
, 73
, 33
, 88
, 18
, 64
, 42
, 104
, 2
, 31
, 75
, 14
, 92
, 35
, 71
, 81
, 25
, 51
, 55
, 65
, 41
, 25
, 81
, 41
, 65
, 89
, 17
, 83
, 23
, 8
, 98
, 93
, 13
, 51
, 55
, 94
, 12
, 21
, 85
, 16
, 90
, 38
, 68
, 97
, 9
, 57
, 49
, 59
, 47
, 25
, 81
, 60
, 46
, 46
, 60
, 94
, 12
, 37
, 69
, 97
, 9
, 45
, 61
, 95
, 11
, 9
, 97
, 48
, 58
, 64
, 42
, 38
, 68
, 6
, 100
, 27
, 79
, 88
, 18
, 53
, 53
, 70
, 36
, 60
, 46
, 27
, 79
, 104
, 2
, 93
, 13
, 2
, 104
, 11
, 95
, 77
, 29
, 1
, 105
, 72
, 34
, 37
, 69
, 70
, 36
, 39
, 67
, 48
, 58
, 61
, 45
, 18
, 88
, 100
, 6
, 8
, 98
, 47
, 59
, 62
, 44
, 38
, 68
, 3
, 103
, 54
, 52
, 19
, 87
, 22
, 84
, 33
, 73
, 96
, 10
, 58
, 48
, 92
, 14
, 49
, 57
, 27
, 79
, 57
, 49
, 77
, 29
, 102
, 4
, 81
, 25
, 59
, 47
, 99
, 7
, 88
, 18
, 7
, 99
, 18
, 88
, 7
, 99
, 29
, 77
, 81
, 25
, 19
, 87
, 11
, 95
, 83
, 23
, 83
, 23
, 57
, 49
, 6
, 100
, 90
, 16
, 58
, 48
, 20
, 86
, 30
, 76
, 38
, 68
, 81
, 25
, 23
, 83
, 15
, 91
, 24
, 82
, 61
, 45
, 28
, 78
, 10
, 96
, 72
, 34
, 96
, 10
, 46
, 60
, 86
, 20
, 7
, 99
, 10
, 96
, 3
, 103
, 3
, 103
, 25
, 81
, 48
, 58
, 85
, 21
, 11
, 95
, 48
, 58
, 30
, 76
, 11
, 95
, 50
, 56
, 86
, 20
, 44
, 62
, 56
, 50
, 104
, 2
, 98
, 8
, 28
, 78
, 3
, 103
, 16
, 90
, 101
, 5
, 43
, 63
, 36
, 70
, 32
, 74
, 7
, 99
, 18
, 88
, 59
, 47
, 14
, 92
, 79
, 27
, 12
, 94
, 28
, 78
, 29
, 77
, 46
, 60
, 3
, 103
, 41
, 65
, 46
, 60
, 18
, 88
, 38
, 68
, 40
, 66
, 10
, 96
, 10
, 96
, 27
, 79
, 14
, 92
, 53
, 53
, 16
, 90
, 33
, 73
, 52
, 54
, 1
, 105
, 31
, 75
, 76
, 30
, 58
, 48
, 100
, 6
, 12
, 94
, 100
, 6
, 89
, 17
, 52
, 54
, 86
, 20
, 71
, 35
, 10
, 96
, 36
, 70
, 41
, 65
, 54
, 52
, 90
, 16
, 94
, 12
, 53
, 53
, 37
, 69
, 36
, 70
, 59
, 47
, 52
, 54
, 44
, 62
, 91
, 15
, 13
, 93
, 38
, 68
, 21
, 85
, 102
, 4
, 102
, 4
, 56
, 50
, 99
, 7
, 80
, 26
, 84
, 22
, 58
, 48
, 14
, 92
, 8
, 98
, 89
, 17
, 22
, 84
, 16
, 90
, 41
, 65
, 71
, 35
, 97
, 9
, 55
, 51
, 5
, 101
, 100
, 6
, 78
, 28
, 6
, 100
, 96
, 10
, 56
, 50
, 87
, 19
, 57
, 49
, 56
, 50
, 90
, 16
, 92
, 14
, 9
, 97
, 93
, 13
, 93
, 13
, 72
, 34
, 96
, 10
, 42
, 64
, 29
, 77
, 101
, 5
, 43
, 63
, 52
, 54
, 12
, 94
, 5
, 101
, 101
, 5
, 88
, 18
, 50
, 56
, 11
, 95
, 28
, 78
, 63
, 43
, 72
, 34
, 69
, 37
, 6
, 100
, 49
, 57
, 62
, 44
, 53
, 53
, 50
, 56
, 5
, 101
, 100
, 6
, 94
, 12
, 87
, 19
, 103
, 3
, 91
, 15
, 50
, 56
, 28
, 78
, 95
, 11
, 19
, 87
, 42
, 64
, 43
, 63
, 55
, 51
, 46
, 60
, 55
, 51
, 29
, 77
, 99
, 7
, 65
, 41
, 5
, 101
, 89
, 17
, 85
, 21
, 73
, 33
, 73
, 33
, 5
, 101
, 48
, 58
, 97
, 9
, 50
, 56
, 66
, 40
, 16
, 90
, 20
, 86
, 27
, 79
, 46
, 60
, 87
, 19
, 44
, 62
, 29
, 77
, 14
, 92
, 34
, 72
, 86
, 20
, 62
, 44
, 91
, 15
, 87
, 19
, 35
, 71
, 11
, 95
, 94
, 12
, 75
, 31
, 52
, 54
, 3
, 103
, 41
, 65
, 4
, 102
, 36
, 70
, 95
, 11
, 14
, 92
, 60
, 46
, 41
, 65
, 65
, 41
, 88
, 18
, 81
, 25
, 41
, 65
, 62
, 44
, 44
, 62
, 80
, 26
, 96
, 10
, 76
, 30
, 45
, 61
, 104
, 2
, 83
, 23
, 61
, 45
, 1
, 105
, 5
, 101
, 24
, 82
, 96
, 10
, 90
, 16
, 30
, 76
, 94
, 12
, 52
, 54
, 93
, 13
, 19
, 87
, 58
, 48
, 64
, 42
, 100
, 6
, 61
, 45
, 51
, 55
, 20
, 86
, 41
, 65
, 28
, 78
, 26
, 80
, 59
, 47
, 54
, 52
, 3
, 103
, 91
, 15
, 47
, 59
, 68
, 38
, 8
, 98
, 4
, 102
, 76
, 30
, 74
, 32
, 104
, 2
, 96
, 10
, 74
, 32
, 74
, 32
, 58
, 48
, 49
, 57
, 12
, 94
, 21
, 85
, 93
, 13
, 37
, 69
, 94
, 12
, 101
, 5
, 60
, 46
, 39
, 67
, 81
, 25
, 49
, 57
, 56
, 50
, 83
, 23
, 16
, 90
, 53
, 53
, 10
, 96
, 28
, 78
, 82
, 24
, 86
, 20
, 73
, 33
, 72
, 34
, 47
, 59
, 88
, 18
, 54
, 52
, 88
, 18
, 60
, 46
, 35
, 71
, 79
, 27
, 100
, 6
, 95
, 11
, 29
, 77
, 104
, 2
, 88
, 18
, 69
, 37
, 58
, 48
, 58
, 48
, 57
, 49
, 78
, 28
, 34
, 72
, 16
, 90
, 29
, 77
, 104
, 2
, 30
, 76
, 101
, 5
, 85
, 21
, 31
, 75
, 80
, 26
, 70
, 36
, 5
, 101
, 15
, 91
, 34
, 72
, 93
, 13
, 47
, 59
, 87
, 19
, 70
, 36
, 5
, 101
, 93
, 13
, 70
, 36
, 72
, 34
, 32
, 74
, 28
, 78
, 56
, 50
, 15
, 91
, 81
, 25
, 24
, 82
, 80
, 26
, 72
, 34
, 28
, 78
, 6
, 100
, 96
, 10
, 14
, 92
, 3
, 103
, 58
, 48
, 47
, 59
, 6
, 100
, 85
, 21
, 97
, 9
, 32
, 74
, 31
, 75
, 95
, 11
, 28
, 78
, 14
, 92
, 68
, 38
, 59
, 47
, 48
, 58
, 1
, 105
, 94
, 12
, 8
, 98
, 81
, 25
, 73
, 33
, 21
, 85
, 19
, 87
, 90
, 16
, 30
, 76
, 101
, 5
, 29
, 77
, 31
, 75
, 53
, 53
, 18
, 88
, 99
, 7
, 38
, 68
, 54
, 52
, 44
, 62
, 74
, 32
, 32
, 74
, 5
, 101
, 57
, 49
, 85
, 21
, 69
, 37
, 46
, 60
, 2
, 104
, 56
, 50
, 56
, 50
, 38
, 68
, 40
, 66
, 91
, 15
, 50
, 56
, 97
, 9
, 99
, 7
, 44
, 62
, 42
, 64
, 104
, 2
, 65
, 41
, 17
, 89
, 89
, 17
, 8
, 98
, 59
, 47
, 52
, 54
, 97
, 9
, 56
, 50
, 91
, 15
, 6
, 100
, 16
, 90
, 78
, 28
, 62
, 44
, 95
, 11
, 78
, 28
, 89
, 17
, 66
, 40
, 99
, 7
, 87
, 19
, 61
, 45
, 20
, 86
, 84
, 22
, 9
, 97
, 76
, 30
, 69
, 37
, 43
, 63
, 30
, 76
, 13
, 93
, 91
, 15
, 69
, 37
, 96
, 10
, 13
, 93
, 89
, 17
, 18
, 88
, 45
, 61
, 24
, 82
, 1
, 105
, 51
, 55
, 62
, 44
, 74
, 32
, 61
, 45
, 77
, 29
, 58
, 48
, 9
, 97
, 99
, 7
, 82
, 24
, 97
, 9
, 77
, 29
, 13
, 93
, 104
, 2
, 35
, 71
, 30
, 76
, 67
, 39
, 94
, 12
, 8
, 98
, 91
, 15
, 75
, 31
, 46
, 60
, 80
, 26
, 38
, 68
, 97
, 9
, 50
, 56
, 51
, 55
, 42
, 64
, 83
, 23
, 5
, 101
, 97
, 9
, 71
, 35
, 96
, 10
, 9
, 97
, 54
, 52
, 34
, 72
, 78
, 28
, 12
, 94
, 32
, 74
, 74
, 32
, 39
, 67
, 4
, 102
, 59
, 47
, 93
, 13
, 32
, 74
, 70
, 36
