
97
, 40
, 163
, 114
, 89
, 104
, 99
, 170
, 33
, 184
, 19
, 116
, 87
, 9
, 194
, 58
, 145
, 111
, 92
, 102
, 101
, 107
, 96
, 149
, 54
, 3
, 200
, 6
, 197
, 25
, 178
, 101
, 102
, 91
, 112
, 12
, 191
, 132
, 71
, 63
, 140
, 73
, 130
, 133
, 70
, 93
, 110
, 145
, 58
, 2
, 201
, 197
, 6
, 97
, 106
, 184
, 19
, 184
, 19
, 90
, 113
, 44
, 159
, 43
, 160
, 28
, 175
, 194
, 9
, 36
, 167
, 196
, 7
, 179
, 24
, 73
, 130
, 87
, 116
, 91
, 112
, 171
, 32
, 167
, 36
, 117
, 86
, 83
, 120
, 36
, 167
, 143
, 60
, 110
, 93
, 114
, 89
, 45
, 158
, 144
, 59
, 155
, 48
, 184
, 19
, 58
, 145
, 48
, 155
, 25
, 178
, 106
, 97
, 14
, 189
, 121
, 82
, 146
, 57
, 11
, 192
, 43
, 160
, 164
, 39
, 121
, 82
, 145
, 58
, 46
, 157
, 135
, 68
, 58
, 145
, 137
, 66
, 127
, 76
, 183
, 20
, 175
, 28
, 22
, 181
, 61
, 142
, 7
, 196
, 30
, 173
, 136
, 67
, 29
, 174
, 157
, 46
, 136
, 67
, 32
, 171
, 33
, 170
, 185
, 18
, 77
, 126
, 43
, 160
, 189
, 14
, 106
, 97
, 121
, 82
, 6
, 197
, 46
, 157
, 113
, 90
, 51
, 152
, 91
, 112
, 133
, 70
, 99
, 104
, 114
, 89
, 113
, 90
, 144
, 11
, 48
