
98
, 98
, 204
, 20
, 282
, 174
, 128
, 111
, 191
, 173
, 129
, 75
, 227
, 85
, 217
, 26
, 276
, 300
, 2
, 22
, 280
, 58
, 244
, 75
, 227
, 49
, 253
, 5
, 297
, 108
, 194
, 20
, 282
, 33
, 269
, 194
, 108
, 222
, 80
, 29
, 273
, 97
, 205
, 125
, 177
, 184
, 118
, 169
, 133
, 122
, 180
, 103
, 199
, 153
, 149
, 271
, 31
, 194
, 108
, 238
, 64
, 193
, 109
, 26
, 276
, 47
, 255
, 26
, 276
, 240
, 62
, 73
, 229
, 234
, 68
, 211
, 91
, 225
, 77
, 264
, 38
, 77
, 225
, 189
, 113
, 237
, 65
, 257
, 45
, 176
, 126
, 129
, 173
, 295
, 7
, 119
, 183
, 120
, 182
, 192
, 110
, 2
, 300
, 50
, 252
, 105
, 197
, 263
, 39
, 252
, 50
, 195
, 107
, 171
, 131
, 41
, 261
, 159
, 143
, 43
, 259
, 289
, 13
, 177
, 125
, 49
, 253
, 87
, 215
, 300
, 2
, 286
, 16
, 85
, 217
, 5
, 297
, 226
, 76
, 15
, 287
, 300
, 2
, 57
, 245
, 157
, 145
, 107
, 195
, 23
, 279
, 72
, 230
, 1
, 301
, 112
, 190
, 297
, 5
, 70
, 232
, 187
, 115
, 260
, 42
, 30
, 272
, 86
, 216
, 184
, 118
, 54
, 248
, 57
, 245
, 140
, 162
, 54
, 248
, 221
, 81
, 244
, 58
, 228
, 74
, 194
, 108
, 253
, 49
, 286
, 16
, 2
, 300
, 5
, 297
, 48
, 141
, 113
