
99
, 25
, 8
, 4
, 29
, 8
, 25
, 15
, 18
, 22
, 11
, 22
, 11
, 1
, 32
, 2
, 31
, 19
, 14
, 6
, 27
, 16
, 17
, 3
, 30
, 12
, 21
, 26
, 7
, 26
, 7
, 2
, 31
, 9
, 24
, 23
, 10
, 28
, 5
, 5
, 28
, 26
, 7
, 22
, 11
, 3
, 30
, 28
, 5
, 14
, 19
, 10
, 23
, 9
, 24
, 24
, 9
, 4
, 29
, 10
, 23
, 21
, 12
, 1
, 32
, 22
, 11
, 2
, 31
, 27
, 6
, 27
, 6
, 25
, 8
, 13
, 20
, 17
, 16
, 10
, 23
, 16
, 17
, 26
, 7
, 24
, 9
, 25
, 8
, 18
, 15
, 26
, 7
, 3
, 30
, 21
, 12
, 31
, 2
, 8
, 25
, 10
, 23
, 15
, 18
, 26
, 7
, 30
, 3
, 10
, 23
, 18
, 15
, 18
, 15
, 3
, 30
, 20
, 13
, 4
, 29
, 5
, 28
, 21
, 12
, 31
, 2
, 13
, 20
, 13
, 20
, 18
, 15
, 13
, 20
, 31
, 2
, 8
, 25
, 12
, 21
, 4
, 29
, 7
, 26
, 11
, 22
, 12
, 21
, 12
, 21
, 1
, 32
, 28
, 5
, 6
, 27
, 9
, 24
, 30
, 3
, 7
, 26
, 2
, 31
, 22
, 11
, 10
, 23
, 5
, 28
, 31
, 2
, 24
, 9
, 10
, 23
, 3
, 30
, 12
, 21
, 1
, 32
, 8
, 25
, 15
, 18
, 15
, 18
, 24
, 9
, 3
, 30
, 26
, 7
, 4
, 29
, 20
, 4
, 9
