
1000
, 88
, 20
, 16
, 92
, 98
, 10
, 96
, 12
, 90
, 18
, 8
, 100
, 66
, 42
, 11
, 97
, 93
, 15
, 95
, 13
, 20
, 88
, 79
, 29
, 2
, 106
, 68
, 40
, 75
, 33
, 88
, 20
, 84
, 24
, 78
, 30
, 82
, 26
, 77
, 31
, 23
, 85
, 99
, 9
, 26
, 82
, 33
, 75
, 102
, 6
, 72
, 36
, 94
, 14
, 26
, 82
, 59
, 49
, 46
, 62
, 97
, 11
, 77
, 31
, 93
, 15
, 34
, 74
, 91
, 17
, 61
, 47
, 3
, 105
, 74
, 34
, 73
, 35
, 71
, 37
, 98
, 10
, 46
, 62
, 40
, 68
, 23
, 85
, 33
, 75
, 27
, 81
, 69
, 39
, 72
, 36
, 104
, 4
, 16
, 92
, 95
, 13
, 60
, 48
, 5
, 103
, 49
, 59
, 17
, 91
, 72
, 36
, 58
, 50
, 1
, 107
, 1
, 107
, 101
, 7
, 52
, 56
, 4
, 104
, 93
, 15
, 5
, 103
, 2
, 106
, 47
, 61
, 13
, 95
, 81
, 27
, 3
, 105
, 12
, 96
, 34
, 74
, 1
, 107
, 22
, 86
, 49
, 59
, 4
, 104
, 50
, 58
, 93
, 15
, 103
, 5
, 51
, 57
, 25
, 83
, 56
, 52
, 100
, 8
, 65
, 43
, 19
, 89
, 80
, 28
, 5
, 103
, 36
, 72
, 17
, 91
, 76
, 32
, 98
, 10
, 57
, 51
, 19
, 89
, 90
, 18
, 13
, 95
, 75
, 33
, 23
, 85
, 39
, 69
, 71
, 37
, 71
, 37
, 85
, 23
, 28
, 80
, 27
, 81
, 18
, 90
, 70
, 38
, 29
, 79
, 94
, 14
, 61
, 47
, 26
, 82
, 5
, 103
, 64
, 44
, 51
, 57
, 20
, 88
, 96
, 12
, 19
, 89
, 65
, 43
, 7
, 101
, 35
, 73
, 5
, 103
, 7
, 101
, 98
, 10
, 31
, 77
, 99
, 9
, 87
, 21
, 50
, 58
, 55
, 53
, 11
, 97
, 45
, 63
, 38
, 70
, 73
, 35
, 78
, 30
, 38
, 70
, 93
, 15
, 88
, 20
, 42
, 66
, 34
, 74
, 58
, 50
, 13
, 95
, 71
, 37
, 27
, 81
, 83
, 25
, 59
, 49
, 59
, 49
, 85
, 23
, 4
, 104
, 4
, 104
, 96
, 12
, 95
, 13
, 31
, 77
, 73
, 35
, 11
, 97
, 44
, 64
, 69
, 39
, 33
, 75
, 44
, 64
, 26
, 82
, 83
, 25
, 48
, 60
, 64
, 44
, 5
, 103
, 19
, 89
, 45
, 63
, 94
, 14
, 56
, 52
, 52
, 56
, 46
, 62
, 49
, 59
, 38
, 70
, 35
, 73
, 85
, 23
, 41
, 67
, 50
, 58
, 31
, 77
, 77
, 31
, 68
, 40
, 39
, 69
, 4
, 104
, 83
, 25
, 5
, 103
, 7
, 101
, 104
, 4
, 80
, 28
, 73
, 35
, 14
, 94
, 61
, 47
, 65
, 43
, 16
, 92
, 54
, 54
, 103
, 5
, 28
, 80
, 6
, 102
, 95
, 13
, 28
, 80
, 54
, 54
, 49
, 59
, 20
, 88
, 95
, 13
, 21
, 87
, 86
, 22
, 86
, 22
, 59
, 49
, 52
, 56
, 15
, 93
, 36
, 72
, 60
, 48
, 72
, 36
, 102
, 6
, 44
, 64
, 79
, 29
, 69
, 39
, 32
, 76
, 71
, 37
, 75
, 33
, 62
, 46
, 72
, 36
, 87
, 21
, 11
, 97
, 54
, 54
, 11
, 97
, 37
, 71
, 59
, 49
, 68
, 40
, 106
, 2
, 12
, 96
, 28
, 80
, 68
, 40
, 9
, 99
, 25
, 83
, 72
, 36
, 64
, 44
, 88
, 20
, 66
, 42
, 55
, 53
, 90
, 18
, 91
, 17
, 95
, 13
, 4
, 104
, 91
, 17
, 62
, 46
, 47
, 61
, 32
, 76
, 99
, 9
, 48
, 60
, 47
, 61
, 41
, 67
, 93
, 15
, 63
, 45
, 103
, 5
, 33
, 75
, 3
, 105
, 2
, 106
, 99
, 9
, 46
, 62
, 35
, 73
, 92
, 16
, 13
, 95
, 33
, 75
, 14
, 94
, 44
, 64
, 41
, 67
, 89
, 19
, 104
, 4
, 26
, 82
, 23
, 85
, 46
, 62
, 74
, 34
, 5
, 103
, 76
, 32
, 7
, 101
, 13
, 95
, 44
, 64
, 50
, 58
, 99
, 9
, 84
, 24
, 15
, 93
, 97
, 11
, 35
, 73
, 104
, 4
, 66
, 42
, 17
, 91
, 82
, 26
, 21
, 87
, 82
, 26
, 52
, 56
, 105
, 3
, 49
, 59
, 13
, 95
, 83
, 25
, 14
, 94
, 66
, 42
, 19
, 89
, 34
, 74
, 10
, 98
, 39
, 69
, 106
, 2
, 86
, 22
, 26
, 82
, 42
, 66
, 37
, 71
, 100
, 8
, 1
, 107
, 74
, 34
, 13
, 95
, 17
, 91
, 49
, 59
, 65
, 43
, 62
, 46
, 82
, 26
, 23
, 85
, 31
, 77
, 25
, 83
, 16
, 92
, 102
, 6
, 93
, 15
, 103
, 5
, 50
, 58
, 86
, 22
, 106
, 2
, 99
, 9
, 99
, 9
, 75
, 33
, 98
, 10
, 62
, 46
, 74
, 34
, 74
, 34
, 71
, 37
, 57
, 51
, 48
, 60
, 4
, 104
, 40
, 68
, 76
, 32
, 21
, 87
, 106
, 2
, 59
, 49
, 73
, 35
, 50
, 58
, 71
, 37
, 44
, 64
, 34
, 74
, 97
, 11
, 27
, 81
, 90
, 18
, 99
, 9
, 81
, 27
, 12
, 96
, 98
, 10
, 64
, 44
, 16
, 92
, 17
, 91
, 85
, 23
, 105
, 3
, 33
, 75
, 16
, 92
, 1
, 107
, 79
, 29
, 45
, 63
, 105
, 3
, 48
, 60
, 25
, 83
, 88
, 20
, 88
, 20
, 98
, 10
, 58
, 50
, 45
, 63
, 64
, 44
, 87
, 21
, 77
, 31
, 24
, 84
, 18
, 90
, 20
, 88
, 53
, 55
, 101
, 7
, 99
, 9
, 61
, 47
, 27
, 81
, 92
, 16
, 28
, 80
, 9
, 99
, 58
, 50
, 24
, 84
, 6
, 102
, 80
, 28
, 84
, 24
, 39
, 69
, 98
, 10
, 11
, 97
, 83
, 25
, 105
, 3
, 34
, 74
, 86
, 22
, 59
, 49
, 54
, 54
, 13
, 95
, 99
, 9
, 27
, 81
, 52
, 56
, 92
, 16
, 64
, 44
, 47
, 61
, 36
, 72
, 34
, 74
, 8
, 100
, 91
, 17
, 94
, 14
, 5
, 103
, 63
, 45
, 4
, 104
, 53
, 55
, 18
, 90
, 104
, 4
, 102
, 6
, 82
, 26
, 3
, 105
, 87
, 21
, 34
, 74
, 17
, 91
, 102
, 6
, 84
, 24
, 6
, 102
, 47
, 61
, 7
, 101
, 24
, 84
, 4
, 104
, 10
, 98
, 31
, 77
, 32
, 76
, 61
, 47
, 80
, 28
, 66
, 42
, 32
, 76
, 91
, 17
, 22
, 86
, 101
, 7
, 79
, 29
, 79
, 29
, 83
, 25
, 77
, 31
, 105
, 3
, 95
, 13
, 70
, 38
, 77
, 31
, 100
, 8
, 20
, 88
, 45
, 63
, 16
, 92
, 2
, 106
, 21
, 87
, 64
, 44
, 28
, 80
, 80
, 28
, 46
, 62
, 86
, 22
, 28
, 80
, 67
, 41
, 74
, 34
, 76
, 32
, 103
, 5
, 44
, 64
, 62
, 46
, 88
, 20
, 66
, 42
, 93
, 15
, 51
, 57
, 81
, 27
, 96
, 12
, 9
, 99
, 59
, 49
, 89
, 19
, 34
, 74
, 17
, 91
, 67
, 41
, 26
, 82
, 63
, 45
, 35
, 73
, 85
, 23
, 84
, 24
, 82
, 26
, 77
, 31
, 4
, 104
, 11
, 97
, 42
, 66
, 65
, 43
, 70
, 38
, 44
, 64
, 6
, 102
, 73
, 35
, 4
, 104
, 78
, 30
, 105
, 3
, 26
, 82
, 89
, 19
, 93
, 15
, 19
, 89
, 53
, 55
, 65
, 43
, 78
, 30
, 63
, 45
, 53
, 55
, 83
, 25
, 7
, 101
, 44
, 64
, 60
, 48
, 19
, 89
, 7
, 101
, 16
, 92
, 20
, 88
, 55
, 53
, 91
, 17
, 36
, 72
, 3
, 105
, 5
, 103
, 48
, 60
, 6
, 102
, 7
, 101
, 35
, 73
, 81
, 27
, 35
, 73
, 56
, 52
, 59
, 49
, 45
, 63
, 93
, 15
, 15
, 93
, 4
, 104
, 5
, 103
, 15
, 93
, 29
, 79
, 91
, 17
, 40
, 68
, 4
, 104
, 74
, 34
, 11
, 97
, 77
, 31
, 77
, 31
, 75
, 33
, 36
, 72
, 16
, 92
, 46
, 62
, 42
, 66
, 40
, 68
, 28
, 80
, 4
, 104
, 97
, 11
, 31
, 77
, 49
, 59
, 72
, 36
, 84
, 24
, 41
, 67
, 88
, 20
, 45
, 63
, 88
, 20
, 20
, 88
, 99
, 9
, 71
, 37
, 38
, 70
, 75
, 33
, 91
, 17
, 40
, 68
, 7
, 101
, 35
, 73
, 24
, 84
, 90
, 18
, 69
, 39
, 39
, 69
, 2
, 106
, 60
, 48
, 2
, 106
, 40
, 68
, 57
, 51
, 11
, 97
, 28
, 80
, 60
, 48
, 66
, 42
, 105
, 3
, 70
, 38
, 80
, 28
, 95
, 13
, 82
, 26
, 48
, 60
, 59
, 49
, 59
, 49
, 58
, 50
, 8
, 100
, 78
, 30
, 43
, 65
, 44
, 64
, 81
, 27
, 87
, 21
, 54
, 54
, 80
, 28
, 40
, 68
, 45
, 63
, 6
, 102
, 13
, 95
, 32
, 76
, 30
, 78
, 93
, 15
, 84
, 24
, 102
, 6
, 2
, 106
, 18
, 90
, 77
, 31
, 71
, 37
, 82
, 26
, 11
, 97
, 43
, 65
, 12
, 96
, 37
, 71
, 20
, 88
, 90
, 18
, 9
, 99
, 97
, 11
, 35
, 73
, 23
, 85
, 64
, 44
, 82
, 26
, 55
, 53
, 24
, 84
, 31
, 77
, 53
, 55
, 13
, 95
, 27
, 81
, 24
, 84
, 95
, 13
, 7
, 101
, 105
, 3
, 1
, 107
, 59
, 49
, 100
, 8
, 59
, 49
, 5
, 103
, 63
, 45
, 6
, 102
, 5
, 103
, 37
, 71
, 59
, 49
, 22
, 86
, 94
, 14
, 54
, 54
, 41
, 67
, 97
, 11
, 86
, 22
, 39
, 69
, 1
, 107
, 19
, 89
, 6
, 102
, 56
, 52
, 51
, 57
, 92
, 16
, 75
, 33
, 38
, 70
, 18
, 90
, 11
, 97
, 41
, 67
, 57
, 51
, 56
, 52
, 105
, 3
, 89
, 19
, 73
, 35
, 29
, 79
, 16
, 92
, 12
, 96
, 70
, 38
, 91
, 17
, 4
, 104
, 66
, 42
, 101
, 7
, 80
, 28
, 49
, 59
, 69
, 39
, 36
, 72
, 90
, 18
, 87
, 21
, 71
, 37
, 91
, 17
, 94
, 14
, 3
, 105
, 3
, 105
, 12
, 96
, 98
, 10
, 30
, 78
, 32
, 76
, 20
, 88
, 106
, 2
, 78
, 30
, 41
, 67
, 83
, 25
, 22
, 86
, 86
, 22
, 84
, 24
, 98
, 10
, 19
, 89
, 72
, 36
, 9
, 99
, 44
, 64
, 22
, 86
, 12
, 96
, 91
, 17
, 53
, 55
, 103
, 5
, 54
, 54
, 5
, 103
, 78
, 30
, 105
, 3
, 98
, 10
, 96
, 12
, 39
, 69
, 71
, 37
, 5
, 103
, 100
, 8
, 10
, 98
, 7
, 101
, 19
, 89
, 92
, 16
, 74
, 34
, 84
, 24
, 99
, 9
, 98
, 10
, 104
, 4
, 57
, 51
, 27
, 81
, 76
, 32
, 100
, 8
, 39
, 69
, 52
, 56
, 88
, 20
, 37
, 71
, 54
, 54
, 83
, 25
, 78
, 30
, 6
, 102
, 48
, 60
, 17
, 91
, 41
, 67
, 36
, 72
, 86
, 22
, 90
, 18
, 17
, 91
, 15
, 93
, 3
, 105
, 80
, 28
, 14
, 94
, 25
, 83
, 43
, 65
, 85
, 23
, 82
, 26
, 19
, 89
, 88
, 20
, 50
, 58
, 26
, 82
, 51
, 57
, 65
, 43
, 2
, 106
, 85
, 23
, 103
, 5
, 27
, 81
, 22
, 86
, 28
, 80
, 22
, 86
, 36
, 72
, 17
, 91
, 61
, 47
, 48
, 60
, 60
, 48
, 5
, 103
, 42
, 66
, 12
, 96
, 106
, 2
, 69
, 39
, 47
, 61
, 46
, 62
, 24
, 84
, 37
, 71
, 74
, 34
, 64
, 44
, 12
, 96
, 80
, 28
, 90
, 18
, 40
, 68
, 6
, 102
, 45
, 63
, 30
, 78
, 102
, 6
, 8
, 100
, 19
, 89
, 24
, 84
, 4
, 104
, 77
, 31
, 9
, 99
, 83
, 25
, 6
, 102
, 54
, 54
, 46
, 62
, 26
, 82
, 89
, 19
, 22
, 86
, 77
, 31
, 89
, 19
, 99
, 9
, 98
, 10
, 19
, 89
, 80
, 28
, 50
, 58
, 11
, 97
, 89
, 19
, 86
, 22
, 27
, 81
, 25
, 83
, 3
, 105
, 11
, 97
, 42
, 66
, 25
, 83
, 94
, 14
, 103
, 5
, 22
, 86
, 63
, 45
, 90
, 18
, 103
, 5
, 98
, 10
, 103
, 5
, 33
, 75
, 58
, 50
, 90
, 18
, 102
, 6
, 84
, 24
, 10
, 98
, 29
, 79
, 67
, 41
, 55
, 53
, 97
, 11
, 33
, 75
, 56
, 52
, 98
, 10
, 64
, 44
, 65
, 43
, 74
, 34
, 77
, 31
, 36
, 72
, 17
, 91
, 29
, 79
, 89
, 19
, 96
, 12
, 66
, 42
, 25
, 83
, 90
, 18
, 70
, 38
, 64
, 44
, 99
, 9
, 30
, 78
, 90
, 18
, 5
, 103
, 102
, 6
, 13
, 95
, 44
, 64
, 53
, 55
, 2
, 106
, 64
, 44
, 77
, 31
, 1
, 107
, 4
, 104
, 62
, 46
, 35
, 73
, 101
, 7
, 96
, 12
, 58
, 50
, 56
, 52
, 39
, 69
, 6
, 102
, 27
, 81
, 78
, 30
, 101
, 7
, 67
, 41
, 32
, 76
, 98
, 10
, 101
, 7
, 81
, 27
, 86
, 22
, 75
, 33
, 67
, 41
, 65
, 43
, 80
, 28
, 96
, 12
, 83
, 25
, 66
, 42
, 105
, 3
, 21
, 87
, 97
, 11
, 71
, 37
, 47
, 61
, 94
, 14
, 80
, 28
, 80
, 28
, 6
, 102
, 100
, 8
, 53
, 55
, 94
, 14
, 56
, 52
, 19
, 89
, 92
, 16
, 49
, 59
, 42
, 66
, 2
, 106
, 1
, 107
, 67
, 41
, 48
, 60
, 3
, 105
, 102
, 6
, 54
, 54
, 61
, 47
, 73
, 35
, 19
, 89
, 15
, 93
, 35
, 73
, 20
, 88
, 62
, 46
, 1
, 107
, 101
, 7
, 37
, 71
, 100
, 8
, 15
, 93
, 65
, 43
, 79
, 29
, 31
, 77
, 26
, 82
, 66
, 42
, 75
, 33
, 8
, 100
, 25
, 83
, 40
, 68
, 39
, 69
, 28
, 80
, 57
, 51
, 16
, 92
, 74
, 34
, 88
, 20
, 101
, 7
, 71
, 37
, 22
, 86
, 6
, 102
, 81
, 27
, 15
, 93
, 7
, 101
, 103
, 5
, 30
, 78
, 50
, 58
, 68
, 40
, 105
, 3
, 88
, 20
, 81
, 27
, 5
, 103
, 52
, 56
, 24
, 84
, 45
, 63
, 54
, 54
, 47
, 61
, 5
, 103
, 57
, 51
, 46
, 62
, 75
, 33
, 49
, 59
, 44
, 64
, 55
, 53
, 35
, 73
, 82
, 26
, 55
, 53
, 87
, 21
, 93
, 15
, 73
, 35
, 37
, 71
, 36
, 72
, 30
, 78
, 92
, 16
, 70
, 38
, 49
, 59
, 53
, 55
, 70
, 38
, 24
, 84
, 96
, 12
, 6
, 102
, 67
, 41
, 40
, 68
, 51
, 57
, 44
, 64
, 30
, 78
, 71
, 37
, 46
, 62
, 62
, 46
, 72
, 36
, 74
, 34
, 44
, 64
, 20
, 88
, 79
, 29
, 82
, 26
, 50
, 58
, 22
, 86
, 104
, 4
, 91
, 17
, 91
, 17
, 65
, 43
, 99
, 9
, 10
, 98
, 65
, 43
