
100
, 14
, 14
, 21
, 7
, 2
, 26
, 16
, 12
, 9
, 19
, 20
, 8
, 16
, 12
, 25
, 3
, 16
, 12
, 14
, 14
, 11
, 17
, 13
, 15
, 20
, 8
, 14
, 14
, 8
, 20
, 25
, 3
, 23
, 5
, 21
, 7
, 2
, 26
, 14
, 14
, 5
, 23
, 9
, 19
, 24
, 4
, 26
, 2
, 17
, 11
, 2
, 26
, 23
, 5
, 3
, 25
, 17
, 11
, 18
, 10
, 10
, 18
, 26
, 2
, 23
, 5
, 7
, 21
, 20
, 8
, 14
, 14
, 15
, 13
, 15
, 13
, 9
, 19
, 3
, 25
, 11
, 17
, 9
, 19
, 17
, 11
, 25
, 3
, 18
, 10
, 11
, 17
, 4
, 24
, 19
, 9
, 12
, 16
, 9
, 19
, 1
, 27
, 22
, 6
, 12
, 16
, 19
, 9
, 15
, 13
, 19
, 9
, 3
, 25
, 24
, 4
, 24
, 4
, 13
, 15
, 6
, 22
, 8
, 20
, 10
, 18
, 15
, 13
, 16
, 12
, 25
, 3
, 6
, 22
, 12
, 16
, 19
, 9
, 15
, 13
, 21
, 7
, 18
, 10
, 7
, 21
, 8
, 20
, 23
, 5
, 11
, 17
, 15
, 13
, 15
, 13
, 8
, 20
, 12
, 16
, 11
, 17
, 25
, 3
, 13
, 15
, 25
, 3
, 8
, 20
, 14
, 14
, 21
, 7
, 23
, 5
, 10
, 18
, 2
, 26
, 5
, 23
, 15
, 13
, 10
, 18
, 26
, 2
, 2
, 26
, 2
, 26
, 8
, 20
, 20
, 8
, 13
, 15
, 7
, 5
, 16
