
1020
, 74
, 36
, 11
, 99
, 27
, 83
, 96
, 14
, 72
, 38
, 61
, 49
, 45
, 65
, 90
, 20
, 102
, 8
, 77
, 33
, 30
, 80
, 92
, 18
, 19
, 91
, 60
, 50
, 57
, 53
, 78
, 32
, 96
, 14
, 30
, 80
, 105
, 5
, 78
, 32
, 108
, 2
, 42
, 68
, 87
, 23
, 61
, 49
, 51
, 59
, 95
, 15
, 48
, 62
, 13
, 97
, 83
, 27
, 76
, 34
, 62
, 48
, 33
, 77
, 104
, 6
, 4
, 106
, 67
, 43
, 5
, 105
, 51
, 59
, 68
, 42
, 72
, 38
, 7
, 103
, 88
, 22
, 105
, 5
, 20
, 90
, 48
, 62
, 101
, 9
, 61
, 49
, 64
, 46
, 57
, 53
, 76
, 34
, 59
, 51
, 91
, 19
, 38
, 72
, 103
, 7
, 24
, 86
, 37
, 73
, 90
, 20
, 32
, 78
, 39
, 71
, 55
, 55
, 33
, 77
, 102
, 8
, 6
, 104
, 30
, 80
, 68
, 42
, 58
, 52
, 49
, 61
, 81
, 29
, 100
, 10
, 92
, 18
, 29
, 81
, 107
, 3
, 64
, 46
, 34
, 76
, 23
, 87
, 108
, 2
, 12
, 98
, 72
, 38
, 2
, 108
, 20
, 90
, 43
, 67
, 21
, 89
, 76
, 34
, 64
, 46
, 65
, 45
, 51
, 59
, 54
, 56
, 39
, 71
, 13
, 97
, 74
, 36
, 97
, 13
, 48
, 62
, 12
, 98
, 8
, 102
, 87
, 23
, 68
, 42
, 17
, 93
, 47
, 63
, 81
, 29
, 104
, 6
, 63
, 47
, 25
, 85
, 55
, 55
, 54
, 56
, 44
, 66
, 26
, 84
, 15
, 95
, 35
, 75
, 52
, 58
, 55
, 55
, 64
, 46
, 40
, 70
, 65
, 45
, 19
, 91
, 73
, 37
, 69
, 41
, 90
, 20
, 64
, 46
, 85
, 25
, 97
, 13
, 81
, 29
, 53
, 57
, 57
, 53
, 94
, 16
, 102
, 8
, 104
, 6
, 13
, 97
, 35
, 75
, 92
, 18
, 104
, 6
, 107
, 3
, 85
, 25
, 21
, 89
, 62
, 48
, 45
, 65
, 32
, 78
, 85
, 25
, 65
, 45
, 76
, 34
, 30
, 80
, 96
, 14
, 13
, 97
, 61
, 49
, 53
, 57
, 78
, 32
, 76
, 34
, 80
, 30
, 20
, 90
, 108
, 2
, 50
, 60
, 87
, 23
, 11
, 99
, 65
, 45
, 92
, 18
, 45
, 65
, 38
, 72
, 60
, 50
, 40
, 70
, 88
, 22
, 51
, 59
, 93
, 17
, 81
, 29
, 54
, 56
, 23
, 87
, 104
, 6
, 8
, 102
, 59
, 51
, 77
, 33
, 60
, 50
, 82
, 28
, 95
, 15
, 43
, 67
, 46
, 64
, 101
, 9
, 26
, 84
, 75
, 35
, 47
, 63
, 14
, 96
, 71
, 39
, 39
, 71
, 42
, 68
, 108
, 2
, 31
, 79
, 15
, 95
, 69
, 41
, 73
, 37
, 86
, 24
, 21
, 89
, 13
, 97
, 16
, 94
, 67
, 43
, 32
, 78
, 85
, 25
, 70
, 40
, 4
, 106
, 55
, 55
, 94
, 16
, 63
, 47
, 90
, 20
, 27
, 83
, 51
, 59
, 62
, 48
, 59
, 51
, 74
, 36
, 86
, 24
, 52
, 58
, 49
, 61
, 72
, 38
, 82
, 28
, 45
, 65
, 26
, 84
, 62
, 48
, 93
, 17
, 103
, 7
, 54
, 56
, 94
, 16
, 83
, 27
, 14
, 96
, 10
, 100
, 34
, 76
, 53
, 57
, 68
, 42
, 72
, 38
, 89
, 21
, 64
, 46
, 41
, 69
, 40
, 70
, 59
, 51
, 57
, 53
, 22
, 88
, 89
, 21
, 3
, 107
, 68
, 42
, 40
, 70
, 32
, 78
, 80
, 30
, 44
, 66
, 99
, 11
, 5
, 105
, 98
, 12
, 80
, 30
, 69
, 41
, 83
, 27
, 86
, 24
, 49
, 61
, 64
, 46
, 87
, 23
, 12
, 98
, 57
, 53
, 101
, 9
, 61
, 49
, 9
, 101
, 89
, 21
, 50
, 60
, 47
, 63
, 91
, 19
, 102
, 8
, 94
, 16
, 33
, 77
, 27
, 83
, 6
, 104
, 81
, 29
, 61
, 49
, 77
, 33
, 81
, 29
, 10
, 100
, 74
, 36
, 104
, 6
, 58
, 52
, 83
, 27
, 55
, 55
, 14
, 96
, 107
, 3
, 33
, 77
, 102
, 8
, 71
, 39
, 10
, 100
, 56
, 54
, 103
, 7
, 81
, 29
, 25
, 85
, 1
, 109
, 10
, 100
, 61
, 49
, 65
, 45
, 26
, 84
, 67
, 43
, 61
, 49
, 88
, 22
, 10
, 100
, 90
, 20
, 90
, 20
, 34
, 76
, 52
, 58
, 44
, 66
, 95
, 15
, 60
, 50
, 93
, 17
, 48
, 62
, 47
, 63
, 18
, 92
, 23
, 87
, 91
, 19
, 72
, 38
, 43
, 67
, 77
, 33
, 82
, 28
, 60
, 50
, 83
, 27
, 34
, 76
, 15
, 95
, 101
, 9
, 59
, 51
, 98
, 12
, 64
, 46
, 97
, 13
, 12
, 98
, 5
, 105
, 108
, 2
, 15
, 95
, 59
, 51
, 25
, 85
, 89
, 21
, 26
, 84
, 72
, 38
, 67
, 43
, 95
, 15
, 36
, 74
, 50
, 60
, 58
, 52
, 43
, 67
, 82
, 28
, 13
, 97
, 35
, 75
, 62
, 48
, 54
, 56
, 53
, 57
, 85
, 25
, 86
, 24
, 7
, 103
, 38
, 72
, 95
, 15
, 92
, 18
, 14
, 96
, 73
, 37
, 6
, 104
, 60
, 50
, 4
, 106
, 99
, 11
, 33
, 77
, 44
, 66
, 59
, 51
, 101
, 9
, 93
, 17
, 74
, 36
, 87
, 23
, 103
, 7
, 36
, 74
, 64
, 46
, 85
, 25
, 52
, 58
, 63
, 47
, 26
, 84
, 108
, 2
, 81
, 29
, 89
, 21
, 54
, 56
, 100
, 10
, 108
, 2
, 87
, 23
, 108
, 2
, 82
, 28
, 105
, 5
, 51
, 59
, 71
, 39
, 54
, 56
, 26
, 84
, 59
, 51
, 53
, 57
, 52
, 58
, 103
, 7
, 2
, 108
, 4
, 106
, 54
, 56
, 64
, 46
, 102
, 8
, 100
, 10
, 65
, 45
, 34
, 76
, 84
, 26
, 46
, 64
, 82
, 28
, 93
, 17
, 27
, 83
, 85
, 25
, 49
, 61
, 100
, 10
, 73
, 37
, 69
, 41
, 82
, 28
, 42
, 68
, 43
, 67
, 63
, 47
, 76
, 34
, 100
, 10
, 84
, 26
, 89
, 21
, 37
, 73
, 98
, 12
, 102
, 8
, 102
, 8
, 10
, 100
, 83
, 27
, 45
, 65
, 79
, 31
, 24
, 86
, 3
, 107
, 6
, 104
, 101
, 9
, 21
, 89
, 24
, 86
, 21
, 89
, 97
, 13
, 27
, 83
, 59
, 51
, 42
, 68
, 39
, 71
, 88
, 22
, 65
, 45
, 21
, 89
, 26
, 84
, 106
, 4
, 71
, 39
, 47
, 63
, 63
, 47
, 1
, 109
, 26
, 84
, 103
, 7
, 18
, 92
, 8
, 102
, 83
, 27
, 60
, 50
, 14
, 96
, 36
, 74
, 47
, 63
, 14
, 96
, 59
, 51
, 83
, 27
, 79
, 31
, 93
, 17
, 12
, 98
, 101
, 9
, 63
, 47
, 54
, 56
, 96
, 14
, 81
, 29
, 9
, 101
, 68
, 42
, 40
, 70
, 62
, 48
, 57
, 53
, 71
, 39
, 101
, 9
, 102
, 8
, 74
, 36
, 29
, 81
, 74
, 36
, 90
, 20
, 93
, 17
, 102
, 8
, 86
, 24
, 53
, 57
, 103
, 7
, 7
, 103
, 53
, 57
, 93
, 17
, 67
, 43
, 21
, 89
, 59
, 51
, 105
, 5
, 38
, 72
, 3
, 107
, 7
, 103
, 95
, 15
, 63
, 47
, 77
, 33
, 78
, 32
, 63
, 47
, 108
, 2
, 28
, 82
, 94
, 16
, 81
, 29
, 10
, 100
, 97
, 13
, 75
, 35
, 90
, 20
, 93
, 17
, 36
, 74
, 49
, 61
, 10
, 100
, 48
, 62
, 56
, 54
, 101
, 9
, 65
, 45
, 83
, 27
, 79
, 31
, 63
, 47
, 56
, 54
, 81
, 29
, 21
, 89
, 93
, 17
, 85
, 25
, 46
, 64
, 15
, 95
, 84
, 26
, 91
, 19
, 99
, 11
, 76
, 34
, 80
, 30
, 78
, 32
, 69
, 41
, 49
, 61
, 77
, 33
, 36
, 74
, 29
, 81
, 19
, 91
, 65
, 45
, 68
, 42
, 57
, 53
, 31
, 79
, 56
, 54
, 85
, 25
, 18
, 92
, 42
, 68
, 50
, 60
, 77
, 33
, 23
, 87
, 58
, 52
, 28
, 82
, 77
, 33
, 56
, 54
, 39
, 71
, 88
, 22
, 27
, 83
, 102
, 8
, 49
, 61
, 48
, 62
, 43
, 67
, 108
, 2
, 79
, 31
, 63
, 47
, 53
, 57
, 55
, 55
, 65
, 45
, 35
, 75
, 68
, 42
, 16
, 94
, 25
, 85
, 108
, 2
, 33
, 77
, 68
, 42
, 4
, 106
, 97
, 13
, 69
, 41
, 19
, 91
, 20
, 90
, 92
, 18
, 15
, 95
, 4
, 106
, 77
, 33
, 61
, 49
, 25
, 85
, 52
, 58
, 52
, 58
, 101
, 9
, 96
, 14
, 42
, 68
, 47
, 63
, 83
, 27
, 8
, 102
, 82
, 28
, 101
, 9
, 69
, 41
, 108
, 2
, 76
, 34
, 14
, 96
, 2
, 108
, 79
, 31
, 82
, 28
, 38
, 72
, 63
, 47
, 58
, 52
, 39
, 71
, 107
, 3
, 54
, 56
, 1
, 109
, 36
, 74
, 5
, 105
, 18
, 92
, 86
, 24
, 36
, 74
, 98
, 12
, 11
, 99
, 49
, 61
, 29
, 81
, 93
, 17
, 55
, 55
, 105
, 5
, 61
, 49
, 33
, 77
, 24
, 86
, 50
, 60
, 44
, 66
, 69
, 41
, 66
, 44
, 43
, 67
, 68
, 42
, 47
, 63
, 84
, 26
, 64
, 46
, 16
, 94
, 83
, 27
, 50
, 60
, 19
, 91
, 84
, 26
, 66
, 44
, 76
, 34
, 68
, 42
, 31
, 79
, 51
, 59
, 73
, 37
, 59
, 51
, 63
, 47
, 25
, 85
, 38
, 72
, 70
, 40
, 21
, 89
, 93
, 17
, 6
, 104
, 80
, 30
, 72
, 38
, 43
, 67
, 17
, 93
, 20
, 90
, 94
, 16
, 69
, 41
, 66
, 44
, 3
, 107
, 46
, 64
, 98
, 12
, 32
, 78
, 42
, 68
, 47
, 63
, 108
, 2
, 28
, 82
, 3
, 107
, 90
, 20
, 5
, 105
, 16
, 94
, 55
, 55
, 82
, 28
, 76
, 34
, 60
, 50
, 75
, 35
, 4
, 106
, 1
, 109
, 30
, 80
, 26
, 84
, 91
, 19
, 72
, 38
, 26
, 84
, 54
, 56
, 13
, 97
, 59
, 51
, 91
, 19
, 57
, 53
, 92
, 18
, 66
, 44
, 88
, 22
, 11
, 99
, 57
, 53
, 108
, 2
, 86
, 24
, 18
, 92
, 45
, 65
, 22
, 88
, 68
, 42
, 80
, 30
, 11
, 99
, 101
, 9
, 15
, 95
, 33
, 77
, 59
, 51
, 35
, 75
, 62
, 48
, 70
, 40
, 77
, 33
, 84
, 26
, 23
, 87
, 31
, 79
, 103
, 7
, 1
, 109
, 36
, 74
, 92
, 18
, 15
, 95
, 48
, 62
, 67
, 43
, 12
, 98
, 61
, 49
, 26
, 84
, 19
, 91
, 11
, 99
, 64
, 46
, 61
, 49
, 73
, 37
, 89
, 21
, 101
, 9
, 77
, 33
, 2
, 108
, 48
, 62
, 27
, 83
, 68
, 42
, 96
, 14
, 25
, 85
, 40
, 70
, 65
, 45
, 3
, 107
, 3
, 107
, 48
, 62
, 73
, 37
, 59
, 51
, 67
, 43
, 8
, 102
, 7
, 103
, 13
, 97
, 64
, 46
, 29
, 81
, 108
, 2
, 1
, 109
, 1
, 109
, 45
, 65
, 104
, 6
, 18
, 92
, 80
, 30
, 30
, 80
, 58
, 52
, 76
, 34
, 78
, 32
, 37
, 73
, 2
, 108
, 59
, 51
, 105
, 5
, 3
, 107
, 9
, 101
, 88
, 22
, 108
, 2
, 72
, 38
, 70
, 40
, 100
, 10
, 93
, 17
, 45
, 65
, 103
, 7
, 81
, 29
, 46
, 64
, 10
, 100
, 44
, 66
, 71
, 39
, 43
, 67
, 15
, 95
, 59
, 51
, 70
, 40
, 23
, 87
, 59
, 51
, 37
, 73
, 11
, 99
, 95
, 15
, 8
, 102
, 98
, 12
, 63
, 47
, 36
, 74
, 67
, 43
, 71
, 39
, 36
, 74
, 78
, 32
, 64
, 46
, 60
, 50
, 11
, 99
, 88
, 22
, 62
, 48
, 67
, 43
, 100
, 10
, 84
, 26
, 46
, 64
, 16
, 94
, 65
, 45
, 25
, 85
, 38
, 72
, 82
, 28
, 76
, 34
, 55
, 55
, 99
, 11
, 39
, 71
, 86
, 24
, 66
, 44
, 74
, 36
, 103
, 7
, 54
, 56
, 79
, 31
, 23
, 87
, 87
, 23
, 27
, 83
, 32
, 78
, 107
, 3
, 55
, 55
, 82
, 28
, 102
, 8
, 14
, 96
, 52
, 58
, 13
, 97
, 100
, 10
, 38
, 72
, 98
, 12
, 48
, 62
, 86
, 24
, 103
, 7
, 39
, 71
, 94
, 16
, 39
, 71
, 8
, 102
, 72
, 38
, 99
, 11
, 91
, 19
, 23
, 87
, 60
, 50
, 87
, 23
, 8
, 102
, 66
, 44
, 87
, 23
, 34
, 76
, 49
, 61
, 58
, 52
, 89
, 21
, 29
, 81
, 3
, 107
, 99
, 11
, 70
, 40
, 59
, 51
, 96
, 14
, 3
, 107
, 2
, 108
, 6
, 104
, 45
, 65
, 40
, 70
, 47
, 63
, 71
, 39
, 58
, 52
, 89
, 21
, 15
, 95
, 46
, 64
, 77
, 33
, 64
, 46
, 86
, 24
, 94
, 16
, 69
, 41
, 55
, 55
, 53
, 57
, 106
, 4
, 73
, 37
, 49
, 61
, 90
, 20
, 47
, 63
, 14
, 96
, 51
, 59
, 73
, 37
, 3
, 107
, 80
, 30
, 102
, 8
, 56
, 54
, 104
, 6
, 89
, 21
, 31
, 79
, 18
, 92
, 74
, 36
, 13
, 97
, 13
, 97
, 2
, 108
, 54
, 56
, 104
, 6
, 91
, 19
, 36
, 74
, 28
, 82
, 32
, 78
, 10
, 100
, 106
, 4
, 83
, 27
, 65
, 45
, 20
, 90
, 66
, 44
, 84
, 26
, 9
, 101
, 35
, 75
, 75
, 35
, 68
, 42
, 95
, 15
, 46
, 64
, 42
, 68
, 4
, 106
, 24
, 86
, 6
, 104
, 102
, 8
, 3
, 107
, 30
, 80
, 97
, 13
, 73
, 37
, 55
, 55
, 94
, 16
, 91
, 19
, 84
, 26
, 36
, 74
, 27
, 83
, 106
, 4
, 23
, 87
, 9
, 101
, 84
, 26
, 21
, 89
, 30
, 80
, 45
, 65
, 11
, 99
, 81
, 29
, 78
, 32
, 96
, 14
, 35
, 75
, 71
, 39
, 33
, 77
, 57
, 53
, 79
, 31
, 84
, 26
, 30
, 80
, 39
, 71
, 45
, 65
, 92
, 18
, 13
, 97
, 89
, 21
, 2
, 108
, 83
, 27
, 41
, 69
, 74
, 36
, 65
, 45
, 24
, 86
, 103
, 7
, 72
, 38
, 13
, 97
, 29
, 81
, 75
, 35
, 28
, 82
, 76
, 34
, 89
, 21
, 75
, 35
, 43
, 67
, 42
, 68
, 14
, 96
, 97
, 13
, 56
, 54
, 52
, 58
, 89
, 21
, 15
, 95
, 99
, 11
, 80
, 30
, 48
, 62
, 76
, 34
, 94
, 16
, 41
, 69
, 107
, 3
, 29
, 81
, 62
, 48
, 76
, 34
, 107
, 3
, 49
, 61
, 68
, 42
, 72
, 38
, 87
, 23
, 5
, 105
, 59
, 51
, 83
, 27
, 39
, 71
, 88
, 22
, 74
, 36
, 89
, 21
, 54
, 56
, 31
, 79
, 95
, 15
, 13
, 97
, 101
, 9
, 26
, 84
, 98
, 12
, 17
, 93
, 12
, 98
, 57
, 53
, 13
, 97
, 49
, 61
, 18
, 92
, 25
, 85
, 54
, 56
, 92
, 18
, 44
, 66
, 100
, 10
, 23
, 87
, 73
, 37
, 72
, 38
, 3
, 107
, 12
, 98
, 17
, 93
, 7
, 103
, 35
, 75
, 50
, 60
, 103
, 7
, 44
, 66
, 69
, 41
, 68
, 42
, 19
, 91
, 81
, 29
