
102
, 19
, 275
, 178
, 116
, 207
, 87
, 93
, 201
, 279
, 15
, 171
, 123
, 51
, 243
, 26
, 268
, 90
, 204
, 146
, 148
, 4
, 290
, 208
, 86
, 6
, 288
, 140
, 154
, 282
, 12
, 212
, 82
, 180
, 114
, 233
, 61
, 43
, 251
, 105
, 189
, 292
, 2
, 206
, 88
, 25
, 269
, 167
, 127
, 93
, 201
, 195
, 99
, 100
, 194
, 155
, 139
, 229
, 65
, 148
, 146
, 94
, 200
, 50
, 244
, 253
, 41
, 260
, 34
, 203
, 91
, 29
, 265
, 7
, 287
, 174
, 120
, 135
, 159
, 16
, 278
, 173
, 121
, 64
, 230
, 73
, 221
, 263
, 31
, 25
, 269
, 219
, 75
, 79
, 215
, 190
, 104
, 157
, 137
, 83
, 211
, 227
, 67
, 235
, 59
, 130
, 164
, 288
, 6
, 233
, 61
, 219
, 75
, 64
, 230
, 87
, 207
, 49
, 245
, 235
, 59
, 116
, 178
, 76
, 218
, 159
, 135
, 145
, 149
, 240
, 54
, 125
, 169
, 45
, 249
, 37
, 257
, 32
, 262
, 26
, 268
, 137
, 157
, 144
, 150
, 127
, 167
, 25
, 269
, 46
, 248
, 169
, 125
, 243
, 51
, 135
, 159
, 15
, 279
, 253
, 41
, 236
, 58
, 71
, 223
, 81
, 213
, 261
, 33
, 91
, 203
, 240
, 54
, 248
, 46
, 52
, 242
, 15
, 279
, 82
, 212
, 289
, 5
, 151
, 143
, 283
, 11
, 84
, 210
, 170
, 124
, 3
, 291
, 172
, 122
, 141
, 153
, 107
, 187
, 4
, 290
, 231
, 63
, 263
, 31
