
102
, 13
, 102
, 108
, 7
, 111
, 4
, 18
, 97
, 90
, 25
, 100
, 15
, 23
, 92
, 34
, 81
, 4
, 111
, 4
, 111
, 54
, 61
, 16
, 99
, 28
, 87
, 9
, 106
, 38
, 77
, 88
, 27
, 13
, 102
, 102
, 13
, 110
, 5
, 18
, 97
, 56
, 59
, 31
, 84
, 43
, 72
, 106
, 9
, 98
, 17
, 33
, 82
, 34
, 81
, 75
, 40
, 40
, 75
, 74
, 41
, 68
, 47
, 87
, 28
, 64
, 51
, 87
, 28
, 87
, 28
, 11
, 104
, 33
, 82
, 19
, 96
, 24
, 91
, 41
, 74
, 16
, 99
, 22
, 93
, 111
, 4
, 72
, 43
, 81
, 34
, 105
, 10
, 57
, 58
, 36
, 79
, 15
, 100
, 30
, 85
, 46
, 69
, 72
, 43
, 12
, 103
, 90
, 25
, 19
, 96
, 2
, 113
, 3
, 112
, 64
, 51
, 105
, 10
, 65
, 50
, 52
, 63
, 86
, 29
, 112
, 3
, 89
, 26
, 3
, 112
, 55
, 60
, 32
, 83
, 54
, 61
, 65
, 50
, 25
, 90
, 13
, 102
, 9
, 106
, 93
, 22
, 50
, 65
, 83
, 32
, 69
, 46
, 56
, 59
, 21
, 94
, 8
, 107
, 104
, 11
, 30
, 85
, 5
, 110
, 24
, 91
, 32
, 83
, 75
, 40
, 2
, 113
, 112
, 3
, 23
, 92
, 45
, 70
, 31
, 84
, 25
, 90
, 84
, 31
, 109
, 6
, 79
, 36
, 4
, 111
, 27
, 88
, 80
, 35
, 40
, 75
, 95
, 20
, 85
, 30
, 56
, 59
, 112
, 1
, 2
