
1040
, 15
, 52
, 25
, 42
, 8
, 59
, 27
, 40
, 61
, 6
, 57
, 10
, 56
, 11
, 14
, 53
, 55
, 12
, 34
, 33
, 44
, 23
, 47
, 20
, 61
, 6
, 35
, 32
, 2
, 65
, 52
, 15
, 9
, 58
, 52
, 15
, 4
, 63
, 60
, 7
, 7
, 60
, 53
, 14
, 57
, 10
, 56
, 11
, 41
, 26
, 47
, 20
, 29
, 38
, 24
, 43
, 63
, 4
, 35
, 32
, 47
, 20
, 64
, 3
, 61
, 6
, 9
, 58
, 19
, 48
, 57
, 10
, 51
, 16
, 7
, 60
, 10
, 57
, 41
, 26
, 64
, 3
, 33
, 34
, 46
, 21
, 29
, 38
, 54
, 13
, 19
, 48
, 27
, 40
, 32
, 35
, 48
, 19
, 4
, 63
, 18
, 49
, 11
, 56
, 39
, 28
, 21
, 46
, 59
, 8
, 5
, 62
, 56
, 11
, 33
, 34
, 1
, 66
, 23
, 44
, 53
, 14
, 4
, 63
, 61
, 6
, 24
, 43
, 20
, 47
, 4
, 63
, 61
, 6
, 21
, 46
, 41
, 26
, 34
, 33
, 59
, 8
, 34
, 33
, 1
, 66
, 46
, 21
, 1
, 66
, 38
, 29
, 56
, 11
, 10
, 57
, 29
, 38
, 11
, 56
, 37
, 30
, 60
, 7
, 14
, 53
, 16
, 51
, 64
, 3
, 15
, 52
, 27
, 40
, 51
, 16
, 15
, 52
, 36
, 31
, 24
, 43
, 4
, 63
, 25
, 42
, 53
, 14
, 30
, 37
, 5
, 62
, 50
, 17
, 60
, 7
, 33
, 34
, 53
, 14
, 37
, 30
, 46
, 21
, 30
, 37
, 11
, 56
, 5
, 62
, 40
, 27
, 53
, 14
, 19
, 48
, 30
, 37
, 23
, 44
, 9
, 58
, 1
, 66
, 28
, 39
, 57
, 10
, 7
, 60
, 59
, 8
, 27
, 40
, 63
, 4
, 55
, 12
, 38
, 29
, 5
, 62
, 65
, 2
, 3
, 64
, 50
, 17
, 37
, 30
, 42
, 25
, 62
, 5
, 65
, 2
, 17
, 50
, 18
, 49
, 4
, 63
, 24
, 43
, 61
, 6
, 7
, 60
, 55
, 12
, 54
, 13
, 11
, 56
, 52
, 15
, 56
, 11
, 34
, 33
, 30
, 37
, 58
, 9
, 46
, 21
, 47
, 20
, 16
, 51
, 61
, 6
, 57
, 10
, 50
, 17
, 52
, 15
, 18
, 49
, 43
, 24
, 7
, 60
, 38
, 29
, 54
, 13
, 17
, 50
, 45
, 22
, 6
, 61
, 2
, 65
, 8
, 59
, 64
, 3
, 8
, 59
, 58
, 9
, 40
, 27
, 34
, 33
, 28
, 39
, 44
, 23
, 30
, 37
, 12
, 55
, 42
, 25
, 59
, 8
, 51
, 16
, 3
, 64
, 20
, 47
, 4
, 63
, 48
, 19
, 5
, 62
, 8
, 59
, 10
, 57
, 24
, 43
, 17
, 50
, 21
, 46
, 50
, 17
, 25
, 42
, 62
, 5
, 51
, 16
, 59
, 8
, 41
, 26
, 20
, 47
, 26
, 41
, 58
, 9
, 48
, 19
, 26
, 41
, 22
, 45
, 61
, 6
, 39
, 28
, 7
, 60
, 3
, 64
, 16
, 51
, 24
, 43
, 55
, 12
, 27
, 40
, 19
, 48
, 5
, 62
, 50
, 17
, 61
, 6
, 13
, 54
, 53
, 14
, 9
, 58
, 24
, 43
, 10
, 57
, 16
, 51
, 36
, 31
, 6
, 61
, 42
, 25
, 61
, 6
, 36
, 31
, 42
, 25
, 27
, 40
, 60
, 7
, 26
, 41
, 32
, 35
, 25
, 42
, 57
, 10
, 28
, 39
, 36
, 31
, 1
, 66
, 8
, 59
, 22
, 45
, 36
, 31
, 28
, 39
, 60
, 7
, 18
, 49
, 3
, 64
, 53
, 14
, 44
, 23
, 56
, 11
, 37
, 30
, 39
, 28
, 48
, 19
, 27
, 40
, 58
, 9
, 28
, 39
, 26
, 41
, 44
, 23
, 62
, 5
, 25
, 42
, 11
, 56
, 12
, 55
, 16
, 51
, 47
, 20
, 15
, 52
, 2
, 65
, 15
, 52
, 7
, 60
, 3
, 64
, 61
, 6
, 25
, 42
, 36
, 31
, 37
, 30
, 6
, 61
, 33
, 34
, 12
, 55
, 4
, 63
, 38
, 29
, 19
, 48
, 51
, 16
, 49
, 18
, 35
, 32
, 57
, 10
, 6
, 61
, 32
, 35
, 19
, 48
, 7
, 60
, 10
, 57
, 59
, 8
, 56
, 11
, 59
, 8
, 4
, 63
, 15
, 52
, 21
, 46
, 17
, 50
, 5
, 62
, 22
, 45
, 54
, 13
, 54
, 13
, 47
, 20
, 56
, 11
, 48
, 19
, 29
, 38
, 11
, 56
, 4
, 63
, 7
, 60
, 25
, 42
, 48
, 19
, 22
, 45
, 65
, 2
, 21
, 46
, 6
, 61
, 21
, 46
, 29
, 38
, 32
, 35
, 60
, 7
, 48
, 19
, 9
, 58
, 48
, 19
, 23
, 44
, 26
, 41
, 59
, 8
, 5
, 62
, 4
, 63
, 14
, 53
, 15
, 52
, 41
, 26
, 50
, 17
, 48
, 19
, 7
, 60
, 64
, 3
, 15
, 52
, 57
, 10
, 15
, 52
, 48
, 19
, 20
, 47
, 33
, 34
, 54
, 13
, 14
, 53
, 58
, 9
, 4
, 63
, 40
, 27
, 8
, 59
, 19
, 48
, 28
, 39
, 30
, 37
, 3
, 64
, 38
, 29
, 40
, 27
, 4
, 63
, 8
, 59
, 6
, 61
, 33
, 34
, 24
, 43
, 2
, 65
, 16
, 51
, 40
, 27
, 34
, 33
, 60
, 7
, 56
, 11
, 7
, 60
, 49
, 18
, 52
, 15
, 34
, 33
, 42
, 25
, 58
, 9
, 29
, 38
, 58
, 9
, 17
, 50
, 60
, 7
, 43
, 24
, 24
, 43
, 35
, 32
, 1
, 66
, 34
, 33
, 7
, 60
, 24
, 43
, 61
, 6
, 10
, 57
, 30
, 37
, 38
, 29
, 64
, 3
, 5
, 62
, 48
, 19
, 20
, 47
, 47
, 20
, 25
, 42
, 34
, 33
, 30
, 37
, 65
, 2
, 32
, 35
, 52
, 15
, 49
, 18
, 23
, 44
, 58
, 9
, 44
, 23
, 15
, 52
, 36
, 31
, 13
, 54
, 25
, 42
, 30
, 37
, 62
, 5
, 15
, 52
, 22
, 45
, 19
, 48
, 23
, 44
, 63
, 4
, 53
, 14
, 35
, 32
, 24
, 43
, 21
, 46
, 6
, 61
, 32
, 35
, 34
, 33
, 60
, 7
, 36
, 31
, 18
, 49
, 64
, 3
, 49
, 18
, 45
, 22
, 52
, 15
, 26
, 41
, 3
, 64
, 1
, 66
, 59
, 8
, 34
, 33
, 45
, 22
, 30
, 37
, 43
, 24
, 60
, 7
, 34
, 33
, 45
, 22
, 52
, 15
, 5
, 62
, 8
, 59
, 51
, 16
, 32
, 35
, 59
, 8
, 15
, 52
, 18
, 49
, 62
, 5
, 10
, 57
, 38
, 29
, 19
, 48
, 23
, 44
, 7
, 60
, 37
, 30
, 45
, 22
, 38
, 29
, 9
, 58
, 16
, 51
, 58
, 9
, 14
, 53
, 30
, 37
, 12
, 55
, 21
, 46
, 22
, 45
, 6
, 61
, 21
, 46
, 17
, 50
, 9
, 58
, 61
, 6
, 16
, 51
, 24
, 43
, 28
, 39
, 57
, 10
, 39
, 28
, 54
, 13
, 64
, 3
, 26
, 41
, 54
, 13
, 28
, 39
, 26
, 41
, 17
, 50
, 57
, 10
, 48
, 19
, 50
, 17
, 23
, 44
, 28
, 39
, 57
, 10
, 28
, 39
, 30
, 37
, 57
, 10
, 38
, 29
, 15
, 52
, 37
, 30
, 5
, 62
, 37
, 30
, 37
, 30
, 7
, 60
, 58
, 9
, 63
, 4
, 10
, 57
, 60
, 7
, 30
, 37
, 8
, 59
, 32
, 35
, 31
, 36
, 8
, 59
, 37
, 30
, 17
, 50
, 4
, 63
, 46
, 21
, 23
, 44
, 51
, 16
, 49
, 18
, 26
, 41
, 27
, 40
, 1
, 66
, 61
, 6
, 36
, 31
, 6
, 61
, 38
, 29
, 58
, 9
, 5
, 62
, 22
, 45
, 6
, 61
, 16
, 51
, 57
, 10
, 12
, 55
, 21
, 46
, 56
, 11
, 39
, 28
, 11
, 56
, 29
, 38
, 36
, 31
, 54
, 13
, 36
, 31
, 8
, 59
, 60
, 7
, 58
, 9
, 33
, 34
, 54
, 13
, 30
, 37
, 49
, 18
, 6
, 61
, 28
, 39
, 31
, 36
, 34
, 33
, 54
, 13
, 54
, 13
, 53
, 14
, 5
, 62
, 51
, 16
, 31
, 36
, 31
, 36
, 47
, 20
, 13
, 54
, 7
, 60
, 56
, 11
, 22
, 45
, 22
, 45
, 52
, 15
, 13
, 54
, 17
, 50
, 60
, 7
, 45
, 22
, 43
, 24
, 53
, 14
, 12
, 55
, 5
, 62
, 62
, 5
, 35
, 32
, 55
, 12
, 2
, 65
, 61
, 6
, 31
, 36
, 61
, 6
, 60
, 7
, 52
, 15
, 46
, 21
, 18
, 49
, 17
, 50
, 52
, 15
, 27
, 40
, 14
, 53
, 23
, 44
, 9
, 58
, 22
, 45
, 65
, 2
, 35
, 32
, 48
, 19
, 27
, 40
, 35
, 32
, 15
, 52
, 59
, 8
, 23
, 44
, 65
, 2
, 45
, 22
, 5
, 62
, 61
, 6
, 49
, 18
, 18
, 49
, 11
, 56
, 15
, 52
, 63
, 4
, 44
, 23
, 53
, 14
, 56
, 11
, 22
, 45
, 13
, 54
, 9
, 58
, 1
, 66
, 8
, 59
, 61
, 6
, 5
, 62
, 29
, 38
, 15
, 52
, 60
, 7
, 57
, 10
, 46
, 21
, 1
, 66
, 63
, 4
, 34
, 33
, 22
, 45
, 64
, 3
, 7
, 60
, 53
, 14
, 16
, 51
, 60
, 7
, 30
, 37
, 13
, 54
, 8
, 59
, 47
, 20
, 14
, 53
, 25
, 42
, 34
, 33
, 4
, 63
, 16
, 51
, 22
, 45
, 22
, 45
, 51
, 16
, 54
, 13
, 41
, 26
, 36
, 31
, 17
, 50
, 3
, 64
, 20
, 47
, 51
, 16
, 26
, 41
, 32
, 35
, 18
, 49
, 16
, 51
, 40
, 27
, 43
, 24
, 49
, 18
, 31
, 36
, 46
, 21
, 6
, 61
, 6
, 61
, 27
, 40
, 62
, 5
, 12
, 55
, 33
, 34
, 38
, 29
, 28
, 39
, 28
, 39
, 6
, 61
, 52
, 15
, 28
, 39
, 15
, 52
, 37
, 30
, 45
, 22
, 46
, 21
, 29
, 38
, 8
, 59
, 47
, 20
, 60
, 7
, 1
, 66
, 4
, 63
, 15
, 52
, 32
, 35
, 10
, 57
, 32
, 35
, 13
, 54
, 50
, 17
, 50
, 17
, 19
, 48
, 3
, 64
, 33
, 34
, 38
, 29
, 26
, 41
, 47
, 20
, 48
, 19
, 53
, 14
, 13
, 54
, 57
, 10
, 42
, 25
, 41
, 26
, 52
, 15
, 7
, 60
, 19
, 48
, 7
, 60
, 11
, 56
, 22
, 45
, 40
, 27
, 54
, 13
, 11
, 56
, 53
, 14
, 19
, 48
, 49
, 18
, 36
, 31
, 22
, 45
, 47
, 20
, 22
, 45
, 18
, 49
, 34
, 33
, 2
, 65
, 39
, 28
, 56
, 11
, 3
, 64
, 65
, 2
, 35
, 32
, 50
, 17
, 65
, 2
, 40
, 27
, 6
, 61
, 53
, 14
, 8
, 59
, 23
, 44
, 5
, 62
, 23
, 44
, 46
, 21
, 46
, 21
, 61
, 6
, 1
, 66
, 43
, 24
, 24
, 43
, 65
, 2
, 64
, 3
, 9
, 58
, 25
, 42
, 11
, 56
, 16
, 51
, 63
, 4
, 31
, 36
, 23
, 44
, 7
, 60
, 24
, 43
, 24
, 43
, 8
, 59
, 29
, 38
, 3
, 64
, 51
, 16
, 22
, 45
, 27
, 40
, 18
, 49
, 29
, 38
, 63
, 4
, 17
, 50
, 60
, 7
, 27
, 40
, 8
, 59
, 29
, 38
, 37
, 30
, 64
, 3
, 43
, 24
, 31
, 36
, 36
, 31
, 9
, 58
, 32
, 35
, 20
, 47
, 40
, 27
, 59
, 8
, 8
, 59
, 53
, 14
, 33
, 34
, 22
, 45
, 20
, 47
, 24
, 43
, 9
, 58
, 5
, 62
, 40
, 27
, 60
, 7
, 2
, 65
, 31
, 36
, 2
, 65
, 49
, 18
, 37
, 30
, 1
, 66
, 54
, 13
, 1
, 66
, 28
, 39
, 24
, 43
, 48
, 19
, 41
, 26
, 16
, 51
, 44
, 23
, 9
, 58
, 34
, 33
, 33
, 34
, 20
, 47
, 47
, 20
, 54
, 13
, 53
, 14
, 35
, 32
, 46
, 21
, 56
, 11
, 12
, 55
, 17
, 50
, 39
, 28
, 27
, 40
, 3
, 64
, 42
, 25
, 12
, 55
, 38
, 29
, 32
, 35
, 52
, 15
, 24
, 43
, 39
, 28
, 22
, 45
, 31
, 36
, 29
, 38
, 35
, 32
, 55
, 12
, 16
, 51
, 35
, 32
, 56
, 11
, 43
, 24
, 45
, 22
, 27
, 40
, 3
, 64
, 45
, 22
, 37
, 30
, 46
, 21
, 49
, 18
, 20
, 47
, 1
, 66
, 3
, 64
, 1
, 66
, 45
, 22
, 8
, 59
, 46
, 21
, 58
, 9
, 61
, 6
, 39
, 28
, 53
, 14
, 2
, 65
, 23
, 44
, 1
, 66
, 64
, 3
, 46
, 21
, 25
, 42
, 62
, 5
, 15
, 52
, 26
, 41
, 62
, 5
, 20
, 47
, 11
, 56
, 63
, 4
, 39
, 28
, 60
, 7
, 58
, 9
, 32
, 35
, 33
, 34
, 24
, 43
, 2
, 65
, 54
, 13
, 7
, 60
, 49
, 18
, 38
, 29
, 2
, 65
, 23
, 44
, 15
, 52
, 6
, 61
, 2
, 65
, 29
, 38
, 36
, 31
, 16
, 51
, 55
, 12
, 13
, 54
, 22
, 45
, 58
, 9
, 55
, 12
, 4
, 63
, 3
, 64
, 65
, 2
, 42
, 25
, 38
, 29
, 1
, 66
, 7
, 60
, 12
, 55
, 35
, 32
, 65
, 2
, 51
, 16
, 28
, 39
, 22
, 45
, 8
, 59
, 37
, 30
, 10
, 57
, 29
, 38
, 56
, 11
, 29
, 38
, 6
, 61
, 39
, 28
, 34
, 33
, 40
, 27
, 28
, 39
, 33
, 34
, 13
, 54
, 22
, 45
, 29
, 38
, 62
, 5
, 19
, 48
, 23
, 44
, 40
, 27
, 39
, 28
, 23
, 44
, 11
, 56
, 33
, 34
, 18
, 49
, 11
, 56
, 50
, 17
, 28
, 39
, 1
, 66
, 37
, 30
, 6
, 61
, 51
, 16
, 58
, 9
, 34
, 33
, 44
, 23
, 64
, 3
, 32
, 35
, 39
, 28
, 64
, 3
, 50
, 17
, 14
, 53
, 54
, 13
, 6
, 61
, 65
, 2
, 5
, 62
, 7
, 60
, 61
, 6
, 18
, 49
, 20
, 47
, 27
, 40
, 23
, 44
, 25
, 42
, 39
, 28
, 20
, 47
, 29
, 38
, 52
, 15
, 19
, 48
, 25
, 42
, 57
, 10
, 15
, 52
, 53
, 14
, 16
, 51
, 44
, 23
, 30
, 37
, 39
, 28
, 8
, 59
, 17
, 50
, 47
, 20
, 60
, 7
, 24
, 43
, 11
, 56
, 41
, 26
, 58
, 9
, 37
, 30
, 48
, 19
, 59
, 8
, 47
, 20
, 63
, 4
, 38
, 29
, 13
, 54
, 27
, 40
, 43
, 24
, 62
, 5
, 56
, 11
, 4
, 63
, 11
, 56
, 61
, 6
, 44
, 23
, 23
, 44
, 32
, 35
, 38
, 29
, 56
, 11
, 47
, 20
, 17
, 50
, 25
, 42
, 12
, 55
, 33
, 34
, 25
, 42
, 61
, 6
, 57
, 10
, 5
, 62
, 34
, 33
, 60
, 7
, 1
, 66
, 21
, 46
, 13
, 54
, 33
, 34
, 50
, 17
, 61
, 6
, 60
, 7
, 34
, 33
, 6
, 61
, 9
, 58
, 48
, 19
, 16
, 51
, 55
, 12
, 51
, 16
, 13
, 54
, 21
, 46
, 61
, 6
, 54
, 13
, 60
, 7
, 3
, 64
, 14
, 53
, 43
, 24
, 44
, 23
, 10
, 57
, 7
, 60
, 9
, 58
, 24
, 43
, 9
, 58
, 65
, 2
, 38
, 29
, 45
, 22
, 31
, 36
, 40
, 27
, 7
, 60
, 28
, 39
, 21
, 46
, 21
, 46
, 40
, 27
, 18
, 49
, 45
, 22
, 19
, 48
, 55
, 12
, 62
, 5
, 52
, 15
, 24
, 43
, 44
, 23
, 12
, 55
, 6
, 61
, 17
, 50
, 4
, 63
, 46
, 21
, 33
, 34
, 63
, 4
, 11
, 56
, 3
, 64
, 56
, 11
, 32
, 35
, 2
, 65
, 59
, 8
, 5
, 62
, 28
, 39
, 43
, 24
, 55
, 12
, 20
, 47
, 60
, 7
