
104
, 26
, 212
, 127
, 111
, 51
, 187
, 118
, 120
, 47
, 191
, 3
, 235
, 161
, 77
, 10
, 228
, 201
, 37
, 102
, 136
, 220
, 18
, 52
, 186
, 135
, 103
, 59
, 179
, 218
, 20
, 141
, 97
, 15
, 223
, 100
, 138
, 179
, 59
, 131
, 107
, 7
, 231
, 46
, 192
, 13
, 225
, 198
, 40
, 125
, 113
, 193
, 45
, 69
, 169
, 71
, 167
, 155
, 83
, 101
, 137
, 47
, 191
, 96
, 142
, 82
, 156
, 76
, 162
, 17
, 221
, 34
, 204
, 29
, 209
, 71
, 167
, 24
, 214
, 74
, 164
, 30
, 208
, 33
, 205
, 154
, 84
, 21
, 217
, 49
, 189
, 181
, 57
, 63
, 175
, 181
, 57
, 89
, 149
, 181
, 57
, 201
, 37
, 94
, 144
, 38
, 200
, 181
, 57
, 152
, 86
, 8
, 230
, 15
, 223
, 16
, 222
, 110
, 128
, 105
, 133
, 34
, 204
, 90
, 148
, 233
, 5
, 40
, 198
, 152
, 86
, 209
, 29
, 171
, 67
, 165
, 73
, 211
, 27
, 7
, 231
, 6
, 232
, 163
, 75
, 91
, 147
, 66
, 172
, 84
, 154
, 146
, 92
, 84
, 154
, 37
, 201
, 122
, 116
, 148
, 90
, 8
, 230
, 195
, 43
, 20
, 218
, 140
, 98
, 52
, 186
, 185
, 53
, 67
, 171
, 13
, 225
, 41
, 197
, 212
, 26
, 55
, 183
, 113
, 125
, 236
, 2
, 55
, 183
, 73
, 165
, 92
, 146
, 111
, 127
, 169
, 69
, 181
, 57
, 216
, 22
, 141
, 97
, 236
, 2
, 17
, 221
, 57
, 181
