
105
, 156
, 36
, 169
, 23
, 153
, 39
, 126
, 66
, 124
, 68
, 171
, 21
, 73
, 119
, 1
, 191
, 143
, 49
, 80
, 112
, 5
, 187
, 11
, 181
, 30
, 162
, 15
, 177
, 92
, 100
, 70
, 122
, 42
, 150
, 172
, 20
, 63
, 129
, 89
, 103
, 25
, 167
, 155
, 37
, 175
, 17
, 13
, 179
, 139
, 53
, 56
, 136
, 27
, 165
, 1
, 191
, 111
, 81
, 177
, 15
, 141
, 51
, 122
, 70
, 182
, 10
, 64
, 128
, 172
, 20
, 92
, 100
, 180
, 12
, 20
, 172
, 51
, 141
, 118
, 74
, 155
, 37
, 182
, 10
, 137
, 55
, 163
, 29
, 44
, 148
, 18
, 174
, 97
, 95
, 99
, 93
, 62
, 130
, 53
, 139
, 113
, 79
, 168
, 24
, 9
, 183
, 33
, 159
, 97
, 95
, 13
, 179
, 42
, 150
, 16
, 176
, 3
, 189
, 39
, 153
, 69
, 123
, 83
, 109
, 91
, 101
, 84
, 108
, 20
, 172
, 147
, 45
, 81
, 111
, 81
, 111
, 70
, 122
, 165
, 27
, 139
, 53
, 7
, 185
, 79
, 113
, 34
, 158
, 92
, 100
, 124
, 68
, 77
, 115
, 83
, 109
, 187
, 5
, 91
, 101
, 163
, 29
, 140
, 52
, 183
, 9
, 34
, 158
, 151
, 41
, 45
, 147
, 65
, 127
, 161
, 31
, 25
, 167
, 57
, 135
, 45
, 147
, 38
, 154
, 27
, 165
, 93
, 99
, 92
, 100
, 139
, 53
, 163
, 29
, 44
, 148
, 75
, 117
, 40
, 152
, 87
, 105
, 112
, 80
, 149
, 43
, 189
, 3
, 32
, 160
