
1070
, 229
, 38
, 173
, 94
, 121
, 146
, 70
, 197
, 25
, 242
, 207
, 60
, 253
, 14
, 47
, 220
, 11
, 256
, 139
, 128
, 64
, 203
, 236
, 31
, 121
, 146
, 132
, 135
, 58
, 209
, 230
, 37
, 171
, 96
, 46
, 221
, 9
, 258
, 182
, 85
, 236
, 31
, 36
, 231
, 38
, 229
, 26
, 241
, 87
, 180
, 44
, 223
, 4
, 263
, 166
, 101
, 42
, 225
, 208
, 59
, 136
, 131
, 8
, 259
, 33
, 234
, 92
, 175
, 133
, 134
, 103
, 164
, 113
, 154
, 136
, 131
, 68
, 199
, 121
, 146
, 54
, 213
, 134
, 133
, 22
, 245
, 101
, 166
, 113
, 154
, 179
, 88
, 60
, 207
, 179
, 88
, 184
, 83
, 158
, 109
, 83
, 184
, 100
, 167
, 243
, 24
, 132
, 135
, 183
, 84
, 51
, 216
, 45
, 222
, 70
, 197
, 167
, 100
, 157
, 110
, 78
, 189
, 28
, 239
, 255
, 12
, 155
, 112
, 75
, 192
, 40
, 227
, 95
, 172
, 69
, 198
, 96
, 171
, 203
, 64
, 119
, 148
, 89
, 178
, 231
, 36
, 103
, 164
, 183
, 84
, 101
, 166
, 44
, 223
, 111
, 156
, 235
, 32
, 1
, 266
, 93
, 174
, 225
, 42
, 250
, 17
, 92
, 175
, 174
, 93
, 54
, 213
, 33
, 234
, 221
, 46
, 261
, 6
, 246
, 21
, 220
, 47
, 88
, 179
, 35
, 232
, 181
, 86
, 116
, 151
, 92
, 175
, 64
, 203
, 256
, 11
, 80
, 187
, 213
, 54
, 239
, 28
, 199
, 68
, 26
, 241
, 155
, 112
, 27
, 240
, 154
, 113
, 235
, 32
, 235
, 32
, 176
, 91
, 165
, 102
, 158
, 109
, 158
, 109
, 89
, 178
, 194
, 73
, 142
, 125
, 115
, 152
, 228
, 39
, 153
, 114
, 72
, 195
, 220
, 47
, 185
, 82
, 16
, 251
, 30
, 237
, 154
, 113
, 232
, 35
, 106
, 161
, 221
, 46
, 214
, 53
, 23
, 244
, 166
, 101
, 217
, 50
, 33
, 234
, 54
, 213
, 75
, 192
, 106
, 161
, 245
, 22
, 153
, 114
, 235
, 32
, 53
, 214
, 84
, 183
, 225
, 42
, 115
, 152
, 150
, 117
, 6
, 261
, 165
, 102
, 202
, 65
, 84
, 183
, 166
, 101
, 118
, 149
, 9
, 258
, 253
, 14
, 69
, 198
, 156
, 111
, 102
, 165
, 235
, 32
, 53
, 214
, 93
, 174
, 17
, 250
, 257
, 10
, 99
, 168
, 103
, 164
, 9
, 258
, 32
, 235
, 29
, 238
, 133
, 134
, 13
, 254
, 159
, 108
, 153
, 114
, 178
, 89
, 130
, 137
, 206
, 61
, 200
, 67
, 133
, 134
, 229
, 38
, 32
, 235
, 247
, 20
, 147
, 120
, 251
, 16
, 84
, 183
, 130
, 137
, 18
, 249
, 130
, 137
, 83
, 184
, 37
, 230
, 101
, 166
, 10
, 257
, 223
, 44
, 184
, 83
, 16
, 251
, 148
, 119
, 207
, 60
, 208
, 59
, 245
, 22
, 238
, 29
, 73
, 194
, 143
, 124
, 97
, 170
, 139
, 128
, 39
, 228
, 265
, 2
, 21
, 246
, 190
, 77
, 60
, 207
, 168
, 99
, 179
, 88
, 234
, 33
, 250
, 17
, 245
, 22
, 149
, 118
, 81
, 186
, 216
, 51
, 93
, 174
, 71
, 196
, 241
, 26
, 22
, 245
, 6
, 261
, 121
, 146
, 171
, 96
, 66
, 201
, 102
, 165
, 122
, 145
, 6
, 261
, 12
, 255
, 200
, 67
, 221
, 46
, 96
, 171
, 189
, 78
, 25
, 242
, 49
, 218
, 35
, 232
, 105
, 162
, 71
, 196
, 148
, 119
, 100
, 167
, 131
, 136
, 230
, 37
, 135
, 132
, 117
, 150
, 265
, 2
, 49
, 218
, 55
, 212
, 68
, 199
, 68
, 199
, 100
, 167
, 223
, 44
, 67
, 200
, 211
, 56
, 265
, 2
, 220
, 47
, 204
, 63
, 113
, 154
, 196
, 71
, 186
, 81
, 214
, 53
, 187
, 80
, 69
, 198
, 87
, 180
, 18
, 249
, 202
, 65
, 168
, 99
, 142
, 125
, 162
, 105
, 92
, 175
, 252
, 15
, 254
, 13
, 78
, 189
, 255
, 12
, 46
, 221
, 103
, 164
, 265
, 2
, 35
, 232
, 254
, 13
, 120
, 147
, 187
, 80
, 53
, 214
, 90
, 177
, 78
, 189
, 44
, 223
, 52
, 215
, 207
, 60
, 177
, 90
, 138
, 129
, 264
, 3
, 205
, 62
, 73
, 194
, 149
, 118
, 231
, 36
, 32
, 235
, 173
, 94
, 119
, 148
, 215
, 52
, 189
, 78
, 23
, 244
, 68
, 199
, 93
, 174
, 118
, 149
, 83
, 184
, 191
, 76
, 56
, 211
, 38
, 229
, 96
, 171
, 162
, 105
, 72
, 195
, 215
, 52
, 84
, 183
, 133
, 134
, 22
, 245
, 56
, 211
, 109
, 158
, 31
, 236
, 76
, 191
, 220
, 47
, 196
, 71
, 64
, 203
, 20
, 247
, 145
, 122
, 3
, 264
, 215
, 52
, 255
, 12
, 179
, 88
, 180
, 87
, 208
, 59
, 229
, 38
, 174
, 93
, 185
, 82
, 246
, 21
, 102
, 165
, 50
, 217
, 201
, 66
, 153
, 114
, 80
, 187
, 79
, 188
, 240
, 27
, 80
, 187
, 143
, 124
, 169
, 98
, 54
, 213
, 165
, 102
, 24
, 243
, 219
, 48
, 154
, 113
, 1
, 266
, 40
, 227
, 63
, 204
, 250
, 17
, 9
, 258
, 238
, 29
, 60
, 207
, 142
, 125
, 183
, 84
, 231
, 36
, 90
, 177
, 57
, 210
, 171
, 96
, 97
, 170
, 259
, 8
, 50
, 217
, 96
, 171
, 84
, 183
, 192
, 75
, 244
, 23
, 40
, 227
, 193
, 74
, 104
, 163
, 240
, 27
, 248
, 19
, 51
, 216
, 258
, 9
, 158
, 109
, 136
, 131
, 192
, 75
, 54
, 213
, 13
, 254
, 101
, 166
, 241
, 26
, 115
, 152
, 62
, 205
, 36
, 231
, 87
, 180
, 124
, 143
, 181
, 86
, 111
, 156
, 119
, 148
, 20
, 247
, 94
, 173
, 12
, 255
, 256
, 11
, 198
, 69
, 103
, 164
, 213
, 54
, 5
, 262
, 203
, 64
, 2
, 265
, 106
, 161
, 200
, 67
, 184
, 83
, 74
, 193
, 71
, 196
, 11
, 256
, 4
, 263
, 29
, 238
, 93
, 174
, 32
, 235
, 201
, 66
, 65
, 202
, 58
, 209
, 60
, 207
, 78
, 189
, 31
, 236
, 96
, 171
, 244
, 23
, 143
, 124
, 19
, 248
, 24
, 243
, 229
, 38
, 107
, 160
, 240
, 27
, 213
, 54
, 35
, 232
, 185
, 82
, 4
, 263
, 211
, 56
, 241
, 26
, 119
, 148
, 66
, 201
, 62
, 205
, 5
, 262
, 38
, 229
, 17
, 250
, 81
, 186
, 233
, 34
, 214
, 53
, 212
, 55
, 79
, 188
, 31
, 236
, 40
, 227
, 221
, 46
, 54
, 213
, 150
, 117
, 200
, 67
, 235
, 32
, 175
, 92
, 117
, 150
, 33
, 234
, 178
, 89
, 183
, 84
, 104
, 163
, 6
, 261
, 179
, 88
, 215
, 52
, 141
, 126
, 101
, 166
, 211
, 56
, 172
, 95
, 171
, 96
, 152
, 115
, 52
, 215
, 96
, 171
, 43
, 224
, 258
, 9
, 84
, 183
, 77
, 190
, 175
, 92
, 165
, 102
, 195
, 72
, 2
, 265
, 240
, 27
, 26
, 241
, 213
, 54
, 117
, 150
, 31
, 236
, 94
, 173
, 46
, 221
, 46
, 221
, 187
, 80
, 195
, 72
, 97
, 170
, 265
, 2
, 80
, 187
, 37
, 230
, 24
, 243
, 99
, 168
, 1
, 266
, 201
, 66
, 220
, 47
, 250
, 17
, 74
, 193
, 96
, 171
, 212
, 55
, 4
, 263
, 177
, 90
, 148
, 119
, 35
, 232
, 205
, 62
, 79
, 188
, 31
, 236
, 194
, 73
, 29
, 238
, 228
, 39
, 80
, 187
, 213
, 54
, 142
, 125
, 30
, 237
, 71
, 196
, 25
, 242
, 78
, 189
, 205
, 62
, 247
, 20
, 209
, 58
, 221
, 46
, 149
, 118
, 60
, 207
, 113
, 154
, 86
, 181
, 88
, 179
, 42
, 225
, 196
, 71
, 243
, 24
, 70
, 197
, 222
, 45
, 125
, 142
, 204
, 63
, 177
, 90
, 91
, 176
, 40
, 227
, 97
, 170
, 246
, 21
, 215
, 52
, 198
, 69
, 120
, 147
, 146
, 121
, 167
, 100
, 249
, 18
, 3
, 264
, 43
, 224
, 93
, 174
, 159
, 108
, 32
, 235
, 85
, 182
, 255
, 12
, 127
, 140
, 158
, 109
, 13
, 254
, 91
, 176
, 226
, 41
, 187
, 80
, 159
, 108
, 144
, 123
, 62
, 205
, 250
, 17
, 40
, 227
, 240
, 27
, 23
, 244
, 18
, 249
, 181
, 86
, 84
, 183
, 261
, 6
, 142
, 125
, 113
, 154
, 59
, 208
, 51
, 216
, 1
, 266
, 206
, 61
, 67
, 200
, 226
, 41
, 63
, 204
, 53
, 214
, 82
, 185
, 226
, 41
, 86
, 181
, 198
, 69
, 72
, 195
, 52
, 215
, 65
, 202
, 16
, 251
, 130
, 137
, 53
, 214
, 84
, 183
, 47
, 220
, 120
, 147
, 136
, 131
, 97
, 170
, 37
, 230
, 146
, 121
, 112
, 155
, 235
, 32
, 146
, 121
, 135
, 132
, 203
, 64
, 165
, 102
, 162
, 105
, 78
, 189
, 22
, 245
, 12
, 255
, 170
, 97
, 189
, 78
, 211
, 56
, 225
, 42
, 85
, 182
, 114
, 153
, 25
, 242
, 178
, 89
, 41
, 226
, 189
, 78
, 51
, 216
, 206
, 61
, 12
, 255
, 78
, 189
, 142
, 125
, 146
, 121
, 224
, 43
, 60
, 207
, 44
, 223
, 128
, 139
, 219
, 48
, 155
, 112
, 210
, 57
, 43
, 224
, 60
, 207
, 247
, 20
, 107
, 160
, 176
, 91
, 11
, 256
, 161
, 106
, 154
, 113
, 46
, 221
, 98
, 169
, 85
, 182
, 43
, 224
, 226
, 41
, 121
, 146
, 4
, 263
, 24
, 243
, 193
, 74
, 21
, 246
, 159
, 108
, 30
, 237
, 169
, 98
, 122
, 145
, 230
, 37
, 238
, 29
, 3
, 264
, 50
, 217
, 70
, 197
, 8
, 259
, 16
, 251
, 177
, 90
, 183
, 84
, 139
, 128
, 110
, 157
, 203
, 64
, 13
, 254
, 123
, 144
, 226
, 41
, 49
, 218
, 176
, 91
, 134
, 133
, 9
, 258
, 253
, 14
, 126
, 141
, 166
, 101
, 234
, 33
, 250
, 17
, 36
, 231
, 92
, 175
, 234
, 33
, 238
, 29
, 255
, 12
, 67
, 200
, 174
, 93
, 254
, 13
, 204
, 63
, 180
, 87
, 22
, 245
, 201
, 66
, 200
, 67
, 197
, 70
, 146
, 121
, 236
, 31
, 45
, 222
, 256
, 11
, 42
, 225
, 37
, 230
, 215
, 52
, 121
, 146
, 73
, 194
, 207
, 60
, 110
, 157
, 71
, 196
, 1
, 266
, 189
, 78
, 259
, 8
, 176
, 91
, 129
, 138
, 37
, 230
, 143
, 124
, 118
, 149
, 31
, 236
, 80
, 187
, 121
, 146
, 36
, 231
, 62
, 205
, 15
, 252
, 165
, 102
, 250
, 17
, 235
, 32
, 140
, 127
, 205
, 62
, 142
, 125
, 249
, 18
, 234
, 33
, 63
, 204
, 173
, 94
, 264
, 3
, 190
, 77
, 145
, 122
, 232
, 35
, 154
, 113
, 193
, 74
, 13
, 254
, 39
, 228
, 118
, 149
, 58
, 209
, 77
, 190
, 176
, 91
, 223
, 44
, 216
, 51
, 195
, 72
, 245
, 22
, 144
, 123
, 223
, 44
, 77
, 190
, 252
, 15
, 157
, 110
, 230
, 37
, 59
, 208
, 200
, 67
, 250
, 17
, 221
, 46
, 158
, 109
, 185
, 82
, 263
, 4
, 241
, 26
, 129
, 138
, 245
, 22
, 43
, 224
, 156
, 111
, 16
, 251
, 53
, 214
, 98
, 169
, 100
, 167
, 177
, 90
, 203
, 64
, 55
, 212
, 120
, 147
, 106
, 161
, 127
, 140
, 212
, 55
, 212
, 55
, 206
, 61
, 87
, 180
, 169
, 98
, 61
, 206
, 59
, 208
, 36
, 231
, 176
, 91
, 202
, 65
, 263
, 4
, 41
, 226
, 236
, 31
, 54
, 213
, 125
, 142
, 64
, 203
, 254
, 13
, 207
, 60
, 94
, 173
, 166
, 101
, 13
, 254
, 247
, 20
, 89
, 178
, 41
, 226
, 54
, 213
, 73
, 194
, 25
, 242
, 104
, 163
, 81
, 186
, 58
, 209
, 65
, 202
, 28
, 239
, 146
, 121
, 256
, 11
, 264
, 3
, 79
, 188
, 24
, 243
, 195
, 72
, 41
, 226
, 148
, 119
, 72
, 195
, 136
, 131
, 119
, 148
, 135
, 132
, 107
, 160
, 21
, 246
, 158
, 109
, 161
, 106
, 26
, 241
, 120
, 147
, 186
, 81
, 245
, 22
, 70
, 197
, 108
, 159
, 211
, 56
, 46
, 221
, 66
, 201
, 112
, 155
, 173
, 94
, 105
, 162
, 153
, 114
, 60
, 207
, 57
, 210
, 191
, 76
, 151
, 116
, 225
, 42
, 245
, 22
, 154
, 113
, 233
, 34
, 40
, 227
, 167
, 100
, 234
, 33
, 233
, 34
, 89
, 178
, 229
, 38
, 56
, 211
, 143
, 124
, 207
, 60
, 226
, 41
, 50
, 217
, 112
, 155
, 169
, 98
, 227
, 40
, 243
, 24
, 214
, 53
, 151
, 116
, 32
, 235
, 39
, 228
, 157
, 110
, 223
, 44
, 103
, 164
, 69
, 198
, 90
, 177
, 48
, 219
, 44
, 223
, 171
, 96
, 98
, 169
, 205
, 62
, 85
, 182
, 191
, 76
, 107
, 160
, 201
, 66
, 84
, 183
, 58
, 209
, 222
, 45
, 47
, 220
, 41
, 226
, 102
, 165
, 203
, 64
, 76
, 191
, 88
, 179
, 255
, 12
, 191
, 76
, 31
, 236
, 113
, 154
, 43
, 224
, 129
, 138
, 133
, 134
, 185
, 82
, 253
, 14
, 175
, 92
, 209
, 58
, 65
, 202
, 229
, 38
, 185
, 82
, 40
, 227
, 163
, 104
, 189
, 78
, 55
, 212
, 215
, 52
, 33
, 234
, 3
, 264
, 41
, 226
, 222
, 45
, 89
, 178
, 258
, 9
, 35
, 232
, 114
, 153
, 179
, 88
, 134
, 133
, 257
, 10
, 50
, 217
, 128
, 139
, 136
, 131
, 229
, 38
, 24
, 243
, 48
, 219
, 131
, 136
, 204
, 63
, 157
, 110
, 245
, 22
, 19
, 248
, 77
, 190
, 258
, 9
, 154
, 113
, 40
, 227
, 231
, 36
, 10
, 257
, 208
, 59
, 27
, 240
, 132
, 135
, 103
, 164
, 48
, 219
, 91
, 176
, 93
, 174
, 176
, 91
, 126
, 141
, 122
, 145
, 4
, 263
, 165
, 102
, 179
, 88
, 163
, 104
, 185
, 82
, 230
, 37
, 218
, 49
, 62
, 205
, 60
, 207
, 47
, 220
, 39
, 228
, 202
, 65
, 148
, 119
, 82
, 185
, 93
, 174
, 122
, 145
, 60
, 207
, 222
, 45
, 264
, 3
, 140
, 127
, 143
, 124
, 184
, 83
, 193
, 74
, 147
, 120
, 187
, 80
, 188
, 79
, 107
, 160
, 75
, 192
, 88
, 179
, 127
, 140
, 203
, 64
, 147
, 120
, 227
, 40
, 149
, 118
, 197
, 70
, 75
, 192
, 154
, 113
, 167
, 100
, 160
, 107
, 254
, 13
, 218
, 49
, 132
, 135
, 245
, 22
, 119
, 148
, 176
, 91
, 104
, 163
, 77
, 190
, 29
, 238
, 68
, 199
, 148
, 119
, 21
, 246
, 252
, 15
, 4
, 263
, 44
, 223
, 116
, 151
, 61
, 206
, 265
, 2
, 244
, 23
, 133
, 134
, 37
, 230
, 176
, 91
, 187
, 80
, 64
, 203
, 128
, 139
, 118
, 149
, 113
, 154
, 117
, 150
, 174
, 93
, 199
, 68
, 41
, 226
, 264
, 3
, 49
, 218
, 199
, 68
, 64
, 203
, 50
, 217
, 43
, 224
, 217
, 50
, 68
, 199
, 55
, 212
, 87
, 180
, 192
, 75
, 62
, 205
, 150
, 117
, 49
, 218
, 93
, 174
, 258
, 9
, 65
, 202
, 71
, 196
, 28
, 239
, 1
, 266
, 49
, 218
, 39
, 228
, 93
, 174
, 17
, 250
, 260
, 7
, 23
, 244
, 39
, 228
, 137
, 130
, 173
, 94
, 172
, 95
, 235
, 32
, 135
, 132
, 177
, 90
, 109
, 158
, 101
, 166
, 39
, 228
, 34
, 233
, 69
, 198
, 260
, 7
, 136
, 131
, 1
, 266
, 24
, 243
, 38
, 229
, 47
, 220
, 15
, 252
, 230
, 37
, 265
, 2
, 111
, 156
, 214
, 53
, 145
, 122
, 88
, 179
, 120
, 147
, 124
, 143
, 72
, 195
, 194
, 73
, 242
, 25
, 12
, 255
, 234
, 33
, 72
, 195
, 122
, 145
, 226
, 41
, 83
, 184
, 97
, 170
, 185
, 82
, 220
, 47
, 239
, 28
, 45
, 222
, 180
, 87
, 148
, 119
, 82
, 185
, 25
, 242
, 239
, 28
, 134
, 133
, 70
, 197
, 144
, 123
