
1080
, 5
, 96
, 20
, 81
, 45
, 56
, 97
, 4
, 5
, 96
, 53
, 48
, 46
, 55
, 43
, 58
, 45
, 56
, 48
, 53
, 95
, 6
, 64
, 37
, 32
, 69
, 87
, 14
, 8
, 93
, 42
, 59
, 15
, 86
, 94
, 7
, 50
, 51
, 20
, 81
, 57
, 44
, 92
, 9
, 96
, 5
, 37
, 64
, 24
, 77
, 74
, 27
, 80
, 21
, 40
, 61
, 13
, 88
, 26
, 75
, 70
, 31
, 62
, 39
, 71
, 30
, 97
, 4
, 24
, 77
, 94
, 7
, 25
, 76
, 86
, 15
, 32
, 69
, 67
, 34
, 43
, 58
, 86
, 15
, 68
, 33
, 30
, 71
, 4
, 97
, 62
, 39
, 59
, 42
, 12
, 89
, 2
, 99
, 56
, 45
, 98
, 3
, 79
, 22
, 91
, 10
, 20
, 81
, 45
, 56
, 16
, 85
, 30
, 71
, 17
, 84
, 67
, 34
, 3
, 98
, 47
, 54
, 87
, 14
, 79
, 22
, 34
, 67
, 25
, 76
, 83
, 18
, 8
, 93
, 19
, 82
, 3
, 98
, 14
, 87
, 34
, 67
, 17
, 84
, 65
, 36
, 28
, 73
, 92
, 9
, 51
, 50
, 36
, 65
, 82
, 19
, 84
, 17
, 85
, 16
, 25
, 76
, 91
, 10
, 98
, 3
, 75
, 26
, 62
, 39
, 23
, 78
, 80
, 21
, 50
, 51
, 60
, 41
, 46
, 55
, 74
, 27
, 56
, 45
, 34
, 67
, 95
, 6
, 42
, 59
, 56
, 45
, 56
, 45
, 22
, 79
, 31
, 70
, 87
, 14
, 87
, 14
, 44
, 57
, 99
, 2
, 63
, 38
, 50
, 51
, 69
, 32
, 72
, 29
, 54
, 47
, 10
, 91
, 79
, 22
, 94
, 7
, 79
, 22
, 81
, 20
, 1
, 100
, 35
, 66
, 86
, 15
, 73
, 28
, 36
, 65
, 88
, 13
, 26
, 75
, 2
, 99
, 70
, 31
, 90
, 11
, 77
, 24
, 55
, 46
, 78
, 23
, 25
, 76
, 92
, 9
, 69
, 32
, 74
, 27
, 22
, 79
, 96
, 5
, 99
, 2
, 49
, 52
, 82
, 19
, 51
, 50
, 98
, 3
, 23
, 78
, 38
, 63
, 37
, 64
, 44
, 57
, 40
, 61
, 21
, 80
, 67
, 34
, 34
, 67
, 30
, 71
, 23
, 78
, 86
, 15
, 73
, 28
, 52
, 49
, 63
, 38
, 25
, 76
, 17
, 84
, 95
, 6
, 19
, 82
, 7
, 94
, 46
, 55
, 27
, 74
, 68
, 33
, 97
, 4
, 92
, 9
, 78
, 23
, 24
, 77
, 57
, 44
, 4
, 97
, 63
, 38
, 18
, 83
, 72
, 29
, 93
, 8
, 13
, 88
, 8
, 93
, 85
, 16
, 12
, 89
, 5
, 96
, 91
, 10
, 92
, 9
, 7
, 94
, 84
, 17
, 25
, 76
, 98
, 3
, 4
, 97
, 99
, 2
, 58
, 43
, 56
, 45
, 51
, 50
, 68
, 33
, 89
, 12
, 42
, 59
, 87
, 14
, 8
, 93
, 53
, 48
, 46
, 55
, 14
, 87
, 96
, 5
, 61
, 40
, 37
, 64
, 57
, 44
, 43
, 58
, 10
, 91
, 50
, 51
, 85
, 16
, 56
, 45
, 44
, 57
, 36
, 65
, 88
, 13
, 67
, 34
, 17
, 84
, 40
, 61
, 42
, 59
, 47
, 54
, 13
, 88
, 28
, 73
, 84
, 17
, 98
, 3
, 64
, 37
, 1
, 100
, 6
, 95
, 51
, 50
, 70
, 31
, 65
, 36
, 28
, 73
, 57
, 44
, 46
, 55
, 20
, 81
, 85
, 16
, 67
, 34
, 41
, 60
, 33
, 68
, 81
, 20
, 39
, 62
, 66
, 35
, 18
, 83
, 73
, 28
, 86
, 15
, 60
, 41
, 38
, 63
, 55
, 46
, 74
, 27
, 85
, 16
, 91
, 10
, 93
, 8
, 14
, 87
, 82
, 19
, 46
, 55
, 87
, 14
, 44
, 57
, 88
, 13
, 72
, 29
, 4
, 97
, 22
, 79
, 48
, 53
, 58
, 43
, 50
, 51
, 74
, 27
, 43
, 58
, 82
, 19
, 55
, 46
, 77
, 24
, 63
, 38
, 79
, 22
, 49
, 52
, 74
, 27
, 6
, 95
, 68
, 33
, 85
, 16
, 48
, 53
, 69
, 32
, 66
, 35
, 55
, 46
, 37
, 64
, 17
, 84
, 13
, 88
, 89
, 12
, 15
, 86
, 31
, 70
, 64
, 37
, 75
, 26
, 56
, 45
, 70
, 31
, 79
, 22
, 32
, 69
, 98
, 3
, 17
, 84
, 78
, 23
, 16
, 85
, 87
, 14
, 9
, 92
, 92
, 9
, 94
, 7
, 74
, 27
, 66
, 35
, 26
, 75
, 44
, 57
, 60
, 41
, 51
, 50
, 92
, 9
, 43
, 58
, 54
, 47
, 29
, 72
, 17
, 84
, 59
, 42
, 21
, 80
, 1
, 100
, 22
, 79
, 65
, 36
, 38
, 63
, 72
, 29
, 6
, 95
, 57
, 44
, 98
, 3
, 93
, 8
, 85
, 16
, 59
, 42
, 28
, 73
, 42
, 59
, 5
, 96
, 75
, 26
, 20
, 81
, 4
, 97
, 61
, 40
, 18
, 83
, 15
, 86
, 3
, 98
, 70
, 31
, 82
, 19
, 62
, 39
, 56
, 45
, 4
, 97
, 26
, 75
, 18
, 83
, 22
, 79
, 93
, 8
, 93
, 8
, 7
, 94
, 33
, 68
, 93
, 8
, 39
, 62
, 82
, 19
, 85
, 16
, 62
, 39
, 19
, 82
, 75
, 26
, 80
, 21
, 22
, 79
, 79
, 22
, 48
, 53
, 67
, 34
, 30
, 71
, 22
, 79
, 23
, 78
, 11
, 90
, 75
, 26
, 57
, 44
, 16
, 85
, 99
, 2
, 88
, 13
, 55
, 46
, 55
, 46
, 66
, 35
, 80
, 21
, 99
, 2
, 37
, 64
, 43
, 58
, 54
, 47
, 12
, 89
, 99
, 2
, 30
, 71
, 5
, 96
, 76
, 25
, 52
, 49
, 54
, 47
, 16
, 85
, 94
, 7
, 27
, 74
, 29
, 72
, 72
, 29
, 73
, 28
, 45
, 56
, 58
, 43
, 51
, 50
, 30
, 71
, 43
, 58
, 99
, 2
, 80
, 21
, 18
, 83
, 29
, 72
, 37
, 64
, 18
, 83
, 35
, 66
, 32
, 69
, 57
, 44
, 64
, 37
, 96
, 5
, 82
, 19
, 75
, 26
, 47
, 54
, 32
, 69
, 27
, 74
, 62
, 39
, 41
, 60
, 59
, 42
, 98
, 3
, 20
, 81
, 80
, 21
, 69
, 32
, 69
, 32
, 43
, 58
, 16
, 85
, 5
, 96
, 24
, 77
, 57
, 44
, 84
, 17
, 16
, 85
, 61
, 40
, 13
, 88
, 58
, 43
, 36
, 65
, 94
, 7
, 5
, 96
, 15
, 86
, 47
, 54
, 38
, 63
, 4
, 97
, 56
, 45
, 15
, 86
, 11
, 90
, 33
, 68
, 89
, 12
, 48
, 53
, 52
, 49
, 12
, 89
, 68
, 33
, 62
, 39
, 19
, 82
, 90
, 11
, 45
, 56
, 85
, 16
, 82
, 19
, 21
, 80
, 86
, 15
, 87
, 14
, 17
, 84
, 85
, 16
, 6
, 95
, 64
, 37
, 34
, 67
, 93
, 8
, 73
, 28
, 98
, 3
, 93
, 8
, 13
, 88
, 85
, 16
, 31
, 70
, 98
, 3
, 3
, 98
, 77
, 24
, 47
, 54
, 40
, 61
, 19
, 82
, 16
, 85
, 44
, 57
, 84
, 17
, 89
, 12
, 87
, 14
, 32
, 69
, 51
, 50
, 13
, 88
, 98
, 3
, 30
, 71
, 31
, 70
, 15
, 86
, 13
, 88
, 57
, 44
, 8
, 93
, 23
, 78
, 89
, 12
, 17
, 84
, 35
, 66
, 22
, 79
, 10
, 91
, 27
, 74
, 11
, 90
, 78
, 23
, 83
, 18
, 14
, 87
, 68
, 33
, 64
, 37
, 97
, 4
, 23
, 78
, 9
, 92
, 73
, 28
, 26
, 75
, 52
, 49
, 40
, 61
, 11
, 90
, 69
, 32
, 37
, 64
, 78
, 23
, 44
, 57
, 82
, 19
, 24
, 77
, 29
, 72
, 75
, 26
, 44
, 57
, 65
, 36
, 92
, 9
, 28
, 73
, 70
, 31
, 22
, 79
, 9
, 92
, 68
, 33
, 59
, 42
, 55
, 46
, 63
, 38
, 94
, 7
, 98
, 3
, 77
, 24
, 93
, 8
, 12
, 89
, 32
, 69
, 41
, 60
, 99
, 2
, 78
, 23
, 95
, 6
, 90
, 11
, 53
, 48
, 2
, 99
, 98
, 3
, 76
, 25
, 66
, 35
, 5
, 96
, 86
, 15
, 27
, 74
, 10
, 91
, 52
, 49
, 92
, 9
, 61
, 40
, 26
, 75
, 50
, 51
, 53
, 48
, 15
, 86
, 90
, 11
, 55
, 46
, 32
, 69
, 8
, 93
, 80
, 21
, 63
, 38
, 76
, 25
, 48
, 53
, 73
, 28
, 92
, 9
, 18
, 83
, 24
, 77
, 11
, 90
, 47
, 54
, 8
, 93
, 94
, 7
, 71
, 30
, 49
, 52
, 27
, 74
, 55
, 46
, 69
, 32
, 49
, 52
, 84
, 17
, 10
, 91
, 77
, 24
, 99
, 2
, 99
, 2
, 54
, 47
, 49
, 52
, 24
, 77
, 23
, 78
, 12
, 89
, 84
, 17
, 91
, 10
, 13
, 88
, 33
, 68
, 81
, 20
, 95
, 6
, 51
, 50
, 77
, 24
, 15
, 86
, 5
, 96
, 62
, 39
, 1
, 100
, 72
, 29
, 74
, 27
, 12
, 89
, 87
, 14
, 54
, 47
, 62
, 39
, 96
, 5
, 65
, 36
, 40
, 61
, 5
, 96
, 3
, 98
, 73
, 28
, 96
, 5
, 41
, 60
, 87
, 14
, 73
, 28
, 99
, 2
, 62
, 39
, 74
, 27
, 83
, 18
, 4
, 97
, 50
, 51
, 1
, 100
, 47
, 54
, 83
, 18
, 71
, 30
, 97
, 4
, 99
, 2
, 89
, 12
, 20
, 81
, 16
, 85
, 8
, 93
, 48
, 53
, 93
, 8
, 22
, 79
, 46
, 55
, 71
, 30
, 95
, 6
, 79
, 22
, 38
, 63
, 85
, 16
, 51
, 50
, 11
, 90
, 64
, 37
, 68
, 33
, 67
, 34
, 38
, 63
, 39
, 62
, 59
, 42
, 38
, 63
, 24
, 77
, 26
, 75
, 83
, 18
, 44
, 57
, 22
, 79
, 87
, 14
, 34
, 67
, 51
, 50
, 8
, 93
, 19
, 82
, 67
, 34
, 20
, 81
, 88
, 13
, 6
, 95
, 10
, 91
, 83
, 18
, 38
, 63
, 15
, 86
, 61
, 40
, 60
, 41
, 4
, 97
, 25
, 76
, 57
, 44
, 94
, 7
, 52
, 49
, 45
, 56
, 13
, 88
, 94
, 7
, 31
, 70
, 60
, 41
, 11
, 90
, 97
, 4
, 24
, 77
, 50
, 51
, 88
, 13
, 73
, 28
, 44
, 57
, 92
, 9
, 60
, 41
, 64
, 37
, 49
, 52
, 8
, 93
, 36
, 65
, 85
, 16
, 38
, 63
, 75
, 26
, 31
, 70
, 50
, 51
, 5
, 96
, 53
, 48
, 83
, 18
, 82
, 19
, 36
, 65
, 11
, 90
, 22
, 79
, 73
, 28
, 54
, 47
, 19
, 82
, 2
, 99
, 96
, 5
, 85
, 16
, 3
, 98
, 86
, 15
, 36
, 65
, 33
, 68
, 83
, 18
, 23
, 78
, 95
, 6
, 70
, 31
, 68
, 33
, 4
, 97
, 34
, 67
, 26
, 75
, 99
, 2
, 64
, 37
, 59
, 42
, 76
, 25
, 84
, 17
, 36
, 65
, 23
, 78
, 42
, 59
, 6
, 95
, 14
, 87
, 43
, 58
, 2
, 99
, 97
, 4
, 59
, 42
, 11
, 90
, 92
, 9
, 63
, 38
, 11
, 90
, 53
, 48
, 56
, 45
, 7
, 94
, 71
, 30
, 16
, 85
, 17
, 84
, 32
, 69
, 56
, 45
, 98
, 3
, 44
, 57
, 61
, 40
, 31
, 70
, 5
, 96
, 27
, 74
, 41
, 60
, 93
, 8
, 19
, 82
, 23
, 78
, 53
, 48
, 92
, 9
, 77
, 24
, 27
, 74
, 79
, 22
, 2
, 99
, 40
, 61
, 99
, 2
, 38
, 63
, 78
, 23
, 71
, 30
, 34
, 67
, 72
, 29
, 22
, 79
, 8
, 93
, 42
, 59
, 13
, 88
, 98
, 3
, 87
, 14
, 32
, 69
, 69
, 32
, 30
, 71
, 84
, 17
, 73
, 28
, 91
, 10
, 12
, 89
, 33
, 68
, 28
, 73
, 90
, 11
, 26
, 75
, 18
, 83
, 89
, 12
, 67
, 34
, 95
, 6
, 64
, 37
, 89
, 12
, 83
, 18
, 85
, 16
, 29
, 72
, 88
, 13
, 91
, 10
, 73
, 28
, 48
, 53
, 31
, 70
, 18
, 83
, 34
, 67
, 99
, 2
, 11
, 90
, 29
, 72
, 15
, 86
, 93
, 8
, 87
, 14
, 3
, 98
, 65
, 36
, 42
, 59
, 88
, 13
, 26
, 75
, 82
, 19
, 11
, 90
, 22
, 79
, 73
, 28
, 22
, 79
, 6
, 95
, 14
, 87
, 63
, 38
, 87
, 14
, 90
, 11
, 87
, 14
, 85
, 16
, 69
, 32
, 70
, 31
, 30
, 71
, 53
, 48
, 88
, 13
, 8
, 93
, 23
, 78
, 55
, 46
, 71
, 30
, 82
, 19
, 15
, 86
, 3
, 98
, 47
, 54
, 68
, 33
, 75
, 26
, 78
, 23
, 48
, 53
, 11
, 90
, 58
, 43
, 84
, 17
, 90
, 11
, 49
, 52
, 9
, 92
, 69
, 32
, 62
, 39
, 21
, 80
, 12
, 89
, 43
, 58
, 18
, 83
, 61
, 40
, 51
, 50
, 33
, 68
, 25
, 76
, 36
, 65
, 33
, 68
, 12
, 89
, 84
, 17
, 73
, 28
, 50
, 51
, 66
, 35
, 4
, 97
, 86
, 15
, 31
, 70
, 24
, 77
, 7
, 94
, 52
, 49
, 7
, 94
, 99
, 2
, 84
, 17
, 66
, 35
, 46
, 55
, 71
, 30
, 18
, 83
, 57
, 44
, 30
, 71
, 64
, 37
, 92
, 9
, 84
, 17
, 70
, 31
, 92
, 9
, 76
, 25
, 62
, 39
, 65
, 36
, 78
, 23
, 92
, 9
, 88
, 13
, 24
, 77
, 5
, 96
, 71
, 30
, 51
, 50
, 21
, 80
, 63
, 38
, 29
, 72
, 57
, 44
, 49
, 52
, 51
, 50
, 56
, 45
, 13
, 88
, 18
, 83
, 98
, 3
, 15
, 86
, 10
, 91
, 8
, 93
, 35
, 66
, 27
, 74
, 91
, 10
, 73
, 28
, 4
, 97
, 28
, 73
, 42
, 59
, 4
, 97
, 88
, 13
, 28
, 73
, 43
, 58
, 52
, 49
, 5
, 96
, 40
, 61
, 59
, 42
, 84
, 17
, 38
, 63
, 35
, 66
, 22
, 79
, 59
, 42
, 73
, 28
, 90
, 11
, 99
, 2
, 80
, 21
, 23
, 78
, 93
, 8
, 17
, 84
, 85
, 16
, 61
, 40
, 18
, 83
, 88
, 13
, 44
, 57
, 24
, 77
, 22
, 79
, 9
, 92
, 12
, 89
, 55
, 46
, 77
, 24
, 78
, 23
, 76
, 25
, 82
, 19
, 69
, 32
, 33
, 68
, 95
, 6
, 9
, 92
, 87
, 14
, 97
, 4
, 83
, 18
, 24
, 77
, 33
, 68
, 7
, 94
, 1
, 100
, 25
, 76
, 13
, 88
, 62
, 39
, 62
, 39
, 63
, 38
, 80
, 21
, 5
, 96
, 26
, 75
, 63
, 38
, 93
, 8
, 93
, 8
, 53
, 48
, 11
, 90
, 16
, 85
, 88
, 13
, 4
, 97
, 3
, 98
, 4
, 97
, 51
, 50
, 85
, 16
, 1
, 100
, 26
, 75
, 85
, 16
, 94
, 7
, 11
, 90
, 18
, 83
, 76
, 25
, 58
, 43
, 38
, 63
, 46
, 55
, 37
, 64
, 24
, 77
, 94
, 7
, 97
, 4
, 60
, 41
, 22
, 79
, 78
, 23
, 25
, 76
, 66
, 35
, 95
, 6
, 71
, 30
, 87
, 14
, 88
, 13
, 60
, 41
, 73
, 28
, 54
, 47
, 39
, 62
, 39
, 62
, 37
, 64
, 92
, 9
, 96
, 5
, 30
, 71
, 32
, 69
, 85
, 16
, 12
, 89
, 16
, 85
, 48
, 53
, 40
, 61
, 33
, 68
, 58
, 43
, 39
, 62
, 26
, 75
, 21
, 80
, 35
, 66
, 71
, 30
, 80
, 21
, 71
, 30
, 42
, 59
, 27
, 74
, 12
, 89
, 69
, 32
, 20
, 81
, 6
, 95
, 38
, 63
, 5
, 96
, 61
, 40
, 6
, 95
, 22
, 79
, 91
, 10
, 17
, 84
, 67
, 34
, 38
, 63
, 23
, 78
, 6
, 95
, 65
, 36
, 54
, 47
, 14
, 87
, 49
, 52
, 29
, 72
, 16
, 85
, 79
, 22
, 57
, 44
, 81
, 20
, 29
, 72
, 77
, 24
, 86
, 15
, 64
, 37
, 60
, 41
, 22
, 79
, 30
, 71
, 62
, 39
, 85
, 16
, 63
, 38
, 78
, 23
, 75
, 26
, 92
, 9
, 10
, 91
, 87
, 14
, 31
, 70
, 41
, 60
, 81
, 20
, 17
, 84
, 45
, 56
, 68
, 33
, 34
, 67
, 55
, 46
, 12
, 89
, 59
, 42
, 50
, 51
, 71
, 30
, 58
, 43
, 84
, 17
, 94
, 7
, 29
, 72
, 68
, 33
, 61
, 40
, 30
, 71
, 25
, 76
, 49
, 52
, 79
, 22
, 38
, 63
, 43
, 58
