
108
, 150
, 66
, 207
, 9
, 166
, 50
, 54
, 162
, 45
, 171
, 6
, 210
, 194
, 22
, 30
, 186
, 167
, 49
, 157
, 59
, 74
, 142
, 178
, 38
, 84
, 132
, 32
, 184
, 167
, 49
, 9
, 207
, 14
, 202
, 172
, 44
, 103
, 113
, 140
, 76
, 112
, 104
, 118
, 98
, 78
, 138
, 132
, 84
, 162
, 54
, 85
, 131
, 42
, 174
, 19
, 197
, 124
, 92
, 84
, 132
, 87
, 129
, 135
, 81
, 182
, 34
, 103
, 113
, 184
, 32
, 132
, 84
, 106
, 110
, 110
, 106
, 40
, 176
, 98
, 118
, 104
, 112
, 163
, 53
, 5
, 211
, 58
, 158
, 184
, 32
, 145
, 71
, 151
, 65
, 204
, 12
, 108
, 108
, 9
, 207
, 191
, 25
, 94
, 122
, 151
, 65
, 212
, 4
, 185
, 31
, 209
, 7
, 157
, 59
, 97
, 119
, 195
, 21
, 121
, 95
, 164
, 52
, 198
, 18
, 196
, 20
, 184
, 32
, 86
, 130
, 199
, 17
, 22
, 194
, 24
, 192
, 170
, 46
, 82
, 134
, 76
, 140
, 204
, 12
, 99
, 117
, 24
, 192
, 114
, 102
, 73
, 143
, 156
, 60
, 95
, 121
, 131
, 85
, 195
, 21
, 199
, 17
, 78
, 138
, 68
, 148
, 204
, 12
, 59
, 157
, 141
, 75
, 207
, 9
, 181
, 35
, 78
, 138
, 195
, 21
, 87
, 129
, 26
, 190
, 138
, 78
, 18
, 198
, 50
, 166
, 1
, 215
, 200
, 16
, 69
, 147
, 128
, 88
, 170
, 46
, 154
, 62
, 97
, 119
, 205
, 11
, 135
, 81
, 13
, 203
, 22
, 194
, 46
, 170
, 210
, 6
