
1090
, 13
, 90
, 25
, 78
, 60
, 43
, 94
, 9
, 26
, 77
, 71
, 32
, 90
, 13
, 48
, 55
, 68
, 35
, 76
, 27
, 78
, 25
, 54
, 49
, 74
, 29
, 88
, 15
, 76
, 27
, 79
, 24
, 23
, 80
, 86
, 17
, 80
, 23
, 55
, 48
, 87
, 16
, 99
, 4
, 95
, 8
, 15
, 88
, 66
, 37
, 59
, 44
, 32
, 71
, 29
, 74
, 20
, 83
, 79
, 24
, 78
, 25
, 64
, 39
, 41
, 62
, 16
, 87
, 55
, 48
, 4
, 99
, 82
, 21
, 100
, 3
, 22
, 81
, 14
, 89
, 57
, 46
, 86
, 17
, 78
, 25
, 56
, 47
, 73
, 30
, 64
, 39
, 57
, 46
, 42
, 61
, 5
, 98
, 4
, 99
, 14
, 89
, 13
, 90
, 37
, 66
, 96
, 7
, 46
, 57
, 70
, 33
, 11
, 92
, 35
, 68
, 68
, 35
, 87
, 16
, 93
, 10
, 77
, 26
, 37
, 66
, 33
, 70
, 74
, 29
, 12
, 91
, 13
, 90
, 100
, 3
, 67
, 36
, 33
, 70
, 65
, 38
, 94
, 9
, 89
, 14
, 94
, 9
, 32
, 71
, 54
, 49
, 2
, 101
, 1
, 102
, 50
, 53
, 24
, 79
, 97
, 6
, 84
, 19
, 23
, 80
, 10
, 93
, 95
, 8
, 89
, 14
, 25
, 78
, 82
, 21
, 24
, 79
, 39
, 64
, 91
, 12
, 91
, 12
, 82
, 21
, 68
, 35
, 60
, 43
, 86
, 17
, 91
, 12
, 70
, 33
, 99
, 4
, 57
, 46
, 62
, 41
, 88
, 15
, 32
, 71
, 92
, 11
, 48
, 55
, 51
, 52
, 94
, 9
, 92
, 11
, 27
, 76
, 16
, 87
, 89
, 14
, 59
, 44
, 74
, 29
, 18
, 85
, 36
, 67
, 31
, 72
, 84
, 19
, 10
, 93
, 32
, 71
, 65
, 38
, 17
, 86
, 61
, 42
, 55
, 48
, 46
, 57
, 18
, 85
, 5
, 98
, 93
, 10
, 17
, 86
, 19
, 84
, 94
, 9
, 57
, 46
, 46
, 57
, 18
, 85
, 91
, 12
, 20
, 83
, 3
, 100
, 82
, 21
, 46
, 57
, 77
, 26
, 25
, 78
, 14
, 89
, 36
, 67
, 75
, 28
, 50
, 53
, 51
, 52
, 34
, 69
, 6
, 97
, 75
, 28
, 45
, 58
, 52
, 51
, 10
, 93
, 81
, 22
, 31
, 72
, 66
, 37
, 38
, 65
, 45
, 58
, 57
, 46
, 65
, 38
, 70
, 33
, 19
, 84
, 90
, 13
, 45
, 58
, 16
, 87
, 12
, 91
, 39
, 64
, 89
, 14
, 44
, 59
, 79
, 24
, 66
, 37
, 22
, 81
, 99
, 4
, 36
, 67
, 20
, 83
, 17
, 86
, 82
, 21
, 2
, 101
, 31
, 72
, 13
, 90
, 9
, 94
, 1
, 102
, 88
, 15
, 5
, 98
, 100
, 3
, 53
, 50
, 44
, 59
, 66
, 37
, 39
, 64
, 14
, 89
, 25
, 78
, 10
, 93
, 88
, 15
, 90
, 13
, 96
, 7
, 82
, 21
, 14
, 89
, 94
, 9
, 30
, 73
, 34
, 69
, 33
, 70
, 67
, 36
, 19
, 84
, 39
, 64
, 19
, 84
, 92
, 11
, 15
, 88
, 82
, 21
, 15
, 88
, 3
, 100
, 87
, 16
, 19
, 84
, 24
, 79
, 25
, 78
, 34
, 69
, 92
, 11
, 54
, 49
, 50
, 53
, 96
, 7
, 62
, 41
, 14
, 89
, 84
, 19
, 33
, 70
, 81
, 22
, 58
, 45
, 97
, 6
, 11
, 92
, 91
, 12
, 50
, 53
, 91
, 12
, 87
, 16
, 74
, 29
, 74
, 29
, 80
, 23
, 45
, 58
, 19
, 84
, 79
, 24
, 25
, 78
, 60
, 43
, 65
, 38
, 91
, 12
, 14
, 89
, 27
, 76
, 88
, 15
, 86
, 17
, 22
, 81
, 96
, 7
, 44
, 59
, 74
, 29
, 37
, 66
, 23
, 80
, 78
, 25
, 53
, 50
, 22
, 81
, 5
, 98
, 63
, 40
, 20
, 83
, 36
, 67
, 86
, 17
, 27
, 76
, 45
, 58
, 89
, 14
, 81
, 22
, 47
, 56
, 89
, 14
, 10
, 93
, 35
, 68
, 90
, 13
, 59
, 44
, 26
, 77
, 26
, 77
, 9
, 94
, 83
, 20
, 95
, 8
, 1
, 102
, 10
, 93
, 86
, 17
, 60
, 43
, 12
, 91
, 32
, 71
, 36
, 67
, 84
, 19
, 39
, 64
, 31
, 72
, 39
, 64
, 29
, 74
, 64
, 39
, 57
, 46
, 35
, 68
, 45
, 58
, 10
, 93
, 57
, 46
, 79
, 24
, 35
, 68
, 53
, 50
, 27
, 76
, 32
, 71
, 98
, 5
, 68
, 35
, 18
, 85
, 33
, 70
, 18
, 85
, 18
, 85
, 65
, 38
, 60
, 43
, 69
, 34
, 73
, 30
, 75
, 28
, 37
, 66
, 46
, 57
, 55
, 48
, 36
, 67
, 33
, 70
, 75
, 28
, 40
, 63
, 28
, 75
, 43
, 60
, 84
, 19
, 66
, 37
, 89
, 14
, 37
, 66
, 32
, 71
, 83
, 20
, 80
, 23
, 64
, 39
, 25
, 78
, 93
, 10
, 32
, 71
, 76
, 27
, 51
, 52
, 97
, 6
, 76
, 27
, 85
, 18
, 79
, 24
, 27
, 76
, 28
, 75
, 67
, 36
, 97
, 6
, 76
, 27
, 63
, 40
, 29
, 74
, 31
, 72
, 74
, 29
, 32
, 71
, 22
, 81
, 5
, 98
, 45
, 58
, 25
, 78
, 46
, 57
, 36
, 67
, 90
, 13
, 21
, 82
, 11
, 92
, 74
, 29
, 8
, 95
, 9
, 94
, 5
, 98
, 33
, 70
, 98
, 5
, 82
, 21
, 48
, 55
, 26
, 77
, 67
, 36
, 54
, 49
, 75
, 28
, 58
, 45
, 19
, 84
, 39
, 64
, 5
, 98
, 95
, 8
, 28
, 75
, 27
, 76
, 4
, 99
, 34
, 69
, 20
, 83
, 69
, 34
, 73
, 30
, 82
, 21
, 78
, 25
, 58
, 45
, 91
, 12
, 65
, 38
, 54
, 49
, 29
, 74
, 83
, 20
, 62
, 41
, 37
, 66
, 83
, 20
, 85
, 18
, 90
, 13
, 101
, 2
, 24
, 79
, 52
, 51
, 10
, 93
, 42
, 61
, 64
, 39
, 89
, 14
, 66
, 37
, 6
, 97
, 32
, 71
, 55
, 48
, 9
, 94
, 83
, 20
, 92
, 11
, 90
, 13
, 4
, 99
, 70
, 33
, 9
, 94
, 49
, 54
, 88
, 15
, 3
, 100
, 19
, 84
, 45
, 58
, 86
, 17
, 11
, 92
, 73
, 30
, 67
, 36
, 31
, 72
, 64
, 39
, 64
, 39
, 41
, 62
, 85
, 18
, 30
, 73
, 95
, 8
, 74
, 29
, 36
, 67
, 11
, 92
, 35
, 68
, 34
, 69
, 99
, 4
, 49
, 54
, 94
, 9
, 53
, 50
, 29
, 74
, 22
, 81
, 46
, 57
, 3
, 100
, 95
, 8
, 60
, 43
, 50
, 53
, 90
, 13
, 54
, 49
, 78
, 25
, 86
, 17
, 64
, 39
, 16
, 87
, 79
, 24
, 76
, 27
, 89
, 14
, 40
, 63
, 70
, 33
, 6
, 97
, 58
, 45
, 29
, 74
, 95
, 8
, 41
, 62
, 89
, 14
, 13
, 90
, 100
, 3
, 56
, 47
, 25
, 78
, 14
, 89
, 39
, 64
, 80
, 23
, 42
, 61
, 11
, 92
, 90
, 13
, 95
, 8
, 99
, 4
, 37
, 66
, 74
, 29
, 24
, 79
, 91
, 12
, 86
, 17
, 70
, 33
, 26
, 77
, 64
, 39
, 50
, 53
, 22
, 81
, 56
, 47
, 84
, 19
, 9
, 94
, 77
, 26
, 43
, 60
, 79
, 24
, 35
, 68
, 44
, 59
, 82
, 21
, 80
, 23
, 7
, 96
, 82
, 21
, 41
, 62
, 72
, 31
, 19
, 84
, 60
, 43
, 72
, 31
, 42
, 61
, 11
, 92
, 87
, 16
, 68
, 35
, 57
, 46
, 48
, 55
, 19
, 84
, 11
, 92
, 31
, 72
, 24
, 79
, 32
, 71
, 27
, 76
, 25
, 78
, 77
, 26
, 60
, 43
, 31
, 72
, 89
, 14
, 49
, 54
, 48
, 55
, 63
, 40
, 67
, 36
, 89
, 14
, 40
, 63
, 44
, 59
, 10
, 93
, 86
, 17
, 56
, 47
, 41
, 62
, 70
, 33
, 89
, 14
, 36
, 67
, 98
, 5
, 4
, 99
, 81
, 22
, 92
, 11
, 44
, 59
, 79
, 24
, 63
, 40
, 69
, 34
, 69
, 34
, 97
, 6
, 51
, 52
, 6
, 97
, 31
, 72
, 42
, 61
, 41
, 62
, 63
, 40
, 51
, 52
, 59
, 44
, 83
, 20
, 17
, 86
, 67
, 36
, 29
, 74
, 97
, 6
, 66
, 37
, 35
, 68
, 4
, 99
, 97
, 6
, 90
, 13
, 93
, 10
, 69
, 34
, 75
, 28
, 24
, 79
, 37
, 66
, 19
, 84
, 5
, 98
, 16
, 87
, 2
, 101
, 13
, 90
, 66
, 37
, 9
, 94
, 63
, 40
, 88
, 15
, 75
, 28
, 34
, 69
, 54
, 49
, 101
, 2
, 42
, 61
, 49
, 54
, 25
, 78
, 46
, 57
, 76
, 27
, 101
, 2
, 66
, 37
, 50
, 53
, 38
, 65
, 79
, 24
, 91
, 12
, 48
, 55
, 28
, 75
, 44
, 59
, 11
, 92
, 14
, 89
, 30
, 73
, 74
, 29
, 78
, 25
, 93
, 10
, 35
, 68
, 10
, 93
, 72
, 31
, 40
, 63
, 73
, 30
, 99
, 4
, 42
, 61
, 7
, 96
, 90
, 13
, 81
, 22
, 82
, 21
, 86
, 17
, 87
, 16
, 17
, 86
, 42
, 61
, 13
, 90
, 40
, 63
, 23
, 80
, 46
, 57
, 16
, 87
, 55
, 48
, 75
, 28
, 12
, 91
, 94
, 9
, 39
, 64
, 8
, 95
, 38
, 65
, 42
, 61
, 57
, 46
, 26
, 77
, 26
, 77
, 10
, 93
, 3
, 100
, 37
, 66
, 12
, 91
, 92
, 11
, 94
, 9
, 4
, 99
, 25
, 78
, 20
, 83
, 97
, 6
, 20
, 83
, 93
, 10
, 18
, 85
, 40
, 63
, 34
, 69
, 36
, 67
, 51
, 52
, 36
, 67
, 79
, 24
, 42
, 61
, 30
, 73
, 55
, 48
, 58
, 45
, 93
, 10
, 30
, 73
, 87
, 16
, 75
, 28
, 94
, 9
, 51
, 52
, 71
, 32
, 10
, 93
, 56
, 47
, 96
, 7
, 88
, 15
, 80
, 23
, 77
, 26
, 99
, 4
, 32
, 71
, 20
, 83
, 68
, 35
, 41
, 62
, 72
, 31
, 20
, 83
, 38
, 65
, 18
, 85
, 54
, 49
, 81
, 22
, 57
, 46
, 7
, 96
, 97
, 6
, 74
, 29
, 24
, 79
, 72
, 31
, 65
, 38
, 32
, 71
, 97
, 6
, 64
, 39
, 73
, 30
, 1
, 102
, 88
, 15
, 8
, 95
, 90
, 13
, 3
, 100
, 20
, 83
, 98
, 5
, 76
, 27
, 89
, 14
, 43
, 60
, 37
, 66
, 4
, 99
, 5
, 98
, 59
, 44
, 36
, 67
, 78
, 25
, 22
, 81
, 44
, 59
, 43
, 60
, 49
, 54
, 47
, 56
, 87
, 16
, 94
, 9
, 53
, 50
, 62
, 41
, 11
, 92
, 75
, 28
, 27
, 76
, 6
, 97
, 59
, 44
, 99
, 4
, 83
, 20
, 22
, 81
, 46
, 57
, 59
, 44
, 74
, 29
, 41
, 62
, 24
, 79
, 86
, 17
, 39
, 64
, 67
, 36
, 3
, 100
, 83
, 20
, 29
, 74
, 21
, 82
, 56
, 47
, 99
, 4
, 37
, 66
, 76
, 27
, 13
, 90
, 85
, 18
, 48
, 55
, 39
, 64
, 6
, 97
, 82
, 21
, 100
, 3
, 81
, 22
, 38
, 65
, 30
, 73
, 89
, 14
, 32
, 71
, 86
, 17
, 50
, 53
, 36
, 67
, 57
, 46
, 23
, 80
, 24
, 79
, 28
, 75
, 49
, 54
, 88
, 15
, 18
, 85
, 84
, 19
, 76
, 27
, 52
, 51
, 34
, 69
, 44
, 59
, 49
, 54
, 66
, 37
, 82
, 21
, 77
, 26
, 69
, 34
, 14
, 89
, 29
, 74
, 81
, 22
, 101
, 2
, 92
, 11
, 83
, 20
, 42
, 61
, 66
, 37
, 67
, 36
, 68
, 35
, 67
, 36
, 95
, 8
, 74
, 29
, 73
, 30
, 21
, 82
, 13
, 90
, 95
, 8
, 43
, 60
, 54
, 49
, 1
, 102
, 94
, 9
, 3
, 100
, 87
, 16
, 10
, 93
, 91
, 12
, 97
, 6
, 69
, 34
, 67
, 36
, 76
, 27
, 38
, 65
, 2
, 101
, 15
, 88
, 37
, 66
, 12
, 91
, 81
, 22
, 22
, 81
, 86
, 17
, 11
, 92
, 101
, 2
, 76
, 27
, 45
, 58
, 38
, 65
, 40
, 63
, 79
, 24
, 40
, 63
, 13
, 90
, 6
, 97
, 58
, 45
, 65
, 38
, 50
, 53
, 1
, 102
, 22
, 81
, 79
, 24
, 81
, 22
, 11
, 92
, 20
, 83
, 47
, 56
, 84
, 19
, 65
, 38
, 24
, 79
, 75
, 28
, 54
, 49
, 45
, 58
, 44
, 59
, 44
, 59
, 74
, 29
, 29
, 74
, 87
, 16
, 96
, 7
, 81
, 22
, 60
, 43
, 15
, 88
, 85
, 18
, 37
, 66
, 62
, 41
, 69
, 34
, 2
, 101
, 24
, 79
, 81
, 22
, 16
, 87
, 21
, 82
, 59
, 44
, 19
, 84
, 45
, 58
, 100
, 3
, 93
, 10
, 76
, 27
, 89
, 14
, 8
, 95
, 59
, 44
, 24
, 79
, 3
, 100
, 55
, 48
, 96
, 7
, 98
, 5
, 85
, 18
, 19
, 84
, 67
, 36
, 98
, 5
, 37
, 66
, 21
, 82
, 14
, 89
, 15
, 88
, 39
, 64
, 53
, 50
, 44
, 59
, 96
, 7
, 65
, 38
, 84
, 19
, 46
, 57
, 95
, 8
, 35
, 68
, 15
, 88
, 55
, 48
, 39
, 64
, 90
, 13
, 39
, 64
, 76
, 27
, 19
, 84
, 82
, 21
, 5
, 98
, 90
, 13
, 37
, 66
, 30
, 73
, 41
, 62
, 17
, 86
, 52
, 51
, 72
, 31
, 69
, 34
, 8
, 95
, 48
, 55
, 71
, 32
, 61
, 42
, 73
, 30
, 8
, 95
, 81
, 22
, 69
, 34
, 63
, 40
, 21
, 82
, 40
, 63
, 86
, 17
, 14
, 89
, 63
, 40
, 1
, 102
, 75
, 28
, 88
, 15
, 47
, 56
, 27
, 76
, 1
, 102
, 35
, 68
, 47
, 56
, 52
, 51
, 84
, 19
, 78
, 25
, 79
, 24
, 15
, 88
, 85
, 18
, 93
, 10
, 25
, 78
, 51
, 52
, 70
, 33
, 63
, 40
, 3
, 100
, 28
, 75
, 36
, 67
, 65
, 38
, 11
, 92
, 56
, 47
, 5
, 98
, 100
, 3
, 38
, 65
, 65
, 38
, 43
, 60
, 90
, 13
, 94
, 9
, 56
, 47
, 79
, 24
, 67
, 36
, 73
, 30
, 16
, 87
, 49
, 54
, 61
, 42
, 92
, 11
, 64
, 39
, 25
, 78
, 71
, 32
, 93
, 10
, 97
, 6
, 79
, 24
, 95
, 8
, 78
, 25
, 79
, 24
, 67
, 36
, 35
, 68
, 99
, 4
, 79
, 24
, 21
, 82
, 49
, 54
, 58
, 45
, 77
, 26
, 67
, 36
, 98
, 5
, 78
, 25
, 30
, 73
, 90
, 13
, 86
, 17
, 14
, 89
, 81
, 22
, 64
, 39
, 19
, 84
, 60
, 43
, 81
, 22
, 37
, 66
, 31
, 72
, 8
, 95
, 94
, 9
, 75
, 28
, 37
, 66
, 73
, 30
, 52
, 51
, 32
, 71
, 46
, 57
, 70
, 33
, 68
, 35
, 58
, 45
, 15
, 88
, 41
, 62
, 96
, 7
, 60
, 43
, 67
, 36
, 40
, 63
, 92
, 11
, 98
, 5
, 81
, 22
, 75
, 28
, 101
, 2
, 63
, 40
, 17
, 86
, 45
, 58
, 37
, 66
, 78
, 25
, 25
, 78
, 57
, 46
, 15
, 88
, 40
, 63
, 34
, 69
, 94
, 9
, 13
, 90
, 42
, 61
, 71
, 32
, 17
, 86
, 24
, 79
, 29
, 74
, 64
, 39
, 96
, 7
, 6
, 97
, 47
, 56
, 29
, 74
, 72
, 31
, 85
, 18
, 90
, 13
, 53
, 50
, 36
, 67
, 29
, 74
, 25
, 78
, 69
, 34
, 49
, 54
, 91
, 12
, 62
, 41
, 3
, 100
, 18
, 85
, 94
, 9
, 91
, 12
, 18
, 85
, 1
, 102
, 10
, 93
, 16
, 87
, 45
, 58
, 9
, 94
, 96
, 7
, 50
, 53
, 73
, 30
, 81
, 22
, 47
, 56
, 75
, 28
, 96
, 7
, 52
, 51
, 46
, 57
, 44
, 59
, 87
, 16
, 88
, 15
, 20
, 83
, 69
, 34
, 76
, 27
, 89
, 14
, 55
, 48
, 43
, 60
, 41
, 62
, 60
, 43
, 2
, 101
, 75
, 28
, 9
, 94
, 80
, 23
, 36
, 67
, 24
, 79
, 93
, 10
, 88
, 15
, 50
, 53
, 5
, 98
, 61
, 42
, 54
, 49
, 51
, 52
, 8
, 95
, 47
, 56
, 81
, 22
, 7
, 96
, 100
, 3
, 36
, 67
, 47
, 56
, 72
, 31
, 4
, 99
, 63
, 40
, 50
, 53
, 7
, 96
, 48
, 55
, 13
, 90
, 18
, 85
, 1
, 102
, 13
, 90
