
109
, 62
, 23
, 39
, 46
, 27
, 58
, 79
, 6
, 46
, 39
, 53
, 32
, 27
, 58
, 44
, 41
, 11
, 74
, 43
, 42
, 2
, 83
, 72
, 13
, 62
, 23
, 21
, 64
, 28
, 57
, 79
, 6
, 52
, 33
, 10
, 75
, 49
, 36
, 26
, 59
, 9
, 76
, 82
, 3
, 60
, 25
, 41
, 44
, 17
, 68
, 66
, 19
, 3
, 82
, 22
, 63
, 27
, 58
, 63
, 22
, 5
, 80
, 64
, 21
, 60
, 25
, 13
, 72
, 49
, 36
, 48
, 37
, 61
, 24
, 66
, 19
, 59
, 26
, 40
, 45
, 65
, 20
, 61
, 24
, 27
, 58
, 12
, 73
, 63
, 22
, 42
, 43
, 2
, 83
, 75
, 10
, 13
, 72
, 57
, 28
, 22
, 63
, 35
, 50
, 3
, 82
, 83
, 2
, 2
, 83
, 81
, 4
, 28
, 57
, 35
, 50
, 77
, 8
, 29
, 56
, 66
, 19
, 43
, 42
, 73
, 12
, 73
, 12
, 11
, 74
, 61
, 24
, 35
, 50
, 36
, 49
, 74
, 11
, 36
, 49
, 80
, 5
, 16
, 69
, 72
, 13
, 55
, 30
, 78
, 7
, 5
, 80
, 19
, 66
, 68
, 17
, 19
, 66
, 11
, 74
, 20
, 65
, 26
, 59
, 48
, 37
, 62
, 23
, 15
, 70
, 68
, 17
, 45
, 40
, 16
, 69
, 48
, 37
, 8
, 77
, 35
, 50
, 21
, 64
, 45
, 40
, 59
, 26
, 39
, 46
, 17
, 68
, 23
, 62
, 46
, 39
, 71
, 14
, 1
, 84
, 72
, 13
, 29
, 56
, 2
, 83
, 17
, 68
, 59
, 26
, 53
, 32
, 38
, 47
, 42
, 43
, 68
, 17
