
1100
, 109
, 158
, 7
, 260
, 131
, 136
, 11
, 256
, 29
, 238
, 133
, 134
, 221
, 46
, 193
, 74
, 83
, 184
, 246
, 21
, 136
, 131
, 87
, 180
, 110
, 157
, 238
, 29
, 91
, 176
, 89
, 178
, 80
, 187
, 177
, 90
, 257
, 10
, 179
, 88
, 256
, 11
, 72
, 195
, 42
, 225
, 5
, 262
, 34
, 233
, 170
, 97
, 54
, 213
, 44
, 223
, 264
, 3
, 258
, 9
, 73
, 194
, 101
, 166
, 189
, 78
, 30
, 237
, 86
, 181
, 154
, 113
, 167
, 100
, 37
, 230
, 146
, 121
, 150
, 117
, 263
, 4
, 251
, 16
, 232
, 35
, 191
, 76
, 121
, 146
, 120
, 147
, 59
, 208
, 99
, 168
, 105
, 162
, 18
, 249
, 91
, 176
, 33
, 234
, 221
, 46
, 7
, 260
, 69
, 198
, 111
, 156
, 18
, 249
, 64
, 203
, 139
, 128
, 44
, 223
, 232
, 35
, 13
, 254
, 34
, 233
, 68
, 199
, 122
, 145
, 103
, 164
, 146
, 121
, 43
, 224
, 36
, 231
, 251
, 16
, 96
, 171
, 19
, 248
, 33
, 234
, 55
, 212
, 2
, 265
, 3
, 264
, 3
, 264
, 246
, 21
, 45
, 222
, 183
, 84
, 102
, 165
, 190
, 77
, 243
, 24
, 44
, 223
, 142
, 125
, 99
, 168
, 93
, 174
, 254
, 13
, 195
, 72
, 59
, 208
, 216
, 51
, 55
, 212
, 49
, 218
, 239
, 28
, 11
, 256
, 89
, 178
, 134
, 133
, 116
, 151
, 207
, 60
, 36
, 231
, 71
, 196
, 174
, 93
, 7
, 260
, 64
, 203
, 180
, 87
, 112
, 155
, 146
, 121
, 203
, 64
, 163
, 104
, 236
, 31
, 135
, 132
, 168
, 99
, 40
, 227
, 230
, 37
, 54
, 213
, 205
, 62
, 172
, 95
, 73
, 194
, 89
, 178
, 195
, 72
, 152
, 115
, 3
, 264
, 118
, 149
, 110
, 157
, 55
, 212
, 214
, 53
, 259
, 8
, 55
, 212
, 7
, 260
, 130
, 137
, 122
, 145
, 261
, 6
, 96
, 171
, 13
, 254
, 110
, 157
, 118
, 149
, 157
, 110
, 254
, 13
, 208
, 59
, 11
, 256
, 134
, 133
, 8
, 259
, 61
, 206
, 261
, 6
, 111
, 156
, 80
, 187
, 252
, 15
, 252
, 15
, 146
, 121
, 30
, 237
, 244
, 23
, 15
, 252
, 228
, 39
, 72
, 195
, 21
, 246
, 260
, 7
, 37
, 230
, 235
, 32
, 181
, 86
, 56
, 211
, 242
, 25
, 37
, 230
, 109
, 158
, 26
, 241
, 253
, 14
, 244
, 23
, 258
, 9
, 147
, 120
, 55
, 212
, 146
, 121
, 45
, 222
, 250
, 17
, 30
, 237
, 47
, 220
, 46
, 221
, 135
, 132
, 27
, 240
, 132
, 135
, 145
, 122
, 234
, 33
, 26
, 241
, 37
, 230
, 83
, 184
, 58
, 209
, 112
, 155
, 17
, 250
, 115
, 152
, 143
, 124
, 257
, 10
, 217
, 50
, 97
, 170
, 235
, 32
, 155
, 112
, 253
, 14
, 231
, 36
, 147
, 120
, 167
, 100
, 137
, 130
, 72
, 195
, 156
, 111
, 51
, 216
, 120
, 147
, 10
, 257
, 202
, 65
, 25
, 242
, 99
, 168
, 11
, 256
, 170
, 97
, 127
, 140
, 102
, 165
, 14
, 253
, 262
, 5
, 66
, 201
, 87
, 180
, 112
, 155
, 24
, 243
, 146
, 121
, 249
, 18
, 251
, 16
, 11
, 256
, 151
, 116
, 223
, 44
, 222
, 45
, 10
, 257
, 93
, 174
, 88
, 179
, 71
, 196
, 79
, 188
, 25
, 242
, 150
, 117
, 81
, 186
, 77
, 190
, 119
, 148
, 176
, 91
, 156
, 111
, 191
, 76
, 210
, 57
, 253
, 14
, 58
, 209
, 164
, 103
, 8
, 259
, 236
, 31
, 60
, 207
, 255
, 12
, 88
, 179
, 83
, 184
, 191
, 76
, 77
, 190
, 178
, 89
, 226
, 41
, 152
, 115
, 37
, 230
, 138
, 129
, 192
, 75
, 110
, 157
, 66
, 201
, 108
, 159
, 33
, 234
, 105
, 162
, 37
, 230
, 260
, 7
, 187
, 80
, 247
, 20
, 18
, 249
, 154
, 113
, 213
, 54
, 54
, 213
, 171
, 96
, 185
, 82
, 171
, 96
, 242
, 25
, 229
, 38
, 109
, 158
, 17
, 250
, 262
, 5
, 80
, 187
, 60
, 207
, 231
, 36
, 99
, 168
, 162
, 105
, 11
, 256
, 243
, 24
, 246
, 21
, 155
, 112
, 113
, 154
, 92
, 175
, 98
, 169
, 247
, 20
, 194
, 73
, 206
, 61
, 72
, 195
, 29
, 238
, 44
, 223
, 81
, 186
, 81
, 186
, 235
, 32
, 31
, 236
, 166
, 101
, 233
, 34
, 237
, 30
, 58
, 209
, 183
, 84
, 142
, 125
, 96
, 171
, 168
, 99
, 259
, 8
, 241
, 26
, 153
, 114
, 33
, 234
, 164
, 103
, 64
, 203
, 32
, 235
, 204
, 63
, 60
, 207
, 230
, 37
, 11
, 256
, 138
, 129
, 102
, 165
, 146
, 121
, 253
, 14
, 239
, 28
, 249
, 18
, 92
, 175
, 235
, 32
, 111
, 156
, 141
, 126
, 133
, 134
, 54
, 213
, 247
, 20
, 5
, 262
, 91
, 176
, 14
, 253
, 148
, 119
, 63
, 204
, 89
, 178
, 168
, 99
, 185
, 82
, 44
, 223
, 264
, 3
, 222
, 45
, 170
, 97
, 100
, 167
, 163
, 104
, 54
, 213
, 214
, 53
, 228
, 39
, 50
, 217
, 6
, 261
, 16
, 251
, 60
, 207
, 174
, 93
, 261
, 6
, 220
, 47
, 129
, 138
, 30
, 237
, 247
, 20
, 265
, 2
, 228
, 39
, 224
, 43
, 163
, 104
, 212
, 55
, 166
, 101
, 98
, 169
, 23
, 244
, 237
, 30
, 249
, 18
, 243
, 24
, 263
, 4
, 82
, 185
, 81
, 186
, 16
, 251
, 25
, 242
, 69
, 198
, 156
, 111
, 139
, 128
, 90
, 177
, 105
, 162
, 182
, 85
, 138
, 129
, 204
, 63
, 102
, 165
, 22
, 245
, 89
, 178
, 128
, 139
, 265
, 2
, 49
, 218
, 205
, 62
, 56
, 211
, 178
, 89
, 121
, 146
, 69
, 198
, 73
, 194
, 20
, 247
, 179
, 88
, 200
, 67
, 237
, 30
, 2
, 265
, 132
, 135
, 126
, 141
, 84
, 183
, 209
, 58
, 184
, 83
, 222
, 45
, 212
, 55
, 117
, 150
, 191
, 76
, 48
, 219
, 98
, 169
, 146
, 121
, 13
, 254
, 130
, 137
, 68
, 199
, 145
, 122
, 7
, 260
, 7
, 260
, 220
, 47
, 66
, 201
, 190
, 77
, 95
, 172
, 82
, 185
, 60
, 207
, 3
, 264
, 40
, 227
, 221
, 46
, 164
, 103
, 81
, 186
, 40
, 227
, 94
, 173
, 224
, 43
, 214
, 53
, 67
, 200
, 139
, 128
, 211
, 56
, 162
, 105
, 108
, 159
, 107
, 160
, 87
, 180
, 258
, 9
, 108
, 159
, 257
, 10
, 106
, 161
, 13
, 254
, 2
, 265
, 88
, 179
, 205
, 62
, 212
, 55
, 48
, 219
, 164
, 103
, 8
, 259
, 41
, 226
, 217
, 50
, 108
, 159
, 221
, 46
, 260
, 7
, 175
, 92
, 25
, 242
, 111
, 156
, 113
, 154
, 95
, 172
, 42
, 225
, 67
, 200
, 12
, 255
, 234
, 33
, 123
, 144
, 209
, 58
, 95
, 172
, 183
, 84
, 183
, 84
, 108
, 159
, 237
, 30
, 5
, 262
, 35
, 232
, 47
, 220
, 66
, 201
, 158
, 109
, 67
, 200
, 222
, 45
, 145
, 122
, 200
, 67
, 195
, 72
, 117
, 150
, 234
, 33
, 257
, 10
, 21
, 246
, 34
, 233
, 33
, 234
, 264
, 3
, 230
, 37
, 203
, 64
, 168
, 99
, 168
, 99
, 163
, 104
, 217
, 50
, 137
, 130
, 143
, 124
, 9
, 258
, 41
, 226
, 92
, 175
, 111
, 156
, 22
, 245
, 183
, 84
, 22
, 245
, 163
, 104
, 204
, 63
, 117
, 150
, 31
, 236
, 29
, 238
, 46
, 221
, 38
, 229
, 47
, 220
, 163
, 104
, 111
, 156
, 1
, 266
, 81
, 186
, 236
, 31
, 196
, 71
, 243
, 24
, 64
, 203
, 12
, 255
, 107
, 160
, 61
, 206
, 86
, 181
, 54
, 213
, 257
, 10
, 65
, 202
, 245
, 22
, 203
, 64
, 259
, 8
, 55
, 212
, 211
, 56
, 155
, 112
, 79
, 188
, 217
, 50
, 94
, 173
, 45
, 222
, 65
, 202
, 166
, 101
, 263
, 4
, 120
, 147
, 222
, 45
, 201
, 66
, 82
, 185
, 42
, 225
, 214
, 53
, 190
, 77
, 217
, 50
, 31
, 236
, 104
, 163
, 84
, 183
, 149
, 118
, 116
, 151
, 31
, 236
, 154
, 113
, 225
, 42
, 97
, 170
, 87
, 180
, 146
, 121
, 145
, 122
, 33
, 234
, 263
, 4
, 119
, 148
, 20
, 247
, 81
, 186
, 79
, 188
, 257
, 10
, 96
, 171
, 92
, 175
, 33
, 234
, 65
, 202
, 117
, 150
, 254
, 13
, 17
, 250
, 72
, 195
, 185
, 82
, 53
, 214
, 87
, 180
, 49
, 218
, 201
, 66
, 131
, 136
, 47
, 220
, 67
, 200
, 229
, 38
, 25
, 242
, 250
, 17
, 158
, 109
, 75
, 192
, 185
, 82
, 2
, 265
, 160
, 107
, 212
, 55
, 196
, 71
, 219
, 48
, 227
, 40
, 265
, 2
, 187
, 80
, 124
, 143
, 147
, 120
, 21
, 246
, 151
, 116
, 204
, 63
, 187
, 80
, 260
, 7
, 20
, 247
, 232
, 35
, 177
, 90
, 139
, 128
, 121
, 146
, 94
, 173
, 91
, 176
, 249
, 18
, 174
, 93
, 81
, 186
, 131
, 136
, 150
, 117
, 233
, 34
, 257
, 10
, 93
, 174
, 91
, 176
, 157
, 110
, 1
, 266
, 88
, 179
, 237
, 30
, 134
, 133
, 58
, 209
, 74
, 193
, 221
, 46
, 211
, 56
, 140
, 127
, 42
, 225
, 75
, 192
, 98
, 169
, 252
, 15
, 210
, 57
, 15
, 252
, 197
, 70
, 106
, 161
, 206
, 61
, 29
, 238
, 111
, 156
, 187
, 80
, 62
, 205
, 148
, 119
, 221
, 46
, 44
, 223
, 32
, 235
, 171
, 96
, 108
, 159
, 70
, 197
, 102
, 165
, 188
, 79
, 26
, 241
, 36
, 231
, 196
, 71
, 196
, 71
, 134
, 133
, 222
, 45
, 110
, 157
, 106
, 161
, 224
, 43
, 42
, 225
, 191
, 76
, 35
, 232
, 33
, 234
, 24
, 243
, 27
, 240
, 78
, 189
, 174
, 93
, 142
, 125
, 40
, 227
, 223
, 44
, 246
, 21
, 6
, 261
, 219
, 48
, 32
, 235
, 261
, 6
, 167
, 100
, 139
, 128
, 244
, 23
, 23
, 244
, 9
, 258
, 77
, 190
, 47
, 220
, 45
, 222
, 47
, 220
, 189
, 78
, 55
, 212
, 167
, 100
, 240
, 27
, 98
, 169
, 46
, 221
, 254
, 13
, 223
, 44
, 131
, 136
, 130
, 137
, 150
, 117
, 28
, 239
, 16
, 251
, 188
, 79
, 1
, 266
, 217
, 50
, 209
, 58
, 62
, 205
, 230
, 37
, 53
, 214
, 23
, 244
, 137
, 130
, 94
, 173
, 86
, 181
, 168
, 99
, 145
, 122
, 158
, 109
, 90
, 177
, 114
, 153
, 24
, 243
, 91
, 176
, 172
, 95
, 53
, 214
, 59
, 208
, 59
, 208
, 150
, 117
, 183
, 84
, 151
, 116
, 21
, 246
, 59
, 208
, 15
, 252
, 103
, 164
, 254
, 13
, 99
, 168
, 203
, 64
, 105
, 162
, 167
, 100
, 148
, 119
, 204
, 63
, 247
, 20
, 112
, 155
, 14
, 253
, 5
, 262
, 152
, 115
, 106
, 161
, 172
, 95
, 209
, 58
, 67
, 200
, 23
, 244
, 15
, 252
, 22
, 245
, 257
, 10
, 248
, 19
, 35
, 232
, 61
, 206
, 17
, 250
, 68
, 199
, 157
, 110
, 58
, 209
, 244
, 23
, 185
, 82
, 146
, 121
, 47
, 220
, 108
, 159
, 94
, 173
, 170
, 97
, 52
, 215
, 31
, 236
, 53
, 214
, 235
, 32
, 23
, 244
, 63
, 204
, 114
, 153
, 67
, 200
, 224
, 43
, 194
, 73
, 12
, 255
, 36
, 231
, 112
, 155
, 22
, 245
, 198
, 69
, 245
, 22
, 24
, 243
, 211
, 56
, 153
, 114
, 25
, 242
, 10
, 257
, 21
, 246
, 165
, 102
, 182
, 85
, 152
, 115
, 206
, 61
, 73
, 194
, 148
, 119
, 57
, 210
, 180
, 87
, 92
, 175
, 167
, 100
, 71
, 196
, 228
, 39
, 152
, 115
, 238
, 29
, 217
, 50
, 110
, 157
, 236
, 31
, 108
, 159
, 45
, 222
, 54
, 213
, 104
, 163
, 135
, 132
, 77
, 190
, 123
, 144
, 170
, 97
, 83
, 184
, 181
, 86
, 75
, 192
, 124
, 143
, 152
, 115
, 188
, 79
, 135
, 132
, 130
, 137
, 25
, 242
, 64
, 203
, 153
, 114
, 250
, 17
, 112
, 155
, 113
, 154
, 72
, 195
, 226
, 41
, 255
, 12
, 118
, 149
, 53
, 214
, 57
, 210
, 53
, 214
, 229
, 38
, 255
, 12
, 101
, 166
, 38
, 229
, 149
, 118
, 50
, 217
, 187
, 80
, 131
, 136
, 162
, 105
, 106
, 161
, 140
, 127
, 199
, 68
, 109
, 158
, 24
, 243
, 201
, 66
, 161
, 106
, 193
, 74
, 119
, 148
, 140
, 127
, 185
, 82
, 41
, 226
, 19
, 248
, 123
, 144
, 200
, 67
, 237
, 30
, 214
, 53
, 202
, 65
, 136
, 131
, 126
, 141
, 181
, 86
, 123
, 144
, 121
, 146
, 13
, 254
, 146
, 121
, 55
, 212
, 215
, 52
, 237
, 30
, 236
, 31
, 192
, 75
, 118
, 149
, 168
, 99
, 69
, 198
, 213
, 54
, 202
, 65
, 215
, 52
, 59
, 208
, 126
, 141
, 55
, 212
, 45
, 222
, 166
, 101
, 147
, 120
, 19
, 248
, 254
, 13
, 2
, 265
, 217
, 50
, 74
, 193
, 7
, 260
, 17
, 250
, 221
, 46
, 105
, 162
, 79
, 188
, 235
, 32
, 119
, 148
, 50
, 217
, 153
, 114
, 7
, 260
, 116
, 151
, 81
, 186
, 193
, 74
, 61
, 206
, 239
, 28
, 4
, 263
, 126
, 141
, 32
, 235
, 35
, 232
, 221
, 46
, 172
, 95
, 143
, 124
, 14
, 253
, 193
, 74
, 145
, 122
, 34
, 233
, 129
, 138
, 1
, 266
, 164
, 103
, 7
, 260
, 243
, 24
, 77
, 190
, 162
, 105
, 68
, 199
, 76
, 191
, 248
, 19
, 210
, 57
, 190
, 77
, 40
, 227
, 208
, 59
, 59
, 208
, 23
, 244
, 100
, 167
, 3
, 264
, 97
, 170
, 38
, 229
, 17
, 250
, 134
, 133
, 82
, 185
, 250
, 17
, 96
, 171
, 110
, 157
, 187
, 80
, 102
, 165
, 169
, 98
, 69
, 198
, 128
, 139
, 221
, 46
, 29
, 238
, 249
, 18
, 259
, 8
, 115
, 152
, 1
, 266
, 213
, 54
, 5
, 262
, 116
, 151
, 259
, 8
, 132
, 135
, 106
, 161
, 106
, 161
, 104
, 163
, 11
, 256
, 191
, 76
, 146
, 121
, 25
, 242
, 262
, 5
, 21
, 246
, 2
, 265
, 216
, 51
, 22
, 245
, 81
, 186
, 55
, 212
, 103
, 164
, 212
, 55
, 157
, 110
, 191
, 76
, 177
, 90
, 17
, 250
, 100
, 167
, 121
, 146
, 35
, 232
, 50
, 217
, 204
, 63
, 82
, 185
, 236
, 31
, 24
, 243
, 175
, 92
, 94
, 173
, 242
, 25
, 186
, 81
, 153
, 114
, 190
, 77
, 159
, 108
, 85
, 182
, 102
, 165
, 52
, 215
, 14
, 253
, 210
, 57
, 31
, 236
, 185
, 82
, 226
, 41
, 6
, 261
, 95
, 172
, 202
, 65
, 235
, 32
, 55
, 212
, 193
, 74
, 144
, 123
, 86
, 181
, 264
, 3
, 230
, 37
, 109
, 158
, 201
, 66
, 66
, 201
, 94
, 173
, 72
, 195
, 86
, 181
, 62
, 205
, 239
, 28
, 182
, 85
, 20
, 247
, 194
, 73
, 208
, 59
, 127
, 140
, 3
, 264
, 206
, 61
, 59
, 208
, 34
, 233
, 217
, 50
, 185
, 82
, 203
, 64
, 111
, 156
, 80
, 187
, 233
, 34
, 69
, 198
, 234
, 33
, 102
, 165
, 206
, 61
, 217
, 50
, 52
, 215
, 234
, 33
, 149
, 118
, 263
, 4
, 192
, 75
, 83
, 184
, 265
, 2
, 201
, 66
, 231
, 36
, 30
, 237
, 231
, 36
, 14
, 253
, 11
, 256
, 90
, 177
, 231
, 36
, 225
, 42
, 160
, 107
, 167
, 100
, 159
, 108
, 188
, 79
, 44
, 223
, 213
, 54
, 118
, 149
, 16
, 251
, 156
, 111
, 117
, 150
, 87
, 180
, 22
, 245
, 240
, 27
, 39
, 228
, 189
, 78
, 67
, 200
, 120
, 147
, 158
, 109
, 241
, 26
, 15
, 252
, 82
, 185
, 170
, 97
, 202
, 65
, 32
, 235
, 103
, 164
, 42
, 225
, 65
, 202
, 165
, 102
, 162
, 105
, 160
, 107
, 74
, 193
, 223
, 44
, 36
, 231
, 7
, 260
, 254
, 13
, 114
, 153
, 168
, 99
, 202
, 65
, 3
, 264
, 203
, 64
, 32
, 235
, 62
, 205
, 179
, 88
, 176
, 91
, 91
, 176
, 202
, 65
, 154
, 113
, 45
, 222
, 12
, 255
, 103
, 164
, 75
, 192
