
110
, 100
, 28
, 3
, 125
, 59
, 69
, 2
, 126
, 35
, 93
, 50
, 78
, 95
, 33
, 86
, 42
, 106
, 22
, 81
, 47
, 18
, 110
, 9
, 119
, 31
, 97
, 53
, 75
, 86
, 42
, 125
, 3
, 36
, 92
, 37
, 91
, 3
, 125
, 126
, 2
, 89
, 39
, 86
, 42
, 82
, 46
, 92
, 36
, 110
, 18
, 20
, 108
, 112
, 16
, 113
, 15
, 28
, 100
, 68
, 60
, 71
, 57
, 49
, 79
, 48
, 80
, 49
, 79
, 52
, 76
, 121
, 7
, 89
, 39
, 10
, 118
, 52
, 76
, 63
, 65
, 2
, 126
, 100
, 28
, 73
, 55
, 62
, 66
, 37
, 91
, 76
, 52
, 54
, 74
, 113
, 15
, 20
, 108
, 42
, 86
, 72
, 56
, 80
, 48
, 30
, 98
, 50
, 78
, 22
, 106
, 26
, 102
, 107
, 21
, 16
, 112
, 82
, 46
, 92
, 36
, 73
, 55
, 55
, 73
, 54
, 74
, 38
, 90
, 21
, 107
, 82
, 46
, 23
, 105
, 44
, 84
, 78
, 50
, 48
, 80
, 72
, 56
, 39
, 89
, 82
, 46
, 50
, 78
, 50
, 78
, 55
, 73
, 11
, 117
, 59
, 69
, 45
, 83
, 23
, 105
, 8
, 120
, 5
, 123
, 34
, 94
, 4
, 124
, 32
, 96
, 70
, 58
, 24
, 104
, 12
, 116
, 102
, 26
, 111
, 17
, 48
, 80
, 63
, 65
, 96
, 32
, 96
, 32
, 74
, 54
, 77
, 51
, 52
, 76
, 37
, 91
, 70
, 58
, 2
, 126
, 72
, 56
, 5
, 123
, 14
, 114
, 74
, 54
, 77
, 51
, 123
, 5
, 45
, 83
, 69
, 59
, 93
, 35
, 23
, 105
