
1110
, 92
, 31
, 85
, 38
, 37
, 86
, 81
, 42
, 45
, 78
, 25
, 98
, 60
, 63
, 70
, 53
, 44
, 79
, 105
, 18
, 62
, 61
, 107
, 16
, 23
, 100
, 84
, 39
, 114
, 9
, 81
, 42
, 55
, 68
, 83
, 40
, 66
, 57
, 26
, 97
, 32
, 91
, 35
, 88
, 15
, 108
, 118
, 5
, 3
, 120
, 91
, 32
, 89
, 34
, 16
, 107
, 14
, 109
, 1
, 122
, 55
, 68
, 30
, 93
, 34
, 89
, 121
, 2
, 120
, 3
, 55
, 68
, 79
, 44
, 17
, 106
, 19
, 104
, 67
, 56
, 18
, 105
, 9
, 114
, 118
, 5
, 54
, 69
, 10
, 113
, 10
, 113
, 112
, 11
, 54
, 69
, 36
, 87
, 104
, 19
, 1
, 122
, 89
, 34
, 92
, 31
, 91
, 32
, 24
, 99
, 16
, 107
, 64
, 59
, 20
, 103
, 65
, 58
, 14
, 109
, 25
, 98
, 102
, 21
, 20
, 103
, 43
, 80
, 114
, 9
, 76
, 47
, 106
, 17
, 95
, 28
, 73
, 50
, 23
, 100
, 50
, 73
, 43
, 80
, 108
, 15
, 102
, 21
, 55
, 68
, 100
, 23
, 66
, 57
, 21
, 102
, 60
, 63
, 96
, 27
, 120
, 3
, 98
, 25
, 117
, 6
, 102
, 21
, 40
, 83
, 46
, 77
, 42
, 81
, 70
, 53
, 41
, 82
, 57
, 66
, 57
, 66
, 48
, 75
, 30
, 93
, 21
, 102
, 116
, 7
, 72
, 51
, 18
, 105
, 1
, 122
, 102
, 21
, 14
, 109
, 75
, 48
, 91
, 32
, 94
, 29
, 36
, 87
, 50
, 73
, 11
, 112
, 107
, 16
, 48
, 75
, 96
, 27
, 100
, 23
, 95
, 28
, 64
, 59
, 81
, 42
, 37
, 86
, 111
, 12
, 24
, 99
, 86
, 37
, 115
, 8
, 72
, 51
, 58
, 65
, 10
, 113
, 87
, 36
, 88
, 35
, 93
, 30
, 17
, 106
, 4
, 119
, 105
, 18
, 92
, 31
, 12
, 111
, 21
, 102
, 70
, 53
, 56
, 67
, 12
, 111
, 21
, 102
, 6
, 117
, 25
, 98
, 40
, 83
, 78
, 45
, 108
, 15
, 11
, 112
, 26
, 97
, 73
, 50
, 107
, 16
, 103
, 20
, 107
, 16
, 55
, 68
, 20
, 103
, 21
, 102
, 89
, 34
, 45
, 78
, 94
, 29
, 92
, 31
, 117
, 6
, 103
, 20
, 14
, 109
, 83
, 40
, 82
, 41
, 31
, 92
, 47
, 76
, 87
, 36
, 63
, 60
, 91
, 32
, 66
, 57
, 109
, 14
, 75
, 48
, 87
, 36
, 105
, 18
, 64
, 59
, 92
, 31
, 99
, 24
, 1
, 122
, 116
, 7
, 27
, 96
, 113
, 10
, 31
, 92
, 3
, 120
, 76
, 47
, 120
, 3
, 21
, 102
, 108
, 15
, 106
, 17
, 39
, 84
, 84
, 39
, 61
, 62
, 21
, 102
, 3
, 120
, 50
, 73
, 6
, 117
, 111
, 12
, 37
, 86
, 68
, 55
, 101
, 22
, 34
, 89
, 47
, 76
, 62
, 61
, 87
, 36
, 24
, 99
, 62
, 61
, 106
, 17
, 51
, 72
, 42
, 81
, 74
, 49
, 100
, 23
, 31
, 92
, 44
, 79
, 44
, 79
, 18
, 105
, 61
, 62
, 80
, 43
, 110
, 13
, 38
, 85
, 31
, 92
, 119
, 4
, 9
, 114
, 103
, 20
, 66
, 57
, 8
, 115
, 3
, 120
, 33
, 90
, 80
, 43
, 9
, 114
, 64
, 59
, 87
, 36
, 121
, 2
, 11
, 112
, 109
, 14
, 43
, 80
, 15
, 108
, 47
, 76
, 109
, 14
, 93
, 30
, 60
, 63
, 46
, 77
, 20
, 103
, 31
, 92
, 18
, 105
, 24
, 99
, 10
, 113
, 118
, 5
, 121
, 2
, 25
, 98
, 27
, 96
, 102
, 21
, 101
, 22
, 1
, 122
, 66
, 57
, 35
, 88
, 3
, 120
, 45
, 78
, 98
, 25
, 13
, 110
, 100
, 23
, 27
, 96
, 44
, 79
, 82
, 41
, 39
, 84
, 70
, 53
, 39
, 84
, 18
, 105
, 22
, 101
, 62
, 61
, 91
, 32
, 44
, 79
, 84
, 39
, 67
, 56
, 35
, 88
, 35
, 88
, 107
, 16
, 32
, 91
, 105
, 18
, 84
, 39
, 99
, 24
, 112
, 11
, 18
, 105
, 34
, 89
, 63
, 60
, 95
, 28
, 120
, 3
, 45
, 78
, 90
, 33
, 94
, 29
, 80
, 43
, 94
, 29
, 105
, 18
, 85
, 38
, 59
, 64
, 118
, 5
, 18
, 105
, 59
, 64
, 60
, 63
, 111
, 12
, 93
, 30
, 9
, 114
, 103
, 20
, 40
, 83
, 113
, 10
, 53
, 70
, 59
, 64
, 45
, 78
, 18
, 105
, 17
, 106
, 72
, 51
, 47
, 76
, 39
, 84
, 68
, 55
, 15
, 108
, 94
, 29
, 72
, 51
, 22
, 101
, 24
, 99
, 47
, 76
, 101
, 22
, 6
, 117
, 105
, 18
, 56
, 67
, 75
, 48
, 4
, 119
, 24
, 99
, 117
, 6
, 10
, 113
, 31
, 92
, 9
, 114
, 118
, 5
, 17
, 106
, 67
, 56
, 76
, 47
, 111
, 12
, 92
, 31
, 53
, 70
, 39
, 84
, 52
, 71
, 25
, 98
, 2
, 121
, 71
, 52
, 110
, 13
, 53
, 70
, 102
, 21
, 105
, 18
, 4
, 119
, 105
, 18
, 99
, 24
, 95
, 28
, 81
, 42
, 30
, 93
, 65
, 58
, 29
, 94
, 36
, 87
, 70
, 53
, 57
, 66
, 76
, 47
, 119
, 4
, 86
, 37
, 79
, 44
, 46
, 77
, 113
, 10
, 92
, 31
, 41
, 82
, 47
, 76
, 75
, 48
, 86
, 37
, 39
, 84
, 54
, 69
, 102
, 21
, 70
, 53
, 31
, 92
, 83
, 40
, 58
, 65
, 57
, 66
, 3
, 120
, 89
, 34
, 94
, 29
, 14
, 109
, 17
, 106
, 96
, 27
, 112
, 11
, 116
, 7
, 26
, 97
, 21
, 102
, 6
, 117
, 20
, 103
, 96
, 27
, 55
, 68
, 42
, 81
, 38
, 85
, 56
, 67
, 16
, 107
, 85
, 38
, 33
, 90
, 6
, 117
, 26
, 97
, 79
, 44
, 1
, 122
, 29
, 94
, 88
, 35
, 37
, 86
, 25
, 98
, 9
, 114
, 78
, 45
, 73
, 50
, 90
, 33
, 100
, 23
, 72
, 51
, 86
, 37
, 93
, 30
, 30
, 93
, 1
, 122
, 3
, 120
, 100
, 23
, 54
, 69
, 88
, 35
, 72
, 51
, 32
, 91
, 40
, 83
, 104
, 19
, 87
, 36
, 86
, 37
, 71
, 52
, 29
, 94
, 88
, 35
, 90
, 33
, 80
, 43
, 89
, 34
, 36
, 87
, 117
, 6
, 2
, 121
, 36
, 87
, 82
, 41
, 55
, 68
, 66
, 57
, 27
, 96
, 89
, 34
, 117
, 6
, 12
, 111
, 53
, 70
, 30
, 93
, 57
, 66
, 107
, 16
, 71
, 52
, 29
, 94
, 108
, 15
, 11
, 112
, 77
, 46
, 112
, 11
, 84
, 39
, 107
, 16
, 61
, 62
, 60
, 63
, 32
, 91
, 1
, 122
, 90
, 33
, 90
, 33
, 6
, 117
, 11
, 112
, 23
, 100
, 108
, 15
, 44
, 79
, 67
, 56
, 37
, 86
, 25
, 98
, 108
, 15
, 105
, 18
, 24
, 99
, 108
, 15
, 11
, 112
, 76
, 47
, 62
, 61
, 95
, 28
, 71
, 52
, 74
, 49
, 90
, 33
, 15
, 108
, 70
, 53
, 43
, 80
, 55
, 68
, 116
, 7
, 38
, 85
, 31
, 92
, 87
, 36
, 38
, 85
, 8
, 115
, 109
, 14
, 2
, 121
, 105
, 18
, 90
, 33
, 94
, 29
, 5
, 118
, 103
, 20
, 62
, 61
, 74
, 49
, 30
, 93
, 101
, 22
, 4
, 119
, 58
, 65
, 58
, 65
, 75
, 48
, 36
, 87
, 6
, 117
, 35
, 88
, 75
, 48
, 81
, 42
, 5
, 118
, 87
, 36
, 27
, 96
, 84
, 39
, 95
, 28
, 39
, 84
, 26
, 97
, 27
, 96
, 62
, 61
, 28
, 95
, 36
, 87
, 11
, 112
, 34
, 89
, 114
, 9
, 79
, 44
, 10
, 113
, 4
, 119
, 9
, 114
, 47
, 76
, 45
, 78
, 22
, 101
, 7
, 116
, 47
, 76
, 69
, 54
, 3
, 120
, 116
, 7
, 117
, 6
, 116
, 7
, 111
, 12
, 7
, 116
, 93
, 30
, 35
, 88
, 52
, 71
, 45
, 78
, 40
, 83
, 8
, 115
, 110
, 13
, 46
, 77
, 1
, 122
, 20
, 103
, 58
, 65
, 61
, 62
, 96
, 27
, 118
, 5
, 59
, 64
, 39
, 84
, 20
, 103
, 36
, 87
, 30
, 93
, 7
, 116
, 53
, 70
, 15
, 108
, 4
, 119
, 37
, 86
, 88
, 35
, 121
, 2
, 35
, 88
, 21
, 102
, 50
, 73
, 94
, 29
, 18
, 105
, 62
, 61
, 11
, 112
, 117
, 6
, 114
, 9
, 11
, 112
, 109
, 14
, 60
, 63
, 22
, 101
, 23
, 100
, 23
, 100
, 101
, 22
, 58
, 65
, 79
, 44
, 51
, 72
, 19
, 104
, 32
, 91
, 18
, 105
, 97
, 26
, 67
, 56
, 34
, 89
, 101
, 22
, 76
, 47
, 24
, 99
, 23
, 100
, 3
, 120
, 93
, 30
, 77
, 46
, 69
, 54
, 88
, 35
, 66
, 57
, 2
, 121
, 44
, 79
, 62
, 61
, 38
, 85
, 66
, 57
, 1
, 122
, 77
, 46
, 112
, 11
, 11
, 112
, 95
, 28
, 42
, 81
, 100
, 23
, 86
, 37
, 48
, 75
, 43
, 80
, 73
, 50
, 101
, 22
, 100
, 23
, 53
, 70
, 107
, 16
, 44
, 79
, 77
, 46
, 6
, 117
, 68
, 55
, 41
, 82
, 39
, 84
, 78
, 45
, 46
, 77
, 14
, 109
, 121
, 2
, 96
, 27
, 47
, 76
, 69
, 54
, 97
, 26
, 102
, 21
, 121
, 2
, 64
, 59
, 106
, 17
, 108
, 15
, 69
, 54
, 96
, 27
, 98
, 25
, 104
, 19
, 40
, 83
, 114
, 9
, 53
, 70
, 69
, 54
, 55
, 68
, 47
, 76
, 98
, 25
, 116
, 7
, 9
, 114
, 100
, 23
, 121
, 2
, 32
, 91
, 103
, 20
, 82
, 41
, 57
, 66
, 13
, 110
, 20
, 103
, 30
, 93
, 9
, 114
, 33
, 90
, 8
, 115
, 94
, 29
, 104
, 19
, 90
, 33
, 13
, 110
, 8
, 115
, 106
, 17
, 31
, 92
, 36
, 87
, 34
, 89
, 24
, 99
, 26
, 97
, 46
, 77
, 12
, 111
, 74
, 49
, 3
, 120
, 5
, 118
, 1
, 122
, 4
, 119
, 103
, 20
, 72
, 51
, 104
, 19
, 89
, 34
, 94
, 29
, 8
, 115
, 113
, 10
, 63
, 60
, 40
, 83
, 65
, 58
, 117
, 6
, 121
, 2
, 51
, 72
, 108
, 15
, 27
, 96
, 76
, 47
, 105
, 18
, 94
, 29
, 46
, 77
, 53
, 70
, 106
, 17
, 48
, 75
, 102
, 21
, 100
, 23
, 79
, 44
, 15
, 108
, 86
, 37
, 78
, 45
, 69
, 54
, 111
, 12
, 89
, 34
, 105
, 18
, 45
, 78
, 79
, 44
, 57
, 66
, 82
, 41
, 38
, 85
, 103
, 20
, 69
, 54
, 12
, 111
, 49
, 74
, 13
, 110
, 30
, 93
, 74
, 49
, 4
, 119
, 111
, 12
, 71
, 52
, 61
, 62
, 57
, 66
, 13
, 110
, 62
, 61
, 54
, 69
, 40
, 83
, 29
, 94
, 23
, 100
, 36
, 87
, 120
, 3
, 12
, 111
, 43
, 80
, 56
, 67
, 107
, 16
, 10
, 113
, 80
, 43
, 73
, 50
, 10
, 113
, 120
, 3
, 24
, 99
, 57
, 66
, 82
, 41
, 19
, 104
, 40
, 83
, 29
, 94
, 22
, 101
, 50
, 73
, 93
, 30
, 11
, 112
, 85
, 38
, 80
, 43
, 42
, 81
, 115
, 8
, 85
, 38
, 88
, 35
, 45
, 78
, 65
, 58
, 49
, 74
, 28
, 95
, 63
, 60
, 64
, 59
, 13
, 110
, 30
, 93
, 90
, 33
, 48
, 75
, 106
, 17
, 15
, 108
, 95
, 28
, 63
, 60
, 117
, 6
, 62
, 61
, 104
, 19
, 47
, 76
, 57
, 66
, 42
, 81
, 62
, 61
, 46
, 77
, 53
, 70
, 38
, 85
, 15
, 108
, 21
, 102
, 65
, 58
, 100
, 23
, 93
, 30
, 33
, 90
, 92
, 31
, 5
, 118
, 63
, 60
, 99
, 24
, 100
, 23
, 39
, 84
, 66
, 57
, 47
, 76
, 6
, 117
, 105
, 18
, 66
, 57
, 12
, 111
, 116
, 7
, 89
, 34
, 88
, 35
, 45
, 78
, 110
, 13
, 57
, 66
, 108
, 15
, 115
, 8
, 104
, 19
, 80
, 43
, 5
, 118
, 118
, 5
, 118
, 5
, 66
, 57
, 55
, 68
, 99
, 24
, 92
, 31
, 82
, 41
, 25
, 98
, 7
, 116
, 30
, 93
, 87
, 36
, 28
, 95
, 8
, 115
, 17
, 106
, 20
, 103
, 105
, 18
, 118
, 5
, 77
, 46
, 113
, 10
, 65
, 58
, 13
, 110
, 6
, 117
, 16
, 107
, 62
, 61
, 20
, 103
, 76
, 47
, 9
, 114
, 90
, 33
, 54
, 69
, 13
, 110
, 39
, 84
, 105
, 18
, 119
, 4
, 48
, 75
, 55
, 68
, 98
, 25
, 10
, 113
, 97
, 26
, 114
, 9
, 77
, 46
, 120
, 3
, 58
, 65
, 2
, 121
, 59
, 64
, 18
, 105
, 109
, 14
, 3
, 120
, 42
, 81
, 65
, 58
, 7
, 116
, 89
, 34
, 110
, 13
, 61
, 62
, 112
, 11
, 109
, 14
, 38
, 85
, 93
, 30
, 61
, 62
, 110
, 13
, 96
, 27
, 44
, 79
, 81
, 42
, 81
, 42
, 11
, 112
, 5
, 118
, 32
, 91
, 56
, 67
, 41
, 82
, 108
, 15
, 11
, 112
, 65
, 58
, 57
, 66
, 21
, 102
, 104
, 19
, 88
, 35
, 47
, 76
, 82
, 41
, 105
, 18
, 83
, 40
, 117
, 6
, 86
, 37
, 21
, 102
, 76
, 47
, 6
, 117
, 30
, 93
, 79
, 44
, 15
, 108
, 15
, 108
, 96
, 27
, 62
, 61
, 11
, 112
, 11
, 112
, 99
, 24
, 88
, 35
, 109
, 14
, 25
, 98
, 112
, 11
, 45
, 78
, 48
, 75
, 44
, 79
, 69
, 54
, 41
, 82
, 72
, 51
, 107
, 16
, 120
, 3
, 109
, 14
, 74
, 49
, 59
, 64
, 114
, 9
, 98
, 25
, 102
, 21
, 60
, 63
, 74
, 49
, 101
, 22
, 73
, 50
, 62
, 61
, 57
, 66
, 81
, 42
, 62
, 61
, 77
, 46
, 65
, 58
, 45
, 78
, 65
, 58
, 82
, 41
, 120
, 3
, 11
, 112
, 121
, 2
, 109
, 14
, 20
, 103
, 74
, 49
, 86
, 37
, 63
, 60
, 65
, 58
, 47
, 76
, 66
, 57
, 102
, 21
, 29
, 94
, 46
, 77
, 49
, 74
, 5
, 118
, 28
, 95
, 105
, 18
, 55
, 68
, 32
, 91
, 95
, 28
, 31
, 92
, 69
, 54
, 109
, 14
, 12
, 111
, 30
, 93
, 28
, 95
, 45
, 78
, 67
, 56
, 58
, 65
, 97
, 26
, 4
, 119
, 114
, 9
, 86
, 37
, 31
, 92
, 104
, 19
, 16
, 107
, 107
, 16
, 12
, 111
, 14
, 109
, 71
, 52
, 61
, 62
, 3
, 120
, 121
, 2
, 3
, 120
, 56
, 67
, 52
, 71
, 97
, 26
, 77
, 46
, 96
, 27
, 24
, 99
, 89
, 34
, 82
, 41
, 92
, 31
, 82
, 41
, 19
, 104
, 110
, 13
, 104
, 19
, 79
, 44
, 42
, 81
, 8
, 115
, 32
, 91
, 6
, 117
, 46
, 77
, 24
, 99
, 41
, 82
, 13
, 110
, 107
, 16
, 120
, 3
, 20
, 103
, 98
, 25
, 25
, 98
, 3
, 120
, 75
, 48
, 57
, 66
, 16
, 107
, 108
, 15
, 107
, 16
, 24
, 99
, 5
, 118
, 19
, 104
, 62
, 61
, 106
, 17
, 104
, 19
, 111
, 12
, 47
, 76
, 45
, 78
, 95
, 28
, 9
, 114
, 62
, 61
, 99
, 24
, 55
, 68
, 117
, 6
, 27
, 96
, 77
, 46
, 69
, 54
, 74
, 49
, 20
, 103
, 65
, 58
, 111
, 12
, 15
, 108
, 19
, 104
, 66
, 57
, 113
, 10
, 68
, 55
, 98
, 25
, 10
, 113
, 55
, 68
, 15
, 108
, 57
, 66
, 77
, 46
, 26
, 97
, 101
, 22
, 55
, 68
, 71
, 52
, 6
, 117
, 30
, 93
, 57
, 66
, 72
, 51
, 111
, 12
, 29
, 94
, 118
, 5
, 61
, 62
, 77
, 46
, 81
, 42
, 52
, 71
, 35
, 88
, 63
, 60
, 46
, 77
, 63
, 60
, 50
, 73
, 95
, 28
, 54
, 69
, 107
, 16
, 35
, 88
, 120
, 3
, 117
, 6
, 47
, 76
, 81
, 42
, 93
, 30
, 77
, 46
, 45
, 78
, 33
, 90
, 54
, 69
, 15
, 108
, 85
, 38
, 70
, 53
, 15
, 108
, 20
, 103
, 55
, 68
, 117
, 6
, 101
, 22
, 110
, 13
, 36
, 87
, 37
, 86
, 37
, 86
, 54
, 69
, 67
, 56
, 60
, 63
, 46
, 77
, 39
, 84
, 7
, 116
, 29
, 94
, 34
, 89
, 57
, 66
, 117
, 6
, 60
, 63
, 17
, 106
, 12
, 111
, 37
, 86
, 99
, 24
, 2
, 121
, 64
, 59
, 98
, 25
, 21
, 102
, 96
, 27
, 65
, 58
, 16
, 107
