
111
, 37
, 219
, 136
, 120
, 189
, 67
, 187
, 69
, 147
, 109
, 52
, 204
, 142
, 114
, 58
, 198
, 67
, 189
, 171
, 85
, 202
, 54
, 138
, 118
, 72
, 184
, 117
, 139
, 39
, 217
, 5
, 251
, 204
, 52
, 12
, 244
, 73
, 183
, 171
, 85
, 238
, 18
, 148
, 108
, 184
, 72
, 240
, 16
, 210
, 46
, 51
, 205
, 76
, 180
, 79
, 177
, 38
, 218
, 101
, 155
, 206
, 50
, 96
, 160
, 36
, 220
, 66
, 190
, 125
, 131
, 17
, 239
, 91
, 165
, 90
, 166
, 178
, 78
, 20
, 236
, 157
, 99
, 204
, 52
, 20
, 236
, 211
, 45
, 151
, 105
, 137
, 119
, 246
, 10
, 78
, 178
, 203
, 53
, 158
, 98
, 205
, 51
, 104
, 152
, 216
, 40
, 247
, 9
, 54
, 202
, 82
, 174
, 136
, 120
, 94
, 162
, 63
, 193
, 241
, 15
, 118
, 138
, 104
, 152
, 221
, 35
, 118
, 138
, 180
, 76
, 105
, 151
, 144
, 112
, 186
, 70
, 181
, 75
, 104
, 152
, 7
, 249
, 118
, 138
, 64
, 192
, 30
, 226
, 87
, 169
, 27
, 229
, 41
, 215
, 41
, 215
, 187
, 69
, 53
, 203
, 241
, 15
, 99
, 157
, 87
, 169
, 129
, 127
, 110
, 146
, 63
, 193
, 129
, 127
, 241
, 15
, 214
, 42
, 61
, 195
, 175
, 81
, 153
, 103
, 191
, 65
, 139
, 117
, 152
, 104
, 115
, 141
, 136
, 120
, 149
, 107
, 199
, 57
, 170
, 86
, 239
, 17
, 3
, 253
, 102
, 154
, 76
, 180
, 76
, 180
, 224
, 32
, 146
, 110
, 250
, 6
, 7
, 249
, 126
, 130
, 226
, 2
, 28
