
1120
, 117
, 28
, 97
, 48
, 103
, 42
, 74
, 71
, 132
, 13
, 29
, 116
, 27
, 118
, 5
, 140
, 78
, 67
, 2
, 143
, 53
, 92
, 74
, 71
, 64
, 81
, 84
, 61
, 108
, 37
, 107
, 38
, 3
, 142
, 109
, 36
, 96
, 49
, 19
, 126
, 101
, 44
, 133
, 12
, 96
, 49
, 10
, 135
, 75
, 70
, 32
, 113
, 141
, 4
, 104
, 41
, 25
, 120
, 97
, 48
, 64
, 81
, 57
, 88
, 25
, 120
, 41
, 104
, 43
, 102
, 122
, 23
, 67
, 78
, 35
, 110
, 68
, 77
, 13
, 132
, 142
, 3
, 71
, 74
, 111
, 34
, 44
, 101
, 108
, 37
, 31
, 114
, 103
, 42
, 107
, 38
, 40
, 105
, 126
, 19
, 50
, 95
, 110
, 35
, 34
, 111
, 76
, 69
, 15
, 130
, 46
, 99
, 70
, 75
, 93
, 52
, 123
, 22
, 127
, 18
, 131
, 14
, 10
, 135
, 71
, 74
, 58
, 87
, 100
, 45
, 109
, 36
, 80
, 65
, 142
, 3
, 80
, 65
, 34
, 111
, 142
, 3
, 24
, 121
, 17
, 128
, 28
, 117
, 34
, 111
, 98
, 47
, 105
, 40
, 139
, 6
, 91
, 54
, 70
, 75
, 74
, 71
, 109
, 36
, 46
, 99
, 36
, 109
, 112
, 33
, 29
, 116
, 93
, 52
, 37
, 108
, 115
, 30
, 98
, 47
, 53
, 92
, 126
, 19
, 17
, 128
, 136
, 9
, 136
, 9
, 100
, 45
, 93
, 52
, 132
, 13
, 114
, 31
, 35
, 110
, 77
, 68
, 87
, 58
, 50
, 95
, 117
, 28
, 59
, 86
, 109
, 36
, 30
, 115
, 71
, 74
, 87
, 58
, 23
, 122
, 46
, 99
, 85
, 60
, 74
, 71
, 30
, 115
, 74
, 71
, 118
, 27
, 113
, 32
, 22
, 123
, 82
, 63
, 66
, 79
, 140
, 5
, 106
, 39
, 135
, 10
, 127
, 18
, 82
, 63
, 9
, 136
, 43
, 102
, 47
, 98
, 127
, 18
, 143
, 2
, 139
, 6
, 8
, 137
, 17
, 128
, 85
, 60
, 110
, 35
, 125
, 20
, 53
, 92
, 120
, 25
, 18
, 127
, 128
, 17
, 125
, 20
, 119
, 26
, 138
, 7
, 14
, 131
, 19
, 126
, 100
, 45
, 71
, 74
, 16
, 129
, 80
, 65
, 32
, 113
, 6
, 139
, 85
, 60
, 9
, 136
, 65
, 80
, 61
, 84
, 99
, 46
, 86
, 59
, 38
, 107
, 123
, 22
, 31
, 114
, 25
, 120
, 101
, 44
, 108
, 37
, 103
, 42
, 25
, 120
, 81
, 64
, 7
, 138
, 88
, 57
, 64
, 81
, 79
, 66
, 20
, 125
, 25
, 120
, 4
, 141
, 98
, 47
, 102
, 43
, 116
, 29
, 118
, 27
, 139
, 6
, 122
, 23
, 132
, 13
, 37
, 108
, 86
, 59
, 67
, 78
, 20
, 125
, 23
, 122
, 1
, 144
, 74
, 71
, 56
, 89
, 62
, 83
, 1
, 144
, 111
, 34
, 98
, 47
, 89
, 56
, 123
, 22
, 124
, 21
, 63
, 82
, 8
, 137
, 131
, 14
, 97
, 48
, 139
, 6
, 3
, 142
, 7
, 138
, 19
, 126
, 120
, 25
, 119
, 26
, 93
, 52
, 69
, 76
, 114
, 31
, 117
, 28
, 75
, 70
, 69
, 76
, 88
, 57
, 142
, 3
, 52
, 93
, 62
, 83
, 55
, 90
, 24
, 121
, 43
, 102
, 40
, 105
, 126
, 19
, 115
, 30
, 14
, 131
, 62
, 83
, 4
, 141
, 142
, 3
, 126
, 19
, 56
, 89
, 41
, 104
, 3
, 142
, 36
, 109
, 86
, 59
, 61
, 84
, 105
, 40
, 16
, 129
, 138
, 7
, 20
, 125
, 21
, 124
, 38
, 107
, 46
, 99
, 108
, 37
, 63
, 82
, 39
, 106
, 37
, 108
, 65
, 80
, 56
, 89
, 75
, 70
, 37
, 108
, 28
, 117
, 126
, 19
, 88
, 57
, 14
, 131
, 62
, 83
, 135
, 10
, 18
, 127
, 108
, 37
, 80
, 65
, 140
, 5
, 64
, 81
, 143
, 2
, 143
, 2
, 113
, 32
, 72
, 73
, 63
, 82
, 77
, 68
, 4
, 141
, 14
, 131
, 1
, 144
, 44
, 101
, 44
, 101
, 141
, 4
, 54
, 91
, 40
, 105
, 43
, 102
, 141
, 4
, 80
, 65
, 5
, 140
, 141
, 4
, 113
, 32
, 105
, 40
, 32
, 113
, 30
, 115
, 125
, 20
, 43
, 102
, 25
, 120
, 135
, 10
, 28
, 117
, 105
, 40
, 106
, 39
, 26
, 119
, 124
, 21
, 101
, 44
, 4
, 141
, 69
, 76
, 132
, 13
, 27
, 118
, 85
, 60
, 46
, 99
, 90
, 55
, 143
, 2
, 129
, 16
, 96
, 49
, 29
, 116
, 71
, 74
, 74
, 71
, 90
, 55
, 5
, 140
, 40
, 105
, 20
, 125
, 135
, 10
, 81
, 64
, 112
, 33
, 120
, 25
, 60
, 85
, 83
, 62
, 15
, 130
, 51
, 94
, 38
, 107
, 15
, 130
, 87
, 58
, 136
, 9
, 143
, 2
, 10
, 135
, 121
, 24
, 56
, 89
, 74
, 71
, 69
, 76
, 102
, 43
, 79
, 66
, 3
, 142
, 48
, 97
, 91
, 54
, 123
, 22
, 110
, 35
, 20
, 125
, 8
, 137
, 11
, 134
, 11
, 134
, 4
, 141
, 40
, 105
, 92
, 53
, 73
, 72
, 30
, 115
, 109
, 36
, 116
, 29
, 110
, 35
, 76
, 69
, 54
, 91
, 85
, 60
, 31
, 114
, 98
, 47
, 42
, 103
, 121
, 24
, 10
, 135
, 131
, 14
, 61
, 84
, 66
, 79
, 110
, 35
, 117
, 28
, 64
, 81
, 41
, 104
, 21
, 124
, 80
, 65
, 35
, 110
, 57
, 88
, 122
, 23
, 25
, 120
, 59
, 86
, 90
, 55
, 91
, 54
, 129
, 16
, 42
, 103
, 87
, 58
, 40
, 105
, 88
, 57
, 137
, 8
, 17
, 128
, 63
, 82
, 140
, 5
, 46
, 99
, 74
, 71
, 69
, 76
, 91
, 54
, 106
, 39
, 78
, 67
, 55
, 90
, 71
, 74
, 117
, 28
, 62
, 83
, 125
, 20
, 99
, 46
, 121
, 24
, 79
, 66
, 92
, 53
, 133
, 12
, 10
, 135
, 3
, 142
, 92
, 53
, 122
, 23
, 107
, 38
, 113
, 32
, 67
, 78
, 69
, 76
, 76
, 69
, 60
, 85
, 97
, 48
, 107
, 38
, 132
, 13
, 35
, 110
, 89
, 56
, 63
, 82
, 126
, 19
, 125
, 20
, 108
, 37
, 78
, 67
, 42
, 103
, 33
, 112
, 50
, 95
, 85
, 60
, 83
, 62
, 52
, 93
, 66
, 79
, 138
, 7
, 28
, 117
, 65
, 80
, 74
, 71
, 63
, 82
, 89
, 56
, 141
, 4
, 11
, 134
, 96
, 49
, 132
, 13
, 11
, 134
, 83
, 62
, 83
, 62
, 52
, 93
, 40
, 105
, 49
, 96
, 2
, 143
, 117
, 28
, 64
, 81
, 20
, 125
, 140
, 5
, 113
, 32
, 73
, 72
, 100
, 45
, 67
, 78
, 60
, 85
, 131
, 14
, 55
, 90
, 140
, 5
, 120
, 25
, 1
, 144
, 12
, 133
, 125
, 20
, 79
, 66
, 72
, 73
, 105
, 40
, 35
, 110
, 12
, 133
, 29
, 116
, 138
, 7
, 52
, 93
, 35
, 110
, 9
, 136
, 102
, 43
, 136
, 9
, 129
, 16
, 134
, 11
, 30
, 115
, 108
, 37
, 78
, 67
, 18
, 127
, 70
, 75
, 23
, 122
, 32
, 113
, 81
, 64
, 50
, 95
, 34
, 111
, 92
, 53
, 130
, 15
, 130
, 15
, 125
, 20
, 64
, 81
, 23
, 122
, 131
, 14
, 101
, 44
, 78
, 67
, 69
, 76
, 87
, 58
, 114
, 31
, 68
, 77
, 36
, 109
, 9
, 136
, 36
, 109
, 8
, 137
, 79
, 66
, 117
, 28
, 88
, 57
, 58
, 87
, 119
, 26
, 24
, 121
, 94
, 51
, 7
, 138
, 77
, 68
, 83
, 62
, 92
, 53
, 110
, 35
, 126
, 19
, 117
, 28
, 38
, 107
, 118
, 27
, 60
, 85
, 37
, 108
, 5
, 140
, 109
, 36
, 43
, 102
, 126
, 19
, 104
, 41
, 59
, 86
, 139
, 6
, 108
, 37
, 36
, 109
, 89
, 56
, 81
, 64
, 67
, 78
, 83
, 62
, 120
, 25
, 85
, 60
, 57
, 88
, 37
, 108
, 105
, 40
, 132
, 13
, 20
, 125
, 110
, 35
, 107
, 38
, 22
, 123
, 54
, 91
, 50
, 95
, 132
, 13
, 42
, 103
, 33
, 112
, 70
, 75
, 15
, 130
, 65
, 80
, 97
, 48
, 9
, 136
, 106
, 39
, 64
, 81
, 99
, 46
, 128
, 17
, 132
, 13
, 82
, 63
, 87
, 58
, 61
, 84
, 134
, 11
, 50
, 95
, 137
, 8
, 53
, 92
, 45
, 100
, 12
, 133
, 75
, 70
, 5
, 140
, 71
, 74
, 4
, 141
, 19
, 126
, 3
, 142
, 52
, 93
, 122
, 23
, 75
, 70
, 124
, 21
, 17
, 128
, 57
, 88
, 60
, 85
, 23
, 122
, 15
, 130
, 5
, 140
, 6
, 139
, 10
, 135
, 100
, 45
, 12
, 133
, 126
, 19
, 37
, 108
, 140
, 5
, 2
, 143
, 26
, 119
, 58
, 87
, 57
, 88
, 105
, 40
, 37
, 108
, 115
, 30
, 40
, 105
, 61
, 84
, 41
, 104
, 126
, 19
, 11
, 134
, 98
, 47
, 9
, 136
, 57
, 88
, 53
, 92
, 63
, 82
, 110
, 35
, 114
, 31
, 17
, 128
, 131
, 14
, 125
, 20
, 8
, 137
, 82
, 63
, 78
, 67
, 60
, 85
, 116
, 29
, 58
, 87
, 80
, 65
, 142
, 3
, 113
, 32
, 120
, 25
, 101
, 44
, 127
, 18
, 37
, 108
, 113
, 32
, 98
, 47
, 16
, 129
, 48
, 97
, 134
, 11
, 35
, 110
, 97
, 48
, 6
, 139
, 118
, 27
, 68
, 77
, 135
, 10
, 112
, 33
, 93
, 52
, 5
, 140
, 92
, 53
, 30
, 115
, 30
, 115
, 91
, 54
, 3
, 142
, 84
, 61
, 117
, 28
, 44
, 101
, 82
, 63
, 63
, 82
, 117
, 28
, 112
, 33
, 126
, 19
, 3
, 142
, 86
, 59
, 123
, 22
, 82
, 63
, 81
, 64
, 126
, 19
, 64
, 81
, 60
, 85
, 119
, 26
, 39
, 106
, 37
, 108
, 31
, 114
, 41
, 104
, 45
, 100
, 54
, 91
, 102
, 43
, 143
, 2
, 126
, 19
, 101
, 44
, 79
, 66
, 38
, 107
, 71
, 74
, 139
, 6
, 111
, 34
, 24
, 121
, 91
, 54
, 98
, 47
, 10
, 135
, 130
, 15
, 48
, 97
, 73
, 72
, 102
, 43
, 50
, 95
, 91
, 54
, 74
, 71
, 116
, 29
, 89
, 56
, 110
, 35
, 79
, 66
, 124
, 21
, 118
, 27
, 128
, 17
, 80
, 65
, 30
, 115
, 138
, 7
, 95
, 50
, 57
, 88
, 7
, 138
, 4
, 141
, 66
, 79
, 100
, 45
, 119
, 26
, 140
, 5
, 139
, 6
, 94
, 51
, 71
, 74
, 95
, 50
, 62
, 83
, 138
, 7
, 69
, 76
, 77
, 68
, 54
, 91
, 137
, 8
, 85
, 60
, 64
, 81
, 26
, 119
, 97
, 48
, 110
, 35
, 129
, 16
, 108
, 37
, 133
, 12
, 90
, 55
, 69
, 76
, 5
, 140
, 94
, 51
, 67
, 78
, 21
, 124
, 54
, 91
, 83
, 62
, 66
, 79
, 38
, 107
, 51
, 94
, 52
, 93
, 1
, 144
, 38
, 107
, 129
, 16
, 34
, 111
, 133
, 12
, 26
, 119
, 121
, 24
, 56
, 89
, 5
, 140
, 103
, 42
, 46
, 99
, 117
, 28
, 117
, 28
, 8
, 137
, 104
, 41
, 1
, 144
, 52
, 93
, 35
, 110
, 43
, 102
, 99
, 46
, 85
, 60
, 41
, 104
, 64
, 81
, 138
, 7
, 46
, 99
, 47
, 98
, 64
, 81
, 86
, 59
, 80
, 65
, 112
, 33
, 61
, 84
, 57
, 88
, 22
, 123
, 97
, 48
, 128
, 17
, 127
, 18
, 139
, 6
, 112
, 33
, 88
, 57
, 6
, 139
, 63
, 82
, 124
, 21
, 14
, 131
, 33
, 112
, 3
, 142
, 139
, 6
, 43
, 102
, 94
, 51
, 8
, 137
, 136
, 9
, 28
, 117
, 12
, 133
, 95
, 50
, 78
, 67
, 36
, 109
, 39
, 106
, 122
, 23
, 18
, 127
, 98
, 47
, 108
, 37
, 71
, 74
, 57
, 88
, 82
, 63
, 43
, 102
, 101
, 44
, 139
, 6
, 110
, 35
, 4
, 141
, 71
, 74
, 2
, 143
, 66
, 79
, 135
, 10
, 42
, 103
, 131
, 14
, 65
, 80
, 82
, 63
, 8
, 137
, 62
, 83
, 100
, 45
, 92
, 53
, 135
, 10
, 77
, 68
, 3
, 142
, 3
, 142
, 104
, 41
, 76
, 69
, 83
, 62
, 141
, 4
, 135
, 10
, 112
, 33
, 2
, 143
, 109
, 36
, 94
, 51
, 60
, 85
, 37
, 108
, 19
, 126
, 90
, 55
, 64
, 81
, 30
, 115
, 38
, 107
, 57
, 88
, 127
, 18
, 30
, 115
, 83
, 62
, 54
, 91
, 41
, 104
, 18
, 127
, 20
, 125
, 115
, 30
, 32
, 113
, 143
, 2
, 24
, 121
, 72
, 73
, 53
, 92
, 20
, 125
, 113
, 32
, 75
, 70
, 4
, 141
, 101
, 44
, 66
, 79
, 84
, 61
, 129
, 16
, 120
, 25
, 66
, 79
, 108
, 37
, 48
, 97
, 78
, 67
, 124
, 21
, 102
, 43
, 61
, 84
, 79
, 66
, 5
, 140
, 69
, 76
, 72
, 73
, 6
, 139
, 9
, 136
, 96
, 49
, 28
, 117
, 61
, 84
, 107
, 38
, 54
, 91
, 104
, 41
, 61
, 84
, 134
, 11
, 75
, 70
, 143
, 2
, 36
, 109
, 140
, 5
, 57
, 88
, 132
, 13
, 75
, 70
, 42
, 103
, 8
, 137
, 96
, 49
, 33
, 112
, 28
, 117
, 80
, 65
, 91
, 54
, 32
, 113
, 38
, 107
, 48
, 97
, 143
, 2
, 43
, 102
, 96
, 49
, 40
, 105
, 53
, 92
, 5
, 140
, 62
, 83
, 140
, 5
, 136
, 9
, 110
, 35
, 82
, 63
, 12
, 133
, 15
, 130
, 77
, 68
, 125
, 20
, 36
, 109
, 22
, 123
, 65
, 80
, 48
, 97
, 36
, 109
, 60
, 85
, 83
, 62
, 139
, 6
, 46
, 99
, 63
, 82
, 40
, 105
, 124
, 21
, 116
, 29
, 31
, 114
, 109
, 36
, 93
, 52
, 16
, 129
, 90
, 55
, 22
, 123
, 142
, 3
, 18
, 127
, 119
, 26
, 40
, 105
, 21
, 124
, 135
, 10
, 98
, 47
, 36
, 109
, 97
, 48
, 71
, 74
, 5
, 140
, 100
, 45
, 45
, 100
, 68
, 77
, 126
, 19
, 142
, 3
, 54
, 91
, 13
, 132
, 39
, 106
, 22
, 123
, 30
, 115
, 123
, 22
, 22
, 123
, 98
, 47
, 59
, 86
, 74
, 71
, 15
, 130
, 133
, 12
, 110
, 35
, 18
, 127
, 21
, 124
, 130
, 15
, 72
, 73
, 128
, 17
, 93
, 52
, 110
, 35
, 101
, 44
, 27
, 118
, 130
, 15
, 49
, 96
, 80
, 65
, 115
, 30
, 100
, 45
, 4
, 141
, 79
, 66
, 70
, 75
, 12
, 133
, 105
, 40
, 59
, 86
, 74
, 71
, 133
, 12
, 72
, 73
, 113
, 32
, 142
, 3
, 98
, 47
, 128
, 17
, 27
, 118
, 30
, 115
, 96
, 49
, 23
, 122
, 93
, 52
, 43
, 102
, 1
, 144
, 140
, 5
, 31
, 114
, 138
, 7
, 70
, 75
, 81
, 64
, 56
, 89
, 9
, 136
, 72
, 73
, 58
, 87
, 126
, 19
, 123
, 22
, 27
, 118
, 88
, 57
, 72
, 73
, 66
, 79
, 118
, 27
, 7
, 138
, 67
, 78
, 84
, 61
, 86
, 59
, 7
, 138
, 127
, 18
, 30
, 115
, 98
, 47
, 70
, 75
, 83
, 62
, 116
, 29
, 43
, 102
, 60
, 85
, 114
, 31
, 108
, 37
, 45
, 100
, 127
, 18
, 9
, 136
, 86
, 59
, 29
, 116
, 40
, 105
, 30
, 115
, 23
, 122
, 138
, 7
, 11
, 134
, 48
, 97
, 64
, 81
, 128
, 17
, 130
, 15
, 123
, 22
, 42
, 103
, 24
, 121
, 78
, 67
, 70
, 75
, 136
, 9
, 131
, 14
, 59
, 86
, 141
, 4
, 8
, 137
, 38
, 107
, 25
, 120
, 131
, 14
, 112
, 33
, 143
, 2
, 121
, 24
, 45
, 100
, 46
, 99
, 120
, 25
, 60
, 85
, 98
, 47
, 105
, 40
, 118
, 27
, 138
, 7
, 114
, 31
, 10
, 135
, 117
, 28
, 38
, 107
, 57
, 88
, 33
, 112
, 104
, 41
, 22
, 123
, 113
, 32
, 22
, 123
, 129
, 16
, 38
, 107
, 74
, 71
, 9
, 136
, 94
, 51
, 137
, 8
, 62
, 83
, 48
, 97
, 16
, 129
, 142
, 3
, 131
, 14
, 96
, 49
, 66
, 79
, 63
, 82
, 4
, 141
, 21
, 124
, 123
, 22
, 51
, 94
, 68
, 77
, 115
, 30
, 97
, 48
, 63
, 82
, 89
, 56
, 16
, 129
, 123
, 22
, 77
, 68
, 50
, 95
, 51
, 94
, 121
, 24
, 27
, 118
, 20
, 125
, 11
, 134
, 56
, 89
, 76
, 69
, 86
, 59
, 23
, 122
, 78
, 67
, 81
, 64
, 80
, 65
, 122
, 23
, 76
, 69
, 67
, 78
, 128
, 17
, 31
, 114
, 68
, 77
, 58
, 87
, 78
, 67
, 33
, 112
, 12
, 133
, 90
, 55
, 81
, 64
, 44
, 101
, 120
, 25
, 6
, 139
, 131
, 14
