
112
, 94
, 117
, 10
, 201
, 23
, 188
, 39
, 172
, 191
, 20
, 142
, 69
, 4
, 207
, 131
, 80
, 150
, 61
, 131
, 80
, 170
, 41
, 197
, 14
, 139
, 72
, 12
, 199
, 201
, 10
, 201
, 10
, 173
, 38
, 143
, 68
, 184
, 27
, 20
, 191
, 53
, 158
, 198
, 13
, 86
, 125
, 131
, 80
, 42
, 169
, 2
, 209
, 2
, 209
, 147
, 64
, 52
, 159
, 190
, 21
, 38
, 173
, 33
, 178
, 85
, 126
, 123
, 88
, 79
, 132
, 98
, 113
, 166
, 45
, 114
, 97
, 95
, 116
, 64
, 147
, 24
, 187
, 183
, 28
, 99
, 112
, 150
, 61
, 195
, 16
, 70
, 141
, 33
, 178
, 130
, 81
, 67
, 144
, 136
, 75
, 25
, 186
, 6
, 205
, 202
, 9
, 33
, 178
, 17
, 194
, 4
, 207
, 40
, 171
, 104
, 107
, 163
, 48
, 202
, 9
, 207
, 4
, 171
, 40
, 112
, 99
, 167
, 44
, 199
, 12
, 173
, 38
, 68
, 143
, 176
, 35
, 18
, 193
, 23
, 188
, 70
, 141
, 148
, 63
, 122
, 89
, 175
, 36
, 97
, 114
, 160
, 51
, 77
, 134
, 91
, 120
, 145
, 66
, 22
, 189
, 17
, 194
, 190
, 21
, 14
, 197
, 73
, 138
, 27
, 184
, 178
, 33
, 58
, 153
, 81
, 130
, 87
, 124
, 10
, 201
, 128
, 83
, 145
, 66
, 78
, 133
, 56
, 155
, 50
, 161
, 82
, 129
, 166
, 45
, 52
, 159
, 131
, 80
, 8
, 203
, 52
, 159
, 51
, 160
, 154
, 57
, 61
, 150
, 203
, 8
, 53
, 158
, 172
, 39
, 56
, 155
, 111
, 100
, 152
, 59
, 194
, 17
, 25
, 186
