
113
, 60
, 170
, 196
, 34
, 3
, 227
, 52
, 178
, 58
, 172
, 66
, 164
, 69
, 161
, 215
, 15
, 84
, 146
, 132
, 98
, 18
, 212
, 30
, 200
, 58
, 172
, 53
, 177
, 82
, 148
, 126
, 104
, 195
, 35
, 111
, 119
, 108
, 122
, 150
, 80
, 164
, 66
, 119
, 111
, 65
, 165
, 114
, 116
, 152
, 78
, 104
, 126
, 177
, 53
, 29
, 201
, 89
, 141
, 9
, 221
, 8
, 222
, 79
, 151
, 59
, 171
, 56
, 174
, 204
, 26
, 65
, 165
, 209
, 21
, 43
, 187
, 196
, 34
, 210
, 20
, 147
, 83
, 175
, 55
, 127
, 103
, 142
, 88
, 205
, 25
, 91
, 139
, 216
, 14
, 196
, 34
, 37
, 193
, 57
, 173
, 69
, 161
, 196
, 34
, 119
, 111
, 149
, 81
, 131
, 99
, 108
, 122
, 119
, 111
, 121
, 109
, 228
, 2
, 4
, 226
, 159
, 71
, 22
, 208
, 123
, 107
, 6
, 224
, 23
, 207
, 181
, 49
, 10
, 220
, 44
, 186
, 183
, 47
, 135
, 95
, 115
, 115
, 53
, 177
, 25
, 205
, 59
, 171
, 114
, 116
, 173
, 57
, 131
, 99
, 174
, 56
, 209
, 21
, 49
, 181
, 74
, 156
, 27
, 203
, 116
, 114
, 139
, 91
, 175
, 55
, 62
, 168
, 59
, 171
, 97
, 133
, 155
, 75
, 184
, 46
, 93
, 137
, 169
, 61
, 26
, 204
, 51
, 179
, 45
, 185
, 95
, 135
, 51
, 179
, 103
, 127
, 156
, 74
, 172
, 58
, 218
, 12
, 114
, 116
, 95
, 135
, 61
, 169
, 174
, 56
, 70
, 160
, 67
, 163
, 162
, 68
, 170
, 60
, 187
, 43
, 94
, 136
, 32
, 198
, 209
, 21
