
2277
124
799
928
287
161
385
983
303
268
227
131
456
344
619
243
908
208
962
661
589
868
519
949
315
478
971
355
353
575
366
189
702
727
975
777
605
976
201
991
290
662
558
946
433
439
926
996
177
150
919
627
766
451
324
754
734
305
842
494
525
937
896
766
200
534
115
792
292
611
569
579
411
815
327
987
224
727
816
650
422
313
684
389
450
299
813
824
669
438
981
899
707
815
948
570
910
186
351
447
915
395
951
867
648
692
386
502
129
179
896
980
284
557
749
277
336
441
888
354
558
180
498
724
178
699
461
508
864
567
532
600
591
740
748
947
635
401
648
662
650
452
640
394
459
565
522
456
316
549
236
343
204
975
129
933
293
166
147
599
656
473
475
201
927
248
337
511
267
306
386
739
951
348
317
433
614
269
202
296
652
149
150
466
379
899
875
275
868
785
456
222
401
311
100
624
236
159
670
155
597
751
498
679
654
789
740
225
876
287
374
371
859
756
750
660
730
847
759
886
799
183
984
790
599
159
470
557
267
591
729
794
193
174
108
733
625
464
491
967
272
391
850
264
406
805
512
188
974
977
686
394
753
220
798
894
700
580
193
404
307
587
202
251
638
173
449
738
224
253
865
764
787
971
529
379
546
201
434
674
281
674
382
158
340
897
641
260
353
337
383
272
693
453
771
864
417
423
527
530
588
314
562
503
315
795
545
206
784
761
395
531
545
485
452
432
278
524
781
932
107
353
908
975
940
470
727
202
561
757
939
914
732
493
546
640
988
178
938
583
727
172
889
412
906
456
233
610
278
586
147
524
281
866
203
127
134
258
269
624
933
577
680
787
855
988
525
162
160
574
238
368
357
709
135
256
954
393
122
815
669
719
129
214
957
383
456
696
312
299
869
110
652
685
919
578
111
762
992
911
705
246
174
258
285
682
113
539
544
982
393
977
461
668
647
485
826
817
308
634
832
344
927
565
889
473
236
779
504
963
405
645
635
999
495
326
923
703
949
444
509
284
760
450
945
325
450
312
715
919
880
410
347
258
995
730
667
959
743
395
615
836
137
841
690
556
722
253
293
157
440
995
447
259
587
310
461
104
669
292
225
905
563
292
279
412
738
774
346
213
746
613
439
332
383
368
732
244
451
302
827
786
948
786
966
663
992
914
409
764
125
236
171
670
488
314
449
356
574
587
327
273
345
280
989
938
450
821
979
497
772
818
753
589
231
326
725
489
640
849
754
242
893
321
600
846
759
811
491
886
452
937
462
407
724
257
632
533
505
367
954
202
147
968
613
964
522
822
162
993
736
380
940
773
301
960
910
543
413
918
716
838
746
882
891
295
454
214
925
295
887
325
276
178
745
452
586
104
933
221
783
371
911
492
291
666
130
652
884
179
652
857
168
592
237
191
436
329
122
823
832
600
736
607
307
845
157
948
394
512
171
616
153
232
683
855
725
206
405
764
109
365
319
476
584
279
968
912
368
611
189
709
751
594
269
801
365
364
460
285
651
641
820
264
861
867
227
615
402
252
476
695
956
673
351
377
666
324
599
386
519
493
631
425
431
223
252
510
707
563
591
358
453
607
134
733
709
983
970
611
912
713
296
779
967
756
576
699
647
904
341
284
370
802
589
106
752
778
479
323
984
990
933
664
139
863
920
310
614
648
359
724
502
759
654
658
683
924
444
858
522
316
631
541
590
766
853
484
247
620
839
123
386
112
928
284
873
157
183
946
124
575
350
900
748
231
181
470
220
791
720
384
994
306
134
508
795
653
391
775
206
250
685
675
597
262
901
945
367
271
643
302
246
379
432
256
958
911
470
570
902
151
619
931
952
995
868
872
686
108
413
276
107
680
891
209
630
798
506
842
160
423
181
995
134
868
698
887
700
310
584
668
510
211
123
685
621
912
391
994
966
862
914
483
881
522
363
743
114
834
906
173
325
999
876
338
907
930
885
291
556
761
801
167
166
553
279
808
235
607
525
909
168
532
833
915
762
729
656
866
402
703
446
132
724
592
411
332
921
670
846
533
532
314
789
654
820
412
789
883
828
644
285
961
370
873
878
647
727
720
880
551
523
479
601
942
578
979
678
861
974
954
578
637
706
600
921
836
536
873
819
327
362
491
660
813
561
960
750
267
356
824
612
192
853
117
885
610
280
214
297
841
403
270
834
131
622
381
308
761
958
176
415
930
338
107
814
350
579
562
490
922
892
352
772
565
390
205
181
190
204
230
411
165
779
894
946
721
403
444
454
825
513
536
154
781
559
717
307
294
431
736
689
686
112
179
728
573
423
366
541
705
998
522
962
381
159
163
943
601
494
476
901
325
705
261
664
640
855
363
476
452
134
888
822
424
890
230
316
944
454
992
237
741
969
168
253
532
838
254
350
493
944
472
354
360
413
990
300
887
215
163
760
431
662
621
563
238
181
361
274
839
576
328
162
901
214
672
279
129
256
591
806
320
875
685
877
448
236
918
663
391
855
973
362
870
754
119
414
445
235
362
349
604
416
282
229
276
503
736
731
183
360
959
865
843
882
313
305
941
100
863
786
403
869
483
510
223
564
256
724
317
339
484
892
394
711
106
473
579
206
357
730
786
571
318
589
754
626
287
196
502
652
257
352
381
536
355
444
279
244
812
558
425
216
186
831
243
933
702
534
194
812
761
439
519
314
465
858
605
342
619
651
842
789
979
103
328
718
327
668
724
437
568
490
446
362
375
593
969
827
555
105
639
223
585
865
802
155
500
447
543
265
449
999
828
772
973
640
784
332
166
692
943
700
111
888
747
855
322
162
153
590
720
575
690
730
819
517
805
772
228
291
289
188
121
401
127
155
153
823
391
866
209
706
407
416
801
776
335
751
965
526
931
991
429
321
675
386
328
162
694
292
530
422
124
453
350
193
498
321
831
581
852
352
886
811
717
360
598
959
792
516
217
193
257
217
742
944
708
798
672
314
587
376
763
543
737
905
582
598
902
669
881
817
836
744
675
351
747
410
214
163
882
639
936
305
405
643
363
604
168
693
659
191
404
470
328
336
145
404
818
424
127
836
806
930
276
185
704
664
670
123
923
123
768
282
866
925
748
700
546
291
916
178
243
389
409
293
618
394
200
328
677
566
678
305
367
617
276
700
957
511
763
270
177
480
735
534
856
662
257
603
112
236
929
921
804
356
529
252
255
166
692
912
373
120
456
884
292
725
137
937
178
241
713
303
456
140
722
437
465
551
359
345
214
135
493
424
460
230
839
576
708
385
344
439
662
198
163
667
596
851
399
671
822
782
950
665
713
588
262
753
195
638
151
431
438
125
177
496
552
872
619
193
265
279
284
270
975
643
406
740
782
625
195
655
669
531
750
978
581
187
472
579
314
367
575
856
413
696
431
410
705
850
328
319
259
243
999
608
889
728
133
929
172
399
798
964
113
168
554
869
409
865
114
484
329
838
552
341
932
684
424
995
272
454
324
946
938
810
415
295
610
740
549
373
663
754
606
546
420
462
950
487
322
431
111
645
620
764
209
951
853
332
428
206
859
398
908
541
547
308
905
393
165
815
653
222
658
850
269
316
159
278
445
590
812
873
975
436
113
213
382
969
244
790
140
365
590
139
743
426
659
610
740
287
840
129
208
619
825
799
199
755
557
131
455
108
657
508
205
654
789
484
494
999
386
446
645
198
829
703
573
848
759
720
312
796
727
685
378
197
244
514
613
243
731
876
436
125
976
675
256
804
463
608
231
312
331
230
130
678
440
655
340
970
998
654
125
387
978
854
667
157
496
677
585
945
858
839
819
877
111
829
586
120
358
502
465
998
851
969
264
670
477
265
658
559
440
819
377
987
862
818
227
905
368
221
483
284
948
845
139
806
259
792
357
945
762
152
488
200
857
986
574
266
855
249
859
367
600
350
638
925
506
542
348
416
901
710
278
842
220
938
757
928
175
262
681
553
304
777
405
868
475
466
696
924
214
960
440
757
521
907
545
483
998
345
101
610
224
587
129
760
815
465
829
102
856
550
968
713
454
827
518
289
128
557
423
747
527
157
477
892
100
182
227
417
787
521
897
287
759
703
844
499
169
106
446
587
398
823
526
348
628
645
650
126
385
825
276
119
749
461
715
921
403
622
398
426
986
784
843
442
681
748
689
408
717
728
342
750
347
203
887
371
639
309
699
398
420
237
295
704
568
680
566
611
707
201
800
156
473
835
882
362
557
184
858
686
764
667
428
949
101
754
216
735
677
521
246
341
305
655
799
213
812
668
583
912
347
970
267
991
151
276
787
302
385
323
609
634
131
316
596
680
907
956
498
745
516
662
306
490
242
416
768
729
737
680
164
760
753
691
234
915
931
694
646
652
470
261
559
354
389
624
530
943
396
110
489
835
438
493
850
525
267
730
278
363
648
796
338
381
997
675
604
478
160
861
252
168
778
818
604
289
865
732
858
381
448
198
937
292
813
889
217
531
454
163
128
754
906
588
289
461
268
522
712
558
184
165
828
811
341
850
765
267
747
950
669
251
134
462
734
378
243
738
197
581
117
621
804
187
700
442
367
254
835
280
749
266
272
320
430
999
770
211
249
844
883
752
324
781
259
821
478
531
130
557
753
213
416
813
587
126
310
786
890
877
602
426
449
390
826
116
597
983
924
509
863
181
698
127
749
363
891
696
375
661
278
185
759
154
732
946
175
409
723
778
561
564
132
690
698
126
369
481
176
125
441
852
286
742
281
390
306
663
735
984
183
347
677
265
309
468
185
348
192
171
703
364
305
246
192
721
660
889
572
257
462
584
567
607
790
664
155
427
428
377
187
864
449
764
852
862
592
954
656
307
744
675
541
485
582
967
623
507
466
649
964
584
552
598
507
276
769
124
377
585
603
102
130
432
754
963
669
186
132
149
367
733
357
171
407
920
725
798
848
542
989
432
570
256
740
1000
149
243
915
532
379
749
349
409
315
255
256
180
571
902
681
864
135
330
876
885
494
381
823
863
717
964
216
263
323
550
605
209
273
392
742
882
371
674
193
409
468
732
883
391
927
274
957
235
714
814
419
431
250
816
345
257
952
122
563
812
532
725
444
831
478
972
183
146
951
184
385
301
806
728
361
791
904
131
174
744
568
237
220
175
462
485
686
647
576
864
219
497
227
352
760
652
168
690
957
558
561
50
50
51
51
51
52
52
53
53
55
55
55
55
56
57
58
58
60
60
61
63
63
63
64
64
66
66
66
66
67
67
69
70
70
70
73
74
75
77
77
78
78
79
80
81
81
84
85
87
88
88
88
91
91
92
92
93
93
95
96
97
98
99
99
99
100
100
101
102
103
104
105
105
106
107
107
108
108
110
110
110
114
114
116
117
117
119
120
120
121
122
123
124
124
125
125
126
126
128
128
129
129
129
130
133
133
133
133
134
134
134
134
135
136
136
137
138
142
143
143
143
144
145
147
147
148
149
150
151
151
152
152
154
154
155
157
160
160
160
161
162
163
164
164
165
165
165
165
166
167
167
169
170
170
171
172
173
174
176
179
180
181
181
182
183
184
186
186
188
189
192
195
197
197
200
201
202
202
203
203
204
205
205
206
206
207
207
207
208
209
209
210
210
212
212
213
213
213
213
214
215
215
216
217
217
218
222
222
223
224
224
224
225
226
226
226
229
230
231
233
233
235
236
237
237
238
238
240
240
241
243
245
248
248
250
251
252
252
254
255
256
256
258
259
259
259
262
263
264
264
265
267
270
270
271
277
279
281
281
281
283
283
284
285
285
286
286
287
288
289
289
290
290
292
293
294
294
295
297
297
297
300
300
300
302
302
302
303
303
303
304
304
304
305
307
308
309
310
310
310
311
311
311
312
313
314
317
318
318
320
320
321
325
326
326
327
328
328
332
332
332
335
336
336
338
339
340
340
342
342
343
343
343
345
345
347
347
347
349
349
350
354
354
354
355
359
360
361
362
362
363
363
364
364
364
365
365
365
367
369
369
370
371
376
377
380
380
381
382
384
385
385
386
387
387
389
389
389
390
394
395
395
395
396
398
400
400
401
403
403
408
408
408
409
409
410
410
411
413
413
413
413
414
415
416
418
419
421
421
422
424
425
425
425
425
425
426
426
426
426
427
429
429
429
430
431
434
434
435
436
437
437
438
438
440
442
444
448
448
451
451
451
454
455
456
457
460
461
462
463
464
464
465
465
467
467
467
467
468
470
470
472
474
474
475
476
477
477
477
478
479
480
480
483
483
484
488
489
489
489
489
489
490
492
492
493
494
495
496
497
497
497
498
498
498
499
500
501
501
502
502
503
503
503
504
504
507
508
508
508
509
509
509
510
511
512
512
513
514
520
521
521
523
523
523
526
526
527
527
528
529
531
532
533
533
533
534
534
535
536
537
537
537
537
538
538
539
541
541
542
542
543
543
544
544
545
546
546
546
547
549
549
549
550
550
551
551
551
553
555
556
557
557
558
560
561
562
563
564
564
565
567
567
568
569
569
570
572
572
572
572
574
574
575
575
575
575
576
577
577
577
578
578
578
579
580
580
582
582
583
583
584
584
584
585
586
586
588
589
589
589
590
590
590
591
592
592
592
593
593
593
595
595
596
597
598
598
600
601
601
601
601
601
604
606
607
607
608
610
610
611
611
612
614
619
620
620
620
620
621
621
621
623
623
625
626
627
628
628
629
630
632
633
634
635
635
636
637
638
639
639
640
640
641
642
642
643
644
645
649
649
649
650
650
650
651
651
652
653
653
654
655
655
655
657
659
659
661
661
665
665
665
667
668
670
670
671
673
675
676
678
678
682
682
682
683
684
685
685
686
687
687
687
688
688
688
690
690
690
691
692
693
693
693
694
695
697
700
703
704
705
707
707
709
710
711
711
713
720
720
721
725
726
726
726
728
728
730
730
731
732
733
734
736
737
738
738
738
738
739
740
741
741
743
743
744
744
745
747
749
750
751
752
753
753
754
755
756
758
759
759
760
760
760
761
762
763
764
764
764
768
769
769
771
772
772
773
777
778
781
781
781
782
782
782
787
788
788
789
793
793
793
793
794
795
795
795
796
796
796
797
797
798
798
798
798
800
800
801
805
806
807
808
811
812
814
814
814
816
816
817
817
817
817
820
820
820
821
823
823
823
824
825
829
830
831
832
832
833
833
833
834
836
836
836
837
837
838
838
838
841
842
844
845
846
846
848
848
849
849
850
850
850
850
851
858
858
860
862
865
866
866
867
867
867
869
871
872
872
874
874
875
875
875
876
876
877
878
879
882
882
882
883
883
885
885
886
887
887
889
890
890
890
890
891
893
895
898
899
900
900
901
901
901
902
904
905
906
906
907
908
908
909
909
910
911
911
912
914
914
914
916
916
917
917
917
918
918
919
919
919
920
921
921
921
922
923
924
925
926
927
929
932
933
934
934
934
936
936
938
938
939
939
939
940
940
942
942
944
945
946
947
947
947
948
948
950
951
951
952
952
952
953
954
955
959
962
962
963
963
965
966
966
967
969
969
969
970
970
970
971
971
973
974
974
974
975
977
977
977
978
979
979
981
981
984
985
986
989
991
992
992
994
994
995
995
995
995
996
997
997
999
1002
1003
1003
1003
1003
1004
1007
1007
1008
1008
1010
1010
1010
1011
1012
1012
1013
1014
1015
1016
1017
1017
1018
1018
1019
1020
1021
1022
1023
1024
1024
1025
1025
1026
1028
1028
1029
1029
1029
1031
1032
1034
1034
1035
1035
1037
1038
1038
1039
1040
1040
1040
1041
1041
1043
1044
1044
1047
1047
1047
1048
1048
1048
1050
1050
1053
1053
1054
1055
1055
1058
1059
1059
1060
1061
1062
1062
1062
1063
1064
1065
1066
1066
1067
1068
1068
1069
1069
1069
1070
1071
1071
1072
1072
1075
1075
1076
1077
1080
1080
1080
1081
1081
1082
1084
1084
1084
1084
1085
1086
1086
1088
1088
1089
1089
1090
1090
1090
1092
1096
1098
1098
1099
1100
1101
1102
1102
1103
1104
1104
1104
1105
1105
1107
1108
1108
1108
1109
1109
1110
1111
1111
1112
1113
1113
1114
1114
1115
1116
1117
1118
1118
1118
1118
1118
1118
1119
1119
1120
1121
1121
1122
1122
1124
1124
1126
1127
1127
1128
1128
1132
1134
1135
1135
1136
1136
1138
1139
1140
1141
1141
1142
1142
1142
1147
1147
1148
1148
1148
1149
1149
1150
1151
1151
1153
1153
1156
1156
1157
1157
1158
1158
1159
1159
1159
1160
1161
1161
1161
1161
1163
1163
1164
1165
1165
1166
1167
1168
1168
1168
1170
1171
1171
1171
1172
1172
1174
1179
1180
1181
1182
1182
1185
1186
1186
1186
1187
1190
1192
1193
1195
1195
1197
1198
1199
1201
1201
1201
1202
1204
1204
1207
1208
1208
1210
1210
1210
1212
1213
1213
1214
1214
1215
1215
1215
1216
1216
1218
1218
1218
1218
1219
1220
1221
1223
1223
1223
1224
1224
1224
1224
1225
1225
1226
1226
1227
1228
1228
1233
1235
1236
1237
1237
1239
1240
1240
1241
1243
1243
1244
1246
1246
1246
1246
1247
1247
1247
1249
1249
1250
1250
1251
1251
1251
1255
1257
1257
1258
1258
1260
1263
1266
1268
1268
1269
1269
1269
1269
1270
1270
1270
1272
1272
1273
1275
1276
1276
1276
1278
1278
1278
1278
1283
1284
1284
1284
1284
1285
1285
1285
1286
1286
1286
1287
1288
1288
1289
1289
1291
1293
1295
1296
1297
1298
1298
1298
1299
1299
1300
1301
1302
1303
1303
1304
1305
1306
1306
1306
1307
1308
1310
1310
1311
1312
1313
1314
1314
1315
1315
1315
1315
1316
1316
1318
1318
1319
1320
1322
1325
1327
1327
1327
1328
1330
1330
1331
1332
1333
1334
1334
1335
1335
1335
1336
1338
1338
1339
1340
1342
1342
1342
1344
1344
1345
1345
1346
1346
1347
1348
1348
1349
1349
1349
1352
1352
1352
1356
1357
1361
1362
1362
1362
1364
1365
1365
1366
1369
1369
1369
1370
1372
1372
1372
1373
1374
1374
1375
1376
1378
1380
1381
1381
1382
1383
1383
1384
1385
1386
1387
1389
1389
1389
1391
1391
1392
1394
1395
1396
1396
1398
1399
1400
1401
1401
1402
1404
1406
1407
1409
1409
1411
1412
1413
1413
1414
1415
1415
1415
1415
1415
1417
1418
1420
1420
1420
1422
1424
1425
1425
1426
1427
1427
1428
1428
1429
1430
1430
1432
1435
1435
1435
1435
1436
1436
1436
1438
1439
1440
1440
1440
1440
1441
1441
1442
1443
1443
1447
1448
1448
1449
1449
1450
1451
1451
1452
1453
1454
1454
1454
1455
1455
1455
1455
1455
1456
1456
1457
1458
1458
1459
1460
1460
1461
1461
1464
1465
1466
1466
1467
1468
1469
1469
1469
1470
1472
1472
1473
1473
1475
1475
1476
1476
1477
1477
1477
1477
1477
1478
1479
1480
1481
1482
1484
1485
1486
1486
1486
1486
1487
1487
1487
1488
1488
1488
1489
1489
1490
1490
1490
1493
1493
1494
1499
1500
1500
1500
1500
1501
1502
1502
1502
1503
1503
1504
1506
1507
1508
1508
1510
1510
1512
1512
1513
1514
1515
1515
1515
1516
1516
1516
1517
1518
1518
1519
1519
1520
1521
1523
1527
1527
1528
1529
1530
1531
1531
1531
1531
1532
1532
1533
1533
1536
1537
1539
1539
1539
1539
1540
1541
1541
1542
1544
1544
1545
1546
1546
1547
1549
1550
1555
1557
1557
1558
1558
1558
1558
1559
1560
1561
1562
1563
1564
1564
1564
1565
1565
1565
1566
1566
1569
1570
1570
1571
1571
1573
1573
1574
1574
1575
1576
1577
1577
1577
1579
1580
1580
1582
1583
1583
1583
1584
1584
1584
1585
1586
1586
1587
1588
1588
1590
1590
1591
1592
1595
1596
1596
1596
1597
1598
1599
1600
1600
1601
1601
1602
1603
1603
1604
1604
1605
1605
1606
1606
1609
1611
1611
1612
1612
1612
1613
1615
1615
1617
1617
1617
1617
1618
1619
1619
1619
1622
1623
1624
1625
1625
1626
1626
1626
1629
1629
1629
1629
1630
1631
1631
1633
1635
1635
1636
1636
1636
1636
1639
1639
1639
1642
1643
1644
1645
1646
1647
1649
1650
1650
1651
1651
1652
1653
1653
1653
1654
1657
1659
1659
1662
1662
1663
1663
1665
1665
1665
1666
1666
1667
1668
1669
1669
1670
1670
1671
1672
1673
1675
1675
1675
1675
1676
1676
1677
1679
1682
1683
1683
1684
1684
1684
1684
1684
1685
1686
1688
1689
1691
1692
1693
1694
1695
1695
1695
1697
1698
1699
1699
1704
1704
1704
1705
1705
1708
1712
1712
1713
1715
1716
1716
1716
1716
1716
1717
1717
1717
1718
1719
1720
1722
1724
1725
1727
1728
1728
1729
1729
1729
1730
1731
1731
1732
1732
1732
1735
1736
1736
1738
1740
1740
1740
1741
1741
1742
1742
1743
1745
1745
1746
1747
1747
1750
1751
1752
1752
1753
1756
1756
1760
1761
1764
1764
1766
1767
1767
1768
1768
1769
1769
1769
1770
1771
1772
1772
1773
1774
1777
1778
1780
1780
1780
1780
1782
1782
1783
1783
1783
1784
1785
1785
1785
1786
1787
1788
1789
1790
1790
1793
1794
1794
1796
1796
1796
1797
1797
1798
1798
1798
1799
1799
1800
1802
1804
1804
1806
1807
1809
1810
1812
1812
1815
1815
1815
1816
1816
1816
1816
1817
1817
1818
1819
1820
1820
1822
1822
1823
1824
1825
1827
1829
1830
1831
1832
1832
1833
1833
1834
1834
1835
1836
1836
1836
1837
1838
1839
1839
1839
1840
1842
1844
1845
1847
1847
1847
1848
1848
1848
1849
1851
1852
1852
1852
1854
1855
1855
1857
1858
1858
1859
1859
1861
1861
1862
1862
1864
1866
1867
1868
1869
1870
1870
1870
1871
1871
1872
1873
1874
1874
1875
1877
1877
1877
1878
1878
1878
1879
1880
1880
1881
1881
1884
1884
1884
1888
1888
1888
1890
1890
1892
1893
1896
1896
1896
1896
1896
1896
1898
1899
1899
1900
1900
1900
1902
1903
1904
1904
1905
1905
1906
1907
1908
1908
1908
1909
1909
1910
1911
1912
1912
1913
1913
1915
1916
1918
1918
1918
1921
1923
1924
1924
1925
1926
1926
1928
1928
1929
1929
1931
1932
1934
1934
1935
1935
1940
1940
1940
1942
1943
1944
1944
1944
1945
1946
1949
1950
1950
1950
1950
1951
1951
1951
1951
1952
1952
1953
1953
1953
1954
1954
1956
1956
1959
1961
1966
1967
1970
1970
1972
1973
1975
1977
1977
1978
1978
1979
1982
1982
1982
1983
1984
1984
1985
1985
1986
1987
1987
1987
1987
1989
1990
1990
1991
1992
1992
1993
1993
1994
1995
1998
1999
