
113
, 94
, 32
, 112
, 14
, 83
, 43
, 65
, 61
, 31
, 95
, 1
, 125
, 106
, 20
, 4
, 122
, 89
, 37
, 94
, 32
, 20
, 106
, 28
, 98
, 35
, 91
, 13
, 113
, 84
, 42
, 5
, 121
, 58
, 68
, 10
, 116
, 66
, 60
, 76
, 50
, 105
, 21
, 12
, 114
, 104
, 22
, 6
, 120
, 35
, 91
, 105
, 21
, 113
, 13
, 26
, 100
, 67
, 59
, 34
, 92
, 48
, 78
, 8
, 118
, 101
, 25
, 45
, 81
, 69
, 57
, 24
, 102
, 34
, 92
, 73
, 53
, 120
, 6
, 110
, 16
, 88
, 38
, 108
, 18
, 118
, 8
, 20
, 106
, 88
, 38
, 72
, 54
, 113
, 13
, 70
, 56
, 68
, 58
, 124
, 2
, 57
, 69
, 87
, 39
, 31
, 95
, 105
, 21
, 16
, 110
, 103
, 23
, 100
, 26
, 55
, 71
, 23
, 103
, 79
, 47
, 35
, 91
, 72
, 54
, 46
, 80
, 56
, 70
, 11
, 115
, 121
, 5
, 100
, 26
, 49
, 77
, 18
, 108
, 102
, 24
, 9
, 117
, 52
, 74
, 24
, 102
, 8
, 118
, 114
, 12
, 97
, 29
, 104
, 22
, 31
, 95
, 119
, 7
, 47
, 79
, 37
, 89
, 83
, 43
, 50
, 76
, 39
, 87
, 54
, 72
, 28
, 98
, 122
, 4
, 49
, 77
, 42
, 84
, 116
, 10
, 26
, 100
, 66
, 60
, 50
, 76
, 93
, 33
, 106
, 20
, 17
, 109
, 99
, 27
, 102
, 24
, 80
, 46
, 88
, 38
, 73
, 53
, 10
, 116
, 77
, 49
, 9
, 117
, 77
, 49
, 101
, 25
, 76
, 50
, 12
, 114
, 119
, 7
, 23
, 103
, 24
, 102
, 69
, 57
, 5
, 96
, 25
