
117
, 17
, 6
, 18
, 5
, 12
, 11
, 16
, 7
, 6
, 17
, 14
, 9
, 11
, 12
, 13
, 10
, 14
, 9
, 16
, 7
, 8
, 15
, 17
, 6
, 8
, 15
, 7
, 16
, 19
, 4
, 15
, 8
, 4
, 19
, 9
, 14
, 15
, 8
, 6
, 17
, 11
, 12
, 17
, 6
, 14
, 9
, 4
, 19
, 3
, 20
, 12
, 11
, 21
, 2
, 17
, 6
, 16
, 7
, 12
, 11
, 17
, 6
, 12
, 11
, 11
, 12
, 9
, 14
, 12
, 11
, 20
, 3
, 9
, 14
, 21
, 2
, 11
, 12
, 1
, 22
, 21
, 2
, 4
, 19
, 11
, 12
, 15
, 8
, 15
, 8
, 9
, 14
, 11
, 12
, 19
, 4
, 3
, 20
, 3
, 20
, 13
, 10
, 18
, 5
, 15
, 8
, 10
, 13
, 16
, 7
, 19
, 4
, 12
, 11
, 2
, 21
, 8
, 15
, 6
, 17
, 1
, 22
, 12
, 11
, 6
, 17
, 7
, 16
, 1
, 22
, 5
, 18
, 7
, 16
, 18
, 5
, 1
, 22
, 7
, 16
, 4
, 19
, 12
, 11
, 20
, 3
, 9
, 14
, 19
, 4
, 6
, 17
, 8
, 15
, 15
, 8
, 9
, 14
, 6
, 17
, 12
, 11
, 1
, 22
, 13
, 10
, 13
, 10
, 11
, 12
, 15
, 8
, 2
, 21
, 16
, 7
, 20
, 3
, 16
, 7
, 5
, 18
, 1
, 22
, 10
, 13
, 10
, 13
, 6
, 17
, 14
, 9
, 4
, 19
, 1
, 22
, 5
, 18
, 14
, 9
, 12
, 11
, 6
, 17
, 12
, 11
, 15
, 8
, 16
, 7
, 1
, 22
, 21
, 2
, 7
, 16
, 11
, 12
, 6
, 17
, 11
, 12
, 4
, 19
, 8
, 15
, 16
, 7
, 8
, 15
, 4
, 19
, 5
, 14
, 4
