
118
, 2
, 23
, 3
, 22
, 8
, 17
, 15
, 10
, 19
, 6
, 19
, 6
, 17
, 8
, 19
, 6
, 5
, 20
, 19
, 6
, 4
, 21
, 19
, 6
, 23
, 2
, 2
, 23
, 8
, 17
, 23
, 2
, 10
, 15
, 4
, 21
, 16
, 9
, 3
, 22
, 3
, 22
, 7
, 18
, 17
, 8
, 20
, 5
, 23
, 2
, 2
, 23
, 12
, 13
, 12
, 13
, 15
, 10
, 19
, 6
, 6
, 19
, 21
, 4
, 15
, 10
, 10
, 15
, 17
, 8
, 22
, 3
, 14
, 11
, 22
, 3
, 9
, 16
, 6
, 19
, 1
, 24
, 2
, 23
, 1
, 24
, 12
, 13
, 7
, 18
, 18
, 7
, 16
, 9
, 18
, 7
, 2
, 23
, 22
, 3
, 22
, 3
, 12
, 13
, 20
, 5
, 18
, 7
, 21
, 4
, 23
, 2
, 16
, 9
, 8
, 17
, 15
, 10
, 8
, 17
, 12
, 13
, 12
, 13
, 19
, 6
, 9
, 16
, 18
, 7
, 3
, 22
, 22
, 3
, 8
, 17
, 18
, 7
, 20
, 5
, 2
, 23
, 15
, 10
, 14
, 11
, 6
, 19
, 12
, 13
, 4
, 21
, 2
, 23
, 16
, 9
, 23
, 2
, 1
, 24
, 23
, 2
, 15
, 10
, 18
, 7
, 8
, 17
, 13
, 12
, 14
, 11
, 21
, 4
, 15
, 10
, 2
, 23
, 20
, 5
, 11
, 14
, 11
, 14
, 9
, 16
, 5
, 20
, 7
, 18
, 7
, 18
, 19
, 6
, 11
, 14
, 12
, 13
, 22
, 3
, 21
, 4
, 15
, 10
, 7
, 18
, 11
, 14
, 4
, 21
, 17
, 8
, 14
, 11
, 6
, 19
, 23
, 2
, 8
, 17
, 8
, 17
, 7
, 18
, 3
, 22
, 8
, 17
, 1
, 24
, 23
, 2
, 17
, 8
, 4
, 21
