
119
, 27
, 20
, 44
, 3
, 32
, 15
, 30
, 17
, 13
, 34
, 27
, 20
, 37
, 10
, 14
, 33
, 7
, 40
, 39
, 8
, 3
, 44
, 34
, 13
, 3
, 44
, 11
, 36
, 13
, 34
, 10
, 37
, 27
, 20
, 1
, 46
, 6
, 41
, 18
, 29
, 14
, 33
, 30
, 17
, 8
, 39
, 18
, 29
, 33
, 14
, 4
, 43
, 8
, 39
, 9
, 38
, 9
, 38
, 6
, 41
, 5
, 42
, 39
, 8
, 12
, 35
, 35
, 12
, 38
, 9
, 15
, 32
, 23
, 24
, 3
, 44
, 35
, 12
, 45
, 2
, 27
, 20
, 45
, 2
, 7
, 40
, 23
, 24
, 43
, 4
, 37
, 10
, 21
, 26
, 9
, 38
, 29
, 18
, 20
, 27
, 8
, 39
, 29
, 18
, 31
, 16
, 16
, 31
, 36
, 11
, 39
, 8
, 23
, 24
, 19
, 28
, 6
, 41
, 15
, 32
, 6
, 41
, 19
, 28
, 37
, 10
, 26
, 21
, 7
, 40
, 18
, 29
, 44
, 3
, 7
, 40
, 6
, 41
, 11
, 36
, 25
, 22
, 22
, 25
, 39
, 8
, 15
, 32
, 43
, 4
, 38
, 9
, 21
, 26
, 32
, 15
, 29
, 18
, 1
, 46
, 40
, 7
, 4
, 43
, 38
, 9
, 1
, 46
, 12
, 35
, 15
, 32
, 9
, 38
, 5
, 42
, 39
, 8
, 28
, 19
, 3
, 44
, 45
, 2
, 8
, 39
, 29
, 18
, 5
, 42
, 6
, 41
, 4
, 43
, 26
, 21
, 37
, 10
, 38
, 9
, 10
, 37
, 21
, 26
, 11
, 36
, 40
, 7
, 6
, 41
, 43
, 4
, 35
, 12
, 19
, 28
, 20
, 27
, 15
, 32
, 5
, 42
, 40
, 7
, 6
, 41
, 20
, 27
, 13
, 34
, 22
, 25
, 12
, 35
, 28
, 19
, 34
, 13
