
120
, 19
, 10
, 22
, 7
, 25
, 4
, 26
, 3
, 3
, 26
, 27
, 2
, 27
, 2
, 9
, 20
, 2
, 27
, 14
, 15
, 17
, 12
, 15
, 14
, 22
, 7
, 23
, 6
, 13
, 16
, 18
, 11
, 18
, 11
, 17
, 12
, 23
, 6
, 7
, 22
, 24
, 5
, 23
, 6
, 20
, 9
, 11
, 18
, 3
, 26
, 20
, 9
, 10
, 19
, 21
, 8
, 20
, 9
, 10
, 19
, 24
, 5
, 22
, 7
, 25
, 4
, 5
, 24
, 1
, 28
, 3
, 26
, 23
, 6
, 25
, 4
, 21
, 8
, 27
, 2
, 14
, 15
, 12
, 17
, 1
, 28
, 14
, 15
, 21
, 8
, 15
, 14
, 4
, 25
, 7
, 22
, 25
, 4
, 22
, 7
, 4
, 25
, 20
, 9
, 18
, 11
, 4
, 25
, 12
, 17
, 4
, 25
, 27
, 2
, 8
, 21
, 24
, 5
, 7
, 22
, 1
, 28
, 6
, 23
, 20
, 9
, 20
, 9
, 8
, 21
, 14
, 15
, 17
, 12
, 21
, 8
, 16
, 13
, 15
, 14
, 16
, 13
, 22
, 7
, 26
, 3
, 13
, 16
, 13
, 16
, 26
, 3
, 25
, 4
, 7
, 22
, 14
, 15
, 14
, 15
, 14
, 15
, 26
, 3
, 14
, 15
, 9
, 20
, 8
, 21
, 15
, 14
, 4
, 25
, 9
, 20
, 21
, 8
, 12
, 17
, 27
, 2
, 16
, 13
, 17
, 12
, 1
, 28
, 23
, 6
, 16
, 13
, 23
, 6
, 8
, 21
, 17
, 12
, 2
, 27
, 3
, 26
, 2
, 27
, 10
, 19
, 4
, 25
, 13
, 16
, 22
, 7
, 9
, 20
, 27
, 2
, 13
, 16
, 17
, 12
, 11
, 18
, 2
, 27
, 7
, 22
, 9
, 20
, 9
, 20
, 1
, 28
, 22
, 7
, 27
, 2
, 16
, 13
, 8
, 1
, 20
