
121
, 14
, 92
, 70
, 36
, 11
, 95
, 34
, 72
, 13
, 93
, 46
, 60
, 44
, 62
, 57
, 49
, 60
, 46
, 18
, 88
, 99
, 7
, 18
, 88
, 58
, 48
, 102
, 4
, 18
, 88
, 18
, 88
, 66
, 40
, 25
, 81
, 51
, 55
, 71
, 35
, 22
, 84
, 51
, 55
, 21
, 85
, 78
, 28
, 74
, 32
, 18
, 88
, 99
, 7
, 13
, 93
, 93
, 13
, 6
, 100
, 20
, 86
, 42
, 64
, 89
, 17
, 44
, 62
, 95
, 11
, 31
, 75
, 62
, 44
, 58
, 48
, 36
, 70
, 100
, 6
, 85
, 21
, 24
, 82
, 84
, 22
, 43
, 63
, 88
, 18
, 18
, 88
, 98
, 8
, 49
, 57
, 94
, 12
, 76
, 30
, 81
, 25
, 24
, 82
, 11
, 95
, 67
, 39
, 7
, 99
, 100
, 6
, 82
, 24
, 41
, 65
, 63
, 43
, 5
, 101
, 6
, 100
, 39
, 67
, 1
, 105
, 74
, 32
, 4
, 102
, 87
, 19
, 12
, 94
, 19
, 87
, 27
, 79
, 35
, 71
, 53
, 53
, 76
, 30
, 6
, 100
, 81
, 25
, 39
, 67
, 88
, 18
, 4
, 102
, 57
, 49
, 55
, 51
, 49
, 57
, 70
, 36
, 65
, 41
, 58
, 48
, 101
, 5
, 53
, 53
, 78
, 28
, 74
, 32
, 101
, 5
, 60
, 46
, 97
, 9
, 7
, 99
, 26
, 80
, 44
, 62
, 99
, 7
, 13
, 93
, 72
, 34
, 103
, 3
, 34
, 72
, 85
, 21
, 5
, 101
, 94
, 12
, 37
, 69
, 98
, 8
, 58
, 48
, 15
, 91
, 99
, 7
, 15
, 91
, 98
, 8
, 47
, 59
, 63
, 43
, 29
, 77
, 34
, 72
, 65
, 41
, 13
, 93
, 63
, 43
, 48
, 58
, 67
, 39
, 8
, 98
, 3
, 103
, 54
, 52
, 66
, 40
