
1220
, 98
, 125
, 118
, 105
, 28
, 195
, 1
, 222
, 82
, 141
, 198
, 25
, 207
, 16
, 151
, 72
, 91
, 132
, 56
, 167
, 167
, 56
, 205
, 18
, 37
, 186
, 24
, 199
, 149
, 74
, 86
, 137
, 36
, 187
, 138
, 85
, 46
, 177
, 212
, 11
, 132
, 91
, 178
, 45
, 106
, 117
, 201
, 22
, 100
, 123
, 19
, 204
, 54
, 169
, 124
, 99
, 78
, 145
, 15
, 208
, 128
, 95
, 58
, 165
, 81
, 142
, 148
, 75
, 121
, 102
, 29
, 194
, 201
, 22
, 194
, 29
, 200
, 23
, 122
, 101
, 198
, 25
, 127
, 96
, 128
, 95
, 83
, 140
, 153
, 70
, 182
, 41
, 213
, 10
, 74
, 149
, 28
, 195
, 53
, 170
, 200
, 23
, 140
, 83
, 64
, 159
, 171
, 52
, 52
, 171
, 95
, 128
, 33
, 190
, 91
, 132
, 166
, 57
, 65
, 158
, 48
, 175
, 169
, 54
, 21
, 202
, 111
, 112
, 108
, 115
, 93
, 130
, 209
, 14
, 42
, 181
, 35
, 188
, 203
, 20
, 5
, 218
, 159
, 64
, 112
, 111
, 47
, 176
, 46
, 177
, 15
, 208
, 108
, 115
, 149
, 74
, 16
, 207
, 176
, 47
, 98
, 125
, 34
, 189
, 220
, 3
, 122
, 101
, 36
, 187
, 180
, 43
, 1
, 222
, 131
, 92
, 20
, 203
, 72
, 151
, 175
, 48
, 114
, 109
, 134
, 89
, 77
, 146
, 62
, 161
, 1
, 222
, 178
, 45
, 104
, 119
, 128
, 95
, 176
, 47
, 207
, 16
, 27
, 196
, 216
, 7
, 140
, 83
, 57
, 166
, 150
, 73
, 181
, 42
, 218
, 5
, 143
, 80
, 221
, 2
, 123
, 100
, 10
, 213
, 98
, 125
, 117
, 106
, 31
, 192
, 211
, 12
, 58
, 165
, 50
, 173
, 83
, 140
, 164
, 59
, 109
, 114
, 149
, 74
, 125
, 98
, 32
, 191
, 20
, 203
, 42
, 181
, 167
, 56
, 182
, 41
, 23
, 200
, 69
, 154
, 52
, 171
, 174
, 49
, 1
, 222
, 9
, 214
, 46
, 177
, 208
, 15
, 87
, 136
, 127
, 96
, 7
, 216
, 212
, 11
, 67
, 156
, 111
, 112
, 148
, 75
, 174
, 49
, 96
, 127
, 72
, 151
, 86
, 137
, 75
, 148
, 139
, 84
, 112
, 111
, 48
, 175
, 137
, 86
, 103
, 120
, 62
, 161
, 80
, 143
, 91
, 132
, 207
, 16
, 49
, 174
, 156
, 67
, 170
, 53
, 197
, 26
, 115
, 108
, 106
, 117
, 154
, 69
, 49
, 174
, 82
, 141
, 29
, 194
, 150
, 73
, 171
, 52
, 179
, 44
, 202
, 21
, 181
, 42
, 78
, 145
, 145
, 78
, 186
, 37
, 193
, 30
, 61
, 162
, 24
, 199
, 192
, 31
, 144
, 79
, 136
, 87
, 143
, 80
, 166
, 57
, 40
, 183
, 96
, 127
, 217
, 6
, 27
, 196
, 82
, 141
, 203
, 20
, 11
, 212
, 210
, 13
, 12
, 211
, 77
, 146
, 174
, 49
, 15
, 208
, 148
, 75
, 13
, 210
, 171
, 52
, 217
, 6
, 44
, 179
, 31
, 192
, 195
, 28
, 52
, 171
, 135
, 88
, 160
, 63
, 151
, 72
, 76
, 147
, 58
, 165
, 164
, 59
, 209
, 14
, 69
, 154
, 102
, 121
, 84
, 139
, 172
, 51
, 50
, 173
, 158
, 65
, 77
, 146
, 121
, 102
, 167
, 56
, 185
, 38
, 34
, 189
, 62
, 161
, 86
, 137
, 160
, 63
, 188
, 35
, 197
, 26
, 66
, 157
, 52
, 171
, 13
, 210
, 65
, 158
, 118
, 105
, 80
, 143
, 187
, 36
, 80
, 143
, 126
, 97
, 55
, 168
, 52
, 171
, 128
, 95
, 145
, 78
, 181
, 42
, 176
, 47
, 123
, 100
, 131
, 92
, 145
, 78
, 102
, 121
, 162
, 61
, 174
, 49
, 153
, 70
, 168
, 55
, 119
, 104
, 16
, 207
, 8
, 215
, 64
, 159
, 162
, 61
, 130
, 93
, 70
, 153
, 98
, 125
, 46
, 177
, 183
, 40
, 83
, 140
, 67
, 156
, 155
, 68
, 49
, 174
, 117
, 106
, 156
, 67
, 144
, 79
, 97
, 126
, 195
, 28
, 127
, 96
, 91
, 132
, 44
, 179
, 132
, 91
, 211
, 12
, 150
, 73
, 165
, 58
, 16
, 207
, 3
, 220
, 32
, 191
, 140
, 83
, 25
, 198
, 5
, 218
, 155
, 68
, 45
, 178
, 118
, 105
, 219
, 4
, 132
, 91
, 75
, 148
, 196
, 27
, 25
, 198
, 52
, 171
, 212
, 11
, 2
, 221
, 69
, 154
, 97
, 126
, 125
, 98
, 11
, 212
, 172
, 51
, 16
, 207
, 167
, 56
, 64
, 159
, 162
, 61
, 80
, 143
, 99
, 124
, 25
, 198
, 42
, 181
, 1
, 222
, 80
, 143
, 49
, 174
, 171
, 52
, 45
, 178
, 173
, 50
, 46
, 177
, 172
, 51
, 140
, 83
, 40
, 183
, 61
, 162
, 15
, 208
, 110
, 113
, 44
, 179
, 144
, 79
, 166
, 57
, 86
, 137
, 195
, 28
, 136
, 87
, 42
, 181
, 35
, 188
, 69
, 154
, 167
, 56
, 217
, 6
, 183
, 40
, 21
, 202
, 67
, 156
, 25
, 198
, 168
, 55
, 108
, 115
, 93
, 130
, 23
, 200
, 20
, 203
, 144
, 79
, 2
, 221
, 87
, 136
, 218
, 5
, 2
, 221
, 179
, 44
, 186
, 37
, 65
, 158
, 186
, 37
, 106
, 117
, 57
, 166
, 170
, 53
, 71
, 152
, 84
, 139
, 73
, 150
, 132
, 91
, 210
, 13
, 134
, 89
, 201
, 22
, 122
, 101
, 158
, 65
, 215
, 8
, 186
, 37
, 120
, 103
, 50
, 173
, 3
, 220
, 131
, 92
, 189
, 34
, 51
, 172
, 196
, 27
, 114
, 109
, 6
, 217
, 221
, 2
, 22
, 201
, 5
, 218
, 123
, 100
, 40
, 183
, 90
, 133
, 63
, 160
, 182
, 41
, 205
, 18
, 151
, 72
, 2
, 221
, 55
, 168
, 87
, 136
, 171
, 52
, 56
, 167
, 209
, 14
, 178
, 45
, 101
, 122
, 41
, 182
, 25
, 198
, 51
, 172
, 153
, 70
, 125
, 98
, 131
, 92
, 24
, 199
, 108
, 115
, 86
, 137
, 115
, 108
, 105
, 118
, 77
, 146
, 5
, 218
, 67
, 156
, 197
, 26
, 105
, 118
, 34
, 189
, 165
, 58
, 187
, 36
, 40
, 183
, 85
, 138
, 14
, 209
, 94
, 129
, 147
, 76
, 210
, 13
, 154
, 69
, 97
, 126
, 88
, 135
, 171
, 52
, 45
, 178
, 3
, 220
, 156
, 67
, 180
, 43
, 147
, 76
, 31
, 192
, 33
, 190
, 62
, 161
, 199
, 24
, 184
, 39
, 3
, 220
, 126
, 97
, 209
, 14
, 136
, 87
, 119
, 104
, 72
, 151
, 180
, 43
, 134
, 89
, 55
, 168
, 199
, 24
, 125
, 98
, 129
, 94
, 158
, 65
, 10
, 213
, 64
, 159
, 92
, 131
, 163
, 60
, 126
, 97
, 197
, 26
, 92
, 131
, 40
, 183
, 139
, 84
, 96
, 127
, 5
, 218
, 173
, 50
, 182
, 41
, 24
, 199
, 92
, 131
, 37
, 186
, 192
, 31
, 190
, 33
, 9
, 214
, 17
, 206
, 41
, 182
, 18
, 205
, 176
, 47
, 182
, 41
, 200
, 23
, 28
, 195
, 105
, 118
, 212
, 11
, 109
, 114
, 176
, 47
, 72
, 151
, 174
, 49
, 56
, 167
, 158
, 65
, 200
, 23
, 148
, 75
, 76
, 147
, 33
, 190
, 5
, 218
, 125
, 98
, 10
, 213
, 4
, 219
, 8
, 215
, 198
, 25
, 93
, 130
, 89
, 134
, 153
, 70
, 37
, 186
, 175
, 48
, 93
, 130
, 134
, 89
, 98
, 125
, 55
, 168
, 195
, 28
, 156
, 67
, 219
, 4
, 60
, 163
, 120
, 103
, 53
, 170
, 34
, 189
, 120
, 103
, 178
, 45
, 95
, 128
, 126
, 97
, 1
, 222
, 53
, 170
, 34
, 189
, 114
, 109
, 90
, 133
, 71
, 152
, 48
, 175
, 29
, 194
, 208
, 15
, 39
, 184
, 105
, 118
, 18
, 205
, 23
, 200
, 198
, 25
, 86
, 137
, 79
, 144
, 189
, 34
, 61
, 162
, 36
, 187
, 95
, 128
, 194
, 29
, 75
, 148
, 107
, 116
, 174
, 49
, 145
, 78
, 99
, 124
, 74
, 149
, 109
, 114
, 136
, 87
, 135
, 88
, 68
, 155
, 206
, 17
, 156
, 67
, 139
, 84
, 41
, 182
, 45
, 178
, 14
, 209
, 180
, 43
, 6
, 217
, 64
, 159
, 161
, 62
, 86
, 137
, 5
, 218
, 198
, 25
, 201
, 22
, 171
, 52
, 118
, 105
, 185
, 38
, 178
, 45
, 191
, 32
, 24
, 199
, 210
, 13
, 169
, 54
, 179
, 44
, 158
, 65
, 114
, 109
, 80
, 143
, 30
, 193
, 146
, 77
, 201
, 22
, 160
, 63
, 73
, 150
, 206
, 17
, 40
, 183
, 149
, 74
, 163
, 60
, 108
, 115
, 90
, 133
, 41
, 182
, 124
, 99
, 45
, 178
, 135
, 88
, 71
, 152
, 31
, 192
, 87
, 136
, 46
, 177
, 199
, 24
, 45
, 178
, 57
, 166
, 40
, 183
, 131
, 92
, 50
, 173
, 155
, 68
, 6
, 217
, 21
, 202
, 125
, 98
, 142
, 81
, 24
, 199
, 153
, 70
, 77
, 146
, 97
, 126
, 104
, 119
, 33
, 190
, 202
, 21
, 84
, 139
, 127
, 96
, 182
, 41
, 57
, 166
, 140
, 83
, 117
, 106
, 140
, 83
, 129
, 94
, 156
, 67
, 88
, 135
, 102
, 121
, 77
, 146
, 6
, 217
, 48
, 175
, 45
, 178
, 190
, 33
, 68
, 155
, 58
, 165
, 107
, 116
, 191
, 32
, 174
, 49
, 205
, 18
, 39
, 184
, 62
, 161
, 93
, 130
, 187
, 36
, 35
, 188
, 69
, 154
, 164
, 59
, 135
, 88
, 31
, 192
, 99
, 124
, 3
, 220
, 135
, 88
, 48
, 175
, 97
, 126
, 135
, 88
, 218
, 5
, 86
, 137
, 130
, 93
, 29
, 194
, 117
, 106
, 51
, 172
, 155
, 68
, 126
, 97
, 72
, 151
, 101
, 122
, 204
, 19
, 125
, 98
, 2
, 221
, 75
, 148
, 72
, 151
, 162
, 61
, 71
, 152
, 91
, 132
, 218
, 5
, 16
, 207
, 40
, 183
, 119
, 104
, 24
, 199
, 191
, 32
, 218
, 5
, 46
, 177
, 37
, 186
, 62
, 161
, 49
, 174
, 59
, 164
, 125
, 98
, 165
, 58
, 29
, 194
, 77
, 146
, 201
, 22
, 161
, 62
, 194
, 29
, 186
, 37
, 119
, 104
, 153
, 70
, 104
, 119
, 96
, 127
, 108
, 115
, 125
, 98
, 108
, 115
, 4
, 219
, 45
, 178
, 24
, 199
, 205
, 18
, 184
, 39
, 164
, 59
, 182
, 41
, 220
, 3
, 101
, 122
, 162
, 61
, 59
, 164
, 142
, 81
, 107
, 116
, 133
, 90
, 25
, 198
, 123
, 100
, 89
, 134
, 60
, 163
, 70
, 153
, 206
, 17
, 127
, 96
, 138
, 85
, 204
, 19
, 19
, 204
, 94
, 129
, 132
, 91
, 119
, 104
, 217
, 6
, 165
, 58
, 140
, 83
, 189
, 34
, 104
, 119
, 19
, 204
, 114
, 109
, 169
, 54
, 212
, 11
, 126
, 97
, 8
, 215
, 32
, 191
, 136
, 87
, 65
, 158
, 67
, 156
, 172
, 51
, 146
, 77
, 216
, 7
, 158
, 65
, 105
, 118
, 48
, 175
, 194
, 29
, 26
, 197
, 181
, 42
, 26
, 197
, 4
, 219
, 107
, 116
, 204
, 19
, 116
, 107
, 60
, 163
, 168
, 55
, 33
, 190
, 213
, 10
, 45
, 178
, 88
, 135
, 87
, 136
, 49
, 174
, 35
, 188
, 20
, 203
, 216
, 7
, 216
, 7
, 69
, 154
, 185
, 38
, 139
, 84
, 23
, 200
, 153
, 70
, 46
, 177
, 195
, 28
, 26
, 197
, 22
, 201
, 131
, 92
, 133
, 90
, 130
, 93
, 38
, 185
, 8
, 215
, 62
, 161
, 57
, 166
, 19
, 204
, 190
, 33
, 58
, 165
, 18
, 205
, 109
, 114
, 164
, 59
, 2
, 221
, 157
, 66
, 196
, 27
, 69
, 154
, 71
, 152
, 60
, 163
, 191
, 32
, 151
, 72
, 209
, 14
, 78
, 145
, 188
, 35
, 130
, 93
, 82
, 141
, 171
, 52
, 64
, 159
, 81
, 142
, 121
, 102
, 107
, 116
, 154
, 69
, 106
, 117
, 150
, 73
, 18
, 205
, 49
, 174
, 140
, 83
, 200
, 23
, 132
, 91
, 34
, 189
, 151
, 72
, 110
, 113
, 80
, 143
, 216
, 7
, 154
, 69
, 197
, 26
, 119
, 104
, 207
, 16
, 163
, 60
, 133
, 90
, 151
, 72
, 88
, 135
, 63
, 160
, 82
, 141
, 177
, 46
, 68
, 155
, 44
, 179
, 38
, 185
, 45
, 178
, 221
, 2
, 14
, 209
, 112
, 111
, 33
, 190
, 43
, 180
, 36
, 187
, 34
, 189
, 215
, 8
, 216
, 7
, 153
, 70
, 114
, 109
, 69
, 154
, 134
, 89
, 210
, 13
, 49
, 174
, 174
, 49
, 218
, 5
, 163
, 60
, 124
, 99
, 136
, 87
, 193
, 30
, 30
, 193
, 214
, 9
, 32
, 191
, 37
, 186
, 57
, 166
, 199
, 24
, 112
, 111
, 24
, 199
, 146
, 77
, 84
, 139
, 195
, 28
, 113
, 110
, 148
, 75
, 78
, 145
, 22
, 201
, 91
, 132
, 144
, 79
, 42
, 181
, 89
, 134
, 109
, 114
, 27
, 196
, 46
, 177
, 103
, 120
, 107
, 116
, 60
, 163
, 132
, 91
, 169
, 54
, 101
, 122
, 40
, 183
, 205
, 18
, 143
, 80
, 196
, 27
, 76
, 147
, 151
, 72
, 21
, 202
, 189
, 34
, 61
, 162
, 92
, 131
, 66
, 157
, 72
, 151
, 220
, 3
, 87
, 136
, 28
, 195
, 63
, 160
, 149
, 74
, 86
, 137
, 4
, 219
, 83
, 140
, 19
, 204
, 24
, 199
, 12
, 211
, 39
, 184
, 205
, 18
, 45
, 178
, 24
, 199
, 90
, 133
, 201
, 22
, 167
, 56
, 67
, 156
, 26
, 197
, 133
, 90
, 15
, 208
, 182
, 41
, 130
, 93
, 102
, 121
, 31
, 192
, 111
, 112
, 215
, 8
, 33
, 190
, 89
, 134
, 219
, 4
, 89
, 134
, 159
, 64
, 83
, 140
, 22
, 201
, 102
, 121
, 39
, 184
, 220
, 3
, 24
, 199
, 65
, 158
, 84
, 139
, 48
, 175
, 217
, 6
, 90
, 133
, 180
, 43
, 16
, 207
, 186
, 37
, 163
, 60
, 84
, 139
, 146
, 77
, 134
, 89
, 91
, 132
, 29
, 194
, 159
, 64
, 175
, 48
, 108
, 115
, 211
, 12
, 168
, 55
, 33
, 190
, 109
, 114
, 88
, 135
, 125
, 98
, 191
, 32
, 8
, 215
, 203
, 20
, 167
, 56
, 89
, 134
, 161
, 62
, 105
, 118
, 139
, 84
, 28
, 195
, 17
, 206
, 59
, 164
, 169
, 54
, 202
, 21
, 105
, 118
, 167
, 56
, 177
, 46
, 24
, 199
, 73
, 150
, 81
, 142
, 17
, 206
, 163
, 60
, 94
, 129
, 62
, 161
, 22
, 201
, 56
, 167
, 31
, 192
, 38
, 185
, 71
, 152
, 43
, 180
, 40
, 183
, 218
, 5
, 35
, 188
, 117
, 106
, 145
, 78
, 218
, 5
, 73
, 150
, 90
, 133
, 216
, 7
, 107
, 116
, 125
, 98
, 91
, 132
, 4
, 219
, 108
, 115
, 4
, 219
, 215
, 8
, 50
, 173
, 62
, 161
, 120
, 103
, 100
, 123
, 135
, 88
, 54
, 169
, 164
, 59
, 161
, 62
, 210
, 13
, 55
, 168
, 64
, 159
, 7
, 216
, 47
, 176
, 191
, 32
, 51
, 172
, 137
, 86
, 44
, 179
, 42
, 181
, 37
, 186
, 55
, 168
, 218
, 5
, 7
, 216
, 83
, 140
, 42
, 181
, 118
, 105
, 63
, 160
, 36
, 187
, 182
, 41
, 207
, 16
, 153
, 70
, 184
, 39
, 83
, 140
, 22
, 201
, 216
, 7
, 35
, 188
, 94
, 129
, 132
, 91
, 104
, 119
, 178
, 45
, 98
, 125
, 36
, 187
, 101
, 122
, 28
, 195
, 6
, 217
, 78
, 145
, 28
, 195
, 7
, 216
, 197
, 26
, 108
, 115
, 190
, 33
, 21
, 202
, 73
, 150
, 30
, 193
, 107
, 116
, 220
, 3
, 5
, 218
, 128
, 95
, 72
, 151
, 88
, 135
, 135
, 88
, 201
, 22
, 190
, 33
, 172
, 51
, 38
, 185
, 210
, 13
, 123
, 100
, 136
, 87
, 131
, 92
, 141
, 82
, 33
, 190
, 102
, 121
, 173
, 50
, 185
, 38
, 119
, 104
, 206
, 17
, 157
, 66
, 84
, 139
, 70
, 153
, 23
, 200
, 142
, 81
, 161
, 62
, 80
, 143
, 101
, 122
, 202
, 21
, 134
, 89
, 58
, 165
, 117
, 106
, 88
, 135
, 85
, 138
, 165
, 58
, 101
, 122
, 90
, 133
, 54
, 169
, 41
, 182
, 75
, 148
, 160
, 63
, 7
, 216
, 71
, 152
, 90
, 133
, 54
, 169
, 49
, 174
, 137
, 86
, 56
, 167
, 89
, 134
, 100
, 123
, 117
, 106
, 2
, 221
, 109
, 114
, 4
, 219
, 177
, 46
, 26
, 197
, 162
, 61
, 105
, 118
, 52
, 171
, 67
, 156
, 111
, 112
, 153
, 70
, 30
, 193
, 111
, 112
, 31
, 192
, 207
, 16
, 2
, 221
, 1
, 222
, 136
, 87
, 207
, 16
, 69
, 154
, 14
, 209
, 159
, 64
, 17
, 206
, 195
, 28
, 140
, 83
, 219
, 4
, 199
, 24
, 24
, 199
, 202
, 21
, 121
, 102
, 145
, 78
, 144
, 79
, 211
, 12
, 214
, 9
, 186
, 37
, 26
, 197
, 25
, 198
, 167
, 56
, 169
, 54
, 87
, 136
, 216
, 7
, 166
, 57
, 143
, 80
, 129
, 94
, 216
, 7
, 9
, 214
, 98
, 125
, 148
, 75
, 164
, 59
, 192
, 31
, 143
, 80
, 175
, 48
, 99
, 124
, 71
, 152
, 152
, 71
, 205
, 18
, 108
, 115
, 70
, 153
, 109
, 114
, 127
, 96
, 165
, 58
, 96
, 127
, 66
, 157
, 193
, 30
, 71
, 152
, 33
, 190
, 170
, 53
, 162
, 61
, 111
, 112
, 20
, 203
, 170
, 53
, 11
, 212
, 207
, 16
, 92
, 131
, 212
, 11
, 164
, 59
, 77
, 146
, 37
, 186
, 166
, 57
, 209
, 14
, 46
, 177
, 143
, 80
, 200
, 23
, 64
, 159
, 49
, 174
, 75
, 148
, 71
, 152
, 113
, 110
, 20
, 203
, 29
, 194
, 42
, 181
, 212
, 11
, 18
, 205
, 198
, 25
, 192
, 31
, 210
, 13
, 89
, 134
, 44
, 179
, 19
, 204
, 87
, 136
, 185
, 38
, 209
, 14
, 221
, 2
, 3
, 220
, 100
, 123
, 168
, 55
, 62
, 161
, 32
, 191
, 138
, 85
, 132
, 91
, 17
, 206
, 11
, 212
, 111
, 112
, 207
, 16
, 166
, 57
, 206
, 17
, 26
, 197
, 189
, 34
, 103
, 120
, 185
, 38
, 39
, 184
, 148
, 75
, 61
, 162
, 138
, 85
, 86
, 137
, 129
, 94
, 188
, 35
, 39
, 184
, 20
, 203
, 129
, 94
