
1230
, 143
, 82
, 85
, 140
, 213
, 12
, 64
, 161
, 83
, 142
, 23
, 202
, 31
, 194
, 136
, 89
, 189
, 36
, 58
, 167
, 185
, 40
, 176
, 49
, 78
, 147
, 201
, 24
, 220
, 5
, 218
, 7
, 199
, 26
, 137
, 88
, 18
, 207
, 144
, 81
, 20
, 205
, 222
, 3
, 133
, 92
, 14
, 211
, 201
, 24
, 166
, 59
, 8
, 217
, 15
, 210
, 138
, 87
, 114
, 111
, 179
, 46
, 2
, 223
, 46
, 179
, 82
, 143
, 221
, 4
, 219
, 6
, 98
, 127
, 120
, 105
, 144
, 81
, 83
, 142
, 142
, 83
, 51
, 174
, 101
, 124
, 58
, 167
, 218
, 7
, 205
, 20
, 153
, 72
, 155
, 70
, 202
, 23
, 35
, 190
, 131
, 94
, 4
, 221
, 171
, 54
, 127
, 98
, 163
, 62
, 40
, 185
, 6
, 219
, 41
, 184
, 87
, 138
, 142
, 83
, 94
, 131
, 84
, 141
, 136
, 89
, 203
, 22
, 210
, 15
, 206
, 19
, 206
, 19
, 201
, 24
, 50
, 175
, 117
, 108
, 115
, 110
, 23
, 202
, 221
, 4
, 218
, 7
, 210
, 15
, 33
, 192
, 19
, 206
, 16
, 209
, 17
, 208
, 23
, 202
, 162
, 63
, 177
, 48
, 90
, 135
, 25
, 200
, 214
, 11
, 35
, 190
, 164
, 61
, 92
, 133
, 123
, 102
, 132
, 93
, 173
, 52
, 1
, 224
, 71
, 154
, 146
, 79
, 152
, 73
, 193
, 32
, 7
, 218
, 97
, 128
, 4
, 221
, 72
, 153
, 3
, 222
, 138
, 87
, 197
, 28
, 142
, 83
, 199
, 26
, 107
, 118
, 124
, 101
, 184
, 41
, 162
, 63
, 92
, 133
, 180
, 45
, 25
, 200
, 141
, 84
, 194
, 31
, 177
, 48
, 35
, 190
, 167
, 58
, 135
, 90
, 136
, 89
, 119
, 106
, 177
, 48
, 102
, 123
, 60
, 165
, 138
, 87
, 163
, 62
, 122
, 103
, 32
, 193
, 85
, 140
, 85
, 140
, 124
, 101
, 85
, 140
, 183
, 42
, 51
, 174
, 43
, 182
, 69
, 156
, 10
, 215
, 213
, 12
, 76
, 149
, 68
, 157
, 66
, 159
, 77
, 148
, 187
, 38
, 163
, 62
, 144
, 81
, 156
, 69
, 103
, 122
, 221
, 4
, 12
, 213
, 22
, 203
, 17
, 208
, 163
, 62
, 15
, 210
, 82
, 143
, 71
, 154
, 125
, 100
, 95
, 130
, 93
, 132
, 104
, 121
, 94
, 131
, 214
, 11
, 9
, 216
, 62
, 163
, 35
, 190
, 198
, 27
, 149
, 76
, 203
, 22
, 65
, 160
, 121
, 104
, 204
, 21
, 119
, 106
, 143
, 82
, 196
, 29
, 179
, 46
, 160
, 65
, 71
, 154
, 62
, 163
, 17
, 208
, 141
, 84
, 67
, 158
, 136
, 89
, 89
, 136
, 76
, 149
, 205
, 20
, 84
, 141
, 107
, 118
, 91
, 134
, 220
, 5
, 206
, 19
, 125
, 100
, 171
, 54
, 101
, 124
, 205
, 20
, 44
, 181
, 37
, 188
, 173
, 52
, 38
, 187
, 2
, 223
, 167
, 58
, 203
, 22
, 185
, 40
, 189
, 36
, 103
, 122
, 56
, 169
, 77
, 148
, 127
, 98
, 105
, 120
, 63
, 162
, 119
, 106
, 183
, 42
, 160
, 65
, 28
, 197
, 165
, 60
, 213
, 12
, 131
, 94
, 53
, 172
, 4
, 221
, 220
, 5
, 18
, 207
, 98
, 127
, 163
, 62
, 56
, 169
, 34
, 191
, 56
, 169
, 137
, 88
, 23
, 202
, 127
, 98
, 15
, 210
, 134
, 91
, 130
, 95
, 190
, 35
, 193
, 32
, 1
, 224
, 190
, 35
, 150
, 75
, 10
, 215
, 42
, 183
, 179
, 46
, 125
, 100
, 80
, 145
, 181
, 44
, 31
, 194
, 141
, 84
, 7
, 218
, 163
, 62
, 65
, 160
, 185
, 40
, 219
, 6
, 107
, 118
, 108
, 117
, 169
, 56
, 203
, 22
, 92
, 133
, 44
, 181
, 82
, 143
, 124
, 101
, 1
, 224
, 180
, 45
, 47
, 178
, 57
, 168
, 97
, 128
, 153
, 72
, 15
, 210
, 203
, 22
, 135
, 90
, 40
, 185
, 176
, 49
, 212
, 13
, 42
, 183
, 154
, 71
, 188
, 37
, 26
, 199
, 119
, 106
, 145
, 80
, 202
, 23
, 102
, 123
, 30
, 195
, 112
, 113
, 98
, 127
, 140
, 85
, 192
, 33
, 113
, 112
, 120
, 105
, 115
, 110
, 7
, 218
, 106
, 119
, 51
, 174
, 204
, 21
, 105
, 120
, 114
, 111
, 203
, 22
, 113
, 112
, 3
, 222
, 103
, 122
, 200
, 25
, 186
, 39
, 68
, 157
, 126
, 99
, 98
, 127
, 22
, 203
, 13
, 212
, 39
, 186
, 84
, 141
, 160
, 65
, 59
, 166
, 129
, 96
, 27
, 198
, 205
, 20
, 57
, 168
, 167
, 58
, 51
, 174
, 186
, 39
, 173
, 52
, 192
, 33
, 168
, 57
, 86
, 139
, 36
, 189
, 196
, 29
, 90
, 135
, 194
, 31
, 182
, 43
, 107
, 118
, 150
, 75
, 171
, 54
, 62
, 163
, 171
, 54
, 127
, 98
, 211
, 14
, 142
, 83
, 57
, 168
, 133
, 92
, 222
, 3
, 108
, 117
, 158
, 67
, 98
, 127
, 117
, 108
, 145
, 80
, 13
, 212
, 52
, 173
, 211
, 14
, 142
, 83
, 165
, 60
, 49
, 176
, 113
, 112
, 77
, 148
, 128
, 97
, 78
, 147
, 96
, 129
, 193
, 32
, 111
, 114
, 92
, 133
, 1
, 224
, 150
, 75
, 30
, 195
, 181
, 44
, 7
, 218
, 25
, 200
, 87
, 138
, 158
, 67
, 140
, 85
, 152
, 73
, 205
, 20
, 185
, 40
, 215
, 10
, 184
, 41
, 141
, 84
, 207
, 18
, 11
, 214
, 114
, 111
, 99
, 126
, 196
, 29
, 69
, 156
, 29
, 196
, 84
, 141
, 100
, 125
, 20
, 205
, 79
, 146
, 184
, 41
, 167
, 58
, 160
, 65
, 62
, 163
, 30
, 195
, 63
, 162
, 22
, 203
, 36
, 189
, 146
, 79
, 162
, 63
, 47
, 178
, 93
, 132
, 191
, 34
, 130
, 95
, 66
, 159
, 140
, 85
, 31
, 194
, 39
, 186
, 221
, 4
, 85
, 140
, 112
, 113
, 124
, 101
, 66
, 159
, 108
, 117
, 5
, 220
, 21
, 204
, 201
, 24
, 141
, 84
, 127
, 98
, 151
, 74
, 108
, 117
, 178
, 47
, 173
, 52
, 186
, 39
, 187
, 38
, 154
, 71
, 149
, 76
, 107
, 118
, 180
, 45
, 206
, 19
, 10
, 215
, 14
, 211
, 136
, 89
, 154
, 71
, 17
, 208
, 99
, 126
, 85
, 140
, 27
, 198
, 86
, 139
, 99
, 126
, 170
, 55
, 18
, 207
, 31
, 194
, 187
, 38
, 11
, 214
, 36
, 189
, 196
, 29
, 55
, 170
, 204
, 21
, 77
, 148
, 84
, 141
, 101
, 124
, 3
, 222
, 151
, 74
, 190
, 35
, 100
, 125
, 146
, 79
, 1
, 224
, 49
, 176
, 200
, 25
, 18
, 207
, 37
, 188
, 88
, 137
, 33
, 192
, 64
, 161
, 111
, 114
, 184
, 41
, 96
, 129
, 185
, 40
, 181
, 44
, 122
, 103
, 216
, 9
, 74
, 151
, 33
, 192
, 52
, 173
, 54
, 171
, 204
, 21
, 155
, 70
, 165
, 60
, 191
, 34
, 85
, 140
, 222
, 3
, 130
, 95
, 20
, 205
, 77
, 148
, 91
, 134
, 30
, 195
, 156
, 69
, 162
, 63
, 122
, 103
, 146
, 79
, 130
, 95
, 64
, 161
, 19
, 206
, 149
, 76
, 5
, 220
, 118
, 107
, 27
, 198
, 71
, 154
, 197
, 28
, 67
, 158
, 134
, 91
, 182
, 43
, 106
, 119
, 149
, 76
, 84
, 141
, 37
, 188
, 110
, 115
, 194
, 31
, 75
, 150
, 52
, 173
, 210
, 15
, 2
, 223
, 163
, 62
, 206
, 19
, 183
, 42
, 134
, 91
, 38
, 187
, 74
, 151
, 119
, 106
, 212
, 13
, 223
, 2
, 28
, 197
, 215
, 10
, 2
, 223
, 194
, 31
, 173
, 52
, 206
, 19
, 22
, 203
, 155
, 70
, 193
, 32
, 207
, 18
, 208
, 17
, 57
, 168
, 104
, 121
, 32
, 193
, 31
, 194
, 134
, 91
, 154
, 71
, 17
, 208
, 125
, 100
, 158
, 67
, 58
, 167
, 170
, 55
, 9
, 216
, 37
, 188
, 46
, 179
, 19
, 206
, 54
, 171
, 166
, 59
, 208
, 17
, 188
, 37
, 86
, 139
, 127
, 98
, 131
, 94
, 62
, 163
, 176
, 49
, 118
, 107
, 161
, 64
, 1
, 224
, 29
, 196
, 63
, 162
, 38
, 187
, 155
, 70
, 9
, 216
, 139
, 86
, 96
, 129
, 222
, 3
, 125
, 100
, 222
, 3
, 2
, 223
, 49
, 176
, 47
, 178
, 109
, 116
, 157
, 68
, 14
, 211
, 181
, 44
, 85
, 140
, 221
, 4
, 135
, 90
, 63
, 162
, 209
, 16
, 70
, 155
, 4
, 221
, 113
, 112
, 9
, 216
, 138
, 87
, 74
, 151
, 210
, 15
, 169
, 56
, 17
, 208
, 113
, 112
, 137
, 88
, 210
, 15
, 108
, 117
, 50
, 175
, 182
, 43
, 60
, 165
, 80
, 145
, 194
, 31
, 218
, 7
, 60
, 165
, 199
, 26
, 27
, 198
, 171
, 54
, 134
, 91
, 127
, 98
, 207
, 18
, 216
, 9
, 81
, 144
, 213
, 12
, 155
, 70
, 67
, 158
, 124
, 101
, 17
, 208
, 1
, 224
, 153
, 72
, 142
, 83
, 132
, 93
, 119
, 106
, 29
, 196
, 109
, 116
, 85
, 140
, 189
, 36
, 66
, 159
, 184
, 41
, 192
, 33
, 59
, 166
, 207
, 18
, 83
, 142
, 139
, 86
, 125
, 100
, 207
, 18
, 8
, 217
, 114
, 111
, 1
, 224
, 164
, 61
, 95
, 130
, 178
, 47
, 99
, 126
, 50
, 175
, 208
, 17
, 94
, 131
, 64
, 161
, 86
, 139
, 167
, 58
, 167
, 58
, 207
, 18
, 42
, 183
, 158
, 67
, 174
, 51
, 175
, 50
, 168
, 57
, 1
, 224
, 98
, 127
, 10
, 215
, 43
, 182
, 88
, 137
, 18
, 207
, 9
, 216
, 12
, 213
, 139
, 86
, 190
, 35
, 173
, 52
, 121
, 104
, 102
, 123
, 131
, 94
, 204
, 21
, 145
, 80
, 112
, 113
, 56
, 169
, 222
, 3
, 220
, 5
, 72
, 153
, 74
, 151
, 191
, 34
, 108
, 117
, 166
, 59
, 16
, 209
, 223
, 2
, 38
, 187
, 49
, 176
, 120
, 105
, 28
, 197
, 59
, 166
, 174
, 51
, 136
, 89
, 190
, 35
, 60
, 165
, 53
, 172
, 51
, 174
, 146
, 79
, 66
, 159
, 212
, 13
, 165
, 60
, 164
, 61
, 18
, 207
, 26
, 199
, 45
, 180
, 97
, 128
, 167
, 58
, 8
, 217
, 89
, 136
, 201
, 24
, 127
, 98
, 221
, 4
, 141
, 84
, 128
, 97
, 87
, 138
, 131
, 94
, 82
, 143
, 128
, 97
, 145
, 80
, 130
, 95
, 38
, 187
, 85
, 140
, 136
, 89
, 82
, 143
, 62
, 163
, 104
, 121
, 74
, 151
, 80
, 145
, 179
, 46
, 119
, 106
, 36
, 189
, 55
, 170
, 213
, 12
, 142
, 83
, 47
, 178
, 212
, 13
, 66
, 159
, 82
, 143
, 153
, 72
, 145
, 80
, 144
, 81
, 56
, 169
, 70
, 155
, 93
, 132
, 59
, 166
, 127
, 98
, 194
, 31
, 209
, 16
, 203
, 22
, 105
, 120
, 30
, 195
, 191
, 34
, 125
, 100
, 210
, 15
, 122
, 103
, 214
, 11
, 206
, 19
, 44
, 181
, 136
, 89
, 145
, 80
, 111
, 114
, 153
, 72
, 218
, 7
, 137
, 88
, 165
, 60
, 145
, 80
, 2
, 223
, 121
, 104
, 204
, 21
, 56
, 169
, 221
, 4
, 129
, 96
, 37
, 188
, 20
, 205
, 190
, 35
, 115
, 110
, 74
, 151
, 166
, 59
, 44
, 181
, 190
, 35
, 175
, 50
, 215
, 10
, 222
, 3
, 48
, 177
, 46
, 179
, 14
, 211
, 184
, 41
, 201
, 24
, 39
, 186
, 147
, 78
, 117
, 108
, 105
, 120
, 184
, 41
, 58
, 167
, 31
, 194
, 25
, 200
, 194
, 31
, 12
, 213
, 5
, 220
, 44
, 181
, 192
, 33
, 81
, 144
, 54
, 171
, 118
, 107
, 150
, 75
, 51
, 174
, 18
, 207
, 185
, 40
, 85
, 140
, 174
, 51
, 212
, 13
, 97
, 128
, 38
, 187
, 45
, 180
, 220
, 5
, 145
, 80
, 69
, 156
, 73
, 152
, 122
, 103
, 11
, 214
, 200
, 25
, 185
, 40
, 129
, 96
, 103
, 122
, 126
, 99
, 54
, 171
, 119
, 106
, 24
, 201
, 160
, 65
, 163
, 62
, 140
, 85
, 190
, 35
, 21
, 204
, 87
, 138
, 103
, 122
, 129
, 96
, 3
, 222
, 150
, 75
, 92
, 133
, 5
, 220
, 11
, 214
, 197
, 28
, 134
, 91
, 60
, 165
, 202
, 23
, 194
, 31
, 27
, 198
, 94
, 131
, 8
, 217
, 56
, 169
, 12
, 213
, 21
, 204
, 214
, 11
, 174
, 51
, 209
, 16
, 139
, 86
, 94
, 131
, 206
, 19
, 82
, 143
, 108
, 117
, 186
, 39
, 181
, 44
, 98
, 127
, 141
, 84
, 209
, 16
, 156
, 69
, 69
, 156
, 121
, 104
, 95
, 130
, 33
, 192
, 93
, 132
, 16
, 209
, 144
, 81
, 66
, 159
, 111
, 114
, 192
, 33
, 45
, 180
, 201
, 24
, 191
, 34
, 37
, 188
, 80
, 145
, 51
, 174
, 163
, 62
, 158
, 67
, 24
, 201
, 51
, 174
, 169
, 56
, 192
, 33
, 86
, 139
, 218
, 7
, 101
, 124
, 56
, 169
, 13
, 212
, 4
, 221
, 115
, 110
, 151
, 74
, 64
, 161
, 177
, 48
, 111
, 114
, 55
, 170
, 29
, 196
, 216
, 9
, 74
, 151
, 58
, 167
, 17
, 208
, 119
, 106
, 82
, 143
, 207
, 18
, 23
, 202
, 85
, 140
, 16
, 209
, 141
, 84
, 74
, 151
, 109
, 116
, 146
, 79
, 150
, 75
, 200
, 25
, 171
, 54
, 104
, 121
, 159
, 66
, 19
, 206
, 188
, 37
, 70
, 155
, 19
, 206
, 180
, 45
, 184
, 41
, 189
, 36
, 24
, 201
, 39
, 186
, 204
, 21
, 113
, 112
, 194
, 31
, 42
, 183
, 151
, 74
, 93
, 132
, 208
, 17
, 89
, 136
, 26
, 199
, 92
, 133
, 59
, 166
, 114
, 111
, 104
, 121
, 28
, 197
, 178
, 47
, 133
, 92
, 75
, 150
, 93
, 132
, 100
, 125
, 157
, 68
, 140
, 85
, 94
, 131
, 154
, 71
, 29
, 196
, 33
, 192
, 14
, 211
, 128
, 97
, 106
, 119
, 60
, 165
, 141
, 84
, 187
, 38
, 121
, 104
, 79
, 146
, 92
, 133
, 138
, 87
, 58
, 167
, 172
, 53
, 101
, 124
, 101
, 124
, 33
, 192
, 63
, 162
, 191
, 34
, 116
, 109
, 5
, 220
, 23
, 202
, 120
, 105
, 46
, 179
, 205
, 20
, 221
, 4
, 116
, 109
, 81
, 144
, 133
, 92
, 159
, 66
, 179
, 46
, 13
, 212
, 156
, 69
, 96
, 129
, 127
, 98
, 54
, 171
, 217
, 8
, 18
, 207
, 165
, 60
, 53
, 172
, 172
, 53
, 168
, 57
, 127
, 98
, 112
, 113
, 84
, 141
, 8
, 217
, 57
, 168
, 109
, 116
, 128
, 97
, 164
, 61
, 118
, 107
, 156
, 69
, 99
, 126
, 79
, 146
, 85
, 140
, 203
, 22
, 100
, 125
, 207
, 18
, 28
, 197
, 11
, 214
, 88
, 137
, 102
, 123
, 182
, 43
, 83
, 142
, 71
, 154
, 218
, 7
, 133
, 92
, 96
, 129
, 41
, 184
, 67
, 158
, 25
, 200
, 104
, 121
, 21
, 204
, 179
, 46
, 132
, 93
, 212
, 13
, 185
, 40
, 162
, 63
, 209
, 16
, 115
, 110
, 22
, 203
, 139
, 86
, 152
, 73
, 26
, 199
, 155
, 70
, 194
, 31
, 223
, 2
, 20
, 205
, 108
, 117
, 178
, 47
, 169
, 56
, 147
, 78
, 167
, 58
, 155
, 70
, 72
, 153
, 3
, 222
, 43
, 182
, 170
, 55
, 21
, 204
, 92
, 133
, 16
, 209
, 38
, 187
, 46
, 179
, 216
, 9
, 52
, 173
, 48
, 177
, 119
, 106
, 215
, 10
, 74
, 151
, 14
, 211
, 207
, 18
, 109
, 116
, 222
, 3
, 216
, 9
, 160
, 65
, 164
, 61
, 218
, 7
, 120
, 105
, 17
, 208
, 222
, 3
, 31
, 194
, 128
, 97
, 14
, 211
, 205
, 20
, 174
, 51
, 171
, 54
, 217
, 8
, 138
, 87
, 147
, 78
, 132
, 93
, 105
, 120
, 180
, 45
, 162
, 63
, 74
, 151
, 11
, 214
, 143
, 82
, 113
, 112
, 101
, 124
, 125
, 100
, 59
, 166
, 39
, 186
, 124
, 101
, 193
, 32
, 85
, 140
, 139
, 86
, 41
, 184
, 29
, 196
, 66
, 159
, 175
, 50
, 96
, 129
, 57
, 168
, 66
, 159
, 86
, 139
, 137
, 88
, 10
, 215
, 34
, 191
, 157
, 68
, 40
, 185
, 80
, 145
, 12
, 213
, 83
, 142
, 21
, 204
, 178
, 47
, 71
, 154
, 94
, 131
, 142
, 83
, 179
, 46
, 53
, 172
, 163
, 62
, 100
, 125
, 161
, 64
, 24
, 201
, 163
, 62
, 220
, 5
, 201
, 24
, 115
, 110
, 206
, 19
, 96
, 129
, 80
, 145
, 140
, 85
, 25
, 200
, 9
, 216
, 5
, 220
, 86
, 139
, 8
, 217
, 41
, 184
, 153
, 72
, 23
, 202
, 132
, 93
, 70
, 155
, 2
, 223
, 188
, 37
, 90
, 135
, 19
, 206
, 63
, 162
, 98
, 127
, 173
, 52
, 146
, 79
, 195
, 30
, 158
, 67
, 23
, 202
, 85
, 140
, 221
, 4
, 100
, 125
, 193
, 32
, 70
, 155
, 136
, 89
, 160
, 65
, 37
, 188
, 217
, 8
, 98
, 127
, 58
, 167
, 221
, 4
, 27
, 198
, 184
, 41
, 80
, 145
, 39
, 186
, 36
, 189
, 184
, 41
, 9
, 216
, 211
, 14
, 44
, 181
, 45
, 180
, 39
, 186
, 135
, 90
, 140
, 85
, 90
, 135
, 69
, 156
, 40
, 185
, 69
, 156
, 203
, 22
, 86
, 139
, 146
, 79
, 207
, 18
, 115
, 110
, 132
, 93
, 169
, 56
, 166
, 59
, 195
, 30
, 6
, 219
, 189
, 36
, 79
, 146
, 195
, 30
, 56
, 169
, 108
, 117
, 130
, 95
, 148
, 77
, 63
, 162
, 10
, 215
, 57
, 168
, 204
, 21
, 199
, 26
, 76
, 149
, 182
, 43
, 166
, 59
, 56
, 169
, 6
, 219
, 107
, 118
, 61
, 164
, 60
, 165
, 19
, 206
, 218
, 7
, 110
, 115
, 99
, 126
, 43
, 182
, 119
, 106
, 153
, 72
, 146
, 79
, 17
, 208
, 214
, 11
, 79
, 146
, 93
, 132
, 140
, 85
, 19
, 206
, 70
, 155
, 37
, 188
, 148
, 77
, 72
, 153
, 44
, 181
, 34
, 191
, 173
, 52
, 86
, 139
, 113
, 112
, 204
, 21
, 108
, 117
, 203
, 22
, 191
, 34
, 183
, 42
, 14
, 211
, 119
, 106
, 180
, 45
, 17
, 208
, 45
, 180
, 34
, 191
, 58
, 167
, 141
, 84
, 128
, 97
, 25
, 200
