
2500
176
176
783
571
255
594
819
153
849
622
590
149
860
812
678
184
767
171
452
111
723
459
302
713
926
549
213
759
721
413
963
234
446
693
519
770
506
457
326
691
502
641
112
428
775
989
442
792
231
644
942
562
935
800
917
370
761
464
642
663
658
229
832
684
657
565
144
487
357
806
966
226
116
215
611
396
162
169
273
635
252
237
569
232
551
941
688
649
349
784
249
423
618
396
794
410
737
153
460
766
180
794
469
771
462
785
269
439
231
163
257
395
659
795
179
290
275
840
153
955
799
302
616
410
522
146
932
888
535
352
157
274
475
678
585
947
947
220
188
865
333
412
142
945
831
587
833
560
674
708
884
556
546
348
395
437
619
922
750
449
427
145
368
426
463
589
770
224
775
585
493
712
808
385
781
667
139
937
998
384
240
955
359
605
694
129
751
237
473
196
266
729
135
670
958
619
171
669
438
841
342
652
114
711
705
184
421
842
368
861
239
441
120
440
580
375
161
378
940
767
571
693
934
778
697
104
492
293
218
197
101
706
907
163
209
605
989
566
679
735
455
502
544
873
179
559
582
931
644
212
595
528
551
646
771
476
427
576
960
757
221
725
528
566
288
799
145
307
948
870
492
738
144
316
864
969
832
378
341
751
310
968
622
697
959
549
640
630
436
367
218
787
557
673
498
853
517
431
375
607
375
269
454
222
856
261
591
282
495
768
403
139
825
185
588
702
863
324
223
100
986
176
893
320
692
191
131
210
655
716
536
745
794
538
297
305
221
388
548
885
754
627
963
883
235
893
274
414
495
190
685
273
196
439
568
207
636
205
702
584
712
202
534
755
214
763
525
917
274
218
246
910
595
775
279
584
579
240
183
236
295
219
315
632
154
358
728
664
423
846
384
793
415
610
969
319
735
388
271
385
656
118
539
301
995
988
616
501
721
854
743
166
614
241
644
994
593
210
198
524
967
547
545
100
855
751
773
693
758
223
771
772
428
829
882
950
938
675
380
896
712
947
563
107
117
583
276
711
170
595
701
131
217
851
259
792
464
828
542
885
171
718
672
318
615
542
579
413
766
826
588
785
437
105
248
602
106
750
363
196
743
533
937
718
186
480
212
966
907
729
451
250
557
892
971
884
764
983
636
375
725
509
537
555
928
833
368
454
435
806
959
804
376
997
698
356
347
550
252
508
187
909
554
340
745
633
821
792
159
751
589
723
363
642
470
889
673
613
920
196
234
692
344
314
175
274
946
874
917
108
370
820
105
406
304
235
911
727
810
767
154
684
498
531
537
652
962
768
529
170
836
436
386
703
257
683
158
284
279
557
981
385
178
439
730
480
575
667
711
460
394
587
737
659
827
875
570
606
738
203
918
469
158
221
310
865
284
716
667
156
600
319
159
294
303
978
243
139
890
193
279
310
939
949
870
425
698
712
556
484
678
842
835
502
233
520
515
119
135
453
757
509
480
707
161
611
357
260
801
587
963
332
806
648
830
202
646
810
607
329
779
956
827
152
955
923
898
163
540
175
960
585
337
648
592
949
588
404
947
661
477
700
372
554
986
984
410
163
351
249
823
808
879
819
568
895
406
864
419
811
635
688
952
512
416
466
583
154
399
374
957
118
494
698
505
679
287
718
716
809
634
534
832
190
415
805
800
537
792
908
729
742
852
839
407
421
854
387
326
397
776
799
846
546
120
939
160
250
609
331
624
490
773
264
974
485
720
974
248
576
130
300
223
867
935
804
727
980
512
921
813
269
332
704
537
295
847
329
271
949
930
323
398
884
378
235
680
678
984
438
623
373
440
750
195
900
831
139
208
691
225
899
828
595
999
843
847
205
722
794
268
737
157
150
210
231
146
242
750
583
745
783
731
156
902
140
551
802
962
481
590
507
168
147
603
836
577
553
139
471
725
171
753
483
155
455
653
148
453
774
265
240
835
208
781
329
685
618
740
852
982
258
291
199
353
979
399
120
137
594
859
606
917
522
475
325
907
501
221
724
386
478
775
362
351
362
483
141
384
428
139
304
502
292
324
734
802
422
577
611
851
486
279
978
349
645
936
223
351
448
675
940
878
689
567
931
115
645
300
788
939
936
289
647
382
643
781
845
757
910
416
163
206
250
309
422
571
514
710
693
649
703
987
816
209
172
515
393
834
706
532
652
762
464
854
108
387
165
286
196
165
515
446
920
629
210
835
237
516
851
233
712
177
215
475
788
933
382
456
643
446
104
610
570
657
463
843
841
938
123
912
489
307
613
605
107
897
660
699
459
458
298
912
582
850
696
878
916
722
446
367
768
370
519
917
349
910
838
815
274
654
800
853
993
574
740
433
690
183
242
406
144
920
739
238
811
512
283
287
417
521
867
925
990
561
398
541
267
685
262
430
148
455
726
751
163
597
393
768
678
262
980
396
409
612
347
497
994
856
990
737
961
368
108
499
900
714
249
933
306
559
518
156
801
808
279
595
655
605
626
249
356
216
481
441
640
852
653
140
150
644
379
450
612
552
291
305
905
623
583
922
209
193
598
706
736
393
251
602
145
863
546
682
236
130
682
650
554
249
602
637
448
190
691
880
376
469
257
287
887
991
557
485
936
765
381
183
739
679
936
646
324
977
879
372
951
256
594
369
699
431
624
591
300
258
301
661
406
389
647
153
776
349
307
960
648
921
739
315
999
518
111
456
377
427
344
667
230
549
898
476
487
218
830
116
256
837
329
147
217
541
670
806
342
321
745
139
960
806
411
796
740
197
410
813
917
339
757
532
983
437
406
705
163
630
756
305
168
703
920
881
537
646
664
809
957
490
939
733
994
810
123
730
800
473
314
777
465
190
343
693
812
388
115
384
316
450
755
981
209
550
591
843
841
880
299
254
759
488
589
264
636
773
933
485
274
897
340
458
970
787
431
225
598
331
998
810
819
806
658
625
772
667
285
937
779
479
577
594
278
206
996
341
759
841
200
727
110
809
445
738
484
296
870
376
324
348
815
433
453
664
821
339
246
638
177
598
142
439
943
536
533
854
981
478
908
453
924
647
323
124
693
734
301
608
515
818
499
953
906
905
766
477
296
474
155
423
439
817
782
154
970
567
840
819
176
575
113
793
764
966
975
950
839
946
802
606
121
739
878
692
409
780
666
184
357
498
846
904
317
571
896
366
183
126
522
892
215
129
520
558
681
216
212
359
739
699
625
789
215
192
364
939
709
153
919
785
943
353
102
377
280
665
509
258
177
306
673
916
639
226
749
731
502
370
818
753
378
311
418
761
688
339
324
767
614
658
947
780
837
768
912
986
200
504
116
232
640
224
119
403
625
127
146
264
272
434
358
701
268
230
913
570
457
586
940
440
653
429
539
370
697
685
932
202
806
227
114
316
724
305
212
641
731
243
680
327
913
925
766
808
404
974
540
439
152
192
515
637
345
819
995
438
615
803
276
426
539
657
750
950
757
618
753
109
624
134
202
488
553
341
939
547
114
914
879
746
528
404
667
154
708
806
896
719
313
533
667
105
995
140
732
673
744
810
763
772
753
369
323
843
172
454
182
202
984
943
439
231
204
462
469
382
447
350
855
417
564
320
949
394
915
756
105
538
999
234
479
142
541
604
760
271
715
230
863
388
792
717
745
240
554
492
418
283
237
825
693
479
601
329
640
413
444
406
940
696
288
852
791
592
149
471
249
609
159
189
372
158
727
564
421
973
363
733
697
937
521
120
134
243
364
982
875
272
633
598
590
252
784
406
342
456
442
642
845
584
693
615
225
273
816
535
406
387
426
669
585
962
632
416
407
416
513
315
441
555
560
625
934
124
371
150
495
799
441
373
570
476
273
977
236
883
195
319
921
813
733
441
354
944
112
870
808
843
667
453
900
283
585
845
699
853
663
144
150
361
995
492
573
179
992
877
125
550
813
902
734
495
771
427
554
230
998
279
973
226
951
779
213
300
549
948
340
316
906
751
667
535
113
306
951
656
837
437
567
750
878
112
524
703
200
262
734
109
326
542
625
988
138
116
939
386
411
868
182
538
671
875
256
180
237
691
946
808
880
701
198
994
167
572
581
867
232
265
493
787
496
417
125
783
821
517
333
411
878
769
157
617
673
104
725
396
151
414
224
994
316
904
471
761
656
145
321
589
172
992
779
248
822
278
876
493
125
186
270
564
887
742
407
703
551
893
216
807
395
577
551
885
999
467
286
260
328
378
919
521
439
898
231
393
765
918
791
801
424
256
846
423
648
356
739
782
235
488
266
573
621
875
329
428
795
402
623
853
760
445
969
841
671
610
281
594
655
275
427
900
117
319
944
234
326
553
590
362
151
342
900
142
747
895
662
725
442
439
696
702
303
522
277
165
407
579
372
245
839
210
160
796
895
833
255
921
612
730
189
543
982
468
338
679
437
167
691
126
778
640
237
982
338
451
270
389
781
686
312
205
694
186
400
442
472
158
612
501
251
547
508
279
643
700
552
151
237
247
279
180
673
513
309
694
896
929
167
805
698
377
839
388
885
173
555
226
134
479
676
637
163
140
745
984
394
968
569
766
379
142
139
212
573
564
159
280
116
675
385
580
381
986
194
261
222
587
797
205
449
615
465
115
878
626
365
144
110
578
646
259
109
132
323
356
947
785
865
714
587
727
424
716
108
325
791
290
432
829
371
734
240
268
981
871
540
277
392
889
247
131
245
522
590
281
616
591
313
118
559
493
595
222
530
859
712
679
905
232
570
146
690
428
602
308
534
104
144
204
678
415
714
870
848
951
316
368
873
708
741
443
573
736
805
622
149
234
995
153
757
747
247
859
655
945
489
130
758
175
729
331
232
121
565
345
405
907
734
911
178
480
671
370
810
223
432
784
120
893
624
621
354
499
374
920
813
979
756
130
677
577
445
345
112
885
159
912
517
330
416
683
180
504
876
637
320
915
251
734
998
736
332
334
993
512
866
523
373
416
859
790
686
156
491
133
282
773
498
356
963
101
302
193
888
259
982
716
418
189
835
665
867
992
898
679
753
258
822
990
329
847
791
531
191
834
283
109
611
851
330
430
720
666
791
924
233
277
416
287
995
850
673
446
310
281
588
751
351
861
321
861
768
268
920
249
180
124
298
513
830
240
261
852
846
393
183
808
891
568
337
143
896
786
480
994
955
984
968
291
513
537
817
452
497
991
643
469
353
754
987
697
256
598
829
284
716
773
142
573
229
815
892
659
758
566
401
817
112
571
410
240
590
236
775
800
761
137
485
383
351
174
741
761
514
991
616
427
844
446
391
538
340
426
580
791
831
197
125
504
546
721
451
130
575
755
404
240
748
597
463
911
287
619
173
200
696
816
370
884
789
121
903
652
895
487
839
838
357
652
334
861
683
216
613
366
748
967
294
164
505
807
801
377
889
732
803
145
720
475
771
122
646
502
872
573
886
614
768
150
255
333
805
278
803
876
785
762
670
259
400
514
240
955
942
422
340
956
831
890
453
373
904
342
710
913
100
812
445
954
261
827
710
156
793
946
782
691
690
651
644
194
952
865
936
594
249
309
313
372
885
919
782
938
176
733
985
410
855
581
143
588
310
252
170
217
285
253
838
841
598
337
175
390
935
537
269
365
396
119
577
879
637
715
360
156
905
717
816
599
649
867
634
301
854
113
495
602
396
253
336
754
843
586
540
50
50
51
51
51
51
52
52
53
54
54
54
55
56
56
58
59
60
60
60
62
64
65
65
66
66
67
69
69
69
70
70
71
71
71
72
72
74
77
79
80
82
83
83
87
87
87
87
88
88
88
89
91
91
92
93
94
95
96
97
97
98
98
100
101
103
105
106
107
108
109
110
112
112
113
117
118
119
120
122
122
123
124
126
127
127
127
127
127
128
128
129
130
130
131
131
134
134
134
134
134
135
135
137
138
138
139
139
140
142
142
143
143
144
145
146
148
148
150
150
151
151
151
151
151
152
152
153
153
154
156
156
158
158
158
159
159
160
162
163
163
163
164
164
164
166
167
168
168
170
170
170
172
173
174
176
176
176
178
179
179
181
181
183
183
183
184
184
184
186
186
186
186
188
188
188
189
193
194
195
195
196
197
197
198
198
198
199
200
200
203
204
204
204
204
205
205
205
205
206
208
209
210
210
211
211
211
211
212
212
213
216
216
216
218
218
218
218
219
219
220
221
222
222
223
224
224
225
226
229
230
231
231
231
231
232
233
233
234
234
235
236
237
239
239
240
241
243
243
246
246
246
246
247
248
249
250
252
254
254
254
256
256
259
259
260
261
262
262
263
265
267
267
268
268
269
270
272
272
273
273
273
276
276
276
277
278
278
278
279
280
281
282
282
283
284
287
288
290
292
294
294
296
296
296
297
297
297
298
298
301
301
301
303
303
305
307
307
308
308
309
309
310
310
312
313
314
314
314
315
316
316
316
316
317
317
319
319
320
320
321
322
323
325
326
326
326
327
329
331
331
332
332
334
337
337
339
339
339
340
341
341
342
346
347
348
348
348
348
349
349
349
349
350
350
351
351
353
354
356
356
357
359
360
360
361
362
362
363
363
364
364
364
364
365
365
365
366
366
366
367
369
372
374
375
375
376
377
377
378
378
380
380
380
382
382
383
384
385
385
385
386
389
389
390
390
391
391
392
393
393
393
393
394
394
394
395
395
395
396
397
397
398
398
398
399
399
399
401
401
402
402
403
404
404
405
405
405
405
406
407
407
407
408
408
408
409
410
410
411
412
412
413
413
414
415
416
417
417
417
418
420
420
421
422
422
422
423
425
426
427
427
429
429
429
429
432
432
432
433
433
434
434
439
440
441
441
444
444
445
445
447
448
449
450
450
451
451
453
454
457
457
458
458
459
460
460
462
463
463
464
466
467
467
469
469
469
470
470
470
471
472
472
473
475
475
475
476
478
479
480
481
481
481
482
482
482
483
483
483
487
489
489
489
492
493
494
495
495
495
495
495
497
497
497
497
500
500
500
501
502
503
503
503
503
504
505
505
505
505
506
507
507
507
507
508
509
511
511
512
513
514
515
516
517
518
518
518
518
518
519
519
520
520
520
522
523
523
523
525
526
526
530
531
532
533
533
533
534
538
538
539
540
540
540
541
542
542
544
544
546
546
546
547
548
549
550
551
551
551
551
552
552
553
554
554
555
555
556
557
559
563
564
565
565
566
566
567
568
569
569
570
570
570
571
572
573
575
575
576
576
576
576
577
577
578
580
580
581
583
585
586
586
591
591
591
593
594
598
599
600
600
600
601
602
602
603
604
606
606
607
608
609
610
610
611
611
613
615
615
616
617
618
622
623
624
624
624
624
625
626
627
628
630
632
632
632
632
633
634
634
636
636
637
637
637
638
639
640
640
640
640
641
641
641
642
642
644
644
644
645
646
647
647
648
649
651
651
654
654
654
654
655
655
657
657
658
659
660
660
660
661
662
664
664
664
666
667
668
671
672
672
673
674
679
679
679
680
681
681
683
686
687
689
690
691
693
694
694
694
695
696
696
697
697
698
698
698
698
700
700
701
701
702
703
703
706
706
707
709
709
709
709
709
710
710
711
711
712
714
714
715
716
717
719
720
721
722
724
724
724
725
727
727
728
728
729
729
730
730
731
732
732
733
734
735
738
740
740
742
742
745
745
746
746
746
746
746
746
747
747
747
747
747
751
753
753
754
754
755
755
758
760
761
761
761
762
763
764
764
764
765
766
768
768
769
770
770
771
771
772
772
773
773
774
775
776
776
779
779
779
779
779
780
780
781
781
781
783
784
784
785
785
786
787
787
787
788
788
789
789
789
790
791
791
792
793
794
794
795
797
798
799
801
801
801
801
802
802
805
806
806
807
808
809
809
809
809
809
812
812
812
813
813
814
816
816
817
817
817
817
817
818
819
820
821
823
824
825
825
825
826
827
828
828
828
830
831
831
832
833
833
833
834
834
835
836
836
836
836
837
838
839
839
839
840
840
840
841
843
844
844
845
845
847
847
847
848
848
848
848
849
849
850
851
851
851
853
856
857
858
859
859
859
859
861
861
861
861
863
864
865
866
867
868
868
868
869
869
869
870
870
871
872
873
874
874
874
875
877
878
879
880
881
882
882
882
883
883
884
884
885
886
886
886
889
892
893
894
894
894
894
894
895
895
896
896
896
897
899
899
900
900
900
901
902
902
903
903
903
903
903
906
908
910
910
911
912
912
912
914
916
918
918
918
919
919
920
920
920
920
922
922
922
922
923
923
923
923
924
924
925
928
929
929
930
932
932
933
935
935
936
937
937
937
939
939
940
940
941
943
943
943
943
944
945
946
947
948
948
949
949
949
949
951
952
953
953
953
953
954
954
955
955
955
955
956
957
959
959
960
963
963
966
966
969
969
969
969
970
970
970
970
971
971
971
972
973
974
974
976
976
976
976
976
977
978
980
981
981
981
982
982
984
985
985
985
986
986
989
992
992
995
996
996
996
997
998
998
999
1001
1002
1002
1003
1003
1004
1005
1005
1007
1007
1009
1009
1010
1011
1012
1012
1013
1014
1014
1015
1015
1017
1019
1019
1019
1020
1021
1023
1023
1023
1024
1025
1025
1029
1030
1031
1032
1036
1036
1037
1037
1038
1039
1039
1041
1042
1043
1044
1045
1045
1045
1046
1047
1049
1050
1053
1055
1057
1058
1059
1059
1061
1061
1062
1062
1063
1063
1063
1064
1064
1064
1064
1070
1070
1070
1070
1072
1072
1073
1076
1076
1076
1077
1078
1078
1079
1080
1081
1081
1081
1082
1083
1083
1083
1084
1084
1085
1087
1087
1088
1088
1088
1089
1090
1090
1090
1091
1091
1091
1095
1095
1096
1097
1098
1100
1100
1101
1101
1101
1101
1102
1102
1102
1103
1104
1104
1104
1104
1105
1107
1108
1108
1111
1111
1112
1112
1113
1113
1114
1115
1116
1116
1116
1117
1117
1117
1118
1119
1120
1120
1120
1120
1121
1121
1121
1122
1124
1124
1125
1126
1126
1128
1129
1131
1134
1134
1134
1134
1134
1135
1135
1135
1136
1137
1138
1138
1138
1139
1139
1142
1145
1146
1146
1148
1148
1148
1149
1150
1151
1151
1152
1153
1153
1153
1153
1154
1154
1157
1157
1160
1161
1162
1162
1162
1163
1164
1166
1169
1170
1171
1172
1175
1176
1176
1176
1178
1179
1179
1180
1184
1185
1185
1186
1189
1190
1190
1191
1191
1192
1193
1194
1194
1195
1195
1195
1195
1196
1197
1197
1198
1198
1200
1203
1204
1205
1206
1207
1207
1208
1211
1212
1212
1213
1213
1214
1214
1214
1216
1216
1217
1217
1218
1219
1219
1220
1222
1223
1223
1223
1223
1224
1224
1225
1226
1226
1226
1227
1228
1231
1232
1232
1233
1233
1233
1234
1234
1236
1239
1239
1241
1242
1242
1243
1244
1245
1245
1246
1247
1247
1250
1250
1251
1251
1251
1252
1252
1252
1253
1254
1254
1254
1254
1254
1254
1254
1255
1255
1258
1259
1261
1262
1263
1264
1264
1265
1265
1266
1267
1267
1268
1269
1273
1273
1274
1274
1275
1275
1276
1276
1276
1276
1277
1277
1278
1278
1278
1278
1278
1278
1279
1279
1280
1282
1285
1288
1288
1288
1289
1290
1291
1291
1292
1295
1295
1295
1296
1297
1300
1303
1303
1303
1305
1305
1307
1308
1308
1308
1309
1310
1312
1312
1313
1313
1313
1314
1315
1315
1320
1321
1322
1324
1324
1325
1327
1327
1333
1333
1333
1334
1336
1337
1337
1337
1338
1339
1341
1341
1341
1344
1345
1345
1345
1345
1346
1347
1349
1349
1350
1352
1352
1352
1353
1353
1354
1355
1356
1357
1357
1360
1361
1362
1362
1362
1362
1363
1364
1364
1364
1364
1366
1368
1368
1368
1369
1371
1372
1373
1373
1373
1375
1375
1377
1379
1381
1381
1381
1381
1382
1383
1384
1384
1384
1385
1386
1386
1387
1388
1388
1389
1389
1390
1390
1392
1393
1396
1396
1398
1399
1399
1400
1401
1401
1402
1402
1403
1403
1405
1408
1408
1409
1410
1410
1413
1413
1413
1414
1414
1414
1416
1416
1416
1417
1418
1418
1419
1420
1420
1420
1421
1421
1421
1422
1422
1423
1424
1424
1425
1425
1426
1427
1427
1427
1427
1429
1429
1430
1431
1431
1432
1432
1433
1434
1434
1434
1436
1436
1436
1436
1438
1438
1438
1439
1439
1439
1440
1440
1440
1441
1441
1441
1443
1443
1445
1445
1446
1446
1446
1449
1449
1450
1450
1450
1450
1452
1452
1453
1453
1453
1454
1456
1456
1457
1457
1457
1458
1458
1458
1459
1459
1459
1459
1459
1462
1463
1463
1464
1464
1465
1465
1465
1466
1467
1467
1467
1467
1467
1469
1469
1471
1473
1476
1478
1480
1480
1482
1483
1483
1484
1484
1485
1485
1485
1487
1488
1489
1492
1494
1494
1495
1496
1497
1499
1500
1501
1502
1503
1504
1505
1505
1505
1506
1507
1507
1508
1509
1509
1509
1510
1510
1510
1512
1512
1515
1516
1516
1517
1519
1520
1521
1521
1522
1522
1523
1524
1526
1527
1527
1527
1527
1529
1532
1533
1533
1533
1533
1533
1534
1535
1536
1536
1536
1537
1537
1538
1538
1539
1540
1541
1542
1542
1542
1545
1546
1547
1547
1547
1548
1548
1550
1550
1550
1551
1552
1553
1553
1554
1554
1555
1555
1558
1559
1560
1561
1563
1563
1564
1564
1566
1566
1567
1568
1568
1570
1570
1570
1570
1571
1572
1573
1574
1576
1576
1576
1577
1580
1580
1581
1581
1582
1584
1587
1588
1588
1588
1589
1589
1589
1590
1591
1592
1592
1593
1593
1594
1600
1602
1603
1604
1604
1605
1605
1606
1607
1607
1608
1609
1610
1611
1611
1613
1614
1615
1615
1616
1616
1616
1618
1619
1620
1620
1621
1621
1622
1622
1622
1622
1626
1626
1629
1630
1630
1631
1633
1633
1637
1638
1639
1642
1643
1643
1644
1646
1647
1648
1651
1651
1652
1652
1653
1653
1654
1655
1655
1656
1656
1656
1656
1657
1657
1659
1659
1659
1660
1660
1661
1661
1661
1662
1664
1664
1667
1667
1668
1670
1670
1672
1673
1673
1673
1675
1675
1677
1680
1682
1684
1684
1686
1689
1691
1691
1692
1692
1692
1692
1693
1693
1697
1699
1700
1702
1702
1703
1704
1704
1704
1705
1705
1707
1708
1709
1709
1710
1713
1713
1713
1714
1714
1715
1716
1716
1717
1718
1719
1719
1720
1720
1720
1721
1722
1723
1724
1725
1726
1727
1728
1729
1729
1732
1734
1734
1735
1735
1736
1736
1737
1738
1738
1740
1742
1745
1745
1745
1746
1748
1748
1748
1748
1749
1749
1750
1751
1753
1753
1754
1754
1755
1757
1757
1758
1758
1758
1759
1759
1759
1759
1760
1762
1764
1764
1764
1765
1765
1766
1766
1768
1768
1768
1769
1770
1770
1772
1773
1773
1774
1774
1774
1775
1775
1776
1776
1776
1776
1777
1778
1779
1779
1780
1780
1782
1782
1783
1784
1785
1785
1785
1786
1788
1789
1790
1794
1794
1794
1795
1796
1797
1797
1798
1798
1798
1799
1800
1801
1803
1804
1804
1804
1805
1806
1807
1807
1808
1808
1808
1809
1810
1810
1811
1811
1811
1811
1812
1813
1813
1815
1816
1819
1819
1821
1821
1821
1821
1822
1823
1823
1823
1824
1824
1825
1825
1825
1826
1827
1827
1828
1829
1830
1831
1832
1832
1833
1833
1834
1834
1834
1835
1835
1838
1838
1838
1839
1840
1840
1841
1842
1842
1843
1843
1843
1845
1845
1846
1846
1846
1848
1848
1848
1848
1848
1851
1851
1852
1852
1853
1853
1853
1853
1856
1858
1858
1858
1859
1860
1860
1862
1863
1864
1865
1865
1865
1866
1868
1869
1870
1870
1871
1872
1872
1874
1875
1876
1877
1877
1878
1879
1879
1879
1880
1880
1880
1882
1885
1885
1887
1888
1889
1892
1892
1895
1895
1895
1897
1897
1898
1899
1900
1901
1901
1902
1902
1905
1905
1905
1906
1906
1906
1907
1907
1907
1908
1908
1908
1909
1910
1911
1911
1913
1913
1913
1915
1915
1915
1916
1916
1917
1918
1918
1918
1919
1919
1919
1919
1920
1922
1922
1922
1922
1926
1926
1926
1927
1930
1932
1933
1934
1934
1935
1935
1936
1936
1939
1939
1940
1940
1940
1941
1943
1943
1944
1945
1946
1948
1948
1948
1949
1949
1949
1950
1950
1950
1951
1953
1954
1956
1956
1957
1959
1959
1959
1960
1961
1961
1962
1963
1963
1966
1967
1967
1967
1967
1968
1969
1969
1971
1972
1972
1972
1973
1974
1974
1975
1976
1976
1977
1977
1978
1979
1980
1981
1981
1981
1982
1983
1984
1985
1985
1985
1985
1986
1986
1988
1988
1988
1990
1990
1990
1991
1991
1992
1992
1993
1993
1995
1995
1997
1997
1997
1998
1998
2000
2000
