
1250
, 188
, 86
, 142
, 132
, 18
, 256
, 52
, 222
, 188
, 86
, 272
, 2
, 24
, 250
, 19
, 255
, 212
, 62
, 90
, 184
, 249
, 25
, 75
, 199
, 59
, 215
, 170
, 104
, 199
, 75
, 121
, 153
, 233
, 41
, 79
, 195
, 270
, 4
, 155
, 119
, 31
, 243
, 39
, 235
, 221
, 53
, 122
, 152
, 72
, 202
, 159
, 115
, 38
, 236
, 69
, 205
, 46
, 228
, 259
, 15
, 143
, 131
, 140
, 134
, 141
, 133
, 238
, 36
, 108
, 166
, 165
, 109
, 224
, 50
, 234
, 40
, 121
, 153
, 75
, 199
, 119
, 155
, 179
, 95
, 135
, 139
, 240
, 34
, 58
, 216
, 4
, 270
, 165
, 109
, 145
, 129
, 207
, 67
, 249
, 25
, 235
, 39
, 25
, 249
, 175
, 99
, 99
, 175
, 33
, 241
, 185
, 89
, 28
, 246
, 9
, 265
, 264
, 10
, 258
, 16
, 107
, 167
, 124
, 150
, 77
, 197
, 146
, 128
, 154
, 120
, 199
, 75
, 169
, 105
, 75
, 199
, 264
, 10
, 38
, 236
, 111
, 163
, 63
, 211
, 133
, 141
, 204
, 70
, 217
, 57
, 4
, 270
, 90
, 184
, 153
, 121
, 262
, 12
, 138
, 136
, 226
, 48
, 179
, 95
, 50
, 224
, 33
, 241
, 181
, 93
, 59
, 215
, 81
, 193
, 220
, 54
, 205
, 69
, 170
, 104
, 142
, 132
, 89
, 185
, 67
, 207
, 216
, 58
, 261
, 13
, 263
, 11
, 111
, 163
, 35
, 239
, 127
, 147
, 268
, 6
, 237
, 37
, 138
, 136
, 6
, 268
, 119
, 155
, 104
, 170
, 216
, 58
, 208
, 66
, 16
, 258
, 220
, 54
, 169
, 105
, 266
, 8
, 16
, 258
, 34
, 240
, 130
, 144
, 247
, 27
, 228
, 46
, 48
, 226
, 105
, 169
, 68
, 206
, 191
, 83
, 141
, 133
, 225
, 49
, 211
, 63
, 144
, 130
, 171
, 103
, 26
, 248
, 78
, 196
, 215
, 59
, 112
, 162
, 10
, 264
, 211
, 63
, 223
, 51
, 108
, 166
, 107
, 167
, 33
, 241
, 247
, 27
, 185
, 89
, 243
, 31
, 214
, 60
, 46
, 228
, 246
, 28
, 124
, 150
, 178
, 96
, 94
, 180
, 130
, 144
, 159
, 115
, 64
, 210
, 111
, 163
, 84
, 190
, 260
, 14
, 199
, 75
, 4
, 270
, 39
, 235
, 125
, 149
, 132
, 142
, 145
, 129
, 30
, 244
, 157
, 117
, 42
, 232
, 241
, 33
, 194
, 80
, 197
, 77
, 272
, 2
, 130
, 144
, 183
, 91
, 129
, 145
, 100
, 174
, 122
, 152
, 244
, 30
, 229
, 45
, 176
, 98
, 11
, 263
, 66
, 208
, 265
, 9
, 180
, 94
, 254
, 20
, 258
, 16
, 208
, 66
, 204
, 70
, 99
, 175
, 236
, 38
, 244
, 30
, 164
, 110
, 150
, 124
, 249
, 25
, 30
, 244
, 170
, 104
, 260
, 14
, 243
, 31
, 240
, 34
, 227
, 47
, 246
, 28
, 220
, 54
, 97
, 177
, 236
, 38
, 64
, 210
, 181
, 93
, 88
, 186
, 9
, 265
, 212
, 62
, 186
, 88
, 165
, 109
, 117
, 157
, 20
, 254
, 116
, 158
, 180
, 94
, 144
, 130
, 56
, 218
, 84
, 190
, 233
, 41
, 246
, 28
, 250
, 24
, 203
, 71
, 85
, 189
, 127
, 147
, 3
, 271
, 162
, 112
, 140
, 134
, 157
, 117
, 224
, 50
, 231
, 43
, 156
, 118
, 149
, 125
, 132
, 142
, 122
, 152
, 56
, 218
, 228
, 46
, 161
, 113
, 233
, 41
, 189
, 85
, 61
, 213
, 17
, 257
, 209
, 65
, 267
, 7
, 145
, 129
, 219
, 55
, 153
, 121
, 208
, 66
, 253
, 21
, 136
, 138
, 127
, 147
, 143
, 131
, 141
, 133
, 213
, 61
, 114
, 160
, 12
, 262
, 207
, 67
, 148
, 126
, 39
, 235
, 209
, 65
, 272
, 2
, 64
, 210
, 25
, 249
, 109
, 165
, 31
, 243
, 254
, 20
, 55
, 219
, 56
, 218
, 148
, 126
, 40
, 234
, 4
, 270
, 210
, 64
, 163
, 111
, 210
, 64
, 211
, 63
, 43
, 231
, 22
, 252
, 244
, 30
, 111
, 163
, 30
, 244
, 187
, 87
, 225
, 49
, 53
, 221
, 138
, 136
, 81
, 193
, 268
, 6
, 107
, 167
, 62
, 212
, 44
, 230
, 149
, 125
, 127
, 147
, 52
, 222
, 160
, 114
, 204
, 70
, 114
, 160
, 232
, 42
, 105
, 169
, 106
, 168
, 115
, 159
, 49
, 225
, 147
, 127
, 205
, 69
, 159
, 115
, 54
, 220
, 158
, 116
, 193
, 81
, 170
, 104
, 141
, 133
, 20
, 254
, 86
, 188
, 120
, 154
, 110
, 164
, 70
, 204
, 246
, 28
, 109
, 165
, 174
, 100
, 227
, 47
, 49
, 225
, 52
, 222
, 190
, 84
, 117
, 157
, 16
, 258
, 253
, 21
, 175
, 99
, 266
, 8
, 30
, 244
, 35
, 239
, 191
, 83
, 222
, 52
, 190
, 84
, 41
, 233
, 114
, 160
, 229
, 45
, 175
, 99
, 85
, 189
, 1
, 273
, 81
, 193
, 37
, 237
, 26
, 248
, 176
, 98
, 150
, 124
, 87
, 187
, 182
, 92
, 39
, 235
, 58
, 216
, 92
, 182
, 177
, 97
, 219
, 55
, 99
, 175
, 80
, 194
, 157
, 117
, 197
, 77
, 80
, 194
, 125
, 149
, 112
, 162
, 22
, 252
, 42
, 232
, 107
, 167
, 12
, 262
, 201
, 73
, 264
, 10
, 255
, 19
, 193
, 81
, 23
, 251
, 28
, 246
, 42
, 232
, 159
, 115
, 175
, 99
, 267
, 7
, 167
, 107
, 25
, 249
, 34
, 240
, 96
, 178
, 61
, 213
, 54
, 220
, 239
, 35
, 242
, 32
, 265
, 9
, 88
, 186
, 117
, 157
, 244
, 30
, 78
, 196
, 271
, 3
, 58
, 216
, 3
, 271
, 235
, 39
, 245
, 29
, 62
, 212
, 15
, 259
, 160
, 114
, 237
, 37
, 30
, 244
, 77
, 197
, 110
, 164
, 93
, 181
, 31
, 243
, 125
, 149
, 87
, 187
, 60
, 214
, 164
, 110
, 223
, 51
, 141
, 133
, 80
, 194
, 257
, 17
, 212
, 62
, 132
, 142
, 73
, 201
, 16
, 258
, 114
, 160
, 59
, 215
, 63
, 211
, 207
, 67
, 153
, 121
, 260
, 14
, 32
, 242
, 60
, 214
, 228
, 46
, 21
, 253
, 84
, 190
, 115
, 159
, 166
, 108
, 262
, 12
, 13
, 261
, 129
, 145
, 33
, 241
, 148
, 126
, 184
, 90
, 271
, 3
, 69
, 205
, 235
, 39
, 250
, 24
, 263
, 11
, 198
, 76
, 72
, 202
, 144
, 130
, 242
, 32
, 195
, 79
, 212
, 62
, 270
, 4
, 150
, 124
, 58
, 216
, 14
, 260
, 100
, 174
, 246
, 28
, 240
, 34
, 264
, 10
, 34
, 240
, 104
, 170
, 4
, 270
, 165
, 109
, 226
, 48
, 2
, 272
, 169
, 105
, 31
, 243
, 200
, 74
, 24
, 250
, 35
, 239
, 210
, 64
, 84
, 190
, 142
, 132
, 74
, 200
, 60
, 214
, 80
, 194
, 237
, 37
, 123
, 151
, 199
, 75
, 254
, 20
, 53
, 221
, 91
, 183
, 64
, 210
, 265
, 9
, 140
, 134
, 66
, 208
, 53
, 221
, 237
, 37
, 82
, 192
, 239
, 35
, 54
, 220
, 39
, 235
, 200
, 74
, 263
, 11
, 92
, 182
, 183
, 91
, 58
, 216
, 112
, 162
, 173
, 101
, 8
, 266
, 60
, 214
, 193
, 81
, 187
, 87
, 175
, 99
, 132
, 142
, 68
, 206
, 138
, 136
, 247
, 27
, 79
, 195
, 201
, 73
, 199
, 75
, 62
, 212
, 271
, 3
, 96
, 178
, 250
, 24
, 174
, 100
, 229
, 45
, 135
, 139
, 39
, 235
, 78
, 196
, 47
, 227
, 145
, 129
, 71
, 203
, 16
, 258
, 235
, 39
, 140
, 134
, 197
, 77
, 3
, 271
, 205
, 69
, 138
, 136
, 247
, 27
, 129
, 145
, 71
, 203
, 97
, 177
, 182
, 92
, 246
, 28
, 91
, 183
, 152
, 122
, 258
, 16
, 268
, 6
, 172
, 102
, 217
, 57
, 241
, 33
, 217
, 57
, 209
, 65
, 186
, 88
, 249
, 25
, 182
, 92
, 76
, 198
, 236
, 38
, 228
, 46
, 189
, 85
, 56
, 218
, 172
, 102
, 249
, 25
, 115
, 159
, 195
, 79
, 153
, 121
, 17
, 257
, 21
, 253
, 56
, 218
, 240
, 34
, 187
, 87
, 235
, 39
, 177
, 97
, 182
, 92
, 16
, 258
, 40
, 234
, 102
, 172
, 53
, 221
, 131
, 143
, 175
, 99
, 208
, 66
, 165
, 109
, 233
, 41
, 217
, 57
, 164
, 110
, 222
, 52
, 257
, 17
, 262
, 12
, 180
, 94
, 190
, 84
, 190
, 84
, 264
, 10
, 69
, 205
, 156
, 118
, 135
, 139
, 17
, 257
, 87
, 187
, 111
, 163
, 120
, 154
, 84
, 190
, 160
, 114
, 97
, 177
, 252
, 22
, 185
, 89
, 33
, 241
, 189
, 85
, 61
, 213
, 99
, 175
, 49
, 225
, 24
, 250
, 173
, 101
, 29
, 245
, 227
, 47
, 148
, 126
, 223
, 51
, 207
, 67
, 41
, 233
, 201
, 73
, 137
, 137
, 213
, 61
, 137
, 137
, 73
, 201
, 108
, 166
, 197
, 77
, 165
, 109
, 109
, 165
, 176
, 98
, 99
, 175
, 255
, 19
, 86
, 188
, 195
, 79
, 235
, 39
, 199
, 75
, 162
, 112
, 60
, 214
, 9
, 265
, 1
, 273
, 180
, 94
, 203
, 71
, 60
, 214
, 244
, 30
, 140
, 134
, 260
, 14
, 5
, 269
, 20
, 254
, 166
, 108
, 172
, 102
, 105
, 169
, 65
, 209
, 131
, 143
, 248
, 26
, 29
, 245
, 169
, 105
, 34
, 240
, 266
, 8
, 137
, 137
, 263
, 11
, 217
, 57
, 133
, 141
, 78
, 196
, 235
, 39
, 25
, 249
, 10
, 264
, 125
, 149
, 85
, 189
, 178
, 96
, 74
, 200
, 205
, 69
, 71
, 203
, 250
, 24
, 184
, 90
, 265
, 9
, 30
, 244
, 55
, 219
, 64
, 210
, 170
, 104
, 42
, 232
, 186
, 88
, 49
, 225
, 13
, 261
, 103
, 171
, 13
, 261
, 216
, 58
, 208
, 66
, 143
, 131
, 218
, 56
, 186
, 88
, 88
, 186
, 12
, 262
, 151
, 123
, 14
, 260
, 217
, 57
, 59
, 215
, 48
, 226
, 94
, 180
, 102
, 172
, 187
, 87
, 199
, 75
, 142
, 132
, 144
, 130
, 158
, 116
, 155
, 119
, 229
, 45
, 247
, 27
, 246
, 28
, 101
, 173
, 28
, 246
, 71
, 203
, 75
, 199
, 31
, 243
, 257
, 17
, 28
, 246
, 134
, 140
, 165
, 109
, 257
, 17
, 68
, 206
, 266
, 8
, 219
, 55
, 189
, 85
, 154
, 120
, 219
, 55
, 84
, 190
, 139
, 135
, 264
, 10
, 214
, 60
, 95
, 179
, 238
, 36
, 198
, 76
, 130
, 144
, 122
, 152
, 123
, 151
, 65
, 209
, 115
, 159
, 272
, 2
, 248
, 26
, 173
, 101
, 198
, 76
, 67
, 207
, 262
, 12
, 17
, 257
, 266
, 8
, 108
, 166
, 203
, 71
, 176
, 98
, 209
, 65
, 175
, 99
, 255
, 19
, 79
, 195
, 128
, 146
, 47
, 227
, 225
, 49
, 163
, 111
, 164
, 110
, 129
, 145
, 186
, 88
, 6
, 268
, 217
, 57
, 247
, 27
, 254
, 20
, 101
, 173
, 165
, 109
, 161
, 113
, 38
, 236
, 185
, 89
, 143
, 131
, 127
, 147
, 191
, 83
, 235
, 39
, 29
, 245
, 80
, 194
, 15
, 259
, 245
, 29
, 98
, 176
, 232
, 42
, 61
, 213
, 102
, 172
, 265
, 9
, 272
, 2
, 156
, 118
, 30
, 244
, 251
, 23
, 99
, 175
, 217
, 57
, 10
, 264
, 110
, 164
, 43
, 231
, 13
, 261
, 14
, 260
, 161
, 113
, 172
, 102
, 78
, 196
, 192
, 82
, 166
, 108
, 251
, 23
, 221
, 53
, 188
, 86
, 77
, 197
, 224
, 50
, 35
, 239
, 34
, 240
, 260
, 14
, 241
, 33
, 220
, 54
, 249
, 25
, 34
, 240
, 104
, 170
, 266
, 8
, 247
, 27
, 16
, 258
, 36
, 238
, 157
, 117
, 56
, 218
, 200
, 74
, 26
, 248
, 185
, 89
, 104
, 170
, 186
, 88
, 129
, 145
, 213
, 61
, 117
, 157
, 147
, 127
, 19
, 255
, 243
, 31
, 146
, 128
, 259
, 15
, 43
, 231
, 13
, 261
, 229
, 45
, 16
, 258
, 13
, 261
, 231
, 43
, 21
, 253
, 153
, 121
, 239
, 35
, 181
, 93
, 207
, 67
, 268
, 6
, 114
, 160
, 71
, 203
, 172
, 102
, 262
, 12
, 189
, 85
, 80
, 194
, 81
, 193
, 202
, 72
, 79
, 195
, 56
, 218
, 30
, 244
, 121
, 153
, 87
, 187
, 249
, 25
, 148
, 126
, 248
, 26
, 10
, 264
, 267
, 7
, 228
, 46
, 238
, 36
, 181
, 93
, 37
, 237
, 66
, 208
, 13
, 261
, 269
, 5
, 265
, 9
, 50
, 224
, 48
, 226
, 259
, 15
, 259
, 15
, 65
, 209
, 105
, 169
, 265
, 9
, 181
, 93
, 170
, 104
, 26
, 248
, 230
, 44
, 148
, 126
, 206
, 68
, 190
, 84
, 162
, 112
, 44
, 230
, 263
, 11
, 169
, 105
, 21
, 253
, 118
, 156
, 252
, 22
, 138
, 136
, 152
, 122
, 57
, 217
, 267
, 7
, 77
, 197
, 201
, 73
, 45
, 229
, 62
, 212
, 193
, 81
, 117
, 157
, 118
, 156
, 143
, 131
, 150
, 124
, 175
, 99
, 171
, 103
, 148
, 126
, 69
, 205
, 95
, 179
, 44
, 230
, 57
, 217
, 159
, 115
, 124
, 150
, 94
, 180
, 62
, 212
, 3
, 271
, 90
, 184
, 114
, 160
, 253
, 21
, 174
, 100
, 268
, 6
, 253
, 21
, 268
, 6
, 133
, 141
, 8
, 266
, 43
, 231
, 83
, 191
, 158
, 116
, 98
, 176
, 228
, 46
, 217
, 57
, 24
, 250
, 175
, 99
, 155
, 119
, 121
, 153
, 48
, 226
, 24
, 250
, 14
, 260
, 243
, 31
, 83
, 191
, 172
, 102
, 125
, 149
, 155
, 119
, 185
, 89
, 205
, 69
, 227
, 47
, 45
, 229
, 43
, 231
, 104
, 170
, 210
, 64
, 269
, 5
, 33
, 241
, 199
, 75
, 120
, 154
, 108
, 166
, 160
, 114
, 112
, 162
, 25
, 249
, 74
, 200
, 114
, 160
, 96
, 178
, 197
, 77
, 100
, 174
, 183
, 91
, 205
, 69
, 138
, 136
, 238
, 36
, 11
, 263
, 32
, 242
, 165
, 109
, 46
, 228
, 184
, 90
, 26
, 248
, 145
, 129
, 91
, 183
, 193
, 81
, 169
, 105
, 152
, 122
, 254
, 20
, 93
, 181
, 39
, 235
, 54
, 220
, 241
, 33
, 252
, 22
, 20
, 254
, 192
, 82
, 156
, 118
, 36
, 238
, 62
, 212
, 107
, 167
, 212
, 62
, 61
, 213
, 199
, 75
, 8
, 266
, 187
, 87
, 3
, 271
, 159
, 115
, 110
, 164
, 239
, 35
, 100
, 174
, 45
, 229
, 96
, 178
, 261
, 13
, 101
, 173
, 87
, 187
, 209
, 65
, 170
, 104
, 172
, 102
, 184
, 90
, 83
, 191
, 263
, 11
, 100
, 174
, 31
, 243
, 26
, 248
, 162
, 112
, 131
, 143
, 236
, 38
, 31
, 243
, 196
, 78
, 113
, 161
, 261
, 13
, 259
, 15
, 252
, 22
, 96
, 178
, 239
, 35
, 76
, 198
, 231
, 43
, 4
, 270
, 157
, 117
, 5
, 269
, 133
, 141
, 211
, 63
, 72
, 202
, 42
, 232
, 271
, 3
, 245
, 29
, 155
, 119
, 94
, 180
, 19
, 255
, 23
, 251
, 39
, 235
, 134
, 140
, 133
, 141
, 195
, 79
, 19
, 255
, 15
, 259
, 29
, 245
, 90
, 184
, 82
, 192
, 165
, 109
, 6
, 268
, 141
, 133
, 150
, 124
, 19
, 255
, 51
, 223
, 169
, 105
, 6
, 268
, 39
, 235
, 243
, 31
, 189
, 85
, 48
, 226
, 267
, 7
, 67
, 207
, 236
, 38
, 138
, 136
, 51
, 223
, 133
, 141
, 20
, 254
, 32
, 242
, 168
, 106
, 258
, 16
, 150
, 124
, 68
, 206
, 99
, 175
, 107
, 167
, 183
, 91
, 30
, 244
, 16
, 258
, 38
, 236
, 24
, 250
, 97
, 177
, 44
, 230
, 131
, 143
, 204
, 70
, 124
, 150
, 157
, 117
, 104
, 170
, 103
, 171
, 271
, 3
, 3
, 271
, 186
, 88
, 264
, 10
, 137
, 137
, 146
, 128
, 187
, 87
, 171
, 103
, 228
, 46
, 257
, 17
, 195
, 79
, 180
, 94
, 13
, 261
, 194
, 80
, 136
, 138
, 140
, 134
, 102
, 172
, 175
, 99
, 166
, 108
, 246
, 28
, 239
, 35
, 112
, 162
, 261
, 13
, 99
, 175
, 208
, 66
, 165
, 109
, 226
, 48
, 40
, 234
, 254
, 20
, 232
, 42
, 139
, 135
, 83
, 191
, 261
, 13
, 154
, 120
, 142
, 132
, 8
, 266
, 68
, 206
, 206
, 68
, 76
, 198
, 97
, 177
, 64
, 210
, 31
, 243
, 248
, 26
, 270
, 4
, 132
, 142
, 124
, 150
, 193
, 81
, 237
, 37
, 115
, 159
, 266
, 8
, 40
, 234
, 83
, 191
, 54
, 220
, 44
, 230
, 104
, 170
, 172
, 102
, 141
, 133
, 122
, 152
, 86
, 188
, 209
, 65
, 223
, 51
, 21
, 253
, 214
, 60
, 270
, 4
, 174
, 100
, 222
, 52
, 257
, 17
, 72
, 202
, 104
, 170
, 130
, 144
, 89
, 185
, 56
, 218
, 89
, 185
, 245
, 29
, 252
, 22
, 208
, 66
, 146
, 128
, 88
, 186
, 119
, 155
, 252
, 22
, 63
, 211
, 240
, 34
, 214
, 60
, 65
, 209
, 37
, 237
, 70
, 204
, 203
, 71
, 121
, 153
, 77
, 197
, 122
, 152
, 44
, 230
, 205
, 69
, 55
, 219
, 221
, 53
, 221
, 53
, 270
, 4
, 195
, 79
, 63
, 211
, 231
, 43
, 267
, 7
, 236
, 38
, 44
, 230
, 140
, 134
, 8
, 266
, 207
, 67
, 271
, 3
, 224
, 50
, 32
, 242
, 222
, 52
, 195
, 79
, 11
, 263
, 63
, 211
, 94
, 180
, 94
, 180
, 191
, 83
, 125
, 149
, 2
, 272
, 113
, 161
, 149
, 125
, 222
, 52
, 236
, 38
, 244
, 30
, 92
, 182
, 193
, 81
, 213
, 61
, 130
, 144
, 227
, 47
, 254
, 20
, 258
, 16
, 151
, 123
, 194
, 80
, 124
, 150
, 167
, 107
, 117
, 157
, 106
, 168
, 246
, 28
, 249
, 25
, 211
, 63
, 51
, 223
, 30
, 244
, 19
, 255
, 19
, 255
, 107
, 167
, 270
, 4
, 35
, 239
, 263
, 11
, 55
, 219
, 237
, 37
, 28
, 246
, 255
, 19
, 17
, 257
, 224
, 50
, 166
, 108
, 10
, 264
, 184
, 90
, 261
, 13
, 160
, 114
, 211
, 63
, 186
, 88
, 2
, 272
, 223
, 51
, 64
, 210
, 247
, 27
, 151
, 123
, 31
, 243
, 77
, 197
, 142
, 132
, 248
, 26
, 239
, 35
, 56
, 218
, 63
, 211
, 103
, 171
, 260
, 14
, 102
, 172
, 80
, 194
, 81
, 193
, 267
, 7
, 83
, 191
, 184
, 90
, 94
, 180
, 261
, 13
, 165
, 109
, 107
, 167
, 77
, 197
, 108
, 166
, 85
, 189
, 246
, 28
, 98
, 176
, 120
, 154
, 147
, 127
, 71
, 203
, 61
, 213
, 205
, 69
, 178
, 96
, 263
, 11
, 184
, 90
, 33
, 241
, 87
, 187
, 125
, 149
, 169
, 105
