
125
, 40
, 151
, 151
, 40
, 13
, 178
, 42
, 149
, 182
, 9
, 165
, 26
, 44
, 147
, 173
, 18
, 27
, 164
, 64
, 127
, 105
, 86
, 123
, 68
, 25
, 166
, 96
, 95
, 32
, 159
, 89
, 102
, 38
, 153
, 91
, 100
, 1
, 190
, 27
, 164
, 25
, 166
, 138
, 53
, 156
, 35
, 13
, 178
, 39
, 152
, 23
, 168
, 11
, 180
, 149
, 42
, 12
, 179
, 114
, 77
, 12
, 179
, 64
, 127
, 7
, 184
, 14
, 177
, 130
, 61
, 181
, 10
, 38
, 153
, 49
, 142
, 9
, 182
, 5
, 186
, 10
, 181
, 178
, 13
, 56
, 135
, 176
, 15
, 106
, 85
, 175
, 16
, 125
, 66
, 132
, 59
, 38
, 153
, 54
, 137
, 130
, 61
, 33
, 158
, 26
, 165
, 67
, 124
, 157
, 34
, 102
, 89
, 173
, 18
, 72
, 119
, 146
, 45
, 180
, 11
, 6
, 185
, 54
, 137
, 22
, 169
, 107
, 84
, 87
, 104
, 76
, 115
, 62
, 129
, 187
, 4
, 34
, 157
, 6
, 185
, 66
, 125
, 46
, 145
, 26
, 165
, 146
, 45
, 144
, 47
, 74
, 117
, 151
, 40
, 142
, 49
, 159
, 32
, 72
, 119
, 145
, 46
, 40
, 151
, 130
, 61
, 173
, 18
, 147
, 44
, 64
, 127
, 43
, 148
, 62
, 129
, 122
, 69
, 180
, 11
, 36
, 155
, 53
, 138
, 27
, 164
, 66
, 125
, 34
, 157
, 72
, 119
, 44
, 147
, 99
, 92
, 77
, 114
, 29
, 162
, 55
, 136
, 92
, 99
, 169
, 22
, 161
, 30
, 1
, 190
, 146
, 45
, 121
, 70
, 83
, 108
, 4
, 187
, 28
, 163
, 90
, 101
, 131
, 60
, 81
, 110
, 20
, 171
, 61
, 130
, 29
, 162
, 166
, 25
, 91
, 100
, 96
, 95
, 111
, 80
, 41
, 150
, 94
, 97
, 118
, 73
, 143
, 48
, 60
, 131
