
125
, 5
, 15
, 13
, 7
, 1
, 19
, 2
, 18
, 9
, 11
, 12
, 8
, 12
, 8
, 8
, 12
, 15
, 5
, 9
, 11
, 2
, 18
, 6
, 14
, 10
, 10
, 12
, 8
, 9
, 11
, 2
, 18
, 1
, 19
, 18
, 2
, 9
, 11
, 16
, 4
, 7
, 13
, 6
, 14
, 7
, 13
, 12
, 8
, 16
, 4
, 6
, 14
, 17
, 3
, 2
, 18
, 13
, 7
, 7
, 13
, 11
, 9
, 18
, 2
, 15
, 5
, 1
, 19
, 10
, 10
, 16
, 4
, 8
, 12
, 14
, 6
, 9
, 11
, 14
, 6
, 10
, 10
, 6
, 14
, 12
, 8
, 15
, 5
, 12
, 8
, 15
, 5
, 11
, 9
, 2
, 18
, 10
, 10
, 1
, 19
, 2
, 18
, 14
, 6
, 17
, 3
, 2
, 18
, 13
, 7
, 13
, 7
, 12
, 8
, 1
, 19
, 13
, 7
, 17
, 3
, 2
, 18
, 16
, 4
, 16
, 4
, 15
, 5
, 9
, 11
, 17
, 3
, 16
, 4
, 4
, 16
, 18
, 2
, 16
, 4
, 11
, 9
, 16
, 4
, 17
, 3
, 7
, 13
, 14
, 6
, 4
, 16
, 15
, 5
, 16
, 4
, 2
, 18
, 8
, 12
, 4
, 16
, 6
, 14
, 14
, 6
, 6
, 14
, 14
, 6
, 9
, 11
, 15
, 5
, 6
, 14
, 5
, 15
, 18
, 2
, 5
, 15
, 3
, 17
, 5
, 15
, 12
, 8
, 9
, 11
, 14
, 6
, 17
, 3
, 14
, 6
, 2
, 18
, 7
, 13
, 15
, 5
, 1
, 19
, 1
, 19
, 12
, 8
, 1
, 19
, 13
, 7
, 1
, 19
, 6
, 14
, 17
, 3
, 13
, 7
, 16
, 4
, 17
, 3
, 7
, 13
, 4
, 16
, 4
, 16
, 15
, 5
, 12
, 8
, 14
, 6
, 9
, 11
, 2
, 18
, 17
, 3
, 10
, 10
, 14
, 6
, 4
, 16
, 13
, 4
, 3
