
1270
, 15
, 147
, 47
, 115
, 97
, 65
, 131
, 31
, 86
, 76
, 67
, 95
, 42
, 120
, 145
, 17
, 142
, 20
, 128
, 34
, 117
, 45
, 2
, 160
, 66
, 96
, 103
, 59
, 155
, 7
, 131
, 31
, 105
, 57
, 116
, 46
, 108
, 54
, 128
, 34
, 27
, 135
, 36
, 126
, 144
, 18
, 28
, 134
, 94
, 68
, 37
, 125
, 16
, 146
, 156
, 6
, 58
, 104
, 31
, 131
, 132
, 30
, 14
, 148
, 42
, 120
, 7
, 155
, 64
, 98
, 15
, 147
, 49
, 113
, 159
, 3
, 18
, 144
, 29
, 133
, 142
, 20
, 64
, 98
, 10
, 152
, 86
, 76
, 155
, 7
, 112
, 50
, 29
, 133
, 34
, 128
, 5
, 157
, 107
, 55
, 94
, 68
, 101
, 61
, 152
, 10
, 102
, 60
, 115
, 47
, 86
, 76
, 92
, 70
, 106
, 56
, 136
, 26
, 148
, 14
, 66
, 96
, 54
, 108
, 22
, 140
, 158
, 4
, 56
, 106
, 54
, 108
, 34
, 128
, 39
, 123
, 56
, 106
, 112
, 50
, 79
, 83
, 69
, 93
, 48
, 114
, 105
, 57
, 64
, 98
, 136
, 26
, 131
, 31
, 46
, 116
, 149
, 13
, 24
, 138
, 36
, 126
, 96
, 66
, 152
, 10
, 154
, 8
, 70
, 92
, 57
, 105
, 19
, 143
, 157
, 5
, 144
, 18
, 76
, 86
, 143
, 19
, 56
, 106
, 91
, 71
, 10
, 152
, 118
, 44
, 112
, 50
, 10
, 152
, 148
, 14
, 76
, 86
, 118
, 44
, 36
, 126
, 51
, 111
, 102
, 60
, 120
, 42
, 20
, 142
, 155
, 7
, 84
, 78
, 87
, 75
, 25
, 137
, 82
, 80
, 141
, 21
, 96
, 66
, 96
, 66
, 51
, 111
, 76
, 86
, 94
, 68
, 101
, 61
, 39
, 123
, 148
, 14
, 73
, 89
, 12
, 150
, 83
, 79
, 43
, 119
, 20
, 142
, 20
, 142
, 59
, 103
, 40
, 122
, 109
, 53
, 114
, 48
, 48
, 114
, 55
, 107
, 105
, 57
, 56
, 106
, 137
, 25
, 135
, 27
, 157
, 5
, 57
, 105
, 113
, 49
, 95
, 67
, 27
, 135
, 42
, 120
, 97
, 65
, 135
, 27
, 25
, 137
, 156
, 6
, 123
, 39
, 47
, 115
, 86
, 76
, 64
, 98
, 30
, 132
, 90
, 72
, 106
, 56
, 9
, 153
, 141
, 21
, 68
, 94
, 124
, 38
, 90
, 72
, 152
, 10
, 19
, 143
, 150
, 12
, 71
, 91
, 10
, 152
, 153
, 9
, 104
, 58
, 95
, 67
, 117
, 45
, 52
, 110
, 45
, 117
, 103
, 59
, 139
, 23
, 57
, 105
, 29
, 133
, 8
, 154
, 35
, 127
, 5
, 157
, 55
, 107
, 127
, 35
, 156
, 6
, 122
, 40
, 36
, 126
, 43
, 119
, 45
, 117
, 114
, 48
, 140
, 22
, 126
, 36
, 45
, 117
, 70
, 92
, 97
, 65
, 10
, 152
, 157
, 5
, 85
, 77
, 55
, 107
, 2
, 160
, 118
, 44
, 97
, 65
, 87
, 75
, 11
, 151
, 117
, 45
, 54
, 108
, 87
, 75
, 3
, 159
, 69
, 93
, 2
, 160
, 114
, 48
, 4
, 158
, 107
, 55
, 108
, 54
, 79
, 83
, 116
, 46
, 6
, 156
, 41
, 121
, 114
, 48
, 142
, 20
, 139
, 23
, 110
, 52
, 25
, 137
, 80
, 82
, 97
, 65
, 93
, 69
, 4
, 158
, 103
, 59
, 139
, 23
, 134
, 28
, 47
, 115
, 27
, 135
, 60
, 102
, 50
, 112
, 20
, 142
, 69
, 93
, 101
, 61
, 16
, 146
, 96
, 66
, 103
, 59
, 100
, 62
, 142
, 20
, 113
, 49
, 27
, 135
, 80
, 82
, 37
, 125
, 41
, 121
, 70
, 92
, 41
, 121
, 1
, 161
, 125
, 37
, 58
, 104
, 96
, 66
, 30
, 132
, 6
, 156
, 158
, 4
, 137
, 25
, 4
, 158
, 131
, 31
, 89
, 73
, 36
, 126
, 3
, 159
, 84
, 78
, 139
, 23
, 101
, 61
, 34
, 128
, 11
, 151
, 144
, 18
, 109
, 53
, 65
, 97
, 53
, 109
, 100
, 62
, 74
, 88
, 141
, 21
, 31
, 131
, 20
, 142
, 106
, 56
, 74
, 88
, 158
, 4
, 70
, 92
, 137
, 25
, 155
, 7
, 13
, 149
, 152
, 10
, 126
, 36
, 75
, 87
, 39
, 123
, 42
, 120
, 36
, 126
, 38
, 124
, 90
, 72
, 111
, 51
, 88
, 74
, 75
, 87
, 12
, 150
, 2
, 160
, 119
, 43
, 93
, 69
, 43
, 119
, 99
, 63
, 123
, 39
, 131
, 31
, 45
, 117
, 58
, 104
, 132
, 30
, 40
, 122
, 106
, 56
, 76
, 86
, 65
, 97
, 65
, 97
, 38
, 124
, 136
, 26
, 98
, 64
, 87
, 75
, 124
, 38
, 155
, 7
, 145
, 17
, 61
, 101
, 55
, 107
, 157
, 5
, 100
, 62
, 42
, 120
, 39
, 123
, 99
, 63
, 141
, 21
, 111
, 51
, 55
, 107
, 149
, 13
, 68
, 94
, 48
, 114
, 75
, 87
, 36
, 126
, 82
, 80
, 2
, 160
, 106
, 56
, 53
, 109
, 78
, 84
, 52
, 110
, 117
, 45
, 84
, 78
, 78
, 84
, 41
, 121
, 48
, 114
, 42
, 120
, 150
, 12
, 149
, 13
, 134
, 28
, 56
, 106
, 66
, 96
, 67
, 95
, 141
, 21
, 148
, 14
, 85
, 77
, 38
, 124
, 40
, 122
, 75
, 87
, 135
, 27
, 133
, 29
, 108
, 54
, 68
, 94
, 87
, 75
, 54
, 108
, 70
, 92
, 20
, 142
, 48
, 114
, 12
, 150
, 76
, 86
, 93
, 69
, 46
, 116
, 49
, 113
, 98
, 64
, 112
, 50
, 99
, 63
, 76
, 86
, 115
, 47
, 72
, 90
, 5
, 157
, 103
, 59
, 119
, 43
, 84
, 78
, 138
, 24
, 51
, 111
, 135
, 27
, 65
, 97
, 76
, 86
, 33
, 129
, 128
, 34
, 2
, 160
, 54
, 108
, 159
, 3
, 31
, 131
, 148
, 14
, 99
, 63
, 22
, 140
, 112
, 50
, 110
, 52
, 96
, 66
, 16
, 146
, 57
, 105
, 19
, 143
, 92
, 70
, 81
, 81
, 153
, 9
, 115
, 47
, 129
, 33
, 139
, 23
, 45
, 117
, 100
, 62
, 58
, 104
, 94
, 68
, 36
, 126
, 4
, 158
, 135
, 27
, 154
, 8
, 28
, 134
, 85
, 77
, 97
, 65
, 90
, 72
, 82
, 80
, 140
, 22
, 72
, 90
, 24
, 138
, 132
, 30
, 101
, 61
, 43
, 119
, 57
, 105
, 116
, 46
, 100
, 62
, 37
, 125
, 55
, 107
, 160
, 2
, 142
, 20
, 144
, 18
, 65
, 97
, 20
, 142
, 106
, 56
, 147
, 15
, 47
, 115
, 1
, 161
, 97
, 65
, 13
, 149
, 138
, 24
, 101
, 61
, 57
, 105
, 92
, 70
, 7
, 155
, 68
, 94
, 121
, 41
, 25
, 137
, 90
, 72
, 136
, 26
, 25
, 137
, 128
, 34
, 21
, 141
, 87
, 75
, 63
, 99
, 124
, 38
, 1
, 161
, 158
, 4
, 152
, 10
, 79
, 83
, 32
, 130
, 90
, 72
, 100
, 62
, 79
, 83
, 110
, 52
, 150
, 12
, 110
, 52
, 28
, 134
, 17
, 145
, 147
, 15
, 82
, 80
, 144
, 18
, 69
, 93
, 146
, 16
, 110
, 52
, 47
, 115
, 153
, 9
, 20
, 142
, 137
, 25
, 66
, 96
, 20
, 142
, 98
, 64
, 19
, 143
, 99
, 63
, 38
, 124
, 28
, 134
, 32
, 130
, 54
, 108
, 7
, 155
, 26
, 136
, 151
, 11
, 142
, 20
, 27
, 135
, 154
, 8
, 84
, 78
, 145
, 17
, 83
, 79
, 38
, 124
, 9
, 153
, 112
, 50
, 14
, 148
, 87
, 75
, 110
, 52
, 125
, 37
, 117
, 45
, 67
, 95
, 111
, 51
, 55
, 107
, 153
, 9
, 49
, 113
, 89
, 73
, 26
, 136
, 125
, 37
, 70
, 92
, 68
, 94
, 123
, 39
, 1
, 161
, 36
, 126
, 112
, 50
, 153
, 9
, 101
, 61
, 79
, 83
, 64
, 98
, 91
, 71
, 160
, 2
, 21
, 141
, 55
, 107
, 7
, 155
, 100
, 62
, 158
, 4
, 84
, 78
, 143
, 19
, 22
, 140
, 131
, 31
, 96
, 66
, 62
, 100
, 148
, 14
, 160
, 2
, 126
, 36
, 57
, 105
, 16
, 146
, 65
, 97
, 93
, 69
, 146
, 16
, 40
, 122
, 96
, 66
, 141
, 21
, 75
, 87
, 111
, 51
, 82
, 80
, 25
, 137
, 158
, 4
, 157
, 5
, 48
, 114
, 21
, 141
, 21
, 141
, 37
, 125
, 12
, 150
, 98
, 64
, 76
, 86
, 75
, 87
, 119
, 43
, 52
, 110
, 6
, 156
, 127
, 35
, 92
, 70
, 149
, 13
, 10
, 152
, 123
, 39
, 90
, 72
, 98
, 64
, 106
, 56
, 137
, 25
, 78
, 84
, 112
, 50
, 145
, 17
, 48
, 114
, 98
, 64
, 133
, 29
, 53
, 109
, 59
, 103
, 114
, 48
, 148
, 14
, 51
, 111
, 16
, 146
, 129
, 33
, 34
, 128
, 111
, 51
, 144
, 18
, 91
, 71
, 119
, 43
, 63
, 99
, 47
, 115
, 25
, 137
, 127
, 35
, 30
, 132
, 99
, 63
, 13
, 149
, 28
, 134
, 74
, 88
, 128
, 34
, 23
, 139
, 121
, 41
, 19
, 143
, 150
, 12
, 83
, 79
, 99
, 63
, 118
, 44
, 101
, 61
, 11
, 151
, 63
, 99
, 142
, 20
, 32
, 130
, 7
, 155
, 143
, 19
, 17
, 145
, 113
, 49
, 55
, 107
, 85
, 77
, 114
, 48
, 99
, 63
, 145
, 17
, 17
, 145
, 59
, 103
, 143
, 19
, 129
, 33
, 146
, 16
, 126
, 36
, 92
, 70
, 46
, 116
, 132
, 30
, 118
, 44
, 79
, 83
, 84
, 78
, 18
, 144
, 107
, 55
, 27
, 135
, 62
, 100
, 120
, 42
, 40
, 122
, 113
, 49
, 144
, 18
, 100
, 62
, 154
, 8
, 70
, 92
, 141
, 21
, 72
, 90
, 58
, 104
, 113
, 49
, 93
, 69
, 114
, 48
, 80
, 82
, 94
, 68
, 28
, 134
, 109
, 53
, 30
, 132
, 39
, 123
, 105
, 57
, 20
, 142
, 119
, 43
, 130
, 32
, 116
, 46
, 3
, 159
, 6
, 156
, 7
, 155
, 140
, 22
, 77
, 85
, 151
, 11
, 46
, 116
, 98
, 64
, 75
, 87
, 47
, 115
, 94
, 68
, 57
, 105
, 97
, 65
, 24
, 138
, 44
, 118
, 124
, 38
, 124
, 38
, 100
, 62
, 149
, 13
, 147
, 15
, 160
, 2
, 31
, 131
, 70
, 92
, 59
, 103
, 111
, 51
, 70
, 92
, 29
, 133
, 110
, 52
, 106
, 56
, 70
, 92
, 159
, 3
, 2
, 160
, 92
, 70
, 154
, 8
, 148
, 14
, 47
, 115
, 125
, 37
, 145
, 17
, 131
, 31
, 76
, 86
, 95
, 67
, 160
, 2
, 4
, 158
, 41
, 121
, 148
, 14
, 95
, 67
, 15
, 147
, 123
, 39
, 59
, 103
, 83
, 79
, 143
, 19
, 116
, 46
, 23
, 139
, 154
, 8
, 133
, 29
, 97
, 65
, 49
, 113
, 141
, 21
, 71
, 91
, 14
, 148
, 40
, 122
, 7
, 155
, 10
, 152
, 83
, 79
, 51
, 111
, 158
, 4
, 142
, 20
, 151
, 11
, 20
, 142
, 97
, 65
, 7
, 155
, 75
, 87
, 86
, 76
, 94
, 68
, 105
, 57
, 69
, 93
, 42
, 120
, 96
, 66
, 62
, 100
, 40
, 122
, 26
, 136
, 144
, 18
, 63
, 99
, 15
, 147
, 123
, 39
, 151
, 11
, 102
, 60
, 63
, 99
, 63
, 99
, 25
, 137
, 136
, 26
, 45
, 117
, 15
, 147
, 124
, 38
, 129
, 33
, 150
, 12
, 56
, 106
, 17
, 145
, 50
, 112
, 130
, 32
, 148
, 14
, 158
, 4
, 43
, 119
, 46
, 116
, 28
, 134
, 118
, 44
, 28
, 134
, 129
, 33
, 25
, 137
, 41
, 121
, 1
, 161
, 87
, 75
, 43
, 119
, 138
, 24
, 138
, 24
, 87
, 75
, 9
, 153
, 151
, 11
, 8
, 154
, 54
, 108
, 13
, 149
, 150
, 12
, 130
, 32
, 87
, 75
, 1
, 161
, 120
, 42
, 149
, 13
, 108
, 54
, 20
, 142
, 49
, 113
, 39
, 123
, 78
, 84
, 106
, 56
, 67
, 95
, 32
, 130
, 35
, 127
, 27
, 135
, 69
, 93
, 39
, 123
, 30
, 132
, 99
, 63
, 29
, 133
, 68
, 94
, 88
, 74
, 39
, 123
, 25
, 137
, 144
, 18
, 154
, 8
, 156
, 6
, 34
, 128
, 76
, 86
, 160
, 2
, 137
, 25
, 2
, 160
, 73
, 89
, 78
, 84
, 31
, 131
, 6
, 156
, 20
, 142
, 15
, 147
, 67
, 95
, 140
, 22
, 146
, 16
, 69
, 93
, 134
, 28
, 142
, 20
, 123
, 39
, 125
, 37
, 111
, 51
, 91
, 71
, 60
, 102
, 81
, 81
, 130
, 32
, 9
, 153
, 65
, 97
, 10
, 152
, 116
, 46
, 29
, 133
, 143
, 19
, 103
, 59
, 13
, 149
, 34
, 128
, 63
, 99
, 157
, 5
, 41
, 121
, 64
, 98
, 40
, 122
, 120
, 42
, 158
, 4
, 43
, 119
, 16
, 146
, 3
, 159
, 4
, 158
, 41
, 121
, 158
, 4
, 93
, 69
, 151
, 11
, 65
, 97
, 58
, 104
, 11
, 151
, 138
, 24
, 29
, 133
, 3
, 159
, 73
, 89
, 32
, 130
, 27
, 135
, 112
, 50
, 107
, 55
, 29
, 133
, 63
, 99
, 87
, 75
, 102
, 60
, 2
, 160
, 148
, 14
, 152
, 10
, 114
, 48
, 118
, 44
, 49
, 113
, 120
, 42
, 35
, 127
, 119
, 43
, 82
, 80
, 129
, 33
, 109
, 53
, 81
, 81
, 136
, 26
, 24
, 138
, 51
, 111
, 54
, 108
, 109
, 53
, 38
, 124
, 23
, 139
, 10
, 152
, 44
, 118
, 115
, 47
, 66
, 96
, 55
, 107
, 13
, 149
, 34
, 128
, 30
, 132
, 110
, 52
, 47
, 115
, 74
, 88
, 40
, 122
, 61
, 101
, 80
, 82
, 47
, 115
, 124
, 38
, 149
, 13
, 148
, 14
, 115
, 47
, 137
, 25
, 145
, 17
, 143
, 19
, 115
, 47
, 73
, 89
, 30
, 132
, 3
, 159
, 84
, 78
, 157
, 5
, 12
, 150
, 76
, 86
, 120
, 42
, 30
, 132
, 126
, 36
, 68
, 94
, 79
, 83
, 59
, 103
, 43
, 119
, 72
, 90
, 142
, 20
, 121
, 41
, 99
, 63
, 80
, 82
, 1
, 161
, 51
, 111
, 10
, 152
, 104
, 58
, 105
, 57
, 72
, 90
, 54
, 108
, 160
, 2
, 65
, 97
, 37
, 125
, 88
, 74
, 150
, 12
, 42
, 120
, 26
, 136
, 29
, 133
, 42
, 120
, 42
, 120
, 145
, 17
, 43
, 119
, 77
, 85
, 90
, 72
, 154
, 8
, 146
, 16
, 22
, 140
, 85
, 77
, 1
, 161
, 79
, 83
, 60
, 102
, 136
, 26
, 129
, 33
, 72
, 90
, 142
, 20
, 110
, 52
, 7
, 155
, 105
, 57
, 118
, 44
, 130
, 32
, 124
, 38
, 122
, 40
, 78
, 84
, 59
, 103
, 104
, 58
, 107
, 55
, 7
, 155
, 72
, 90
, 103
, 59
, 14
, 148
, 108
, 54
, 72
, 90
, 90
, 72
, 76
, 86
, 11
, 151
, 56
, 106
, 14
, 148
, 130
, 32
, 56
, 106
, 10
, 152
, 153
, 9
, 88
, 74
, 14
, 148
, 144
, 18
, 84
, 78
, 159
, 3
, 130
, 32
, 131
, 31
, 147
, 15
, 78
, 84
, 127
, 35
, 14
, 148
, 103
, 59
, 73
, 89
, 133
, 29
, 122
, 40
, 29
, 133
, 137
, 25
, 34
, 128
, 100
, 62
, 131
, 31
, 60
, 102
, 14
, 148
, 4
, 158
, 82
, 80
, 51
, 111
, 2
, 160
, 149
, 13
, 121
, 41
, 74
, 88
, 42
, 120
, 5
, 157
, 137
, 25
, 67
, 95
, 94
, 68
, 61
, 101
, 148
, 14
, 51
, 111
, 49
, 113
, 139
, 23
, 156
, 6
, 88
, 74
, 64
, 98
, 21
, 141
, 104
, 58
, 139
, 23
, 113
, 49
, 64
, 98
, 119
, 43
, 96
, 66
, 63
, 99
, 122
, 40
, 61
, 101
, 30
, 132
, 6
, 156
, 154
, 8
, 108
, 54
, 52
, 110
, 55
, 107
, 105
, 57
, 122
, 40
, 31
, 131
, 119
, 43
, 108
, 54
, 36
, 126
, 132
, 30
, 112
, 50
, 96
, 66
, 157
, 5
, 84
, 78
, 38
, 124
, 12
, 150
, 121
, 41
, 96
, 66
, 130
, 32
, 64
, 98
, 68
, 94
, 107
, 55
, 154
, 8
, 37
, 125
, 63
, 99
, 11
, 151
, 99
, 63
, 13
, 149
, 89
, 73
, 79
, 83
, 121
, 41
, 99
, 63
, 69
, 93
, 31
, 131
, 88
, 74
, 160
, 2
, 67
, 95
, 53
, 109
, 34
, 128
, 147
, 15
, 101
, 61
, 146
, 16
, 134
, 28
, 49
, 113
, 28
, 134
, 2
, 160
, 100
, 62
, 37
, 125
, 35
, 127
, 153
, 9
, 6
, 156
, 8
, 154
, 119
, 43
, 68
, 94
, 23
, 139
, 49
, 113
, 91
, 71
, 5
, 157
, 10
, 152
, 40
, 122
, 9
, 153
, 124
, 38
, 127
, 35
, 57
, 105
, 157
, 5
, 115
, 47
, 38
, 124
, 31
, 131
, 83
, 79
, 135
, 27
, 33
, 129
, 148
, 14
, 17
, 145
, 92
, 70
, 114
, 48
, 140
, 22
, 128
, 34
, 26
, 136
, 48
, 114
, 101
, 61
, 81
, 81
, 132
, 30
, 65
, 97
, 101
, 61
, 3
, 159
, 150
, 12
, 97
, 65
, 64
, 98
, 150
, 12
, 57
, 105
, 82
, 80
, 25
, 137
, 61
, 101
, 116
, 46
, 150
, 12
, 16
, 146
, 128
, 34
, 140
, 22
, 27
, 135
, 1
, 161
, 50
, 112
, 80
, 82
, 160
, 2
, 52
, 110
, 70
, 92
, 13
, 149
, 121
, 41
, 65
, 97
, 126
, 36
, 138
, 24
, 13
, 149
, 30
, 132
, 107
, 55
, 19
, 143
, 26
, 136
, 94
, 68
, 70
, 92
, 137
, 25
, 66
, 96
, 138
, 24
, 102
, 60
, 27
, 135
, 117
, 45
, 33
, 129
, 129
, 33
, 127
, 35
, 26
, 136
, 9
, 153
, 154
, 8
, 2
, 160
, 7
, 155
, 145
, 17
, 107
, 55
, 62
, 100
, 82
, 80
, 101
, 61
, 45
, 117
, 99
, 63
, 19
, 143
, 6
, 156
, 129
, 33
, 79
, 83
, 56
, 106
, 18
, 144
, 108
, 54
, 114
, 48
, 102
, 60
, 52
, 110
, 57
, 105
, 102
, 60
, 140
, 22
, 159
, 3
, 84
, 78
, 99
, 63
, 62
, 100
, 137
, 25
, 11
, 151
, 135
, 27
, 108
, 54
, 134
, 28
, 87
, 75
, 126
, 36
, 110
, 52
, 147
, 15
, 105
, 57
, 109
, 53
, 143
, 19
, 72
, 90
, 43
, 119
, 37
, 125
, 57
, 105
, 139
, 23
, 53
, 109
, 152
, 10
, 8
, 154
, 100
, 62
, 152
, 10
, 149
, 13
, 32
, 130
, 105
, 57
, 131
, 31
, 118
, 44
, 137
, 25
, 108
, 54
, 103
, 59
, 106
, 56
, 47
, 115
, 71
, 91
, 156
, 6
, 25
, 137
, 126
, 36
, 41
, 121
, 143
, 19
, 16
, 146
, 44
, 118
, 101
, 61
, 113
, 49
, 155
, 7
, 60
, 102
, 18
, 144
, 8
, 154
, 11
, 151
, 131
, 31
, 128
, 34
, 85
, 77
, 150
, 12
, 125
, 37
, 17
, 145
, 37
, 125
, 91
, 71
, 63
, 99
, 84
, 78
, 123
, 39
, 34
, 128
, 44
, 118
, 66
, 96
, 74
, 88
, 39
, 123
, 148
, 14
, 47
, 115
, 2
, 160
, 156
, 6
, 14
, 148
, 139
, 23
, 142
, 20
, 117
, 45
, 23
, 139
