
130
, 148
, 90
, 121
, 117
, 174
, 64
, 50
, 188
, 120
, 118
, 108
, 130
, 1
, 237
, 163
, 75
, 221
, 17
, 100
, 138
, 183
, 55
, 108
, 130
, 225
, 13
, 223
, 15
, 100
, 138
, 169
, 69
, 8
, 230
, 54
, 184
, 27
, 211
, 227
, 11
, 206
, 32
, 112
, 126
, 165
, 73
, 117
, 121
, 136
, 102
, 74
, 164
, 233
, 5
, 36
, 202
, 222
, 16
, 97
, 141
, 138
, 100
, 156
, 82
, 220
, 18
, 110
, 128
, 234
, 4
, 131
, 107
, 199
, 39
, 52
, 186
, 51
, 187
, 187
, 51
, 208
, 30
, 236
, 2
, 160
, 78
, 182
, 56
, 125
, 113
, 78
, 160
, 173
, 65
, 9
, 229
, 172
, 66
, 151
, 87
, 126
, 112
, 235
, 3
, 42
, 196
, 34
, 204
, 119
, 119
, 142
, 96
, 100
, 138
, 29
, 209
, 170
, 68
, 220
, 18
, 51
, 187
, 91
, 147
, 9
, 229
, 201
, 37
, 117
, 121
, 62
, 176
, 88
, 150
, 137
, 101
, 57
, 181
, 43
, 195
, 36
, 202
, 159
, 79
, 184
, 54
, 163
, 75
, 228
, 10
, 221
, 17
, 172
, 66
, 88
, 150
, 196
, 42
, 161
, 77
, 28
, 210
, 61
, 177
, 197
, 41
, 183
, 55
, 9
, 229
, 27
, 211
, 134
, 104
, 210
, 28
, 97
, 141
, 123
, 115
, 86
, 152
, 155
, 83
, 142
, 96
, 15
, 223
, 124
, 114
, 73
, 165
, 31
, 207
, 130
, 108
, 187
, 51
, 149
, 89
, 47
, 191
, 211
, 27
, 17
, 221
, 231
, 7
, 190
, 48
, 133
, 105
, 203
, 35
, 124
, 114
, 25
, 213
, 17
, 221
, 15
, 223
, 209
, 29
, 49
, 189
, 176
, 62
, 152
, 86
, 185
, 53
, 95
, 143
, 76
, 162
, 201
, 37
, 199
, 39
, 145
, 93
, 4
, 234
, 39
, 199
, 188
, 50
, 149
, 89
, 181
, 57
, 33
, 205
, 80
, 158
, 208
, 30
, 219
, 19
