
130
, 119
, 3
, 103
, 19
, 47
, 75
, 18
, 104
, 85
, 37
, 6
, 116
, 2
, 120
, 105
, 17
, 44
, 78
, 108
, 14
, 119
, 3
, 104
, 18
, 108
, 14
, 56
, 66
, 54
, 68
, 13
, 109
, 103
, 19
, 2
, 120
, 116
, 6
, 33
, 89
, 62
, 60
, 119
, 3
, 53
, 69
, 33
, 89
, 16
, 106
, 71
, 51
, 40
, 82
, 73
, 49
, 85
, 37
, 39
, 83
, 26
, 96
, 120
, 2
, 113
, 9
, 10
, 112
, 96
, 26
, 1
, 121
, 69
, 53
, 33
, 89
, 92
, 30
, 47
, 75
, 45
, 77
, 11
, 111
, 75
, 47
, 82
, 40
, 117
, 5
, 103
, 19
, 64
, 58
, 16
, 106
, 91
, 31
, 87
, 35
, 46
, 76
, 59
, 63
, 90
, 32
, 103
, 19
, 37
, 85
, 25
, 97
, 111
, 11
, 44
, 78
, 83
, 39
, 83
, 39
, 68
, 54
, 5
, 117
, 59
, 63
, 79
, 43
, 106
, 16
, 62
, 60
, 73
, 49
, 21
, 101
, 40
, 82
, 22
, 100
, 78
, 44
, 52
, 70
, 114
, 8
, 88
, 34
, 92
, 30
, 22
, 100
, 49
, 73
, 15
, 107
, 72
, 50
, 91
, 31
, 100
, 22
, 42
, 80
, 47
, 75
, 13
, 109
, 99
, 23
, 43
, 79
, 65
, 57
, 102
, 20
, 56
, 66
, 12
, 110
, 76
, 46
, 96
, 26
, 107
, 15
, 7
, 115
, 48
, 74
, 106
, 16
, 81
, 41
, 65
, 57
, 118
, 4
, 86
, 36
, 82
, 40
, 72
, 50
, 32
, 90
, 55
, 67
, 80
, 42
, 22
, 100
, 18
, 104
, 91
, 31
, 31
, 91
, 55
, 67
, 8
, 114
, 72
, 50
, 87
, 35
, 6
, 116
, 94
, 28
, 98
, 24
, 29
, 93
, 11
, 111
, 93
, 29
, 35
, 87
, 26
, 96
, 6
, 116
, 66
, 56
, 75
, 47
, 58
, 64
, 40
, 82
, 93
, 29
, 113
, 9
, 103
, 19
, 88
, 3
, 31
