
131
, 114
, 78
, 148
, 44
, 170
, 22
, 34
, 158
, 150
, 42
, 175
, 17
, 144
, 48
, 29
, 163
, 112
, 80
, 14
, 178
, 38
, 154
, 63
, 129
, 162
, 30
, 113
, 79
, 141
, 51
, 81
, 111
, 150
, 42
, 102
, 90
, 102
, 90
, 155
, 37
, 107
, 85
, 34
, 158
, 142
, 50
, 19
, 173
, 120
, 72
, 173
, 19
, 54
, 138
, 98
, 94
, 120
, 72
, 189
, 3
, 105
, 87
, 40
, 152
, 99
, 93
, 149
, 43
, 17
, 175
, 7
, 185
, 43
, 149
, 118
, 74
, 165
, 27
, 22
, 170
, 96
, 96
, 169
, 23
, 8
, 184
, 136
, 56
, 13
, 179
, 156
, 36
, 141
, 51
, 171
, 21
, 48
, 144
, 122
, 70
, 91
, 101
, 28
, 164
, 55
, 137
, 177
, 15
, 48
, 144
, 25
, 167
, 56
, 136
, 111
, 81
, 185
, 7
, 190
, 2
, 52
, 140
, 61
, 131
, 42
, 150
, 105
, 87
, 97
, 95
, 86
, 106
, 1
, 191
, 167
, 25
, 14
, 178
, 141
, 51
, 30
, 162
, 155
, 37
, 64
, 128
, 169
, 23
, 4
, 188
, 160
, 32
, 5
, 187
, 94
, 98
, 16
, 176
, 67
, 125
, 101
, 91
, 57
, 135
, 75
, 117
, 156
, 36
, 14
, 178
, 129
, 63
, 183
, 9
, 9
, 183
, 33
, 159
, 177
, 15
, 50
, 142
, 29
, 163
, 52
, 140
, 67
, 125
, 92
, 100
, 35
, 157
, 159
, 33
, 116
, 76
, 21
, 171
, 98
, 94
, 172
, 20
, 171
, 21
, 152
, 40
, 132
, 60
, 130
, 62
, 148
, 44
, 36
, 156
, 181
, 11
, 148
, 44
, 22
, 170
, 60
, 132
, 5
, 187
, 172
, 20
, 24
, 168
, 113
, 79
, 115
, 77
, 40
, 152
, 74
, 118
, 106
, 86
, 121
, 71
, 120
, 72
, 117
, 75
, 56
, 136
, 155
, 37
, 168
, 24
, 80
, 112
, 179
, 13
, 160
, 32
, 61
, 131
, 120
, 72
, 16
, 12
, 164
