
132
, 212
, 69
, 43
, 238
, 170
, 111
, 212
, 69
, 244
, 37
, 92
, 189
, 90
, 191
, 49
, 232
, 65
, 216
, 143
, 138
, 159
, 122
, 136
, 145
, 111
, 170
, 137
, 144
, 92
, 189
, 79
, 202
, 271
, 10
, 53
, 228
, 277
, 4
, 187
, 94
, 143
, 138
, 211
, 70
, 41
, 240
, 223
, 58
, 177
, 104
, 222
, 59
, 199
, 82
, 226
, 55
, 154
, 127
, 1
, 280
, 168
, 113
, 172
, 109
, 35
, 246
, 22
, 259
, 41
, 240
, 209
, 72
, 229
, 52
, 198
, 83
, 7
, 274
, 89
, 192
, 206
, 75
, 222
, 59
, 242
, 39
, 2
, 279
, 252
, 29
, 79
, 202
, 13
, 268
, 195
, 86
, 24
, 257
, 78
, 203
, 26
, 255
, 224
, 57
, 37
, 244
, 145
, 136
, 79
, 202
, 196
, 85
, 232
, 49
, 136
, 145
, 247
, 34
, 42
, 239
, 18
, 263
, 211
, 70
, 73
, 208
, 213
, 68
, 263
, 18
, 251
, 30
, 261
, 20
, 259
, 22
, 9
, 272
, 38
, 243
, 124
, 157
, 212
, 69
, 212
, 69
, 262
, 19
, 217
, 64
, 192
, 89
, 18
, 263
, 76
, 205
, 101
, 180
, 22
, 259
, 264
, 17
, 203
, 78
, 56
, 225
, 175
, 106
, 40
, 241
, 249
, 32
, 11
, 270
, 268
, 13
, 88
, 193
, 85
, 196
, 133
, 148
, 233
, 48
, 106
, 175
, 34
, 247
, 98
, 183
, 89
, 192
, 143
, 138
, 102
, 179
, 202
, 79
, 238
, 43
, 181
, 100
, 138
, 143
, 181
, 100
, 254
, 27
, 244
, 37
, 139
, 142
, 98
, 183
, 122
, 159
, 138
, 143
, 273
, 8
, 185
, 96
, 251
, 30
, 147
, 134
, 181
, 100
, 124
, 157
, 84
, 197
, 228
, 53
, 151
, 130
, 74
, 207
, 165
, 116
, 84
, 197
, 64
, 217
, 188
, 93
, 180
, 101
, 247
, 34
, 275
, 6
, 145
, 136
, 253
, 28
, 278
, 3
, 189
, 92
, 193
, 88
, 169
, 68
, 44
