
133
, 17
, 11
, 23
, 5
, 16
, 12
, 9
, 19
, 9
, 19
, 5
, 23
, 8
, 20
, 16
, 12
, 23
, 5
, 2
, 26
, 4
, 24
, 10
, 18
, 13
, 15
, 3
, 25
, 26
, 2
, 20
, 8
, 8
, 20
, 26
, 2
, 23
, 5
, 5
, 23
, 16
, 12
, 11
, 17
, 19
, 9
, 9
, 19
, 18
, 10
, 24
, 4
, 4
, 24
, 21
, 7
, 24
, 4
, 16
, 12
, 26
, 2
, 20
, 8
, 1
, 27
, 6
, 22
, 14
, 14
, 13
, 15
, 8
, 20
, 23
, 5
, 5
, 23
, 14
, 14
, 16
, 12
, 16
, 12
, 9
, 19
, 20
, 8
, 24
, 4
, 14
, 14
, 26
, 2
, 13
, 15
, 14
, 14
, 17
, 11
, 9
, 19
, 9
, 19
, 5
, 23
, 20
, 8
, 12
, 16
, 25
, 3
, 1
, 27
, 17
, 11
, 11
, 17
, 21
, 7
, 13
, 15
, 17
, 11
, 8
, 20
, 25
, 3
, 5
, 23
, 3
, 25
, 14
, 14
, 6
, 22
, 6
, 22
, 1
, 27
, 25
, 3
, 14
, 14
, 23
, 5
, 21
, 7
, 22
, 6
, 1
, 27
, 26
, 2
, 2
, 26
, 1
, 27
, 21
, 7
, 12
, 16
, 20
, 8
, 12
, 16
, 7
, 21
, 26
, 2
, 3
, 25
, 22
, 6
, 9
, 19
, 10
, 18
, 17
, 11
, 7
, 21
, 6
, 22
, 13
, 15
, 13
, 15
, 21
, 7
, 7
, 21
, 25
, 3
, 3
, 25
, 17
, 11
, 22
, 6
, 1
, 27
, 26
, 2
, 9
, 19
, 15
, 13
, 26
, 2
, 5
, 23
, 18
, 10
, 13
, 15
, 19
, 9
, 1
, 27
, 26
, 2
, 6
, 22
, 5
, 23
, 9
, 19
, 12
, 16
, 5
, 23
, 20
, 8
, 3
, 25
, 8
, 20
, 6
, 22
, 12
, 16
, 13
, 15
, 7
, 21
, 11
, 17
, 25
, 3
, 7
, 21
, 3
, 25
, 7
, 21
, 8
, 20
, 11
, 17
, 17
, 11
, 24
, 4
, 20
, 1
, 7
