
1370
, 28
, 254
, 172
, 110
, 32
, 250
, 116
, 166
, 141
, 141
, 22
, 260
, 109
, 173
, 274
, 8
, 31
, 251
, 17
, 265
, 4
, 278
, 166
, 116
, 63
, 219
, 221
, 61
, 260
, 22
, 131
, 151
, 93
, 189
, 14
, 268
, 215
, 67
, 74
, 208
, 45
, 237
, 176
, 106
, 58
, 224
, 33
, 249
, 21
, 261
, 196
, 86
, 98
, 184
, 123
, 159
, 57
, 225
, 56
, 226
, 122
, 160
, 181
, 101
, 31
, 251
, 134
, 148
, 74
, 208
, 172
, 110
, 23
, 259
, 73
, 209
, 226
, 56
, 179
, 103
, 178
, 104
, 260
, 22
, 108
, 174
, 206
, 76
, 103
, 179
, 20
, 262
, 273
, 9
, 125
, 157
, 38
, 244
, 108
, 174
, 99
, 183
, 232
, 50
, 192
, 90
, 152
, 130
, 15
, 267
, 202
, 80
, 222
, 60
, 69
, 213
, 47
, 235
, 263
, 19
, 222
, 60
, 195
, 87
, 262
, 20
, 79
, 203
, 219
, 63
, 166
, 116
, 17
, 265
, 135
, 147
, 280
, 2
, 190
, 92
, 111
, 171
, 18
, 264
, 168
, 114
, 224
, 58
, 186
, 96
, 118
, 164
, 266
, 16
, 71
, 211
, 14
, 268
, 3
, 279
, 279
, 3
, 28
, 254
, 220
, 62
, 25
, 257
, 39
, 243
, 15
, 267
, 44
, 238
, 139
, 143
, 62
, 220
, 170
, 112
, 273
, 9
, 182
, 100
, 273
, 9
, 127
, 155
, 204
, 78
, 57
, 225
, 190
, 92
, 243
, 39
, 253
, 29
, 84
, 198
, 40
, 242
, 145
, 137
, 168
, 114
, 211
, 71
, 154
, 128
, 78
, 204
, 221
, 61
, 167
, 115
, 155
, 127
, 107
, 175
, 174
, 108
, 183
, 99
, 107
, 175
, 115
, 167
, 193
, 89
, 160
, 122
, 37
, 245
, 116
, 166
, 104
, 178
, 113
, 169
, 154
, 128
, 249
, 33
, 205
, 77
, 277
, 5
, 86
, 196
, 211
, 71
, 206
, 76
, 236
, 46
, 151
, 131
, 21
, 261
, 116
, 166
, 23
, 259
, 86
, 196
, 101
, 181
, 56
, 226
, 39
, 243
, 228
, 54
, 87
, 195
, 226
, 56
, 110
, 172
, 75
, 207
, 85
, 197
, 262
, 20
, 223
, 59
, 50
, 232
, 169
, 113
, 162
, 120
, 216
, 66
, 93
, 189
, 273
, 9
, 69
, 213
, 150
, 132
, 245
, 37
, 240
, 42
, 69
, 213
, 86
, 196
, 164
, 118
, 35
, 247
, 173
, 109
, 197
, 85
, 172
, 110
, 40
, 242
, 120
, 162
, 144
, 138
, 218
, 64
, 7
, 275
, 247
, 35
, 201
, 81
, 235
, 47
, 220
, 62
, 65
, 217
, 155
, 127
, 72
, 210
, 66
, 216
, 19
, 263
, 6
, 276
, 269
, 13
, 86
, 196
, 60
, 222
, 181
, 101
, 161
, 121
, 45
, 237
, 33
, 249
, 152
, 130
, 201
, 81
, 67
, 215
, 147
, 135
, 256
, 26
, 119
, 163
, 236
, 46
, 72
, 210
, 162
, 120
, 189
, 93
, 240
, 42
, 151
, 131
, 222
, 60
, 257
, 25
, 9
, 273
, 64
, 218
, 219
, 63
, 135
, 147
, 194
, 88
, 262
, 20
, 274
, 8
, 119
, 163
, 257
, 25
, 85
, 197
, 58
, 224
, 156
, 126
, 162
, 120
, 33
, 249
, 175
, 107
, 107
, 175
, 175
, 107
, 206
, 76
, 97
, 185
, 83
, 199
, 256
, 26
, 89
, 193
, 134
, 148
, 135
, 147
, 148
, 134
, 194
, 88
, 126
, 156
, 182
, 100
, 241
, 41
, 233
, 49
, 128
, 154
, 4
, 278
, 167
, 115
, 102
, 180
, 205
, 77
, 70
, 212
, 152
, 130
, 178
, 104
, 219
, 63
, 15
, 267
, 161
, 121
, 132
, 150
, 52
, 230
, 45
, 237
, 167
, 115
, 91
, 191
, 176
, 106
, 266
, 16
, 124
, 158
, 96
, 186
, 6
, 276
, 141
, 141
, 20
, 262
, 201
, 81
, 261
, 21
, 177
, 105
, 6
, 276
, 174
, 108
, 196
, 86
, 7
, 275
, 271
, 11
, 163
, 119
, 121
, 161
, 56
, 226
, 68
, 214
, 15
, 267
, 225
, 57
, 170
, 112
, 131
, 151
, 88
, 194
, 233
, 49
, 32
, 250
, 109
, 173
, 62
, 220
, 159
, 123
, 226
, 56
, 119
, 163
, 52
, 230
, 219
, 63
, 158
, 124
, 218
, 64
, 29
, 253
, 99
, 183
, 157
, 125
, 9
, 273
, 76
, 206
, 230
, 52
, 123
, 159
, 230
, 52
, 267
, 15
, 107
, 175
, 185
, 97
, 218
, 64
, 75
, 207
, 240
, 42
, 122
, 160
, 22
, 260
, 169
, 113
, 91
, 191
, 81
, 201
, 49
, 233
, 105
, 177
, 136
, 146
, 154
, 128
, 225
, 57
, 258
, 24
, 253
, 29
, 158
, 124
, 220
, 62
, 238
, 44
, 14
, 268
, 70
, 212
, 57
, 225
, 136
, 146
, 86
, 196
, 277
, 5
, 18
, 264
, 146
, 136
, 83
, 199
, 166
, 116
, 170
, 112
, 22
, 260
, 267
, 15
, 66
, 216
, 64
, 218
, 11
, 271
, 174
, 108
, 250
, 32
, 270
, 12
, 167
, 115
, 136
, 146
, 158
, 124
, 26
, 256
, 18
, 264
, 123
, 159
, 276
, 6
, 264
, 18
, 252
, 30
, 133
, 149
, 14
, 268
, 237
, 45
, 137
, 145
, 65
, 217
, 146
, 136
, 249
, 33
, 153
, 129
, 40
, 242
, 220
, 62
, 116
, 166
, 223
, 59
, 275
, 7
, 122
, 160
, 151
, 131
, 44
, 238
, 253
, 29
, 50
, 232
, 137
, 145
, 120
, 162
, 242
, 40
, 184
, 98
, 168
, 114
, 46
, 236
, 278
, 4
, 96
, 186
, 170
, 112
, 240
, 42
, 146
, 136
, 267
, 15
, 25
, 257
, 107
, 175
, 23
, 259
, 248
, 34
, 44
, 238
, 240
, 42
, 137
, 145
, 195
, 87
, 97
, 185
, 154
, 128
, 145
, 137
, 58
, 224
, 8
, 274
, 7
, 275
, 36
, 246
, 277
, 5
, 242
, 40
, 117
, 165
, 171
, 111
, 165
, 117
, 126
, 156
, 231
, 51
, 33
, 249
, 130
, 152
, 102
, 180
, 16
, 266
, 20
, 262
, 181
, 101
, 268
, 14
, 203
, 79
, 162
, 120
, 108
, 174
, 168
, 114
, 102
, 180
, 127
, 155
, 1
, 281
, 57
, 225
, 148
, 134
, 177
, 105
, 239
, 43
, 85
, 197
, 87
, 195
, 252
, 30
, 117
, 165
, 129
, 153
, 141
, 141
, 177
, 105
, 100
, 182
, 245
, 37
, 34
, 248
, 196
, 86
, 43
, 239
, 197
, 85
, 139
, 143
, 95
, 187
, 62
, 220
, 275
, 7
, 237
, 45
, 227
, 55
, 16
, 266
, 90
, 192
, 255
, 27
, 263
, 19
, 192
, 90
, 60
, 222
, 14
, 268
, 139
, 143
, 18
, 264
, 49
, 233
, 43
, 239
, 20
, 262
, 60
, 222
, 3
, 279
, 178
, 104
, 59
, 223
, 138
, 144
, 162
, 120
, 181
, 101
, 48
, 234
, 33
, 249
, 98
, 184
, 105
, 177
, 268
, 14
, 46
, 236
, 113
, 169
, 145
, 137
, 57
, 225
, 271
, 11
, 122
, 160
, 77
, 205
, 243
, 39
, 8
, 274
, 245
, 37
, 279
, 3
, 241
, 41
, 203
, 79
, 150
, 132
, 242
, 40
, 233
, 49
, 233
, 49
, 226
, 56
, 78
, 204
, 128
, 154
, 242
, 40
, 232
, 50
, 55
, 227
, 76
, 206
, 177
, 105
, 72
, 210
, 141
, 141
, 72
, 210
, 212
, 70
, 239
, 43
, 268
, 14
, 137
, 145
, 280
, 2
, 250
, 32
, 192
, 90
, 110
, 172
, 93
, 189
, 225
, 57
, 196
, 86
, 97
, 185
, 188
, 94
, 272
, 10
, 134
, 148
, 37
, 245
, 37
, 245
, 26
, 256
, 259
, 23
, 244
, 38
, 157
, 125
, 146
, 136
, 280
, 2
, 270
, 12
, 27
, 255
, 30
, 252
, 237
, 45
, 132
, 150
, 261
, 21
, 179
, 103
, 277
, 5
, 265
, 17
, 208
, 74
, 103
, 179
, 211
, 71
, 261
, 21
, 64
, 218
, 218
, 64
, 59
, 223
, 135
, 147
, 185
, 97
, 237
, 45
, 176
, 106
, 159
, 123
, 93
, 189
, 242
, 40
, 31
, 251
, 179
, 103
, 263
, 19
, 94
, 188
, 58
, 224
, 202
, 80
, 251
, 31
, 182
, 100
, 80
, 202
, 56
, 226
, 37
, 245
, 218
, 64
, 260
, 22
, 253
, 29
, 46
, 236
, 190
, 92
, 183
, 99
, 66
, 216
, 58
, 224
, 70
, 212
, 94
, 188
, 272
, 10
, 14
, 268
, 76
, 206
, 107
, 175
, 119
, 163
, 198
, 84
, 104
, 178
, 152
, 130
, 235
, 47
, 132
, 150
, 15
, 267
, 196
, 86
, 92
, 190
, 241
, 41
, 274
, 8
, 209
, 73
, 252
, 30
, 16
, 266
, 59
, 223
, 75
, 207
, 61
, 221
, 195
, 87
, 275
, 7
, 236
, 46
, 219
, 63
, 180
, 102
, 215
, 67
, 255
, 27
, 278
, 4
, 139
, 143
, 170
, 112
, 236
, 46
, 93
, 189
, 148
, 134
, 255
, 27
, 242
, 40
, 225
, 57
, 58
, 224
, 101
, 181
, 124
, 158
, 200
, 82
, 178
, 104
, 235
, 47
, 49
, 233
, 13
, 269
, 53
, 229
, 33
, 249
, 8
, 274
, 33
, 249
, 12
, 270
, 82
, 200
, 13
, 269
, 104
, 178
, 122
, 160
, 153
, 129
, 229
, 53
, 182
, 100
, 194
, 88
, 88
, 194
, 84
, 198
, 235
, 47
, 42
, 240
, 181
, 101
, 30
, 252
, 51
, 231
, 20
, 262
, 65
, 217
, 85
, 197
, 190
, 92
, 160
, 122
, 254
, 28
, 49
, 233
, 194
, 88
, 272
, 10
, 86
, 196
, 127
, 155
, 278
, 4
, 101
, 181
, 88
, 194
, 264
, 18
, 111
, 171
, 159
, 123
, 155
, 127
, 193
, 89
, 207
, 75
, 169
, 113
, 192
, 90
, 67
, 215
, 61
, 221
, 141
, 141
, 104
, 178
, 179
, 103
, 106
, 176
, 145
, 137
, 126
, 156
, 115
, 167
, 179
, 103
, 168
, 114
, 206
, 76
, 162
, 120
, 96
, 186
, 230
, 52
, 217
, 65
, 219
, 63
, 203
, 79
, 77
, 205
, 175
, 107
, 129
, 153
, 138
, 144
, 191
, 91
, 145
, 137
, 144
, 138
, 267
, 15
, 237
, 45
, 189
, 93
, 47
, 235
, 215
, 67
, 267
, 15
, 55
, 227
, 145
, 137
, 177
, 105
, 238
, 44
, 37
, 245
, 276
, 6
, 15
, 267
, 61
, 221
, 233
, 49
, 242
, 40
, 196
, 86
, 134
, 148
, 23
, 259
, 149
, 133
, 235
, 47
, 102
, 180
, 60
, 222
, 216
, 66
, 270
, 12
, 66
, 216
, 195
, 87
, 118
, 164
, 196
, 86
, 106
, 176
, 161
, 121
, 16
, 266
, 160
, 122
, 274
, 8
, 3
, 279
, 116
, 166
, 192
, 90
, 79
, 203
, 64
, 218
, 155
, 127
, 145
, 137
, 1
, 281
, 43
, 239
, 55
, 227
, 53
, 229
, 177
, 105
, 214
, 68
, 47
, 235
, 57
, 225
, 142
, 140
, 101
, 181
, 8
, 274
, 107
, 175
, 185
, 97
, 103
, 179
, 211
, 71
, 234
, 48
, 127
, 155
, 16
, 266
, 277
, 5
, 139
, 143
, 196
, 86
, 269
, 13
, 35
, 247
, 266
, 16
, 155
, 127
, 21
, 261
, 236
, 46
, 92
, 190
, 225
, 57
, 179
, 103
, 207
, 75
, 36
, 246
, 206
, 76
, 272
, 10
, 31
, 251
, 16
, 266
, 96
, 186
, 93
, 189
, 28
, 254
, 117
, 165
, 140
, 142
, 62
, 220
, 271
, 11
, 121
, 161
, 242
, 40
, 240
, 42
, 105
, 177
, 140
, 142
, 192
, 90
, 103
, 179
, 52
, 230
, 24
, 258
, 145
, 137
, 117
, 165
, 81
, 201
, 239
, 43
, 224
, 58
, 211
, 71
, 278
, 4
, 259
, 23
, 237
, 45
, 60
, 222
, 246
, 36
, 62
, 220
, 182
, 100
, 51
, 231
, 237
, 45
, 148
, 134
, 43
, 239
, 150
, 132
, 30
, 252
, 68
, 214
, 173
, 109
, 160
, 122
, 68
, 214
, 257
, 25
, 191
, 91
, 34
, 248
, 135
, 147
, 66
, 216
, 274
, 8
, 20
, 262
, 93
, 189
, 266
, 16
, 164
, 118
, 55
, 227
, 71
, 211
, 119
, 163
, 63
, 219
, 268
, 14
, 235
, 47
, 11
, 271
, 115
, 167
, 7
, 275
, 78
, 204
, 262
, 20
, 12
, 270
, 124
, 158
, 220
, 62
, 25
, 257
, 150
, 132
, 7
, 275
, 160
, 122
, 266
, 16
, 10
, 272
, 200
, 82
, 68
, 214
, 118
, 164
, 44
, 238
, 129
, 153
, 181
, 101
, 190
, 92
, 140
, 142
, 29
, 253
, 165
, 117
, 262
, 20
, 193
, 89
, 62
, 220
, 242
, 40
, 57
, 225
, 214
, 68
, 50
, 232
, 35
, 247
, 157
, 125
, 168
, 114
, 227
, 55
, 231
, 51
, 233
, 49
, 90
, 192
, 258
, 24
, 86
, 196
, 160
, 122
, 133
, 149
, 151
, 131
, 26
, 256
, 112
, 170
, 85
, 197
, 257
, 25
, 173
, 109
, 139
, 143
, 70
, 212
, 222
, 60
, 83
, 199
, 145
, 137
, 279
, 3
, 21
, 261
, 133
, 149
, 70
, 212
, 197
, 85
, 203
, 79
, 145
, 137
, 62
, 220
, 111
, 171
, 158
, 124
, 41
, 241
, 117
, 165
, 45
, 237
, 141
, 141
, 9
, 273
, 71
, 211
, 40
, 242
, 209
, 73
, 192
, 90
, 262
, 20
, 194
, 88
, 9
, 273
, 137
, 145
, 106
, 176
, 57
, 225
, 45
, 237
, 157
, 125
, 190
, 92
, 215
, 67
, 127
, 155
, 248
, 34
, 204
, 78
, 238
, 44
, 205
, 77
, 116
, 166
, 51
, 231
, 122
, 160
, 82
, 200
, 137
, 145
, 17
, 265
, 164
, 118
, 239
, 43
, 19
, 263
, 92
, 190
, 33
, 249
, 188
, 94
, 74
, 208
, 64
, 218
, 85
, 197
, 16
, 266
, 103
, 179
, 196
, 86
, 119
, 163
, 101
, 181
, 275
, 7
, 38
, 244
, 266
, 16
, 162
, 120
, 43
, 239
, 172
, 110
, 68
, 214
, 185
, 97
, 69
, 213
, 214
, 68
, 163
, 119
, 169
, 113
, 39
, 243
, 7
, 275
, 54
, 228
, 236
, 46
, 12
, 270
, 12
, 270
, 31
, 251
, 140
, 142
, 27
, 255
, 91
, 191
, 227
, 55
, 109
, 173
, 214
, 68
, 247
, 35
, 217
, 65
, 93
, 189
, 91
, 191
, 74
, 208
, 61
, 221
, 176
, 106
, 272
, 10
, 43
, 239
, 86
, 196
, 129
, 153
, 26
, 256
, 139
, 143
, 274
, 8
, 188
, 94
, 159
, 123
, 65
, 217
, 231
, 51
, 274
, 8
, 264
, 18
, 39
, 243
, 2
, 280
, 163
, 119
, 107
, 175
, 216
, 66
, 145
, 137
, 141
, 141
, 156
, 126
, 52
, 230
, 167
, 115
, 22
, 260
, 234
, 48
, 16
, 266
, 101
, 181
, 212
, 70
, 21
, 261
, 208
, 74
, 85
, 197
, 91
, 191
, 188
, 94
, 123
, 159
, 136
, 146
, 257
, 25
, 133
, 149
, 260
, 22
, 127
, 155
, 46
, 236
, 268
, 14
, 251
, 31
, 253
, 29
, 110
, 172
, 52
, 230
, 196
, 86
, 217
, 65
, 191
, 91
, 17
, 265
, 190
, 92
, 280
, 2
, 25
, 257
, 25
, 257
, 150
, 132
, 271
, 11
, 39
, 243
, 68
, 214
, 5
, 277
, 95
, 187
, 270
, 12
, 255
, 27
, 125
, 157
, 90
, 192
, 204
, 78
, 19
, 263
, 237
, 45
, 82
, 200
, 100
, 182
, 166
, 116
, 139
, 143
, 151
, 131
, 7
, 275
, 14
, 268
, 238
, 44
, 105
, 177
, 155
, 127
, 41
, 241
, 85
, 197
, 104
, 178
, 12
, 270
, 37
, 245
, 118
, 164
, 250
, 32
, 106
, 176
, 123
, 159
, 236
, 46
, 254
, 28
, 46
, 236
, 179
, 103
, 208
, 74
, 105
, 177
, 32
, 250
, 268
, 14
, 48
, 234
, 253
, 29
, 251
, 31
, 264
, 18
, 191
, 91
, 77
, 205
, 196
, 86
, 236
, 46
, 178
, 104
, 36
, 246
, 104
, 178
, 154
, 128
, 234
, 48
, 62
, 220
, 145
, 137
, 246
, 36
, 105
, 177
, 98
, 184
, 266
, 16
, 122
, 160
, 276
, 6
, 253
, 29
, 273
, 9
, 4
, 278
, 280
, 2
, 79
, 203
, 50
, 232
, 239
, 43
, 144
, 138
, 154
, 128
, 271
, 11
, 144
, 138
, 102
, 180
, 75
, 207
, 5
, 277
, 70
, 212
, 179
, 103
, 20
, 262
, 187
, 95
, 193
, 89
, 153
, 129
, 219
, 63
, 8
, 274
, 213
, 69
, 170
, 112
, 87
, 195
, 192
, 90
, 11
, 271
, 230
, 52
, 105
, 177
, 66
, 216
, 222
, 60
, 270
, 12
, 187
, 95
, 141
, 141
, 103
, 179
, 106
, 176
, 42
, 240
, 130
, 152
, 48
, 234
, 144
, 138
, 189
, 93
, 241
, 41
, 237
, 45
, 44
, 238
, 57
, 225
, 228
, 54
, 1
, 281
, 205
, 77
, 192
, 90
, 132
, 150
, 9
, 273
, 216
, 66
, 152
, 130
, 204
, 78
, 163
, 119
, 220
, 62
, 132
, 150
, 22
, 260
, 38
, 244
, 187
, 95
, 176
, 106
, 126
, 156
, 228
, 54
, 93
, 189
, 76
, 206
, 95
, 187
, 24
, 258
, 77
, 205
, 226
, 56
, 98
, 184
, 25
, 257
, 31
, 251
, 270
, 12
, 210
, 72
, 154
, 128
, 2
, 280
, 280
, 2
, 199
, 83
, 128
, 154
, 30
, 252
, 161
, 121
, 179
, 103
, 277
, 5
, 153
, 129
, 276
, 6
, 182
, 100
, 20
, 262
, 206
, 76
, 116
, 166
, 135
, 147
, 181
, 101
, 16
, 266
, 264
, 18
, 244
, 38
, 25
, 257
, 19
, 263
, 122
, 160
, 99
, 183
, 147
, 135
, 52
, 230
, 5
, 277
, 122
, 160
, 170
, 112
, 149
, 133
, 213
, 69
, 60
, 222
, 14
, 268
, 243
, 39
, 33
, 249
, 241
, 41
, 187
, 95
, 223
, 59
, 136
, 146
, 197
, 85
, 44
, 238
, 147
, 135
, 193
, 89
, 4
, 278
, 91
, 191
, 150
, 132
, 13
, 269
, 4
, 278
, 91
, 191
, 157
, 125
, 24
, 258
, 233
, 49
, 252
, 30
, 176
, 106
, 224
, 58
, 104
, 178
, 23
, 259
, 138
, 144
, 223
, 59
, 45
, 237
, 261
, 21
, 225
, 57
, 211
, 71
, 215
, 67
, 103
, 179
, 265
, 17
, 77
, 205
, 201
, 81
, 63
, 219
, 13
, 269
, 177
, 105
, 123
, 159
, 51
, 231
, 279
, 3
, 69
, 213
, 31
, 251
, 75
, 207
, 143
, 139
, 216
, 66
, 49
, 233
, 278
, 4
, 49
, 233
, 97
, 185
, 2
, 280
, 6
, 276
, 214
, 68
, 135
, 147
, 210
, 72
, 228
, 54
, 212
, 70
, 55
, 227
, 32
, 250
, 206
, 76
, 12
, 270
, 225
, 57
, 61
, 221
, 263
, 19
, 158
, 124
, 250
, 32
, 20
, 262
, 229
, 53
, 33
, 249
, 54
, 228
, 225
, 57
, 110
, 172
, 116
, 166
, 226
, 56
, 90
, 192
, 191
, 91
, 89
, 193
, 101
, 181
, 238
, 44
, 94
, 188
, 103
, 179
, 10
, 272
, 91
, 191
, 232
, 50
, 110
, 172
, 80
, 202
, 164
, 118
, 30
, 252
, 216
, 66
, 119
, 163
, 40
, 242
, 166
, 116
, 26
, 256
, 68
, 214
, 26
, 256
, 219
, 63
, 264
, 18
, 222
, 60
, 170
, 112
, 46
, 236
, 126
, 156
, 199
, 83
, 227
, 55
, 8
, 274
, 211
, 71
, 93
, 189
, 23
, 259
, 149
, 133
, 234
, 48
, 126
, 156
, 7
, 275
, 36
, 246
, 41
, 241
, 191
, 91
, 207
, 75
, 219
, 63
, 260
, 22
, 120
, 162
, 86
, 196
, 17
, 265
, 184
, 98
, 96
, 186
, 203
, 79
, 26
, 256
, 139
, 143
, 26
, 256
, 225
, 57
, 53
, 229
, 260
, 22
, 253
, 29
, 46
, 236
, 147
, 135
, 224
, 58
, 248
, 34
, 256
, 26
, 39
, 243
, 205
, 77
, 149
, 133
, 107
, 175
, 114
, 168
, 4
, 278
, 245
, 37
, 146
, 136
, 104
, 178
, 264
, 18
, 137
, 145
, 213
, 69
, 169
, 113
, 66
, 216
, 154
, 128
, 148
, 134
, 242
, 40
, 255
, 27
, 266
, 16
, 205
, 77
, 68
, 214
, 94
, 188
, 168
, 114
, 16
, 266
, 152
, 130
, 19
, 263
, 228
, 54
, 160
, 122
, 31
, 251
, 270
, 12
, 269
, 13
, 280
, 2
, 89
, 193
, 190
, 92
, 264
, 18
, 250
, 32
, 80
, 202
, 177
, 105
, 180
, 102
, 200
, 82
, 145
, 137
, 55
, 227
, 167
, 115
, 49
, 233
, 234
, 48
, 83
, 199
, 151
, 131
, 111
, 171
, 276
, 6
, 23
, 259
, 211
, 71
, 59
, 223
, 255
, 27
, 271
, 11
, 153
, 129
, 149
, 133
, 19
, 263
, 217
, 65
, 56
, 226
, 222
, 60
, 199
, 83
, 175
, 107
, 137
, 145
, 86
, 196
, 262
, 20
, 187
, 95
, 275
, 7
, 204
, 78
, 39
, 243
, 120
, 162
, 25
, 257
, 43
, 239
, 216
, 66
, 81
, 201
, 46
, 236
, 171
, 111
, 258
, 24
, 218
, 64
, 122
, 160
, 162
, 120
, 28
, 254
, 57
, 225
, 221
, 61
, 165
, 117
, 22
, 260
, 205
, 77
, 10
, 272
, 73
, 209
