
137
, 1
, 59
, 21
, 39
, 49
, 11
, 10
, 50
, 31
, 29
, 56
, 4
, 25
, 35
, 3
, 57
, 31
, 29
, 34
, 26
, 11
, 49
, 5
, 55
, 37
, 23
, 30
, 30
, 42
, 18
, 45
, 15
, 21
, 39
, 57
, 3
, 27
, 33
, 11
, 49
, 49
, 11
, 6
, 54
, 13
, 47
, 42
, 18
, 30
, 30
, 52
, 8
, 19
, 41
, 13
, 47
, 8
, 52
, 39
, 21
, 2
, 58
, 54
, 6
, 23
, 37
, 33
, 27
, 19
, 41
, 24
, 36
, 29
, 31
, 22
, 38
, 21
, 39
, 24
, 36
, 55
, 5
, 57
, 3
, 20
, 40
, 20
, 40
, 2
, 58
, 5
, 55
, 14
, 46
, 28
, 32
, 13
, 47
, 16
, 44
, 54
, 6
, 53
, 7
, 5
, 55
, 19
, 41
, 39
, 21
, 54
, 6
, 31
, 29
, 56
, 4
, 30
, 30
, 48
, 12
, 10
, 50
, 29
, 31
, 50
, 10
, 43
, 17
, 51
, 9
, 19
, 41
, 26
, 34
, 24
, 36
, 6
, 54
, 42
, 18
, 1
, 59
, 29
, 31
, 4
, 56
, 48
, 12
, 14
, 46
, 8
, 52
, 56
, 4
, 35
, 25
, 58
, 2
, 11
, 49
, 6
, 54
, 42
, 18
, 54
, 6
, 43
, 17
, 30
, 30
, 57
, 3
, 5
, 55
, 12
, 48
, 14
, 46
, 38
, 22
, 53
, 7
, 30
, 30
, 41
, 19
, 37
, 23
, 47
, 13
, 32
, 28
, 16
, 44
, 25
, 35
, 35
, 25
, 40
, 20
, 19
, 41
, 33
, 27
, 5
, 55
, 39
, 21
, 29
, 31
, 15
, 45
, 49
, 11
, 1
, 59
, 53
, 7
, 20
, 40
, 39
, 21
, 46
, 14
, 19
, 41
, 30
, 30
, 18
, 42
, 28
, 32
, 45
, 15
, 42
, 18
, 2
, 58
, 37
, 23
, 9
, 51
, 15
, 45
, 39
, 21
, 58
, 2
, 52
, 8
, 23
, 37
, 9
, 51
, 34
, 26
, 58
, 2
, 2
, 58
, 38
, 22
, 28
, 32
, 42
, 18
, 51
, 9
, 35
, 25
, 57
, 3
, 13
, 47
