
137
, 5
, 76
, 53
, 28
, 1
, 80
, 12
, 69
, 78
, 3
, 60
, 21
, 70
, 11
, 28
, 53
, 42
, 39
, 59
, 22
, 69
, 12
, 24
, 57
, 40
, 41
, 51
, 30
, 74
, 7
, 19
, 62
, 59
, 22
, 57
, 24
, 5
, 76
, 12
, 69
, 34
, 47
, 34
, 47
, 48
, 33
, 52
, 29
, 3
, 78
, 59
, 22
, 17
, 64
, 48
, 33
, 33
, 48
, 3
, 78
, 52
, 29
, 13
, 68
, 50
, 31
, 18
, 63
, 77
, 4
, 29
, 52
, 70
, 11
, 77
, 4
, 32
, 49
, 79
, 2
, 44
, 37
, 72
, 9
, 8
, 73
, 22
, 59
, 39
, 42
, 15
, 66
, 38
, 43
, 31
, 50
, 62
, 19
, 36
, 45
, 37
, 44
, 50
, 31
, 72
, 9
, 60
, 21
, 9
, 72
, 36
, 45
, 21
, 60
, 45
, 36
, 78
, 3
, 45
, 36
, 72
, 9
, 2
, 79
, 55
, 26
, 77
, 4
, 48
, 33
, 48
, 33
, 62
, 19
, 11
, 70
, 6
, 75
, 67
, 14
, 20
, 61
, 29
, 52
, 61
, 20
, 25
, 56
, 21
, 60
, 27
, 54
, 53
, 28
, 52
, 29
, 25
, 56
, 74
, 7
, 37
, 44
, 7
, 74
, 36
, 45
, 65
, 16
, 19
, 62
, 56
, 25
, 12
, 69
, 49
, 32
, 53
, 28
, 44
, 37
, 56
, 25
, 30
, 51
, 59
, 22
, 26
, 55
, 69
, 12
, 8
, 73
, 56
, 25
, 46
, 35
, 26
, 55
, 23
, 58
, 19
, 62
, 74
, 7
, 20
, 61
, 51
, 30
, 51
, 30
, 27
, 54
, 18
, 63
, 19
, 62
, 68
, 13
, 68
, 13
, 78
, 3
, 23
, 58
, 63
, 18
, 69
, 12
, 65
, 16
, 4
, 77
, 33
, 48
, 4
, 77
, 3
, 78
, 36
, 45
, 34
, 47
, 74
, 7
, 29
, 52
, 79
, 2
, 29
, 52
, 69
, 12
, 42
, 39
, 43
, 38
, 24
, 57
, 54
, 27
, 30
, 51
, 73
, 8
, 48
, 33
, 23
, 58
, 8
, 73
, 41
, 40
, 56
, 16
, 9
