
141
, 152
, 137
, 249
, 40
, 102
, 187
, 191
, 98
, 191
, 98
, 127
, 162
, 76
, 213
, 41
, 248
, 207
, 82
, 62
, 227
, 194
, 95
, 191
, 98
, 251
, 38
, 95
, 194
, 9
, 280
, 7
, 282
, 128
, 161
, 137
, 152
, 284
, 5
, 259
, 30
, 238
, 51
, 212
, 77
, 147
, 142
, 127
, 162
, 157
, 132
, 193
, 96
, 149
, 140
, 106
, 183
, 255
, 34
, 52
, 237
, 50
, 239
, 126
, 163
, 242
, 47
, 241
, 48
, 260
, 29
, 220
, 69
, 57
, 232
, 75
, 214
, 95
, 194
, 24
, 265
, 119
, 170
, 80
, 209
, 275
, 14
, 86
, 203
, 43
, 246
, 124
, 165
, 258
, 31
, 34
, 255
, 98
, 191
, 143
, 146
, 94
, 195
, 214
, 75
, 132
, 157
, 68
, 221
, 100
, 189
, 6
, 283
, 160
, 129
, 4
, 285
, 118
, 171
, 27
, 262
, 166
, 123
, 255
, 34
, 125
, 164
, 194
, 95
, 135
, 154
, 221
, 68
, 229
, 60
, 140
, 149
, 203
, 86
, 74
, 215
, 252
, 37
, 106
, 183
, 269
, 20
, 168
, 121
, 250
, 39
, 54
, 235
, 63
, 226
, 102
, 187
, 218
, 71
, 254
, 35
, 183
, 106
, 53
, 236
, 161
, 128
, 261
, 28
, 237
, 52
, 63
, 226
, 105
, 184
, 192
, 97
, 74
, 215
, 100
, 189
, 127
, 162
, 72
, 217
, 238
, 51
, 42
, 247
, 135
, 154
, 91
, 198
, 184
, 105
, 140
, 149
, 10
, 279
, 253
, 36
, 172
, 117
, 54
, 235
, 181
, 108
, 45
, 244
, 201
, 88
, 149
, 140
, 240
, 49
, 211
, 78
, 285
, 4
, 275
, 14
, 171
, 118
, 30
, 259
, 153
, 136
, 52
, 237
, 211
, 78
, 145
, 144
, 162
, 127
, 201
, 88
, 270
, 19
, 64
, 225
, 103
, 186
, 25
, 264
, 242
, 47
, 52
, 237
, 168
, 121
, 279
, 10
, 18
, 271
, 8
, 281
, 101
, 188
, 175
, 114
, 225
, 64
, 254
, 35
, 244
, 45
, 161
, 128
, 142
, 147
, 41
, 248
, 158
, 131
, 132
, 157
, 44
, 245
, 176
, 113
, 70
, 57
, 162
