
142
, 129
, 168
, 172
, 125
, 104
, 193
, 77
, 220
, 97
, 200
, 176
, 121
, 159
, 138
, 272
, 25
, 190
, 107
, 80
, 217
, 130
, 167
, 125
, 172
, 135
, 162
, 142
, 155
, 56
, 241
, 204
, 93
, 67
, 230
, 259
, 38
, 117
, 180
, 86
, 211
, 154
, 143
, 282
, 15
, 136
, 161
, 218
, 79
, 61
, 236
, 247
, 50
, 176
, 121
, 156
, 141
, 22
, 275
, 165
, 132
, 146
, 151
, 114
, 183
, 292
, 5
, 164
, 133
, 34
, 263
, 32
, 265
, 59
, 238
, 93
, 204
, 174
, 123
, 202
, 95
, 188
, 109
, 209
, 88
, 116
, 181
, 250
, 47
, 257
, 40
, 17
, 280
, 198
, 99
, 243
, 54
, 123
, 174
, 40
, 257
, 162
, 135
, 177
, 120
, 94
, 203
, 17
, 280
, 257
, 40
, 177
, 120
, 200
, 97
, 170
, 127
, 75
, 222
, 279
, 18
, 64
, 233
, 284
, 13
, 78
, 219
, 93
, 204
, 83
, 214
, 36
, 261
, 87
, 210
, 59
, 238
, 168
, 129
, 124
, 173
, 226
, 71
, 176
, 121
, 120
, 177
, 161
, 136
, 145
, 152
, 257
, 40
, 74
, 223
, 190
, 107
, 128
, 169
, 163
, 134
, 68
, 229
, 179
, 118
, 50
, 247
, 276
, 21
, 240
, 57
, 160
, 137
, 66
, 231
, 160
, 137
, 11
, 286
, 275
, 22
, 239
, 58
, 46
, 251
, 103
, 194
, 214
, 83
, 159
, 138
, 208
, 89
, 185
, 112
, 218
, 79
, 52
, 245
, 88
, 209
, 105
, 192
, 33
, 264
, 50
, 247
, 35
, 262
, 217
, 80
, 102
, 195
, 39
, 258
, 219
, 78
, 78
, 219
, 113
, 184
, 95
, 202
, 108
, 189
, 284
, 13
, 137
, 160
, 111
, 186
, 59
, 238
, 177
, 120
, 168
, 129
, 121
, 176
, 230
, 67
, 44
, 253
, 152
, 145
, 181
, 116
, 189
, 108
, 111
, 186
, 126
, 171
, 209
, 88
, 71
, 226
, 214
, 83
, 249
, 48
, 203
, 94
, 291
, 6
, 14
, 283
, 64
, 233
, 64
, 233
, 280
, 17
, 200
, 97
, 229
, 68
, 91
, 206
, 82
, 215
, 160
, 137
, 100
, 197
