
142
, 45
, 196
, 122
, 119
, 210
, 31
, 93
, 148
, 108
, 133
, 82
, 159
, 76
, 165
, 120
, 121
, 78
, 163
, 45
, 196
, 77
, 164
, 96
, 145
, 206
, 35
, 13
, 228
, 226
, 15
, 183
, 58
, 139
, 102
, 78
, 163
, 59
, 182
, 10
, 231
, 115
, 126
, 68
, 173
, 78
, 163
, 124
, 117
, 141
, 100
, 210
, 31
, 105
, 136
, 96
, 145
, 168
, 73
, 83
, 158
, 144
, 97
, 212
, 29
, 197
, 44
, 2
, 239
, 208
, 33
, 169
, 72
, 32
, 209
, 182
, 59
, 115
, 126
, 208
, 33
, 172
, 69
, 6
, 235
, 42
, 199
, 51
, 190
, 218
, 23
, 51
, 190
, 54
, 187
, 148
, 93
, 80
, 161
, 116
, 125
, 166
, 75
, 222
, 19
, 189
, 52
, 138
, 103
, 19
, 222
, 192
, 49
, 65
, 176
, 212
, 29
, 33
, 208
, 210
, 31
, 85
, 156
, 97
, 144
, 49
, 192
, 64
, 177
, 7
, 234
, 180
, 61
, 190
, 51
, 61
, 180
, 162
, 79
, 199
, 42
, 224
, 17
, 85
, 156
, 90
, 151
, 27
, 214
, 129
, 112
, 177
, 64
, 101
, 140
, 155
, 86
, 30
, 211
, 235
, 6
, 167
, 74
, 69
, 172
, 123
, 118
, 196
, 45
, 73
, 168
, 37
, 204
, 14
, 227
, 99
, 142
, 165
, 76
, 201
, 40
, 122
, 119
, 153
, 88
, 222
, 19
, 157
, 84
, 13
, 228
, 235
, 6
, 96
, 145
, 180
, 61
, 220
, 21
, 16
, 225
, 213
, 28
, 140
, 101
, 42
, 199
, 56
, 185
, 69
, 172
, 98
, 143
, 20
, 221
, 218
, 23
, 202
, 39
, 27
, 214
, 121
, 120
, 111
, 130
, 87
, 154
, 81
, 160
, 55
, 186
, 202
, 39
, 167
, 74
, 165
, 76
, 75
, 166
, 120
, 121
, 3
, 238
, 31
, 210
, 140
, 101
, 191
, 50
, 55
, 186
, 48
, 193
, 215
, 26
, 68
, 173
, 22
, 219
, 41
, 200
, 232
, 9
, 167
, 74
, 144
, 97
, 140
, 101
, 6
, 235
, 41
, 200
, 182
, 59
, 150
, 91
, 68
, 173
, 154
, 87
, 56
, 185
, 118
, 31
, 92
