
2875
861
767
680
164
144
703
171
313
180
780
552
112
173
583
473
556
469
159
504
638
146
841
696
480
115
403
333
764
285
857
182
223
957
368
137
934
448
599
114
461
711
425
808
320
722
264
538
248
151
962
329
985
950
816
660
449
703
290
452
511
884
266
398
619
302
414
191
627
919
986
375
112
653
546
111
128
533
453
315
381
633
671
576
357
450
325
801
391
201
261
116
758
470
475
858
211
941
671
560
295
143
832
159
504
498
323
314
301
835
791
769
644
531
494
399
899
368
505
892
446
760
284
517
338
562
405
202
153
672
481
314
927
649
280
725
735
628
872
834
948
911
666
857
869
977
595
961
251
969
704
361
631
129
825
490
863
595
101
280
633
856
771
691
105
128
821
182
837
656
229
130
437
520
562
854
591
500
535
109
745
871
748
794
138
712
320
896
813
309
423
995
483
267
345
880
857
918
824
187
793
172
185
321
731
872
361
359
684
913
672
711
162
499
206
824
271
132
459
746
746
268
861
195
917
569
798
863
364
438
212
228
306
430
467
842
695
179
958
453
679
902
818
110
524
912
813
638
128
695
109
719
168
869
390
832
901
462
442
402
984
718
812
298
570
519
712
797
147
628
768
996
159
420
113
222
279
179
614
551
914
618
757
196
525
171
691
782
954
659
807
450
678
954
870
660
886
886
537
694
612
803
788
925
788
909
429
820
896
954
592
932
805
862
410
252
353
678
120
321
370
558
249
113
364
571
344
674
113
273
461
957
381
593
543
781
798
829
594
471
830
368
378
880
371
865
283
224
395
107
386
170
737
434
150
360
170
596
182
500
758
483
586
681
715
920
399
974
979
203
191
917
631
406
725
146
971
612
216
995
457
650
977
828
692
922
396
312
470
895
399
714
792
639
437
296
813
935
487
479
547
681
418
930
494
490
592
741
201
486
644
142
669
984
893
116
661
551
615
553
844
996
161
141
611
433
409
851
786
386
562
897
669
829
578
442
948
720
316
967
670
777
843
464
645
468
392
247
243
275
745
272
733
166
544
791
439
864
370
193
966
935
531
243
116
917
972
745
443
748
262
248
379
689
186
978
639
643
293
420
248
964
137
247
313
430
266
752
877
786
505
597
697
912
327
735
835
531
149
985
641
490
939
195
526
377
430
931
236
642
440
354
535
862
395
704
390
187
654
167
107
971
946
954
111
334
901
723
132
863
892
346
791
607
670
944
828
544
359
709
466
406
531
212
156
973
825
489
383
452
555
248
988
772
991
244
497
376
260
395
187
961
101
360
215
243
158
273
573
563
583
441
282
573
645
704
876
796
847
168
820
114
818
126
215
324
541
361
668
700
988
576
219
712
500
852
828
443
791
562
496
814
218
607
217
819
422
813
836
205
722
605
993
195
258
960
113
785
334
378
742
245
342
498
928
525
198
862
183
828
476
501
815
577
927
690
522
383
196
353
669
281
901
617
210
260
428
136
999
834
204
676
113
864
324
659
370
380
295
556
600
573
497
224
154
381
967
526
220
854
176
704
882
505
184
705
225
569
190
240
757
941
398
219
433
793
186
650
762
297
370
399
836
944
658
837
820
252
900
221
274
547
217
967
677
378
272
309
289
345
218
512
225
748
261
663
544
603
963
459
988
690
192
370
757
756
249
256
388
530
666
756
347
720
882
391
505
748
833
935
191
356
369
563
350
600
261
549
426
228
286
126
267
579
635
478
388
497
295
227
897
921
834
397
241
862
371
222
165
869
940
109
341
287
895
909
133
703
860
468
974
835
943
329
825
821
415
655
511
741
947
874
324
545
810
367
700
409
339
709
740
489
993
345
784
440
227
883
646
1000
711
116
489
252
423
512
999
876
371
648
521
802
622
928
970
367
767
272
351
616
872
903
365
884
424
677
335
346
899
684
555
160
321
243
758
671
180
180
828
435
578
374
228
182
705
827
116
922
582
454
971
965
417
911
841
565
533
700
617
383
853
820
828
256
464
373
606
295
280
161
526
320
669
768
309
743
145
152
365
858
200
225
155
446
381
225
271
927
526
568
993
298
677
828
916
583
952
104
743
103
677
855
533
644
197
826
858
129
768
477
603
607
422
637
592
478
192
509
917
208
115
203
777
870
765
278
794
349
307
912
137
357
288
574
738
912
446
931
191
899
503
688
957
177
778
387
340
830
436
500
145
185
111
785
269
711
288
932
443
657
894
377
536
785
998
549
476
783
249
669
677
488
836
363
148
830
744
624
494
888
400
282
521
956
104
931
762
869
178
568
724
799
354
882
339
594
233
541
514
848
890
765
417
762
841
971
681
333
572
649
991
993
614
454
912
305
769
567
807
347
992
562
469
400
738
626
376
896
366
974
224
430
896
756
449
244
396
434
315
384
486
645
202
705
913
239
914
469
606
586
723
965
483
399
884
329
591
602
792
304
126
369
929
108
699
931
325
873
846
936
439
193
913
131
360
677
476
723
718
773
946
939
311
196
202
378
658
382
966
258
568
824
813
967
255
821
372
968
128
429
844
426
930
359
620
496
997
942
111
395
744
980
802
575
546
755
177
944
396
136
543
865
130
628
1000
538
577
529
185
430
861
745
426
952
451
903
831
803
471
209
185
478
301
997
661
457
460
245
494
397
942
745
847
524
666
749
705
420
719
614
959
317
885
818
788
563
187
140
941
830
412
316
587
334
320
811
441
615
707
587
901
175
755
983
215
179
666
250
372
904
346
674
424
230
446
577
180
201
576
693
524
409
330
895
212
216
478
595
933
508
818
695
487
541
360
119
457
320
196
861
222
419
635
542
194
369
135
855
333
282
361
299
638
777
759
212
390
924
226
267
899
789
769
326
348
777
754
841
264
717
605
748
231
287
795
424
789
481
811
138
915
800
307
491
159
953
339
942
803
163
962
840
164
809
470
976
625
297
489
233
363
600
139
704
381
383
797
118
363
361
835
792
205
785
280
347
736
672
287
590
435
168
499
330
612
492
690
774
189
895
900
651
272
331
697
990
430
975
947
598
965
245
973
769
352
569
932
635
584
476
111
546
134
399
941
745
277
288
318
456
849
562
962
984
741
347
965
731
859
211
211
550
522
645
801
836
417
744
234
871
220
414
324
672
575
755
239
737
411
835
576
621
759
119
408
170
509
385
387
555
417
357
838
838
428
383
421
611
810
935
397
814
728
224
745
638
946
949
338
813
124
637
722
178
852
706
195
811
348
866
187
650
721
369
670
281
979
512
407
270
449
592
588
151
689
644
334
860
332
149
785
979
799
593
560
380
563
956
782
590
834
493
865
984
629
317
936
494
580
181
572
433
462
345
351
367
248
807
584
846
774
388
820
555
410
776
909
907
998
889
752
479
652
317
729
652
736
125
805
511
550
628
426
657
684
653
516
404
506
944
366
132
839
976
153
692
137
405
863
561
633
881
164
309
346
515
860
821
300
407
950
848
848
570
595
733
130
962
283
752
659
104
635
264
669
924
439
615
154
342
789
495
685
524
502
349
208
679
358
279
580
912
163
552
552
401
920
870
351
727
346
734
925
199
978
161
310
546
263
259
862
127
106
788
844
444
443
569
698
201
533
301
407
107
755
139
966
764
888
385
704
995
288
268
934
227
330
979
108
977
261
773
129
358
113
208
415
159
848
604
230
386
805
354
998
454
881
542
566
527
618
917
169
538
598
462
179
797
178
510
483
305
597
614
404
616
576
521
366
698
423
743
119
321
472
275
929
132
592
245
209
968
354
174
656
545
622
962
840
167
346
958
428
956
740
281
175
645
645
171
740
895
835
852
303
156
843
281
398
141
757
120
548
928
686
381
224
366
506
725
998
979
242
575
818
236
994
840
529
346
378
571
448
550
832
765
652
451
676
997
739
638
377
284
722
752
989
789
240
807
328
710
933
470
385
228
892
177
404
425
548
738
897
583
704
264
480
427
847
332
618
865
344
821
704
983
883
488
572
354
797
453
628
788
788
472
171
783
298
736
119
834
195
433
840
812
250
937
215
781
861
268
433
946
817
267
840
106
360
994
325
315
280
653
861
354
606
271
579
232
603
754
770
533
213
849
512
409
379
641
295
496
691
443
668
952
302
483
153
528
614
965
589
951
385
530
669
178
839
887
434
307
274
345
491
830
216
225
777
711
972
780
992
631
722
675
935
621
940
123
793
215
771
330
101
713
725
628
451
246
358
648
840
229
995
882
506
963
739
697
243
550
684
827
686
239
428
931
126
307
862
814
512
324
692
665
574
692
987
212
627
811
539
886
784
983
264
368
694
204
912
617
745
353
137
720
423
495
443
356
471
879
147
643
705
512
258
353
413
678
391
219
537
908
734
735
536
204
488
391
441
173
611
361
898
527
381
708
526
763
721
577
172
302
805
458
455
203
716
803
570
835
384
311
599
810
812
861
337
906
639
662
708
769
928
925
131
675
229
691
612
608
616
787
184
538
826
256
505
542
903
283
453
133
923
839
359
390
554
457
103
173
575
265
799
107
533
180
514
380
104
442
943
467
773
749
988
927
994
179
986
596
836
181
705
812
359
153
596
681
364
593
642
520
201
823
818
886
366
888
357
860
853
284
782
266
676
332
672
557
817
113
339
501
479
735
391
632
309
151
580
355
907
119
499
944
300
273
997
752
717
622
843
627
564
864
400
697
877
580
588
711
870
650
562
895
163
417
255
600
874
581
418
922
940
577
535
778
204
925
742
360
607
573
957
947
788
706
864
763
707
852
314
729
137
906
832
818
307
231
705
773
816
550
313
719
920
694
965
930
690
821
442
596
131
549
426
736
657
944
916
372
356
370
125
352
234
170
835
139
186
717
869
222
830
122
580
442
388
806
924
623
941
433
842
888
903
905
756
833
981
372
732
624
562
473
796
515
118
809
134
126
959
785
787
762
259
913
762
910
986
492
448
982
949
546
449
320
308
933
963
995
491
359
293
956
178
325
470
725
886
898
991
972
739
886
824
206
154
248
416
901
201
723
971
437
663
708
815
911
670
333
202
655
363
542
920
694
852
378
218
280
600
572
442
872
809
636
492
258
328
686
458
214
417
605
792
210
387
700
960
876
314
291
223
469
240
707
239
668
391
139
328
131
704
375
594
784
818
197
470
870
588
393
745
764
701
918
138
806
150
792
834
898
952
197
754
839
778
102
219
549
840
168
338
687
542
837
224
895
336
982
148
921
105
915
691
127
870
409
413
576
872
163
708
374
878
799
303
140
447
581
910
801
774
484
780
413
141
146
409
632
961
851
947
731
567
820
709
112
141
453
768
611
576
121
846
651
181
937
695
605
432
200
354
624
303
534
590
122
838
774
129
601
345
939
221
632
973
774
978
770
996
364
937
767
459
417
165
300
442
290
354
479
641
550
675
533
213
990
682
858
596
350
994
755
401
783
785
941
591
344
138
136
250
384
638
858
596
798
678
708
641
294
292
974
909
613
568
170
450
902
100
543
851
217
493
307
755
430
760
266
241
564
545
824
301
172
658
999
614
733
977
979
430
854
236
442
589
579
232
760
260
859
658
262
334
963
234
779
886
278
219
421
873
452
962
205
675
372
565
250
748
632
491
321
561
440
543
611
410
356
136
576
344
689
606
197
324
798
226
336
239
352
946
844
867
345
668
382
189
406
777
143
921
799
173
935
608
275
876
374
625
522
729
906
364
769
261
487
785
224
274
433
442
170
171
793
576
442
959
992
173
475
330
453
227
854
103
311
716
597
979
167
663
965
682
547
396
703
791
829
386
818
504
630
448
804
178
653
197
462
424
970
868
912
978
280
135
752
534
577
181
473
877
943
731
730
237
361
829
865
414
530
630
711
349
945
816
496
785
978
370
425
288
766
774
373
846
962
689
217
734
934
480
572
668
642
154
355
317
964
550
823
894
873
557
844
610
990
525
747
791
352
983
256
310
502
398
502
644
551
591
685
678
434
811
301
676
308
128
716
760
792
607
966
313
858
114
517
225
626
643
723
745
732
912
543
526
725
629
654
873
226
931
515
852
885
439
173
179
708
698
368
875
982
672
749
989
959
188
768
503
876
546
346
479
125
632
706
719
753
473
360
143
209
919
887
816
882
101
451
943
454
467
510
403
567
811
828
763
264
146
137
990
409
753
248
852
544
392
184
368
781
432
286
834
639
324
171
865
214
165
848
556
573
539
195
629
200
195
373
176
401
898
973
279
892
560
833
956
969
938
789
173
415
742
977
822
721
274
849
847
687
332
621
267
860
220
273
278
699
152
392
254
345
351
913
427
640
737
176
692
374
108
285
952
929
750
381
202
792
902
215
796
531
445
888
479
445
800
773
849
326
276
729
239
982
242
206
883
445
157
572
486
589
122
208
857
740
831
886
631
717
777
308
365
422
173
421
943
907
816
714
478
726
925
948
253
846
637
278
546
316
575
984
389
429
648
845
231
803
853
694
174
684
777
994
998
738
739
300
369
1000
280
426
565
378
170
157
589
488
354
918
811
449
821
872
534
185
760
769
869
151
745
393
50
50
50
51
51
52
53
53
55
55
56
56
56
57
59
61
61
61
62
62
64
64
65
65
65
66
67
67
67
67
67
67
68
69
70
70
71
72
72
73
74
74
74
75
76
77
80
81
84
84
86
86
87
87
88
88
88
89
89
90
91
93
94
94
95
95
96
97
97
99
99
99
100
100
100
100
101
101
102
102
103
103
103
104
104
104
104
105
105
105
106
106
107
107
107
108
109
109
109
110
110
110
111
111
111
111
113
113
113
115
115
116
116
116
116
118
118
118
119
119
119
120
120
120
120
121
122
124
124
125
125
127
130
130
131
132
132
134
135
136
136
136
137
137
138
139
140
141
141
142
143
145
146
147
147
147
147
148
149
149
150
150
150
151
152
152
153
153
154
154
155
156
156
157
157
158
159
160
160
162
164
164
166
166
167
168
168
169
170
170
170
170
171
172
172
173
173
174
174
175
176
177
178
178
179
179
180
180
181
181
181
181
183
183
183
184
184
185
185
185
186
187
187
187
187
187
188
188
188
189
189
190
190
190
191
192
192
194
195
197
197
198
199
202
203
203
203
203
204
205
207
207
207
207
208
209
210
211
212
212
213
214
217
220
220
222
222
222
223
223
224
225
225
225
225
226
228
232
232
234
235
235
235
238
238
238
238
239
239
240
241
241
242
243
244
244
244
246
247
248
250
251
253
253
254
254
255
255
258
258
258
258
261
263
263
264
264
265
265
267
267
268
269
270
271
271
271
272
273
274
275
276
277
277
278
281
281
281
282
282
283
286
286
287
288
289
289
291
291
291
293
293
294
295
296
297
298
298
298
299
300
300
300
301
303
303
305
305
308
308
308
309
310
310
310
311
311
311
311
313
313
313
314
314
314
315
315
316
316
316
317
318
318
319
319
322
322
322
322
322
323
323
324
324
324
325
325
326
328
328
329
329
330
330
332
332
332
333
333
334
334
334
335
335
336
336
336
336
337
337
338
339
339
341
341
341
341
342
342
342
343
345
345
345
346
347
347
348
349
349
349
350
350
354
355
356
356
357
358
359
360
360
361
362
363
365
365
366
367
367
367
367
369
369
370
370
372
372
372
372
373
374
375
378
378
378
379
379
379
380
380
380
381
382
382
383
383
383
384
385
385
385
385
386
386
387
389
389
389
390
390
390
391
391
392
392
392
393
393
396
400
400
401
401
402
402
404
406
406
407
408
408
410
412
413
413
413
413
413
414
415
415
415
415
416
416
420
421
422
423
424
424
424
425
426
426
426
427
427
427
428
429
429
429
429
431
432
432
432
433
434
434
435
436
438
440
440
441
442
443
445
445
445
447
447
447
450
451
452
452
453
454
457
457
457
457
458
459
460
461
461
462
465
466
467
468
468
468
468
470
471
471
473
475
476
476
476
477
478
479
479
479
481
482
482
483
484
485
485
486
488
488
488
489
490
490
491
491
491
492
492
492
493
493
495
495
495
496
496
496
497
497
497
498
498
499
499
499
500
501
501
501
502
502
503
503
504
505
505
505
507
508
508
509
509
509
511
514
514
514
515
516
517
518
518
519
520
520
521
522
522
523
523
524
526
527
528
529
531
532
532
533
533
533
534
534
534
535
536
536
536
536
537
537
539
539
539
540
541
542
544
545
545
546
547
547
548
549
549
549
549
551
551
551
552
552
552
553
553
553
553
554
555
556
557
562
564
564
564
564
564
565
566
566
567
567
567
568
568
568
569
569
569
569
569
570
570
571
572
572
573
573
574
574
575
575
576
576
577
579
579
580
581
583
583
583
584
586
586
588
589
589
589
590
590
590
592
592
593
595
596
597
597
597
598
598
599
600
601
601
601
602
602
603
603
603
603
604
604
604
605
605
605
605
606
607
607
610
611
611
611
612
612
613
613
613
613
614
615
615
615
616
618
619
619
620
620
620
620
621
622
623
623
623
624
624
625
625
625
626
626
628
630
631
632
634
635
637
637
637
638
638
639
639
639
639
640
641
643
643
645
645
646
647
648
648
649
649
649
649
650
650
650
650
651
653
655
655
655
657
657
659
661
662
662
662
663
664
665
666
668
669
670
670
670
670
671
674
676
676
677
677
678
678
678
678
679
679
680
680
682
683
683
683
684
686
686
689
691
691
692
692
694
694
695
697
698
699
699
699
700
700
700
702
702
703
704
705
705
705
706
706
707
707
708
709
710
711
711
711
714
714
714
715
715
715
716
716
716
717
717
717
718
719
719
719
720
720
720
721
722
722
723
724
724
725
728
728
729
730
730
731
731
734
734
734
734
736
736
737
737
738
738
739
739
739
740
740
743
744
746
747
747
747
748
748
749
749
750
750
751
751
751
751
751
752
752
753
753
754
754
754
754
755
755
755
756
756
756
758
758
761
762
762
763
763
763
765
766
766
766
766
766
767
768
768
768
770
770
771
772
772
776
776
777
777
778
778
778
778
779
780
781
781
783
783
784
785
787
787
787
788
789
789
789
789
790
790
792
792
793
793
793
794
795
795
798
798
799
799
799
800
800
800
801
802
803
803
804
805
805
806
806
809
810
810
812
812
813
814
815
815
816
817
817
817
818
819
820
821
821
822
825
825
826
827
829
831
831
835
836
837
837
837
838
838
838
839
839
840
840
841
845
846
848
848
848
849
849
849
850
850
850
850
850
850
850
852
853
854
854
855
856
856
857
857
859
859
860
860
861
861
861
863
863
864
864
866
866
866
867
867
867
868
869
871
872
872
873
873
874
874
876
878
878
880
880
880
881
881
882
882
884
886
886
888
889
889
889
889
892
892
894
894
895
895
897
897
897
897
898
899
899
900
900
900
903
904
905
907
908
908
909
910
911
911
911
912
913
914
915
916
917
917
918
918
918
918
919
919
919
920
920
921
921
922
922
922
922
923
924
924
925
926
927
928
928
929
929
930
930
930
931
931
931
932
933
933
934
934
935
935
935
935
935
936
936
937
937
938
939
939
939
941
947
947
947
948
948
948
949
949
950
950
952
952
952
953
953
954
955
955
955
957
958
958
959
960
960
960
961
961
962
963
963
964
965
966
966
967
968
968
969
969
970
970
971
971
971
972
972
973
973
973
974
974
977
978
980
981
981
981
982
983
983
983
984
984
984
988
989
990
990
990
990
990
991
991
992
992
992
992
992
993
993
994
995
1000
1001
1001
1002
1004
1004
1005
1005
1005
1006
1007
1007
1008
1008
1008
1008
1009
1011
1012
1013
1014
1015
1015
1015
1016
1017
1017
1017
1017
1020
1021
1021
1021
1022
1022
1023
1023
1023
1024
1025
1026
1026
1026
1027
1028
1029
1029
1031
1032
1032
1033
1035
1036
1037
1038
1038
1038
1039
1040
1040
1040
1041
1042
1043
1044
1045
1047
1048
1049
1049
1051
1051
1053
1053
1054
1056
1056
1057
1057
1058
1058
1058
1059
1059
1060
1061
1064
1064
1066
1066
1067
1068
1068
1069
1069
1069
1069
1069
1070
1070
1071
1071
1071
1071
1073
1073
1075
1075
1075
1078
1078
1079
1082
1083
1083
1084
1084
1084
1085
1086
1086
1086
1086
1086
1088
1089
1091
1093
1093
1093
1094
1095
1096
1096
1097
1097
1097
1098
1098
1098
1098
1102
1102
1102
1105
1107
1109
1109
1109
1111
1111
1112
1117
1118
1118
1118
1118
1119
1120
1120
1121
1122
1122
1122
1123
1123
1125
1127
1128
1128
1129
1130
1130
1130
1131
1131
1133
1133
1134
1135
1135
1136
1136
1136
1137
1137
1137
1139
1139
1139
1139
1140
1142
1143
1143
1143
1143
1143
1144
1145
1145
1145
1147
1147
1148
1149
1149
1151
1152
1153
1154
1156
1156
1156
1157
1158
1158
1158
1159
1160
1161
1161
1162
1162
1163
1163
1163
1164
1165
1165
1165
1166
1166
1166
1167
1168
1168
1169
1169
1170
1171
1172
1172
1172
1173
1174
1174
1174
1175
1175
1176
1176
1176
1176
1177
1177
1177
1178
1178
1180
1181
1183
1183
1184
1185
1186
1186
1186
1186
1186
1187
1188
1189
1189
1189
1189
1190
1190
1191
1195
1195
1196
1196
1198
1198
1200
1200
1201
1201
1202
1203
1203
1204
1204
1205
1207
1208
1208
1208
1209
1210
1213
1213
1215
1215
1216
1217
1217
1217
1217
1218
1220
1220
1221
1222
1222
1222
1223
1224
1225
1227
1228
1228
1228
1229
1229
1229
1229
1229
1230
1231
1231
1232
1232
1232
1237
1237
1237
1238
1238
1238
1239
1240
1241
1241
1242
1242
1243
1243
1243
1244
1244
1244
1245
1245
1245
1245
1246
1246
1247
1248
1249
1249
1249
1251
1251
1251
1254
1254
1255
1256
1256
1258
1259
1259
1260
1260
1260
1261
1261
1261
1261
1261
1263
1263
1264
1265
1266
1267
1267
1267
1268
1269
1269
1270
1271
1274
1274
1276
1278
1279
1280
1280
1281
1281
1282
1282
1283
1283
1284
1285
1286
1286
1286
1287
1290
1291
1291
1292
1292
1292
1293
1293
1294
1294
1294
1294
1294
1294
1295
1295
1295
1296
1296
1297
1297
1298
1298
1299
1299
1300
1301
1301
1302
1303
1304
1305
1308
1309
1310
1310
1310
1311
1312
1313
1314
1314
1317
1317
1318
1318
1318
1320
1321
1322
1324
1325
1325
1326
1326
1326
1327
1328
1330
1330
1330
1332
1332
1333
1334
1334
1334
1334
1335
1335
1336
1337
1337
1338
1339
1339
1339
1341
1341
1342
1343
1344
1344
1344
1344
1345
1348
1349
1349
1351
1351
1351
1352
1353
1354
1355
1355
1357
1358
1361
1361
1363
1363
1363
1364
1365
1365
1366
1366
1366
1368
1368
1368
1368
1370
1370
1370
1371
1371
1372
1372
1372
1373
1373
1374
1374
1375
1376
1377
1378
1378
1378
1378
1379
1379
1379
1380
1380
1381
1383
1383
1384
1384
1384
1385
1385
1386
1386
1387
1387
1388
1388
1388
1389
1389
1389
1390
1390
1391
1391
1393
1394
1396
1396
1397
1398
1399
1399
1400
1401
1401
1402
1404
1405
1405
1406
1407
1409
1409
1410
1411
1411
1412
1412
1414
1414
1416
1416
1416
1418
1418
1420
1421
1421
1421
1422
1422
1423
1423
1424
1425
1426
1427
1429
1430
1431
1431
1431
1431
1433
1433
1434
1434
1434
1435
1435
1438
1439
1439
1440
1441
1441
1442
1442
1443
1444
1444
1444
1444
1446
1446
1446
1446
1447
1449
1449
1450
1451
1454
1454
1455
1455
1456
1456
1457
1457
1459
1459
1460
1461
1461
1462
1462
1462
1463
1463
1463
1466
1466
1467
1467
1467
1470
1471
1472
1472
1473
1473
1473
1474
1474
1474
1475
1475
1476
1476
1476
1477
1478
1479
1479
1479
1480
1480
1480
1481
1482
1482
1482
1483
1483
1485
1485
1486
1486
1487
1487
1488
1490
1493
1493
1493
1493
1495
1495
1495
1495
1496
1496
1496
1497
1499
1499
1499
1500
1500
1500
1501
1501
1502
1502
1502
1502
1503
1503
1504
1506
1506
1506
1506
1506
1509
1510
1511
1511
1512
1512
1512
1512
1512
1513
1514
1517
1517
1517
1518
1518
1519
1519
1520
1521
1522
1523
1523
1523
1523
1523
1523
1524
1524
1524
1527
1528
1530
1532
1533
1534
1535
1535
1535
1536
1537
1538
1538
1538
1539
1539
1539
1539
1540
1542
1543
1543
1543
1544
1544
1544
1544
1545
1545
1546
1546
1546
1549
1549
1549
1549
1550
1552
1556
1556
1556
1557
1557
1559
1559
1559
1560
1560
1561
1564
1565
1566
1566
1566
1566
1566
1567
1567
1567
1568
1568
1569
1569
1569
1569
1570
1571
1572
1572
1573
1573
1574
1574
1576
1577
1577
1578
1579
1582
1583
1584
1584
1585
1585
1585
1585
1585
1585
1586
1586
1586
1587
1587
1587
1589
1589
1590
1591
1591
1592
1592
1592
1593
1593
1594
1594
1596
1596
1597
1597
1598
1598
1598
1598
1600
1601
1603
1604
1604
1604
1604
1606
1607
1608
1608
1609
1609
1610
1611
1611
1611
1611
1612
1613
1613
1615
1616
1616
1617
1617
1618
1619
1623
1624
1624
1624
1626
1626
1626
1627
1628
1628
1629
1630
1630
1630
1631
1632
1632
1634
1635
1635
1637
1637
1637
1638
1638
1639
1639
1639
1640
1640
1640
1640
1640
1640
1641
1641
1642
1644
1644
1644
1644
1645
1646
1646
1646
1647
1647
1648
1648
1650
1651
1651
1651
1652
1653
1654
1654
1655
1658
1658
1659
1659
1660
1660
1662
1663
1663
1665
1665
1668
1669
1670
1670
1671
1672
1672
1674
1674
1676
1676
1676
1677
1677
1677
1679
1679
1679
1680
1680
1680
1680
1683
1684
1684
1684
1686
1687
1687
1687
1687
1688
1688
1689
1691
1691
1692
1693
1694
1695
1697
1699
1700
1700
1701
1702
1702
1702
1702
1702
1704
1704
1704
1704
1704
1705
1705
1706
1706
1706
1707
1707
1707
1707
1708
1709
1709
1709
1709
1710
1710
1711
1711
1711
1711
1711
1712
1712
1713
1715
1716
1716
1717
1717
1718
1719
1719
1721
1722
1722
1723
1724
1725
1725
1725
1725
1728
1728
1732
1732
1732
1733
1733
1733
1733
1733
1734
1734
1737
1737
1737
1738
1738
1738
1738
1738
1739
1741
1741
1742
1742
1742
1743
1744
1745
1746
1746
1746
1746
1748
1749
1751
1751
1752
1752
1752
1752
1754
1754
1754
1755
1755
1756
1756
1757
1758
1758
1759
1759
1760
1760
1761
1762
1762
1762
1763
1764
1764
1764
1765
1766
1766
1767
1767
1767
1769
1769
1770
1770
1770
1771
1772
1773
1773
1773
1775
1776
1776
1777
1777
1778
1778
1779
1779
1781
1781
1782
1782
1782
1783
1783
1784
1784
1785
1787
1787
1788
1788
1789
1789
1789
1791
1792
1793
1793
1793
1794
1794
1794
1795
1795
1797
1797
1798
1799
1799
1799
1799
1800
1800
1801
1804
1805
1807
1808
1808
1809
1809
1811
1811
1813
1814
1814
1814
1815
1817
1819
1819
1820
1820
1821
1822
1822
1822
1822
1822
1823
1824
1825
1825
1825
1825
1826
1826
1826
1826
1827
1827
1828
1829
1831
1833
1833
1833
1834
1834
1834
1834
1836
1836
1837
1838
1839
1839
1839
1840
1841
1841
1842
1842
1843
1843
1844
1844
1845
1845
1845
1846
1846
1847
1847
1848
1848
1849
1850
1851
1852
1852
1853
1854
1854
1855
1856
1857
1857
1858
1859
1860
1860
1862
1863
1865
1866
1867
1868
1869
1870
1870
1870
1870
1871
1872
1872
1872
1872
1872
1873
1873
1875
1876
1876
1876
1879
1880
1881
1882
1882
1884
1884
1885
1886
1886
1887
1888
1890
1892
1892
1892
1893
1894
1894
1895
1895
1895
1896
1896
1898
1899
1899
1900
1900
1900
1901
1901
1902
1902
1902
1903
1903
1904
1906
1907
1907
1907
1908
1909
1914
1914
1915
1916
1916
1916
1917
1917
1917
1921
1921
1921
1921
1921
1922
1923
1923
1924
1926
1926
1927
1927
1929
1931
1933
1936
1937
1937
1937
1938
1939
1939
1940
1942
1943
1943
1943
1943
1946
1947
1947
1948
1949
1951
1951
1952
1952
1953
1954
1955
1956
1956
1956
1957
1958
1959
1959
1960
1961
1967
1968
1968
1968
1968
1969
1970
1971
1972
1974
1974
1974
1974
1974
1977
1978
1978
1978
1979
1979
1981
1982
1982
1982
1983
1984
1984
1984
1984
1985
1985
1986
1987
1987
1988
1988
1988
1988
1989
1989
1989
1991
1992
1992
1993
1995
1996
1997
1997
1998
1998
1999
1999
1999
1999
2000
