
144
, 225
, 48
, 180
, 93
, 188
, 85
, 228
, 45
, 140
, 133
, 101
, 172
, 225
, 48
, 252
, 21
, 182
, 91
, 28
, 245
, 186
, 87
, 158
, 115
, 127
, 146
, 133
, 140
, 232
, 41
, 256
, 17
, 76
, 197
, 123
, 150
, 29
, 244
, 101
, 172
, 209
, 64
, 22
, 251
, 152
, 121
, 222
, 51
, 200
, 73
, 37
, 236
, 27
, 246
, 110
, 163
, 195
, 78
, 207
, 66
, 49
, 224
, 8
, 265
, 172
, 101
, 175
, 98
, 126
, 147
, 52
, 221
, 68
, 205
, 69
, 204
, 71
, 202
, 40
, 233
, 110
, 163
, 164
, 109
, 233
, 40
, 80
, 193
, 192
, 81
, 228
, 45
, 206
, 67
, 149
, 124
, 53
, 220
, 265
, 8
, 183
, 90
, 189
, 84
, 173
, 100
, 159
, 114
, 161
, 112
, 34
, 239
, 18
, 255
, 17
, 256
, 131
, 142
, 159
, 114
, 222
, 51
, 178
, 95
, 16
, 257
, 99
, 174
, 52
, 221
, 188
, 85
, 144
, 129
, 137
, 136
, 21
, 252
, 69
, 204
, 77
, 196
, 131
, 142
, 234
, 39
, 66
, 207
, 68
, 205
, 243
, 30
, 200
, 73
, 214
, 59
, 33
, 240
, 109
, 164
, 211
, 62
, 44
, 229
, 102
, 171
, 81
, 192
, 154
, 119
, 110
, 163
, 103
, 170
, 7
, 266
, 190
, 83
, 33
, 240
, 117
, 156
, 194
, 79
, 47
, 226
, 28
, 245
, 221
, 52
, 79
, 194
, 131
, 142
, 186
, 87
, 34
, 239
, 245
, 28
, 180
, 93
, 110
, 163
, 14
, 259
, 181
, 92
, 102
, 171
, 79
, 194
, 116
, 157
, 165
, 108
, 9
, 264
, 265
, 8
, 40
, 233
, 144
, 129
, 241
, 32
, 170
, 103
, 208
, 65
, 180
, 93
, 87
, 186
, 49
, 224
, 207
, 66
, 20
, 253
, 253
, 20
, 92
, 181
, 25
, 248
, 80
, 193
, 129
, 144
, 86
, 187
, 4
, 269
, 221
, 52
, 110
, 163
, 113
, 160
, 249
, 24
, 65
, 208
, 151
, 122
, 177
, 96
, 166
, 107
, 131
, 142
, 242
, 31
, 182
, 91
, 164
, 109
, 2
, 271
, 182
, 91
, 27
, 246
, 3
, 270
, 229
, 1
, 43
