
145
, 37
, 56
, 3
, 90
, 53
, 40
, 30
, 63
, 80
, 13
, 18
, 75
, 37
, 56
, 68
, 25
, 4
, 89
, 24
, 69
, 24
, 69
, 49
, 44
, 19
, 74
, 89
, 4
, 46
, 47
, 51
, 42
, 82
, 11
, 35
, 58
, 65
, 28
, 33
, 60
, 75
, 18
, 17
, 76
, 83
, 10
, 10
, 83
, 64
, 29
, 89
, 4
, 85
, 8
, 37
, 56
, 55
, 38
, 80
, 13
, 74
, 19
, 18
, 75
, 48
, 45
, 53
, 40
, 33
, 60
, 79
, 14
, 78
, 15
, 79
, 14
, 87
, 6
, 63
, 30
, 52
, 41
, 61
, 32
, 51
, 42
, 81
, 12
, 18
, 75
, 64
, 29
, 28
, 65
, 49
, 44
, 42
, 51
, 15
, 78
, 33
, 60
, 39
, 54
, 81
, 12
, 77
, 16
, 45
, 48
, 66
, 27
, 17
, 76
, 58
, 35
, 34
, 59
, 2
, 91
, 33
, 60
, 71
, 22
, 54
, 39
, 62
, 31
, 25
, 68
, 14
, 79
, 1
, 92
, 2
, 91
, 15
, 78
, 76
, 17
, 61
, 32
, 75
, 18
, 72
, 21
, 42
, 51
, 20
, 73
, 64
, 29
, 43
, 50
, 12
, 81
, 37
, 56
, 11
, 82
, 9
, 84
, 2
, 91
, 2
, 91
, 26
, 67
, 36
, 57
, 16
, 77
, 73
, 20
, 10
, 83
, 10
, 83
, 67
, 26
, 27
, 66
, 85
, 8
, 76
, 17
, 53
, 40
, 37
, 56
, 3
, 90
, 88
, 5
, 23
, 70
, 36
, 57
, 88
, 5
, 58
, 35
, 70
, 23
, 85
, 8
, 62
, 31
, 42
, 51
, 40
, 53
, 77
, 16
, 62
, 31
, 56
, 37
, 70
, 23
, 32
, 61
, 91
, 2
, 25
, 68
, 33
, 60
, 55
, 38
, 36
, 57
, 86
, 7
, 35
, 58
, 17
, 76
, 2
, 91
, 14
, 79
, 50
, 43
, 81
, 12
, 83
, 10
, 33
, 60
, 72
, 21
, 79
, 14
, 52
, 41
, 9
, 84
, 58
, 35
, 34
, 59
, 9
, 84
, 27
, 66
, 15
, 78
, 16
, 77
, 67
, 26
, 13
, 80
, 34
, 59
, 42
, 51
, 5
, 88
, 66
, 27
, 27
, 66
, 42
, 51
, 47
, 46
, 30
, 63
