
146
, 181
, 92
, 264
, 9
, 35
, 238
, 185
, 88
, 239
, 34
, 152
, 121
, 33
, 240
, 38
, 235
, 243
, 30
, 214
, 59
, 104
, 169
, 32
, 241
, 264
, 9
, 78
, 195
, 169
, 104
, 56
, 217
, 122
, 151
, 61
, 212
, 136
, 137
, 224
, 49
, 31
, 242
, 89
, 184
, 219
, 54
, 195
, 78
, 187
, 86
, 239
, 34
, 215
, 58
, 254
, 19
, 33
, 240
, 198
, 75
, 177
, 96
, 172
, 101
, 233
, 40
, 234
, 39
, 34
, 239
, 166
, 107
, 51
, 222
, 93
, 180
, 147
, 126
, 94
, 179
, 51
, 222
, 35
, 238
, 21
, 252
, 218
, 55
, 142
, 131
, 182
, 91
, 54
, 219
, 91
, 182
, 71
, 202
, 135
, 138
, 25
, 248
, 84
, 189
, 126
, 147
, 121
, 152
, 174
, 99
, 126
, 147
, 140
, 133
, 144
, 129
, 251
, 22
, 149
, 124
, 35
, 238
, 75
, 198
, 27
, 246
, 141
, 132
, 6
, 267
, 268
, 5
, 7
, 266
, 209
, 64
, 144
, 129
, 228
, 45
, 256
, 17
, 224
, 49
, 27
, 246
, 26
, 247
, 112
, 161
, 137
, 136
, 205
, 68
, 222
, 51
, 140
, 133
, 7
, 266
, 103
, 170
, 271
, 2
, 227
, 46
, 132
, 141
, 225
, 48
, 6
, 267
, 17
, 256
, 114
, 159
, 158
, 115
, 215
, 58
, 198
, 75
, 28
, 245
, 27
, 246
, 27
, 246
, 87
, 186
, 114
, 159
, 55
, 218
, 152
, 121
, 223
, 50
, 159
, 114
, 153
, 120
, 186
, 87
, 183
, 90
, 251
, 22
, 107
, 166
, 82
, 191
, 93
, 180
, 197
, 76
, 16
, 257
, 13
, 260
, 35
, 238
, 215
, 58
, 163
, 110
, 52
, 221
, 138
, 135
, 219
, 54
, 122
, 151
, 157
, 116
, 192
, 81
, 108
, 165
, 221
, 52
, 80
, 193
, 199
, 74
, 26
, 247
, 16
, 257
, 76
, 197
, 177
, 96
, 11
, 262
, 237
, 36
, 134
, 139
, 271
, 2
, 86
, 187
, 156
, 117
, 255
, 18
, 138
, 135
, 189
, 84
, 8
, 265
, 225
, 48
, 126
, 147
, 127
, 146
, 33
, 240
, 123
, 150
, 227
, 46
, 2
, 271
, 99
, 174
, 36
, 237
