
1480
, 101
, 190
, 111
, 180
, 132
, 159
, 12
, 279
, 17
, 274
, 123
, 168
, 284
, 7
, 80
, 211
, 207
, 84
, 233
, 58
, 5
, 286
, 2
, 289
, 250
, 41
, 67
, 224
, 283
, 8
, 62
, 229
, 109
, 182
, 249
, 42
, 236
, 55
, 277
, 14
, 84
, 207
, 127
, 164
, 6
, 285
, 130
, 161
, 111
, 180
, 242
, 49
, 241
, 50
, 218
, 73
, 76
, 215
, 80
, 211
, 284
, 7
, 13
, 278
, 243
, 48
, 198
, 93
, 221
, 70
, 139
, 152
, 50
, 241
, 35
, 256
, 187
, 104
, 103
, 188
, 190
, 101
, 269
, 22
, 195
, 96
, 276
, 15
, 271
, 20
, 110
, 181
, 16
, 275
, 7
, 284
, 197
, 94
, 272
, 19
, 28
, 263
, 53
, 238
, 77
, 214
, 265
, 26
, 287
, 4
, 105
, 186
, 48
, 243
, 135
, 156
, 10
, 281
, 140
, 151
, 255
, 36
, 126
, 165
, 158
, 133
, 242
, 49
, 236
, 55
, 114
, 177
, 222
, 69
, 199
, 92
, 173
, 118
, 210
, 81
, 233
, 58
, 74
, 217
, 282
, 9
, 49
, 242
, 48
, 243
, 127
, 164
, 274
, 17
, 105
, 186
, 88
, 203
, 193
, 98
, 20
, 271
, 169
, 122
, 167
, 124
, 75
, 216
, 267
, 24
, 187
, 104
, 243
, 48
, 145
, 146
, 202
, 89
, 204
, 87
, 94
, 197
, 99
, 192
, 28
, 263
, 59
, 232
, 110
, 181
, 266
, 25
, 239
, 52
, 126
, 165
, 217
, 74
, 263
, 28
, 149
, 142
, 245
, 46
, 53
, 238
, 269
, 22
, 229
, 62
, 108
, 183
, 261
, 30
, 217
, 74
, 281
, 10
, 69
, 222
, 276
, 15
, 202
, 89
, 286
, 5
, 68
, 223
, 198
, 93
, 104
, 187
, 147
, 144
, 131
, 160
, 129
, 162
, 198
, 93
, 95
, 196
, 133
, 158
, 172
, 119
, 109
, 182
, 53
, 238
, 251
, 40
, 221
, 70
, 206
, 85
, 86
, 205
, 75
, 216
, 92
, 199
, 2
, 289
, 33
, 258
, 17
, 274
, 15
, 276
, 229
, 62
, 6
, 285
, 130
, 161
, 76
, 215
, 241
, 50
, 171
, 120
, 151
, 140
, 232
, 59
, 81
, 210
, 4
, 287
, 65
, 226
, 236
, 55
, 23
, 268
, 261
, 30
, 56
, 235
, 279
, 12
, 237
, 54
, 244
, 47
, 263
, 28
, 26
, 265
, 86
, 205
, 260
, 31
, 129
, 162
, 263
, 28
, 36
, 255
, 61
, 230
, 207
, 84
, 109
, 182
, 142
, 149
, 247
, 44
, 34
, 257
, 286
, 5
, 19
, 272
, 260
, 31
, 102
, 189
, 156
, 135
, 101
, 190
, 41
, 250
, 117
, 174
, 80
, 211
, 264
, 27
, 81
, 210
, 198
, 93
, 194
, 97
, 144
, 147
, 171
, 120
, 29
, 262
, 248
, 43
, 145
, 146
, 112
, 179
, 229
, 62
, 104
, 187
, 80
, 211
, 169
, 122
, 122
, 169
, 157
, 134
, 255
, 36
, 274
, 17
, 234
, 57
, 28
, 263
, 32
, 259
, 201
, 90
, 211
, 80
, 162
, 129
, 278
, 13
, 87
, 204
, 173
, 118
, 41
, 250
, 82
, 209
, 87
, 204
, 276
, 15
, 178
, 113
, 61
, 230
, 237
, 54
, 260
, 31
, 130
, 161
, 54
, 237
, 185
, 106
, 136
, 155
, 175
, 116
, 68
, 223
, 20
, 271
, 289
, 2
, 224
, 67
, 134
, 157
, 121
, 170
, 284
, 7
, 212
, 79
, 174
, 117
, 118
, 173
, 2
, 289
, 201
, 90
, 213
, 78
, 74
, 217
, 283
, 8
, 92
, 199
, 35
, 256
, 100
, 191
, 48
, 243
, 1
, 290
, 162
, 129
, 127
, 164
, 65
, 226
, 245
, 46
, 206
, 85
, 221
, 70
, 251
, 40
, 140
, 151
, 19
, 272
, 220
, 71
, 196
, 95
, 80
, 211
, 279
, 12
, 23
, 268
, 149
, 142
, 51
, 240
, 76
, 215
, 57
, 234
, 211
, 80
, 97
, 194
, 171
, 120
, 71
, 220
, 205
, 86
, 94
, 197
, 205
, 86
, 21
, 270
, 181
, 110
, 26
, 265
, 172
, 119
, 63
, 228
, 118
, 173
, 65
, 226
, 242
, 49
, 110
, 181
, 185
, 106
, 45
, 246
, 208
, 83
, 101
, 190
, 96
, 195
, 247
, 44
, 60
, 231
, 175
, 116
, 68
, 223
, 62
, 229
, 98
, 193
, 248
, 43
, 134
, 157
, 36
, 255
, 137
, 154
, 16
, 275
, 21
, 270
, 209
, 82
, 129
, 162
, 164
, 127
, 112
, 179
, 215
, 76
, 35
, 256
, 252
, 39
, 238
, 53
, 84
, 207
, 76
, 215
, 121
, 170
, 253
, 38
, 203
, 88
, 159
, 132
, 215
, 76
, 67
, 224
, 138
, 153
, 164
, 127
, 172
, 119
, 217
, 74
, 168
, 123
, 89
, 202
, 121
, 170
, 24
, 267
, 175
, 116
, 157
, 134
, 220
, 71
, 266
, 25
, 138
, 153
, 175
, 116
, 61
, 230
, 254
, 37
, 92
, 199
, 195
, 96
, 63
, 228
, 65
, 226
, 224
, 67
, 164
, 127
, 207
, 84
, 124
, 167
, 27
, 264
, 273
, 18
, 283
, 8
, 256
, 35
, 138
, 153
, 8
, 283
, 196
, 95
, 70
, 221
, 68
, 223
, 89
, 202
, 80
, 211
, 185
, 106
, 90
, 201
, 196
, 95
, 58
, 233
, 140
, 151
, 2
, 289
, 142
, 149
, 239
, 52
, 113
, 178
, 153
, 138
, 199
, 92
, 71
, 220
, 157
, 134
, 192
, 99
, 183
, 108
, 78
, 213
, 50
, 241
, 148
, 143
, 152
, 139
, 157
, 134
, 10
, 281
, 25
, 266
, 285
, 6
, 154
, 137
, 170
, 121
, 261
, 30
, 235
, 56
, 138
, 153
, 167
, 124
, 138
, 153
, 233
, 58
, 204
, 87
, 51
, 240
, 187
, 104
, 46
, 245
, 147
, 144
, 258
, 33
, 121
, 170
, 146
, 145
, 62
, 229
, 173
, 118
, 273
, 18
, 35
, 256
, 46
, 245
, 274
, 17
, 252
, 39
, 40
, 251
, 37
, 254
, 17
, 274
, 69
, 222
, 231
, 60
, 18
, 273
, 274
, 17
, 32
, 259
, 3
, 288
, 179
, 112
, 6
, 285
, 67
, 224
, 247
, 44
, 275
, 16
, 231
, 60
, 169
, 122
, 131
, 160
, 5
, 286
, 211
, 80
, 155
, 136
, 279
, 12
, 270
, 21
, 282
, 9
, 220
, 71
, 198
, 93
, 202
, 89
, 110
, 181
, 286
, 5
, 79
, 212
, 213
, 78
, 2
, 289
, 190
, 101
, 181
, 110
, 187
, 104
, 175
, 116
, 39
, 252
, 139
, 152
, 213
, 78
, 211
, 80
, 1
, 290
, 269
, 22
, 217
, 74
, 242
, 49
, 286
, 5
, 126
, 165
, 48
, 243
, 208
, 83
, 48
, 243
, 229
, 62
, 282
, 9
, 99
, 192
, 261
, 30
, 163
, 128
, 77
, 214
, 44
, 247
, 130
, 161
, 249
, 42
, 270
, 21
, 156
, 135
, 9
, 282
, 194
, 97
, 144
, 147
, 251
, 40
, 44
, 247
, 240
, 51
, 183
, 108
, 180
, 111
, 71
, 220
, 239
, 52
, 132
, 159
, 147
, 144
, 100
, 191
, 214
, 77
, 110
, 181
, 11
, 280
, 172
, 119
, 29
, 262
, 15
, 276
, 150
, 141
, 106
, 185
, 119
, 172
, 245
, 46
, 89
, 202
, 96
, 195
, 169
, 122
, 265
, 26
, 7
, 284
, 269
, 22
, 31
, 260
, 236
, 55
, 65
, 226
, 38
, 253
, 105
, 186
, 13
, 278
, 259
, 32
, 24
, 267
, 101
, 190
, 164
, 127
, 73
, 218
, 244
, 47
, 134
, 157
, 86
, 205
, 65
, 226
, 123
, 168
, 130
, 161
, 245
, 46
, 186
, 105
, 12
, 279
, 104
, 187
, 265
, 26
, 39
, 252
, 211
, 80
, 39
, 252
, 87
, 204
, 100
, 191
, 138
, 153
, 178
, 113
, 213
, 78
, 238
, 53
, 55
, 236
, 229
, 62
, 171
, 120
, 11
, 280
, 211
, 80
, 22
, 269
, 185
, 106
, 168
, 123
, 44
, 247
, 207
, 84
, 196
, 95
, 122
, 169
, 135
, 156
, 237
, 54
, 171
, 120
, 240
, 51
, 49
, 242
, 243
, 48
, 63
, 228
, 83
, 208
, 85
, 206
, 124
, 167
, 263
, 28
, 72
, 219
, 206
, 85
, 29
, 262
, 160
, 131
, 249
, 42
, 115
, 176
, 240
, 51
, 200
, 91
, 101
, 190
, 86
, 205
, 275
, 16
, 5
, 286
, 218
, 73
, 261
, 30
, 229
, 62
, 215
, 76
, 284
, 7
, 72
, 219
, 232
, 59
, 164
, 127
, 30
, 261
, 283
, 8
, 33
, 258
, 221
, 70
, 169
, 122
, 282
, 9
, 143
, 148
, 238
, 53
, 99
, 192
, 233
, 58
, 280
, 11
, 83
, 208
, 173
, 118
, 108
, 183
, 172
, 119
, 219
, 72
, 185
, 106
, 190
, 101
, 110
, 181
, 246
, 45
, 124
, 167
, 6
, 285
, 167
, 124
, 242
, 49
, 210
, 81
, 199
, 92
, 227
, 64
, 193
, 98
, 264
, 27
, 185
, 106
, 124
, 167
, 193
, 98
, 257
, 34
, 145
, 146
, 216
, 75
, 60
, 231
, 56
, 235
, 260
, 31
, 175
, 116
, 103
, 188
, 126
, 165
, 11
, 280
, 119
, 172
, 83
, 208
, 222
, 69
, 29
, 262
, 143
, 148
, 168
, 123
, 191
, 100
, 133
, 158
, 124
, 167
, 141
, 150
, 201
, 90
, 115
, 176
, 271
, 20
, 114
, 177
, 263
, 28
, 276
, 15
, 230
, 61
, 56
, 235
, 123
, 168
, 246
, 45
, 280
, 11
, 232
, 59
, 119
, 172
, 84
, 207
, 226
, 65
, 162
, 129
, 9
, 282
, 44
, 247
, 101
, 190
, 39
, 252
, 179
, 112
, 14
, 277
, 124
, 167
, 152
, 139
, 191
, 100
, 123
, 168
, 156
, 135
, 71
, 220
, 54
, 237
, 123
, 168
, 280
, 11
, 236
, 55
, 157
, 134
, 121
, 170
, 213
, 78
, 251
, 40
, 8
, 283
, 168
, 123
, 101
, 190
, 5
, 286
, 269
, 22
, 18
, 273
, 208
, 83
, 79
, 212
, 56
, 235
, 92
, 199
, 49
, 242
, 85
, 206
, 117
, 174
, 248
, 43
, 126
, 165
, 279
, 12
, 111
, 180
, 210
, 81
, 72
, 219
, 21
, 270
, 228
, 63
, 84
, 207
, 268
, 23
, 153
, 138
, 254
, 37
, 63
, 228
, 210
, 81
, 88
, 203
, 207
, 84
, 250
, 41
, 266
, 25
, 9
, 282
, 17
, 274
, 76
, 215
, 78
, 213
, 39
, 252
, 102
, 189
, 224
, 67
, 159
, 132
, 143
, 148
, 233
, 58
, 235
, 56
, 215
, 76
, 179
, 112
, 66
, 225
, 55
, 236
, 169
, 122
, 31
, 260
, 71
, 220
, 263
, 28
, 131
, 160
, 264
, 27
, 176
, 115
, 110
, 181
, 94
, 197
, 125
, 166
, 254
, 37
, 20
, 271
, 64
, 227
, 259
, 32
, 29
, 262
, 265
, 26
, 59
, 232
, 202
, 89
, 179
, 112
, 95
, 196
, 266
, 25
, 73
, 218
, 196
, 95
, 235
, 56
, 131
, 160
, 135
, 156
, 49
, 242
, 199
, 92
, 204
, 87
, 168
, 123
, 19
, 272
, 109
, 182
, 233
, 58
, 135
, 156
, 40
, 251
, 51
, 240
, 10
, 281
, 147
, 144
, 62
, 229
, 195
, 96
, 283
, 8
, 147
, 144
, 173
, 118
, 38
, 253
, 74
, 217
, 110
, 181
, 234
, 57
, 193
, 98
, 97
, 194
, 110
, 181
, 88
, 203
, 191
, 100
, 143
, 148
, 155
, 136
, 133
, 158
, 89
, 202
, 203
, 88
, 119
, 172
, 47
, 244
, 45
, 246
, 230
, 61
, 204
, 87
, 87
, 204
, 112
, 179
, 141
, 150
, 158
, 133
, 237
, 54
, 45
, 246
, 205
, 86
, 37
, 254
, 199
, 92
, 233
, 58
, 8
, 283
, 242
, 49
, 205
, 86
, 127
, 164
, 142
, 149
, 220
, 71
, 178
, 113
, 94
, 197
, 218
, 73
, 23
, 268
, 143
, 148
, 84
, 207
, 279
, 12
, 24
, 267
, 22
, 269
, 240
, 51
, 170
, 121
, 235
, 56
, 69
, 222
, 104
, 187
, 26
, 265
, 138
, 153
, 224
, 67
, 243
, 48
, 40
, 251
, 67
, 224
, 245
, 46
, 215
, 76
, 120
, 171
, 20
, 271
, 242
, 49
, 149
, 142
, 265
, 26
, 100
, 191
, 68
, 223
, 141
, 150
, 28
, 263
, 182
, 109
, 231
, 60
, 63
, 228
, 172
, 119
, 78
, 213
, 206
, 85
, 245
, 46
, 104
, 187
, 121
, 170
, 161
, 130
, 185
, 106
, 52
, 239
, 104
, 187
, 192
, 99
, 120
, 171
, 219
, 72
, 189
, 102
, 183
, 108
, 203
, 88
, 105
, 186
, 257
, 34
, 217
, 74
, 67
, 224
, 276
, 15
, 3
, 288
, 281
, 10
, 10
, 281
, 80
, 211
, 247
, 44
, 198
, 93
, 222
, 69
, 42
, 249
, 105
, 186
, 107
, 184
, 213
, 78
, 54
, 237
, 156
, 135
, 189
, 102
, 133
, 158
, 270
, 21
, 233
, 58
, 192
, 99
, 66
, 225
, 194
, 97
, 167
, 124
, 270
, 21
, 54
, 237
, 144
, 147
, 137
, 154
, 279
, 12
, 271
, 20
, 69
, 222
, 147
, 144
, 224
, 67
, 4
, 287
, 243
, 48
, 113
, 178
, 48
, 243
, 245
, 46
, 78
, 213
, 46
, 245
, 81
, 210
, 250
, 41
, 246
, 45
, 205
, 86
, 44
, 247
, 149
, 142
, 23
, 268
, 47
, 244
, 268
, 23
, 184
, 107
, 159
, 132
, 29
, 262
, 123
, 168
, 259
, 32
, 208
, 83
, 67
, 224
, 263
, 28
, 178
, 113
, 69
, 222
, 192
, 99
, 102
, 189
, 187
, 104
, 37
, 254
, 250
, 41
, 108
, 183
, 72
, 219
, 126
, 165
, 91
, 200
, 61
, 230
, 251
, 40
, 246
, 45
, 114
, 177
, 174
, 117
, 114
, 177
, 77
, 214
, 25
, 266
, 105
, 186
, 22
, 269
, 164
, 127
, 188
, 103
, 161
, 130
, 257
, 34
, 23
, 268
, 50
, 241
, 90
, 201
, 84
, 207
, 225
, 66
, 158
, 133
, 51
, 240
, 234
, 57
, 242
, 49
, 71
, 220
, 161
, 130
, 98
, 193
, 241
, 50
, 182
, 109
, 13
, 278
, 34
, 257
, 19
, 272
, 234
, 57
, 250
, 41
, 196
, 95
, 1
, 290
, 223
, 68
, 214
, 77
, 198
, 93
, 119
, 172
, 265
, 26
, 116
, 175
, 252
, 39
, 230
, 61
, 238
, 53
, 169
, 122
, 114
, 177
, 7
, 284
, 112
, 179
, 159
, 132
, 230
, 61
, 230
, 61
, 121
, 170
, 61
, 230
, 237
, 54
, 279
, 12
, 181
, 110
, 129
, 162
, 37
, 254
, 7
, 284
, 221
, 70
, 51
, 240
, 71
, 220
, 132
, 159
, 60
, 231
, 274
, 17
, 288
, 3
, 87
, 204
, 278
, 13
, 32
, 259
, 262
, 29
, 50
, 241
, 235
, 56
, 157
, 134
, 67
, 224
, 245
, 46
, 135
, 156
, 110
, 181
, 158
, 133
, 191
, 100
, 91
, 200
, 244
, 47
, 202
, 89
, 44
, 247
, 111
, 180
, 28
, 263
, 236
, 55
, 278
, 13
, 190
, 101
, 150
, 141
, 45
, 246
, 29
, 262
, 244
, 47
, 27
, 264
, 125
, 166
, 8
, 283
, 229
, 62
, 63
, 228
, 12
, 279
, 88
, 203
, 69
, 222
, 261
, 30
, 248
, 43
, 36
, 255
, 160
, 131
, 44
, 247
, 155
, 136
, 251
, 40
, 198
, 93
, 174
, 117
, 271
, 20
, 23
, 268
, 199
, 92
, 259
, 32
, 156
, 135
, 68
, 223
, 211
, 80
, 166
, 125
, 220
, 71
, 64
, 227
, 14
, 277
, 260
, 31
, 10
, 281
, 95
, 196
, 16
, 275
, 120
, 171
, 226
, 65
, 216
, 75
, 264
, 27
, 116
, 175
, 2
, 289
, 133
, 158
, 79
, 212
, 59
, 232
, 93
, 198
, 163
, 128
, 3
, 288
, 54
, 237
, 202
, 89
, 283
, 8
, 261
, 30
, 137
, 154
, 66
, 225
, 139
, 152
, 103
, 188
, 142
, 149
, 222
, 69
, 63
, 228
, 271
, 20
, 150
, 141
, 130
, 161
, 259
, 32
, 203
, 88
, 182
, 109
, 240
, 51
, 210
, 81
, 204
, 87
, 47
, 244
, 245
, 46
, 22
, 269
, 255
, 36
, 227
, 64
, 90
, 201
, 260
, 31
, 118
, 173
, 71
, 220
, 68
, 223
, 33
, 258
, 45
, 246
, 73
, 218
, 189
, 102
, 106
, 185
, 161
, 130
, 276
, 15
, 276
, 15
, 22
, 269
, 199
, 92
, 186
, 105
, 74
, 217
, 89
, 202
, 46
, 245
, 243
, 48
, 49
, 242
, 52
, 239
, 78
, 213
, 237
, 54
, 138
, 153
, 241
, 50
, 171
, 120
, 53
, 238
, 93
, 198
, 185
, 106
, 31
, 260
, 266
, 25
, 15
, 276
, 235
, 56
, 167
, 124
, 220
, 71
, 74
, 217
, 173
, 118
, 268
, 23
, 205
, 86
, 227
, 64
, 137
, 154
, 41
, 250
, 241
, 50
, 151
, 140
, 202
, 89
, 188
, 103
, 150
, 141
, 22
, 269
, 108
, 183
, 233
, 58
, 8
, 283
, 275
, 16
, 106
, 185
, 124
, 167
, 187
, 104
, 258
, 33
, 103
, 188
, 249
, 42
, 280
, 11
, 115
, 176
, 153
, 138
, 105
, 186
, 76
, 215
, 78
, 213
, 98
, 193
, 166
, 125
, 93
, 198
, 194
, 97
, 141
, 150
, 217
, 74
, 18
, 273
, 17
, 274
, 111
, 180
, 201
, 90
, 287
, 4
, 142
, 149
, 194
, 97
, 33
, 258
, 65
, 226
, 236
, 55
, 64
, 227
, 227
, 64
, 12
, 279
, 117
, 174
, 26
, 265
, 268
, 23
, 85
, 206
, 118
, 173
, 129
, 162
, 149
, 142
, 103
, 188
, 225
, 66
, 135
, 156
, 59
, 232
, 169
, 122
, 243
, 48
, 60
, 231
, 154
, 137
, 218
, 73
, 204
, 87
, 102
, 189
, 52
, 239
, 240
, 51
, 231
, 60
, 269
, 22
, 135
, 156
, 111
, 180
, 170
, 121
, 287
, 4
, 17
, 274
, 265
, 26
, 24
, 267
, 273
, 18
, 206
, 85
, 63
, 228
, 62
, 229
, 79
, 212
, 169
, 122
, 243
, 48
, 199
, 92
, 29
, 262
, 196
, 95
, 179
, 112
, 116
, 175
, 85
, 206
, 154
, 137
, 24
, 267
, 265
, 26
, 190
, 101
, 160
, 131
, 122
, 169
, 133
, 158
, 170
, 121
, 161
, 130
, 31
, 260
, 21
, 270
, 279
, 12
, 177
, 114
, 198
, 93
, 195
, 96
, 138
, 153
, 137
, 154
, 123
, 168
, 192
, 99
, 182
, 109
, 24
, 267
, 184
, 107
, 82
, 209
, 22
, 269
, 177
, 114
, 213
, 78
, 184
, 107
, 102
, 189
, 67
, 224
, 32
, 259
, 262
, 29
, 259
, 32
, 49
, 242
, 208
, 83
, 5
, 286
, 223
, 68
, 148
, 143
, 184
, 107
, 45
, 246
, 76
, 215
, 21
, 270
, 282
, 9
, 198
, 93
, 232
, 59
, 128
, 163
, 247
, 44
, 157
, 134
, 211
, 80
, 234
, 57
, 89
, 202
, 181
, 110
, 122
, 169
, 81
, 210
, 86
, 205
, 56
, 235
, 144
, 147
, 155
, 136
, 141
, 150
, 171
, 120
, 152
, 139
, 5
, 286
, 77
, 214
, 200
, 91
, 226
, 65
, 231
, 60
, 218
, 73
, 44
, 247
, 242
, 49
, 161
, 130
, 130
, 161
, 31
, 260
, 8
, 283
, 127
, 164
, 78
, 213
, 22
, 269
, 16
, 275
, 188
, 103
, 144
, 147
, 101
, 190
, 196
, 95
, 257
, 34
, 119
, 172
, 166
, 125
, 222
, 69
, 85
, 206
, 174
, 117
, 220
, 71
, 212
, 79
, 129
, 162
, 188
, 103
, 258
, 33
, 122
, 169
, 67
, 224
, 173
, 118
, 129
, 162
, 94
, 197
, 14
, 277
, 79
, 212
, 3
, 288
, 74
, 217
, 42
, 249
, 278
, 13
, 56
, 235
, 87
, 204
, 88
, 203
, 265
, 26
, 51
, 240
, 86
, 205
, 13
, 278
, 223
, 68
, 199
, 92
, 103
, 188
, 288
, 3
, 68
, 223
, 215
, 76
, 56
, 235
, 44
, 247
, 201
, 90
, 97
, 194
, 286
, 5
, 278
, 13
, 164
, 127
, 148
, 143
, 266
, 25
, 267
, 24
, 227
, 64
, 139
, 152
, 267
, 24
, 44
, 247
, 94
, 197
, 73
, 218
, 124
, 167
, 75
, 216
, 30
, 261
, 221
, 70
, 219
, 72
, 5
, 286
, 177
, 114
, 42
, 249
, 248
, 43
, 102
, 189
, 49
, 242
, 8
, 283
, 286
, 5
, 47
, 244
, 238
, 53
, 244
, 47
, 160
, 131
, 179
, 112
, 33
, 258
, 82
, 209
, 141
, 150
, 269
, 22
, 177
, 114
, 194
, 97
, 152
, 139
, 20
, 271
, 116
, 175
, 174
, 117
, 106
, 185
, 188
, 103
, 22
, 269
, 164
, 127
, 114
, 177
, 150
, 141
, 232
, 59
, 167
, 124
, 235
, 56
, 78
, 213
, 274
, 17
, 260
, 31
, 64
, 227
, 65
, 226
, 222
, 69
, 231
, 60
, 151
, 140
, 270
, 21
, 107
, 184
, 183
, 108
, 84
, 207
, 269
, 22
, 111
, 180
, 33
, 258
, 173
, 118
, 42
, 249
, 235
, 56
, 14
, 277
, 171
, 120
, 148
, 143
, 3
, 288
, 21
, 270
, 229
, 62
, 227
, 64
, 7
, 284
, 279
, 12
, 41
, 250
, 67
, 224
, 199
, 92
, 206
, 85
, 239
, 52
, 178
, 113
, 125
, 166
, 161
, 130
, 174
, 117
, 198
, 93
, 233
, 58
, 41
, 250
, 47
, 244
, 28
, 263
, 96
, 195
, 144
, 147
, 47
, 244
, 206
, 85
, 8
, 283
, 214
, 77
, 33
, 258
, 153
, 138
, 37
, 254
, 146
, 145
, 168
, 123
, 173
, 118
, 246
, 45
, 179
, 112
, 26
, 265
, 45
, 246
, 2
, 289
, 54
, 237
, 85
, 206
, 173
, 118
, 55
, 236
, 99
, 192
, 33
, 258
, 233
, 58
, 50
, 241
, 189
, 102
, 5
, 286
, 44
, 247
, 25
, 266
, 95
, 196
, 271
, 20
, 167
, 124
, 83
, 208
, 54
, 237
, 183
, 108
, 116
, 175
, 193
, 98
, 270
, 21
, 71
, 220
, 177
, 114
, 157
, 134
, 201
, 90
, 26
, 265
, 157
, 134
, 12
, 279
, 268
, 23
, 211
, 80
, 112
, 179
, 84
, 207
, 252
, 39
, 170
, 121
, 189
, 102
, 134
, 157
, 48
, 243
, 98
, 193
, 1
, 290
, 161
, 130
, 145
, 146
, 255
, 36
, 76
, 215
, 262
, 29
, 142
, 149
, 76
, 215
, 17
, 274
, 281
, 10
, 147
, 144
, 40
, 251
, 264
, 27
, 7
, 284
, 265
, 26
, 1
, 290
, 176
, 115
, 257
, 34
, 156
, 135
, 18
, 273
, 22
, 269
, 200
, 91
, 24
, 267
, 217
, 74
, 96
, 195
, 64
, 227
, 206
, 85
, 249
, 42
, 44
, 247
, 232
, 59
, 192
, 99
, 139
, 152
, 289
, 2
, 10
, 281
, 93
, 198
, 248
, 43
, 195
, 96
, 204
, 87
, 76
, 215
, 119
, 172
, 204
, 87
, 270
, 21
, 206
, 85
, 269
, 22
, 208
, 83
, 279
, 12
, 197
, 94
, 191
, 100
, 129
, 162
, 8
, 283
, 282
, 9
, 84
, 207
