
1490
, 28
, 247
, 222
, 53
, 133
, 142
, 228
, 47
, 80
, 195
, 218
, 57
, 141
, 134
, 66
, 209
, 195
, 80
, 272
, 3
, 1
, 274
, 14
, 261
, 68
, 207
, 131
, 144
, 238
, 37
, 136
, 139
, 207
, 68
, 86
, 189
, 219
, 56
, 166
, 109
, 195
, 80
, 92
, 183
, 190
, 85
, 16
, 259
, 223
, 52
, 269
, 6
, 165
, 110
, 202
, 73
, 271
, 4
, 142
, 133
, 199
, 76
, 158
, 117
, 209
, 66
, 265
, 10
, 147
, 128
, 115
, 160
, 108
, 167
, 135
, 140
, 248
, 27
, 262
, 13
, 40
, 235
, 141
, 134
, 107
, 168
, 118
, 157
, 6
, 269
, 84
, 191
, 249
, 26
, 28
, 247
, 132
, 143
, 100
, 175
, 73
, 202
, 122
, 153
, 263
, 12
, 4
, 271
, 185
, 90
, 160
, 115
, 71
, 204
, 218
, 57
, 136
, 139
, 183
, 92
, 186
, 89
, 119
, 156
, 174
, 101
, 122
, 153
, 252
, 23
, 198
, 77
, 62
, 213
, 265
, 10
, 84
, 191
, 66
, 209
, 78
, 197
, 46
, 229
, 124
, 151
, 222
, 53
, 96
, 179
, 108
, 167
, 228
, 47
, 158
, 117
, 53
, 222
, 260
, 15
, 114
, 161
, 182
, 93
, 39
, 236
, 255
, 20
, 269
, 6
, 118
, 157
, 115
, 160
, 110
, 165
, 202
, 73
, 26
, 249
, 232
, 43
, 112
, 163
, 111
, 164
, 119
, 156
, 268
, 7
, 216
, 59
, 198
, 77
, 270
, 5
, 98
, 177
, 19
, 256
, 7
, 268
, 185
, 90
, 104
, 171
, 40
, 235
, 39
, 236
, 215
, 60
, 79
, 196
, 225
, 50
, 207
, 68
, 145
, 130
, 225
, 50
, 272
, 3
, 24
, 251
, 52
, 223
, 59
, 216
, 139
, 136
, 155
, 120
, 164
, 111
, 22
, 253
, 94
, 181
, 168
, 107
, 119
, 156
, 119
, 156
, 257
, 18
, 158
, 117
, 44
, 231
, 154
, 121
, 242
, 33
, 250
, 25
, 101
, 174
, 91
, 184
, 81
, 194
, 261
, 14
, 28
, 247
, 159
, 116
, 85
, 190
, 91
, 184
, 70
, 205
, 130
, 145
, 263
, 12
, 195
, 80
, 144
, 131
, 102
, 173
, 223
, 52
, 49
, 226
, 37
, 238
, 202
, 73
, 209
, 66
, 46
, 229
, 165
, 110
, 103
, 172
, 235
, 40
, 95
, 180
, 250
, 25
, 154
, 121
, 234
, 41
, 154
, 121
, 255
, 20
, 210
, 65
, 220
, 55
, 77
, 198
, 141
, 134
, 182
, 93
, 186
, 89
, 171
, 104
, 152
, 123
, 259
, 16
, 6
, 269
, 9
, 266
, 177
, 98
, 228
, 47
, 211
, 64
, 44
, 231
, 53
, 222
, 145
, 130
, 250
, 25
, 1
, 274
, 195
, 80
, 24
, 251
, 251
, 24
, 19
, 256
, 61
, 214
, 138
, 137
, 13
, 262
, 235
, 40
, 209
, 66
, 238
, 37
, 200
, 75
, 236
, 39
, 156
, 119
, 184
, 91
, 79
, 196
, 219
, 56
, 267
, 8
, 225
, 50
, 68
, 207
, 57
, 218
, 45
, 230
, 113
, 162
, 109
, 166
, 14
, 261
, 54
, 221
, 257
, 18
, 110
, 165
, 251
, 24
, 148
, 127
, 56
, 219
, 23
, 252
, 254
, 21
, 1
, 274
, 230
, 45
, 267
, 8
, 12
, 263
, 205
, 70
, 139
, 136
, 165
, 110
, 62
, 213
, 255
, 20
, 27
, 248
, 246
, 29
, 56
, 219
, 171
, 104
, 151
, 124
, 135
, 140
, 24
, 251
, 89
, 186
, 167
, 108
, 102
, 173
, 46
, 229
, 36
, 239
, 168
, 107
, 55
, 220
, 165
, 110
, 272
, 3
, 194
, 81
, 67
, 208
, 71
, 204
, 158
, 117
, 200
, 75
, 206
, 69
, 208
, 67
, 45
, 230
, 264
, 11
, 115
, 160
, 131
, 144
, 127
, 148
, 202
, 73
, 159
, 116
, 193
, 82
, 240
, 35
, 168
, 107
, 114
, 161
, 70
, 205
, 95
, 180
, 253
, 22
, 161
, 114
, 63
, 212
, 50
, 225
, 109
, 166
, 263
, 12
, 48
, 227
, 206
, 69
, 202
, 73
, 5
, 270
, 195
, 80
, 2
, 273
, 136
, 139
, 227
, 48
, 84
, 191
, 140
, 135
, 79
, 196
, 7
, 268
, 167
, 108
, 98
, 177
, 74
, 201
, 10
, 265
, 33
, 242
, 76
, 199
, 39
, 236
, 111
, 164
, 32
, 243
, 24
, 251
, 148
, 127
, 105
, 170
, 42
, 233
, 256
, 19
, 262
, 13
, 134
, 141
, 32
, 243
, 196
, 79
, 154
, 121
, 51
, 224
, 246
, 29
, 47
, 228
, 72
, 203
, 36
, 239
, 259
, 16
, 271
, 4
, 52
, 223
, 253
, 22
, 110
, 165
, 43
, 232
, 151
, 124
, 115
, 160
, 191
, 84
, 241
, 34
, 262
, 13
, 209
, 66
, 60
, 215
, 48
, 227
, 233
, 42
, 9
, 266
, 108
, 167
, 60
, 215
, 116
, 159
, 138
, 137
, 76
, 199
, 181
, 94
, 201
, 74
, 37
, 238
, 240
, 35
, 89
, 186
, 2
, 273
, 35
, 240
, 41
, 234
, 40
, 235
, 105
, 170
, 173
, 102
, 122
, 153
, 130
, 145
, 115
, 160
, 230
, 45
, 179
, 96
, 28
, 247
, 262
, 13
, 37
, 238
, 225
, 50
, 106
, 169
, 18
, 257
, 144
, 131
, 221
, 54
, 114
, 161
, 252
, 23
, 110
, 165
, 163
, 112
, 94
, 181
, 129
, 146
, 141
, 134
, 105
, 170
, 200
, 75
, 45
, 230
, 9
, 266
, 76
, 199
, 163
, 112
, 256
, 19
, 164
, 111
, 101
, 174
, 137
, 138
, 66
, 209
, 243
, 32
, 144
, 131
, 270
, 5
, 151
, 124
, 103
, 172
, 135
, 140
, 43
, 232
, 155
, 120
, 247
, 28
, 168
, 107
, 159
, 116
, 61
, 214
, 149
, 126
, 206
, 69
, 98
, 177
, 110
, 165
, 229
, 46
, 236
, 39
, 19
, 256
, 195
, 80
, 190
, 85
, 36
, 239
, 149
, 126
, 35
, 240
, 28
, 247
, 44
, 231
, 100
, 175
, 259
, 16
, 208
, 67
, 17
, 258
, 229
, 46
, 56
, 219
, 223
, 52
, 135
, 140
, 116
, 159
, 216
, 59
, 63
, 212
, 31
, 244
, 27
, 248
, 131
, 144
, 226
, 49
, 231
, 44
, 240
, 35
, 86
, 189
, 204
, 71
, 10
, 265
, 81
, 194
, 244
, 31
, 12
, 263
, 36
, 239
, 210
, 65
, 216
, 59
, 150
, 125
, 187
, 88
, 114
, 161
, 205
, 70
, 240
, 35
, 181
, 94
, 183
, 92
, 197
, 78
, 183
, 92
, 103
, 172
, 41
, 234
, 181
, 94
, 23
, 252
, 124
, 151
, 263
, 12
, 139
, 136
, 123
, 152
, 224
, 51
, 23
, 252
, 218
, 57
, 216
, 59
, 141
, 134
, 107
, 168
, 134
, 141
, 23
, 252
, 91
, 184
, 93
, 182
, 77
, 198
, 209
, 66
, 37
, 238
, 268
, 7
, 94
, 181
, 171
, 104
, 231
, 44
, 126
, 149
, 114
, 161
, 46
, 229
, 44
, 231
, 195
, 80
, 64
, 211
, 211
, 64
, 30
, 245
, 130
, 145
, 169
, 106
, 90
, 185
, 119
, 156
, 201
, 74
, 120
, 155
, 109
, 166
, 81
, 194
, 3
, 272
, 136
, 139
, 163
, 112
, 32
, 243
, 258
, 17
, 131
, 144
, 266
, 9
, 53
, 222
, 215
, 60
, 265
, 10
, 139
, 136
, 210
, 65
, 221
, 54
, 83
, 192
, 187
, 88
, 160
, 115
, 130
, 145
, 180
, 95
, 8
, 267
, 228
, 47
, 79
, 196
, 154
, 121
, 113
, 162
, 236
, 39
, 169
, 106
, 145
, 130
, 273
, 2
, 250
, 25
, 174
, 101
, 262
, 13
, 144
, 131
, 34
, 241
, 158
, 117
, 65
, 210
, 250
, 25
, 48
, 227
, 177
, 98
, 106
, 169
, 39
, 236
, 217
, 58
, 112
, 163
, 173
, 102
, 272
, 3
, 259
, 16
, 173
, 102
, 88
, 187
, 187
, 88
, 86
, 189
, 224
, 51
, 103
, 172
, 22
, 253
, 118
, 157
, 180
, 95
, 73
, 202
, 266
, 9
, 237
, 38
, 168
, 107
, 205
, 70
, 173
, 102
, 247
, 28
, 97
, 178
, 89
, 186
, 26
, 249
, 171
, 104
, 187
, 88
, 113
, 162
, 249
, 26
, 177
, 98
, 233
, 42
, 120
, 155
, 167
, 108
, 113
, 162
, 97
, 178
, 116
, 159
, 216
, 59
, 222
, 53
, 118
, 157
, 192
, 83
, 153
, 122
, 7
, 268
, 226
, 49
, 177
, 98
, 139
, 136
, 83
, 192
, 82
, 193
, 53
, 222
, 54
, 221
, 241
, 34
, 268
, 7
, 131
, 144
, 160
, 115
, 45
, 230
, 219
, 56
, 36
, 239
, 232
, 43
, 10
, 265
, 174
, 101
, 11
, 264
, 116
, 159
, 186
, 89
, 45
, 230
, 225
, 50
, 155
, 120
, 206
, 69
, 87
, 188
, 200
, 75
, 55
, 220
, 173
, 102
, 38
, 237
, 240
, 35
, 133
, 142
, 218
, 57
, 65
, 210
, 51
, 224
, 61
, 214
, 138
, 137
, 177
, 98
, 9
, 266
, 181
, 94
, 4
, 271
, 53
, 222
, 173
, 102
, 28
, 247
, 76
, 199
, 58
, 217
, 249
, 26
, 74
, 201
, 166
, 109
, 242
, 33
, 113
, 162
, 215
, 60
, 76
, 199
, 103
, 172
, 53
, 222
, 22
, 253
, 185
, 90
, 236
, 39
, 189
, 86
, 52
, 223
, 161
, 114
, 255
, 20
, 44
, 231
, 86
, 189
, 181
, 94
, 29
, 246
, 20
, 255
, 185
, 90
, 21
, 254
, 7
, 268
, 158
, 117
, 135
, 140
, 245
, 30
, 2
, 273
, 30
, 245
, 100
, 175
, 5
, 270
, 229
, 46
, 124
, 151
, 178
, 97
, 40
, 235
, 61
, 214
, 47
, 228
, 131
, 144
, 250
, 25
, 169
, 106
, 87
, 188
, 251
, 24
, 224
, 51
, 71
, 204
, 60
, 215
, 81
, 194
, 12
, 263
, 215
, 60
, 112
, 163
, 8
, 267
, 6
, 269
, 65
, 210
, 228
, 47
, 6
, 269
, 187
, 88
, 145
, 130
, 173
, 102
, 250
, 25
, 222
, 53
, 66
, 209
, 243
, 32
, 96
, 179
, 1
, 274
, 69
, 206
, 39
, 236
, 120
, 155
, 187
, 88
, 103
, 172
, 113
, 162
, 122
, 153
, 150
, 125
, 157
, 118
, 216
, 59
, 273
, 2
, 207
, 68
, 73
, 202
, 99
, 176
, 161
, 114
, 39
, 236
, 225
, 50
, 113
, 162
, 4
, 271
, 219
, 56
, 114
, 161
, 61
, 214
, 30
, 245
, 260
, 15
, 215
, 60
, 164
, 111
, 64
, 211
, 262
, 13
, 195
, 80
, 49
, 226
, 104
, 171
, 209
, 66
, 33
, 242
, 101
, 174
, 68
, 207
, 104
, 171
, 158
, 117
, 188
, 87
, 239
, 36
, 228
, 47
, 7
, 268
, 242
, 33
, 177
, 98
, 150
, 125
, 243
, 32
, 257
, 18
, 142
, 133
, 241
, 34
, 190
, 85
, 198
, 77
, 23
, 252
, 137
, 138
, 272
, 3
, 219
, 56
, 25
, 250
, 248
, 27
, 125
, 150
, 41
, 234
, 74
, 201
, 223
, 52
, 165
, 110
, 273
, 2
, 196
, 79
, 190
, 85
, 50
, 225
, 81
, 194
, 215
, 60
, 131
, 144
, 175
, 100
, 262
, 13
, 32
, 243
, 216
, 59
, 26
, 249
, 5
, 270
, 131
, 144
, 37
, 238
, 114
, 161
, 259
, 16
, 2
, 273
, 214
, 61
, 144
, 131
, 80
, 195
, 91
, 184
, 194
, 81
, 9
, 266
, 32
, 243
, 168
, 107
, 168
, 107
, 85
, 190
, 45
, 230
, 186
, 89
, 92
, 183
, 158
, 117
, 211
, 64
, 231
, 44
, 236
, 39
, 157
, 118
, 199
, 76
, 27
, 248
, 239
, 36
, 82
, 193
, 230
, 45
, 268
, 7
, 111
, 164
, 89
, 186
, 83
, 192
, 31
, 244
, 168
, 107
, 116
, 159
, 125
, 150
, 180
, 95
, 160
, 115
, 262
, 13
, 174
, 101
, 235
, 40
, 34
, 241
, 109
, 166
, 61
, 214
, 82
, 193
, 114
, 161
, 262
, 13
, 87
, 188
, 135
, 140
, 165
, 110
, 211
, 64
, 73
, 202
, 193
, 82
, 189
, 86
, 87
, 188
, 132
, 143
, 37
, 238
, 239
, 36
, 219
, 56
, 192
, 83
, 201
, 74
, 120
, 155
, 106
, 169
, 175
, 100
, 145
, 130
, 262
, 13
, 242
, 33
, 193
, 82
, 110
, 165
, 98
, 177
, 110
, 165
, 57
, 218
, 184
, 91
, 131
, 144
, 119
, 156
, 42
, 233
, 165
, 110
, 29
, 246
, 135
, 140
, 52
, 223
, 179
, 96
, 139
, 136
, 135
, 140
, 210
, 65
, 55
, 220
, 109
, 166
, 233
, 42
, 268
, 7
, 95
, 180
, 267
, 8
, 248
, 27
, 224
, 51
, 165
, 110
, 32
, 243
, 15
, 260
, 198
, 77
, 119
, 156
, 228
, 47
, 163
, 112
, 130
, 145
, 60
, 215
, 128
, 147
, 4
, 271
, 172
, 103
, 173
, 102
, 203
, 72
, 192
, 83
, 230
, 45
, 134
, 141
, 32
, 243
, 251
, 24
, 186
, 89
, 174
, 101
, 174
, 101
, 141
, 134
, 159
, 116
, 119
, 156
, 118
, 157
, 223
, 52
, 225
, 50
, 189
, 86
, 103
, 172
, 59
, 216
, 76
, 199
, 96
, 179
, 7
, 268
, 50
, 225
, 203
, 72
, 217
, 58
, 159
, 116
, 93
, 182
, 71
, 204
, 248
, 27
, 142
, 133
, 150
, 125
, 69
, 206
, 80
, 195
, 215
, 60
, 213
, 62
, 49
, 226
, 55
, 220
, 14
, 261
, 8
, 267
, 139
, 136
, 109
, 166
, 266
, 9
, 263
, 12
, 240
, 35
, 38
, 237
, 250
, 25
, 165
, 110
, 254
, 21
, 243
, 32
, 193
, 82
, 156
, 119
, 197
, 78
, 135
, 140
, 220
, 55
, 7
, 268
, 220
, 55
, 150
, 125
, 257
, 18
, 254
, 21
, 43
, 232
, 64
, 211
, 67
, 208
, 147
, 128
, 114
, 161
, 20
, 255
, 201
, 74
, 75
, 200
, 66
, 209
, 64
, 211
, 252
, 23
, 104
, 171
, 4
, 271
, 160
, 115
, 200
, 75
, 66
, 209
, 188
, 87
, 233
, 42
, 11
, 264
, 218
, 57
, 97
, 178
, 181
, 94
, 206
, 69
, 4
, 271
, 40
, 235
, 185
, 90
, 193
, 82
, 83
, 192
, 5
, 270
, 199
, 76
, 65
, 210
, 28
, 247
, 198
, 77
, 266
, 9
, 65
, 210
, 249
, 26
, 170
, 105
, 58
, 217
, 167
, 108
, 241
, 34
, 13
, 262
, 68
, 207
, 195
, 80
, 105
, 170
, 10
, 265
, 37
, 238
, 56
, 219
, 159
, 116
, 198
, 77
, 218
, 57
, 203
, 72
, 67
, 208
, 241
, 34
, 92
, 183
, 173
, 102
, 176
, 99
, 7
, 268
, 78
, 197
, 198
, 77
, 229
, 46
, 272
, 3
, 187
, 88
, 154
, 121
, 3
, 272
, 272
, 3
, 250
, 25
, 121
, 154
, 208
, 67
, 166
, 109
, 32
, 243
, 173
, 102
, 38
, 237
, 249
, 26
, 139
, 136
, 94
, 181
, 148
, 127
, 196
, 79
, 7
, 268
, 248
, 27
, 234
, 41
, 253
, 22
, 126
, 149
, 55
, 220
, 79
, 196
, 221
, 54
, 55
, 220
, 248
, 27
, 174
, 101
, 158
, 117
, 148
, 127
, 174
, 101
, 262
, 13
, 265
, 10
, 124
, 151
, 141
, 134
, 168
, 107
, 121
, 154
, 51
, 224
, 104
, 171
, 124
, 151
, 8
, 267
, 194
, 81
, 271
, 4
, 44
, 231
, 88
, 187
, 211
, 64
, 204
, 71
, 127
, 148
, 34
, 241
, 20
, 255
, 36
, 239
, 207
, 68
, 8
, 267
, 131
, 144
, 134
, 141
, 234
, 41
, 169
, 106
, 93
, 182
, 13
, 262
, 197
, 78
, 36
, 239
, 61
, 214
, 217
, 58
, 156
, 119
, 165
, 110
, 84
, 191
, 182
, 93
, 110
, 165
, 75
, 200
, 210
, 65
, 99
, 176
, 106
, 169
, 90
, 185
, 94
, 181
, 127
, 148
, 178
, 97
, 162
, 113
, 35
, 240
, 185
, 90
, 248
, 27
, 270
, 5
, 143
, 132
, 242
, 33
, 162
, 113
, 60
, 215
, 14
, 261
, 235
, 40
, 91
, 184
, 254
, 21
, 215
, 60
, 272
, 3
, 107
, 168
, 97
, 178
, 203
, 72
, 192
, 83
, 114
, 161
, 8
, 267
, 179
, 96
, 7
, 268
, 149
, 126
, 257
, 18
, 228
, 47
, 242
, 33
, 206
, 69
, 52
, 223
, 159
, 116
, 213
, 62
, 50
, 225
, 193
, 82
, 184
, 91
, 157
, 118
, 220
, 55
, 173
, 102
, 61
, 214
, 1
, 274
, 174
, 101
, 9
, 266
, 226
, 49
, 27
, 248
, 121
, 154
, 85
, 190
, 79
, 196
, 23
, 252
, 27
, 248
, 53
, 222
, 185
, 90
, 57
, 218
, 167
, 108
, 202
, 73
, 193
, 82
, 7
, 268
, 270
, 5
, 256
, 19
, 244
, 31
, 164
, 111
, 24
, 251
, 33
, 242
, 61
, 214
, 16
, 259
, 26
, 249
, 11
, 264
, 191
, 84
, 69
, 206
, 24
, 251
, 113
, 162
, 4
, 271
, 204
, 71
, 236
, 39
, 57
, 218
, 63
, 212
, 193
, 82
, 225
, 50
, 25
, 250
, 174
, 101
, 258
, 17
, 82
, 193
, 265
, 10
, 160
, 115
, 272
, 3
, 172
, 103
, 149
, 126
, 15
, 260
, 38
, 237
, 30
, 245
, 120
, 155
, 206
, 69
, 203
, 72
, 76
, 199
, 12
, 263
, 241
, 34
, 172
, 103
, 256
, 19
, 147
, 128
, 225
, 50
, 140
, 135
, 226
, 49
, 188
, 87
, 118
, 157
, 147
, 128
, 8
, 267
, 243
, 32
, 46
, 229
, 17
, 258
, 71
, 204
, 5
, 270
, 237
, 38
, 237
, 38
, 103
, 172
, 191
, 84
, 66
, 209
, 182
, 93
, 23
, 252
, 104
, 171
, 139
, 136
, 183
, 92
, 30
, 245
, 39
, 236
, 92
, 183
, 211
, 64
, 7
, 268
, 15
, 260
, 81
, 194
, 32
, 243
, 156
, 119
, 153
, 122
, 149
, 126
, 65
, 210
, 55
, 220
, 101
, 174
, 35
, 240
, 176
, 99
, 242
, 33
, 78
, 197
, 262
, 13
, 153
, 122
, 161
, 114
, 188
, 87
, 61
, 214
, 198
, 77
, 95
, 180
, 48
, 227
, 47
, 228
, 24
, 251
, 24
, 251
, 109
, 166
, 81
, 194
, 85
, 190
, 58
, 217
, 171
, 104
, 47
, 228
, 222
, 53
, 177
, 98
, 258
, 17
, 123
, 152
, 137
, 138
, 244
, 31
, 2
, 273
, 238
, 37
, 96
, 179
, 233
, 42
, 215
, 60
, 58
, 217
, 78
, 197
, 105
, 170
, 239
, 36
, 220
, 55
, 265
, 10
, 266
, 9
, 10
, 265
, 272
, 3
, 231
, 44
, 192
, 83
, 238
, 37
, 53
, 222
, 218
, 57
, 205
, 70
, 211
, 64
, 254
, 21
, 130
, 145
, 235
, 40
, 12
, 263
, 69
, 206
, 249
, 26
, 213
, 62
, 226
, 49
, 263
, 12
, 189
, 86
, 97
, 178
, 67
, 208
, 260
, 15
, 234
, 41
, 92
, 183
, 220
, 55
, 92
, 183
, 58
, 217
, 1
, 274
, 103
, 172
, 107
, 168
, 229
, 46
, 64
, 211
, 166
, 109
, 203
, 72
, 27
, 248
, 252
, 23
, 269
, 6
, 89
, 186
, 126
, 149
, 222
, 53
, 155
, 120
, 8
, 267
, 229
, 46
, 71
, 204
, 214
, 61
, 87
, 188
, 178
, 97
, 79
, 196
, 209
, 66
, 94
, 181
, 250
, 25
, 84
, 191
, 78
, 197
, 199
, 76
, 86
, 189
, 94
, 181
, 250
, 25
, 14
, 261
, 101
, 174
, 258
, 17
, 237
, 38
, 89
, 186
, 83
, 192
, 36
, 239
, 140
, 135
, 82
, 193
, 225
, 50
, 64
, 211
, 90
, 185
, 189
, 86
, 244
, 31
, 180
, 95
, 145
, 130
, 42
, 233
, 239
, 36
, 68
, 207
, 214
, 61
, 45
, 230
, 114
, 161
, 157
, 118
, 123
, 152
, 110
, 165
, 106
, 169
, 252
, 23
, 134
, 141
, 129
, 146
, 264
, 11
, 179
, 96
, 46
, 229
, 248
, 27
, 54
, 221
, 174
, 101
, 270
, 5
, 92
, 183
, 39
, 236
, 45
, 230
, 192
, 83
, 153
, 122
, 48
, 227
, 30
, 245
, 88
, 187
, 257
, 18
, 143
, 132
, 50
, 225
, 91
, 184
, 187
, 88
, 217
, 58
, 193
, 82
, 206
, 69
, 143
, 132
, 2
, 273
, 205
, 70
, 262
, 13
, 80
, 195
, 253
, 22
, 135
, 140
, 144
, 131
, 49
, 226
, 262
, 13
, 56
, 219
, 229
, 46
, 200
, 75
, 142
, 133
, 242
, 33
, 24
, 251
, 196
, 79
, 122
, 153
, 22
, 253
, 114
, 161
, 107
, 168
, 260
, 15
, 242
, 33
, 127
, 148
, 269
, 6
, 115
, 160
, 96
, 179
, 3
, 272
, 247
, 28
, 5
, 270
, 143
, 132
, 209
, 66
, 268
, 7
, 194
, 81
, 26
, 249
, 116
, 159
, 189
, 86
, 97
, 178
, 136
, 139
, 230
, 45
, 158
, 117
, 122
, 153
, 143
, 132
, 175
, 100
, 21
, 254
, 184
, 91
, 154
, 121
, 195
, 80
, 248
, 27
, 235
, 40
, 251
, 24
, 141
, 134
, 155
, 120
, 41
, 234
, 151
, 124
, 234
, 41
, 199
, 76
, 61
, 214
, 237
, 38
, 175
, 100
, 182
, 93
, 64
, 211
, 79
, 196
, 13
, 262
, 209
, 66
, 87
, 188
, 174
, 101
, 246
, 29
, 242
, 33
, 85
, 190
, 4
, 271
, 190
, 85
, 107
, 168
, 59
, 216
, 208
, 67
, 103
, 172
, 152
, 123
, 175
, 100
, 191
, 84
, 210
, 65
, 35
, 240
, 264
, 11
, 110
, 165
, 191
, 84
, 107
, 168
, 228
, 47
, 48
, 227
, 107
, 168
, 162
, 113
, 47
, 228
, 21
, 254
, 194
, 81
, 151
, 124
, 256
, 19
, 19
, 256
, 247
, 28
, 72
, 203
, 202
, 73
, 60
, 215
, 41
, 234
, 229
, 46
, 154
, 121
, 97
, 178
, 146
, 129
, 217
, 58
, 113
, 162
, 170
, 105
, 19
, 256
, 240
, 35
, 195
, 80
, 17
, 258
, 202
, 73
, 15
, 260
, 115
, 160
, 216
, 59
, 33
, 242
, 110
, 165
, 62
, 213
, 207
, 68
, 231
, 44
, 64
, 211
, 262
, 13
, 198
, 77
, 250
, 25
, 87
, 188
, 252
, 23
, 107
, 168
, 249
, 26
, 270
, 5
, 65
, 210
, 19
, 256
, 159
, 116
, 38
, 237
, 133
, 142
, 67
, 208
, 63
, 212
, 82
, 193
, 1
, 274
, 129
, 146
, 226
, 49
, 130
, 145
, 139
, 136
, 188
, 87
, 258
, 17
, 17
, 258
, 146
, 129
, 181
, 94
, 103
, 172
, 226
, 49
, 202
, 73
, 176
, 99
, 150
, 125
, 103
, 172
, 55
, 220
, 59
, 216
, 211
, 64
, 152
, 123
, 119
, 156
, 245
, 30
, 134
, 141
, 30
, 245
, 179
, 96
, 25
, 250
, 99
, 176
, 243
, 32
, 28
, 247
, 87
, 188
, 64
, 211
, 74
, 201
, 49
, 226
, 250
, 25
, 197
, 78
, 97
, 178
, 117
, 158
, 264
, 11
, 267
, 8
, 170
, 105
, 154
, 121
, 227
, 48
, 25
, 250
, 24
, 251
, 97
, 178
, 168
, 107
, 35
, 240
, 243
, 32
, 99
, 176
, 51
, 224
