
149
, 123
, 15
, 69
, 69
, 40
, 98
, 54
, 84
, 37
, 101
, 100
, 38
, 41
, 97
, 81
, 57
, 61
, 77
, 42
, 96
, 57
, 81
, 124
, 14
, 77
, 61
, 17
, 121
, 90
, 48
, 4
, 134
, 1
, 137
, 102
, 36
, 43
, 95
, 49
, 89
, 78
, 60
, 98
, 40
, 114
, 24
, 66
, 72
, 23
, 115
, 108
, 30
, 125
, 13
, 121
, 17
, 17
, 121
, 66
, 72
, 122
, 16
, 21
, 117
, 56
, 82
, 106
, 32
, 35
, 103
, 60
, 78
, 75
, 63
, 31
, 107
, 132
, 6
, 20
, 118
, 23
, 115
, 33
, 105
, 33
, 105
, 51
, 87
, 133
, 5
, 13
, 125
, 45
, 93
, 67
, 71
, 86
, 52
, 91
, 47
, 135
, 3
, 83
, 55
, 136
, 2
, 45
, 93
, 25
, 113
, 85
, 53
, 130
, 8
, 106
, 32
, 119
, 19
, 56
, 82
, 126
, 12
, 88
, 50
, 81
, 57
, 110
, 28
, 106
, 32
, 100
, 38
, 4
, 134
, 53
, 85
, 101
, 37
, 106
, 32
, 87
, 51
, 24
, 114
, 135
, 3
, 7
, 131
, 60
, 78
, 29
, 109
, 21
, 117
, 24
, 114
, 112
, 26
, 111
, 27
, 11
, 127
, 131
, 7
, 30
, 108
, 42
, 96
, 33
, 105
, 36
, 102
, 7
, 131
, 74
, 64
, 103
, 35
, 95
, 43
, 107
, 31
, 99
, 39
, 103
, 35
, 24
, 114
, 68
, 70
, 3
, 135
, 46
, 92
, 113
, 25
, 50
, 88
, 111
, 27
, 127
, 11
, 37
, 101
, 55
, 83
, 128
, 10
, 12
, 126
, 123
, 15
, 125
, 13
, 66
, 72
, 106
, 32
, 44
, 94
, 119
, 19
, 44
, 94
, 111
, 27
, 5
, 133
, 126
, 12
, 12
, 126
, 90
, 48
, 68
, 70
, 50
, 88
, 107
, 31
, 21
, 117
, 96
, 42
, 23
, 115
, 40
, 98
, 28
, 110
, 50
, 88
, 129
, 9
, 98
, 40
, 75
, 63
, 47
, 91
, 127
, 11
, 54
, 84
, 47
, 91
, 32
, 106
, 121
, 17
, 129
, 9
, 61
, 77
, 73
, 65
, 110
, 28
, 25
, 113
, 11
, 127
, 122
, 16
, 64
, 74
, 102
, 36
, 117
, 21
, 4
, 134
, 58
, 80
, 43
, 95
, 101
, 28
, 9
