
1510
, 28
, 272
, 236
, 64
, 53
, 247
, 2
, 298
, 294
, 6
, 173
, 127
, 116
, 184
, 275
, 25
, 217
, 83
, 267
, 33
, 233
, 67
, 236
, 64
, 39
, 261
, 123
, 177
, 268
, 32
, 98
, 202
, 176
, 124
, 119
, 181
, 110
, 190
, 94
, 206
, 296
, 4
, 200
, 100
, 71
, 229
, 280
, 20
, 118
, 182
, 265
, 35
, 112
, 188
, 258
, 42
, 297
, 3
, 75
, 225
, 108
, 192
, 54
, 246
, 261
, 39
, 104
, 196
, 13
, 287
, 150
, 150
, 120
, 180
, 192
, 108
, 50
, 250
, 166
, 134
, 244
, 56
, 251
, 49
, 257
, 43
, 48
, 252
, 155
, 145
, 44
, 256
, 35
, 265
, 135
, 165
, 229
, 71
, 251
, 49
, 262
, 38
, 98
, 202
, 92
, 208
, 123
, 177
, 112
, 188
, 123
, 177
, 275
, 25
, 199
, 101
, 253
, 47
, 101
, 199
, 70
, 230
, 143
, 157
, 36
, 264
, 162
, 138
, 108
, 192
, 50
, 250
, 128
, 172
, 132
, 168
, 211
, 89
, 110
, 190
, 238
, 62
, 90
, 210
, 277
, 23
, 106
, 194
, 41
, 259
, 31
, 269
, 231
, 69
, 232
, 68
, 47
, 253
, 9
, 291
, 149
, 151
, 70
, 230
, 277
, 23
, 41
, 259
, 173
, 127
, 110
, 190
, 183
, 117
, 158
, 142
, 3
, 297
, 68
, 232
, 70
, 230
, 272
, 28
, 292
, 8
, 88
, 212
, 285
, 15
, 232
, 68
, 120
, 180
, 245
, 55
, 139
, 161
, 121
, 179
, 214
, 86
, 7
, 293
, 165
, 135
, 56
, 244
, 275
, 25
, 274
, 26
, 100
, 200
, 234
, 66
, 79
, 221
, 260
, 40
, 197
, 103
, 286
, 14
, 23
, 277
, 283
, 17
, 241
, 59
, 267
, 33
, 278
, 22
, 93
, 207
, 295
, 5
, 204
, 96
, 82
, 218
, 129
, 171
, 71
, 229
, 266
, 34
, 131
, 169
, 293
, 7
, 294
, 6
, 212
, 88
, 240
, 60
, 121
, 179
, 42
, 258
, 88
, 212
, 48
, 252
, 55
, 245
, 297
, 3
, 149
, 151
, 47
, 253
, 26
, 274
, 196
, 104
, 191
, 109
, 268
, 32
, 168
, 132
, 235
, 65
, 242
, 58
, 126
, 174
, 71
, 229
, 106
, 194
, 164
, 136
, 110
, 190
, 218
, 82
, 231
, 69
, 27
, 273
, 261
, 39
, 43
, 257
, 100
, 200
, 244
, 56
, 139
, 161
, 234
, 66
, 151
, 149
, 75
, 225
, 287
, 13
, 133
, 167
, 34
, 266
, 285
, 15
, 280
, 20
, 292
, 8
, 241
, 59
, 52
, 248
, 97
, 203
, 42
, 258
, 11
, 289
, 128
, 172
, 277
, 23
, 273
, 27
, 10
, 290
, 212
, 88
, 297
, 3
, 228
, 72
, 195
, 105
, 16
, 284
, 112
, 188
, 55
, 245
, 198
, 102
, 213
, 87
, 40
, 260
, 105
, 195
, 223
, 77
, 141
, 159
, 172
, 128
, 219
, 81
, 9
, 291
, 130
, 170
, 83
, 217
, 35
, 265
, 187
, 113
, 193
, 107
, 207
, 93
, 113
, 187
, 27
, 273
, 215
, 85
, 189
, 111
, 206
, 94
, 155
, 145
, 173
, 127
, 144
, 156
, 290
, 10
, 233
, 67
, 107
, 193
, 35
, 265
, 136
, 164
, 90
, 210
, 227
, 73
, 134
, 166
, 202
, 98
, 276
, 24
, 20
, 280
, 93
, 207
, 15
, 285
, 13
, 287
, 80
, 220
, 63
, 237
, 115
, 185
, 266
, 34
, 80
, 220
, 39
, 261
, 265
, 35
, 94
, 206
, 79
, 221
, 28
, 272
, 181
, 119
, 204
, 96
, 6
, 294
, 224
, 76
, 117
, 183
, 260
, 40
, 22
, 278
, 237
, 63
, 280
, 20
, 260
, 40
, 39
, 261
, 175
, 125
, 100
, 200
, 226
, 74
, 30
, 270
, 103
, 197
, 13
, 287
, 225
, 75
, 218
, 82
, 45
, 255
, 67
, 233
, 83
, 217
, 281
, 19
, 124
, 176
, 258
, 42
, 42
, 258
, 207
, 93
, 118
, 182
, 192
, 108
, 271
, 29
, 266
, 34
, 91
, 209
, 35
, 265
, 151
, 149
, 131
, 169
, 266
, 34
, 87
, 213
, 10
, 290
, 90
, 210
, 292
, 8
, 50
, 250
, 268
, 32
, 160
, 140
, 153
, 147
, 24
, 276
, 209
, 91
, 109
, 191
, 256
, 44
, 89
, 211
, 170
, 130
, 49
, 251
, 129
, 171
, 177
, 123
, 78
, 222
, 179
, 121
, 204
, 96
, 168
, 132
, 113
, 187
, 104
, 196
, 199
, 101
, 4
, 296
, 89
, 211
, 206
, 94
, 170
, 130
, 66
, 234
, 172
, 128
, 201
, 99
, 80
, 220
, 65
, 235
, 38
, 262
, 274
, 26
, 283
, 17
, 256
, 44
, 25
, 275
, 226
, 74
, 68
, 232
, 67
, 233
, 129
, 171
, 288
, 12
, 285
, 15
, 269
, 31
, 114
, 186
, 103
, 197
, 76
, 224
, 22
, 278
, 103
, 197
, 84
, 216
, 84
, 216
, 263
, 37
, 193
, 107
, 58
, 242
, 139
, 161
, 202
, 98
, 76
, 224
, 290
, 10
, 107
, 193
, 258
, 42
, 131
, 169
, 183
, 117
, 267
, 33
, 54
, 246
, 218
, 82
, 140
, 160
, 214
, 86
, 46
, 254
, 269
, 31
, 186
, 114
, 55
, 245
, 86
, 214
, 297
, 3
, 143
, 157
, 263
, 37
, 101
, 199
, 133
, 167
, 142
, 158
, 64
, 236
, 161
, 139
, 275
, 25
, 124
, 176
, 24
, 276
, 5
, 295
, 265
, 35
, 154
, 146
, 239
, 61
, 239
, 61
, 205
, 95
, 227
, 73
, 198
, 102
, 165
, 135
, 64
, 236
, 293
, 7
, 131
, 169
, 234
, 66
, 46
, 254
, 258
, 42
, 6
, 294
, 272
, 28
, 9
, 291
, 100
, 200
, 97
, 203
, 199
, 101
, 294
, 6
, 275
, 25
, 270
, 30
, 216
, 84
, 15
, 285
, 48
, 252
, 12
, 288
, 26
, 274
, 257
, 43
, 57
, 243
, 113
, 187
, 249
, 51
, 204
, 96
, 56
, 244
, 181
, 119
, 67
, 233
, 291
, 9
, 124
, 176
, 210
, 90
, 118
, 182
, 44
, 256
, 104
, 196
, 161
, 139
, 212
, 88
, 37
, 263
, 6
, 294
, 52
, 248
, 121
, 179
, 112
, 188
, 261
, 39
, 47
, 253
, 107
, 193
, 243
, 57
, 96
, 204
, 140
, 160
, 137
, 163
, 21
, 279
, 27
, 273
, 294
, 6
, 285
, 15
, 127
, 173
, 85
, 215
, 255
, 45
, 89
, 211
, 190
, 110
, 278
, 22
, 93
, 207
, 105
, 195
, 187
, 113
, 55
, 245
, 239
, 61
, 200
, 100
, 89
, 211
, 4
, 296
, 196
, 104
, 93
, 207
, 80
, 220
, 176
, 124
, 249
, 51
, 55
, 245
, 137
, 163
, 296
, 4
, 198
, 102
, 250
, 50
, 240
, 60
, 256
, 44
, 73
, 227
, 229
, 71
, 231
, 69
, 162
, 138
, 147
, 153
, 123
, 177
, 160
, 140
, 118
, 182
, 195
, 105
, 7
, 293
, 61
, 239
, 210
, 90
, 62
, 238
, 235
, 65
, 213
, 87
, 164
, 136
, 217
, 83
, 289
, 11
, 266
, 34
, 145
, 155
, 35
, 265
, 188
, 112
, 44
, 256
, 151
, 149
, 167
, 133
, 238
, 62
, 129
, 171
, 72
, 228
, 242
, 58
, 24
, 276
, 287
, 13
, 149
, 151
, 276
, 24
, 223
, 77
, 47
, 253
, 264
, 36
, 205
, 95
, 250
, 50
, 170
, 130
, 232
, 68
, 27
, 273
, 188
, 112
, 39
, 261
, 180
, 120
, 245
, 55
, 293
, 7
, 241
, 59
, 51
, 249
, 113
, 187
, 72
, 228
, 83
, 217
, 37
, 263
, 217
, 83
, 18
, 282
, 26
, 274
, 131
, 169
, 188
, 112
, 46
, 254
, 131
, 169
, 296
, 4
, 183
, 117
, 139
, 161
, 173
, 127
, 44
, 256
, 131
, 169
, 8
, 292
, 251
, 49
, 119
, 181
, 121
, 179
, 30
, 270
, 95
, 205
, 180
, 120
, 164
, 136
, 52
, 248
, 285
, 15
, 269
, 31
, 165
, 135
, 182
, 118
, 88
, 212
, 191
, 109
, 137
, 163
, 172
, 128
, 98
, 202
, 214
, 86
, 230
, 70
, 183
, 117
, 281
, 19
, 189
, 111
, 211
, 89
, 241
, 59
, 89
, 211
, 155
, 145
, 248
, 52
, 30
, 270
, 172
, 128
, 122
, 178
, 56
, 244
, 189
, 111
, 3
, 297
, 111
, 189
, 235
, 65
, 235
, 65
, 15
, 285
, 191
, 109
, 45
, 255
, 177
, 123
, 79
, 221
, 91
, 209
, 156
, 144
, 174
, 126
, 149
, 151
, 208
, 92
, 208
, 92
, 167
, 133
, 213
, 87
, 44
, 256
, 215
, 85
, 88
, 212
, 116
, 184
, 263
, 37
, 103
, 197
, 94
, 206
, 267
, 33
, 273
, 27
, 187
, 113
, 153
, 147
, 5
, 295
, 216
, 84
, 31
, 269
, 219
, 81
, 275
, 25
, 235
, 65
, 62
, 238
, 225
, 75
, 95
, 205
, 282
, 18
, 70
, 230
, 37
, 263
, 74
, 226
, 37
, 263
, 26
, 274
, 18
, 282
, 93
, 207
, 276
, 24
, 181
, 119
, 206
, 94
, 112
, 188
, 17
, 283
, 132
, 168
, 108
, 192
, 141
, 159
, 31
, 269
, 267
, 33
, 107
, 193
, 135
, 165
, 199
, 101
, 34
, 266
, 117
, 183
, 97
, 203
, 28
, 272
, 285
, 15
, 170
, 130
, 127
, 173
, 37
, 263
, 100
, 200
, 225
, 75
, 57
, 243
, 3
, 297
, 183
, 117
, 150
, 150
, 14
, 286
, 278
, 22
, 84
, 216
, 143
, 157
, 64
, 236
, 291
, 9
, 298
, 2
, 1
, 299
, 225
, 75
, 258
, 42
, 21
, 279
, 205
, 95
, 209
, 91
, 116
, 184
, 248
, 52
, 221
, 79
, 83
, 217
, 95
, 205
, 259
, 41
, 225
, 75
, 115
, 185
, 14
, 286
, 204
, 96
, 107
, 193
, 108
, 192
, 267
, 33
, 85
, 215
, 96
, 204
, 83
, 217
, 164
, 136
, 16
, 284
, 237
, 63
, 19
, 281
, 104
, 196
, 5
, 295
, 19
, 281
, 265
, 35
, 8
, 292
, 180
, 120
, 161
, 139
, 208
, 92
, 111
, 189
, 42
, 258
, 11
, 289
, 16
, 284
, 140
, 160
, 180
, 120
, 228
, 72
, 242
, 58
, 273
, 27
, 3
, 297
, 233
, 67
, 117
, 183
, 71
, 229
, 59
, 241
, 121
, 179
, 205
, 95
, 284
, 16
, 180
, 120
, 225
, 75
, 222
, 78
, 77
, 223
, 281
, 19
, 279
, 21
, 238
, 62
, 95
, 205
, 85
, 215
, 265
, 35
, 49
, 251
, 68
, 232
, 271
, 29
, 224
, 76
, 232
, 68
, 274
, 26
, 233
, 67
, 175
, 125
, 155
, 145
, 278
, 22
, 72
, 228
, 13
, 287
, 96
, 204
, 108
, 192
, 67
, 233
, 216
, 84
, 290
, 10
, 122
, 178
, 1
, 299
, 165
, 135
, 53
, 247
, 279
, 21
, 150
, 150
, 250
, 50
, 58
, 242
, 298
, 2
, 55
, 245
, 90
, 210
, 31
, 269
, 242
, 58
, 47
, 253
, 25
, 275
, 137
, 163
, 14
, 286
, 144
, 156
, 13
, 287
, 17
, 283
, 191
, 109
, 222
, 78
, 119
, 181
, 291
, 9
, 123
, 177
, 242
, 58
, 12
, 288
, 71
, 229
, 21
, 279
, 188
, 112
, 159
, 141
, 125
, 175
, 107
, 193
, 251
, 49
, 68
, 232
, 45
, 255
, 287
, 13
, 184
, 116
, 176
, 124
, 244
, 56
, 293
, 7
, 147
, 153
, 250
, 50
, 148
, 152
, 221
, 79
, 275
, 25
, 58
, 242
, 297
, 3
, 50
, 250
, 64
, 236
, 73
, 227
, 53
, 247
, 180
, 120
, 174
, 126
, 135
, 165
, 99
, 201
, 256
, 44
, 208
, 92
, 61
, 239
, 217
, 83
, 24
, 276
, 141
, 159
, 126
, 174
, 284
, 16
, 163
, 137
, 3
, 297
, 167
, 133
, 189
, 111
, 151
, 149
, 296
, 4
, 272
, 28
, 287
, 13
, 125
, 175
, 96
, 204
, 128
, 172
, 21
, 279
, 237
, 63
, 202
, 98
, 10
, 290
, 153
, 147
, 213
, 87
, 87
, 213
, 249
, 51
, 174
, 126
, 75
, 225
, 78
, 222
, 8
, 292
, 283
, 17
, 45
, 255
, 213
, 87
, 251
, 49
, 193
, 107
, 262
, 38
, 106
, 194
, 74
, 226
, 295
, 5
, 190
, 110
, 244
, 56
, 98
, 202
, 289
, 11
, 216
, 84
, 90
, 210
, 202
, 98
, 122
, 178
, 277
, 23
, 200
, 100
, 25
, 275
, 179
, 121
, 37
, 263
, 227
, 73
, 23
, 277
, 263
, 37
, 7
, 293
, 243
, 57
, 150
, 150
, 223
, 77
, 106
, 194
, 133
, 167
, 262
, 38
, 44
, 256
, 9
, 291
, 154
, 146
, 165
, 135
, 69
, 231
, 245
, 55
, 97
, 203
, 179
, 121
, 155
, 145
, 223
, 77
, 79
, 221
, 154
, 146
, 15
, 285
, 18
, 282
, 59
, 241
, 234
, 66
, 152
, 148
, 294
, 6
, 156
, 144
, 39
, 261
, 218
, 82
, 45
, 255
, 280
, 20
, 111
, 189
, 212
, 88
, 33
, 267
, 160
, 140
, 147
, 153
, 89
, 211
, 112
, 188
, 14
, 286
, 78
, 222
, 201
, 99
, 296
, 4
, 52
, 248
, 144
, 156
, 197
, 103
, 47
, 253
, 55
, 245
, 137
, 163
, 25
, 275
, 202
, 98
, 218
, 82
, 184
, 116
, 209
, 91
, 205
, 95
, 63
, 237
, 231
, 69
, 167
, 133
, 108
, 192
, 66
, 234
, 96
, 204
, 116
, 184
, 225
, 75
, 155
, 145
, 295
, 5
, 225
, 75
, 249
, 51
, 158
, 142
, 84
, 216
, 95
, 205
, 297
, 3
, 80
, 220
, 251
, 49
, 207
, 93
, 37
, 263
, 221
, 79
, 20
, 280
, 10
, 290
, 276
, 24
, 38
, 262
, 90
, 210
, 7
, 293
, 73
, 227
, 63
, 237
, 270
, 30
, 19
, 281
, 122
, 178
, 3
, 297
, 129
, 171
, 276
, 24
, 257
, 43
, 166
, 134
, 40
, 260
, 191
, 109
, 182
, 118
, 188
, 112
, 235
, 65
, 164
, 136
, 28
, 272
, 138
, 162
, 196
, 104
, 10
, 290
, 64
, 236
, 227
, 73
, 250
, 50
, 116
, 184
, 190
, 110
, 109
, 191
, 265
, 35
, 2
, 298
, 13
, 287
, 63
, 237
, 193
, 107
, 253
, 47
, 23
, 277
, 82
, 218
, 43
, 257
, 140
, 160
, 74
, 226
, 192
, 108
, 195
, 105
, 154
, 146
, 164
, 136
, 241
, 59
, 63
, 237
, 242
, 58
, 208
, 92
, 54
, 246
, 173
, 127
, 273
, 27
, 110
, 190
, 235
, 65
, 199
, 101
, 105
, 195
, 189
, 111
, 258
, 42
, 134
, 166
, 279
, 21
, 180
, 120
, 170
, 130
, 169
, 131
, 149
, 151
, 7
, 293
, 50
, 250
, 107
, 193
, 204
, 96
, 97
, 203
, 157
, 143
, 38
, 262
, 270
, 30
, 125
, 175
, 154
, 146
, 276
, 24
, 163
, 137
, 217
, 83
, 11
, 289
, 284
, 16
, 231
, 69
, 241
, 59
, 284
, 16
, 146
, 154
, 194
, 106
, 178
, 122
, 75
, 225
, 188
, 112
, 152
, 148
, 154
, 146
, 74
, 226
, 163
, 137
, 281
, 19
, 144
, 156
, 141
, 159
, 297
, 3
, 40
, 260
, 161
, 139
, 206
, 94
, 44
, 256
, 155
, 145
, 55
, 245
, 22
, 278
, 44
, 256
, 202
, 98
, 162
, 138
, 291
, 9
, 258
, 42
, 241
, 59
, 66
, 234
, 17
, 283
, 45
, 255
, 237
, 63
, 298
, 2
, 127
, 173
, 97
, 203
, 22
, 278
, 154
, 146
, 67
, 233
, 287
, 13
, 268
, 32
, 197
, 103
, 193
, 107
, 62
, 238
, 131
, 169
, 63
, 237
, 224
, 76
, 294
, 6
, 232
, 68
, 162
, 138
, 166
, 134
, 70
, 230
, 196
, 104
, 134
, 166
, 99
, 201
, 109
, 191
, 290
, 10
, 3
, 297
, 226
, 74
, 192
, 108
, 237
, 63
, 131
, 169
, 202
, 98
, 117
, 183
, 92
, 208
, 107
, 193
, 236
, 64
, 111
, 189
, 261
, 39
, 163
, 137
, 68
, 232
, 231
, 69
, 184
, 116
, 111
, 189
, 49
, 251
, 93
, 207
, 149
, 151
, 40
, 260
, 134
, 166
, 42
, 258
, 115
, 185
, 74
, 226
, 78
, 222
, 48
, 252
, 147
, 153
, 99
, 201
, 89
, 211
, 27
, 273
, 94
, 206
, 164
, 136
, 32
, 268
, 135
, 165
, 293
, 7
, 1
, 299
, 52
, 248
, 120
, 180
, 240
, 60
, 84
, 216
, 166
, 134
, 35
, 265
, 208
, 92
, 106
, 194
, 20
, 280
, 77
, 223
, 216
, 84
, 201
, 99
, 15
, 285
, 210
, 90
, 42
, 258
, 191
, 109
, 83
, 217
, 182
, 118
, 10
, 290
, 20
, 280
, 172
, 128
, 112
, 188
, 73
, 227
, 128
, 172
, 22
, 278
, 140
, 160
, 210
, 90
, 164
, 136
, 195
, 105
, 49
, 251
, 73
, 227
, 69
, 231
, 296
, 4
, 158
, 142
, 156
, 144
, 38
, 262
, 179
, 121
, 51
, 249
, 201
, 99
, 8
, 292
, 114
, 186
, 113
, 187
, 26
, 274
, 118
, 182
, 222
, 78
, 3
, 297
, 293
, 7
, 118
, 182
, 242
, 58
, 227
, 73
, 216
, 84
, 81
, 219
, 48
, 252
, 78
, 222
, 186
, 114
, 248
, 52
, 64
, 236
, 242
, 58
, 173
, 127
, 193
, 107
, 284
, 16
, 75
, 225
, 190
, 110
, 67
, 233
, 45
, 255
, 50
, 250
, 138
, 162
, 298
, 2
, 101
, 199
, 156
, 144
, 44
, 256
, 152
, 148
, 169
, 131
, 54
, 246
, 152
, 148
, 271
, 29
, 293
, 7
, 154
, 146
, 62
, 238
, 130
, 170
, 236
, 64
, 241
, 59
, 233
, 67
, 264
, 36
, 95
, 205
, 172
, 128
, 156
, 144
, 292
, 8
, 69
, 231
, 278
, 22
, 31
, 269
, 3
, 297
, 12
, 288
, 286
, 14
, 196
, 104
, 216
, 84
, 49
, 251
, 93
, 207
, 276
, 24
, 52
, 248
, 47
, 253
, 86
, 214
, 263
, 37
, 198
, 102
, 192
, 108
, 291
, 9
, 293
, 7
, 83
, 217
, 269
, 31
, 89
, 211
, 137
, 163
, 152
, 148
, 68
, 232
, 206
, 94
, 289
, 11
, 127
, 173
, 98
, 202
, 1
, 299
, 187
, 113
, 225
, 75
, 203
, 97
, 128
, 172
, 25
, 275
, 19
, 281
, 118
, 182
, 178
, 122
, 71
, 229
, 192
, 108
, 272
, 28
, 18
, 282
, 22
, 278
, 196
, 104
, 103
, 197
, 180
, 120
, 202
, 98
, 93
, 207
, 82
, 218
, 72
, 228
, 86
, 214
, 40
, 260
, 95
, 205
, 112
, 188
, 140
, 160
, 290
, 10
, 9
, 291
, 159
, 141
, 237
, 63
, 38
, 262
, 218
, 82
, 149
, 151
, 209
, 91
, 248
, 52
, 251
, 49
, 11
, 289
, 22
, 278
, 6
, 294
, 58
, 242
, 250
, 50
, 212
, 88
, 157
, 143
, 160
, 140
, 85
, 215
, 36
, 264
, 42
, 258
, 104
, 196
, 122
, 178
, 18
, 282
, 291
, 9
, 205
, 95
, 231
, 69
, 69
, 231
, 147
, 153
, 258
, 42
, 150
, 150
, 60
, 240
, 171
, 129
, 25
, 275
, 76
, 224
, 242
, 58
, 105
, 195
, 87
, 213
, 100
, 200
, 241
, 59
, 282
, 18
, 53
, 247
, 66
, 234
, 74
, 226
, 78
, 222
, 222
, 78
, 204
, 96
, 293
, 7
, 204
, 96
, 287
, 13
, 118
, 182
, 39
, 261
, 54
, 246
, 239
, 61
, 254
, 46
, 40
, 260
, 205
, 95
, 284
, 16
, 207
, 93
, 122
, 178
, 266
, 34
, 251
, 49
, 131
, 169
, 286
, 14
, 38
, 262
, 140
, 160
, 55
, 245
, 238
, 62
, 189
, 111
, 198
, 102
, 169
, 131
, 72
, 228
, 194
, 106
, 289
, 11
, 202
, 98
, 2
, 298
, 61
, 239
, 138
, 162
, 45
, 255
, 40
, 260
, 158
, 142
, 13
, 287
, 18
, 282
, 134
, 166
, 190
, 110
, 231
, 69
, 27
, 273
, 170
, 130
, 164
, 136
, 94
, 206
, 107
, 193
, 192
, 108
, 214
, 86
, 255
, 45
, 65
, 235
, 141
, 159
, 224
, 76
, 114
, 186
, 15
, 285
, 14
, 286
, 141
, 159
, 122
, 178
, 130
, 170
, 173
, 127
, 233
, 67
, 217
, 83
, 107
, 193
, 49
, 251
, 268
, 32
, 264
, 36
, 215
, 85
, 220
, 80
, 202
, 98
, 133
, 167
, 283
, 17
, 255
, 45
, 145
, 155
, 46
, 254
, 29
, 271
, 101
, 199
, 14
, 286
, 153
, 147
, 176
, 124
, 265
, 35
, 253
, 47
, 83
, 217
, 238
, 62
, 74
, 226
, 44
, 256
, 100
, 200
, 46
, 254
, 101
, 199
, 272
, 28
, 3
, 297
, 224
, 76
, 91
, 209
, 235
, 65
, 132
, 168
, 115
, 185
, 283
, 17
, 222
, 78
, 16
, 284
, 65
, 235
, 172
, 128
, 185
, 115
, 142
, 158
, 215
, 85
, 135
, 165
, 121
, 179
, 297
, 3
, 38
, 262
, 156
, 144
, 102
, 198
, 96
, 204
, 235
, 65
, 88
, 212
, 27
, 273
, 60
, 240
, 172
, 128
, 164
, 136
, 161
, 139
, 23
, 277
, 198
, 102
, 261
, 39
, 277
, 23
, 184
, 116
, 205
, 95
, 121
, 179
, 240
, 60
, 174
, 126
, 20
, 280
, 117
, 183
, 209
, 91
, 41
, 259
, 199
, 101
, 289
, 11
, 63
, 237
, 218
, 82
, 26
, 274
, 67
, 233
, 88
, 212
, 52
, 248
, 51
, 249
, 284
, 16
, 54
, 246
, 164
, 136
, 95
, 205
, 66
, 234
, 278
, 22
, 19
, 281
, 76
, 224
, 139
, 161
, 203
, 97
, 255
, 45
, 229
, 71
, 76
, 224
, 21
, 279
, 118
, 182
, 229
, 71
, 34
, 266
, 40
, 260
, 87
, 213
, 187
, 113
, 42
, 258
, 112
, 188
, 193
, 107
, 214
, 86
, 292
, 8
, 80
, 220
, 5
, 295
, 128
, 172
, 275
, 25
, 84
, 216
, 89
, 211
, 181
, 119
, 244
, 56
, 11
, 289
, 13
, 287
, 141
, 159
, 248
, 52
, 235
, 65
, 214
, 86
, 179
, 121
, 210
, 90
, 3
, 297
, 26
, 274
, 15
, 285
, 16
, 284
, 188
, 112
, 66
, 234
, 36
, 264
, 213
, 87
, 213
, 87
, 136
, 164
, 134
, 166
, 109
, 191
, 296
, 4
, 7
, 293
, 158
, 142
, 165
, 135
, 277
, 23
, 93
, 207
, 180
, 120
, 179
, 121
, 198
, 102
, 151
, 149
, 24
, 276
, 25
, 275
, 188
, 112
, 164
, 136
, 35
, 265
, 271
, 29
, 110
, 190
, 117
, 183
, 109
, 191
, 128
, 172
, 158
, 142
, 77
, 223
, 55
, 245
, 165
, 135
, 267
, 33
, 139
, 161
, 259
, 41
, 273
, 27
, 291
, 9
, 129
, 171
, 104
, 196
, 275
, 25
, 66
, 234
, 49
, 251
, 90
, 210
, 199
, 101
, 157
, 143
, 174
, 126
, 230
, 70
, 207
, 93
, 219
, 81
, 36
, 264
, 172
, 128
, 52
, 248
, 23
, 277
, 198
, 102
, 34
, 266
, 229
, 71
, 35
, 265
, 230
, 70
, 226
, 74
, 280
, 20
, 98
, 202
, 46
, 254
, 66
, 234
, 242
, 58
, 142
, 158
, 199
, 101
, 116
, 184
, 200
, 100
, 33
, 267
, 99
, 201
, 277
, 23
, 236
, 64
, 71
, 229
, 65
, 235
, 245
, 55
, 100
, 200
, 100
, 200
, 112
, 188
, 99
, 201
, 211
, 89
, 207
, 93
, 277
, 23
, 198
, 102
, 142
, 158
, 123
, 177
, 70
, 230
, 170
, 130
