
1550
, 121
, 153
, 162
, 112
, 260
, 14
, 106
, 168
, 177
, 97
, 96
, 178
, 22
, 252
, 128
, 146
, 77
, 197
, 106
, 168
, 271
, 3
, 204
, 70
, 104
, 170
, 4
, 270
, 160
, 114
, 22
, 252
, 161
, 113
, 216
, 58
, 91
, 183
, 167
, 107
, 210
, 64
, 86
, 188
, 161
, 113
, 50
, 224
, 172
, 102
, 143
, 131
, 108
, 166
, 58
, 216
, 15
, 259
, 84
, 190
, 238
, 36
, 123
, 151
, 264
, 10
, 68
, 206
, 44
, 230
, 131
, 143
, 54
, 220
, 175
, 99
, 200
, 74
, 211
, 63
, 116
, 158
, 86
, 188
, 191
, 83
, 180
, 94
, 227
, 47
, 79
, 195
, 99
, 175
, 84
, 190
, 153
, 121
, 270
, 4
, 244
, 30
, 51
, 223
, 14
, 260
, 195
, 79
, 173
, 101
, 146
, 128
, 126
, 148
, 154
, 120
, 50
, 224
, 263
, 11
, 233
, 41
, 155
, 119
, 221
, 53
, 157
, 117
, 82
, 192
, 213
, 61
, 261
, 13
, 238
, 36
, 185
, 89
, 261
, 13
, 202
, 72
, 170
, 104
, 272
, 2
, 35
, 239
, 232
, 42
, 150
, 124
, 219
, 55
, 233
, 41
, 221
, 53
, 149
, 125
, 101
, 173
, 236
, 38
, 215
, 59
, 145
, 129
, 155
, 119
, 58
, 216
, 150
, 124
, 89
, 185
, 109
, 165
, 73
, 201
, 165
, 109
, 68
, 206
, 123
, 151
, 240
, 34
, 95
, 179
, 24
, 250
, 106
, 168
, 47
, 227
, 39
, 235
, 246
, 28
, 168
, 106
, 45
, 229
, 239
, 35
, 27
, 247
, 14
, 260
, 58
, 216
, 174
, 100
, 80
, 194
, 198
, 76
, 221
, 53
, 52
, 222
, 134
, 140
, 188
, 86
, 93
, 181
, 27
, 247
, 1
, 273
, 130
, 144
, 44
, 230
, 163
, 111
, 217
, 57
, 171
, 103
, 207
, 67
, 255
, 19
, 162
, 112
, 13
, 261
, 250
, 24
, 108
, 166
, 15
, 259
, 259
, 15
, 97
, 177
, 149
, 125
, 271
, 3
, 129
, 145
, 52
, 222
, 232
, 42
, 220
, 54
, 260
, 14
, 92
, 182
, 260
, 14
, 26
, 248
, 96
, 178
, 267
, 7
, 179
, 95
, 89
, 185
, 272
, 2
, 239
, 35
, 88
, 186
, 157
, 117
, 26
, 248
, 89
, 185
, 187
, 87
, 180
, 94
, 6
, 268
, 55
, 219
, 99
, 175
, 74
, 200
, 56
, 218
, 200
, 74
, 107
, 167
, 66
, 208
, 93
, 181
, 171
, 103
, 32
, 242
, 203
, 71
, 155
, 119
, 184
, 90
, 145
, 129
, 218
, 56
, 7
, 267
, 89
, 185
, 2
, 272
, 56
, 218
, 206
, 68
, 42
, 232
, 131
, 143
, 89
, 185
, 84
, 190
, 181
, 93
, 267
, 7
, 247
, 27
, 166
, 108
, 187
, 87
, 186
, 88
, 212
, 62
, 195
, 79
, 209
, 65
, 264
, 10
, 165
, 109
, 19
, 255
, 108
, 166
, 175
, 99
, 202
, 72
, 130
, 144
, 7
, 267
, 46
, 228
, 251
, 23
, 182
, 92
, 1
, 273
, 21
, 253
, 77
, 197
, 269
, 5
, 199
, 75
, 3
, 271
, 30
, 244
, 105
, 169
, 158
, 116
, 201
, 73
, 52
, 222
, 185
, 89
, 192
, 82
, 97
, 177
, 220
, 54
, 91
, 183
, 37
, 237
, 22
, 252
, 142
, 132
, 64
, 210
, 77
, 197
, 25
, 249
, 247
, 27
, 10
, 264
, 266
, 8
, 166
, 108
, 114
, 160
, 34
, 240
, 151
, 123
, 177
, 97
, 49
, 225
, 248
, 26
, 44
, 230
, 69
, 205
, 40
, 234
, 108
, 166
, 59
, 215
, 209
, 65
, 239
, 35
, 66
, 208
, 56
, 218
, 171
, 103
, 127
, 147
, 95
, 179
, 204
, 70
, 222
, 52
, 256
, 18
, 181
, 93
, 118
, 156
, 61
, 213
, 262
, 12
, 210
, 64
, 158
, 116
, 24
, 250
, 23
, 251
, 48
, 226
, 135
, 139
, 18
, 256
, 114
, 160
, 64
, 210
, 146
, 128
, 98
, 176
, 258
, 16
, 56
, 218
, 214
, 60
, 38
, 236
, 211
, 63
, 250
, 24
, 94
, 180
, 144
, 130
, 53
, 221
, 73
, 201
, 108
, 166
, 235
, 39
, 106
, 168
, 83
, 191
, 197
, 77
, 128
, 146
, 75
, 199
, 25
, 249
, 3
, 271
, 198
, 76
, 55
, 219
, 156
, 118
, 120
, 154
, 160
, 114
, 16
, 258
, 115
, 159
, 57
, 217
, 246
, 28
, 122
, 152
, 188
, 86
, 255
, 19
, 261
, 13
, 178
, 96
, 132
, 142
, 257
, 17
, 27
, 247
, 11
, 263
, 137
, 137
, 57
, 217
, 48
, 226
, 170
, 104
, 175
, 99
, 10
, 264
, 217
, 57
, 229
, 45
, 169
, 105
, 32
, 242
, 134
, 140
, 243
, 31
, 104
, 170
, 244
, 30
, 89
, 185
, 159
, 115
, 3
, 271
, 272
, 2
, 187
, 87
, 34
, 240
, 71
, 203
, 231
, 43
, 150
, 124
, 121
, 153
, 143
, 131
, 184
, 90
, 53
, 221
, 164
, 110
, 135
, 139
, 31
, 243
, 122
, 152
, 144
, 130
, 3
, 271
, 173
, 101
, 56
, 218
, 6
, 268
, 76
, 198
, 229
, 45
, 211
, 63
, 22
, 252
, 176
, 98
, 137
, 137
, 200
, 74
, 122
, 152
, 131
, 143
, 155
, 119
, 34
, 240
, 249
, 25
, 170
, 104
, 165
, 109
, 19
, 255
, 32
, 242
, 238
, 36
, 67
, 207
, 265
, 9
, 8
, 266
, 213
, 61
, 47
, 227
, 48
, 226
, 56
, 218
, 19
, 255
, 220
, 54
, 101
, 173
, 182
, 92
, 59
, 215
, 197
, 77
, 121
, 153
, 22
, 252
, 21
, 253
, 67
, 207
, 62
, 212
, 231
, 43
, 263
, 11
, 125
, 149
, 193
, 81
, 92
, 182
, 71
, 203
, 183
, 91
, 141
, 133
, 22
, 252
, 196
, 78
, 87
, 187
, 253
, 21
, 67
, 207
, 117
, 157
, 225
, 49
, 195
, 79
, 26
, 248
, 237
, 37
, 242
, 32
, 205
, 69
, 19
, 255
, 121
, 153
, 2
, 272
, 262
, 12
, 109
, 165
, 118
, 156
, 244
, 30
, 165
, 109
, 20
, 254
, 252
, 22
, 133
, 141
, 219
, 55
, 206
, 68
, 152
, 122
, 136
, 138
, 243
, 31
, 221
, 53
, 205
, 69
, 251
, 23
, 208
, 66
, 230
, 44
, 180
, 94
, 192
, 82
, 96
, 178
, 13
, 261
, 174
, 100
, 51
, 223
, 51
, 223
, 202
, 72
, 95
, 179
, 265
, 9
, 174
, 100
, 31
, 243
, 208
, 66
, 77
, 197
, 159
, 115
, 82
, 192
, 155
, 119
, 22
, 252
, 146
, 128
, 223
, 51
, 247
, 27
, 219
, 55
, 21
, 253
, 105
, 169
, 254
, 20
, 132
, 142
, 99
, 175
, 251
, 23
, 9
, 265
, 191
, 83
, 41
, 233
, 76
, 198
, 12
, 262
, 141
, 133
, 142
, 132
, 219
, 55
, 255
, 19
, 31
, 243
, 3
, 271
, 131
, 143
, 45
, 229
, 98
, 176
, 143
, 131
, 248
, 26
, 247
, 27
, 15
, 259
, 225
, 49
, 266
, 8
, 71
, 203
, 7
, 267
, 74
, 200
, 117
, 157
, 18
, 256
, 122
, 152
, 129
, 145
, 233
, 41
, 138
, 136
, 136
, 138
, 34
, 240
, 27
, 247
, 43
, 231
, 155
, 119
, 56
, 218
, 115
, 159
, 109
, 165
, 236
, 38
, 144
, 130
, 90
, 184
, 63
, 211
, 147
, 127
, 69
, 205
, 97
, 177
, 170
, 104
, 101
, 173
, 89
, 185
, 186
, 88
, 134
, 140
, 65
, 209
, 36
, 238
, 184
, 90
, 101
, 173
, 30
, 244
, 83
, 191
, 22
, 252
, 129
, 145
, 57
, 217
, 163
, 111
, 71
, 203
, 118
, 156
, 103
, 171
, 20
, 254
, 178
, 96
, 216
, 58
, 103
, 171
, 192
, 82
, 270
, 4
, 54
, 220
, 2
, 272
, 183
, 91
, 182
, 92
, 26
, 248
, 200
, 74
, 38
, 236
, 248
, 26
, 166
, 108
, 18
, 256
, 189
, 85
, 231
, 43
, 8
, 266
, 262
, 12
, 206
, 68
, 190
, 84
, 157
, 117
, 156
, 118
, 155
, 119
, 22
, 252
, 173
, 101
, 217
, 57
, 144
, 130
, 12
, 262
, 19
, 255
, 121
, 153
, 263
, 11
, 126
, 148
, 115
, 159
, 220
, 54
, 95
, 179
, 235
, 39
, 164
, 110
, 206
, 68
, 263
, 11
, 252
, 22
, 35
, 239
, 222
, 52
, 235
, 39
, 158
, 116
, 63
, 211
, 227
, 47
, 46
, 228
, 84
, 190
, 153
, 121
, 256
, 18
, 127
, 147
, 247
, 27
, 146
, 128
, 246
, 28
, 195
, 79
, 244
, 30
, 9
, 265
, 35
, 239
, 193
, 81
, 81
, 193
, 183
, 91
, 190
, 84
, 236
, 38
, 48
, 226
, 177
, 97
, 208
, 66
, 40
, 234
, 157
, 117
, 16
, 258
, 143
, 131
, 230
, 44
, 77
, 197
, 101
, 173
, 65
, 209
, 219
, 55
, 13
, 261
, 236
, 38
, 43
, 231
, 255
, 19
, 46
, 228
, 173
, 101
, 247
, 27
, 270
, 4
, 141
, 133
, 72
, 202
, 124
, 150
, 130
, 144
, 158
, 116
, 68
, 206
, 29
, 245
, 85
, 189
, 79
, 195
, 76
, 198
, 145
, 129
, 271
, 3
, 46
, 228
, 124
, 150
, 118
, 156
, 74
, 200
, 183
, 91
, 101
, 173
, 252
, 22
, 44
, 230
, 163
, 111
, 204
, 70
, 22
, 252
, 232
, 42
, 201
, 73
, 166
, 108
, 20
, 254
, 235
, 39
, 145
, 129
, 165
, 109
, 156
, 118
, 236
, 38
, 50
, 224
, 238
, 36
, 204
, 70
, 107
, 167
, 268
, 6
, 135
, 139
, 266
, 8
, 141
, 133
, 8
, 266
, 11
, 263
, 34
, 240
, 102
, 172
, 217
, 57
, 182
, 92
, 235
, 39
, 146
, 128
, 88
, 186
, 30
, 244
, 89
, 185
, 53
, 221
, 86
, 188
, 79
, 195
, 30
, 244
, 35
, 239
, 217
, 57
, 166
, 108
, 27
, 247
, 192
, 82
, 84
, 190
, 85
, 189
, 169
, 105
, 57
, 217
, 238
, 36
, 25
, 249
, 265
, 9
, 83
, 191
, 8
, 266
, 56
, 218
, 218
, 56
, 55
, 219
, 60
, 214
, 81
, 193
, 128
, 146
, 37
, 237
, 228
, 46
, 195
, 79
, 68
, 206
, 42
, 232
, 83
, 191
, 199
, 75
, 69
, 205
, 204
, 70
, 219
, 55
, 169
, 105
, 179
, 95
, 97
, 177
, 257
, 17
, 14
, 260
, 103
, 171
, 81
, 193
, 160
, 114
, 263
, 11
, 132
, 142
, 119
, 155
, 115
, 159
, 185
, 89
, 267
, 7
, 244
, 30
, 167
, 107
, 158
, 116
, 205
, 69
, 216
, 58
, 51
, 223
, 13
, 261
, 44
, 230
, 128
, 146
, 57
, 217
, 161
, 113
, 205
, 69
, 72
, 202
, 247
, 27
, 86
, 188
, 248
, 26
, 150
, 124
, 201
, 73
, 203
, 71
, 152
, 122
, 17
, 257
, 39
, 235
, 122
, 152
, 263
, 11
, 19
, 255
, 228
, 46
, 121
, 153
, 270
, 4
, 58
, 216
, 155
, 119
, 109
, 165
, 76
, 198
, 181
, 93
, 253
, 21
, 76
, 198
, 230
, 44
, 25
, 249
, 264
, 10
, 127
, 147
, 30
, 244
, 26
, 248
, 108
, 166
, 2
, 272
, 86
, 188
, 101
, 173
, 82
, 192
, 181
, 93
, 227
, 47
, 251
, 23
, 87
, 187
, 133
, 141
, 228
, 46
, 157
, 117
, 99
, 175
, 17
, 257
, 171
, 103
, 81
, 193
, 83
, 191
, 175
, 99
, 184
, 90
, 131
, 143
, 245
, 29
, 43
, 231
, 52
, 222
, 63
, 211
, 193
, 81
, 113
, 161
, 134
, 140
, 58
, 216
, 64
, 210
, 145
, 129
, 149
, 125
, 11
, 263
, 195
, 79
, 136
, 138
, 42
, 232
, 62
, 212
, 64
, 210
, 86
, 188
, 250
, 24
, 136
, 138
, 212
, 62
, 17
, 257
, 134
, 140
, 120
, 154
, 43
, 231
, 83
, 191
, 245
, 29
, 203
, 71
, 145
, 129
, 230
, 44
, 71
, 203
, 93
, 181
, 9
, 265
, 137
, 137
, 30
, 244
, 159
, 115
, 99
, 175
, 220
, 54
, 171
, 103
, 153
, 121
, 252
, 22
, 143
, 131
, 156
, 118
, 207
, 67
, 9
, 265
, 112
, 162
, 158
, 116
, 245
, 29
, 134
, 140
, 161
, 113
, 42
, 232
, 229
, 45
, 41
, 233
, 51
, 223
, 64
, 210
, 32
, 242
, 268
, 6
, 206
, 68
, 145
, 129
, 32
, 242
, 220
, 54
, 194
, 80
, 248
, 26
, 191
, 83
, 198
, 76
, 99
, 175
, 53
, 221
, 93
, 181
, 62
, 212
, 96
, 178
, 101
, 173
, 99
, 175
, 248
, 26
, 10
, 264
, 246
, 28
, 257
, 17
, 42
, 232
, 117
, 157
, 242
, 32
, 68
, 206
, 49
, 225
, 195
, 79
, 165
, 109
, 75
, 199
, 33
, 241
, 129
, 145
, 163
, 111
, 93
, 181
, 223
, 51
, 70
, 204
, 213
, 61
, 119
, 155
, 38
, 236
, 143
, 131
, 94
, 180
, 246
, 28
, 101
, 173
, 152
, 122
, 75
, 199
, 160
, 114
, 260
, 14
, 266
, 8
, 21
, 253
, 14
, 260
, 238
, 36
, 111
, 163
, 61
, 213
, 261
, 13
, 29
, 245
, 119
, 155
, 213
, 61
, 159
, 115
, 34
, 240
, 268
, 6
, 212
, 62
, 108
, 166
, 87
, 187
, 87
, 187
, 238
, 36
, 13
, 261
, 269
, 5
, 246
, 28
, 75
, 199
, 31
, 243
, 178
, 96
, 223
, 51
, 3
, 271
, 118
, 156
, 251
, 23
, 212
, 62
, 116
, 158
, 76
, 198
, 207
, 67
, 196
, 78
, 137
, 137
, 198
, 76
, 230
, 44
, 255
, 19
, 86
, 188
, 234
, 40
, 232
, 42
, 81
, 193
, 212
, 62
, 133
, 141
, 153
, 121
, 78
, 196
, 106
, 168
, 36
, 238
, 235
, 39
, 112
, 162
, 255
, 19
, 157
, 117
, 255
, 19
, 18
, 256
, 79
, 195
, 9
, 265
, 13
, 261
, 256
, 18
, 162
, 112
, 44
, 230
, 207
, 67
, 256
, 18
, 45
, 229
, 91
, 183
, 178
, 96
, 197
, 77
, 73
, 201
, 107
, 167
, 48
, 226
, 129
, 145
, 113
, 161
, 112
, 162
, 79
, 195
, 237
, 37
, 23
, 251
, 86
, 188
, 201
, 73
, 108
, 166
, 149
, 125
, 219
, 55
, 142
, 132
, 131
, 143
, 120
, 154
, 78
, 196
, 54
, 220
, 107
, 167
, 220
, 54
, 42
, 232
, 56
, 218
, 139
, 135
, 42
, 232
, 201
, 73
, 131
, 143
, 8
, 266
, 256
, 18
, 240
, 34
, 11
, 263
, 160
, 114
, 201
, 73
, 38
, 236
, 240
, 34
, 3
, 271
, 261
, 13
, 80
, 194
, 61
, 213
, 80
, 194
, 78
, 196
, 266
, 8
, 13
, 261
, 144
, 130
, 207
, 67
, 53
, 221
, 105
, 169
, 167
, 107
, 106
, 168
, 8
, 266
, 74
, 200
, 168
, 106
, 145
, 129
, 238
, 36
, 131
, 143
, 85
, 189
, 28
, 246
, 11
, 263
, 30
, 244
, 205
, 69
, 205
, 69
, 258
, 16
, 159
, 115
, 265
, 9
, 212
, 62
, 246
, 28
, 112
, 162
, 153
, 121
, 73
, 201
, 71
, 203
, 4
, 270
, 25
, 249
, 100
, 174
, 259
, 15
, 67
, 207
, 202
, 72
, 172
, 102
, 159
, 115
, 90
, 184
, 75
, 199
, 192
, 82
, 174
, 100
, 131
, 143
, 211
, 63
, 211
, 63
, 151
, 123
, 47
, 227
, 50
, 224
, 109
, 165
, 64
, 210
, 63
, 211
, 174
, 100
, 194
, 80
, 115
, 159
, 172
, 102
, 86
, 188
, 179
, 95
, 110
, 164
, 230
, 44
, 128
, 146
, 173
, 101
, 190
, 84
, 30
, 244
, 138
, 136
, 21
, 253
, 204
, 70
, 35
, 239
, 191
, 83
, 111
, 163
, 34
, 240
, 258
, 16
, 180
, 94
, 147
, 127
, 197
, 77
, 202
, 72
, 29
, 245
, 122
, 152
, 136
, 138
, 89
, 185
, 192
, 82
, 169
, 105
, 94
, 180
, 102
, 172
, 34
, 240
, 62
, 212
, 3
, 271
, 108
, 166
, 231
, 43
, 199
, 75
, 167
, 107
, 57
, 217
, 57
, 217
, 49
, 225
, 256
, 18
, 184
, 90
, 54
, 220
, 47
, 227
, 216
, 58
, 185
, 89
, 46
, 228
, 67
, 207
, 79
, 195
, 238
, 36
, 156
, 118
, 174
, 100
, 199
, 75
, 63
, 211
, 13
, 261
, 62
, 212
, 270
, 4
, 111
, 163
, 77
, 197
, 109
, 165
, 85
, 189
, 178
, 96
, 106
, 168
, 215
, 59
, 131
, 143
, 30
, 244
, 106
, 168
, 89
, 185
, 119
, 155
, 48
, 226
, 251
, 23
, 246
, 28
, 271
, 3
, 48
, 226
, 107
, 167
, 11
, 263
, 140
, 134
, 92
, 182
, 39
, 235
, 30
, 244
, 80
, 194
, 96
, 178
, 171
, 103
, 21
, 253
, 25
, 249
, 112
, 162
, 216
, 58
, 220
, 54
, 134
, 140
, 241
, 33
, 260
, 14
, 204
, 70
, 254
, 20
, 78
, 196
, 185
, 89
, 45
, 229
, 164
, 110
, 268
, 6
, 198
, 76
, 211
, 63
, 121
, 153
, 13
, 261
, 161
, 113
, 91
, 183
, 167
, 107
, 213
, 61
, 256
, 18
, 87
, 187
, 238
, 36
, 119
, 155
, 113
, 161
, 148
, 126
, 250
, 24
, 96
, 178
, 120
, 154
, 182
, 92
, 75
, 199
, 49
, 225
, 235
, 39
, 60
, 214
, 168
, 106
, 57
, 217
, 158
, 116
, 114
, 160
, 57
, 217
, 163
, 111
, 152
, 122
, 13
, 261
, 80
, 194
, 186
, 88
, 198
, 76
, 242
, 32
, 264
, 10
, 178
, 96
, 124
, 150
, 230
, 44
, 108
, 166
, 131
, 143
, 224
, 50
, 19
, 255
, 225
, 49
, 152
, 122
, 170
, 104
, 94
, 180
, 97
, 177
, 87
, 187
, 261
, 13
, 77
, 197
, 86
, 188
, 160
, 114
, 64
, 210
, 24
, 250
, 32
, 242
, 186
, 88
, 145
, 129
, 243
, 31
, 142
, 132
, 188
, 86
, 108
, 166
, 20
, 254
, 94
, 180
, 269
, 5
, 27
, 247
, 187
, 87
, 86
, 188
, 239
, 35
, 152
, 122
, 134
, 140
, 210
, 64
, 117
, 157
, 76
, 198
, 8
, 266
, 122
, 152
, 130
, 144
, 260
, 14
, 210
, 64
, 128
, 146
, 160
, 114
, 106
, 168
, 269
, 5
, 259
, 15
, 102
, 172
, 1
, 273
, 79
, 195
, 20
, 254
, 3
, 271
, 89
, 185
, 249
, 25
, 212
, 62
, 182
, 92
, 203
, 71
, 202
, 72
, 239
, 35
, 139
, 135
, 88
, 186
, 93
, 181
, 137
, 137
, 139
, 135
, 57
, 217
, 59
, 215
, 233
, 41
, 216
, 58
, 55
, 219
, 224
, 50
, 170
, 104
, 260
, 14
, 200
, 74
, 173
, 101
, 270
, 4
, 223
, 51
, 197
, 77
, 125
, 149
, 32
, 242
, 248
, 26
, 58
, 216
, 126
, 148
, 112
, 162
, 169
, 105
, 242
, 32
, 79
, 195
, 45
, 229
, 262
, 12
, 44
, 230
, 268
, 6
, 119
, 155
, 195
, 79
, 121
, 153
, 65
, 209
, 244
, 30
, 31
, 243
, 161
, 113
, 222
, 52
, 53
, 221
, 220
, 54
, 196
, 78
, 135
, 139
, 69
, 205
, 241
, 33
, 245
, 29
, 33
, 241
, 151
, 123
, 169
, 105
, 35
, 239
, 142
, 132
, 38
, 236
, 196
, 78
, 190
, 84
, 222
, 52
, 94
, 180
, 27
, 247
, 72
, 202
, 215
, 59
, 231
, 43
, 81
, 193
, 93
, 181
, 231
, 43
, 260
, 14
, 83
, 191
, 83
, 191
, 93
, 181
, 218
, 56
, 85
, 189
, 121
, 153
, 142
, 132
, 104
, 170
, 4
, 270
, 247
, 27
, 166
, 108
, 114
, 160
, 51
, 223
, 87
, 187
, 99
, 175
, 130
, 144
, 255
, 19
, 252
, 22
, 7
, 267
, 143
, 131
, 68
, 206
, 134
, 140
, 67
, 207
, 39
, 235
, 60
, 214
, 91
, 183
, 132
, 142
, 181
, 93
, 179
, 95
, 189
, 85
, 2
, 272
, 90
, 184
, 239
, 35
, 181
, 93
, 71
, 203
, 25
, 249
, 180
, 94
, 94
, 180
, 88
, 186
, 161
, 113
, 143
, 131
, 208
, 66
, 271
, 3
, 257
, 17
, 139
, 135
, 166
, 108
, 166
, 108
, 222
, 52
, 189
, 85
, 218
, 56
, 108
, 166
, 224
, 50
, 112
, 162
, 4
, 270
, 213
, 61
, 158
, 116
, 161
, 113
, 244
, 30
, 74
, 200
, 169
, 105
, 34
, 240
, 105
, 169
, 172
, 102
, 107
, 167
, 6
, 268
, 259
, 15
, 104
, 170
, 198
, 76
, 109
, 165
, 103
, 171
, 207
, 67
, 163
, 111
, 184
, 90
, 111
, 163
, 105
, 169
, 109
, 165
, 107
, 167
, 158
, 116
, 70
, 204
, 114
, 160
, 228
, 46
, 9
, 265
, 224
, 50
, 241
, 33
, 100
, 174
, 156
, 118
, 223
, 51
, 3
, 271
, 126
, 148
, 104
, 170
, 158
, 116
, 66
, 208
, 53
, 221
, 122
, 152
, 52
, 222
, 190
, 84
, 72
, 202
, 63
, 211
, 251
, 23
, 255
, 19
, 151
, 123
, 175
, 99
, 38
, 236
, 161
, 113
, 190
, 84
, 251
, 23
, 80
, 194
, 9
, 265
, 158
, 116
, 64
, 210
, 37
, 237
, 50
, 224
, 153
, 121
, 127
, 147
, 269
, 5
, 234
, 40
, 190
, 84
, 207
, 67
, 185
, 89
, 63
, 211
, 84
, 190
, 103
, 171
, 24
, 250
, 221
, 53
, 50
, 224
, 35
, 239
, 217
, 57
, 172
, 102
, 171
, 103
, 148
, 126
, 116
, 158
, 261
, 13
, 42
, 232
, 204
, 70
, 235
, 39
, 203
, 71
, 147
, 127
, 208
, 66
, 130
, 144
, 13
, 261
, 6
, 268
, 67
, 207
, 10
, 264
, 183
, 91
, 17
, 257
, 92
, 182
, 93
, 181
, 32
, 242
, 4
, 270
, 230
, 44
, 44
, 230
, 73
, 201
, 240
, 34
, 229
, 45
, 260
, 14
, 226
, 48
, 175
, 99
, 128
, 146
, 257
, 17
, 90
, 184
, 50
, 224
, 263
, 11
, 229
, 45
, 95
, 179
, 209
, 65
, 113
, 161
, 175
, 99
, 209
, 65
, 13
, 261
, 95
, 179
, 134
, 140
, 173
, 101
, 29
, 245
, 122
, 152
, 125
, 149
, 270
, 4
, 188
, 86
, 184
, 90
, 50
, 224
, 3
, 271
, 247
, 27
, 252
, 22
, 201
, 73
, 261
, 13
, 91
, 183
, 83
, 191
, 131
, 143
, 74
, 200
, 199
, 75
, 155
, 119
, 203
, 71
, 77
, 197
, 147
, 127
, 116
, 158
, 184
, 90
, 133
, 141
, 74
, 200
, 56
, 218
, 170
, 104
, 271
, 3
, 136
, 138
, 35
, 239
, 43
, 231
, 65
, 209
, 158
, 116
, 179
, 95
, 113
, 161
, 103
, 171
, 23
, 251
, 139
, 135
, 214
, 60
, 178
, 96
, 226
, 48
, 126
, 148
, 136
, 138
, 153
, 121
, 239
, 35
, 188
, 86
, 160
, 114
, 30
, 244
, 193
, 81
, 198
, 76
, 215
, 59
, 219
, 55
, 200
, 74
, 59
, 215
, 189
, 85
, 43
, 231
, 2
, 272
, 221
, 53
, 199
, 75
, 160
, 114
, 68
, 206
, 133
, 141
, 88
, 186
, 86
, 188
, 101
, 173
, 66
, 208
, 23
, 251
, 223
, 51
, 142
, 132
, 264
, 10
, 202
, 72
, 251
, 23
, 75
, 199
, 11
, 263
, 214
, 60
, 152
, 122
, 115
, 159
, 75
, 199
, 86
, 188
, 29
, 245
, 240
, 34
, 224
, 50
, 53
, 221
, 136
, 138
, 114
, 160
, 218
, 56
, 164
, 110
, 219
, 55
, 156
, 118
, 50
, 224
, 163
, 111
, 235
, 39
, 21
, 253
, 68
, 206
, 245
, 29
, 116
, 158
, 150
, 124
, 208
, 66
, 90
, 184
, 233
, 41
, 200
, 74
, 207
, 67
, 160
, 114
, 66
, 208
, 206
, 68
, 58
, 216
, 179
, 95
, 131
, 143
, 7
, 267
, 121
, 153
, 208
, 66
, 104
, 170
, 11
, 263
, 40
, 234
, 57
, 217
, 266
, 8
, 214
, 60
, 118
, 156
, 83
, 191
