
1570
, 69
, 26
, 19
, 76
, 44
, 51
, 89
, 6
, 12
, 83
, 38
, 57
, 33
, 62
, 75
, 20
, 27
, 68
, 1
, 94
, 73
, 22
, 93
, 2
, 21
, 74
, 8
, 87
, 77
, 18
, 40
, 55
, 4
, 91
, 86
, 9
, 10
, 85
, 53
, 42
, 56
, 39
, 57
, 38
, 46
, 49
, 60
, 35
, 77
, 18
, 73
, 22
, 6
, 89
, 11
, 84
, 6
, 89
, 72
, 23
, 84
, 11
, 40
, 55
, 81
, 14
, 55
, 40
, 3
, 92
, 82
, 13
, 59
, 36
, 46
, 49
, 8
, 87
, 45
, 50
, 5
, 90
, 79
, 16
, 27
, 68
, 10
, 85
, 93
, 2
, 20
, 75
, 53
, 42
, 51
, 44
, 70
, 25
, 30
, 65
, 19
, 76
, 47
, 48
, 54
, 41
, 69
, 26
, 6
, 89
, 38
, 57
, 51
, 44
, 3
, 92
, 61
, 34
, 24
, 71
, 61
, 34
, 25
, 70
, 50
, 45
, 23
, 72
, 71
, 24
, 55
, 40
, 36
, 59
, 59
, 36
, 33
, 62
, 32
, 63
, 17
, 78
, 76
, 19
, 5
, 90
, 89
, 6
, 43
, 52
, 48
, 47
, 22
, 73
, 20
, 75
, 47
, 48
, 64
, 31
, 93
, 2
, 28
, 67
, 16
, 79
, 32
, 63
, 23
, 72
, 74
, 21
, 22
, 73
, 21
, 74
, 47
, 48
, 18
, 77
, 84
, 11
, 86
, 9
, 25
, 70
, 47
, 48
, 43
, 52
, 36
, 59
, 58
, 37
, 36
, 59
, 5
, 90
, 52
, 43
, 30
, 65
, 56
, 39
, 75
, 20
, 11
, 84
, 76
, 19
, 35
, 60
, 50
, 45
, 68
, 27
, 44
, 51
, 64
, 31
, 58
, 37
, 90
, 5
, 5
, 90
, 39
, 56
, 7
, 88
, 81
, 14
, 3
, 92
, 12
, 83
, 10
, 85
, 57
, 38
, 31
, 64
, 17
, 78
, 75
, 20
, 13
, 82
, 88
, 7
, 88
, 7
, 85
, 10
, 15
, 80
, 80
, 15
, 72
, 23
, 34
, 61
, 85
, 10
, 90
, 5
, 86
, 9
, 44
, 51
, 37
, 58
, 18
, 77
, 38
, 57
, 54
, 41
, 10
, 85
, 74
, 21
, 18
, 77
, 5
, 90
, 18
, 77
, 78
, 17
, 66
, 29
, 50
, 45
, 17
, 78
, 8
, 87
, 69
, 26
, 75
, 20
, 69
, 26
, 62
, 33
, 2
, 93
, 72
, 23
, 87
, 8
, 85
, 10
, 74
, 21
, 79
, 16
, 26
, 69
, 24
, 71
, 69
, 26
, 4
, 91
, 85
, 10
, 48
, 47
, 81
, 14
, 57
, 38
, 12
, 83
, 19
, 76
, 22
, 73
, 2
, 93
, 22
, 73
, 48
, 47
, 65
, 30
, 2
, 93
, 26
, 69
, 87
, 8
, 80
, 15
, 45
, 50
, 36
, 59
, 8
, 87
, 42
, 53
, 77
, 18
, 10
, 85
, 24
, 71
, 47
, 48
, 27
, 68
, 18
, 77
, 21
, 74
, 53
, 42
, 12
, 83
, 49
, 46
, 67
, 28
, 20
, 75
, 2
, 93
, 66
, 29
, 13
, 82
, 20
, 75
, 41
, 54
, 42
, 53
, 53
, 42
, 30
, 65
, 69
, 26
, 1
, 94
, 17
, 78
, 72
, 23
, 29
, 66
, 58
, 37
, 32
, 63
, 62
, 33
, 35
, 60
, 70
, 25
, 5
, 90
, 34
, 61
, 16
, 79
, 92
, 3
, 86
, 9
, 28
, 67
, 22
, 73
, 91
, 4
, 66
, 29
, 5
, 90
, 30
, 65
, 52
, 43
, 24
, 71
, 44
, 51
, 13
, 82
, 81
, 14
, 30
, 65
, 69
, 26
, 68
, 27
, 81
, 14
, 22
, 73
, 36
, 59
, 75
, 20
, 20
, 75
, 50
, 45
, 12
, 83
, 48
, 47
, 8
, 87
, 9
, 86
, 76
, 19
, 26
, 69
, 3
, 92
, 82
, 13
, 71
, 24
, 33
, 62
, 46
, 49
, 31
, 64
, 92
, 3
, 13
, 82
, 16
, 79
, 12
, 83
, 79
, 16
, 58
, 37
, 40
, 55
, 12
, 83
, 84
, 11
, 45
, 50
, 33
, 62
, 5
, 90
, 27
, 68
, 39
, 56
, 7
, 88
, 49
, 46
, 2
, 93
, 38
, 57
, 53
, 42
, 88
, 7
, 26
, 69
, 56
, 39
, 81
, 14
, 81
, 14
, 42
, 53
, 11
, 84
, 19
, 76
, 46
, 49
, 49
, 46
, 46
, 49
, 79
, 16
, 12
, 83
, 85
, 10
, 87
, 8
, 70
, 25
, 89
, 6
, 75
, 20
, 26
, 69
, 35
, 60
, 38
, 57
, 50
, 45
, 23
, 72
, 52
, 43
, 11
, 84
, 11
, 84
, 15
, 80
, 59
, 36
, 1
, 94
, 41
, 54
, 60
, 35
, 45
, 50
, 87
, 8
, 78
, 17
, 63
, 32
, 51
, 44
, 31
, 64
, 16
, 79
, 39
, 56
, 75
, 20
, 69
, 26
, 91
, 4
, 76
, 19
, 19
, 76
, 7
, 88
, 68
, 27
, 3
, 92
, 45
, 50
, 85
, 10
, 75
, 20
, 3
, 92
, 51
, 44
, 61
, 34
, 52
, 43
, 93
, 2
, 78
, 17
, 7
, 88
, 8
, 87
, 23
, 72
, 4
, 91
, 16
, 79
, 72
, 23
, 45
, 50
, 45
, 50
, 91
, 4
, 83
, 12
, 47
, 48
, 49
, 46
, 28
, 67
, 22
, 73
, 82
, 13
, 66
, 29
, 2
, 93
, 39
, 56
, 82
, 13
, 39
, 56
, 2
, 93
, 65
, 30
, 51
, 44
, 13
, 82
, 48
, 47
, 62
, 33
, 90
, 5
, 34
, 61
, 44
, 51
, 32
, 63
, 7
, 88
, 86
, 9
, 36
, 59
, 36
, 59
, 29
, 66
, 89
, 6
, 39
, 56
, 89
, 6
, 10
, 85
, 20
, 75
, 9
, 86
, 53
, 42
, 77
, 18
, 42
, 53
, 54
, 41
, 37
, 58
, 14
, 81
, 68
, 27
, 60
, 35
, 17
, 78
, 34
, 61
, 49
, 46
, 82
, 13
, 46
, 49
, 82
, 13
, 17
, 78
, 5
, 90
, 42
, 53
, 44
, 51
, 53
, 42
, 33
, 62
, 82
, 13
, 85
, 10
, 10
, 85
, 29
, 66
, 14
, 81
, 15
, 80
, 51
, 44
, 71
, 24
, 63
, 32
, 68
, 27
, 24
, 71
, 75
, 20
, 57
, 38
, 84
, 11
, 33
, 62
, 54
, 41
, 32
, 63
, 81
, 14
, 20
, 75
, 65
, 30
, 50
, 45
, 90
, 5
, 36
, 59
, 74
, 21
, 43
, 52
, 63
, 32
, 45
, 50
, 45
, 50
, 73
, 22
, 92
, 3
, 84
, 11
, 16
, 79
, 73
, 22
, 49
, 46
, 49
, 46
, 62
, 33
, 75
, 20
, 54
, 41
, 33
, 62
, 58
, 37
, 8
, 87
, 57
, 38
, 1
, 94
, 32
, 63
, 91
, 4
, 53
, 42
, 88
, 7
, 37
, 58
, 54
, 41
, 61
, 34
, 34
, 61
, 28
, 67
, 17
, 78
, 12
, 83
, 80
, 15
, 34
, 61
, 37
, 58
, 53
, 42
, 26
, 69
, 81
, 14
, 26
, 69
, 42
, 53
, 76
, 19
, 76
, 19
, 42
, 53
, 81
, 14
, 49
, 46
, 69
, 26
, 56
, 39
, 60
, 35
, 73
, 22
, 76
, 19
, 7
, 88
, 44
, 51
, 84
, 11
, 41
, 54
, 22
, 73
, 7
, 88
, 28
, 67
, 6
, 89
, 6
, 89
, 26
, 69
, 41
, 54
, 81
, 14
, 4
, 91
, 34
, 61
, 72
, 23
, 47
, 48
, 93
, 2
, 92
, 3
, 39
, 56
, 50
, 45
, 29
, 66
, 35
, 60
, 25
, 70
, 58
, 37
, 74
, 21
, 84
, 11
, 9
, 86
, 16
, 79
, 7
, 88
, 54
, 41
, 46
, 49
, 15
, 80
, 27
, 68
, 38
, 57
, 47
, 48
, 71
, 24
, 22
, 73
, 70
, 25
, 41
, 54
, 55
, 40
, 74
, 21
, 54
, 41
, 86
, 9
, 57
, 38
, 19
, 76
, 18
, 77
, 62
, 33
, 60
, 35
, 28
, 67
, 56
, 39
, 74
, 21
, 26
, 69
, 44
, 51
, 13
, 82
, 8
, 87
, 80
, 15
, 70
, 25
, 1
, 94
, 70
, 25
, 32
, 63
, 47
, 48
, 62
, 33
, 55
, 40
, 85
, 10
, 18
, 77
, 85
, 10
, 8
, 87
, 56
, 39
, 80
, 15
, 75
, 20
, 64
, 31
, 24
, 71
, 5
, 90
, 51
, 44
, 31
, 64
, 26
, 69
, 70
, 25
, 79
, 16
, 88
, 7
, 4
, 91
, 93
, 2
, 44
, 51
, 3
, 92
, 58
, 37
, 22
, 73
, 61
, 34
, 6
, 89
, 55
, 40
, 85
, 10
, 15
, 80
, 92
, 3
, 67
, 28
, 76
, 19
, 2
, 93
, 26
, 69
, 46
, 49
, 58
, 37
, 35
, 60
, 60
, 35
, 7
, 88
, 14
, 81
, 53
, 42
, 55
, 40
, 41
, 54
, 88
, 7
, 79
, 16
, 60
, 35
, 8
, 87
, 81
, 14
, 27
, 68
, 48
, 47
, 72
, 23
, 49
, 46
, 52
, 43
, 82
, 13
, 2
, 93
, 57
, 38
, 78
, 17
, 85
, 10
, 84
, 11
, 73
, 22
, 61
, 34
, 48
, 47
, 49
, 46
, 87
, 8
, 61
, 34
, 20
, 75
, 39
, 56
, 62
, 33
, 74
, 21
, 15
, 80
, 31
, 64
, 48
, 47
, 77
, 18
, 80
, 15
, 20
, 75
, 53
, 42
, 39
, 56
, 42
, 53
, 15
, 80
, 66
, 29
, 53
, 42
, 16
, 79
, 28
, 67
, 49
, 46
, 3
, 92
, 57
, 38
, 34
, 61
, 22
, 73
, 23
, 72
, 49
, 46
, 82
, 13
, 78
, 17
, 47
, 48
, 69
, 26
, 72
, 23
, 14
, 81
, 59
, 36
, 61
, 34
, 35
, 60
, 4
, 91
, 46
, 49
, 86
, 9
, 33
, 62
, 10
, 85
, 34
, 61
, 52
, 43
, 28
, 67
, 86
, 9
, 40
, 55
, 56
, 39
, 8
, 87
, 41
, 54
, 15
, 80
, 47
, 48
, 34
, 61
, 5
, 90
, 75
, 20
, 13
, 82
, 89
, 6
, 44
, 51
, 62
, 33
, 14
, 81
, 80
, 15
, 56
, 39
, 61
, 34
, 93
, 2
, 68
, 27
, 9
, 86
, 7
, 88
, 59
, 36
, 23
, 72
, 67
, 28
, 39
, 56
, 44
, 51
, 65
, 30
, 44
, 51
, 17
, 78
, 19
, 76
, 56
, 39
, 61
, 34
, 16
, 79
, 46
, 49
, 58
, 37
, 91
, 4
, 60
, 35
, 31
, 64
, 8
, 87
, 87
, 8
, 67
, 28
, 57
, 38
, 91
, 4
, 14
, 81
, 29
, 66
, 21
, 74
, 35
, 60
, 10
, 85
, 61
, 34
, 37
, 58
, 49
, 46
, 84
, 11
, 24
, 71
, 25
, 70
, 31
, 64
, 65
, 30
, 79
, 16
, 78
, 17
, 77
, 18
, 7
, 88
, 57
, 38
, 3
, 92
, 66
, 29
, 31
, 64
, 88
, 7
, 33
, 62
, 82
, 13
, 36
, 59
, 57
, 38
, 55
, 40
, 70
, 25
, 92
, 3
, 38
, 57
, 84
, 11
, 41
, 54
, 91
, 4
, 85
, 10
, 13
, 82
, 50
, 45
, 73
, 22
, 72
, 23
, 63
, 32
, 85
, 10
, 14
, 81
, 44
, 51
, 40
, 55
, 55
, 40
, 86
, 9
, 63
, 32
, 37
, 58
, 8
, 87
, 51
, 44
, 18
, 77
, 59
, 36
, 39
, 56
, 89
, 6
, 86
, 9
, 13
, 82
, 58
, 37
, 85
, 10
, 32
, 63
, 61
, 34
, 39
, 56
, 35
, 60
, 35
, 60
, 24
, 71
, 4
, 91
, 38
, 57
, 13
, 82
, 75
, 20
, 76
, 19
, 63
, 32
, 57
, 38
, 30
, 65
, 31
, 64
, 23
, 72
, 9
, 86
, 29
, 66
, 11
, 84
, 19
, 76
, 51
, 44
, 13
, 82
, 7
, 88
, 45
, 50
, 42
, 53
, 11
, 84
, 20
, 75
, 10
, 85
, 52
, 43
, 58
, 37
, 32
, 63
, 47
, 48
, 78
, 17
, 73
, 22
, 52
, 43
, 13
, 82
, 67
, 28
, 15
, 80
, 48
, 47
, 5
, 90
, 10
, 85
, 83
, 12
, 25
, 70
, 75
, 20
, 80
, 15
, 84
, 11
, 20
, 75
, 65
, 30
, 27
, 68
, 58
, 37
, 35
, 60
, 25
, 70
, 86
, 9
, 73
, 22
, 77
, 18
, 18
, 77
, 27
, 68
, 19
, 76
, 86
, 9
, 54
, 41
, 85
, 10
, 51
, 44
, 44
, 51
, 13
, 82
, 24
, 71
, 10
, 85
, 92
, 3
, 87
, 8
, 55
, 40
, 64
, 31
, 47
, 48
, 6
, 89
, 51
, 44
, 54
, 41
, 93
, 2
, 80
, 15
, 48
, 47
, 23
, 72
, 15
, 80
, 59
, 36
, 87
, 8
, 50
, 45
, 73
, 22
, 31
, 64
, 38
, 57
, 86
, 9
, 87
, 8
, 47
, 48
, 8
, 87
, 44
, 51
, 32
, 63
, 55
, 40
, 71
, 24
, 74
, 21
, 70
, 25
, 89
, 6
, 30
, 65
, 15
, 80
, 65
, 30
, 43
, 52
, 72
, 23
, 16
, 79
, 46
, 49
, 1
, 94
, 53
, 42
, 59
, 36
, 50
, 45
, 65
, 30
, 68
, 27
, 82
, 13
, 25
, 70
, 38
, 57
, 31
, 64
, 89
, 6
, 50
, 45
, 10
, 85
, 68
, 27
, 31
, 64
, 42
, 53
, 92
, 3
, 12
, 83
, 78
, 17
, 29
, 66
, 73
, 22
, 59
, 36
, 13
, 82
, 38
, 57
, 7
, 88
, 11
, 84
, 28
, 67
, 65
, 30
, 62
, 33
, 78
, 17
, 15
, 80
, 60
, 35
, 65
, 30
, 73
, 22
, 45
, 50
, 8
, 87
, 45
, 50
, 91
, 4
, 15
, 80
, 38
, 57
, 74
, 21
, 25
, 70
, 59
, 36
, 2
, 93
, 2
, 93
, 60
, 35
, 37
, 58
, 93
, 2
, 91
, 4
, 47
, 48
, 51
, 44
, 18
, 77
, 43
, 52
, 67
, 28
, 86
, 9
, 15
, 80
, 47
, 48
, 93
, 2
, 54
, 41
, 54
, 41
, 66
, 29
, 26
, 69
, 91
, 4
, 11
, 84
, 77
, 18
, 57
, 38
, 49
, 46
, 36
, 59
, 33
, 62
, 80
, 15
, 65
, 30
, 39
, 56
, 12
, 83
, 22
, 73
, 13
, 82
, 66
, 29
, 32
, 63
, 5
, 90
, 55
, 40
, 16
, 79
, 5
, 90
, 13
, 82
, 71
, 24
, 67
, 28
, 46
, 49
, 73
, 22
, 78
, 17
, 42
, 53
, 76
, 19
, 77
, 18
, 61
, 34
, 81
, 14
, 18
, 77
, 10
, 85
, 76
, 19
, 50
, 45
, 3
, 92
, 91
, 4
, 80
, 15
, 85
, 10
, 49
, 46
, 48
, 47
, 1
, 94
, 54
, 41
, 90
, 5
, 33
, 62
, 15
, 80
, 64
, 31
, 65
, 30
, 46
, 49
, 47
, 48
, 31
, 64
, 34
, 61
, 15
, 80
, 22
, 73
, 6
, 89
, 79
, 16
, 67
, 28
, 9
, 86
, 24
, 71
, 92
, 3
, 50
, 45
, 43
, 52
, 7
, 88
, 34
, 61
, 76
, 19
, 65
, 30
, 4
, 91
, 72
, 23
, 15
, 80
, 75
, 20
, 1
, 94
, 62
, 33
, 46
, 49
, 50
, 45
, 70
, 25
, 65
, 30
, 32
, 63
, 7
, 88
, 24
, 71
, 87
, 8
, 15
, 80
, 37
, 58
, 57
, 38
, 7
, 88
, 31
, 64
, 1
, 94
, 21
, 74
, 81
, 14
, 4
, 91
, 47
, 48
, 63
, 32
, 15
, 80
, 80
, 15
, 47
, 48
, 50
, 45
, 59
, 36
, 22
, 73
, 71
, 24
, 11
, 84
, 75
, 20
, 19
, 76
, 68
, 27
, 8
, 87
, 15
, 80
, 50
, 45
, 56
, 39
, 65
, 30
, 91
, 4
, 93
, 2
, 90
, 5
, 12
, 83
, 22
, 73
, 84
, 11
, 46
, 49
, 4
, 91
, 90
, 5
, 20
, 75
, 54
, 41
, 17
, 78
, 32
, 63
, 7
, 88
, 73
, 22
, 6
, 89
, 51
, 44
, 7
, 88
, 51
, 44
, 2
, 93
, 26
, 69
, 88
, 7
, 61
, 34
, 20
, 75
, 55
, 40
, 6
, 89
, 72
, 23
, 18
, 77
, 28
, 67
, 67
, 28
, 14
, 81
, 50
, 45
, 67
, 28
, 50
, 45
, 32
, 63
, 5
, 90
, 74
, 21
, 48
, 47
, 72
, 23
, 25
, 70
, 43
, 52
, 31
, 64
, 52
, 43
, 22
, 73
, 8
, 87
, 15
, 80
, 18
, 77
, 22
, 73
, 88
, 7
, 75
, 20
, 53
, 42
, 76
, 19
, 81
, 14
, 73
, 22
, 25
, 70
, 35
, 60
, 52
, 43
, 55
, 40
, 64
, 31
, 26
, 69
, 30
, 65
, 66
, 29
, 12
, 83
, 8
, 87
, 71
, 24
, 75
, 20
, 16
, 79
, 20
, 75
, 65
, 30
, 92
, 3
, 49
, 46
, 58
, 37
, 19
, 76
, 18
, 77
, 40
, 55
, 73
, 22
, 51
, 44
, 13
, 82
, 86
, 9
, 1
, 94
, 41
, 54
, 45
, 50
, 26
, 69
, 45
, 50
, 92
, 3
, 61
, 34
, 61
, 34
, 47
, 48
, 44
, 51
, 3
, 92
, 87
, 8
, 68
, 27
, 31
, 64
, 73
, 22
, 54
, 41
, 87
, 8
, 67
, 28
, 71
, 24
, 21
, 74
, 39
, 56
, 25
, 70
, 8
, 87
, 27
, 68
, 55
, 40
, 39
, 56
, 75
, 20
, 81
, 14
, 90
, 5
, 81
, 14
, 67
, 28
, 87
, 8
, 76
, 19
, 27
, 68
, 83
, 12
, 78
, 17
, 30
, 65
, 79
, 16
, 77
, 18
, 72
, 23
, 45
, 50
, 87
, 8
, 36
, 59
, 11
, 84
, 35
, 60
, 87
, 8
, 91
, 4
, 21
, 74
, 81
, 14
, 57
, 38
, 54
, 41
, 82
, 13
, 15
, 80
, 65
, 30
, 72
, 23
, 32
, 63
, 49
, 46
, 35
, 60
, 10
, 85
, 49
, 46
, 24
, 71
, 59
, 36
, 36
, 59
, 20
, 75
, 7
, 88
, 9
, 86
, 69
, 26
, 28
, 67
, 79
, 16
, 1
, 94
, 74
, 21
, 58
, 37
, 82
, 13
, 61
, 34
, 75
, 20
, 91
, 4
, 36
, 59
, 28
, 67
, 22
, 73
, 77
, 18
, 23
, 72
, 91
, 4
, 91
, 4
, 60
, 35
, 71
, 24
, 55
, 40
, 24
, 71
, 34
, 61
, 37
, 58
, 83
, 12
, 72
, 23
, 56
, 39
, 10
, 85
, 32
, 63
, 80
, 15
, 52
, 43
, 42
, 53
, 28
, 67
, 56
, 39
, 86
, 9
, 8
, 87
, 75
, 20
, 42
, 53
, 91
, 4
, 48
, 47
, 5
, 90
, 89
, 6
, 5
, 90
, 16
, 79
, 78
, 17
, 82
, 13
, 46
, 49
, 62
, 33
, 25
, 70
, 67
, 28
, 28
, 67
, 64
, 31
, 47
, 48
, 10
, 85
, 86
, 9
, 91
, 4
, 11
, 84
, 2
, 93
, 13
, 82
, 18
, 77
, 44
, 51
, 28
, 67
, 79
, 16
, 5
, 90
, 86
, 9
, 22
, 73
, 14
, 81
, 88
, 7
, 36
, 59
, 55
, 40
, 45
, 50
, 14
, 81
, 51
, 44
, 71
, 24
, 7
, 88
, 57
, 38
, 27
, 68
, 67
, 28
, 45
, 50
, 41
, 54
, 29
, 66
, 51
, 44
, 65
, 30
, 17
, 78
, 77
, 18
, 4
, 91
, 51
, 44
, 79
, 16
, 80
, 15
, 91
, 4
, 65
, 30
, 37
, 58
, 73
, 22
, 82
, 13
, 69
, 26
, 69
, 26
, 83
, 12
, 72
, 23
, 71
, 24
, 88
, 7
, 64
, 31
, 53
, 42
, 93
, 2
, 47
, 48
, 31
, 64
, 83
, 12
, 20
, 75
, 78
, 17
, 54
, 41
, 29
, 66
, 66
, 29
, 75
, 20
, 3
, 92
, 15
, 80
, 89
, 6
, 61
, 34
, 72
, 23
, 90
, 5
, 9
, 86
, 16
, 79
, 66
, 29
, 21
, 74
, 6
, 89
, 56
, 39
, 92
, 3
, 16
, 79
, 33
, 62
, 20
, 75
, 15
, 80
, 68
, 27
, 78
, 17
, 85
, 10
, 26
, 69
, 71
, 24
, 24
, 71
, 34
, 61
, 79
, 16
, 19
, 76
, 40
, 55
, 3
, 92
, 65
, 30
, 69
, 26
, 32
, 63
, 72
, 23
, 47
, 48
, 93
, 2
, 78
, 17
, 41
, 54
, 58
, 37
, 46
, 49
, 83
, 12
, 50
, 45
, 64
, 31
, 35
, 60
, 81
, 14
, 53
, 42
, 11
, 84
, 26
, 69
, 20
, 75
, 12
, 83
, 85
, 10
, 71
, 24
, 22
, 73
, 26
, 69
, 5
, 90
, 89
, 6
, 70
, 25
, 20
, 75
, 74
, 21
, 90
, 5
, 68
, 27
, 63
, 32
, 88
, 7
, 5
, 90
, 58
, 37
, 78
, 17
, 90
, 5
, 58
, 37
, 22
, 73
, 24
, 71
, 43
, 52
, 10
, 85
, 39
, 56
, 58
, 37
, 32
, 63
, 7
, 88
, 86
, 9
, 15
, 80
, 18
, 77
, 29
, 66
, 72
, 23
, 40
, 55
, 28
, 67
, 3
, 92
, 81
, 14
, 6
, 89
, 90
, 5
, 75
, 20
, 92
, 3
, 74
, 21
, 88
, 7
, 18
, 77
, 87
, 8
, 28
, 67
, 78
, 17
, 5
, 90
, 37
, 58
, 6
, 89
, 11
, 84
, 83
, 12
, 9
, 86
, 51
, 44
, 21
, 74
, 11
, 84
, 22
, 73
, 52
, 43
, 23
, 72
, 68
, 27
, 89
, 6
, 15
, 80
, 63
, 32
, 13
, 82
, 46
, 49
, 44
, 51
, 1
, 94
, 37
, 58
, 21
, 74
, 35
, 60
, 75
, 20
, 17
, 78
, 73
, 22
, 77
, 18
, 88
, 7
, 91
, 4
, 22
, 73
, 51
, 44
, 48
, 47
, 25
, 70
, 35
, 60
, 42
, 53
, 39
, 56
, 61
, 34
, 29
, 66
, 58
, 37
, 40
, 55
, 67
, 28
, 10
, 85
, 20
, 75
, 59
, 36
, 34
, 61
, 6
, 89
, 45
, 50
, 45
, 50
, 7
, 88
, 71
, 24
, 54
, 41
, 24
, 71
, 39
, 56
, 40
, 55
, 46
, 49
, 15
, 80
, 76
, 19
, 74
, 21
, 93
, 2
, 65
, 30
, 62
, 33
, 61
, 34
, 40
, 55
, 78
, 17
, 29
, 66
, 18
, 77
, 69
, 26
, 50
, 45
, 80
, 15
, 36
, 59
, 17
, 78
, 76
, 19
, 74
, 21
, 39
, 56
, 67
, 28
, 29
, 66
, 87
, 8
, 86
, 9
, 41
, 54
, 21
, 74
, 5
, 90
, 54
, 41
, 13
, 82
, 57
, 38
, 91
, 4
, 6
, 89
, 72
, 23
, 9
, 86
, 41
, 54
, 41
, 54
, 43
, 52
, 66
, 29
, 64
, 31
, 45
, 50
, 74
, 21
, 85
, 10
, 51
, 44
, 18
, 77
, 10
, 85
, 35
, 60
, 36
, 59
, 79
, 16
, 47
, 48
, 15
, 80
, 45
, 50
, 39
, 56
, 82
, 13
, 10
, 85
, 30
, 65
, 21
, 74
, 55
, 40
, 29
, 66
, 73
, 22
, 28
, 67
, 37
, 58
, 32
, 63
, 59
, 36
, 88
, 7
, 73
, 22
, 2
, 93
, 89
, 6
, 66
, 29
, 56
, 39
, 38
, 57
, 70
, 25
, 30
, 65
, 65
, 30
, 4
, 91
, 7
, 88
, 32
, 63
, 13
, 82
, 24
, 71
, 35
, 60
, 86
, 9
, 17
, 78
, 34
, 61
, 75
, 20
, 83
, 12
, 81
, 14
, 50
, 45
, 92
, 3
, 58
, 37
, 26
, 69
, 73
, 22
, 7
, 88
, 91
, 4
, 27
, 68
, 42
, 53
, 92
, 3
, 6
, 89
, 69
, 26
, 55
, 40
, 81
, 14
, 84
, 11
, 18
, 77
, 61
, 34
, 38
, 57
, 18
, 77
, 41
, 54
, 64
, 31
, 45
, 50
, 73
, 22
, 17
, 78
, 2
, 93
, 40
, 55
, 49
, 46
, 89
, 6
, 3
, 92
, 40
, 55
, 69
, 26
, 25
, 70
, 71
, 24
, 74
, 21
, 41
, 54
, 39
, 56
, 10
, 85
, 1
, 94
, 12
, 83
, 85
, 10
, 24
, 71
, 52
, 43
, 9
, 86
, 89
, 6
, 7
, 88
, 52
, 43
, 41
, 54
, 56
, 39
, 71
, 24
, 83
, 12
, 46
, 49
, 59
, 36
, 87
, 8
, 46
, 49
, 3
, 92
, 50
, 45
, 89
, 6
, 72
, 23
, 33
, 62
, 87
, 8
, 51
, 44
, 40
, 55
, 80
, 15
, 49
, 46
, 61
, 34
, 33
, 62
, 87
, 8
, 71
, 24
, 59
, 36
, 4
, 91
, 15
, 80
, 52
, 43
, 88
, 7
, 46
, 49
, 75
, 20
, 41
, 54
, 35
, 60
, 50
, 45
, 10
, 85
, 74
, 21
, 16
, 79
, 41
, 54
, 66
, 29
, 78
, 17
, 70
, 25
