
1590
, 201
, 82
, 250
, 33
, 42
, 241
, 266
, 17
, 55
, 228
, 35
, 248
, 220
, 63
, 94
, 189
, 143
, 140
, 135
, 148
, 251
, 32
, 36
, 247
, 18
, 265
, 191
, 92
, 75
, 208
, 205
, 78
, 204
, 79
, 250
, 33
, 9
, 274
, 128
, 155
, 186
, 97
, 149
, 134
, 23
, 260
, 114
, 169
, 180
, 103
, 156
, 127
, 278
, 5
, 198
, 85
, 14
, 269
, 180
, 103
, 161
, 122
, 239
, 44
, 217
, 66
, 204
, 79
, 169
, 114
, 57
, 226
, 137
, 146
, 57
, 226
, 35
, 248
, 219
, 64
, 242
, 41
, 193
, 90
, 258
, 25
, 24
, 259
, 70
, 213
, 107
, 176
, 177
, 106
, 185
, 98
, 28
, 255
, 110
, 173
, 1
, 282
, 122
, 161
, 11
, 272
, 170
, 113
, 128
, 155
, 119
, 164
, 153
, 130
, 249
, 34
, 199
, 84
, 31
, 252
, 147
, 136
, 190
, 93
, 15
, 268
, 147
, 136
, 169
, 114
, 225
, 58
, 187
, 96
, 127
, 156
, 263
, 20
, 173
, 110
, 12
, 271
, 241
, 42
, 140
, 143
, 115
, 168
, 25
, 258
, 209
, 74
, 210
, 73
, 95
, 188
, 207
, 76
, 40
, 243
, 180
, 103
, 185
, 98
, 149
, 134
, 213
, 70
, 104
, 179
, 238
, 45
, 102
, 181
, 44
, 239
, 119
, 164
, 72
, 211
, 232
, 51
, 121
, 162
, 53
, 230
, 63
, 220
, 138
, 145
, 14
, 269
, 264
, 19
, 111
, 172
, 154
, 129
, 29
, 254
, 116
, 167
, 211
, 72
, 168
, 115
, 175
, 108
, 194
, 89
, 244
, 39
, 191
, 92
, 188
, 95
, 148
, 135
, 80
, 203
, 212
, 71
, 28
, 255
, 126
, 157
, 191
, 92
, 7
, 276
, 141
, 142
, 42
, 241
, 150
, 133
, 64
, 219
, 150
, 133
, 251
, 32
, 207
, 76
, 70
, 213
, 277
, 6
, 32
, 251
, 53
, 230
, 4
, 279
, 121
, 162
, 276
, 7
, 226
, 57
, 206
, 77
, 36
, 247
, 263
, 20
, 172
, 111
, 269
, 14
, 136
, 147
, 57
, 226
, 78
, 205
, 38
, 245
, 257
, 26
, 208
, 75
, 11
, 272
, 102
, 181
, 185
, 98
, 234
, 49
, 129
, 154
, 9
, 274
, 205
, 78
, 164
, 119
, 111
, 172
, 105
, 178
, 249
, 34
, 70
, 213
, 192
, 91
, 41
, 242
, 187
, 96
, 163
, 120
, 28
, 255
, 72
, 211
, 140
, 143
, 14
, 269
, 19
, 264
, 158
, 125
, 217
, 66
, 241
, 42
, 27
, 256
, 101
, 182
, 196
, 87
, 115
, 168
, 241
, 42
, 237
, 46
, 273
, 10
, 171
, 112
, 65
, 218
, 207
, 76
, 5
, 278
, 202
, 81
, 143
, 140
, 233
, 50
, 201
, 82
, 7
, 276
, 175
, 108
, 178
, 105
, 48
, 235
, 75
, 208
, 207
, 76
, 71
, 212
, 69
, 214
, 119
, 164
, 92
, 191
, 265
, 18
, 153
, 130
, 15
, 268
, 123
, 160
, 277
, 6
, 8
, 275
, 193
, 90
, 84
, 199
, 35
, 248
, 215
, 68
, 39
, 244
, 95
, 188
, 108
, 175
, 154
, 129
, 218
, 65
, 29
, 254
, 257
, 26
, 172
, 111
, 1
, 282
, 196
, 87
, 255
, 28
, 183
, 100
, 254
, 29
, 16
, 267
, 97
, 186
, 89
, 194
, 224
, 59
, 160
, 123
, 255
, 28
, 215
, 68
, 26
, 257
, 85
, 198
, 11
, 272
, 184
, 99
, 91
, 192
, 74
, 209
, 125
, 158
, 75
, 208
, 235
, 48
, 178
, 105
, 213
, 70
, 219
, 64
, 235
, 48
, 205
, 78
, 135
, 148
, 234
, 49
, 27
, 256
, 278
, 5
, 233
, 50
, 214
, 69
, 165
, 118
, 252
, 31
, 102
, 181
, 41
, 242
, 256
, 27
, 177
, 106
, 155
, 128
, 172
, 111
, 195
, 88
, 245
, 38
, 231
, 52
, 227
, 56
, 152
, 131
, 63
, 220
, 169
, 114
, 214
, 69
, 83
, 200
, 84
, 199
, 23
, 260
, 117
, 166
, 124
, 159
, 132
, 151
, 173
, 110
, 271
, 12
, 180
, 103
, 230
, 53
, 135
, 148
, 119
, 164
, 171
, 112
, 191
, 92
, 98
, 185
, 231
, 52
, 173
, 110
, 281
, 2
, 163
, 120
, 117
, 166
, 53
, 230
, 44
, 239
, 232
, 51
, 120
, 163
, 244
, 39
, 146
, 137
, 246
, 37
, 18
, 265
, 76
, 207
, 154
, 129
, 198
, 85
, 47
, 236
, 113
, 170
, 221
, 62
, 105
, 178
, 211
, 72
, 91
, 192
, 121
, 162
, 101
, 182
, 6
, 277
, 146
, 137
, 168
, 115
, 180
, 103
, 204
, 79
, 167
, 116
, 227
, 56
, 62
, 221
, 273
, 10
, 122
, 161
, 27
, 256
, 172
, 111
, 227
, 56
, 256
, 27
, 228
, 55
, 226
, 57
, 68
, 215
, 7
, 276
, 149
, 134
, 28
, 255
, 171
, 112
, 194
, 89
, 51
, 232
, 280
, 3
, 20
, 263
, 190
, 93
, 33
, 250
, 217
, 66
, 234
, 49
, 206
, 77
, 204
, 79
, 242
, 41
, 111
, 172
, 61
, 222
, 181
, 102
, 208
, 75
, 269
, 14
, 66
, 217
, 24
, 259
, 33
, 250
, 255
, 28
, 46
, 237
, 78
, 205
, 214
, 69
, 36
, 247
, 209
, 74
, 100
, 183
, 84
, 199
, 250
, 33
, 19
, 264
, 47
, 236
, 146
, 137
, 159
, 124
, 168
, 115
, 159
, 124
, 188
, 95
, 205
, 78
, 176
, 107
, 118
, 165
, 45
, 238
, 106
, 177
, 208
, 75
, 132
, 151
, 203
, 80
, 86
, 197
, 170
, 113
, 150
, 133
, 252
, 31
, 160
, 123
, 245
, 38
, 249
, 34
, 249
, 34
, 278
, 5
, 15
, 268
, 165
, 118
, 279
, 4
, 188
, 95
, 100
, 183
, 241
, 42
, 7
, 276
, 45
, 238
, 273
, 10
, 220
, 63
, 54
, 229
, 236
, 47
, 74
, 209
, 170
, 113
, 261
, 22
, 136
, 147
, 161
, 122
, 270
, 13
, 105
, 178
, 272
, 11
, 176
, 107
, 105
, 178
, 195
, 88
, 220
, 63
, 10
, 273
, 138
, 145
, 126
, 157
, 179
, 104
, 161
, 122
, 197
, 86
, 68
, 215
, 136
, 147
, 226
, 57
, 76
, 207
, 105
, 178
, 131
, 152
, 215
, 68
, 262
, 21
, 170
, 113
, 239
, 44
, 63
, 220
, 267
, 16
, 199
, 84
, 219
, 64
, 276
, 7
, 161
, 122
, 248
, 35
, 187
, 96
, 149
, 134
, 159
, 124
, 33
, 250
, 14
, 269
, 177
, 106
, 195
, 88
, 176
, 107
, 159
, 124
, 227
, 56
, 248
, 35
, 6
, 277
, 161
, 122
, 216
, 67
, 36
, 247
, 186
, 97
, 38
, 245
, 154
, 129
, 264
, 19
, 30
, 253
, 277
, 6
, 195
, 88
, 14
, 269
, 236
, 47
, 31
, 252
, 41
, 242
, 37
, 246
, 237
, 46
, 73
, 210
, 70
, 213
, 34
, 249
, 118
, 165
, 26
, 257
, 257
, 26
, 102
, 181
, 190
, 93
, 184
, 99
, 160
, 123
, 134
, 149
, 208
, 75
, 166
, 117
, 213
, 70
, 268
, 15
, 249
, 34
, 115
, 168
, 264
, 19
, 17
, 266
, 202
, 81
, 22
, 261
, 275
, 8
, 150
, 133
, 138
, 145
, 225
, 58
, 89
, 194
, 38
, 245
, 61
, 222
, 114
, 169
, 146
, 137
, 157
, 126
, 28
, 255
, 252
, 31
, 162
, 121
, 37
, 246
, 202
, 81
, 194
, 89
, 93
, 190
, 272
, 11
, 279
, 4
, 200
, 83
, 152
, 131
, 125
, 158
, 171
, 112
, 157
, 126
, 247
, 36
, 207
, 76
, 149
, 134
, 207
, 76
, 131
, 152
, 10
, 273
, 25
, 258
, 244
, 39
, 54
, 229
, 281
, 2
, 207
, 76
, 221
, 62
, 216
, 67
, 180
, 103
, 45
, 238
, 264
, 19
, 106
, 177
, 222
, 61
, 195
, 88
, 43
, 240
, 157
, 126
, 231
, 52
, 274
, 9
, 98
, 185
, 153
, 130
, 183
, 100
, 40
, 243
, 233
, 50
, 113
, 170
, 147
, 136
, 66
, 217
, 179
, 104
, 86
, 197
, 183
, 100
, 105
, 178
, 83
, 200
, 105
, 178
, 213
, 70
, 6
, 277
, 149
, 134
, 9
, 274
, 47
, 236
, 220
, 63
, 259
, 24
, 132
, 151
, 114
, 169
, 227
, 56
, 61
, 222
, 64
, 219
, 248
, 35
, 241
, 42
, 68
, 215
, 192
, 91
, 60
, 223
, 80
, 203
, 28
, 255
, 124
, 159
, 58
, 225
, 76
, 207
, 234
, 49
, 145
, 138
, 208
, 75
, 249
, 34
, 271
, 12
, 81
, 202
, 131
, 152
, 140
, 143
, 145
, 138
, 21
, 262
, 9
, 274
, 200
, 83
, 78
, 205
, 59
, 224
, 118
, 165
, 105
, 178
, 191
, 92
, 170
, 113
, 192
, 91
, 23
, 260
, 123
, 160
, 143
, 140
, 236
, 47
, 77
, 206
, 91
, 192
, 135
, 148
, 226
, 57
, 201
, 82
, 22
, 261
, 234
, 49
, 72
, 211
, 114
, 169
, 131
, 152
, 73
, 210
, 110
, 173
, 226
, 57
, 183
, 100
, 274
, 9
, 237
, 46
, 154
, 129
, 100
, 183
, 196
, 87
, 253
, 30
, 70
, 213
, 151
, 132
, 197
, 86
, 127
, 156
, 135
, 148
, 150
, 133
, 247
, 36
, 30
, 253
, 62
, 221
, 74
, 209
, 172
, 111
, 145
, 138
, 48
, 235
, 242
, 41
, 211
, 72
, 113
, 170
, 151
, 132
, 200
, 83
, 266
, 17
, 70
, 213
, 230
, 53
, 248
, 35
, 177
, 106
, 251
, 32
, 136
, 147
, 199
, 84
, 123
, 160
, 6
, 277
, 218
, 65
, 38
, 245
, 236
, 47
, 107
, 176
, 169
, 114
, 186
, 97
, 123
, 160
, 167
, 116
, 227
, 56
, 88
, 195
, 52
, 231
, 90
, 193
, 121
, 162
, 98
, 185
, 111
, 172
, 20
, 263
, 135
, 148
, 183
, 100
, 23
, 260
, 88
, 195
, 23
, 260
, 177
, 106
, 138
, 145
, 131
, 152
, 201
, 82
, 122
, 161
, 138
, 145
, 145
, 138
, 159
, 124
, 95
, 188
, 144
, 139
, 39
, 244
, 231
, 52
, 69
, 214
, 76
, 207
, 225
, 58
, 19
, 264
, 160
, 123
, 11
, 272
, 265
, 18
, 139
, 144
, 154
, 129
, 228
, 55
, 31
, 252
, 64
, 219
, 16
, 267
, 44
, 239
, 187
, 96
, 55
, 228
, 76
, 207
, 181
, 102
, 266
, 17
, 136
, 147
, 269
, 14
, 83
, 200
, 109
, 174
, 54
, 229
, 113
, 170
, 56
, 227
, 117
, 166
, 53
, 230
, 167
, 116
, 94
, 189
, 35
, 248
, 245
, 38
, 279
, 4
, 22
, 261
, 275
, 8
, 236
, 47
, 6
, 277
, 141
, 142
, 216
, 67
, 221
, 62
, 99
, 184
, 177
, 106
, 17
, 266
, 119
, 164
, 267
, 16
, 23
, 260
, 81
, 202
, 240
, 43
, 1
, 282
, 150
, 133
, 268
, 15
, 273
, 10
, 173
, 110
, 28
, 255
, 206
, 77
, 82
, 201
, 146
, 137
, 121
, 162
, 41
, 242
, 80
, 203
, 33
, 250
, 172
, 111
, 256
, 27
, 46
, 237
, 100
, 183
, 69
, 214
, 177
, 106
, 190
, 93
, 223
, 60
, 3
, 280
, 134
, 149
, 27
, 256
, 257
, 26
, 57
, 226
, 274
, 9
, 151
, 132
, 147
, 136
, 150
, 133
, 79
, 204
, 235
, 48
, 171
, 112
, 72
, 211
, 59
, 224
, 177
, 106
, 133
, 150
, 229
, 54
, 256
, 27
, 127
, 156
, 94
, 189
, 206
, 77
, 263
, 20
, 150
, 133
, 243
, 40
, 94
, 189
, 46
, 237
, 3
, 280
, 115
, 168
, 136
, 147
, 251
, 32
, 247
, 36
, 181
, 102
, 72
, 211
, 67
, 216
, 203
, 80
, 172
, 111
, 8
, 275
, 168
, 115
, 260
, 23
, 99
, 184
, 16
, 267
, 165
, 118
, 197
, 86
, 62
, 221
, 28
, 255
, 152
, 131
, 94
, 189
, 240
, 43
, 1
, 282
, 271
, 12
, 110
, 173
, 265
, 18
, 175
, 108
, 153
, 130
, 274
, 9
, 83
, 200
, 38
, 245
, 139
, 144
, 201
, 82
, 107
, 176
, 220
, 63
, 230
, 53
, 102
, 181
, 10
, 273
, 157
, 126
, 152
, 131
, 146
, 137
, 153
, 130
, 115
, 168
, 157
, 126
, 181
, 102
, 164
, 119
, 100
, 183
, 76
, 207
, 69
, 214
, 169
, 114
, 273
, 10
, 91
, 192
, 48
, 235
, 56
, 227
, 189
, 94
, 84
, 199
, 148
, 135
, 194
, 89
, 207
, 76
, 176
, 107
, 215
, 68
, 2
, 281
, 268
, 15
, 193
, 90
, 149
, 134
, 255
, 28
, 118
, 165
, 267
, 16
, 63
, 220
, 241
, 42
, 116
, 167
, 238
, 45
, 223
, 60
, 35
, 248
, 240
, 43
, 64
, 219
, 64
, 219
, 40
, 243
, 223
, 60
, 190
, 93
, 102
, 181
, 214
, 69
, 32
, 251
, 106
, 177
, 243
, 40
, 183
, 100
, 232
, 51
, 209
, 74
, 74
, 209
, 114
, 169
, 53
, 230
, 191
, 92
, 84
, 199
, 33
, 250
, 121
, 162
, 135
, 148
, 185
, 98
, 243
, 40
, 273
, 10
, 239
, 44
, 20
, 263
, 85
, 198
, 116
, 167
, 219
, 64
, 171
, 112
, 128
, 155
, 164
, 119
, 16
, 267
, 109
, 174
, 22
, 261
, 63
, 220
, 77
, 206
, 207
, 76
, 129
, 154
, 243
, 40
, 113
, 170
, 91
, 192
, 270
, 13
, 48
, 235
, 263
, 20
, 265
, 18
, 166
, 117
, 269
, 14
, 104
, 179
, 210
, 73
, 197
, 86
, 35
, 248
, 108
, 175
, 53
, 230
, 138
, 145
, 177
, 106
, 11
, 272
, 268
, 15
, 280
, 3
, 38
, 245
, 228
, 55
, 40
, 243
, 210
, 73
, 78
, 205
, 72
, 211
, 121
, 162
, 260
, 23
, 7
, 276
, 89
, 194
, 128
, 155
, 215
, 68
, 151
, 132
, 47
, 236
, 18
, 265
, 59
, 224
, 90
, 193
, 151
, 132
, 164
, 119
, 237
, 46
, 187
, 96
, 106
, 177
, 35
, 248
, 242
, 41
, 78
, 205
, 189
, 94
, 84
, 199
, 242
, 41
, 200
, 83
, 97
, 186
, 179
, 104
, 21
, 262
, 196
, 87
, 33
, 250
, 281
, 2
, 264
, 19
, 69
, 214
, 127
, 156
, 264
, 19
, 28
, 255
, 2
, 281
, 197
, 86
, 20
, 263
, 44
, 239
, 116
, 167
, 4
, 279
, 29
, 254
, 52
, 231
, 26
, 257
, 9
, 274
, 139
, 144
, 153
, 130
, 236
, 47
, 113
, 170
, 229
, 54
, 78
, 205
, 106
, 177
, 96
, 187
, 91
, 192
, 43
, 240
, 67
, 216
, 67
, 216
, 227
, 56
, 272
, 11
, 23
, 260
, 175
, 108
, 68
, 215
, 257
, 26
, 169
, 114
, 253
, 30
, 269
, 14
, 171
, 112
, 275
, 8
, 36
, 247
, 89
, 194
, 172
, 111
, 46
, 237
, 147
, 136
, 30
, 253
, 215
, 68
, 254
, 29
, 266
, 17
, 173
, 110
, 76
, 207
, 74
, 209
, 56
, 227
, 176
, 107
, 73
, 210
, 187
, 96
, 137
, 146
, 276
, 7
, 219
, 64
, 253
, 30
, 207
, 76
, 197
, 86
, 226
, 57
, 124
, 159
, 160
, 123
, 259
, 24
, 36
, 247
, 207
, 76
, 16
, 267
, 252
, 31
, 76
, 207
, 95
, 188
, 222
, 61
, 87
, 196
, 74
, 209
, 8
, 275
, 150
, 133
, 104
, 179
, 278
, 5
, 130
, 153
, 218
, 65
, 82
, 201
, 243
, 40
, 265
, 18
, 213
, 70
, 132
, 151
, 133
, 150
, 113
, 170
, 263
, 20
, 228
, 55
, 243
, 40
, 157
, 126
, 190
, 93
, 1
, 282
, 75
, 208
, 72
, 211
, 165
, 118
, 132
, 151
, 148
, 135
, 47
, 236
, 84
, 199
, 169
, 114
, 237
, 46
, 181
, 102
, 21
, 262
, 125
, 158
, 99
, 184
, 194
, 89
, 100
, 183
, 198
, 85
, 30
, 253
, 212
, 71
, 82
, 201
, 234
, 49
, 279
, 4
, 55
, 228
, 136
, 147
, 32
, 251
, 90
, 193
, 149
, 134
, 136
, 147
, 139
, 144
, 40
, 243
, 180
, 103
, 21
, 262
, 26
, 257
, 226
, 57
, 81
, 202
, 90
, 193
, 185
, 98
, 5
, 278
, 250
, 33
, 263
, 20
, 259
, 24
, 150
, 133
, 86
, 197
, 97
, 186
, 200
, 83
, 21
, 262
, 123
, 160
, 202
, 81
, 188
, 95
, 263
, 20
, 170
, 113
, 220
, 63
, 21
, 262
, 202
, 81
, 93
, 190
, 189
, 94
, 12
, 271
, 185
, 98
, 202
, 81
, 28
, 255
, 126
, 157
, 276
, 7
, 253
, 30
, 249
, 34
, 86
, 197
, 98
, 185
, 118
, 165
, 30
, 253
, 201
, 82
, 29
, 254
, 273
, 10
, 121
, 162
, 106
, 177
, 123
, 160
, 185
, 98
, 221
, 62
, 258
, 25
, 230
, 53
, 43
, 240
, 237
, 46
, 36
, 247
, 270
, 13
, 3
, 280
, 150
, 133
, 202
, 81
, 71
, 212
, 228
, 55
, 262
, 21
, 83
, 200
, 141
, 142
, 88
, 195
, 142
, 141
, 46
, 237
, 42
, 241
, 263
, 20
, 95
, 188
, 54
, 229
, 151
, 132
, 20
, 263
, 188
, 95
, 205
, 78
, 273
, 10
, 47
, 236
, 258
, 25
, 8
, 275
, 215
, 68
, 173
, 110
, 55
, 228
, 128
, 155
, 53
, 230
, 273
, 10
, 40
, 243
, 58
, 225
, 101
, 182
, 26
, 257
, 92
, 191
, 67
, 216
, 77
, 206
, 206
, 77
, 112
, 171
, 8
, 275
, 46
, 237
, 26
, 257
, 263
, 20
, 238
, 45
, 39
, 244
, 35
, 248
, 243
, 40
, 142
, 141
, 262
, 21
, 36
, 247
, 273
, 10
, 82
, 201
, 35
, 248
, 3
, 280
, 271
, 12
, 227
, 56
, 5
, 278
, 174
, 109
, 72
, 211
, 242
, 41
, 91
, 192
, 93
, 190
, 170
, 113
, 147
, 136
, 198
, 85
, 58
, 225
, 75
, 208
, 159
, 124
, 36
, 247
, 71
, 212
, 246
, 37
, 238
, 45
, 88
, 195
, 143
, 140
, 202
, 81
, 102
, 181
, 216
, 67
, 109
, 174
, 117
, 166
, 16
, 267
, 82
, 201
, 152
, 131
, 42
, 241
, 137
, 146
, 170
, 113
, 47
, 236
, 36
, 247
, 43
, 240
, 177
, 106
, 82
, 201
, 254
, 29
, 213
, 70
, 166
, 117
, 153
, 130
, 264
, 19
, 77
, 206
, 90
, 193
, 129
, 154
, 230
, 53
, 190
, 93
, 241
, 42
, 205
, 78
, 63
, 220
, 146
, 137
, 7
, 276
, 42
, 241
, 251
, 32
, 194
, 89
, 97
, 186
, 210
, 73
, 89
, 194
, 143
, 140
, 62
, 221
, 130
, 153
, 134
, 149
, 231
, 52
, 169
, 114
, 101
, 182
, 78
, 205
, 46
, 237
, 195
, 88
, 270
, 13
, 59
, 224
, 53
, 230
, 222
, 61
, 216
, 67
, 154
, 129
, 250
, 33
, 170
, 113
, 168
, 115
, 132
, 151
, 121
, 162
, 233
, 50
, 158
, 125
, 25
, 258
, 272
, 11
, 273
, 10
, 164
, 119
, 104
, 179
, 123
, 160
, 252
, 31
, 204
, 79
, 243
, 40
, 76
, 207
, 51
, 232
, 25
, 258
, 59
, 224
, 130
, 153
, 96
, 187
, 6
, 277
, 225
, 58
, 109
, 174
, 70
, 213
, 107
, 176
, 50
, 233
, 209
, 74
, 122
, 161
, 25
, 258
, 123
, 160
, 63
, 220
, 208
, 75
, 81
, 202
, 79
, 204
, 240
, 43
, 243
, 40
, 93
, 190
, 44
, 239
, 164
, 119
, 214
, 69
, 250
, 33
, 281
, 2
, 125
, 158
, 228
, 55
, 132
, 151
, 165
, 118
, 9
, 274
, 35
, 248
, 261
, 22
, 50
, 233
, 28
, 255
, 162
, 121
, 218
, 65
, 114
, 169
, 266
, 17
, 71
, 212
, 181
, 102
, 272
, 11
, 149
, 134
, 33
, 250
, 171
, 112
, 179
, 104
, 269
, 14
, 139
, 144
, 97
, 186
, 108
, 175
, 205
, 78
, 16
, 267
, 175
, 108
, 27
, 256
, 218
, 65
, 133
, 150
, 243
, 40
, 273
, 10
, 82
, 201
, 142
, 141
, 191
, 92
, 195
, 88
, 204
, 79
, 163
, 120
, 277
, 6
, 124
, 159
, 12
, 271
, 138
, 145
, 57
, 226
, 245
, 38
, 15
, 268
, 71
, 212
, 126
, 157
, 278
, 5
, 246
, 37
, 241
, 42
, 97
, 186
, 83
, 200
, 206
, 77
, 240
, 43
, 36
, 247
, 30
, 253
, 62
, 221
, 173
, 110
, 265
, 18
, 207
, 76
, 251
, 32
, 170
, 113
, 137
, 146
, 211
, 72
, 110
, 173
, 112
, 171
, 271
, 12
, 22
, 261
, 213
, 70
, 121
, 162
, 117
, 166
, 139
, 144
, 54
, 229
, 174
, 109
, 230
, 53
, 185
, 98
, 36
, 247
, 29
, 254
, 225
, 58
, 232
, 51
, 259
, 24
, 10
, 273
, 179
, 104
, 232
, 51
, 67
, 216
, 49
, 234
, 31
, 252
, 234
, 49
, 131
, 152
, 154
, 129
, 73
, 210
, 254
, 29
, 223
, 60
, 44
, 239
, 225
, 58
, 91
, 192
, 43
, 240
, 165
, 118
, 207
, 76
, 38
, 245
, 33
, 250
, 162
, 121
, 60
, 223
, 62
, 221
, 13
, 270
, 91
, 192
, 222
, 61
, 250
, 33
, 146
, 137
, 255
, 28
, 107
, 176
, 280
, 3
, 278
, 5
, 16
, 267
, 27
, 256
, 88
, 195
, 53
, 230
, 265
, 18
, 103
, 180
, 57
, 226
, 19
, 264
, 164
, 119
, 188
, 95
, 214
, 69
, 49
, 234
, 22
, 261
, 255
, 28
, 55
, 228
, 6
, 277
, 278
, 5
, 185
, 98
, 176
, 107
, 234
, 49
, 234
, 49
, 96
, 187
, 214
, 69
, 205
, 78
, 235
, 48
, 241
, 42
, 166
, 117
, 175
, 108
, 13
, 270
, 255
, 28
, 37
, 246
, 111
, 172
, 96
, 187
, 1
, 282
, 206
, 77
, 102
, 181
, 218
, 65
, 266
, 17
, 116
, 167
, 234
, 49
, 249
, 34
, 254
, 29
, 115
, 168
, 81
, 202
, 34
, 249
, 68
, 215
, 238
, 45
, 237
, 46
, 167
, 116
, 240
, 43
, 113
, 170
, 103
, 180
, 233
, 50
, 260
, 23
, 79
, 204
, 63
, 220
, 77
, 206
, 196
, 87
, 151
, 132
, 163
, 120
, 31
, 252
, 169
, 114
, 188
, 95
, 183
, 100
, 252
, 31
, 108
, 175
, 209
, 74
, 217
, 66
, 80
, 203
, 222
, 61
, 125
, 158
, 81
, 202
, 89
, 194
, 12
, 271
, 263
, 20
, 133
, 150
, 269
, 14
, 225
, 58
, 205
, 78
, 106
, 177
, 91
, 192
, 19
, 264
, 135
, 148
, 56
, 227
, 158
, 125
, 33
, 250
, 200
, 83
, 232
, 51
, 82
, 201
, 153
, 130
, 161
, 122
, 232
, 51
, 107
, 176
, 109
, 174
, 105
, 178
, 3
, 280
, 169
, 114
, 86
, 197
, 79
, 204
, 113
, 170
, 40
, 243
, 180
, 103
, 41
, 242
, 2
, 281
, 220
, 63
, 51
, 232
, 118
, 165
, 255
, 28
, 251
, 32
, 53
, 230
, 241
, 42
, 271
, 12
, 221
, 62
, 47
, 236
, 121
, 162
, 88
, 195
, 239
, 44
, 211
, 72
, 110
, 173
, 37
, 246
, 93
, 190
, 93
, 190
, 177
, 106
, 264
, 19
, 249
, 34
, 154
, 129
, 79
, 204
, 253
, 30
, 149
, 134
, 144
, 139
, 188
, 95
, 228
, 55
, 219
, 64
, 250
, 33
, 80
, 203
, 177
, 106
, 233
, 50
, 247
, 36
, 210
, 73
, 82
, 201
, 205
, 78
, 132
, 151
, 176
, 107
, 225
, 58
, 100
, 183
, 250
, 33
, 205
, 78
, 28
, 255
, 170
, 113
, 5
, 278
, 6
, 277
, 110
, 173
, 42
, 241
, 230
, 53
, 96
, 187
, 223
, 60
, 104
, 179
, 38
, 245
, 232
, 51
, 262
, 21
, 77
, 206
, 118
, 165
, 56
, 227
, 107
, 176
, 152
, 131
, 21
, 262
, 259
, 24
, 83
, 200
, 224
, 59
, 275
, 8
, 77
, 206
, 57
, 226
, 76
, 207
, 208
, 75
, 181
, 102
, 172
, 111
, 199
, 84
, 199
, 84
, 150
, 133
, 141
, 142
, 204
, 79
, 61
, 222
, 272
, 11
, 56
, 227
, 102
, 181
, 216
, 67
, 144
, 139
, 78
, 205
, 94
, 189
, 99
, 184
, 129
, 154
, 182
, 101
, 89
, 194
, 22
, 261
, 109
, 174
, 30
, 253
, 198
, 85
, 239
, 44
, 120
, 163
, 15
, 268
, 158
, 125
, 277
, 6
, 151
, 132
, 149
, 134
, 228
, 55
, 247
, 36
, 105
, 178
, 175
, 108
, 273
, 10
, 88
, 195
, 69
, 214
, 53
, 230
, 54
, 229
, 190
, 93
, 211
, 72
, 9
, 274
, 171
, 112
, 254
, 29
, 9
, 274
