
1630
, 158
, 49
, 76
, 131
, 132
, 75
, 66
, 141
, 85
, 122
, 113
, 94
, 90
, 117
, 29
, 178
, 26
, 181
, 102
, 105
, 74
, 133
, 29
, 178
, 152
, 55
, 131
, 76
, 86
, 121
, 13
, 194
, 14
, 193
, 1
, 206
, 109
, 98
, 117
, 90
, 176
, 31
, 182
, 25
, 140
, 67
, 90
, 117
, 114
, 93
, 196
, 11
, 33
, 174
, 185
, 22
, 72
, 135
, 21
, 186
, 60
, 147
, 108
, 99
, 61
, 146
, 51
, 156
, 76
, 131
, 40
, 167
, 153
, 54
, 101
, 106
, 74
, 133
, 91
, 116
, 26
, 181
, 205
, 2
, 182
, 25
, 31
, 176
, 27
, 180
, 80
, 127
, 118
, 89
, 171
, 36
, 203
, 4
, 99
, 108
, 32
, 175
, 117
, 90
, 146
, 61
, 61
, 146
, 150
, 57
, 73
, 134
, 26
, 181
, 42
, 165
, 22
, 185
, 116
, 91
, 75
, 132
, 84
, 123
, 173
, 34
, 3
, 204
, 192
, 15
, 106
, 101
, 45
, 162
, 204
, 3
, 24
, 183
, 177
, 30
, 184
, 23
, 99
, 108
, 12
, 195
, 58
, 149
, 158
, 49
, 20
, 187
, 72
, 135
, 25
, 182
, 55
, 152
, 177
, 30
, 97
, 110
, 96
, 111
, 16
, 191
, 163
, 44
, 65
, 142
, 2
, 205
, 13
, 194
, 39
, 168
, 198
, 9
, 47
, 160
, 183
, 24
, 53
, 154
, 140
, 67
, 161
, 46
, 162
, 45
, 125
, 82
, 8
, 199
, 44
, 163
, 46
, 161
, 192
, 15
, 22
, 185
, 8
, 199
, 119
, 88
, 198
, 9
, 66
, 141
, 139
, 68
, 53
, 154
, 63
, 144
, 37
, 170
, 85
, 122
, 24
, 183
, 194
, 13
, 16
, 191
, 30
, 177
, 71
, 136
, 192
, 15
, 195
, 12
, 189
, 18
, 33
, 174
, 194
, 13
, 141
, 66
, 112
, 95
, 143
, 64
, 33
, 174
, 7
, 200
, 143
, 64
, 191
, 16
, 174
, 33
, 105
, 102
, 74
, 133
, 181
, 26
, 9
, 198
, 51
, 156
, 20
, 187
, 198
, 9
, 69
, 138
, 20
, 187
, 88
, 119
, 1
, 206
, 166
, 41
, 49
, 158
, 188
, 19
, 155
, 52
, 52
, 155
, 53
, 154
, 45
, 162
, 200
, 7
, 86
, 121
, 99
, 108
, 75
, 132
, 29
, 178
, 205
, 2
, 129
, 78
, 57
, 150
, 14
, 193
, 30
, 177
, 79
, 128
, 196
, 11
, 117
, 90
, 120
, 87
, 202
, 5
, 79
, 128
, 205
, 2
, 126
, 81
, 29
, 178
, 5
, 202
, 57
, 150
, 182
, 25
, 133
, 74
, 35
, 172
, 81
, 126
, 35
, 172
, 22
, 185
, 24
, 183
, 124
, 83
, 162
, 45
, 12
, 195
, 79
, 128
, 11
, 196
, 164
, 43
, 95
, 112
, 159
, 48
, 97
, 110
, 10
, 197
, 156
, 51
, 171
, 36
, 25
, 182
, 147
, 60
, 172
, 35
, 73
, 134
, 35
, 172
, 92
, 115
, 38
, 169
, 52
, 155
, 36
, 171
, 150
, 57
, 54
, 153
, 198
, 9
, 102
, 105
, 107
, 100
, 147
, 60
, 9
, 198
, 65
, 142
, 122
, 85
, 38
, 169
, 74
, 133
, 45
, 162
, 20
, 187
, 37
, 170
, 24
, 183
, 108
, 99
, 198
, 9
, 59
, 148
, 180
, 27
, 74
, 133
, 91
, 116
, 48
, 159
, 35
, 172
, 145
, 62
, 86
, 121
, 165
, 42
, 199
, 8
, 38
, 169
, 12
, 195
, 136
, 71
, 25
, 182
, 157
, 50
, 155
, 52
, 139
, 68
, 92
, 115
, 48
, 159
, 136
, 71
, 25
, 182
, 107
, 100
, 17
, 190
, 14
, 193
, 179
, 28
, 185
, 22
, 73
, 134
, 21
, 186
, 127
, 80
, 125
, 82
, 189
, 18
, 48
, 159
, 166
, 41
, 157
, 50
, 182
, 25
, 178
, 29
, 46
, 161
, 131
, 76
, 39
, 168
, 140
, 67
, 156
, 51
, 109
, 98
, 36
, 171
, 110
, 97
, 113
, 94
, 25
, 182
, 91
, 116
, 157
, 50
, 93
, 114
, 51
, 156
, 59
, 148
, 30
, 177
, 11
, 196
, 111
, 96
, 7
, 200
, 24
, 183
, 13
, 194
, 155
, 52
, 135
, 72
, 122
, 85
, 9
, 198
, 87
, 120
, 56
, 151
, 147
, 60
, 176
, 31
, 142
, 65
, 59
, 148
, 97
, 110
, 79
, 128
, 49
, 158
, 118
, 89
, 202
, 5
, 2
, 205
, 152
, 55
, 140
, 67
, 76
, 131
, 49
, 158
, 179
, 28
, 90
, 117
, 70
, 137
, 104
, 103
, 17
, 190
, 144
, 63
, 204
, 3
, 143
, 64
, 102
, 105
, 26
, 181
, 204
, 3
, 36
, 171
, 48
, 159
, 128
, 79
, 61
, 146
, 174
, 33
, 25
, 182
, 2
, 205
, 6
, 201
, 53
, 154
, 18
, 189
, 94
, 113
, 161
, 46
, 197
, 10
, 191
, 16
, 136
, 71
, 197
, 10
, 151
, 56
, 181
, 26
, 171
, 36
, 177
, 30
, 108
, 99
, 25
, 182
, 175
, 32
, 63
, 144
, 118
, 89
, 101
, 106
, 90
, 117
, 57
, 150
, 48
, 159
, 167
, 40
, 3
, 204
, 148
, 59
, 53
, 154
, 192
, 15
, 110
, 97
, 56
, 151
, 197
, 10
, 148
, 59
, 173
, 34
, 57
, 150
, 43
, 164
, 191
, 16
, 77
, 130
, 48
, 159
, 52
, 155
, 163
, 44
, 198
, 9
, 187
, 20
, 203
, 4
, 99
, 108
, 98
, 109
, 197
, 10
, 3
, 204
, 134
, 73
, 195
, 12
, 32
, 175
, 42
, 165
, 12
, 195
, 26
, 181
, 62
, 145
, 191
, 16
, 157
, 50
, 62
, 145
, 42
, 165
, 200
, 7
, 38
, 169
, 43
, 164
, 7
, 200
, 102
, 105
, 191
, 16
, 91
, 116
, 34
, 173
, 76
, 131
, 99
, 108
, 21
, 186
, 200
, 7
, 164
, 43
, 1
, 206
, 76
, 131
, 99
, 108
, 200
, 7
, 112
, 95
, 44
, 163
, 141
, 66
, 119
, 88
, 134
, 73
, 5
, 202
, 164
, 43
, 202
, 5
, 14
, 193
, 177
, 30
, 55
, 152
, 25
, 182
, 28
, 179
, 112
, 95
, 51
, 156
, 6
, 201
, 71
, 136
, 74
, 133
, 4
, 203
, 119
, 88
, 74
, 133
, 127
, 80
, 29
, 178
, 49
, 158
, 9
, 198
, 79
, 128
, 159
, 48
, 22
, 185
, 47
, 160
, 130
, 77
, 147
, 60
, 77
, 130
, 79
, 128
, 161
, 46
, 169
, 38
, 196
, 11
, 57
, 150
, 50
, 157
, 149
, 58
, 92
, 115
, 8
, 199
, 108
, 99
, 77
, 130
, 92
, 115
, 45
, 162
, 109
, 98
, 177
, 30
, 135
, 72
, 119
, 88
, 159
, 48
, 157
, 50
, 111
, 96
, 90
, 117
, 132
, 75
, 124
, 83
, 122
, 85
, 145
, 62
, 93
, 114
, 155
, 52
, 136
, 71
, 39
, 168
, 117
, 90
, 176
, 31
, 148
, 59
, 34
, 173
, 178
, 29
, 119
, 88
, 113
, 94
, 93
, 114
, 87
, 120
, 194
, 13
, 23
, 184
, 148
, 59
, 116
, 91
, 22
, 185
, 143
, 64
, 127
, 80
, 58
, 149
, 101
, 106
, 37
, 170
, 113
, 94
, 20
, 187
, 41
, 166
, 52
, 155
, 48
, 159
, 70
, 137
, 143
, 64
, 23
, 184
, 160
, 47
, 147
, 60
, 76
, 131
, 94
, 113
, 40
, 167
, 111
, 96
, 165
, 42
, 18
, 189
, 56
, 151
, 45
, 162
, 134
, 73
, 79
, 128
, 24
, 183
, 112
, 95
, 33
, 174
, 162
, 45
, 140
, 67
, 87
, 120
, 107
, 100
, 16
, 191
, 160
, 47
, 158
, 49
, 95
, 112
, 69
, 138
, 51
, 156
, 148
, 59
, 116
, 91
, 65
, 142
, 114
, 93
, 24
, 183
, 167
, 40
, 59
, 148
, 87
, 120
, 151
, 56
, 64
, 143
, 174
, 33
, 153
, 54
, 38
, 169
, 152
, 55
, 68
, 139
, 177
, 30
, 139
, 68
, 86
, 121
, 36
, 171
, 62
, 145
, 181
, 26
, 137
, 70
, 129
, 78
, 59
, 148
, 187
, 20
, 170
, 37
, 122
, 85
, 163
, 44
, 7
, 200
, 32
, 175
, 43
, 164
, 183
, 24
, 32
, 175
, 158
, 49
, 132
, 75
, 141
, 66
, 60
, 147
, 15
, 192
, 160
, 47
, 198
, 9
, 39
, 168
, 94
, 113
, 75
, 132
, 60
, 147
, 107
, 100
, 107
, 100
, 37
, 170
, 69
, 138
, 187
, 20
, 27
, 180
, 176
, 31
, 2
, 205
, 188
, 19
, 106
, 101
, 185
, 22
, 85
, 122
, 38
, 169
, 81
, 126
, 63
, 144
, 145
, 62
, 50
, 157
, 119
, 88
, 168
, 39
, 135
, 72
, 5
, 202
, 82
, 125
, 116
, 91
, 115
, 92
, 97
, 110
, 135
, 72
, 5
, 202
, 81
, 126
, 8
, 199
, 69
, 138
, 204
, 3
, 51
, 156
, 142
, 65
, 62
, 145
, 115
, 92
, 100
, 107
, 107
, 100
, 196
, 11
, 109
, 98
, 152
, 55
, 60
, 147
, 148
, 59
, 3
, 204
, 164
, 43
, 72
, 135
, 196
, 11
, 189
, 18
, 111
, 96
, 179
, 28
, 69
, 138
, 143
, 64
, 182
, 25
, 159
, 48
, 130
, 77
, 92
, 115
, 84
, 123
, 163
, 44
, 123
, 84
, 40
, 167
, 115
, 92
, 29
, 178
, 106
, 101
, 204
, 3
, 112
, 95
, 127
, 80
, 163
, 44
, 59
, 148
, 33
, 174
, 107
, 100
, 204
, 3
, 186
, 21
, 19
, 188
, 135
, 72
, 180
, 27
, 123
, 84
, 156
, 51
, 105
, 102
, 75
, 132
, 72
, 135
, 163
, 44
, 201
, 6
, 121
, 86
, 3
, 204
, 3
, 204
, 168
, 39
, 182
, 25
, 190
, 17
, 35
, 172
, 182
, 25
, 63
, 144
, 67
, 140
, 41
, 166
, 125
, 82
, 114
, 93
, 150
, 57
, 93
, 114
, 110
, 97
, 8
, 199
, 8
, 199
, 31
, 176
, 197
, 10
, 180
, 27
, 93
, 114
, 115
, 92
, 4
, 203
, 20
, 187
, 35
, 172
, 181
, 26
, 13
, 194
, 81
, 126
, 104
, 103
, 152
, 55
, 138
, 69
, 151
, 56
, 40
, 167
, 154
, 53
, 182
, 25
, 112
, 95
, 195
, 12
, 81
, 126
, 103
, 104
, 112
, 95
, 177
, 30
, 6
, 201
, 195
, 12
, 133
, 74
, 185
, 22
, 47
, 160
, 132
, 75
, 101
, 106
, 78
, 129
, 172
, 35
, 138
, 69
, 53
, 154
, 170
, 37
, 203
, 4
, 11
, 196
, 137
, 70
, 158
, 49
, 192
, 15
, 205
, 2
, 51
, 156
, 190
, 17
, 195
, 12
, 39
, 168
, 79
, 128
, 53
, 154
, 15
, 192
, 67
, 140
, 31
, 176
, 185
, 22
, 168
, 39
, 76
, 131
, 153
, 54
, 103
, 104
, 129
, 78
, 22
, 185
, 159
, 48
, 78
, 129
, 47
, 160
, 141
, 66
, 178
, 29
, 114
, 93
, 190
, 17
, 83
, 124
, 35
, 172
, 62
, 145
, 201
, 6
, 129
, 78
, 103
, 104
, 56
, 151
, 176
, 31
, 104
, 103
, 18
, 189
, 185
, 22
, 7
, 200
, 154
, 53
, 115
, 92
, 191
, 16
, 136
, 71
, 200
, 7
, 52
, 155
, 204
, 3
, 175
, 32
, 15
, 192
, 123
, 84
, 91
, 116
, 42
, 165
, 83
, 124
, 51
, 156
, 53
, 154
, 6
, 201
, 56
, 151
, 138
, 69
, 182
, 25
, 181
, 26
, 96
, 111
, 10
, 197
, 59
, 148
, 198
, 9
, 147
, 60
, 57
, 150
, 71
, 136
, 174
, 33
, 53
, 154
, 89
, 118
, 36
, 171
, 179
, 28
, 33
, 174
, 79
, 128
, 27
, 180
, 200
, 7
, 14
, 193
, 73
, 134
, 69
, 138
, 107
, 100
, 156
, 51
, 25
, 182
, 117
, 90
, 14
, 193
, 202
, 5
, 179
, 28
, 110
, 97
, 126
, 81
, 33
, 174
, 21
, 186
, 51
, 156
, 84
, 123
, 147
, 60
, 83
, 124
, 93
, 114
, 2
, 205
, 108
, 99
, 172
, 35
, 178
, 29
, 37
, 170
, 46
, 161
, 160
, 47
, 13
, 194
, 42
, 165
, 100
, 107
, 170
, 37
, 24
, 183
, 109
, 98
, 202
, 5
, 181
, 26
, 47
, 160
, 140
, 67
, 48
, 159
, 197
, 10
, 15
, 192
, 18
, 189
, 49
, 158
, 151
, 56
, 166
, 41
, 5
, 202
, 86
, 121
, 136
, 71
, 118
, 89
, 108
, 99
, 37
, 170
, 191
, 16
, 180
, 27
, 96
, 111
, 121
, 86
, 65
, 142
, 117
, 90
, 205
, 2
, 28
, 179
, 68
, 139
, 180
, 27
, 21
, 186
, 24
, 183
, 205
, 2
, 120
, 87
, 95
, 112
, 197
, 10
, 158
, 49
, 202
, 5
, 136
, 71
, 132
, 75
, 129
, 78
, 182
, 25
, 175
, 32
, 160
, 47
, 106
, 101
, 104
, 103
, 3
, 204
, 111
, 96
, 172
, 35
, 108
, 99
, 97
, 110
, 134
, 73
, 26
, 181
, 126
, 81
, 165
, 42
, 104
, 103
, 169
, 38
, 177
, 30
, 18
, 189
, 46
, 161
, 28
, 179
, 76
, 131
, 170
, 37
, 149
, 58
, 14
, 193
, 144
, 63
, 71
, 136
, 83
, 124
, 200
, 7
, 187
, 20
, 115
, 92
, 170
, 37
, 175
, 32
, 33
, 174
, 16
, 191
, 134
, 73
, 28
, 179
, 12
, 195
, 46
, 161
, 99
, 108
, 42
, 165
, 196
, 11
, 80
, 127
, 25
, 182
, 126
, 81
, 11
, 196
, 86
, 121
, 135
, 72
, 38
, 169
, 125
, 82
, 189
, 18
, 166
, 41
, 60
, 147
, 203
, 4
, 189
, 18
, 13
, 194
, 136
, 71
, 138
, 69
, 62
, 145
, 142
, 65
, 39
, 168
, 126
, 81
, 13
, 194
, 146
, 61
, 10
, 197
, 123
, 84
, 108
, 99
, 63
, 144
, 105
, 102
, 17
, 190
, 55
, 152
, 159
, 48
, 188
, 19
, 14
, 193
, 61
, 146
, 122
, 85
, 113
, 94
, 141
, 66
, 15
, 192
, 150
, 57
, 20
, 187
, 74
, 133
, 20
, 187
, 147
, 60
, 28
, 179
, 116
, 91
, 61
, 146
, 130
, 77
, 190
, 17
, 65
, 142
, 171
, 36
, 86
, 121
, 99
, 108
, 26
, 181
, 137
, 70
, 103
, 104
, 179
, 28
, 108
, 99
, 178
, 29
, 193
, 14
, 17
, 190
, 139
, 68
, 202
, 5
, 52
, 155
, 156
, 51
, 167
, 40
, 101
, 106
, 70
, 137
, 138
, 69
, 192
, 15
, 188
, 19
, 17
, 190
, 42
, 165
, 115
, 92
, 174
, 33
, 32
, 175
, 31
, 176
, 120
, 87
, 8
, 199
, 106
, 101
, 177
, 30
, 205
, 2
, 130
, 77
, 106
, 101
, 29
, 178
, 62
, 145
, 41
, 166
, 86
, 121
, 17
, 190
, 50
, 157
, 83
, 124
, 2
, 205
, 168
, 39
, 36
, 171
, 94
, 113
, 140
, 67
, 157
, 50
, 140
, 67
, 75
, 132
, 194
, 13
, 128
, 79
, 24
, 183
, 111
, 96
, 106
, 101
, 168
, 39
, 110
, 97
, 188
, 19
, 27
, 180
, 34
, 173
, 47
, 160
, 82
, 125
, 50
, 157
, 94
, 113
, 192
, 15
, 158
, 49
, 90
, 117
, 10
, 197
, 165
, 42
, 97
, 110
, 29
, 178
, 51
, 156
, 133
, 74
, 125
, 82
, 14
, 193
, 14
, 193
, 151
, 56
, 70
, 137
, 147
, 60
, 89
, 118
, 9
, 198
, 203
, 4
, 141
, 66
, 133
, 74
, 26
, 181
, 56
, 151
, 202
, 5
, 104
, 103
, 4
, 203
, 127
, 80
, 13
, 194
, 36
, 171
, 143
, 64
, 121
, 86
, 25
, 182
, 152
, 55
, 81
, 126
, 179
, 28
, 174
, 33
, 61
, 146
, 97
, 110
, 157
, 50
, 10
, 197
, 197
, 10
, 32
, 175
, 113
, 94
, 98
, 109
, 204
, 3
, 75
, 132
, 172
, 35
, 8
, 199
, 63
, 144
, 196
, 11
, 46
, 161
, 154
, 53
, 166
, 41
, 15
, 192
, 54
, 153
, 58
, 149
, 85
, 122
, 18
, 189
, 38
, 169
, 75
, 132
, 173
, 34
, 61
, 146
, 102
, 105
, 146
, 61
, 199
, 8
, 51
, 156
, 23
, 184
, 145
, 62
, 33
, 174
, 185
, 22
, 81
, 126
, 94
, 113
, 128
, 79
, 60
, 147
, 38
, 169
, 162
, 45
, 74
, 133
, 201
, 6
, 63
, 144
, 170
, 37
, 155
, 52
, 3
, 204
, 38
, 169
, 92
, 115
, 22
, 185
, 120
, 87
, 155
, 52
, 109
, 98
, 84
, 123
, 51
, 156
, 98
, 109
, 65
, 142
, 48
, 159
, 81
, 126
, 170
, 37
, 51
, 156
, 54
, 153
, 79
, 128
, 81
, 126
, 83
, 124
, 66
, 141
, 190
, 17
, 183
, 24
, 188
, 19
, 79
, 128
, 117
, 90
, 105
, 102
, 6
, 201
, 61
, 146
, 27
, 180
, 50
, 157
, 90
, 117
, 193
, 14
, 193
, 14
, 28
, 179
, 28
, 179
, 190
, 17
, 175
, 32
, 71
, 136
, 98
, 109
, 29
, 178
, 67
, 140
, 121
, 86
, 88
, 119
, 144
, 63
, 160
, 47
, 102
, 105
, 9
, 198
, 170
, 37
, 68
, 139
, 200
, 7
, 181
, 26
, 31
, 176
, 110
, 97
, 153
, 54
, 24
, 183
, 196
, 11
, 132
, 75
, 125
, 82
, 55
, 152
, 101
, 106
, 1
, 206
, 42
, 165
, 143
, 64
, 171
, 36
, 169
, 38
, 112
, 95
, 140
, 67
, 144
, 63
, 90
, 117
, 100
, 107
, 37
, 170
, 168
, 39
, 181
, 26
, 45
, 162
, 46
, 161
, 119
, 88
, 120
, 87
, 10
, 197
, 105
, 102
, 31
, 176
, 158
, 49
, 33
, 174
, 87
, 120
, 92
, 115
, 130
, 77
, 50
, 157
, 101
, 106
, 87
, 120
, 202
, 5
, 115
, 92
, 153
, 54
, 98
, 109
, 100
, 107
, 135
, 72
, 199
, 8
, 149
, 58
, 35
, 172
, 40
, 167
, 77
, 130
, 15
, 192
, 94
, 113
, 91
, 116
, 10
, 197
, 170
, 37
, 69
, 138
, 131
, 76
, 114
, 93
, 132
, 75
, 63
, 144
, 200
, 7
, 94
, 113
, 5
, 202
, 85
, 122
, 202
, 5
, 4
, 203
, 141
, 66
, 62
, 145
, 156
, 51
, 180
, 27
, 79
, 128
, 119
, 88
, 7
, 200
, 98
, 109
, 109
, 98
, 172
, 35
, 97
, 110
, 172
, 35
, 24
, 183
, 169
, 38
, 58
, 149
, 122
, 85
, 133
, 74
, 83
, 124
, 178
, 29
, 10
, 197
, 11
, 196
, 49
, 158
, 8
, 199
, 168
, 39
, 154
, 53
, 24
, 183
, 96
, 111
, 197
, 10
, 143
, 64
, 187
, 20
, 129
, 78
, 20
, 187
, 188
, 19
, 185
, 22
, 98
, 109
, 145
, 62
, 96
, 111
, 106
, 101
, 153
, 54
, 155
, 52
, 190
, 17
, 98
, 109
, 43
, 164
, 45
, 162
, 106
, 101
, 24
, 183
, 127
, 80
, 79
, 128
, 54
, 153
, 181
, 26
, 66
, 141
, 109
, 98
, 22
, 185
, 114
, 93
, 80
, 127
, 179
, 28
, 40
, 167
, 83
, 124
, 118
, 89
, 188
, 19
, 203
, 4
, 4
, 203
, 162
, 45
, 67
, 140
, 18
, 189
, 31
, 176
, 93
, 114
, 136
, 71
, 10
, 197
, 159
, 48
, 29
, 178
, 21
, 186
, 139
, 68
, 183
, 24
, 54
, 153
, 32
, 175
, 128
, 79
, 201
, 6
, 68
, 139
, 123
, 84
, 78
, 129
, 81
, 126
, 22
, 185
, 3
, 204
, 18
, 189
, 184
, 23
, 12
, 195
, 42
, 165
, 59
, 148
, 103
, 104
, 13
, 194
, 2
, 205
, 6
, 201
, 65
, 142
, 32
, 175
, 43
, 164
, 78
, 129
, 16
, 191
, 82
, 125
, 166
, 41
, 129
, 78
, 125
, 82
, 150
, 57
, 54
, 153
, 147
, 60
, 121
, 86
, 185
, 22
, 76
, 131
, 92
, 115
, 137
, 70
, 88
, 119
, 128
, 79
, 172
, 35
, 144
, 63
, 79
, 128
, 137
, 70
, 112
, 95
, 41
, 166
, 82
, 125
, 148
, 59
, 47
, 160
, 160
, 47
, 52
, 155
, 41
, 166
, 16
, 191
, 72
, 135
, 139
, 68
, 52
, 155
, 150
, 57
, 105
, 102
, 87
, 120
, 134
, 73
, 57
, 150
, 150
, 57
, 24
, 183
, 107
, 100
, 200
, 7
, 130
, 77
, 187
, 20
, 61
, 146
, 62
, 145
, 5
, 202
, 105
, 102
, 161
, 46
, 46
, 161
, 107
, 100
, 72
, 135
, 59
, 148
, 19
, 188
, 169
, 38
, 123
, 84
, 172
, 35
, 199
, 8
, 112
, 95
, 185
, 22
, 73
, 134
, 127
, 80
, 197
, 10
, 29
, 178
, 31
, 176
, 90
, 117
, 97
, 110
, 90
, 117
, 59
, 148
, 197
, 10
, 57
, 150
, 107
, 100
, 42
, 165
, 82
, 125
, 18
, 189
, 4
, 203
, 88
, 119
, 58
, 149
, 131
, 76
, 164
, 43
, 203
, 4
, 63
, 144
, 198
, 9
, 128
, 79
, 68
, 139
, 140
, 67
, 158
, 49
, 96
, 111
, 7
, 200
, 103
, 104
, 74
, 133
, 8
, 199
, 98
, 109
, 153
, 54
, 1
, 206
, 149
, 58
, 41
, 166
, 149
, 58
, 124
, 83
, 186
, 21
, 40
, 167
, 106
, 101
, 92
, 115
, 45
, 162
, 108
, 99
, 114
, 93
, 71
, 136
, 41
, 166
, 195
, 12
, 135
, 72
, 115
, 92
, 194
, 13
, 36
, 171
, 143
, 64
, 27
, 180
, 200
, 7
, 57
, 150
, 146
, 61
, 7
, 200
, 148
, 59
, 85
, 122
, 114
, 93
, 88
, 119
, 133
, 74
, 37
, 170
, 168
, 39
, 159
, 48
, 125
, 82
, 168
, 39
, 129
, 78
, 4
, 203
, 108
, 99
, 12
, 195
, 106
, 101
, 149
, 58
, 76
, 131
, 133
, 74
, 7
, 200
, 92
, 115
, 123
, 84
, 59
, 148
, 176
, 31
, 81
, 126
, 20
, 187
, 203
, 4
, 104
, 103
, 177
, 30
, 195
, 12
, 133
, 74
, 89
, 118
, 69
, 138
, 161
, 46
, 96
, 111
, 196
, 11
, 30
, 177
, 177
, 30
, 64
, 143
, 182
, 25
, 133
, 74
, 46
, 161
, 101
, 106
, 5
, 202
, 147
, 60
, 35
, 172
, 180
, 27
, 204
, 3
, 45
, 162
, 26
, 181
, 83
, 124
, 121
, 86
, 200
, 7
, 8
, 199
, 200
, 7
, 16
, 191
, 65
, 142
, 1
, 206
, 62
, 145
, 150
, 57
, 80
, 127
, 163
, 44
, 149
, 58
, 6
, 201
, 150
, 57
, 2
, 205
, 142
, 65
, 187
, 20
, 13
, 194
, 119
, 88
, 30
, 177
, 113
, 94
, 203
, 4
, 40
, 167
, 105
, 102
, 83
, 124
, 71
, 136
, 57
, 150
, 58
, 149
, 56
, 151
, 156
, 51
, 132
, 75
, 170
, 37
, 39
, 168
, 116
, 91
, 187
, 20
, 92
, 115
, 179
, 28
, 88
, 119
, 160
, 47
, 53
, 154
, 64
, 143
, 197
, 10
, 50
, 157
, 173
, 34
, 27
, 180
, 132
, 75
, 97
, 110
, 75
, 132
, 108
, 99
, 13
, 194
, 194
, 13
, 161
, 46
, 142
, 65
, 26
, 181
, 70
, 137
, 122
, 85
, 202
, 5
, 112
, 95
, 177
, 30
, 39
, 168
, 68
, 139
, 139
, 68
, 105
, 102
, 149
, 58
, 118
, 89
, 20
, 187
, 166
, 41
, 199
, 8
, 80
, 127
, 94
, 113
, 154
, 53
, 175
, 32
, 3
, 204
, 33
, 174
, 28
, 179
, 34
, 173
, 79
, 128
, 52
, 155
, 35
, 172
, 24
, 183
, 156
, 51
, 25
, 182
, 110
, 97
, 60
, 147
, 22
, 185
, 152
, 55
, 75
, 132
, 203
, 4
, 75
, 132
, 62
, 145
, 121
, 86
, 112
, 95
, 113
, 94
, 161
, 46
, 32
, 175
, 193
, 14
, 201
, 6
, 14
, 193
, 101
, 106
, 10
, 197
, 140
, 67
, 75
, 132
, 40
, 167
, 106
, 101
, 115
, 92
, 53
, 154
, 126
, 81
, 127
, 80
, 78
, 129
, 180
, 27
, 5
, 202
, 132
, 75
, 125
, 82
, 153
, 54
, 41
, 166
, 96
, 111
, 203
, 4
, 118
, 89
, 129
, 78
, 41
, 166
, 59
, 148
, 83
, 124
, 77
, 130
, 169
, 38
, 130
, 77
, 127
, 80
, 143
, 64
, 132
, 75
, 155
, 52
, 94
, 113
, 63
, 144
, 136
, 71
, 69
, 138
, 40
, 167
, 158
, 49
, 94
, 113
, 127
, 80
, 48
, 159
, 131
, 76
, 172
, 35
, 5
, 202
, 189
, 18
, 30
, 177
, 127
, 80
, 129
, 78
, 205
, 2
, 6
, 201
, 164
, 43
, 62
, 145
, 61
, 146
, 153
, 54
, 50
, 157
, 138
, 69
, 77
, 130
, 19
, 188
, 21
, 186
, 53
, 154
, 188
, 19
, 166
, 41
, 40
, 167
, 131
, 76
, 165
, 42
, 151
, 56
, 9
, 198
, 76
, 131
, 120
, 87
, 163
, 44
, 44
, 163
, 167
, 40
, 76
, 131
, 204
, 3
, 114
, 93
, 33
, 174
, 64
, 143
, 144
, 63
, 157
, 50
, 104
, 103
, 80
, 127
, 89
, 118
, 48
, 159
, 92
, 115
, 92
, 115
, 200
, 7
, 70
, 137
, 13
, 194
, 114
, 93
, 48
, 159
, 118
, 89
, 104
, 103
, 148
, 59
, 157
, 50
, 133
, 74
, 46
, 161
, 8
, 199
, 52
, 155
, 130
, 77
, 194
, 13
, 148
, 59
, 1
, 206
