
1670
, 124
, 95
, 183
, 36
, 179
, 40
, 188
, 31
, 111
, 108
, 26
, 193
, 40
, 179
, 189
, 30
, 50
, 169
, 192
, 27
, 71
, 148
, 129
, 90
, 92
, 127
, 106
, 113
, 213
, 6
, 114
, 105
, 162
, 57
, 201
, 18
, 11
, 208
, 92
, 127
, 76
, 143
, 153
, 66
, 159
, 60
, 66
, 153
, 36
, 183
, 37
, 182
, 154
, 65
, 186
, 33
, 171
, 48
, 5
, 214
, 104
, 115
, 67
, 152
, 96
, 123
, 184
, 35
, 27
, 192
, 2
, 217
, 112
, 107
, 76
, 143
, 68
, 151
, 146
, 73
, 212
, 7
, 15
, 204
, 119
, 100
, 144
, 75
, 159
, 60
, 87
, 132
, 19
, 200
, 18
, 201
, 171
, 48
, 165
, 54
, 40
, 179
, 138
, 81
, 1
, 218
, 151
, 68
, 217
, 2
, 98
, 121
, 133
, 86
, 20
, 199
, 43
, 176
, 54
, 165
, 2
, 217
, 31
, 188
, 1
, 218
, 199
, 20
, 73
, 146
, 99
, 120
, 67
, 152
, 111
, 108
, 69
, 150
, 83
, 136
, 129
, 90
, 160
, 59
, 204
, 15
, 120
, 99
, 142
, 77
, 190
, 29
, 204
, 15
, 126
, 93
, 177
, 42
, 26
, 193
, 110
, 109
, 101
, 118
, 22
, 197
, 173
, 46
, 120
, 99
, 129
, 90
, 168
, 51
, 146
, 73
, 175
, 44
, 187
, 32
, 140
, 79
, 26
, 193
, 216
, 3
, 65
, 154
, 122
, 97
, 1
, 218
, 156
, 63
, 2
, 217
, 59
, 160
, 164
, 55
, 63
, 156
, 87
, 132
, 43
, 176
, 206
, 13
, 100
, 119
, 149
, 70
, 14
, 205
, 15
, 204
, 115
, 104
, 207
, 12
, 199
, 20
, 20
, 199
, 215
, 4
, 75
, 144
, 86
, 133
, 189
, 30
, 137
, 82
, 93
, 126
, 98
, 121
, 3
, 216
, 38
, 181
, 44
, 175
, 197
, 22
, 20
, 199
, 196
, 23
, 26
, 193
, 23
, 196
, 195
, 24
, 119
, 100
, 35
, 184
, 105
, 114
, 89
, 130
, 116
, 103
, 165
, 54
, 109
, 110
, 53
, 166
, 4
, 215
, 130
, 89
, 203
, 16
, 201
, 18
, 152
, 67
, 34
, 185
, 85
, 134
, 149
, 70
, 72
, 147
, 90
, 129
, 25
, 194
, 78
, 141
, 196
, 23
, 49
, 170
, 125
, 94
, 98
, 121
, 181
, 38
, 52
, 167
, 123
, 96
, 192
, 27
, 126
, 93
, 217
, 2
, 52
, 167
, 182
, 37
, 156
, 63
, 182
, 37
, 9
, 210
, 120
, 99
, 115
, 104
, 60
, 159
, 11
, 208
, 99
, 120
, 202
, 17
, 188
, 31
, 108
, 111
, 82
, 137
, 25
, 194
, 152
, 67
, 170
, 49
, 170
, 49
, 27
, 192
, 109
, 110
, 37
, 182
, 199
, 20
, 32
, 187
, 115
, 104
, 64
, 155
, 160
, 59
, 157
, 62
, 23
, 196
, 135
, 84
, 36
, 183
, 14
, 205
, 214
, 5
, 182
, 37
, 21
, 198
, 41
, 178
, 111
, 108
, 161
, 58
, 59
, 160
, 22
, 197
, 112
, 107
, 26
, 193
, 12
, 207
, 207
, 12
, 81
, 138
, 195
, 24
, 213
, 6
, 106
, 113
, 103
, 116
, 183
, 36
, 201
, 18
, 62
, 157
, 90
, 129
, 163
, 56
, 139
, 80
, 160
, 59
, 121
, 98
, 110
, 109
, 97
, 122
, 16
, 203
, 14
, 205
, 2
, 217
, 155
, 64
, 51
, 168
, 41
, 178
, 19
, 200
, 178
, 41
, 31
, 188
, 41
, 178
, 173
, 46
, 210
, 9
, 13
, 206
, 171
, 48
, 76
, 143
, 79
, 140
, 69
, 150
, 112
, 107
, 115
, 104
, 105
, 114
, 91
, 128
, 203
, 16
, 6
, 213
, 18
, 201
, 66
, 153
, 58
, 161
, 106
, 113
, 130
, 89
, 155
, 64
, 16
, 203
, 111
, 108
, 91
, 128
, 87
, 132
, 26
, 193
, 38
, 181
, 73
, 146
, 109
, 110
, 88
, 131
, 48
, 171
, 74
, 145
, 124
, 95
, 110
, 109
, 158
, 61
, 58
, 161
, 164
, 55
, 117
, 102
, 79
, 140
, 172
, 47
, 93
, 126
, 202
, 17
, 46
, 173
, 47
, 172
, 116
, 103
, 146
, 73
, 118
, 101
, 51
, 168
, 89
, 130
, 123
, 96
, 215
, 4
, 170
, 49
, 206
, 13
, 179
, 40
, 124
, 95
, 102
, 117
, 138
, 81
, 94
, 125
, 136
, 83
, 93
, 126
, 184
, 35
, 214
, 5
, 4
, 215
, 6
, 213
, 25
, 194
, 34
, 185
, 120
, 99
, 185
, 34
, 42
, 177
, 116
, 103
, 20
, 199
, 2
, 217
, 159
, 60
, 194
, 25
, 121
, 98
, 88
, 131
, 4
, 215
, 45
, 174
, 44
, 175
, 31
, 188
, 75
, 144
, 162
, 57
, 157
, 62
, 200
, 19
, 142
, 77
, 49
, 170
, 34
, 185
, 135
, 84
, 102
, 117
, 118
, 101
, 115
, 104
, 170
, 49
, 185
, 34
, 56
, 163
, 201
, 18
, 118
, 101
, 195
, 24
, 80
, 139
, 33
, 186
, 89
, 130
, 192
, 27
, 8
, 211
, 110
, 109
, 43
, 176
, 174
, 45
, 21
, 198
, 108
, 111
, 49
, 170
, 100
, 119
, 17
, 202
, 15
, 204
, 126
, 93
, 180
, 39
, 178
, 41
, 48
, 171
, 165
, 54
, 162
, 57
, 15
, 204
, 172
, 47
, 214
, 5
, 26
, 193
, 171
, 48
, 57
, 162
, 178
, 41
, 72
, 147
, 63
, 156
, 108
, 111
, 18
, 201
, 182
, 37
, 171
, 48
, 155
, 64
, 121
, 98
, 164
, 55
, 211
, 8
, 24
, 195
, 175
, 44
, 186
, 33
, 160
, 59
, 64
, 155
, 212
, 7
, 209
, 10
, 101
, 118
, 24
, 195
, 135
, 84
, 13
, 206
, 100
, 119
, 151
, 68
, 29
, 190
, 68
, 151
, 134
, 85
, 102
, 117
, 89
, 130
, 159
, 60
, 25
, 194
, 199
, 20
, 120
, 99
, 163
, 56
, 145
, 74
, 210
, 9
, 10
, 209
, 40
, 179
, 161
, 58
, 160
, 59
, 160
, 59
, 93
, 126
, 213
, 6
, 166
, 53
, 29
, 190
, 13
, 206
, 93
, 126
, 48
, 171
, 19
, 200
, 137
, 82
, 140
, 79
, 49
, 170
, 88
, 131
, 104
, 115
, 46
, 173
, 99
, 120
, 67
, 152
, 20
, 199
, 173
, 46
, 155
, 64
, 176
, 43
, 92
, 127
, 44
, 175
, 20
, 199
, 74
, 145
, 189
, 30
, 101
, 118
, 89
, 130
, 171
, 48
, 163
, 56
, 98
, 121
, 99
, 120
, 156
, 63
, 178
, 41
, 188
, 31
, 206
, 13
, 57
, 162
, 59
, 160
, 2
, 217
, 196
, 23
, 83
, 136
, 129
, 90
, 211
, 8
, 215
, 4
, 155
, 64
, 141
, 78
, 144
, 75
, 32
, 187
, 208
, 11
, 50
, 169
, 196
, 23
, 10
, 209
, 109
, 110
, 93
, 126
, 62
, 157
, 189
, 30
, 193
, 26
, 143
, 76
, 139
, 80
, 18
, 201
, 140
, 79
, 37
, 182
, 140
, 79
, 177
, 42
, 201
, 18
, 12
, 207
, 61
, 158
, 131
, 88
, 137
, 82
, 110
, 109
, 12
, 207
, 75
, 144
, 47
, 172
, 29
, 190
, 117
, 102
, 160
, 59
, 211
, 8
, 172
, 47
, 131
, 88
, 157
, 62
, 84
, 135
, 156
, 63
, 30
, 189
, 68
, 151
, 92
, 127
, 168
, 51
, 97
, 122
, 215
, 4
, 59
, 160
, 38
, 181
, 43
, 176
, 217
, 2
, 56
, 163
, 95
, 124
, 145
, 74
, 152
, 67
, 177
, 42
, 24
, 195
, 5
, 214
, 80
, 139
, 112
, 107
, 117
, 102
, 92
, 127
, 121
, 98
, 84
, 135
, 13
, 206
, 211
, 8
, 46
, 173
, 160
, 59
, 62
, 157
, 186
, 33
, 135
, 84
, 85
, 134
, 138
, 81
, 20
, 199
, 197
, 22
, 46
, 173
, 74
, 145
, 51
, 168
, 42
, 177
, 77
, 142
, 2
, 217
, 34
, 185
, 111
, 108
, 172
, 47
, 86
, 133
, 111
, 108
, 52
, 167
, 104
, 115
, 117
, 102
, 54
, 165
, 113
, 106
, 202
, 17
, 111
, 108
, 25
, 194
, 180
, 39
, 17
, 202
, 106
, 113
, 216
, 3
, 95
, 124
, 77
, 142
, 13
, 206
, 29
, 190
, 44
, 175
, 75
, 144
, 65
, 154
, 141
, 78
, 127
, 92
, 119
, 100
, 119
, 100
, 19
, 200
, 39
, 180
, 109
, 110
, 209
, 10
, 75
, 144
, 101
, 118
, 143
, 76
, 128
, 91
, 94
, 125
, 128
, 91
, 36
, 183
, 210
, 9
, 154
, 65
, 158
, 61
, 170
, 49
, 90
, 129
, 41
, 178
, 135
, 84
, 200
, 19
, 26
, 193
, 188
, 31
, 78
, 141
, 101
, 118
, 170
, 49
, 132
, 87
, 117
, 102
, 19
, 200
, 11
, 208
, 151
, 68
, 78
, 141
, 66
, 153
, 56
, 163
, 45
, 174
, 97
, 122
, 96
, 123
, 64
, 155
, 99
, 120
, 76
, 143
, 107
, 112
, 199
, 20
, 84
, 135
, 52
, 167
, 115
, 104
, 95
, 124
, 171
, 48
, 197
, 22
, 125
, 94
, 179
, 40
, 196
, 23
, 29
, 190
, 28
, 191
, 9
, 210
, 189
, 30
, 67
, 152
, 217
, 2
, 61
, 158
, 135
, 84
, 30
, 189
, 16
, 203
, 135
, 84
, 50
, 169
, 164
, 55
, 153
, 66
, 186
, 33
, 86
, 133
, 118
, 101
, 169
, 50
, 193
, 26
, 112
, 107
, 23
, 196
, 187
, 32
, 184
, 35
, 66
, 153
, 141
, 78
, 98
, 121
, 20
, 199
, 8
, 211
, 128
, 91
, 21
, 198
, 99
, 120
, 200
, 19
, 164
, 55
, 78
, 141
, 168
, 51
, 136
, 83
, 43
, 176
, 143
, 76
, 206
, 13
, 86
, 133
, 22
, 197
, 205
, 14
, 104
, 115
, 40
, 179
, 133
, 86
, 150
, 69
, 123
, 96
, 159
, 60
, 18
, 201
, 197
, 22
, 172
, 47
, 198
, 21
, 124
, 95
, 160
, 59
, 81
, 138
, 196
, 23
, 172
, 47
, 89
, 130
, 68
, 151
, 191
, 28
, 188
, 31
, 52
, 167
, 14
, 205
, 36
, 183
, 19
, 200
, 47
, 172
, 85
, 134
, 105
, 114
, 16
, 203
, 176
, 43
, 198
, 21
, 101
, 118
, 208
, 11
, 170
, 49
, 188
, 31
, 12
, 207
, 198
, 21
, 125
, 94
, 26
, 193
, 89
, 130
, 217
, 2
, 195
, 24
, 76
, 143
, 103
, 116
, 194
, 25
, 201
, 18
, 59
, 160
, 180
, 39
, 93
, 126
, 167
, 52
, 104
, 115
, 140
, 79
, 30
, 189
, 174
, 45
, 139
, 80
, 144
, 75
, 114
, 105
, 158
, 61
, 110
, 109
, 108
, 111
, 34
, 185
, 153
, 66
, 104
, 115
, 18
, 201
, 60
, 159
, 173
, 46
, 206
, 13
, 169
, 50
, 152
, 67
, 120
, 99
, 77
, 142
, 199
, 20
, 183
, 36
, 115
, 104
, 80
, 139
, 39
, 180
, 110
, 109
, 77
, 142
, 34
, 185
, 129
, 90
, 49
, 170
, 184
, 35
, 126
, 93
, 115
, 104
, 92
, 127
, 133
, 86
, 97
, 122
, 192
, 27
, 1
, 218
, 70
, 149
, 35
, 184
, 78
, 141
, 194
, 25
, 160
, 59
, 45
, 174
, 20
, 199
, 75
, 144
, 104
, 115
, 211
, 8
, 209
, 10
, 64
, 155
, 110
, 109
, 203
, 16
, 26
, 193
, 68
, 151
, 42
, 177
, 91
, 128
, 112
, 107
, 189
, 30
, 197
, 22
, 66
, 153
, 25
, 194
, 102
, 117
, 124
, 95
, 122
, 97
, 42
, 177
, 74
, 145
, 21
, 198
, 106
, 113
, 145
, 74
, 182
, 37
, 70
, 149
, 6
, 213
, 178
, 41
, 18
, 201
, 81
, 138
, 169
, 50
, 212
, 7
, 47
, 172
, 55
, 164
, 120
, 99
, 66
, 153
, 86
, 133
, 30
, 189
, 13
, 206
, 29
, 190
, 83
, 136
, 105
, 114
, 41
, 178
, 56
, 163
, 94
, 125
, 64
, 155
, 32
, 187
, 196
, 23
, 187
, 32
, 181
, 38
, 3
, 216
, 137
, 82
, 75
, 144
, 31
, 188
, 174
, 45
, 50
, 169
, 155
, 64
, 115
, 104
, 196
, 23
, 141
, 78
, 169
, 50
, 101
, 118
, 114
, 105
, 176
, 43
, 6
, 213
, 46
, 173
, 113
, 106
, 145
, 74
, 18
, 201
, 12
, 207
, 125
, 94
, 191
, 28
, 188
, 31
, 217
, 2
, 65
, 154
, 39
, 180
, 205
, 14
, 98
, 121
, 11
, 208
, 217
, 2
, 57
, 162
, 148
, 71
, 50
, 169
, 16
, 203
, 34
, 185
, 94
, 125
, 49
, 170
, 75
, 144
, 76
, 143
, 30
, 189
, 112
, 107
, 97
, 122
, 63
, 156
, 217
, 2
, 19
, 200
, 118
, 101
, 116
, 103
, 177
, 42
, 168
, 51
, 64
, 155
, 150
, 69
, 31
, 188
, 90
, 129
, 55
, 164
, 46
, 173
, 165
, 54
, 24
, 195
, 13
, 206
, 167
, 52
, 99
, 120
, 98
, 121
, 106
, 113
, 87
, 132
, 132
, 87
, 70
, 149
, 93
, 126
, 144
, 75
, 212
, 7
, 214
, 5
, 81
, 138
, 79
, 140
, 38
, 181
, 164
, 55
, 39
, 180
, 183
, 36
, 9
, 210
, 64
, 155
, 90
, 129
, 21
, 198
, 185
, 34
, 1
, 218
, 194
, 25
, 74
, 145
, 10
, 209
, 43
, 176
, 8
, 211
, 9
, 210
, 166
, 53
, 36
, 183
, 49
, 170
, 68
, 151
, 84
, 135
, 2
, 217
, 141
, 78
, 30
, 189
, 191
, 28
, 140
, 79
, 121
, 98
, 67
, 152
, 20
, 199
, 36
, 183
, 21
, 198
, 41
, 178
, 10
, 209
, 117
, 102
, 134
, 85
, 21
, 198
, 215
, 4
, 152
, 67
, 145
, 74
, 56
, 163
, 11
, 208
, 73
, 146
, 182
, 37
, 179
, 40
, 104
, 115
, 27
, 192
, 217
, 2
, 141
, 78
, 139
, 80
, 41
, 178
, 97
, 122
, 98
, 121
, 34
, 185
, 96
, 123
, 48
, 171
, 94
, 125
, 27
, 192
, 148
, 71
, 28
, 191
, 123
, 96
, 79
, 140
, 181
, 38
, 109
, 110
, 71
, 148
, 171
, 48
, 186
, 33
, 90
, 129
, 120
, 99
, 162
, 57
, 179
, 40
, 210
, 9
, 181
, 38
, 54
, 165
, 81
, 138
, 75
, 144
, 183
, 36
, 164
, 55
, 136
, 83
, 181
, 38
, 62
, 157
, 125
, 94
, 1
, 218
, 174
, 45
, 152
, 67
, 215
, 4
, 84
, 135
, 104
, 115
, 169
, 50
, 76
, 143
, 200
, 19
, 210
, 9
, 58
, 161
, 25
, 194
, 124
, 95
, 161
, 58
, 121
, 98
, 83
, 136
, 62
, 157
, 118
, 101
, 28
, 191
, 131
, 88
, 88
, 131
, 53
, 166
, 100
, 119
, 124
, 95
, 152
, 67
, 171
, 48
, 184
, 35
, 142
, 77
, 214
, 5
, 179
, 40
, 201
, 18
, 21
, 198
, 190
, 29
, 36
, 183
, 31
, 188
, 33
, 186
, 10
, 209
, 80
, 139
, 201
, 18
, 97
, 122
, 101
, 118
, 178
, 41
, 93
, 126
, 18
, 201
, 157
, 62
, 176
, 43
, 204
, 15
, 179
, 40
, 9
, 210
, 29
, 190
, 119
, 100
, 8
, 211
, 107
, 112
, 29
, 190
, 3
, 216
, 52
, 167
, 136
, 83
, 152
, 67
, 185
, 34
, 205
, 14
, 31
, 188
, 121
, 98
, 16
, 203
, 195
, 24
, 17
, 202
, 25
, 194
, 74
, 145
, 41
, 178
, 130
, 89
, 110
, 109
, 58
, 161
, 213
, 6
, 173
, 46
, 147
, 72
, 214
, 5
, 95
, 124
, 72
, 147
, 63
, 156
, 27
, 192
, 125
, 94
, 28
, 191
, 131
, 88
, 153
, 66
, 5
, 214
, 118
, 101
, 55
, 164
, 81
, 138
, 207
, 12
, 107
, 112
, 185
, 34
, 80
, 139
, 8
, 211
, 88
, 131
, 153
, 66
, 145
, 74
, 46
, 173
, 81
, 138
, 72
, 147
, 173
, 46
, 7
, 212
, 111
, 108
, 77
, 142
, 57
, 162
, 195
, 24
, 148
, 71
, 87
, 132
, 141
, 78
, 47
, 172
, 160
, 59
, 6
, 213
, 58
, 161
, 155
, 64
, 99
, 120
, 18
, 201
, 172
, 47
, 190
, 29
, 52
, 167
, 171
, 48
, 180
, 39
, 103
, 116
, 118
, 101
, 195
, 24
, 157
, 62
, 99
, 120
, 141
, 78
, 163
, 56
, 195
, 24
, 95
, 124
, 131
, 88
, 58
, 161
, 45
, 174
, 28
, 191
, 31
, 188
, 46
, 173
, 28
, 191
, 76
, 143
, 7
, 212
, 135
, 84
, 201
, 18
, 147
, 72
, 206
, 13
, 112
, 107
, 44
, 175
, 191
, 28
, 136
, 83
, 143
, 76
, 176
, 43
, 170
, 49
, 130
, 89
, 183
, 36
, 80
, 139
, 3
, 216
, 100
, 119
, 69
, 150
, 37
, 182
, 68
, 151
, 1
, 218
, 69
, 150
, 59
, 160
, 122
, 97
, 46
, 173
, 184
, 35
, 123
, 96
, 146
, 73
, 181
, 38
, 161
, 58
, 175
, 44
, 171
, 48
, 216
, 3
, 44
, 175
, 124
, 95
, 159
, 60
, 114
, 105
, 27
, 192
, 3
, 216
, 153
, 66
, 172
, 47
, 5
, 214
, 78
, 141
, 16
, 203
, 95
, 124
, 79
, 140
, 178
, 41
, 211
, 8
, 92
, 127
, 55
, 164
, 204
, 15
, 86
, 133
, 123
, 96
, 80
, 139
, 91
, 128
, 88
, 131
, 156
, 63
, 72
, 147
, 47
, 172
, 75
, 144
, 189
, 30
, 143
, 76
, 208
, 11
, 209
, 10
, 41
, 178
, 93
, 126
, 73
, 146
, 43
, 176
, 179
, 40
, 26
, 193
, 210
, 9
, 15
, 204
, 21
, 198
, 55
, 164
, 9
, 210
, 75
, 144
, 182
, 37
, 116
, 103
, 115
, 104
, 148
, 71
, 155
, 64
, 53
, 166
, 80
, 139
, 127
, 92
, 52
, 167
, 210
, 9
, 149
, 70
, 196
, 23
, 104
, 115
, 55
, 164
, 113
, 106
, 173
, 46
, 159
, 60
, 138
, 81
, 198
, 21
, 58
, 161
, 158
, 61
, 74
, 145
, 169
, 50
, 139
, 80
, 188
, 31
, 130
, 89
, 160
, 59
, 167
, 52
, 152
, 67
, 91
, 128
, 98
, 121
, 75
, 144
, 46
, 173
, 205
, 14
, 96
, 123
, 11
, 208
, 157
, 62
, 121
, 98
, 173
, 46
, 180
, 39
, 201
, 18
, 216
, 3
, 123
, 96
, 12
, 207
, 13
, 206
, 205
, 14
, 202
, 17
, 18
, 201
, 11
, 208
, 172
, 47
, 76
, 143
, 25
, 194
, 199
, 20
, 92
, 127
, 105
, 114
, 183
, 36
, 149
, 70
, 67
, 152
, 155
, 64
, 81
, 138
, 150
, 69
, 36
, 183
, 196
, 23
, 131
, 88
, 140
, 79
, 34
, 185
, 113
, 106
, 152
, 67
, 26
, 193
, 20
, 199
, 39
, 180
, 155
, 64
, 108
, 111
, 75
, 144
, 141
, 78
, 154
, 65
, 45
, 174
, 16
, 203
, 179
, 40
, 152
, 67
, 120
, 99
, 60
, 159
, 191
, 28
, 25
, 194
, 192
, 27
, 146
, 73
, 62
, 157
, 28
, 191
, 139
, 80
, 98
, 121
, 199
, 20
, 147
, 72
, 61
, 158
, 127
, 92
, 25
, 194
, 30
, 189
, 196
, 23
, 146
, 73
, 82
, 137
, 171
, 48
, 86
, 133
, 172
, 47
, 132
, 87
, 107
, 112
, 164
, 55
, 5
, 214
, 14
, 205
, 196
, 23
, 103
, 116
, 135
, 84
, 54
, 165
, 206
, 13
, 196
, 23
, 124
, 95
, 65
, 154
, 107
, 112
, 120
, 99
, 120
, 99
, 115
, 104
, 25
, 194
, 69
, 150
, 98
, 121
, 197
, 22
, 171
, 48
, 19
, 200
, 209
, 10
, 200
, 19
, 204
, 15
, 193
, 26
, 192
, 27
, 83
, 136
, 186
, 33
, 141
, 78
, 14
, 205
, 182
, 37
, 157
, 62
, 88
, 131
, 55
, 164
, 198
, 21
, 148
, 71
, 43
, 176
, 95
, 124
, 116
, 103
, 97
, 122
, 36
, 183
, 31
, 188
, 178
, 41
, 122
, 97
, 132
, 87
, 188
, 31
, 133
, 86
, 186
, 33
, 47
, 172
, 3
, 216
, 139
, 80
, 137
, 82
, 23
, 196
, 26
, 193
, 199
, 20
, 56
, 163
, 108
, 111
, 62
, 157
, 151
, 68
, 2
, 217
, 144
, 75
, 182
, 37
, 42
, 177
, 143
, 76
, 39
, 180
, 42
, 177
, 214
, 5
, 211
, 8
, 50
, 169
, 176
, 43
, 96
, 123
, 77
, 142
, 34
, 185
, 39
, 180
, 148
, 71
, 20
, 199
, 30
, 189
, 209
, 10
, 185
, 34
, 193
, 26
, 215
, 4
, 103
, 116
, 59
, 160
, 169
, 50
, 203
, 16
, 159
, 60
, 108
, 111
, 18
, 201
, 108
, 111
, 51
, 168
, 111
, 108
, 213
, 6
, 8
, 211
, 85
, 134
, 1
, 218
, 37
, 182
, 14
, 205
, 81
, 138
, 202
, 17
, 184
, 35
, 16
, 203
, 96
, 123
, 155
, 64
, 156
, 63
, 113
, 106
, 206
, 13
, 10
, 209
, 70
, 149
, 204
, 15
, 131
, 88
, 101
, 118
, 129
, 90
, 61
, 158
, 107
, 112
, 76
, 143
, 213
, 6
, 91
, 128
, 127
, 92
, 34
, 185
, 152
, 67
, 39
, 180
, 113
, 106
, 68
, 151
, 32
, 187
, 190
, 29
, 194
, 25
, 5
, 214
, 130
, 89
, 143
, 76
, 20
, 199
, 44
, 175
, 116
, 103
, 97
, 122
, 190
, 29
, 69
, 150
, 96
, 123
, 43
, 176
, 35
, 184
, 78
, 141
, 181
, 38
, 145
, 74
, 201
, 18
, 113
, 106
, 115
, 104
, 168
, 51
, 86
, 133
, 14
, 205
, 10
, 209
, 1
, 218
, 105
, 114
, 198
, 21
, 150
, 69
, 121
, 98
, 186
, 33
, 48
, 171
, 21
, 198
, 93
, 126
, 140
, 79
, 205
, 14
, 202
, 17
, 67
, 152
, 46
, 173
, 203
, 16
, 22
, 197
, 173
, 46
, 50
, 169
, 149
, 70
, 105
, 114
, 157
, 62
, 190
, 29
, 154
, 65
, 133
, 86
, 27
, 192
, 210
, 9
, 150
, 69
, 94
, 125
, 139
, 80
, 80
, 139
, 210
, 9
, 109
, 110
, 153
, 66
, 182
, 37
, 148
, 71
, 8
, 211
, 143
, 76
, 146
, 73
, 36
, 183
, 171
, 48
, 72
, 147
, 120
, 99
, 82
, 137
, 111
, 108
, 96
, 123
, 196
, 23
, 108
, 111
, 177
, 42
, 25
, 194
, 150
, 69
, 204
, 15
, 57
, 162
, 176
, 43
, 167
, 52
, 152
, 67
, 75
, 144
, 127
, 92
, 142
, 77
, 42
, 177
, 9
, 210
, 122
, 97
, 85
, 134
, 176
, 43
, 34
, 185
, 62
, 157
, 184
, 35
, 163
, 56
, 159
, 60
, 101
, 118
, 51
, 168
, 76
, 143
, 50
, 169
, 12
, 207
, 167
, 52
, 110
, 109
, 56
, 163
, 81
, 138
, 4
, 215
, 187
, 32
, 152
, 67
, 188
, 31
, 164
, 55
, 7
, 212
, 15
, 204
, 16
, 203
, 194
, 25
, 23
, 196
, 117
, 102
, 119
, 100
, 52
, 167
, 26
, 193
, 74
, 145
, 17
, 202
, 121
, 98
, 52
, 167
, 161
, 58
, 90
, 129
, 217
, 2
, 55
, 164
, 56
, 163
, 154
, 65
, 154
, 65
, 216
, 3
, 4
, 215
, 133
, 86
, 194
, 25
, 60
, 159
, 195
, 24
, 44
, 175
, 199
, 20
, 157
, 62
, 177
, 42
, 148
, 71
, 188
, 31
, 135
, 84
, 183
, 36
, 110
, 109
, 121
, 98
, 173
, 46
, 160
, 59
, 50
, 169
, 59
, 160
, 42
, 177
, 157
, 62
, 12
, 207
, 169
, 50
, 24
, 195
, 216
, 3
, 101
, 118
, 10
, 209
, 76
, 143
, 96
, 123
, 90
, 129
, 176
, 43
, 37
, 182
, 87
, 132
, 163
, 56
, 102
, 117
, 199
, 20
, 115
, 104
, 138
, 81
, 170
, 49
, 131
, 88
, 99
, 120
, 83
, 136
, 172
, 47
, 87
, 132
, 20
, 199
, 6
, 213
, 142
, 77
, 160
, 59
, 189
, 30
, 171
, 48
, 32
, 187
, 165
, 54
, 15
, 204
, 17
, 202
, 68
, 151
, 85
, 134
, 79
, 140
, 195
, 24
, 78
, 141
, 114
, 105
, 180
, 39
, 153
, 66
, 3
, 216
, 160
, 59
, 213
, 6
, 187
, 32
, 119
, 100
, 105
, 114
, 171
, 48
, 112
, 107
, 14
, 205
, 107
, 112
, 180
, 39
, 73
, 146
, 60
, 159
, 198
, 21
, 211
, 8
, 63
, 156
, 138
, 81
, 121
, 98
, 131
, 88
, 170
, 49
, 143
, 76
, 111
, 108
, 159
, 60
, 35
, 184
, 9
, 210
, 30
, 189
, 149
, 70
, 90
, 129
, 45
, 174
, 144
, 75
, 217
, 2
, 208
, 11
, 1
, 218
, 126
, 93
, 16
, 203
, 24
, 195
, 48
, 171
, 87
, 132
, 101
, 118
, 138
, 81
, 190
, 29
, 154
, 65
, 176
, 43
, 170
, 49
, 215
, 4
, 18
, 201
, 201
, 18
, 200
, 19
, 171
, 48
, 198
, 21
, 54
, 165
, 34
, 185
, 207
, 12
, 133
, 86
, 17
, 202
, 200
, 19
, 7
, 212
, 155
, 64
, 208
, 11
, 114
, 105
, 124
, 95
, 124
, 95
, 113
, 106
, 9
, 210
, 203
, 16
, 2
, 217
, 190
, 29
, 217
, 2
, 141
, 78
, 144
, 75
, 196
, 23
, 137
, 82
, 132
, 87
, 30
, 189
, 205
, 14
, 80
, 139
, 122
, 97
, 140
, 79
, 152
, 67
, 196
, 23
, 198
, 21
, 179
, 40
, 65
, 154
, 17
, 202
, 25
, 194
, 156
, 63
, 213
, 6
, 204
, 15
, 205
, 14
, 196
, 23
, 66
, 153
, 182
, 37
, 164
, 55
, 22
, 197
, 40
, 179
, 15
, 204
, 47
, 172
, 37
, 182
, 108
, 111
, 124
, 95
, 68
, 151
, 190
, 29
, 151
, 68
, 147
, 72
, 210
, 9
, 89
, 130
, 123
, 96
, 89
, 130
, 159
, 60
, 37
, 182
, 196
, 23
, 206
, 13
, 17
, 202
, 135
, 84
, 67
, 152
, 96
, 123
, 64
, 155
