
1680
, 225
, 15
, 23
, 217
, 203
, 37
, 135
, 105
, 107
, 133
, 64
, 176
, 159
, 81
, 160
, 80
, 143
, 97
, 228
, 12
, 210
, 30
, 12
, 228
, 185
, 55
, 174
, 66
, 74
, 166
, 166
, 74
, 126
, 114
, 191
, 49
, 113
, 127
, 166
, 74
, 155
, 85
, 193
, 47
, 171
, 69
, 102
, 138
, 65
, 175
, 169
, 71
, 184
, 56
, 235
, 5
, 60
, 180
, 238
, 2
, 220
, 20
, 2
, 238
, 75
, 165
, 197
, 43
, 71
, 169
, 198
, 42
, 182
, 58
, 151
, 89
, 105
, 135
, 215
, 25
, 223
, 17
, 56
, 184
, 92
, 148
, 191
, 49
, 172
, 68
, 168
, 72
, 220
, 20
, 174
, 66
, 57
, 183
, 102
, 138
, 204
, 36
, 150
, 90
, 154
, 86
, 135
, 105
, 229
, 11
, 49
, 191
, 88
, 152
, 102
, 138
, 72
, 168
, 69
, 171
, 154
, 86
, 27
, 213
, 49
, 191
, 226
, 14
, 200
, 40
, 176
, 64
, 185
, 55
, 74
, 166
, 197
, 43
, 23
, 217
, 6
, 234
, 238
, 2
, 173
, 67
, 50
, 190
, 66
, 174
, 156
, 84
, 183
, 57
, 210
, 30
, 164
, 76
, 33
, 207
, 90
, 150
, 42
, 198
, 25
, 215
, 198
, 42
, 232
, 8
, 93
, 147
, 171
, 69
, 86
, 154
, 187
, 53
, 7
, 233
, 230
, 10
, 203
, 37
, 84
, 156
, 169
, 71
, 76
, 164
, 188
, 52
, 14
, 226
, 208
, 32
, 27
, 213
, 178
, 62
, 189
, 51
, 125
, 115
, 211
, 29
, 105
, 135
, 13
, 227
, 108
, 132
, 199
, 41
, 52
, 188
, 63
, 177
, 116
, 124
, 186
, 54
, 175
, 65
, 137
, 103
, 177
, 63
, 221
, 19
, 146
, 94
, 173
, 67
, 184
, 56
, 178
, 62
, 172
, 68
, 184
, 56
, 167
, 73
, 145
, 95
, 54
, 186
, 27
, 213
, 101
, 139
, 98
, 142
, 70
, 170
, 158
, 82
, 45
, 195
, 199
, 41
, 226
, 14
, 144
, 96
, 46
, 194
, 226
, 14
, 88
, 152
, 212
, 28
, 12
, 228
, 51
, 189
, 234
, 6
, 3
, 237
, 9
, 231
, 168
, 72
, 127
, 113
, 13
, 227
, 3
, 237
, 32
, 208
, 44
, 196
, 219
, 21
, 135
, 105
, 16
, 224
, 139
, 101
, 121
, 119
, 105
, 135
, 179
, 61
, 144
, 96
, 229
, 11
, 237
, 3
, 114
, 126
, 149
, 91
, 118
, 122
, 117
, 123
, 102
, 138
, 30
, 210
, 9
, 231
, 133
, 107
, 105
, 135
, 163
, 77
, 222
, 18
, 157
, 83
, 20
, 220
, 224
, 16
, 103
, 137
, 147
, 93
, 204
, 36
, 232
, 8
, 221
, 19
, 69
, 171
, 145
, 95
, 145
, 95
, 37
, 203
, 231
, 9
, 47
, 193
, 208
, 32
, 164
, 76
, 60
, 180
, 169
, 71
, 134
, 106
, 59
, 181
, 131
, 109
, 45
, 195
, 95
, 145
, 194
, 46
, 205
, 35
, 38
, 202
, 41
, 199
, 148
, 92
, 110
, 130
, 211
, 29
, 95
, 145
, 30
, 210
, 6
, 234
, 75
, 165
, 194
, 46
, 198
, 42
, 165
, 75
, 230
, 10
, 221
, 19
, 176
, 64
, 28
, 212
, 82
, 158
, 50
, 190
, 172
, 68
, 42
, 198
, 35
, 205
, 8
, 232
, 167
, 73
, 224
, 16
, 133
, 107
, 11
, 229
, 177
, 63
, 148
, 92
, 220
, 20
, 96
, 144
, 137
, 103
, 77
, 163
, 108
, 132
, 146
, 94
, 171
, 69
, 199
, 41
, 72
, 168
, 28
, 212
, 186
, 54
, 50
, 190
, 106
, 134
, 120
, 120
, 39
, 201
, 152
, 88
, 59
, 181
, 234
, 6
, 122
, 118
, 194
, 46
, 206
, 34
, 159
, 81
, 173
, 67
, 35
, 205
, 199
, 41
, 132
, 108
, 227
, 13
, 93
, 147
, 71
, 169
, 207
, 33
, 60
, 180
, 91
, 149
, 203
, 37
, 45
, 195
, 232
, 8
, 52
, 188
, 166
, 74
, 103
, 137
, 59
, 181
, 87
, 153
, 153
, 87
, 1
, 239
, 123
, 117
, 200
, 40
, 207
, 33
, 213
, 27
, 74
, 166
, 93
, 147
, 38
, 202
, 65
, 175
, 56
, 184
, 118
, 122
, 186
, 54
, 189
, 51
, 132
, 108
, 227
, 13
, 95
, 145
, 183
, 57
, 135
, 105
, 11
, 229
, 75
, 165
, 48
, 192
, 134
, 106
, 31
, 209
, 236
, 4
, 111
, 129
, 69
, 171
, 50
, 190
, 213
, 27
, 78
, 162
, 70
, 170
, 155
, 85
, 193
, 47
, 1
, 239
, 43
, 197
, 74
, 166
, 201
, 39
, 99
, 141
, 70
, 170
, 158
, 82
, 49
, 191
, 29
, 211
, 232
, 8
, 186
, 54
, 154
, 86
, 205
, 35
, 156
, 84
, 163
, 77
, 45
, 195
, 223
, 17
, 176
, 64
, 27
, 213
, 142
, 98
, 74
, 166
, 234
, 6
, 42
, 198
, 138
, 102
, 9
, 231
, 26
, 214
, 137
, 103
, 40
, 200
, 151
, 89
, 5
, 235
, 169
, 71
, 200
, 40
, 151
, 89
, 158
, 82
, 137
, 103
, 145
, 95
, 158
, 82
, 60
, 180
, 192
, 48
, 171
, 69
, 68
, 172
, 217
, 23
, 145
, 95
, 153
, 87
, 5
, 235
, 178
, 62
, 89
, 151
, 182
, 58
, 171
, 69
, 107
, 133
, 236
, 4
, 213
, 27
, 175
, 65
, 171
, 69
, 199
, 41
, 65
, 175
, 133
, 107
, 111
, 129
, 50
, 190
, 140
, 100
, 18
, 222
, 37
, 203
, 17
, 223
, 153
, 87
, 152
, 88
, 57
, 183
, 37
, 203
, 96
, 144
, 60
, 180
, 55
, 185
, 68
, 172
, 82
, 158
, 139
, 101
, 64
, 176
, 61
, 179
, 141
, 99
, 58
, 182
, 229
, 11
, 55
, 185
, 89
, 151
, 163
, 77
, 53
, 187
, 221
, 19
, 131
, 109
, 187
, 53
, 158
, 82
, 120
, 120
, 200
, 40
, 213
, 27
, 221
, 19
, 1
, 239
, 191
, 49
, 96
, 144
, 207
, 33
, 83
, 157
, 110
, 130
, 183
, 57
, 134
, 106
, 204
, 36
, 157
, 83
, 110
, 130
, 26
, 214
, 127
, 113
, 23
, 217
, 12
, 228
, 200
, 40
, 34
, 206
, 21
, 219
, 216
, 24
, 77
, 163
, 109
, 131
, 122
, 118
, 86
, 154
, 143
, 97
, 202
, 38
, 166
, 74
, 198
, 42
, 115
, 125
, 92
, 148
, 102
, 138
, 167
, 73
, 194
, 46
, 121
, 119
, 164
, 76
, 68
, 172
, 166
, 74
, 188
, 52
, 162
, 78
, 104
, 136
, 76
, 164
, 131
, 109
, 141
, 99
, 205
, 35
, 30
, 210
, 68
, 172
, 8
, 232
, 44
, 196
, 73
, 167
, 107
, 133
, 90
, 150
, 22
, 218
, 141
, 99
, 125
, 115
, 93
, 147
, 140
, 100
, 103
, 137
, 236
, 4
, 111
, 129
, 180
, 60
, 218
, 22
, 74
, 166
, 222
, 18
, 114
, 126
, 202
, 38
, 231
, 9
, 64
, 176
, 42
, 198
, 140
, 100
, 161
, 79
, 230
, 10
, 118
, 122
, 192
, 48
, 151
, 89
, 53
, 187
, 30
, 210
, 143
, 97
, 14
, 226
, 26
, 214
, 225
, 15
, 48
, 192
, 153
, 87
, 27
, 213
, 166
, 74
, 238
, 2
, 3
, 237
, 80
, 160
, 10
, 230
, 136
, 104
, 97
, 143
, 81
, 159
, 172
, 68
, 47
, 193
, 5
, 235
, 198
, 42
, 121
, 119
, 186
, 54
, 65
, 175
, 114
, 126
, 181
, 59
, 175
, 65
, 168
, 72
, 95
, 145
, 89
, 151
, 24
, 216
, 202
, 38
, 47
, 193
, 121
, 119
, 161
, 79
, 50
, 190
, 199
, 41
, 63
, 177
, 30
, 210
, 145
, 95
, 147
, 93
, 36
, 204
, 226
, 14
, 222
, 18
, 224
, 16
, 84
, 156
, 85
, 155
, 81
, 159
, 145
, 95
, 16
, 224
, 26
, 214
, 72
, 168
, 167
, 73
, 71
, 169
, 101
, 139
, 167
, 73
, 161
, 79
, 139
, 101
, 21
, 219
, 152
, 88
, 60
, 180
, 112
, 128
, 82
, 158
, 138
, 102
, 80
, 160
, 21
, 219
, 96
, 144
, 154
, 86
, 47
, 193
, 10
, 230
, 174
, 66
, 119
, 121
, 207
, 33
, 47
, 193
, 210
, 30
, 126
, 114
, 131
, 109
, 24
, 216
, 150
, 90
, 71
, 169
, 56
, 184
, 46
, 194
, 62
, 178
, 196
, 44
, 192
, 48
, 3
, 237
, 40
, 200
, 110
, 130
, 56
, 184
, 107
, 133
, 109
, 131
, 167
, 73
, 135
, 105
, 90
, 150
, 123
, 117
, 123
, 117
, 156
, 84
, 119
, 121
, 217
, 23
, 171
, 69
, 126
, 114
, 113
, 127
, 124
, 116
, 48
, 192
, 112
, 128
, 177
, 63
, 118
, 122
, 142
, 98
, 19
, 221
, 147
, 93
, 222
, 18
, 119
, 121
, 199
, 41
, 214
, 26
, 167
, 73
, 171
, 69
, 221
, 19
, 27
, 213
, 62
, 178
, 11
, 229
, 50
, 190
, 80
, 160
, 109
, 131
, 199
, 41
, 160
, 80
, 88
, 152
, 107
, 133
, 86
, 154
, 147
, 93
, 71
, 169
, 198
, 42
, 83
, 157
, 217
, 23
, 124
, 116
, 193
, 47
, 231
, 9
, 206
, 34
, 7
, 233
, 71
, 169
, 196
, 44
, 207
, 33
, 170
, 70
, 28
, 212
, 93
, 147
, 41
, 199
, 123
, 117
, 62
, 178
, 38
, 202
, 125
, 115
, 125
, 115
, 203
, 37
, 139
, 101
, 125
, 115
, 157
, 83
, 211
, 29
, 25
, 215
, 60
, 180
, 198
, 42
, 2
, 238
, 7
, 233
, 182
, 58
, 4
, 236
, 79
, 161
, 85
, 155
, 198
, 42
, 227
, 13
, 43
, 197
, 101
, 139
, 106
, 134
, 57
, 183
, 11
, 229
, 123
, 117
, 9
, 231
, 158
, 82
, 183
, 57
, 136
, 104
, 206
, 34
, 46
, 194
, 14
, 226
, 130
, 110
, 73
, 167
, 59
, 181
, 205
, 35
, 104
, 136
, 231
, 9
, 73
, 167
, 182
, 58
, 119
, 121
, 29
, 211
, 14
, 226
, 234
, 6
, 2
, 238
, 101
, 139
, 83
, 157
, 78
, 162
, 96
, 144
, 126
, 114
, 141
, 99
, 72
, 168
, 29
, 211
, 23
, 217
, 65
, 175
, 196
, 44
, 203
, 37
, 38
, 202
, 167
, 73
, 64
, 176
, 169
, 71
, 50
, 190
, 24
, 216
, 123
, 117
, 61
, 179
, 169
, 71
, 38
, 202
, 226
, 14
, 12
, 228
, 114
, 126
, 213
, 27
, 89
, 151
, 171
, 69
, 40
, 200
, 110
, 130
, 1
, 239
, 119
, 121
, 47
, 193
, 228
, 12
, 228
, 12
, 105
, 135
, 129
, 111
, 7
, 233
, 225
, 15
, 170
, 70
, 161
, 79
, 192
, 48
, 142
, 98
, 204
, 36
, 44
, 196
, 231
, 9
, 123
, 117
, 76
, 164
, 137
, 103
, 168
, 72
, 210
, 30
, 164
, 76
, 116
, 124
, 155
, 85
, 91
, 149
, 237
, 3
, 157
, 83
, 194
, 46
, 154
, 86
, 189
, 51
, 180
, 60
, 130
, 110
, 119
, 121
, 234
, 6
, 182
, 58
, 179
, 61
, 232
, 8
, 55
, 185
, 128
, 112
, 156
, 84
, 110
, 130
, 79
, 161
, 215
, 25
, 78
, 162
, 132
, 108
, 7
, 233
, 195
, 45
, 64
, 176
, 211
, 29
, 146
, 94
, 23
, 217
, 207
, 33
, 46
, 194
, 207
, 33
, 64
, 176
, 82
, 158
, 110
, 130
, 189
, 51
, 1
, 239
, 24
, 216
, 95
, 145
, 184
, 56
, 99
, 141
, 111
, 129
, 203
, 37
, 84
, 156
, 5
, 235
, 126
, 114
, 88
, 152
, 109
, 131
, 168
, 72
, 99
, 141
, 208
, 32
, 3
, 237
, 223
, 17
, 68
, 172
, 103
, 137
, 45
, 195
, 194
, 46
, 200
, 40
, 29
, 211
, 179
, 61
, 65
, 175
, 43
, 197
, 123
, 117
, 224
, 16
, 126
, 114
, 34
, 206
, 72
, 168
, 183
, 57
, 55
, 185
, 237
, 3
, 60
, 180
, 48
, 192
, 178
, 62
, 97
, 143
, 209
, 31
, 140
, 100
, 220
, 20
, 126
, 114
, 128
, 112
, 166
, 74
, 220
, 20
, 237
, 3
, 154
, 86
, 136
, 104
, 223
, 17
, 183
, 57
, 229
, 11
, 227
, 13
, 183
, 57
, 216
, 24
, 214
, 26
, 226
, 14
, 176
, 64
, 56
, 184
, 68
, 172
, 233
, 7
, 219
, 21
, 51
, 189
, 181
, 59
, 219
, 21
, 162
, 78
, 106
, 134
, 163
, 77
, 207
, 33
, 75
, 165
, 84
, 156
, 32
, 208
, 196
, 44
, 78
, 162
, 178
, 62
, 58
, 182
, 95
, 145
, 56
, 184
, 149
, 91
, 229
, 11
, 189
, 51
, 56
, 184
, 201
, 39
, 90
, 150
, 53
, 187
, 11
, 229
, 204
, 36
, 54
, 186
, 157
, 83
, 104
, 136
, 3
, 237
, 225
, 15
, 127
, 113
, 215
, 25
, 234
, 6
, 154
, 86
, 60
, 180
, 223
, 17
, 29
, 211
, 53
, 187
, 193
, 47
, 59
, 181
, 124
, 116
, 72
, 168
, 43
, 197
, 192
, 48
, 82
, 158
, 83
, 157
, 149
, 91
, 61
, 179
, 1
, 239
, 167
, 73
, 75
, 165
, 82
, 158
, 231
, 9
, 214
, 26
, 6
, 234
, 196
, 44
, 112
, 128
, 69
, 171
, 98
, 142
, 147
, 93
, 112
, 128
, 66
, 174
, 124
, 116
, 192
, 48
, 79
, 161
, 6
, 234
, 130
, 110
, 63
, 177
, 39
, 201
, 232
, 8
, 57
, 183
, 67
, 173
, 157
, 83
, 98
, 142
, 167
, 73
, 171
, 69
, 74
, 166
, 212
, 28
, 197
, 43
, 18
, 222
, 19
, 221
, 10
, 230
, 35
, 205
, 39
, 201
, 51
, 189
, 32
, 208
, 31
, 209
, 164
, 76
, 208
, 32
, 121
, 119
, 56
, 184
, 21
, 219
, 147
, 93
, 147
, 93
, 34
, 206
, 10
, 230
, 52
, 188
, 232
, 8
, 150
, 90
, 65
, 175
, 15
, 225
, 95
, 145
, 158
, 82
, 59
, 181
, 201
, 39
, 186
, 54
, 200
, 40
, 49
, 191
, 150
, 90
, 192
, 48
, 206
, 34
, 172
, 68
, 16
, 224
, 18
, 222
, 163
, 77
, 56
, 184
, 91
, 149
, 49
, 191
, 86
, 154
, 50
, 190
, 66
, 174
, 117
, 123
, 215
, 25
, 101
, 139
, 129
, 111
, 23
, 217
, 162
, 78
, 37
, 203
, 67
, 173
, 218
, 22
, 48
, 192
, 188
, 52
, 15
, 225
, 40
, 200
, 189
, 51
, 123
, 117
, 131
, 109
, 217
, 23
, 60
, 180
, 106
, 134
, 151
, 89
, 227
, 13
, 65
, 175
, 60
, 180
, 198
, 42
, 165
, 75
, 69
, 171
, 27
, 213
, 23
, 217
, 218
, 22
, 128
, 112
, 32
, 208
, 229
, 11
, 133
, 107
, 194
, 46
, 152
, 88
, 229
, 11
, 218
, 22
, 236
, 4
, 227
, 13
, 37
, 203
, 73
, 167
, 89
, 151
, 204
, 36
, 78
, 162
, 131
, 109
, 117
, 123
, 71
, 169
, 112
, 128
, 17
, 223
, 145
, 95
, 145
, 95
, 53
, 187
, 75
, 165
, 169
, 71
, 125
, 115
, 229
, 11
, 139
, 101
, 105
, 135
, 226
, 14
, 75
, 165
, 149
, 91
, 114
, 126
, 43
, 197
, 129
, 111
, 47
, 193
, 228
, 12
, 120
, 120
, 184
, 56
, 142
, 98
, 14
, 226
, 135
, 105
, 207
, 33
, 126
, 114
, 108
, 132
, 80
, 160
, 80
, 160
, 184
, 56
, 200
, 40
, 219
, 21
, 230
, 10
, 222
, 18
, 107
, 133
, 74
, 166
, 21
, 219
, 196
, 44
, 33
, 207
, 227
, 13
, 48
, 192
, 83
, 157
, 211
, 29
, 232
, 8
, 227
, 13
, 49
, 191
, 136
, 104
, 37
, 203
, 77
, 163
, 18
, 222
, 92
, 148
, 69
, 171
, 54
, 186
, 56
, 184
, 97
, 143
, 76
, 164
, 79
, 161
, 185
, 55
, 27
, 213
, 87
, 153
, 138
, 102
, 118
, 122
, 90
, 150
, 94
, 146
, 171
, 69
, 110
, 130
, 46
, 194
, 114
, 126
, 11
, 229
, 226
, 14
, 18
, 222
, 232
, 8
, 206
, 34
, 16
, 224
, 168
, 72
, 236
, 4
, 219
, 21
, 123
, 117
, 46
, 194
, 120
, 120
, 139
, 101
, 163
, 77
, 90
, 150
, 91
, 149
, 84
, 156
, 110
, 130
, 92
, 148
, 102
, 138
, 10
, 230
, 24
, 216
, 125
, 115
, 58
, 182
, 161
, 79
, 58
, 182
, 127
, 113
, 219
, 21
, 131
, 109
, 126
, 114
, 69
, 171
, 24
, 216
, 181
, 59
, 227
, 13
, 72
, 168
, 81
, 159
, 210
, 30
, 58
, 182
, 153
, 87
, 183
, 57
, 149
, 91
, 231
, 9
, 36
, 204
, 188
, 52
, 25
, 215
, 36
, 204
, 74
, 166
, 150
, 90
, 163
, 77
, 47
, 193
, 88
, 152
, 197
, 43
, 153
, 87
, 181
, 59
, 128
, 112
, 83
, 157
, 22
, 218
, 47
, 193
, 11
, 229
, 28
, 212
, 102
, 138
, 101
, 139
, 132
, 108
, 59
, 181
, 14
, 226
, 78
, 162
, 98
, 142
, 144
, 96
, 144
, 96
, 81
, 159
, 230
, 10
, 210
, 30
, 47
, 193
, 146
, 94
, 215
, 25
, 196
, 44
, 153
, 87
, 149
, 91
, 76
, 164
, 5
, 235
, 192
, 48
, 41
, 199
, 193
, 47
, 154
, 86
, 178
, 62
, 79
, 161
, 105
, 135
, 32
, 208
, 62
, 178
, 92
, 148
, 69
, 171
, 148
, 92
, 82
, 158
, 96
, 144
, 218
, 22
, 212
, 28
, 75
, 165
, 160
, 80
, 183
, 57
, 54
, 186
, 234
, 6
, 42
, 198
, 174
, 66
, 184
, 56
, 13
, 227
, 133
, 107
, 170
, 70
, 187
, 53
, 169
, 71
, 122
, 118
, 137
, 103
, 138
, 102
, 54
, 186
, 72
, 168
, 79
, 161
, 219
, 21
, 34
, 206
, 146
, 94
, 165
, 75
, 110
, 130
, 187
, 53
, 97
, 143
, 35
, 205
, 195
, 45
, 197
, 43
, 136
, 104
, 213
, 27
, 156
, 84
, 54
, 186
, 65
, 175
, 82
, 158
, 94
, 146
, 193
, 47
, 81
, 159
, 220
, 20
, 67
, 173
, 7
, 233
, 176
, 64
, 197
, 43
, 237
, 3
, 111
, 129
, 196
, 44
, 120
, 120
, 208
, 32
, 71
, 169
, 26
, 214
, 198
, 42
, 162
, 78
, 122
, 118
, 180
, 60
, 175
, 65
, 154
, 86
, 192
, 48
, 60
, 180
, 105
, 135
, 171
, 69
, 184
, 56
, 157
, 83
, 234
, 6
, 186
, 54
, 183
, 57
, 3
, 237
, 23
, 217
, 166
, 74
, 232
, 8
, 232
, 8
, 20
, 220
, 152
, 88
, 88
, 152
, 159
, 81
, 224
, 16
, 205
, 35
, 128
, 112
, 57
, 183
, 163
, 77
, 141
, 99
, 8
, 232
, 188
, 52
, 148
, 92
, 41
, 199
, 166
, 74
, 152
, 88
, 104
, 136
, 164
, 76
, 204
, 36
, 174
, 66
, 228
, 12
, 158
, 82
, 236
, 4
, 26
, 214
, 34
, 206
, 4
, 236
, 210
, 30
, 196
, 44
, 75
, 165
, 11
, 229
, 58
, 182
, 220
, 20
, 225
, 15
, 22
, 218
, 20
, 220
, 137
, 103
, 94
, 146
, 194
, 46
, 130
, 110
, 76
, 164
, 52
, 188
, 137
, 103
, 181
, 59
, 34
, 206
, 2
, 238
, 218
, 22
, 64
, 176
, 139
, 101
, 142
, 98
, 19
, 221
, 113
, 127
, 41
, 199
, 209
, 31
, 31
, 209
, 62
, 178
, 151
, 89
, 124
, 116
, 178
, 62
, 78
, 162
, 63
, 177
, 216
, 24
, 94
, 146
, 63
, 177
, 145
, 95
, 2
, 238
, 19
, 221
, 77
, 163
, 58
, 182
, 180
, 60
, 229
, 11
, 203
, 37
, 131
, 109
, 124
, 116
, 35
, 205
, 92
, 148
, 100
, 140
, 3
, 237
, 187
, 53
, 18
, 222
, 150
, 90
, 118
, 122
, 138
, 102
, 228
, 12
, 163
, 77
, 47
, 193
, 103
, 137
, 10
, 230
, 111
, 129
, 76
, 164
, 122
, 118
, 192
, 48
, 30
, 210
, 30
, 210
, 1
, 239
, 95
, 145
, 158
, 82
, 230
, 10
, 36
, 204
, 133
, 107
, 124
, 116
, 205
, 35
, 181
, 59
, 125
, 115
, 93
, 147
, 154
, 86
, 224
, 16
, 197
, 43
, 154
, 86
, 199
, 41
, 161
, 79
, 96
, 144
, 63
, 177
, 229
, 11
, 13
, 227
, 96
, 144
, 106
, 134
, 225
, 15
, 97
, 143
, 147
, 93
, 232
, 8
, 195
, 45
, 211
, 29
, 230
, 10
, 153
, 87
, 222
, 18
, 183
, 57
, 150
, 90
, 108
, 132
, 237
, 3
, 131
, 109
, 94
, 146
, 127
, 113
, 60
, 180
, 164
, 76
, 99
, 141
, 106
, 134
, 219
, 21
, 78
, 162
, 93
, 147
, 13
, 227
, 117
, 123
, 203
, 37
, 143
, 97
, 61
, 179
, 12
, 228
, 236
, 4
, 48
, 192
, 129
, 111
, 218
, 22
, 223
, 17
, 54
, 186
, 14
, 226
, 76
, 164
, 77
, 163
, 139
, 101
, 39
, 201
, 83
, 157
, 116
, 124
, 181
, 59
, 124
, 116
, 151
, 89
, 149
, 91
, 107
, 133
, 90
, 150
, 208
, 32
, 77
, 163
, 9
, 231
, 33
, 207
, 3
, 237
, 206
, 34
, 171
, 69
, 89
, 151
, 164
, 76
, 185
, 55
, 171
, 69
, 149
, 91
, 227
, 13
, 152
, 88
, 63
, 177
, 96
, 144
, 192
, 48
, 176
, 64
, 225
, 15
, 227
, 13
, 107
, 133
, 106
, 134
, 108
, 132
, 118
, 122
, 162
, 78
, 216
, 24
, 54
, 186
, 77
, 163
, 85
, 155
, 96
, 144
, 184
, 56
, 134
, 106
, 162
, 78
, 219
, 21
, 137
, 103
, 16
, 224
, 57
, 183
, 91
, 149
, 13
, 227
, 93
, 147
, 147
, 93
, 50
, 190
, 210
, 30
, 122
, 118
, 139
, 101
, 94
, 146
, 213
, 27
, 176
, 64
, 235
, 5
, 224
, 16
, 126
, 114
, 169
, 71
, 35
, 205
, 55
, 185
, 80
, 160
, 109
, 131
, 138
, 102
, 171
, 69
, 11
, 229
, 66
, 174
, 194
, 46
, 95
, 145
, 211
, 29
, 124
, 116
, 105
, 135
, 103
, 137
, 184
, 56
, 92
, 148
, 77
, 163
, 195
, 45
, 124
, 116
, 24
, 216
, 215
, 25
, 68
, 172
, 72
, 168
, 75
, 165
, 75
, 165
, 188
, 52
, 31
, 209
, 210
, 30
, 108
, 132
, 198
, 42
, 116
, 124
, 147
, 93
, 222
, 18
, 103
, 137
, 171
, 69
, 96
, 144
, 136
, 104
, 219
, 21
, 67
, 173
, 235
, 5
, 196
, 44
, 204
, 36
, 65
, 175
, 127
, 113
, 29
, 211
, 191
, 49
, 109
, 131
, 208
, 32
, 138
, 102
, 167
, 73
, 146
, 94
, 62
, 178
, 22
, 218
, 237
, 3
, 118
, 122
, 190
, 50
, 194
, 46
, 13
, 227
, 54
, 186
, 43
, 197
, 223
, 17
, 142
, 98
, 71
, 169
, 44
, 196
, 32
, 208
, 233
, 7
, 45
, 195
, 139
, 101
, 233
, 7
, 25
, 215
, 26
, 214
, 176
, 64
, 147
, 93
, 28
, 212
, 1
, 239
, 2
, 238
, 92
, 148
, 148
, 92
, 6
, 234
, 154
, 86
, 203
, 37
, 208
, 32
, 143
, 97
, 8
, 232
, 21
, 219
, 146
, 94
, 14
, 226
, 55
, 185
, 232
, 8
, 206
, 34
, 202
, 38
, 128
, 112
, 40
, 200
, 111
, 129
, 66
, 174
, 93
, 147
, 68
, 172
, 112
, 128
, 179
, 61
, 26
, 214
, 3
, 237
, 34
, 206
, 172
, 68
, 29
, 211
, 19
, 221
, 59
, 181
, 153
, 87
, 141
, 99
, 100
, 140
, 116
, 124
, 149
, 91
, 15
, 225
, 65
, 175
, 15
, 225
, 207
, 33
, 87
, 153
, 37
, 203
, 77
, 163
, 95
, 145
, 198
, 42
, 209
, 31
, 96
, 144
, 191
, 49
, 90
, 150
, 46
, 194
, 33
, 207
, 165
, 75
, 80
, 160
, 162
, 78
, 120
, 120
, 4
, 236
, 36
, 204
, 30
, 210
, 47
, 193
, 114
, 126
, 20
, 220
, 12
, 228
, 199
, 41
, 186
, 54
, 26
, 214
, 102
, 138
, 182
, 58
, 204
, 36
, 36
, 204
, 119
, 121
, 178
, 62
, 59
, 181
, 124
, 116
, 164
, 76
, 116
, 124
, 83
, 157
, 34
, 206
, 234
, 6
, 153
, 87
, 148
, 92
, 126
, 114
, 193
, 47
, 60
, 180
, 107
, 133
, 115
, 125
, 91
, 149
, 17
, 223
, 25
, 215
, 47
, 193
, 202
, 38
, 178
, 62
, 24
, 216
, 162
, 78
, 235
, 5
, 169
, 71
, 109
, 131
, 14
, 226
, 190
, 50
, 10
, 230
, 37
, 203
, 180
, 60
, 165
, 75
, 157
, 83
, 143
, 97
, 70
, 170
, 156
, 84
, 196
, 44
, 97
, 143
, 130
, 110
, 57
, 183
, 126
, 114
, 170
, 70
, 153
, 87
, 152
, 88
, 236
, 4
, 190
, 50
, 80
, 160
, 57
, 183
, 22
, 218
, 67
, 173
, 79
, 161
, 5
, 235
, 134
, 106
, 162
, 78
, 179
, 61
, 194
, 46
, 155
, 85
, 64
, 176
, 118
, 122
, 69
, 171
, 63
, 177
, 42
, 198
, 140
, 100
, 17
, 223
, 91
, 149
, 170
, 70
, 32
, 208
, 238
, 2
, 194
, 46
, 34
, 206
, 148
, 92
, 54
, 186
, 62
, 178
, 214
, 26
, 158
, 82
, 167
, 73
, 209
, 31
, 81
, 159
, 151
, 89
, 43
, 197
, 19
, 221
, 232
, 8
, 23
, 217
, 224
, 16
, 84
, 156
, 108
, 132
, 28
, 212
, 124
, 116
, 22
, 218
, 49
, 191
, 172
, 68
, 163
, 77
, 117
, 123
, 198
, 42
, 39
, 201
, 212
, 28
, 79
, 161
, 90
, 150
, 156
, 84
, 191
, 49
, 97
, 143
, 232
, 8
, 227
, 13
, 157
, 83
, 181
, 59
, 12
, 228
, 217
, 23
, 234
, 6
, 231
, 9
, 208
, 32
, 227
, 13
, 78
, 162
, 192
, 48
, 122
, 118
, 101
, 139
, 218
, 22
, 50
, 190
, 226
, 14
