
1730
, 123
, 41
, 15
, 149
, 2
, 162
, 47
, 117
, 72
, 92
, 41
, 123
, 48
, 116
, 151
, 13
, 98
, 66
, 47
, 117
, 85
, 79
, 108
, 56
, 115
, 49
, 54
, 110
, 150
, 14
, 61
, 103
, 120
, 44
, 122
, 42
, 22
, 142
, 38
, 126
, 145
, 19
, 70
, 94
, 95
, 69
, 157
, 7
, 110
, 54
, 72
, 92
, 8
, 156
, 10
, 154
, 130
, 34
, 54
, 110
, 142
, 22
, 12
, 152
, 120
, 44
, 57
, 107
, 88
, 76
, 156
, 8
, 1
, 163
, 153
, 11
, 60
, 104
, 108
, 56
, 155
, 9
, 73
, 91
, 37
, 127
, 117
, 47
, 88
, 76
, 95
, 69
, 68
, 96
, 41
, 123
, 30
, 134
, 129
, 35
, 113
, 51
, 155
, 9
, 10
, 154
, 23
, 141
, 117
, 47
, 54
, 110
, 81
, 83
, 21
, 143
, 111
, 53
, 118
, 46
, 32
, 132
, 46
, 118
, 145
, 19
, 42
, 122
, 72
, 92
, 91
, 73
, 100
, 64
, 37
, 127
, 46
, 118
, 159
, 5
, 23
, 141
, 159
, 5
, 62
, 102
, 141
, 23
, 153
, 11
, 85
, 79
, 13
, 151
, 103
, 61
, 47
, 117
, 108
, 56
, 8
, 156
, 46
, 118
, 144
, 20
, 122
, 42
, 127
, 37
, 149
, 15
, 2
, 162
, 41
, 123
, 122
, 42
, 111
, 53
, 99
, 65
, 60
, 104
, 71
, 93
, 4
, 160
, 113
, 51
, 158
, 6
, 90
, 74
, 22
, 142
, 43
, 121
, 52
, 112
, 113
, 51
, 121
, 43
, 84
, 80
, 31
, 133
, 19
, 145
, 41
, 123
, 43
, 121
, 65
, 99
, 36
, 128
, 68
, 96
, 80
, 84
, 23
, 141
, 82
, 82
, 11
, 153
, 77
, 87
, 126
, 38
, 135
, 29
, 28
, 136
, 78
, 86
, 20
, 144
, 103
, 61
, 62
, 102
, 96
, 68
, 25
, 139
, 132
, 32
, 75
, 89
, 145
, 19
, 84
, 80
, 49
, 115
, 55
, 109
, 1
, 163
, 117
, 47
, 128
, 36
, 50
, 114
, 139
, 25
, 9
, 155
, 149
, 15
, 57
, 107
, 17
, 147
, 84
, 80
, 74
, 90
, 116
, 48
, 59
, 105
, 95
, 69
, 162
, 2
, 102
, 62
, 18
, 146
, 70
, 94
, 93
, 71
, 47
, 117
, 143
, 21
, 42
, 122
, 69
, 95
, 98
, 66
, 45
, 119
, 109
, 55
, 49
, 115
, 150
, 14
, 160
, 4
, 99
, 65
, 26
, 138
, 135
, 29
, 59
, 105
, 32
, 132
, 71
, 93
, 127
, 37
, 108
, 56
, 152
, 12
, 86
, 78
, 69
, 95
, 160
, 4
, 84
, 80
, 147
, 17
, 84
, 80
, 154
, 10
, 29
, 135
, 88
, 76
, 161
, 3
, 98
, 66
, 44
, 120
, 71
, 93
, 27
, 137
, 16
, 148
, 39
, 125
, 148
, 16
, 105
, 59
, 86
, 78
, 155
, 9
, 15
, 149
, 44
, 120
, 30
, 134
, 22
, 142
, 64
, 100
, 19
, 145
, 118
, 46
, 119
, 45
, 21
, 143
, 81
, 83
, 90
, 74
, 115
, 49
, 64
, 100
, 132
, 32
, 121
, 43
, 115
, 49
, 137
, 27
, 30
, 134
, 4
, 160
, 64
, 100
, 108
, 56
, 159
, 5
, 136
, 28
, 88
, 76
, 60
, 104
, 3
, 161
, 135
, 29
, 108
, 56
, 110
, 54
, 122
, 42
, 80
, 84
, 18
, 146
, 89
, 75
, 4
, 160
, 116
, 48
, 148
, 16
, 147
, 17
, 107
, 57
, 46
, 118
, 126
, 38
, 64
, 100
, 82
, 82
, 42
, 122
, 8
, 156
, 48
, 116
, 159
, 5
, 73
, 91
, 84
, 80
, 151
, 13
, 71
, 93
, 27
, 137
, 161
, 3
, 46
, 118
, 128
, 36
, 24
, 140
, 162
, 2
, 88
, 76
, 33
, 131
, 16
, 148
, 102
, 62
, 69
, 95
, 128
, 36
, 69
, 95
, 131
, 33
, 11
, 153
, 9
, 155
, 27
, 137
, 97
, 67
, 124
, 40
, 76
, 88
, 123
, 41
, 53
, 111
, 102
, 62
, 95
, 69
, 130
, 34
, 102
, 62
, 131
, 33
, 127
, 37
, 77
, 87
, 40
, 124
, 45
, 119
, 154
, 10
, 145
, 19
, 101
, 63
, 110
, 54
, 20
, 144
, 6
, 158
, 90
, 74
, 154
, 10
, 60
, 104
, 117
, 47
, 128
, 36
, 107
, 57
, 3
, 161
, 84
, 80
, 78
, 86
, 71
, 93
, 91
, 73
, 76
, 88
, 32
, 132
, 11
, 153
, 79
, 85
, 150
, 14
, 18
, 146
, 36
, 128
, 57
, 107
, 83
, 81
, 47
, 117
, 76
, 88
, 73
, 91
, 78
, 86
, 58
, 106
, 60
, 104
, 131
, 33
, 23
, 141
, 153
, 11
, 40
, 124
, 159
, 5
, 102
, 62
, 48
, 116
, 17
, 147
, 161
, 3
, 160
, 4
, 26
, 138
, 118
, 46
, 77
, 87
, 134
, 30
, 92
, 72
, 56
, 108
, 45
, 119
, 77
, 87
, 51
, 113
, 56
, 108
, 126
, 38
, 5
, 159
, 43
, 121
, 64
, 100
, 13
, 151
, 159
, 5
, 55
, 109
, 67
, 97
, 52
, 112
, 114
, 50
, 20
, 144
, 1
, 163
, 150
, 14
, 137
, 27
, 88
, 76
, 38
, 126
, 55
, 109
, 10
, 154
, 139
, 25
, 43
, 121
, 116
, 48
, 160
, 4
, 52
, 112
, 99
, 65
, 132
, 32
, 66
, 98
, 76
, 88
, 14
, 150
, 135
, 29
, 19
, 145
, 90
, 74
, 66
, 98
, 145
, 19
, 76
, 88
, 103
, 61
, 5
, 159
, 110
, 54
, 22
, 142
, 49
, 115
, 31
, 133
, 143
, 21
, 92
, 72
, 61
, 103
, 80
, 84
, 118
, 46
, 144
, 20
, 81
, 83
, 63
, 101
, 61
, 103
, 6
, 158
, 159
, 5
, 159
, 5
, 118
, 46
, 28
, 136
, 1
, 163
, 64
, 100
, 114
, 50
, 29
, 135
, 158
, 6
, 149
, 15
, 95
, 69
, 104
, 60
, 154
, 10
, 157
, 7
, 38
, 126
, 86
, 78
, 24
, 140
, 135
, 29
, 67
, 97
, 116
, 48
, 133
, 31
, 129
, 35
, 57
, 107
, 23
, 141
, 27
, 137
, 65
, 99
, 99
, 65
, 110
, 54
, 80
, 84
, 32
, 132
, 64
, 100
, 131
, 33
, 111
, 53
, 120
, 44
, 14
, 150
, 74
, 90
, 74
, 90
, 98
, 66
, 73
, 91
, 89
, 75
, 37
, 127
, 15
, 149
, 58
, 106
, 90
, 74
, 70
, 94
, 2
, 162
, 98
, 66
, 108
, 56
, 7
, 157
, 156
, 8
, 9
, 155
, 113
, 51
, 55
, 109
, 141
, 23
, 15
, 149
, 135
, 29
, 50
, 114
, 156
, 8
, 24
, 140
, 161
, 3
, 113
, 51
, 28
, 136
, 159
, 5
, 149
, 15
, 141
, 23
, 86
, 78
, 34
, 130
, 29
, 135
, 86
, 78
, 32
, 132
, 28
, 136
, 55
, 109
, 31
, 133
, 120
, 44
, 79
, 85
, 67
, 97
, 145
, 19
, 100
, 64
, 162
, 2
, 93
, 71
, 157
, 7
, 91
, 73
, 21
, 143
, 119
, 45
, 49
, 115
, 5
, 159
, 90
, 74
, 52
, 112
, 21
, 143
, 146
, 18
, 77
, 87
, 149
, 15
, 108
, 56
, 57
, 107
, 61
, 103
, 36
, 128
, 130
, 34
, 101
, 63
, 73
, 91
, 117
, 47
, 106
, 58
, 118
, 46
, 29
, 135
, 95
, 69
, 67
, 97
, 132
, 32
, 10
, 154
, 161
, 3
, 20
, 144
, 157
, 7
, 149
, 15
, 105
, 59
, 23
, 141
, 67
, 97
, 129
, 35
, 48
, 116
, 35
, 129
, 148
, 16
, 161
, 3
, 92
, 72
, 105
, 59
, 62
, 102
, 128
, 36
, 76
, 88
, 92
, 72
, 91
, 73
, 44
, 120
, 145
, 19
, 35
, 129
, 116
, 48
, 55
, 109
, 55
, 109
, 3
, 161
, 159
, 5
, 95
, 69
, 114
, 50
, 34
, 130
, 161
, 3
, 65
, 99
, 88
, 76
, 58
, 106
, 2
, 162
, 109
, 55
, 114
, 50
, 3
, 161
, 154
, 10
, 38
, 126
, 100
, 64
, 23
, 141
, 113
, 51
, 128
, 36
, 81
, 83
, 61
, 103
, 124
, 40
, 52
, 112
, 90
, 74
, 27
, 137
, 124
, 40
, 104
, 60
, 56
, 108
, 124
, 40
, 5
, 159
, 140
, 24
, 138
, 26
, 117
, 47
, 106
, 58
, 125
, 39
, 46
, 118
, 89
, 75
, 2
, 162
, 70
, 94
, 107
, 57
, 60
, 104
, 22
, 142
, 2
, 162
, 120
, 44
, 110
, 54
, 134
, 30
, 89
, 75
, 98
, 66
, 37
, 127
, 123
, 41
, 56
, 108
, 48
, 116
, 31
, 133
, 147
, 17
, 124
, 40
, 61
, 103
, 83
, 81
, 8
, 156
, 59
, 105
, 57
, 107
, 119
, 45
, 87
, 77
, 5
, 159
, 89
, 75
, 12
, 152
, 147
, 17
, 5
, 159
, 123
, 41
, 7
, 157
, 30
, 134
, 151
, 13
, 71
, 93
, 41
, 123
, 113
, 51
, 81
, 83
, 134
, 30
, 35
, 129
, 152
, 12
, 51
, 113
, 139
, 25
, 30
, 134
, 42
, 122
, 88
, 76
, 98
, 66
, 132
, 32
, 146
, 18
, 26
, 138
, 23
, 141
, 157
, 7
, 100
, 64
, 6
, 158
, 133
, 31
, 35
, 129
, 51
, 113
, 67
, 97
, 75
, 89
, 86
, 78
, 16
, 148
, 26
, 138
, 98
, 66
, 111
, 53
, 102
, 62
, 10
, 154
, 36
, 128
, 146
, 18
, 119
, 45
, 63
, 101
, 58
, 106
, 107
, 57
, 28
, 136
, 114
, 50
, 96
, 68
, 118
, 46
, 104
, 60
, 115
, 49
, 10
, 154
, 102
, 62
, 47
, 117
, 54
, 110
, 16
, 148
, 114
, 50
, 141
, 23
, 92
, 72
, 12
, 152
, 31
, 133
, 162
, 2
, 149
, 15
, 74
, 90
, 58
, 106
, 15
, 149
, 24
, 140
, 53
, 111
, 100
, 64
, 82
, 82
, 80
, 84
, 145
, 19
, 87
, 77
, 135
, 29
, 120
, 44
, 84
, 80
, 70
, 94
, 64
, 100
, 16
, 148
, 48
, 116
, 84
, 80
, 135
, 29
, 92
, 72
, 119
, 45
, 132
, 32
, 63
, 101
, 114
, 50
, 25
, 139
, 22
, 142
, 161
, 3
, 114
, 50
, 71
, 93
, 9
, 155
, 102
, 62
, 71
, 93
, 122
, 42
, 96
, 68
, 146
, 18
, 72
, 92
, 81
, 83
, 139
, 25
, 137
, 27
, 35
, 129
, 130
, 34
, 8
, 156
, 68
, 96
, 108
, 56
, 92
, 72
, 135
, 29
, 111
, 53
, 30
, 134
, 147
, 17
, 33
, 131
, 47
, 117
, 28
, 136
, 135
, 29
, 29
, 135
, 42
, 122
, 153
, 11
, 38
, 126
, 26
, 138
, 125
, 39
, 106
, 58
, 11
, 153
, 9
, 155
, 21
, 143
, 35
, 129
, 66
, 98
, 134
, 30
, 48
, 116
, 103
, 61
, 38
, 126
, 147
, 17
, 107
, 57
, 153
, 11
, 16
, 148
, 48
, 116
, 78
, 86
, 57
, 107
, 14
, 150
, 119
, 45
, 76
, 88
, 120
, 44
, 120
, 44
, 124
, 40
, 154
, 10
, 81
, 83
, 109
, 55
, 83
, 81
, 135
, 29
, 161
, 3
, 30
, 134
, 25
, 139
, 106
, 58
, 90
, 74
, 134
, 30
, 27
, 137
, 89
, 75
, 82
, 82
, 12
, 152
, 66
, 98
, 96
, 68
, 154
, 10
, 102
, 62
, 30
, 134
, 128
, 36
, 107
, 57
, 15
, 149
, 2
, 162
, 48
, 116
, 64
, 100
, 101
, 63
, 18
, 146
, 87
, 77
, 143
, 21
, 45
, 119
, 73
, 91
, 147
, 17
, 101
, 63
, 9
, 155
, 135
, 29
, 83
, 81
, 116
, 48
, 127
, 37
, 151
, 13
, 127
, 37
, 98
, 66
, 116
, 48
, 55
, 109
, 35
, 129
, 63
, 101
, 62
, 102
, 94
, 70
, 97
, 67
, 43
, 121
, 139
, 25
, 88
, 76
, 84
, 80
, 64
, 100
, 32
, 132
, 96
, 68
, 38
, 126
, 33
, 131
, 162
, 2
, 108
, 56
, 17
, 147
, 14
, 150
, 8
, 156
, 106
, 58
, 9
, 155
, 37
, 127
, 42
, 122
, 59
, 105
, 6
, 158
, 127
, 37
, 55
, 109
, 142
, 22
, 11
, 153
, 42
, 122
, 131
, 33
, 101
, 63
, 147
, 17
, 138
, 26
, 42
, 122
, 104
, 60
, 137
, 27
, 120
, 44
, 46
, 118
, 122
, 42
, 6
, 158
, 91
, 73
, 74
, 90
, 35
, 129
, 162
, 2
, 126
, 38
, 81
, 83
, 105
, 59
, 142
, 22
, 48
, 116
, 157
, 7
, 65
, 99
, 14
, 150
, 65
, 99
, 37
, 127
, 50
, 114
, 120
, 44
, 6
, 158
, 11
, 153
, 76
, 88
, 53
, 111
, 48
, 116
, 147
, 17
, 57
, 107
, 3
, 161
, 115
, 49
, 128
, 36
, 44
, 120
, 87
, 77
, 141
, 23
, 48
, 116
, 11
, 153
, 116
, 48
, 99
, 65
, 39
, 125
, 56
, 108
, 158
, 6
, 29
, 135
, 108
, 56
, 160
, 4
, 47
, 117
, 43
, 121
, 162
, 2
, 93
, 71
, 116
, 48
, 64
, 100
, 143
, 21
, 68
, 96
, 39
, 125
, 102
, 62
, 44
, 120
, 71
, 93
, 24
, 140
, 30
, 134
, 59
, 105
, 75
, 89
, 94
, 70
, 146
, 18
, 134
, 30
, 33
, 131
, 64
, 100
, 106
, 58
, 149
, 15
, 23
, 141
, 76
, 88
, 151
, 13
, 4
, 160
, 108
, 56
, 131
, 33
, 106
, 58
, 111
, 53
, 61
, 103
, 25
, 139
, 38
, 126
, 110
, 54
, 106
, 58
, 57
, 107
, 3
, 161
, 29
, 135
, 41
, 123
, 101
, 63
, 14
, 150
, 90
, 74
, 15
, 149
, 67
, 97
, 24
, 140
, 65
, 99
, 144
, 20
, 50
, 114
, 54
, 110
, 11
, 153
, 157
, 7
, 116
, 48
, 79
, 85
, 54
, 110
, 135
, 29
, 138
, 26
, 63
, 101
, 6
, 158
, 29
, 135
, 49
, 115
, 75
, 89
, 18
, 146
, 27
, 137
, 100
, 64
, 157
, 7
, 61
, 103
, 151
, 13
, 4
, 160
, 73
, 91
, 70
, 94
, 80
, 84
, 55
, 109
, 2
, 162
, 159
, 5
, 11
, 153
, 155
, 9
, 136
, 28
, 41
, 123
, 119
, 45
, 53
, 111
, 97
, 67
, 84
, 80
, 151
, 13
, 132
, 32
, 43
, 121
, 49
, 115
, 156
, 8
, 122
, 42
, 23
, 141
, 46
, 118
, 35
, 129
, 126
, 38
, 25
, 139
, 4
, 160
, 117
, 47
, 134
, 30
, 4
, 160
, 99
, 65
, 73
, 91
, 87
, 77
, 50
, 114
, 157
, 7
, 138
, 26
, 154
, 10
, 102
, 62
, 50
, 114
, 94
, 70
, 24
, 140
, 45
, 119
, 111
, 53
, 129
, 35
, 73
, 91
, 54
, 110
, 107
, 57
, 148
, 16
, 146
, 18
, 149
, 15
, 115
, 49
, 38
, 126
, 39
, 125
, 108
, 56
, 93
, 71
, 66
, 98
, 5
, 159
, 19
, 145
, 124
, 40
, 48
, 116
, 126
, 38
, 27
, 137
, 56
, 108
, 32
, 132
, 46
, 118
, 93
, 71
, 55
, 109
, 122
, 42
, 154
, 10
, 15
, 149
, 115
, 49
, 56
, 108
, 49
, 115
, 43
, 121
, 21
, 143
, 137
, 27
, 59
, 105
, 158
, 6
, 93
, 71
, 27
, 137
, 157
, 7
, 126
, 38
, 1
, 163
, 57
, 107
, 52
, 112
, 81
, 83
, 100
, 64
, 152
, 12
, 9
, 155
, 135
, 29
, 24
, 140
, 158
, 6
, 46
, 118
, 39
, 125
, 39
, 125
, 94
, 70
, 51
, 113
, 60
, 104
, 148
, 16
, 111
, 53
, 52
, 112
, 141
, 23
, 22
, 142
, 105
, 59
, 117
, 47
, 107
, 57
, 142
, 22
, 153
, 11
, 30
, 134
, 64
, 100
, 141
, 23
, 147
, 17
, 37
, 127
, 63
, 101
, 86
, 78
, 102
, 62
, 154
, 10
, 103
, 61
, 101
, 63
, 77
, 87
, 116
, 48
, 96
, 68
, 18
, 146
, 27
, 137
, 33
, 131
, 92
, 72
, 45
, 119
, 86
, 78
, 100
, 64
, 120
, 44
, 142
, 22
, 52
, 112
, 148
, 16
, 10
, 154
, 70
, 94
, 140
, 24
, 8
, 156
, 95
, 69
, 40
, 124
, 68
, 96
, 101
, 63
, 114
, 50
, 99
, 65
, 1
, 163
, 65
, 99
, 131
, 33
, 75
, 89
, 54
, 110
, 114
, 50
, 50
, 114
, 60
, 104
, 72
, 92
, 101
, 63
, 10
, 154
, 79
, 85
, 152
, 12
, 139
, 25
, 6
, 158
, 37
, 127
, 121
, 43
, 16
, 148
, 112
, 52
, 161
, 3
, 5
, 159
, 123
, 41
, 31
, 133
, 158
, 6
, 70
, 94
, 109
, 55
, 94
, 70
, 22
, 142
, 43
, 121
, 155
, 9
, 10
, 154
, 86
, 78
, 95
, 69
, 109
, 55
, 61
, 103
, 75
, 89
, 48
, 116
, 157
, 7
, 106
, 58
, 16
, 148
, 33
, 131
, 24
, 140
, 125
, 39
, 82
, 82
, 34
, 130
, 137
, 27
, 42
, 122
, 28
, 136
, 141
, 23
, 104
, 60
, 90
, 74
, 155
, 9
, 92
, 72
, 38
, 126
, 45
, 119
, 58
, 106
, 115
, 49
, 50
, 114
, 82
, 82
, 128
, 36
, 13
, 151
, 135
, 29
, 121
, 43
, 34
, 130
, 4
, 160
, 3
, 161
, 50
, 114
, 71
, 93
, 121
, 43
, 54
, 110
, 91
, 73
, 139
, 25
, 144
, 20
, 138
, 26
, 53
, 111
, 6
, 158
, 156
, 8
, 101
, 63
, 69
, 95
, 139
, 25
, 43
, 121
, 85
, 79
, 112
, 52
, 117
, 47
, 24
, 140
, 60
, 104
, 127
, 37
, 66
, 98
, 37
, 127
, 66
, 98
, 82
, 82
, 138
, 26
, 106
, 58
, 18
, 146
, 34
, 130
, 108
, 56
, 65
, 99
, 29
, 135
, 148
, 16
, 69
, 95
, 12
, 152
, 49
, 115
, 41
, 123
, 67
, 97
, 94
, 70
, 48
, 116
, 123
, 41
, 91
, 73
, 27
, 137
, 71
, 93
, 78
, 86
, 127
, 37
, 30
, 134
, 94
, 70
, 5
, 159
, 40
, 124
, 110
, 54
, 159
, 5
, 145
, 19
, 5
, 159
, 45
, 119
, 33
, 131
, 131
, 33
, 129
, 35
, 50
, 114
, 15
, 149
, 113
, 51
, 152
, 12
, 160
, 4
, 116
, 48
, 143
, 21
, 158
, 6
, 11
, 153
, 153
, 11
, 42
, 122
, 142
, 22
, 31
, 133
, 18
, 146
, 93
, 71
, 112
, 52
, 69
, 95
, 113
, 51
, 88
, 76
, 33
, 131
, 117
, 47
, 158
, 6
, 93
, 71
, 15
, 149
, 14
, 150
, 111
, 53
, 137
, 27
, 65
, 99
, 141
, 23
, 79
, 85
, 114
, 50
, 76
, 88
, 54
, 110
, 34
, 130
, 156
, 8
, 25
, 139
, 141
, 23
, 107
, 57
, 85
, 79
, 106
, 58
, 82
, 82
, 56
, 108
, 90
, 74
, 120
, 44
, 85
, 79
, 95
, 69
, 18
, 146
, 114
, 50
, 116
, 48
, 45
, 119
, 34
, 130
, 31
, 133
, 18
, 146
, 16
, 148
, 28
, 136
, 88
, 76
, 134
, 30
, 107
, 57
, 64
, 100
, 109
, 55
, 88
, 76
, 26
, 138
, 103
, 61
, 102
, 62
, 158
, 6
, 139
, 25
, 145
, 19
, 48
, 116
, 12
, 152
, 78
, 86
, 47
, 117
, 97
, 67
, 72
, 92
, 59
, 105
, 10
, 154
, 53
, 111
, 75
, 89
, 42
, 122
, 136
, 28
, 18
, 146
, 105
, 59
, 129
, 35
, 10
, 154
, 154
, 10
, 76
, 88
, 87
, 77
, 24
, 140
, 89
, 75
, 63
, 101
, 52
, 112
, 30
, 134
, 103
, 61
, 49
, 115
, 63
, 101
, 57
, 107
, 33
, 131
, 47
, 117
, 35
, 129
, 131
, 33
, 58
, 106
, 85
, 79
, 150
, 14
, 125
, 39
, 49
, 115
, 51
, 113
, 93
, 71
, 124
, 40
, 122
, 42
, 145
, 19
, 19
, 145
, 117
, 47
, 38
, 126
, 122
, 42
, 84
, 80
, 118
, 46
, 37
, 127
, 105
, 59
, 45
, 119
, 16
, 148
, 122
, 42
, 142
, 22
, 30
, 134
, 141
, 23
, 56
, 108
, 140
, 24
, 59
, 105
, 82
, 82
, 116
, 48
, 15
, 149
, 37
, 127
, 38
, 126
, 130
, 34
, 68
, 96
, 142
, 22
, 62
, 102
, 118
, 46
, 21
, 143
, 80
, 84
, 48
, 116
, 140
, 24
, 105
, 59
, 45
, 119
, 142
, 22
, 136
, 28
, 58
, 106
, 82
, 82
, 67
, 97
, 16
, 148
, 115
, 49
, 10
, 154
, 133
, 31
, 113
, 51
, 149
, 15
, 140
, 24
, 130
, 34
, 25
, 139
, 84
, 80
, 138
, 26
, 32
, 132
, 52
, 112
, 5
, 159
, 15
, 149
, 121
, 43
, 57
, 107
, 99
, 65
, 80
, 84
, 88
, 76
, 145
, 19
, 25
, 139
, 42
, 122
, 130
, 34
, 58
, 106
, 78
, 86
, 66
, 98
, 145
, 19
, 88
, 76
, 147
, 17
, 3
, 161
, 67
, 97
, 83
, 81
, 148
, 16
, 28
, 136
, 15
, 149
, 127
, 37
, 129
, 35
, 86
, 78
, 62
, 102
, 33
, 131
, 99
, 65
, 19
, 145
, 42
, 122
, 123
, 41
, 31
, 133
, 19
, 145
, 9
, 155
, 51
, 113
, 156
, 8
, 85
, 79
, 45
, 119
, 11
, 153
, 62
, 102
, 17
, 147
, 23
, 141
, 29
, 135
, 10
, 154
, 24
, 140
, 57
, 107
, 31
, 133
, 14
, 150
, 146
, 18
, 72
, 92
, 59
, 105
, 33
, 131
, 157
, 7
, 45
, 119
, 72
, 92
, 2
, 162
, 44
, 120
, 22
, 142
, 76
, 88
, 53
, 111
, 3
, 161
, 40
, 124
, 152
, 12
, 24
, 140
, 77
, 87
, 32
, 132
, 36
, 128
, 153
, 11
, 22
, 142
, 91
, 73
, 87
, 77
, 48
, 116
, 100
, 64
, 92
, 72
, 13
, 151
, 54
, 110
, 69
, 95
, 41
, 123
, 35
, 129
, 26
, 138
, 129
, 35
, 111
, 53
, 73
, 91
, 61
, 103
, 26
, 138
, 79
, 85
, 126
, 38
, 78
, 86
, 143
, 21
, 119
, 45
, 35
, 129
, 97
, 67
, 88
, 76
, 2
, 162
, 13
, 151
, 66
, 98
, 134
, 30
, 70
, 94
, 9
, 155
, 60
, 104
, 87
, 77
, 82
, 82
, 72
, 92
, 46
, 118
, 78
, 86
, 30
, 134
, 4
, 160
, 34
, 130
, 126
, 38
, 75
, 89
, 151
, 13
, 110
, 54
, 127
, 37
, 65
, 99
, 47
, 117
, 21
, 143
, 46
, 118
, 72
, 92
, 64
, 100
, 66
, 98
, 86
, 78
, 34
, 130
, 122
, 42
, 64
, 100
, 111
, 53
, 41
, 123
, 58
, 106
, 100
, 64
, 111
, 53
, 75
, 89
, 139
, 25
, 138
, 26
, 43
, 121
, 147
, 17
, 159
, 5
, 16
, 148
, 100
, 64
, 14
, 150
, 112
, 52
, 67
, 97
, 112
, 52
, 153
, 11
, 36
, 128
, 134
, 30
, 49
, 115
, 88
, 76
, 145
, 19
, 161
, 3
, 42
, 122
, 107
, 57
, 152
, 12
, 80
, 84
, 132
, 32
, 114
, 50
, 141
, 23
, 4
, 160
, 161
, 3
, 116
, 48
, 90
, 74
, 89
, 75
, 159
, 5
, 97
, 67
, 134
, 30
, 120
, 44
, 137
, 27
, 36
, 128
, 96
, 68
, 102
, 62
, 84
, 80
, 148
, 16
, 116
, 48
, 69
, 95
, 30
, 134
, 88
, 76
, 13
, 151
, 139
, 25
, 9
, 155
, 95
, 69
, 77
, 87
, 99
, 65
, 11
, 153
, 75
, 89
, 45
, 119
, 134
, 30
, 131
, 33
, 153
, 11
, 112
, 52
, 109
, 55
, 14
, 150
, 85
, 79
, 40
, 124
, 98
, 66
, 158
, 6
, 127
, 37
, 115
, 49
, 29
, 135
, 48
, 116
, 133
, 31
, 83
, 81
, 145
, 19
, 80
, 84
, 56
, 108
, 44
, 120
, 85
, 79
, 149
, 15
, 83
, 81
, 124
, 40
, 121
, 43
, 111
, 53
, 127
, 37
, 109
, 55
, 156
, 8
, 106
, 58
, 126
, 38
, 6
, 158
, 6
, 158
, 32
, 132
, 56
, 108
, 90
, 74
, 137
, 27
, 63
, 101
, 32
, 132
, 13
, 151
, 106
, 58
, 64
, 100
, 104
, 60
, 102
, 62
, 71
, 93
, 47
, 117
, 152
, 12
, 13
, 151
, 86
, 78
, 93
, 71
, 81
, 83
, 63
, 101
, 47
, 117
, 29
, 135
, 11
, 153
, 63
, 101
, 126
, 38
, 17
, 147
, 100
, 64
, 147
, 17
, 90
, 74
, 28
, 136
, 134
, 30
, 101
, 63
, 129
, 35
, 107
, 57
, 138
, 26
, 126
, 38
, 61
, 103
, 158
, 6
, 51
, 113
, 32
, 132
, 45
, 119
, 71
, 93
, 83
, 81
, 12
, 152
, 59
, 105
, 2
, 162
, 65
, 99
, 33
, 131
, 110
, 54
, 25
, 139
, 27
, 137
, 90
, 74
, 152
, 12
, 91
, 73
, 40
, 124
, 1
, 163
, 47
, 117
, 94
, 70
, 82
, 82
, 79
, 85
, 118
, 46
, 97
, 67
, 10
, 154
, 11
, 153
, 103
, 61
, 150
, 14
, 88
, 76
, 3
, 161
, 32
, 132
, 96
, 68
, 98
, 66
, 144
, 20
, 20
, 144
, 23
, 141
, 28
, 136
, 48
, 116
, 10
, 154
, 145
, 19
, 5
, 159
, 27
, 137
, 39
, 125
, 12
, 152
, 68
, 96
, 64
, 100
, 121
, 43
, 87
, 77
, 52
, 112
, 14
, 150
, 36
, 128
, 14
, 150
, 47
, 117
, 146
, 18
, 33
, 131
, 137
, 27
, 13
, 151
, 106
, 58
, 106
, 58
, 117
, 47
, 100
, 64
, 86
, 78
, 72
, 92
, 35
, 129
, 50
, 114
, 36
, 128
, 15
, 149
, 92
, 72
, 153
, 11
, 1
, 163
, 111
, 53
, 116
, 48
, 43
, 121
, 76
, 88
, 99
, 65
, 7
, 157
, 14
, 150
, 74
, 90
, 57
, 107
, 107
, 57
, 64
, 100
, 98
, 66
, 146
, 18
, 18
, 146
, 126
, 38
, 44
, 120
, 107
, 57
, 52
, 112
, 70
, 94
, 120
, 44
, 27
, 137
, 5
, 159
, 146
, 18
, 124
, 40
, 62
, 102
, 111
, 53
, 110
, 54
, 124
, 40
, 43
, 121
, 128
, 36
, 87
, 77
, 66
, 98
, 93
, 71
, 151
, 13
, 75
, 89
, 144
, 20
, 53
, 111
, 52
, 112
, 141
, 23
, 120
, 44
, 59
, 105
, 124
, 40
, 114
, 50
, 17
, 147
, 21
, 143
, 87
, 77
, 133
, 31
, 149
, 15
, 57
, 107
, 116
, 48
, 10
, 154
, 40
, 124
, 35
, 129
, 162
, 2
, 108
, 56
, 131
, 33
, 143
, 21
, 134
, 30
, 24
, 140
, 126
, 38
, 111
, 53
, 58
, 106
, 96
, 68
, 107
, 57
, 102
, 62
, 90
, 74
, 97
, 67
, 106
, 58
, 158
, 6
, 82
, 82
, 38
, 126
, 154
, 10
, 113
, 51
, 97
, 67
, 78
, 86
