
1740
, 165
, 52
, 168
, 49
, 36
, 181
, 202
, 15
, 190
, 27
, 87
, 130
, 105
, 112
, 47
, 170
, 26
, 191
, 99
, 118
, 192
, 25
, 13
, 204
, 173
, 44
, 78
, 139
, 140
, 77
, 44
, 173
, 135
, 82
, 65
, 152
, 98
, 119
, 59
, 158
, 163
, 54
, 78
, 139
, 165
, 52
, 150
, 67
, 196
, 21
, 29
, 188
, 127
, 90
, 182
, 35
, 52
, 165
, 175
, 42
, 116
, 101
, 183
, 34
, 111
, 106
, 109
, 108
, 105
, 112
, 1
, 216
, 158
, 59
, 128
, 89
, 143
, 74
, 96
, 121
, 34
, 183
, 87
, 130
, 134
, 83
, 1
, 216
, 149
, 68
, 110
, 107
, 200
, 17
, 54
, 163
, 199
, 18
, 207
, 10
, 21
, 196
, 26
, 191
, 18
, 199
, 57
, 160
, 151
, 66
, 122
, 95
, 123
, 94
, 102
, 115
, 73
, 144
, 185
, 32
, 156
, 61
, 12
, 205
, 81
, 136
, 132
, 85
, 206
, 11
, 148
, 69
, 177
, 40
, 155
, 62
, 71
, 146
, 17
, 200
, 25
, 192
, 121
, 96
, 174
, 43
, 52
, 165
, 135
, 82
, 89
, 128
, 135
, 82
, 155
, 62
, 182
, 35
, 147
, 70
, 144
, 73
, 187
, 30
, 128
, 89
, 3
, 214
, 184
, 33
, 199
, 18
, 95
, 122
, 118
, 99
, 140
, 77
, 82
, 135
, 182
, 35
, 49
, 168
, 55
, 162
, 127
, 90
, 178
, 39
, 193
, 24
, 45
, 172
, 113
, 104
, 91
, 126
, 153
, 64
, 93
, 124
, 195
, 22
, 74
, 143
, 158
, 59
, 39
, 178
, 107
, 110
, 46
, 171
, 118
, 99
, 169
, 48
, 49
, 168
, 63
, 154
, 133
, 84
, 113
, 104
, 14
, 203
, 63
, 154
, 129
, 88
, 93
, 124
, 139
, 78
, 67
, 150
, 139
, 78
, 88
, 129
, 139
, 78
, 64
, 153
, 3
, 214
, 38
, 179
, 161
, 56
, 122
, 95
, 151
, 66
, 194
, 23
, 192
, 25
, 175
, 42
, 30
, 187
, 66
, 151
, 58
, 159
, 91
, 126
, 99
, 118
, 214
, 3
, 76
, 141
, 24
, 193
, 85
, 132
, 188
, 29
, 80
, 137
, 75
, 142
, 201
, 16
, 16
, 201
, 142
, 75
, 22
, 195
, 185
, 32
, 193
, 24
, 146
, 71
, 29
, 188
, 58
, 159
, 53
, 164
, 143
, 74
, 157
, 60
, 51
, 166
, 151
, 66
, 178
, 39
, 157
, 60
, 18
, 199
, 31
, 186
, 144
, 73
, 187
, 30
, 92
, 125
, 194
, 23
, 8
, 209
, 168
, 49
, 132
, 85
, 137
, 80
, 45
, 172
, 67
, 150
, 10
, 207
, 80
, 137
, 99
, 118
, 149
, 68
, 168
, 49
, 105
, 112
, 175
, 42
, 213
, 4
, 65
, 152
, 203
, 14
, 186
, 31
, 70
, 147
, 62
, 155
, 138
, 79
, 94
, 123
, 103
, 114
, 106
, 111
, 180
, 37
, 107
, 110
, 100
, 117
, 22
, 195
, 8
, 209
, 208
, 9
, 137
, 80
, 33
, 184
, 12
, 205
, 214
, 3
, 21
, 196
, 211
, 6
, 146
, 71
, 132
, 85
, 109
, 108
, 148
, 69
, 8
, 209
, 3
, 214
, 77
, 140
, 119
, 98
, 5
, 212
, 16
, 201
, 66
, 151
, 117
, 100
, 189
, 28
, 131
, 86
, 45
, 172
, 145
, 72
, 107
, 110
, 68
, 149
, 54
, 163
, 39
, 178
, 165
, 52
, 37
, 180
, 201
, 16
, 141
, 76
, 184
, 33
, 202
, 15
, 42
, 175
, 20
, 197
, 130
, 87
, 69
, 148
, 205
, 12
, 124
, 93
, 169
, 48
, 31
, 186
, 207
, 10
, 51
, 166
, 48
, 169
, 77
, 140
, 154
, 63
, 112
, 105
, 29
, 188
, 89
, 128
, 198
, 19
, 178
, 39
, 67
, 150
, 215
, 2
, 174
, 43
, 196
, 21
, 211
, 6
, 15
, 202
, 165
, 52
, 136
, 81
, 7
, 210
, 127
, 90
, 158
, 59
, 61
, 156
, 191
, 26
, 143
, 74
, 109
, 108
, 119
, 98
, 161
, 56
, 67
, 150
, 154
, 63
, 173
, 44
, 147
, 70
, 47
, 170
, 194
, 23
, 140
, 77
, 106
, 111
, 203
, 14
, 140
, 77
, 130
, 87
, 186
, 31
, 156
, 61
, 127
, 90
, 179
, 38
, 195
, 22
, 75
, 142
, 137
, 80
, 164
, 53
, 141
, 76
, 114
, 103
, 114
, 103
, 29
, 188
, 187
, 30
, 11
, 206
, 125
, 92
, 99
, 118
, 82
, 135
, 25
, 192
, 194
, 23
, 145
, 72
, 18
, 199
, 106
, 111
, 127
, 90
, 28
, 189
, 104
, 113
, 58
, 159
, 66
, 151
, 203
, 14
, 149
, 68
, 160
, 57
, 207
, 10
, 202
, 15
, 67
, 150
, 185
, 32
, 46
, 171
, 159
, 58
, 60
, 157
, 37
, 180
, 215
, 2
, 6
, 211
, 71
, 146
, 42
, 175
, 36
, 181
, 188
, 29
, 212
, 5
, 100
, 117
, 96
, 121
, 181
, 36
, 14
, 203
, 146
, 71
, 200
, 17
, 97
, 120
, 81
, 136
, 94
, 123
, 90
, 127
, 113
, 104
, 69
, 148
, 15
, 202
, 39
, 178
, 156
, 61
, 179
, 38
, 123
, 94
, 106
, 111
, 111
, 106
, 174
, 43
, 115
, 102
, 93
, 124
, 54
, 163
, 168
, 49
, 68
, 149
, 44
, 173
, 2
, 215
, 41
, 176
, 86
, 131
, 129
, 88
, 98
, 119
, 99
, 118
, 33
, 184
, 204
, 13
, 85
, 132
, 84
, 133
, 175
, 42
, 175
, 42
, 85
, 132
, 129
, 88
, 60
, 157
, 120
, 97
, 132
, 85
, 212
, 5
, 84
, 133
, 90
, 127
, 52
, 165
, 77
, 140
, 35
, 182
, 92
, 125
, 68
, 149
, 212
, 5
, 82
, 135
, 172
, 45
, 137
, 80
, 41
, 176
, 80
, 137
, 210
, 7
, 74
, 143
, 35
, 182
, 139
, 78
, 26
, 191
, 3
, 214
, 111
, 106
, 205
, 12
, 96
, 121
, 103
, 114
, 207
, 10
, 139
, 78
, 92
, 125
, 191
, 26
, 32
, 185
, 83
, 134
, 42
, 175
, 87
, 130
, 21
, 196
, 23
, 194
, 179
, 38
, 9
, 208
, 30
, 187
, 178
, 39
, 100
, 117
, 137
, 80
, 178
, 39
, 151
, 66
, 121
, 96
, 34
, 183
, 154
, 63
, 207
, 10
, 133
, 84
, 156
, 61
, 202
, 15
, 44
, 173
, 205
, 12
, 76
, 141
, 179
, 38
, 169
, 48
, 36
, 181
, 38
, 179
, 167
, 50
, 132
, 85
, 159
, 58
, 45
, 172
, 145
, 72
, 123
, 94
, 27
, 190
, 215
, 2
, 85
, 132
, 200
, 17
, 18
, 199
, 128
, 89
, 170
, 47
, 102
, 115
, 21
, 196
, 54
, 163
, 169
, 48
, 136
, 81
, 139
, 78
, 15
, 202
, 174
, 43
, 128
, 89
, 186
, 31
, 56
, 161
, 154
, 63
, 185
, 32
, 151
, 66
, 144
, 73
, 157
, 60
, 56
, 161
, 79
, 138
, 145
, 72
, 37
, 180
, 122
, 95
, 9
, 208
, 105
, 112
, 22
, 195
, 92
, 125
, 116
, 101
, 17
, 200
, 159
, 58
, 197
, 20
, 8
, 209
, 145
, 72
, 154
, 63
, 134
, 83
, 152
, 65
, 15
, 202
, 67
, 150
, 90
, 127
, 128
, 89
, 30
, 187
, 2
, 215
, 12
, 205
, 55
, 162
, 174
, 43
, 130
, 87
, 62
, 155
, 28
, 189
, 37
, 180
, 213
, 4
, 44
, 173
, 175
, 42
, 50
, 167
, 165
, 52
, 12
, 205
, 29
, 188
, 161
, 56
, 123
, 94
, 195
, 22
, 174
, 43
, 212
, 5
, 185
, 32
, 198
, 19
, 49
, 168
, 113
, 104
, 200
, 17
, 129
, 88
, 52
, 165
, 125
, 92
, 119
, 98
, 100
, 117
, 141
, 76
, 166
, 51
, 73
, 144
, 156
, 61
, 214
, 3
, 182
, 35
, 86
, 131
, 116
, 101
, 209
, 8
, 135
, 82
, 163
, 54
, 85
, 132
, 155
, 62
, 133
, 84
, 213
, 4
, 11
, 206
, 41
, 176
, 56
, 161
, 206
, 11
, 12
, 205
, 126
, 91
, 141
, 76
, 167
, 50
, 158
, 59
, 86
, 131
, 51
, 166
, 124
, 93
, 54
, 163
, 2
, 215
, 143
, 74
, 11
, 206
, 96
, 121
, 83
, 134
, 115
, 102
, 117
, 100
, 103
, 114
, 9
, 208
, 175
, 42
, 144
, 73
, 201
, 16
, 114
, 103
, 190
, 27
, 54
, 163
, 111
, 106
, 81
, 136
, 53
, 164
, 65
, 152
, 141
, 76
, 31
, 186
, 5
, 212
, 2
, 215
, 37
, 180
, 122
, 95
, 158
, 59
, 210
, 7
, 178
, 39
, 141
, 76
, 156
, 61
, 78
, 139
, 156
, 61
, 64
, 153
, 154
, 63
, 7
, 210
, 190
, 27
, 38
, 179
, 84
, 133
, 198
, 19
, 76
, 141
, 87
, 130
, 95
, 122
, 159
, 58
, 52
, 165
, 144
, 73
, 60
, 157
, 161
, 56
, 165
, 52
, 192
, 25
, 72
, 145
, 21
, 196
, 7
, 210
, 158
, 59
, 103
, 114
, 208
, 9
, 3
, 214
, 143
, 74
, 145
, 72
, 82
, 135
, 182
, 35
, 205
, 12
, 97
, 120
, 147
, 70
, 185
, 32
, 28
, 189
, 55
, 162
, 149
, 68
, 114
, 103
, 94
, 123
, 146
, 71
, 111
, 106
, 211
, 6
, 81
, 136
, 9
, 208
, 36
, 181
, 15
, 202
, 201
, 16
, 160
, 57
, 102
, 115
, 66
, 151
, 171
, 46
, 13
, 204
, 163
, 54
, 53
, 164
, 45
, 172
, 60
, 157
, 77
, 140
, 136
, 81
, 107
, 110
, 8
, 209
, 51
, 166
, 58
, 159
, 141
, 76
, 203
, 14
, 11
, 206
, 95
, 122
, 123
, 94
, 106
, 111
, 97
, 120
, 152
, 65
, 84
, 133
, 87
, 130
, 112
, 105
, 161
, 56
, 181
, 36
, 173
, 44
, 157
, 60
, 32
, 185
, 111
, 106
, 14
, 203
, 16
, 201
, 12
, 205
, 177
, 40
, 78
, 139
, 151
, 66
, 138
, 79
, 10
, 207
, 10
, 207
, 135
, 82
, 213
, 4
, 69
, 148
, 190
, 27
, 37
, 180
, 107
, 110
, 154
, 63
, 186
, 31
, 94
, 123
, 40
, 177
, 141
, 76
, 190
, 27
, 123
, 94
, 115
, 102
, 44
, 173
, 55
, 162
, 189
, 28
, 40
, 177
, 21
, 196
, 35
, 182
, 184
, 33
, 212
, 5
, 81
, 136
, 73
, 144
, 6
, 211
, 116
, 101
, 124
, 93
, 120
, 97
, 85
, 132
, 28
, 189
, 35
, 182
, 157
, 60
, 6
, 211
, 105
, 112
, 85
, 132
, 158
, 59
, 15
, 202
, 215
, 2
, 121
, 96
, 27
, 190
, 170
, 47
, 167
, 50
, 154
, 63
, 61
, 156
, 135
, 82
, 54
, 163
, 124
, 93
, 142
, 75
, 9
, 208
, 124
, 93
, 82
, 135
, 52
, 165
, 81
, 136
, 23
, 194
, 65
, 152
, 205
, 12
, 145
, 72
, 110
, 107
, 141
, 76
, 62
, 155
, 54
, 163
, 98
, 119
, 133
, 84
, 148
, 69
, 198
, 19
, 32
, 185
, 159
, 58
, 98
, 119
, 1
, 216
, 198
, 19
, 154
, 63
, 58
, 159
, 61
, 156
, 3
, 214
, 193
, 24
, 67
, 150
, 113
, 104
, 92
, 125
, 130
, 87
, 210
, 7
, 131
, 86
, 10
, 207
, 207
, 10
, 6
, 211
, 151
, 66
, 77
, 140
, 4
, 213
, 115
, 102
, 105
, 112
, 47
, 170
, 124
, 93
, 213
, 4
, 166
, 51
, 36
, 181
, 89
, 128
, 125
, 92
, 169
, 48
, 14
, 203
, 56
, 161
, 81
, 136
, 25
, 192
, 27
, 190
, 53
, 164
, 175
, 42
, 93
, 124
, 186
, 31
, 10
, 207
, 201
, 16
, 162
, 55
, 146
, 71
, 170
, 47
, 173
, 44
, 90
, 127
, 114
, 103
, 187
, 30
, 133
, 84
, 44
, 173
, 187
, 30
, 66
, 151
, 1
, 216
, 153
, 64
, 32
, 185
, 16
, 201
, 58
, 159
, 34
, 183
, 46
, 171
, 211
, 6
, 99
, 118
, 146
, 71
, 176
, 41
, 51
, 166
, 166
, 51
, 42
, 175
, 210
, 7
, 155
, 62
, 145
, 72
, 113
, 104
, 71
, 146
, 139
, 78
, 205
, 12
, 51
, 166
, 182
, 35
, 151
, 66
, 116
, 101
, 77
, 140
, 134
, 83
, 44
, 173
, 96
, 121
, 119
, 98
, 52
, 165
, 11
, 206
, 101
, 116
, 46
, 171
, 19
, 198
, 103
, 114
, 49
, 168
, 201
, 16
, 150
, 67
, 134
, 83
, 162
, 55
, 7
, 210
, 176
, 41
, 133
, 84
, 81
, 136
, 126
, 91
, 87
, 130
, 215
, 2
, 205
, 12
, 166
, 51
, 208
, 9
, 33
, 184
, 87
, 130
, 128
, 89
, 157
, 60
, 203
, 14
, 183
, 34
, 106
, 111
, 49
, 168
, 186
, 31
, 13
, 204
, 57
, 160
, 130
, 87
, 2
, 215
, 42
, 175
, 152
, 65
, 166
, 51
, 155
, 62
, 182
, 35
, 51
, 166
, 76
, 141
, 168
, 49
, 191
, 26
, 194
, 23
, 2
, 215
, 180
, 37
, 152
, 65
, 31
, 186
, 207
, 10
, 56
, 161
, 146
, 71
, 12
, 205
, 187
, 30
, 171
, 46
, 151
, 66
, 37
, 180
, 38
, 179
, 211
, 6
, 148
, 69
, 167
, 50
, 23
, 194
, 8
, 209
, 2
, 215
, 35
, 182
, 19
, 198
, 18
, 199
, 194
, 23
, 86
, 131
, 208
, 9
, 12
, 205
, 105
, 112
, 82
, 135
, 213
, 4
, 71
, 146
, 171
, 46
, 181
, 36
, 77
, 140
, 173
, 44
, 40
, 177
, 35
, 182
, 102
, 115
, 152
, 65
, 202
, 15
, 87
, 130
, 5
, 212
, 187
, 30
, 25
, 192
, 118
, 99
, 213
, 4
, 150
, 67
, 3
, 214
, 201
, 16
, 6
, 211
, 87
, 130
, 37
, 180
, 207
, 10
, 50
, 167
, 31
, 186
, 44
, 173
, 208
, 9
, 215
, 2
, 43
, 174
, 82
, 135
, 58
, 159
, 135
, 82
, 40
, 177
, 63
, 154
, 15
, 202
, 15
, 202
, 192
, 25
, 198
, 19
, 122
, 95
, 23
, 194
, 1
, 216
, 201
, 16
, 88
, 129
, 145
, 72
, 93
, 124
, 128
, 89
, 130
, 87
, 177
, 40
, 58
, 159
, 44
, 173
, 31
, 186
, 44
, 173
, 138
, 79
, 168
, 49
, 126
, 91
, 32
, 185
, 148
, 69
, 126
, 91
, 103
, 114
, 44
, 173
, 6
, 211
, 209
, 8
, 191
, 26
, 147
, 70
, 207
, 10
, 136
, 81
, 9
, 208
, 25
, 192
, 51
, 166
, 7
, 210
, 58
, 159
, 90
, 127
, 204
, 13
, 189
, 28
, 77
, 140
, 9
, 208
, 106
, 111
, 201
, 16
, 7
, 210
, 149
, 68
, 98
, 119
, 137
, 80
, 27
, 190
, 2
, 215
, 127
, 90
, 189
, 28
, 92
, 125
, 92
, 125
, 24
, 193
, 173
, 44
, 212
, 5
, 146
, 71
, 209
, 8
, 49
, 168
, 46
, 171
, 32
, 185
, 140
, 77
, 203
, 14
, 53
, 164
, 92
, 125
, 35
, 182
, 34
, 183
, 127
, 90
, 169
, 48
, 19
, 198
, 133
, 84
, 112
, 105
, 60
, 157
, 151
, 66
, 100
, 117
, 101
, 116
, 90
, 127
, 152
, 65
, 152
, 65
, 197
, 20
, 206
, 11
, 15
, 202
, 178
, 39
, 33
, 184
, 209
, 8
, 211
, 6
, 115
, 102
, 87
, 130
, 50
, 167
, 128
, 89
, 5
, 212
, 108
, 109
, 161
, 56
, 136
, 81
, 75
, 142
, 131
, 86
, 62
, 155
, 203
, 14
, 176
, 41
, 137
, 80
, 194
, 23
, 213
, 4
, 8
, 209
, 90
, 127
, 62
, 155
, 129
, 88
, 77
, 140
, 164
, 53
, 206
, 11
, 8
, 209
, 84
, 133
, 183
, 34
, 19
, 198
, 172
, 45
, 207
, 10
, 208
, 9
, 165
, 52
, 15
, 202
, 196
, 21
, 141
, 76
, 214
, 3
, 27
, 190
, 207
, 10
, 140
, 77
, 116
, 101
, 18
, 199
, 108
, 109
, 14
, 203
, 106
, 111
, 6
, 211
, 80
, 137
, 33
, 184
, 194
, 23
, 81
, 136
, 38
, 179
, 194
, 23
, 195
, 22
, 140
, 77
, 181
, 36
, 105
, 112
, 21
, 196
, 214
, 3
, 100
, 117
, 55
, 162
, 170
, 47
, 198
, 19
, 69
, 148
, 86
, 131
, 3
, 214
, 195
, 22
, 18
, 199
, 7
, 210
, 177
, 40
, 69
, 148
, 49
, 168
, 148
, 69
, 197
, 20
, 65
, 152
, 161
, 56
, 119
, 98
, 4
, 213
, 81
, 136
, 80
, 137
, 145
, 72
, 139
, 78
, 119
, 98
, 119
, 98
, 7
, 210
, 179
, 38
, 41
, 176
, 43
, 174
, 59
, 158
, 107
, 110
, 49
, 168
, 149
, 68
, 174
, 43
, 93
, 124
, 76
, 141
, 195
, 22
, 109
, 108
, 59
, 158
, 172
, 45
, 120
, 97
, 163
, 54
, 63
, 154
, 92
, 125
, 148
, 69
, 155
, 62
, 19
, 198
, 62
, 155
, 193
, 24
, 29
, 188
, 111
, 106
, 49
, 168
, 172
, 45
, 215
, 2
, 135
, 82
, 195
, 22
, 71
, 146
, 173
, 44
, 78
, 139
, 105
, 112
, 36
, 181
, 35
, 182
, 64
, 153
, 100
, 117
, 33
, 184
, 123
, 94
, 133
, 84
, 31
, 186
, 132
, 85
, 110
, 107
, 36
, 181
, 138
, 79
, 46
, 171
, 174
, 43
, 100
, 117
, 137
, 80
, 190
, 27
, 181
, 36
, 188
, 29
, 60
, 157
, 10
, 207
, 40
, 177
, 111
, 106
, 65
, 152
, 76
, 141
, 162
, 55
, 210
, 7
, 196
, 21
, 19
, 198
, 57
, 160
, 139
, 78
, 30
, 187
, 165
, 52
, 139
, 78
, 196
, 21
, 59
, 158
, 157
, 60
, 210
, 7
, 93
, 124
, 1
, 216
, 150
, 67
, 46
, 171
, 166
, 51
, 98
, 119
, 134
, 83
, 68
, 149
, 108
, 109
, 33
, 184
, 143
, 74
, 140
, 77
, 199
, 18
, 75
, 142
, 207
, 10
, 99
, 118
, 44
, 173
, 31
, 186
, 57
, 160
, 27
, 190
, 56
, 161
, 122
, 95
, 5
, 212
, 112
, 105
, 150
, 67
, 209
, 8
, 174
, 43
, 104
, 113
, 215
, 2
, 213
, 4
, 95
, 122
, 161
, 56
, 49
, 168
, 67
, 150
, 180
, 37
, 141
, 76
, 205
, 12
, 10
, 207
, 213
, 4
, 95
, 122
, 55
, 162
, 4
, 213
, 208
, 9
, 147
, 70
, 173
, 44
, 138
, 79
, 191
, 26
, 109
, 108
, 75
, 142
, 19
, 198
, 166
, 51
, 83
, 134
, 92
, 125
, 75
, 142
, 59
, 158
, 109
, 108
, 99
, 118
, 193
, 24
, 138
, 79
, 139
, 78
, 163
, 54
, 205
, 12
, 145
, 72
, 119
, 98
, 27
, 190
, 75
, 142
, 4
, 213
, 178
, 39
, 61
, 156
, 197
, 20
, 109
, 108
, 77
, 140
, 122
, 95
, 94
, 123
, 9
, 208
, 31
, 186
, 138
, 79
, 36
, 181
, 165
, 52
, 9
, 208
, 187
, 30
, 189
, 28
, 126
, 91
, 79
, 138
, 182
, 35
, 32
, 185
, 103
, 114
, 2
, 215
, 174
, 43
, 116
, 101
, 89
, 128
, 66
, 151
, 141
, 76
, 206
, 11
, 3
, 214
, 25
, 192
, 147
, 70
, 111
, 106
, 110
, 107
, 171
, 46
, 91
, 126
, 26
, 191
, 49
, 168
, 182
, 35
, 157
, 60
, 24
, 193
, 49
, 168
, 66
, 151
, 60
, 157
, 96
, 121
, 37
, 180
, 160
, 57
, 170
, 47
, 144
, 73
, 71
, 146
, 76
, 141
, 143
, 74
, 202
, 15
, 184
, 33
, 144
, 73
, 45
, 172
, 130
, 87
, 195
, 22
, 147
, 70
, 162
, 55
, 135
, 82
, 8
, 209
, 25
, 192
, 188
, 29
, 68
, 149
, 187
, 30
, 108
, 109
, 34
, 183
, 210
, 7
, 174
, 43
, 177
, 40
, 74
, 143
, 7
, 210
, 149
, 68
, 114
, 103
, 212
, 5
, 162
, 55
, 172
, 45
, 156
, 61
, 24
, 193
, 28
, 189
, 85
, 132
, 125
, 92
, 86
, 131
, 120
, 97
, 175
, 42
, 67
, 150
, 131
, 86
, 180
, 37
, 192
, 25
, 57
, 160
, 201
, 16
, 55
, 162
, 190
, 27
, 169
, 48
, 4
, 213
, 38
, 179
, 123
, 94
, 28
, 189
, 145
, 72
, 69
, 148
, 34
, 183
, 170
, 47
, 52
, 165
, 62
, 155
, 200
, 17
, 171
, 46
, 132
, 85
, 185
, 32
, 75
, 142
, 52
, 165
, 47
, 170
, 6
, 211
, 106
, 111
, 153
, 64
, 210
, 7
, 28
, 189
, 85
, 132
, 2
, 215
, 209
, 8
, 36
, 181
, 166
, 51
, 205
, 12
, 210
, 7
, 183
, 34
, 26
, 191
, 114
, 103
, 27
, 190
, 141
, 76
, 170
, 47
, 138
, 79
, 43
, 174
, 76
, 141
, 145
, 72
, 15
, 202
, 46
, 171
, 76
, 141
, 21
, 196
, 43
, 174
, 113
, 104
, 1
, 216
, 57
, 160
, 129
, 88
, 129
, 88
, 77
, 140
, 149
, 68
, 211
, 6
, 76
, 141
, 147
, 70
, 50
, 167
, 26
, 191
, 18
, 199
, 37
, 180
, 109
, 108
, 155
, 62
, 197
, 20
, 66
, 151
, 63
, 154
, 139
, 78
, 164
, 53
, 187
, 30
, 77
, 140
, 206
, 11
, 184
, 33
, 184
, 33
, 22
, 195
, 31
, 186
, 75
, 142
, 127
, 90
, 112
, 105
, 81
, 136
, 24
, 193
, 12
, 205
, 85
, 132
, 92
, 125
, 87
, 130
, 174
, 43
, 201
, 16
, 180
, 37
, 205
, 12
, 71
, 146
, 83
, 134
, 144
, 73
, 72
, 145
, 171
, 46
, 77
, 140
, 95
, 122
, 89
, 128
, 60
, 157
, 120
, 97
, 55
, 162
, 17
, 200
, 74
, 143
, 189
, 28
, 23
, 194
, 124
, 93
, 207
, 10
, 51
, 166
, 120
, 97
, 22
, 195
, 157
, 60
, 165
, 52
, 163
, 54
, 56
, 161
, 201
, 16
, 3
, 214
, 2
, 215
, 162
, 55
, 154
, 63
, 39
, 178
, 101
, 116
, 119
, 98
, 55
, 162
, 129
, 88
, 13
, 204
, 135
, 82
, 92
, 125
, 83
, 134
, 55
, 162
, 136
, 81
, 202
, 15
, 109
, 108
, 97
, 120
, 61
, 156
, 106
, 111
, 100
, 117
, 101
, 116
, 184
, 33
, 90
, 127
, 209
, 8
, 197
, 20
, 65
, 152
, 187
, 30
, 200
, 17
, 136
, 81
, 144
, 73
, 108
, 109
, 210
, 7
, 62
, 155
, 168
, 49
, 140
, 77
, 51
, 166
, 26
, 191
, 142
, 75
, 19
, 198
, 145
, 72
, 84
, 133
, 88
, 129
, 205
, 12
, 172
, 45
, 6
, 211
, 180
, 37
, 151
, 66
, 13
, 204
, 47
, 170
, 125
, 92
, 68
, 149
, 11
, 206
, 188
, 29
, 123
, 94
, 97
, 120
, 96
, 121
, 25
, 192
, 137
, 80
, 35
, 182
, 41
, 176
, 128
, 89
, 28
, 189
, 95
, 122
, 136
, 81
, 34
, 183
, 95
, 122
, 22
, 195
, 206
, 11
, 55
, 162
, 31
, 186
, 37
, 180
, 121
, 96
, 140
, 77
, 117
, 100
, 109
, 108
, 119
, 98
, 155
, 62
, 98
, 119
, 65
, 152
, 196
, 21
, 12
, 205
, 82
, 135
, 155
, 62
, 60
, 157
, 207
, 10
, 70
, 147
, 11
, 206
, 27
, 190
, 114
, 103
, 185
, 32
, 120
, 97
, 95
, 122
, 112
, 105
, 55
, 162
, 146
, 71
, 42
, 175
, 93
, 124
, 105
, 112
, 201
, 16
, 47
, 170
, 161
, 56
, 113
, 104
, 186
, 31
, 169
, 48
, 113
, 104
, 29
, 188
, 156
, 61
, 126
, 91
, 149
, 68
, 129
, 88
, 150
, 67
, 18
, 199
, 5
, 212
, 35
, 182
, 174
, 43
, 171
, 46
, 103
, 114
, 196
, 21
, 149
, 68
, 198
, 19
, 134
, 83
, 130
, 87
, 32
, 185
, 191
, 26
, 107
, 110
, 58
, 159
, 47
, 170
, 10
, 207
, 126
, 91
, 161
, 56
, 60
, 157
, 52
, 165
, 32
, 185
, 121
, 96
, 55
, 162
, 83
, 134
, 10
, 207
, 163
, 54
, 159
, 58
, 113
, 104
, 61
, 156
, 101
, 116
, 36
, 181
, 148
, 69
, 150
, 67
, 159
, 58
, 182
, 35
, 84
, 133
, 183
, 34
, 180
, 37
, 92
, 125
, 203
, 14
, 89
, 128
, 8
, 209
, 125
, 92
, 45
, 172
, 200
, 17
, 87
, 130
, 29
, 188
, 40
, 177
, 146
, 71
, 107
, 110
, 136
, 81
, 136
, 81
, 139
, 78
, 64
, 153
, 212
, 5
, 151
, 66
, 157
, 60
, 145
, 72
, 177
, 40
, 89
, 128
, 111
, 106
, 92
, 125
, 194
, 23
, 55
, 162
, 46
, 171
, 199
, 18
, 90
, 127
, 42
, 175
, 169
, 48
, 49
, 168
, 80
, 137
, 147
, 70
, 193
, 24
, 24
, 193
, 106
, 111
, 123
, 94
, 108
, 109
, 146
, 71
, 193
, 24
, 17
, 200
, 100
, 117
, 211
, 6
, 33
, 184
, 151
, 66
, 30
, 187
, 90
, 127
, 96
, 121
, 57
, 160
, 92
, 125
, 117
, 100
, 186
, 31
, 108
, 109
, 18
, 199
, 119
, 98
, 100
, 117
, 12
, 205
, 157
, 60
, 93
, 124
, 19
, 198
, 114
, 103
, 169
, 48
, 172
, 45
, 144
, 73
, 156
, 61
, 79
, 138
, 19
, 198
, 176
, 41
, 92
, 125
, 134
, 83
, 86
, 131
, 193
, 24
, 174
, 43
, 182
, 35
, 27
, 190
, 14
, 203
, 161
, 56
, 116
, 101
, 91
, 126
, 152
, 65
, 154
, 63
, 31
, 186
, 22
, 195
, 84
, 133
, 108
, 109
, 142
, 75
, 145
, 72
, 207
, 10
, 179
, 38
, 100
, 117
, 83
, 134
, 145
, 72
, 135
, 82
, 110
, 107
, 109
, 108
, 169
, 48
, 91
, 126
, 152
, 65
, 154
, 63
, 72
, 145
, 178
, 39
, 162
, 55
, 156
, 61
, 27
, 190
, 105
, 112
, 142
, 75
, 116
, 101
, 107
, 110
, 121
, 96
, 172
, 45
, 179
, 38
, 47
, 170
, 140
, 77
, 89
, 128
, 165
, 52
, 137
, 80
, 11
, 206
, 171
, 46
, 9
, 208
, 117
, 100
, 175
, 42
, 115
, 102
, 34
, 183
, 198
, 19
, 24
, 193
, 210
, 7
, 20
, 197
, 180
, 37
, 44
, 173
, 191
, 26
, 40
, 177
, 166
, 51
, 173
, 44
, 61
, 156
, 10
, 207
, 147
, 70
, 134
, 83
, 106
, 111
, 10
, 207
, 59
, 158
, 61
, 156
, 156
, 61
, 81
, 136
, 83
, 134
, 77
, 140
, 204
, 13
, 137
, 80
, 39
, 178
, 39
, 178
, 150
, 67
, 13
, 204
, 146
, 71
, 186
, 31
, 142
, 75
, 170
, 47
, 172
, 45
, 69
, 148
, 162
, 55
, 7
, 210
, 119
, 98
, 10
, 207
, 176
, 41
, 108
, 109
, 23
, 194
, 162
, 55
, 206
, 11
, 131
, 86
, 204
, 13
, 78
, 139
, 124
, 93
, 6
, 211
, 146
, 71
, 38
, 179
, 77
, 140
, 90
, 127
, 30
, 187
, 48
, 169
