
1750
, 21
, 56
, 43
, 34
, 46
, 31
, 33
, 44
, 3
, 74
, 14
, 63
, 47
, 30
, 71
, 6
, 60
, 17
, 55
, 22
, 57
, 20
, 16
, 61
, 21
, 56
, 5
, 72
, 17
, 60
, 44
, 33
, 26
, 51
, 12
, 65
, 43
, 34
, 5
, 72
, 29
, 48
, 34
, 43
, 25
, 52
, 68
, 9
, 42
, 35
, 5
, 72
, 45
, 32
, 54
, 23
, 48
, 29
, 59
, 18
, 12
, 65
, 11
, 66
, 30
, 47
, 52
, 25
, 44
, 33
, 24
, 53
, 10
, 67
, 55
, 22
, 36
, 41
, 45
, 32
, 16
, 61
, 56
, 21
, 49
, 28
, 19
, 58
, 2
, 75
, 20
, 57
, 21
, 56
, 67
, 10
, 25
, 52
, 8
, 69
, 14
, 63
, 58
, 19
, 55
, 22
, 50
, 27
, 15
, 62
, 73
, 4
, 48
, 29
, 48
, 29
, 34
, 43
, 31
, 46
, 54
, 23
, 1
, 76
, 38
, 39
, 16
, 61
, 6
, 71
, 73
, 4
, 23
, 54
, 32
, 45
, 7
, 70
, 66
, 11
, 56
, 21
, 13
, 64
, 4
, 73
, 22
, 55
, 75
, 2
, 28
, 49
, 57
, 20
, 50
, 27
, 72
, 5
, 42
, 35
, 65
, 12
, 68
, 9
, 73
, 4
, 41
, 36
, 19
, 58
, 29
, 48
, 51
, 26
, 30
, 47
, 37
, 40
, 5
, 72
, 71
, 6
, 12
, 65
, 3
, 74
, 18
, 59
, 7
, 70
, 71
, 6
, 31
, 46
, 5
, 72
, 20
, 57
, 35
, 42
, 58
, 19
, 75
, 2
, 40
, 37
, 65
, 12
, 68
, 9
, 75
, 2
, 63
, 14
, 49
, 28
, 11
, 66
, 39
, 38
, 49
, 28
, 51
, 26
, 32
, 45
, 67
, 10
, 28
, 49
, 22
, 55
, 30
, 47
, 66
, 11
, 67
, 10
, 14
, 63
, 53
, 24
, 51
, 26
, 15
, 62
, 36
, 41
, 62
, 15
, 45
, 32
, 55
, 22
, 40
, 37
, 21
, 56
, 11
, 66
, 50
, 27
, 32
, 45
, 57
, 20
, 15
, 62
, 41
, 36
, 14
, 63
, 35
, 42
, 10
, 67
, 29
, 48
, 46
, 31
, 30
, 47
, 16
, 61
, 59
, 18
, 69
, 8
, 4
, 73
, 26
, 51
, 54
, 23
, 47
, 30
, 37
, 40
, 68
, 9
, 32
, 45
, 18
, 59
, 17
, 60
, 11
, 66
, 64
, 13
, 71
, 6
, 72
, 5
, 53
, 24
, 52
, 25
, 32
, 45
, 27
, 50
, 29
, 48
, 3
, 74
, 16
, 61
, 33
, 44
, 71
, 6
, 1
, 76
, 52
, 25
, 66
, 11
, 38
, 39
, 8
, 69
, 2
, 75
, 27
, 50
, 2
, 75
, 47
, 30
, 39
, 38
, 26
, 51
, 55
, 22
, 26
, 51
, 39
, 38
, 7
, 70
, 36
, 41
, 10
, 67
, 28
, 49
, 54
, 23
, 29
, 48
, 15
, 62
, 42
, 35
, 20
, 57
, 36
, 41
, 46
, 31
, 52
, 25
, 33
, 44
, 7
, 70
, 62
, 15
, 2
, 75
, 35
, 42
, 54
, 23
, 57
, 20
, 16
, 61
, 23
, 54
, 68
, 9
, 59
, 18
, 15
, 62
, 8
, 69
, 1
, 76
, 32
, 45
, 67
, 10
, 35
, 42
, 34
, 43
, 19
, 58
, 60
, 17
, 6
, 71
, 48
, 29
, 37
, 40
, 46
, 31
, 70
, 7
, 50
, 27
, 36
, 41
, 75
, 2
, 59
, 18
, 30
, 47
, 31
, 46
, 61
, 16
, 24
, 53
, 14
, 63
, 64
, 13
, 73
, 4
, 37
, 40
, 33
, 44
, 8
, 69
, 34
, 43
, 33
, 44
, 64
, 13
, 33
, 44
, 74
, 3
, 12
, 65
, 39
, 38
, 27
, 50
, 40
, 37
, 74
, 3
, 8
, 69
, 43
, 34
, 64
, 13
, 72
, 5
, 64
, 13
, 41
, 36
, 19
, 58
, 59
, 18
, 39
, 38
, 15
, 62
, 4
, 73
, 57
, 20
, 49
, 28
, 74
, 3
, 38
, 39
, 10
, 67
, 5
, 72
, 33
, 44
, 11
, 66
, 32
, 45
, 67
, 10
, 30
, 47
, 70
, 7
, 45
, 32
, 50
, 27
, 49
, 28
, 48
, 29
, 62
, 15
, 3
, 74
, 68
, 9
, 7
, 70
, 54
, 23
, 1
, 76
, 34
, 43
, 8
, 69
, 60
, 17
, 63
, 14
, 28
, 49
, 50
, 27
, 25
, 52
, 68
, 9
, 38
, 39
, 14
, 63
, 43
, 34
, 64
, 13
, 49
, 28
, 11
, 66
, 23
, 54
, 12
, 65
, 11
, 66
, 43
, 34
, 13
, 64
, 15
, 62
, 40
, 37
, 70
, 7
, 30
, 47
, 53
, 24
, 8
, 69
, 70
, 7
, 34
, 43
, 35
, 42
, 39
, 38
, 37
, 40
, 73
, 4
, 67
, 10
, 50
, 27
, 58
, 19
, 57
, 20
, 75
, 2
, 56
, 21
, 8
, 69
, 73
, 4
, 57
, 20
, 16
, 61
, 39
, 38
, 6
, 71
, 40
, 37
, 18
, 59
, 22
, 55
, 18
, 59
, 66
, 11
, 2
, 75
, 20
, 57
, 68
, 9
, 42
, 35
, 68
, 9
, 47
, 30
, 52
, 25
, 29
, 48
, 33
, 44
, 15
, 62
, 20
, 57
, 38
, 39
, 19
, 58
, 2
, 75
, 55
, 22
, 64
, 13
, 71
, 6
, 53
, 24
, 43
, 34
, 63
, 14
, 15
, 62
, 3
, 74
, 70
, 7
, 63
, 14
, 32
, 45
, 9
, 68
, 58
, 19
, 48
, 29
, 59
, 18
, 8
, 69
, 25
, 52
, 61
, 16
, 63
, 14
, 54
, 23
, 65
, 12
, 50
, 27
, 9
, 68
, 20
, 57
, 48
, 29
, 39
, 38
, 8
, 69
, 41
, 36
, 24
, 53
, 48
, 29
, 64
, 13
, 60
, 17
, 59
, 18
, 27
, 50
, 21
, 56
, 39
, 38
, 29
, 48
, 4
, 73
, 54
, 23
, 38
, 39
, 11
, 66
, 74
, 3
, 72
, 5
, 21
, 56
, 15
, 62
, 13
, 64
, 58
, 19
, 38
, 39
, 38
, 39
, 39
, 38
, 44
, 33
, 37
, 40
, 55
, 22
, 50
, 27
, 8
, 69
, 52
, 25
, 43
, 34
, 18
, 59
, 25
, 52
, 60
, 17
, 45
, 32
, 11
, 66
, 29
, 48
, 30
, 47
, 52
, 25
, 30
, 47
, 9
, 68
, 59
, 18
, 36
, 41
, 47
, 30
, 31
, 46
, 27
, 50
, 5
, 72
, 69
, 8
, 18
, 59
, 12
, 65
, 4
, 73
, 2
, 75
, 75
, 2
, 36
, 41
, 54
, 23
, 53
, 24
, 70
, 7
, 23
, 54
, 35
, 42
, 56
, 21
, 23
, 54
, 70
, 7
, 74
, 3
, 20
, 57
, 18
, 59
, 8
, 69
, 48
, 29
, 54
, 23
, 36
, 41
, 47
, 30
, 20
, 57
, 21
, 56
, 24
, 53
, 53
, 24
, 34
, 43
, 55
, 22
, 15
, 62
, 42
, 35
, 34
, 43
, 33
, 44
, 73
, 4
, 57
, 20
, 66
, 11
, 75
, 2
, 55
, 22
, 36
, 41
, 39
, 38
, 35
, 42
, 8
, 69
, 41
, 36
, 75
, 2
, 29
, 48
, 30
, 47
, 62
, 15
, 13
, 64
, 25
, 52
, 67
, 10
, 48
, 29
, 69
, 8
, 4
, 73
, 73
, 4
, 6
, 71
, 9
, 68
, 3
, 74
, 51
, 26
, 1
, 76
, 73
, 4
, 24
, 53
, 15
, 62
, 62
, 15
, 52
, 25
, 41
, 36
, 36
, 41
, 3
, 74
, 70
, 7
, 44
, 33
, 23
, 54
, 35
, 42
, 73
, 4
, 48
, 29
, 72
, 5
, 34
, 43
, 61
, 16
, 38
, 39
, 48
, 29
, 68
, 9
, 31
, 46
, 25
, 52
, 63
, 14
, 35
, 42
, 48
, 29
, 15
, 62
, 74
, 3
, 65
, 12
, 40
, 37
, 49
, 28
, 31
, 46
, 48
, 29
, 28
, 49
, 70
, 7
, 23
, 54
, 54
, 23
, 71
, 6
, 46
, 31
, 67
, 10
, 30
, 47
, 68
, 9
, 51
, 26
, 63
, 14
, 26
, 51
, 18
, 59
, 58
, 19
, 16
, 61
, 13
, 64
, 10
, 67
, 73
, 4
, 51
, 26
, 62
, 15
, 72
, 5
, 5
, 72
, 39
, 38
, 27
, 50
, 66
, 11
, 23
, 54
, 50
, 27
, 32
, 45
, 33
, 44
, 71
, 6
, 43
, 34
, 62
, 15
, 53
, 24
, 33
, 44
, 52
, 25
, 30
, 47
, 24
, 53
, 63
, 14
, 64
, 13
, 20
, 57
, 31
, 46
, 11
, 66
, 17
, 60
, 18
, 59
, 6
, 71
, 68
, 9
, 66
, 11
, 21
, 56
, 30
, 47
, 4
, 73
, 63
, 14
, 19
, 58
, 69
, 8
, 44
, 33
, 66
, 11
, 68
, 9
, 2
, 75
, 13
, 64
, 60
, 17
, 65
, 12
, 15
, 62
, 55
, 22
, 73
, 4
, 38
, 39
, 1
, 76
, 47
, 30
, 17
, 60
, 28
, 49
, 5
, 72
, 37
, 40
, 3
, 74
, 18
, 59
, 20
, 57
, 1
, 76
, 41
, 36
, 5
, 72
, 55
, 22
, 25
, 52
, 6
, 71
, 1
, 76
, 30
, 47
, 62
, 15
, 38
, 39
, 39
, 38
, 42
, 35
, 54
, 23
, 60
, 17
, 44
, 33
, 55
, 22
, 43
, 34
, 27
, 50
, 23
, 54
, 40
, 37
, 72
, 5
, 69
, 8
, 39
, 38
, 2
, 75
, 69
, 8
, 9
, 68
, 18
, 59
, 58
, 19
, 49
, 28
, 51
, 26
, 13
, 64
, 22
, 55
, 68
, 9
, 72
, 5
, 4
, 73
, 7
, 70
, 43
, 34
, 14
, 63
, 55
, 22
, 13
, 64
, 46
, 31
, 22
, 55
, 65
, 12
, 29
, 48
, 41
, 36
, 4
, 73
, 67
, 10
, 10
, 67
, 9
, 68
, 35
, 42
, 15
, 62
, 11
, 66
, 59
, 18
, 36
, 41
, 49
, 28
, 27
, 50
, 20
, 57
, 6
, 71
, 50
, 27
, 61
, 16
, 23
, 54
, 13
, 64
, 23
, 54
, 44
, 33
, 73
, 4
, 49
, 28
, 40
, 37
, 44
, 33
, 23
, 54
, 38
, 39
, 13
, 64
, 38
, 39
, 14
, 63
, 53
, 24
, 19
, 58
, 49
, 28
, 23
, 54
, 40
, 37
, 48
, 29
, 41
, 36
, 4
, 73
, 28
, 49
, 5
, 72
, 30
, 47
, 37
, 40
, 43
, 34
, 56
, 21
, 49
, 28
, 19
, 58
, 73
, 4
, 71
, 6
, 19
, 58
, 74
, 3
, 37
, 40
, 36
, 41
, 48
, 29
, 13
, 64
, 65
, 12
, 24
, 53
, 43
, 34
, 45
, 32
, 74
, 3
, 8
, 69
, 23
, 54
, 45
, 32
, 70
, 7
, 70
, 7
, 43
, 34
, 50
, 27
, 33
, 44
, 17
, 60
, 1
, 76
, 44
, 33
, 29
, 48
, 31
, 46
, 57
, 20
, 60
, 17
, 50
, 27
, 26
, 51
, 40
, 37
, 11
, 66
, 38
, 39
, 47
, 30
, 45
, 32
, 43
, 34
, 50
, 27
, 8
, 69
, 67
, 10
, 38
, 39
, 49
, 28
, 52
, 25
, 71
, 6
, 13
, 64
, 54
, 23
, 55
, 22
, 50
, 27
, 30
, 47
, 58
, 19
, 9
, 68
, 60
, 17
, 9
, 68
, 64
, 13
, 16
, 61
, 60
, 17
, 2
, 75
, 24
, 53
, 12
, 65
, 17
, 60
, 36
, 41
, 55
, 22
, 65
, 12
, 3
, 74
, 12
, 65
, 48
, 29
, 29
, 48
, 73
, 4
, 17
, 60
, 17
, 60
, 40
, 37
, 41
, 36
, 72
, 5
, 64
, 13
, 49
, 28
, 7
, 70
, 38
, 39
, 32
, 45
, 2
, 75
, 60
, 17
, 39
, 38
, 1
, 76
, 54
, 23
, 27
, 50
, 49
, 28
, 1
, 76
, 72
, 5
, 28
, 49
, 12
, 65
, 22
, 55
, 65
, 12
, 55
, 22
, 62
, 15
, 2
, 75
, 11
, 66
, 45
, 32
, 3
, 74
, 50
, 27
, 34
, 43
, 69
, 8
, 18
, 59
, 34
, 43
, 9
, 68
, 5
, 72
, 1
, 76
, 44
, 33
, 47
, 30
, 36
, 41
, 1
, 76
, 53
, 24
, 51
, 26
, 15
, 62
, 44
, 33
, 70
, 7
, 7
, 70
, 56
, 21
, 59
, 18
, 47
, 30
, 66
, 11
, 24
, 53
, 50
, 27
, 71
, 6
, 68
, 9
, 23
, 54
, 65
, 12
, 9
, 68
, 55
, 22
, 73
, 4
, 18
, 59
, 61
, 16
, 28
, 49
, 28
, 49
, 28
, 49
, 75
, 2
, 59
, 18
, 25
, 52
, 34
, 43
, 52
, 25
, 8
, 69
, 53
, 24
, 64
, 13
, 32
, 45
, 45
, 32
, 23
, 54
, 60
, 17
, 29
, 48
, 7
, 70
, 2
, 75
, 50
, 27
, 61
, 16
, 32
, 45
, 62
, 15
, 56
, 21
, 45
, 32
, 75
, 2
, 29
, 48
, 41
, 36
, 24
, 53
, 43
, 34
, 11
, 66
, 39
, 38
, 2
, 75
, 3
, 74
, 39
, 38
, 65
, 12
, 9
, 68
, 27
, 50
, 71
, 6
, 74
, 3
, 40
, 37
, 36
, 41
, 5
, 72
, 11
, 66
, 8
, 69
, 63
, 14
, 63
, 14
, 49
, 28
, 73
, 4
, 14
, 63
, 45
, 32
, 7
, 70
, 10
, 67
, 28
, 49
, 62
, 15
, 42
, 35
, 55
, 22
, 21
, 56
, 9
, 68
, 44
, 33
, 58
, 19
, 25
, 52
, 44
, 33
, 24
, 53
, 31
, 46
, 62
, 15
, 28
, 49
, 14
, 63
, 26
, 51
, 66
, 11
, 51
, 26
, 50
, 27
, 73
, 4
, 47
, 30
, 23
, 54
, 4
, 73
, 53
, 24
, 50
, 27
, 54
, 23
, 33
, 44
, 30
, 47
, 38
, 39
, 62
, 15
, 56
, 21
, 43
, 34
, 41
, 36
, 69
, 8
, 55
, 22
, 9
, 68
, 42
, 35
, 29
, 48
, 36
, 41
, 34
, 43
, 43
, 34
, 1
, 76
, 70
, 7
, 9
, 68
, 25
, 52
, 40
, 37
, 35
, 42
, 45
, 32
, 27
, 50
, 5
, 72
, 46
, 31
, 45
, 32
, 25
, 52
, 70
, 7
, 11
, 66
, 41
, 36
, 37
, 40
, 6
, 71
, 60
, 17
, 39
, 38
, 43
, 34
, 10
, 67
, 27
, 50
, 51
, 26
, 56
, 21
, 65
, 12
, 58
, 19
, 10
, 67
, 4
, 73
, 31
, 46
, 57
, 20
, 47
, 30
, 21
, 56
, 6
, 71
, 7
, 70
, 71
, 6
, 9
, 68
, 9
, 68
, 68
, 9
, 65
, 12
, 69
, 8
, 14
, 63
, 30
, 47
, 25
, 52
, 56
, 21
, 34
, 43
, 29
, 48
, 44
, 33
, 55
, 22
, 59
, 18
, 58
, 19
, 8
, 69
, 59
, 18
, 42
, 35
, 75
, 2
, 51
, 26
, 30
, 47
, 32
, 45
, 11
, 66
, 9
, 68
, 3
, 74
, 70
, 7
, 24
, 53
, 1
, 76
, 7
, 70
, 34
, 43
, 33
, 44
, 35
, 42
, 61
, 16
, 42
, 35
, 5
, 72
, 35
, 42
, 4
, 73
, 69
, 8
, 69
, 8
, 4
, 73
, 73
, 4
, 2
, 75
, 69
, 8
, 32
, 45
, 16
, 61
, 30
, 47
, 24
, 53
, 39
, 38
, 15
, 62
, 60
, 17
, 66
, 11
, 52
, 25
, 65
, 12
, 5
, 72
, 22
, 55
, 22
, 55
, 36
, 41
, 33
, 44
, 42
, 35
, 5
, 72
, 47
, 30
, 68
, 9
, 31
, 46
, 43
, 34
, 54
, 23
, 1
, 76
, 5
, 72
, 64
, 13
, 32
, 45
, 8
, 69
, 37
, 40
, 15
, 62
, 39
, 38
, 47
, 30
, 1
, 76
, 29
, 48
, 27
, 50
, 10
, 67
, 68
, 9
, 69
, 8
, 75
, 2
, 32
, 45
, 17
, 60
, 31
, 46
, 46
, 31
, 22
, 55
, 51
, 26
, 52
, 25
, 36
, 41
, 62
, 15
, 30
, 47
, 33
, 44
, 69
, 8
, 42
, 35
, 7
, 70
, 16
, 61
, 32
, 45
, 30
, 47
, 20
, 57
, 63
, 14
, 30
, 47
, 55
, 22
, 57
, 20
, 34
, 43
, 58
, 19
, 55
, 22
, 24
, 53
, 73
, 4
, 49
, 28
, 63
, 14
, 43
, 34
, 3
, 74
, 42
, 35
, 71
, 6
, 46
, 31
, 57
, 20
, 19
, 58
, 33
, 44
, 72
, 5
, 20
, 57
, 69
, 8
, 62
, 15
, 68
, 9
, 75
, 2
, 58
, 19
, 21
, 56
, 49
, 28
, 11
, 66
, 47
, 30
, 29
, 48
, 31
, 46
, 72
, 5
, 56
, 21
, 55
, 22
, 57
, 20
, 63
, 14
, 58
, 19
, 46
, 31
, 3
, 74
, 55
, 22
, 57
, 20
, 59
, 18
, 65
, 12
, 10
, 67
, 63
, 14
, 68
, 9
, 7
, 70
, 16
, 61
, 21
, 56
, 63
, 14
, 50
, 27
, 47
, 30
, 8
, 69
, 17
, 60
, 66
, 11
, 75
, 2
, 72
, 5
, 58
, 19
, 71
, 6
, 62
, 15
, 48
, 29
, 14
, 63
, 10
, 67
, 33
, 44
, 72
, 5
, 46
, 31
, 54
, 23
, 66
, 11
, 4
, 73
, 25
, 52
, 45
, 32
, 6
, 71
, 35
, 42
, 43
, 34
, 4
, 73
, 71
, 6
, 47
, 30
, 36
, 41
, 55
, 22
, 75
, 2
, 63
, 14
, 12
, 65
, 64
, 13
, 57
, 20
, 74
, 3
, 58
, 19
, 60
, 17
, 58
, 19
, 37
, 40
, 66
, 11
, 35
, 42
, 49
, 28
, 68
, 9
, 31
, 46
, 5
, 72
, 38
, 39
, 64
, 13
, 32
, 45
, 40
, 37
, 59
, 18
, 8
, 69
, 28
, 49
, 24
, 53
, 54
, 23
, 6
, 71
, 26
, 51
, 46
, 31
, 59
, 18
, 28
, 49
, 51
, 26
, 59
, 18
, 12
, 65
, 68
, 9
, 29
, 48
, 20
, 57
, 60
, 17
, 37
, 40
, 60
, 17
, 15
, 62
, 55
, 22
, 25
, 52
, 60
, 17
, 53
, 24
, 13
, 64
, 30
, 47
, 37
, 40
, 18
, 59
, 5
, 72
, 32
, 45
, 27
, 50
, 33
, 44
, 40
, 37
, 43
, 34
, 66
, 11
, 53
, 24
, 17
, 60
, 63
, 14
, 16
, 61
, 58
, 19
, 30
, 47
, 5
, 72
, 23
, 54
, 20
, 57
, 42
, 35
, 38
, 39
, 20
, 57
, 60
, 17
, 5
, 72
, 36
, 41
, 40
, 37
, 18
, 59
, 50
, 27
, 23
, 54
, 32
, 45
, 63
, 14
, 19
, 58
, 58
, 19
, 48
, 29
, 74
, 3
, 53
, 24
, 17
, 60
, 37
, 40
, 40
, 37
, 17
, 60
, 69
, 8
, 6
, 71
, 4
, 73
, 63
, 14
, 39
, 38
, 39
, 38
, 15
, 62
, 10
, 67
, 44
, 33
, 52
, 25
, 55
, 22
, 57
, 20
, 7
, 70
, 14
, 63
, 56
, 21
, 39
, 38
, 28
, 49
, 13
, 64
, 35
, 42
, 50
, 27
, 55
, 22
, 54
, 23
, 17
, 60
, 18
, 59
, 32
, 45
, 34
, 43
, 14
, 63
, 10
, 67
, 20
, 57
, 10
, 67
, 54
, 23
, 55
, 22
, 71
, 6
, 61
, 16
, 1
, 76
, 54
, 23
, 22
, 55
, 17
, 60
, 15
, 62
, 69
, 8
, 9
, 68
, 17
, 60
, 29
, 48
, 69
, 8
, 45
, 32
, 8
, 69
, 18
, 59
, 54
, 23
, 34
, 43
, 62
, 15
, 55
, 22
, 24
, 53
, 70
, 7
, 65
, 12
, 37
, 40
, 31
, 46
, 32
, 45
, 71
, 6
, 72
, 5
, 60
, 17
, 42
, 35
, 56
, 21
, 7
, 70
, 56
, 21
, 48
, 29
, 66
, 11
, 31
, 46
, 68
, 9
, 57
, 20
, 5
, 72
, 37
, 40
, 43
, 34
, 4
, 73
, 72
, 5
, 48
, 29
, 49
, 28
, 22
, 55
, 63
, 14
, 52
, 25
, 32
, 45
, 2
, 75
, 17
, 60
, 72
, 5
, 29
, 48
, 75
, 2
, 23
, 54
, 30
, 47
, 23
, 54
, 14
, 63
, 45
, 32
, 17
, 60
, 46
, 31
, 73
, 4
, 54
, 23
, 25
, 52
, 11
, 66
, 30
, 47
, 54
, 23
, 46
, 31
, 27
, 50
, 74
, 3
, 43
, 34
, 66
, 11
, 57
, 20
, 30
, 47
, 8
, 69
, 51
, 26
, 40
, 37
, 60
, 17
, 46
, 31
, 22
, 55
, 13
, 64
, 57
, 20
, 29
, 48
, 33
, 44
, 4
, 73
, 36
, 41
, 6
, 71
, 26
, 51
, 12
, 65
, 11
, 66
, 48
, 29
, 38
, 39
, 7
, 70
, 65
, 12
, 57
, 20
, 38
, 39
, 40
, 37
, 34
, 43
, 25
, 52
, 63
, 14
, 42
, 35
, 34
, 43
, 62
, 15
, 53
, 24
, 25
, 52
, 17
, 60
, 37
, 40
, 28
, 49
, 40
, 37
, 48
, 29
, 24
, 53
, 3
, 74
, 29
, 48
, 66
, 11
, 48
, 29
, 6
, 71
, 73
, 4
, 45
, 32
, 16
, 61
, 46
, 31
, 36
, 41
, 17
, 60
, 6
, 71
, 58
, 19
, 47
, 30
, 3
, 74
, 21
, 56
, 7
, 70
, 8
, 69
, 21
, 56
, 44
, 33
, 21
, 56
, 63
, 14
, 2
, 75
, 45
, 32
, 58
, 19
, 65
, 12
, 41
, 36
, 21
, 56
, 3
, 74
, 42
, 35
, 8
, 69
, 22
, 55
, 43
, 34
, 2
, 75
, 38
, 39
, 38
, 39
, 18
, 59
, 13
, 64
, 75
, 2
, 60
, 17
, 41
, 36
, 4
, 73
, 67
, 10
, 74
, 3
, 43
, 34
, 59
, 18
, 60
, 17
, 63
, 14
, 42
, 35
, 39
, 38
, 72
, 5
, 58
, 19
, 65
, 12
, 53
, 24
, 22
, 55
, 2
, 75
, 6
, 71
, 8
, 69
, 2
, 75
, 22
, 55
, 67
, 10
, 36
, 41
, 17
, 60
, 1
, 76
, 38
, 39
, 15
, 62
, 57
, 20
, 25
, 52
, 28
, 49
, 15
, 62
, 49
, 28
, 23
, 54
, 45
, 32
, 71
, 6
, 11
, 66
, 8
, 69
, 38
, 39
, 24
, 53
, 42
, 35
, 62
, 15
, 46
, 31
, 34
, 43
, 27
, 50
, 40
, 37
, 59
, 18
, 43
, 34
, 6
, 71
, 63
, 14
, 57
, 20
, 9
, 68
, 18
, 59
, 54
, 23
, 34
, 43
, 2
, 75
, 71
, 6
, 63
, 14
, 55
, 22
, 57
, 20
, 25
, 52
, 40
, 37
, 28
, 49
, 59
, 18
, 3
, 74
, 70
, 7
, 16
, 61
, 24
, 53
, 40
, 37
, 12
, 65
, 3
, 74
, 4
, 73
, 53
, 24
, 36
, 41
, 18
, 59
, 58
, 19
, 18
, 59
, 67
, 10
, 2
, 75
, 41
, 36
, 48
, 29
, 27
, 50
, 42
, 35
, 51
, 26
, 13
, 64
, 43
, 34
, 59
, 18
, 66
, 11
, 3
, 74
, 24
, 53
, 1
, 76
, 75
, 2
, 61
, 16
, 67
, 10
, 13
, 64
, 40
, 37
, 29
, 48
, 30
, 47
, 19
, 58
, 22
, 55
, 58
, 19
, 67
, 10
, 30
, 47
, 16
, 61
, 22
, 55
, 71
, 6
, 69
, 8
, 33
, 44
, 38
, 39
, 22
, 55
, 6
, 71
, 62
, 15
, 22
, 55
, 22
, 55
, 61
, 16
, 46
, 31
, 5
, 72
, 63
, 14
, 64
, 13
, 25
, 52
, 20
, 57
, 31
, 46
, 73
, 4
, 17
, 60
, 32
, 45
, 63
, 14
, 11
, 66
, 19
, 58
, 4
, 73
, 16
, 61
, 15
, 62
, 16
, 61
, 37
, 40
, 60
, 17
, 4
, 73
, 23
, 54
, 12
, 65
, 64
, 13
, 28
, 49
, 67
, 10
, 53
, 24
, 73
, 4
, 66
, 11
, 44
, 33
, 5
, 72
, 34
, 43
, 10
, 67
, 29
, 48
, 13
, 64
, 73
, 4
, 6
, 71
, 5
, 72
, 59
, 18
, 69
, 8
, 14
, 63
, 74
, 3
, 42
, 35
, 72
, 5
, 16
, 61
, 30
, 47
, 53
, 24
, 5
, 72
, 55
, 22
, 26
, 51
, 57
, 20
, 48
, 29
, 12
, 65
, 34
, 43
, 36
, 41
, 45
, 32
, 70
, 7
, 74
, 3
, 43
, 34
, 9
, 68
, 38
, 39
, 48
, 29
, 31
, 46
, 12
, 65
, 39
, 38
, 39
, 38
, 24
, 53
, 30
, 47
, 64
, 13
, 18
, 59
, 45
, 32
, 11
, 66
, 31
, 46
, 31
, 46
, 61
, 16
, 62
, 15
, 45
, 32
, 34
, 43
, 39
, 38
, 75
, 2
, 4
, 73
, 6
, 71
, 74
, 3
, 38
, 39
, 27
, 50
, 55
, 22
, 50
, 27
, 48
, 29
, 25
, 52
, 39
, 38
, 12
, 65
, 18
, 59
, 73
, 4
, 48
, 29
, 45
, 32
, 73
, 4
, 27
, 50
, 55
, 22
, 66
, 11
, 40
, 37
, 15
, 62
, 39
, 38
, 15
, 62
, 17
, 60
, 67
, 10
, 18
, 59
, 21
, 56
, 27
, 50
, 39
, 38
, 12
, 65
, 69
, 8
, 12
, 65
, 12
, 65
, 49
, 28
, 41
, 36
, 3
, 74
, 29
, 48
, 50
, 27
, 72
, 5
, 71
, 6
, 40
, 37
, 17
, 60
, 40
, 37
, 48
, 29
, 36
, 41
, 27
, 50
, 19
, 58
, 53
, 24
, 47
, 30
, 14
, 63
, 47
, 30
, 52
, 25
, 44
, 33
, 49
, 28
, 68
, 9
, 62
, 15
, 6
, 71
, 70
, 7
, 36
, 41
, 46
, 31
, 20
, 57
, 6
, 71
, 1
, 76
, 48
, 29
, 49
, 28
, 56
, 21
, 1
, 76
, 69
, 8
, 49
, 28
, 39
, 38
, 45
, 32
, 59
, 18
, 60
, 17
, 66
, 11
, 47
, 30
, 72
, 5
, 11
, 66
, 38
, 39
, 15
, 62
, 11
, 66
, 15
, 62
, 19
, 58
, 33
, 44
, 67
, 10
, 75
, 2
, 35
, 42
, 45
, 32
, 17
, 60
, 74
, 3
, 37
, 40
, 9
, 68
, 13
, 64
, 21
, 56
, 49
, 28
, 5
, 72
, 9
, 68
, 66
, 11
, 20
, 57
, 58
, 19
, 7
, 70
, 35
, 42
, 48
, 29
, 36
, 41
, 75
, 2
, 67
, 10
, 11
, 66
, 59
, 18
, 8
, 69
, 23
, 54
, 26
, 51
, 51
, 26
, 71
, 6
, 30
, 47
, 14
, 63
, 24
, 53
, 22
, 55
, 29
, 48
, 45
, 32
, 49
, 28
, 10
, 67
, 16
, 61
, 24
, 53
, 30
, 47
, 28
, 49
, 14
, 63
, 42
, 35
, 68
, 9
, 61
, 16
, 72
, 5
, 10
, 67
, 57
, 20
, 43
, 34
, 73
, 4
, 39
, 38
, 15
, 62
, 49
, 28
, 6
, 71
, 2
, 75
, 42
, 35
, 44
, 33
, 75
, 2
, 41
, 36
, 22
, 55
, 30
, 47
, 32
, 45
, 57
, 20
, 25
, 52
, 59
, 18
, 33
, 44
, 68
, 9
, 49
, 28
, 28
, 49
, 50
, 27
, 51
, 26
, 35
, 42
, 52
, 25
, 23
, 54
, 51
, 26
, 55
, 22
, 5
, 72
, 33
, 44
, 20
, 57
, 68
, 9
, 45
, 32
, 20
, 57
, 51
, 26
, 68
, 9
, 45
, 32
, 13
, 64
, 8
, 69
, 13
, 64
, 8
, 69
, 60
, 17
, 21
, 56
, 15
, 62
, 36
, 41
, 9
, 68
, 27
, 50
, 4
, 73
, 3
, 74
, 60
, 17
, 5
, 72
, 11
, 66
, 4
, 73
, 17
, 60
, 18
, 59
, 3
, 74
, 49
, 28
, 63
, 14
, 36
, 41
, 30
, 47
, 30
, 47
, 5
, 72
