
1820
, 2
, 74
, 1
, 75
, 59
, 17
, 25
, 51
, 48
, 28
, 67
, 9
, 47
, 29
, 36
, 40
, 12
, 64
, 39
, 37
, 41
, 35
, 52
, 24
, 40
, 36
, 61
, 15
, 34
, 42
, 56
, 20
, 43
, 33
, 40
, 36
, 7
, 69
, 17
, 59
, 24
, 52
, 59
, 17
, 15
, 61
, 21
, 55
, 38
, 38
, 53
, 23
, 60
, 16
, 11
, 65
, 38
, 38
, 33
, 43
, 64
, 12
, 63
, 13
, 16
, 60
, 71
, 5
, 65
, 11
, 29
, 47
, 67
, 9
, 67
, 9
, 16
, 60
, 37
, 39
, 59
, 17
, 42
, 34
, 51
, 25
, 61
, 15
, 41
, 35
, 71
, 5
, 48
, 28
, 37
, 39
, 38
, 38
, 3
, 73
, 7
, 69
, 60
, 16
, 63
, 13
, 72
, 4
, 37
, 39
, 45
, 31
, 27
, 49
, 35
, 41
, 46
, 30
, 64
, 12
, 1
, 75
, 30
, 46
, 60
, 16
, 14
, 62
, 41
, 35
, 67
, 9
, 41
, 35
, 51
, 25
, 45
, 31
, 68
, 8
, 5
, 71
, 73
, 3
, 39
, 37
, 10
, 66
, 26
, 50
, 43
, 33
, 71
, 5
, 49
, 27
, 37
, 39
, 19
, 57
, 29
, 47
, 60
, 16
, 1
, 75
, 11
, 65
, 41
, 35
, 21
, 55
, 57
, 19
, 68
, 8
, 62
, 14
, 46
, 30
, 35
, 41
, 54
, 22
, 4
, 72
, 20
, 56
, 33
, 43
, 26
, 50
, 44
, 32
, 66
, 10
, 8
, 68
, 42
, 34
, 41
, 35
, 13
, 63
, 33
, 43
, 3
, 73
, 5
, 71
, 7
, 69
, 52
, 24
, 67
, 9
, 35
, 41
, 61
, 15
, 21
, 55
, 34
, 42
, 73
, 3
, 70
, 6
, 49
, 27
, 51
, 25
, 47
, 29
, 31
, 45
, 2
, 74
, 11
, 65
, 46
, 30
, 19
, 57
, 46
, 30
, 22
, 54
, 16
, 60
, 58
, 18
, 64
, 12
, 20
, 56
, 50
, 26
, 16
, 60
, 61
, 15
, 23
, 53
, 50
, 26
, 32
, 44
, 73
, 3
, 48
, 28
, 57
, 19
, 40
, 36
, 8
, 68
, 32
, 44
, 54
, 22
, 42
, 34
, 8
, 68
, 18
, 58
, 3
, 73
, 61
, 15
, 63
, 13
, 17
, 59
, 20
, 56
, 32
, 44
, 5
, 71
, 55
, 21
, 13
, 63
, 62
, 14
, 54
, 22
, 18
, 58
, 18
, 58
, 25
, 51
, 58
, 18
, 27
, 49
, 27
, 49
, 20
, 56
, 49
, 27
, 17
, 59
, 12
, 64
, 5
, 71
, 71
, 5
, 74
, 2
, 72
, 4
, 72
, 4
, 67
, 9
, 8
, 68
, 40
, 36
, 15
, 61
, 69
, 7
, 23
, 53
, 33
, 43
, 19
, 57
, 37
, 39
, 22
, 54
, 17
, 59
, 13
, 63
, 12
, 64
, 45
, 31
, 16
, 60
, 23
, 53
, 72
, 4
, 5
, 71
, 13
, 63
, 71
, 5
, 70
, 6
, 1
, 75
, 65
, 11
, 14
, 62
, 72
, 4
, 23
, 53
, 8
, 68
, 43
, 33
, 70
, 6
, 57
, 19
, 53
, 23
, 62
, 14
, 52
, 24
, 74
, 2
, 46
, 30
, 39
, 37
, 43
, 33
, 50
, 26
, 36
, 40
, 56
, 20
, 15
, 61
, 7
, 69
, 37
, 39
, 26
, 50
, 34
, 42
, 73
, 3
, 70
, 6
, 17
, 59
, 3
, 73
, 21
, 55
, 22
, 54
, 58
, 18
, 46
, 30
, 67
, 9
, 21
, 55
, 48
, 28
, 42
, 34
, 23
, 53
, 69
, 7
, 49
, 27
, 23
, 53
, 26
, 50
, 22
, 54
, 7
, 69
, 39
, 37
, 30
, 46
, 6
, 70
, 46
, 30
, 17
, 59
, 3
, 73
, 59
, 17
, 28
, 48
, 67
, 9
, 22
, 54
, 46
, 30
, 74
, 2
, 5
, 71
, 4
, 72
, 73
, 3
, 54
, 22
, 9
, 67
, 49
, 27
, 63
, 13
, 43
, 33
, 72
, 4
, 40
, 36
, 32
, 44
, 21
, 55
, 71
, 5
, 72
, 4
, 37
, 39
, 74
, 2
, 71
, 5
, 65
, 11
, 52
, 24
, 71
, 5
, 15
, 61
, 14
, 62
, 6
, 70
, 4
, 72
, 20
, 56
, 33
, 43
, 69
, 7
, 51
, 25
, 16
, 60
, 6
, 70
, 68
, 8
, 15
, 61
, 65
, 11
, 2
, 74
, 22
, 54
, 70
, 6
, 27
, 49
, 30
, 46
, 53
, 23
, 68
, 8
, 39
, 37
, 32
, 44
, 10
, 66
, 26
, 50
, 62
, 14
, 60
, 16
, 42
, 34
, 19
, 57
, 6
, 70
, 48
, 28
, 26
, 50
, 33
, 43
, 49
, 27
, 56
, 20
, 53
, 23
, 13
, 63
, 56
, 20
, 9
, 67
, 21
, 55
, 13
, 63
, 9
, 67
, 68
, 8
, 48
, 28
, 1
, 75
, 63
, 13
, 9
, 67
, 6
, 70
, 3
, 73
, 7
, 69
, 27
, 49
, 51
, 25
, 28
, 48
, 14
, 62
, 44
, 32
, 34
, 42
, 26
, 50
, 1
, 75
, 8
, 68
, 53
, 23
, 25
, 51
, 58
, 18
, 35
, 41
, 68
, 8
, 67
, 9
, 73
, 3
, 31
, 45
, 65
, 11
, 60
, 16
, 53
, 23
, 54
, 22
, 40
, 36
, 66
, 10
, 54
, 22
, 31
, 45
, 6
, 70
, 23
, 53
, 43
, 33
, 67
, 9
, 10
, 66
, 47
, 29
, 67
, 9
, 58
, 18
, 5
, 71
, 55
, 21
, 37
, 39
, 66
, 10
, 14
, 62
, 59
, 17
, 61
, 15
, 37
, 39
, 28
, 48
, 53
, 23
, 8
, 68
, 14
, 62
, 44
, 32
, 49
, 27
, 27
, 49
, 72
, 4
, 23
, 53
, 25
, 51
, 60
, 16
, 30
, 46
, 41
, 35
, 31
, 45
, 55
, 21
, 28
, 48
, 50
, 26
, 51
, 25
, 70
, 6
, 40
, 36
, 67
, 9
, 40
, 36
, 53
, 23
, 62
, 14
, 31
, 45
, 6
, 70
, 23
, 53
, 22
, 54
, 30
, 46
, 53
, 23
, 53
, 23
, 57
, 19
, 15
, 61
, 71
, 5
, 16
, 60
, 2
, 74
, 32
, 44
, 59
, 17
, 66
, 10
, 13
, 63
, 21
, 55
, 52
, 24
, 9
, 67
, 22
, 54
, 61
, 15
, 55
, 21
, 21
, 55
, 20
, 56
, 13
, 63
, 43
, 33
, 17
, 59
, 21
, 55
, 63
, 13
, 11
, 65
, 17
, 59
, 63
, 13
, 70
, 6
, 55
, 21
, 46
, 30
, 20
, 56
, 73
, 3
, 74
, 2
, 2
, 74
, 2
, 74
, 14
, 62
, 52
, 24
, 54
, 22
, 25
, 51
, 24
, 52
, 2
, 74
, 53
, 23
, 38
, 38
, 59
, 17
, 8
, 68
, 4
, 72
, 49
, 27
, 62
, 14
, 58
, 18
, 3
, 73
, 27
, 49
, 54
, 22
, 57
, 19
, 62
, 14
, 21
, 55
, 70
, 6
, 70
, 6
, 9
, 67
, 66
, 10
, 7
, 69
, 26
, 50
, 16
, 60
, 23
, 53
, 53
, 23
, 73
, 3
, 55
, 21
, 51
, 25
, 35
, 41
, 36
, 40
, 43
, 33
, 8
, 68
, 20
, 56
, 58
, 18
, 23
, 53
, 72
, 4
, 1
, 75
, 47
, 29
, 16
, 60
, 38
, 38
, 46
, 30
, 68
, 8
, 62
, 14
, 60
, 16
, 16
, 60
, 6
, 70
, 47
, 29
, 12
, 64
, 37
, 39
, 47
, 29
, 25
, 51
, 59
, 17
, 55
, 21
, 63
, 13
, 36
, 40
, 65
, 11
, 25
, 51
, 44
, 32
, 67
, 9
, 40
, 36
, 67
, 9
, 3
, 73
, 20
, 56
, 58
, 18
, 8
, 68
, 55
, 21
, 10
, 66
, 3
, 73
, 19
, 57
, 6
, 70
, 52
, 24
, 63
, 13
, 4
, 72
, 26
, 50
, 16
, 60
, 46
, 30
, 66
, 10
, 74
, 2
, 24
, 52
, 24
, 52
, 28
, 48
, 53
, 23
, 38
, 38
, 59
, 17
, 34
, 42
, 70
, 6
, 59
, 17
, 25
, 51
, 41
, 35
, 24
, 52
, 41
, 35
, 57
, 19
, 38
, 38
, 31
, 45
, 2
, 74
, 64
, 12
, 24
, 52
, 34
, 42
, 67
, 9
, 24
, 52
, 19
, 57
, 19
, 57
, 37
, 39
, 27
, 49
, 20
, 56
, 52
, 24
, 40
, 36
, 56
, 20
, 23
, 53
, 53
, 23
, 7
, 69
, 72
, 4
, 39
, 37
, 28
, 48
, 69
, 7
, 39
, 37
, 12
, 64
, 69
, 7
, 46
, 30
, 72
, 4
, 48
, 28
, 34
, 42
, 7
, 69
, 18
, 58
, 62
, 14
, 72
, 4
, 9
, 67
, 14
, 62
, 53
, 23
, 30
, 46
, 21
, 55
, 24
, 52
, 62
, 14
, 24
, 52
, 34
, 42
, 43
, 33
, 37
, 39
, 16
, 60
, 16
, 60
, 36
, 40
, 26
, 50
, 38
, 38
, 55
, 21
, 29
, 47
, 41
, 35
, 35
, 41
, 22
, 54
, 15
, 61
, 73
, 3
, 55
, 21
, 7
, 69
, 44
, 32
, 42
, 34
, 45
, 31
, 6
, 70
, 74
, 2
, 74
, 2
, 29
, 47
, 13
, 63
, 27
, 49
, 32
, 44
, 25
, 51
, 3
, 73
, 39
, 37
, 45
, 31
, 20
, 56
, 52
, 24
, 32
, 44
, 24
, 52
, 29
, 47
, 40
, 36
, 66
, 10
, 72
, 4
, 46
, 30
, 28
, 48
, 41
, 35
, 57
, 19
, 18
, 58
, 66
, 10
, 12
, 64
, 66
, 10
, 27
, 49
, 48
, 28
, 20
, 56
, 58
, 18
, 22
, 54
, 9
, 67
, 22
, 54
, 7
, 69
, 19
, 57
, 7
, 69
, 62
, 14
, 1
, 75
, 4
, 72
, 16
, 60
, 56
, 20
, 3
, 73
, 70
, 6
, 26
, 50
, 1
, 75
, 15
, 61
, 60
, 16
, 29
, 47
, 71
, 5
, 37
, 39
, 4
, 72
, 41
, 35
, 22
, 54
, 64
, 12
, 39
, 37
, 71
, 5
, 41
, 35
, 74
, 2
, 8
, 68
, 6
, 70
, 69
, 7
, 38
, 38
, 40
, 36
, 32
, 44
, 63
, 13
, 48
, 28
, 40
, 36
, 35
, 41
, 60
, 16
, 46
, 30
, 54
, 22
, 37
, 39
, 42
, 34
, 11
, 65
, 4
, 72
, 47
, 29
, 18
, 58
, 29
, 47
, 41
, 35
, 47
, 29
, 72
, 4
, 42
, 34
, 14
, 62
, 56
, 20
, 25
, 51
, 49
, 27
, 11
, 65
, 14
, 62
, 34
, 42
, 49
, 27
, 54
, 22
, 26
, 50
, 13
, 63
, 32
, 44
, 53
, 23
, 16
, 60
, 18
, 58
, 32
, 44
, 9
, 67
, 40
, 36
, 66
, 10
, 6
, 70
, 27
, 49
, 64
, 12
, 35
, 41
, 7
, 69
, 65
, 11
, 39
, 37
, 63
, 13
, 71
, 5
, 15
, 61
, 8
, 68
, 62
, 14
, 22
, 54
, 18
, 58
, 14
, 62
, 37
, 39
, 73
, 3
, 61
, 15
, 64
, 12
, 37
, 39
, 65
, 11
, 15
, 61
, 36
, 40
, 67
, 9
, 42
, 34
, 29
, 47
, 42
, 34
, 65
, 11
, 18
, 58
, 38
, 38
, 62
, 14
, 42
, 34
, 60
, 16
, 35
, 41
, 71
, 5
, 37
, 39
, 7
, 69
, 5
, 71
, 20
, 56
, 60
, 16
, 10
, 66
, 34
, 42
, 32
, 44
, 42
, 34
, 52
, 24
, 16
, 60
, 12
, 64
, 7
, 69
, 36
, 40
, 9
, 67
, 30
, 46
, 46
, 30
, 72
, 4
, 42
, 34
, 7
, 69
, 28
, 48
, 47
, 29
, 46
, 30
, 74
, 2
, 70
, 6
, 71
, 5
, 13
, 63
, 41
, 35
, 16
, 60
, 21
, 55
, 40
, 36
, 18
, 58
, 68
, 8
, 25
, 51
, 49
, 27
, 25
, 51
, 15
, 61
, 14
, 62
, 32
, 44
, 44
, 32
, 48
, 28
, 19
, 57
, 63
, 13
, 8
, 68
, 69
, 7
, 45
, 31
, 53
, 23
, 58
, 18
, 36
, 40
, 42
, 34
, 22
, 54
, 19
, 57
, 10
, 66
, 63
, 13
, 31
, 45
, 47
, 29
, 27
, 49
, 51
, 25
, 37
, 39
, 38
, 38
, 48
, 28
, 44
, 32
, 59
, 17
, 28
, 48
, 44
, 32
, 16
, 60
, 17
, 59
, 72
, 4
, 23
, 53
, 53
, 23
, 37
, 39
, 60
, 16
, 14
, 62
, 14
, 62
, 73
, 3
, 66
, 10
, 33
, 43
, 13
, 63
, 55
, 21
, 74
, 2
, 57
, 19
, 48
, 28
, 54
, 22
, 35
, 41
, 18
, 58
, 34
, 42
, 66
, 10
, 44
, 32
, 2
, 74
, 2
, 74
, 48
, 28
, 41
, 35
, 7
, 69
, 3
, 73
, 31
, 45
, 7
, 69
, 21
, 55
, 71
, 5
, 8
, 68
, 41
, 35
, 16
, 60
, 22
, 54
, 65
, 11
, 8
, 68
, 56
, 20
, 33
, 43
, 70
, 6
, 42
, 34
, 9
, 67
, 42
, 34
, 57
, 19
, 57
, 19
, 67
, 9
, 51
, 25
, 8
, 68
, 45
, 31
, 57
, 19
, 24
, 52
, 14
, 62
, 49
, 27
, 57
, 19
, 47
, 29
, 57
, 19
, 10
, 66
, 27
, 49
, 50
, 26
, 12
, 64
, 54
, 22
, 18
, 58
, 24
, 52
, 24
, 52
, 38
, 38
, 19
, 57
, 43
, 33
, 36
, 40
, 47
, 29
, 63
, 13
, 69
, 7
, 68
, 8
, 28
, 48
, 7
, 69
, 33
, 43
, 32
, 44
, 27
, 49
, 2
, 74
, 38
, 38
, 59
, 17
, 22
, 54
, 44
, 32
, 7
, 69
, 15
, 61
, 60
, 16
, 46
, 30
, 57
, 19
, 23
, 53
, 32
, 44
, 59
, 17
, 34
, 42
, 54
, 22
, 41
, 35
, 55
, 21
, 65
, 11
, 27
, 49
, 5
, 71
, 54
, 22
, 9
, 67
, 26
, 50
, 49
, 27
, 57
, 19
, 9
, 67
, 25
, 51
, 36
, 40
, 72
, 4
, 44
, 32
, 74
, 2
, 65
, 11
, 15
, 61
, 7
, 69
, 26
, 50
, 37
, 39
, 60
, 16
, 70
, 6
, 68
, 8
, 39
, 37
, 14
, 62
, 44
, 32
, 3
, 73
, 74
, 2
, 38
, 38
, 27
, 49
, 23
, 53
, 26
, 50
, 31
, 45
, 33
, 43
, 16
, 60
, 20
, 56
, 64
, 12
, 26
, 50
, 25
, 51
, 35
, 41
, 72
, 4
, 69
, 7
, 32
, 44
, 58
, 18
, 41
, 35
, 54
, 22
, 7
, 69
, 66
, 10
, 54
, 22
, 63
, 13
, 64
, 12
, 60
, 16
, 7
, 69
, 21
, 55
, 55
, 21
, 5
, 71
, 47
, 29
, 48
, 28
, 42
, 34
, 11
, 65
, 22
, 54
, 51
, 25
, 52
, 24
, 11
, 65
, 59
, 17
, 46
, 30
, 21
, 55
, 57
, 19
, 2
, 74
, 34
, 42
, 24
, 52
, 64
, 12
, 54
, 22
, 56
, 20
, 4
, 72
, 64
, 12
, 19
, 57
, 3
, 73
, 30
, 46
, 34
, 42
, 6
, 70
, 4
, 72
, 11
, 65
, 67
, 9
, 3
, 73
, 15
, 61
, 53
, 23
, 53
, 23
, 62
, 14
, 27
, 49
, 34
, 42
, 65
, 11
, 48
, 28
, 51
, 25
, 43
, 33
, 74
, 2
, 61
, 15
, 61
, 15
, 73
, 3
, 38
, 38
, 46
, 30
, 33
, 43
, 4
, 72
, 48
, 28
, 35
, 41
, 53
, 23
, 24
, 52
, 23
, 53
, 65
, 11
, 17
, 59
, 67
, 9
, 52
, 24
, 13
, 63
, 38
, 38
, 10
, 66
, 10
, 66
, 26
, 50
, 73
, 3
, 44
, 32
, 56
, 20
, 4
, 72
, 69
, 7
, 27
, 49
, 31
, 45
, 7
, 69
, 69
, 7
, 33
, 43
, 50
, 26
, 16
, 60
, 16
, 60
, 40
, 36
, 41
, 35
, 8
, 68
, 1
, 75
, 21
, 55
, 4
, 72
, 66
, 10
, 47
, 29
, 66
, 10
, 50
, 26
, 6
, 70
, 26
, 50
, 3
, 73
, 69
, 7
, 22
, 54
, 20
, 56
, 31
, 45
, 65
, 11
, 72
, 4
, 67
, 9
, 72
, 4
, 38
, 38
, 40
, 36
, 38
, 38
, 2
, 74
, 44
, 32
, 33
, 43
, 60
, 16
, 12
, 64
, 17
, 59
, 62
, 14
, 6
, 70
, 16
, 60
, 26
, 50
, 55
, 21
, 29
, 47
, 55
, 21
, 28
, 48
, 27
, 49
, 53
, 23
, 14
, 62
, 68
, 8
, 2
, 74
, 52
, 24
, 51
, 25
, 3
, 73
, 5
, 71
, 36
, 40
, 65
, 11
, 24
, 52
, 16
, 60
, 36
, 40
, 15
, 61
, 48
, 28
, 17
, 59
, 54
, 22
, 48
, 28
, 13
, 63
, 36
, 40
, 63
, 13
, 47
, 29
, 40
, 36
, 71
, 5
, 44
, 32
, 51
, 25
, 67
, 9
, 59
, 17
, 19
, 57
, 64
, 12
, 61
, 15
, 6
, 70
, 68
, 8
, 59
, 17
, 12
, 64
, 64
, 12
, 1
, 75
, 20
, 56
, 17
, 59
, 22
, 54
, 37
, 39
, 61
, 15
, 61
, 15
, 16
, 60
, 61
, 15
, 55
, 21
, 39
, 37
, 45
, 31
, 5
, 71
, 61
, 15
, 17
, 59
, 69
, 7
, 11
, 65
, 29
, 47
, 7
, 69
, 59
, 17
, 51
, 25
, 8
, 68
, 48
, 28
, 16
, 60
, 44
, 32
, 70
, 6
, 18
, 58
, 64
, 12
, 10
, 66
, 68
, 8
, 49
, 27
, 39
, 37
, 32
, 44
, 16
, 60
, 70
, 6
, 18
, 58
, 56
, 20
, 47
, 29
, 29
, 47
, 11
, 65
, 32
, 44
, 24
, 52
, 11
, 65
, 62
, 14
, 40
, 36
, 12
, 64
, 62
, 14
, 8
, 68
, 57
, 19
, 68
, 8
, 73
, 3
, 40
, 36
, 32
, 44
, 8
, 68
, 40
, 36
, 66
, 10
, 55
, 21
, 42
, 34
, 26
, 50
, 1
, 75
, 4
, 72
, 39
, 37
, 30
, 46
, 14
, 62
, 37
, 39
, 5
, 71
, 71
, 5
, 59
, 17
, 36
, 40
, 48
, 28
, 37
, 39
, 44
, 32
, 41
, 35
, 13
, 63
, 45
, 31
, 66
, 10
, 35
, 41
, 56
, 20
, 20
, 56
, 54
, 22
, 17
, 59
, 1
, 75
, 47
, 29
, 19
, 57
, 10
, 66
, 22
, 54
, 52
, 24
, 56
, 20
, 41
, 35
, 43
, 33
, 6
, 70
, 37
, 39
, 74
, 2
, 13
, 63
, 12
, 64
, 39
, 37
, 3
, 73
, 66
, 10
, 42
, 34
, 31
, 45
, 28
, 48
, 17
, 59
, 2
, 74
, 31
, 45
, 42
, 34
, 11
, 65
, 71
, 5
, 48
, 28
, 27
, 49
, 56
, 20
, 62
, 14
, 43
, 33
, 14
, 62
, 35
, 41
, 31
, 45
, 73
, 3
, 65
, 11
, 64
, 12
, 13
, 63
, 46
, 30
, 73
, 3
, 9
, 67
, 45
, 31
, 6
, 70
, 60
, 16
, 31
, 45
, 5
, 71
, 73
, 3
, 41
, 35
, 23
, 53
, 68
, 8
, 27
, 49
, 16
, 60
, 66
, 10
, 13
, 63
, 4
, 72
, 26
, 50
, 73
, 3
, 5
, 71
, 2
, 74
, 5
, 71
, 52
, 24
, 34
, 42
, 60
, 16
, 55
, 21
, 71
, 5
, 51
, 25
, 9
, 67
, 63
, 13
, 50
, 26
, 6
, 70
, 44
, 32
, 10
, 66
, 34
, 42
, 58
, 18
, 63
, 13
, 32
, 44
, 33
, 43
, 67
, 9
, 14
, 62
, 29
, 47
, 39
, 37
, 12
, 64
, 10
, 66
, 69
, 7
, 27
, 49
, 31
, 45
, 58
, 18
, 18
, 58
, 6
, 70
, 26
, 50
, 12
, 64
, 41
, 35
, 59
, 17
, 56
, 20
, 30
, 46
, 32
, 44
, 12
, 64
, 28
, 48
, 65
, 11
, 35
, 41
, 28
, 48
, 7
, 69
, 62
, 14
, 67
, 9
, 18
, 58
, 40
, 36
, 19
, 57
, 9
, 67
, 48
, 28
, 51
, 25
, 57
, 19
, 44
, 32
, 16
, 60
, 25
, 51
, 59
, 17
, 73
, 3
, 69
, 7
, 6
, 70
, 72
, 4
, 64
, 12
, 52
, 24
, 68
, 8
, 46
, 30
, 8
, 68
, 73
, 3
, 27
, 49
, 26
, 50
, 17
, 59
, 14
, 62
, 58
, 18
, 29
, 47
, 17
, 59
, 15
, 61
, 32
, 44
, 64
, 12
, 35
, 41
, 64
, 12
, 20
, 56
, 17
, 59
, 67
, 9
, 45
, 31
, 16
, 60
, 74
, 2
, 10
, 66
, 24
, 52
, 14
, 62
, 55
, 21
, 25
, 51
, 10
, 66
, 67
, 9
, 1
, 75
, 45
, 31
, 11
, 65
, 36
, 40
, 72
, 4
, 39
, 37
, 23
, 53
, 13
, 63
, 4
, 72
, 44
, 32
, 13
, 63
, 6
, 70
, 4
, 72
, 66
, 10
, 41
, 35
, 23
, 53
, 6
, 70
, 9
, 67
, 2
, 74
, 50
, 26
, 13
, 63
, 38
, 38
, 30
, 46
, 11
, 65
, 47
, 29
, 58
, 18
, 74
, 2
, 52
, 24
, 25
, 51
, 63
, 13
, 69
, 7
, 69
, 7
, 61
, 15
, 23
, 53
, 60
, 16
, 72
, 4
, 43
, 33
, 25
, 51
, 62
, 14
, 55
, 21
, 9
, 67
, 18
, 58
, 10
, 66
, 57
, 19
, 31
, 45
, 30
, 46
, 64
, 12
, 61
, 15
, 48
, 28
, 12
, 64
, 4
, 72
, 41
, 35
, 26
, 50
, 9
, 67
, 49
, 27
, 71
, 5
, 66
, 10
, 45
, 31
, 61
, 15
, 27
, 49
, 34
, 42
, 29
, 47
, 67
, 9
, 72
, 4
, 16
, 60
, 42
, 34
, 72
, 4
, 51
, 25
, 47
, 29
, 39
, 37
, 37
, 39
, 68
, 8
, 1
, 75
, 7
, 69
, 55
, 21
, 53
, 23
, 60
, 16
, 11
, 65
, 74
, 2
, 24
, 52
, 54
, 22
, 35
, 41
, 44
, 32
, 27
, 49
, 38
, 38
, 49
, 27
, 18
, 58
, 21
, 55
, 47
, 29
, 36
, 40
, 53
, 23
, 22
, 54
, 25
, 51
, 69
, 7
, 28
, 48
, 70
, 6
, 65
, 11
, 8
, 68
, 14
, 62
, 68
, 8
, 20
, 56
, 20
, 56
, 70
, 6
, 46
, 30
, 60
, 16
, 54
, 22
, 49
, 27
, 57
, 19
, 39
, 37
, 47
, 29
, 6
, 70
, 67
, 9
, 15
, 61
, 30
, 46
, 25
, 51
, 68
, 8
, 39
, 37
, 60
, 16
, 74
, 2
, 68
, 8
, 68
, 8
, 17
, 59
, 44
, 32
, 32
, 44
, 29
, 47
, 49
, 27
, 38
, 38
, 40
, 36
, 45
, 31
, 37
, 39
, 2
, 74
, 35
, 41
, 5
, 71
, 60
, 16
, 43
, 33
, 53
, 23
, 22
, 54
, 11
, 65
, 35
, 41
, 3
, 73
, 29
, 47
, 4
, 72
, 66
, 10
, 3
, 73
, 65
, 11
, 54
, 22
, 57
, 19
, 19
, 57
, 18
, 58
, 27
, 49
, 35
, 41
, 49
, 27
, 29
, 47
, 63
, 13
, 43
, 33
, 68
, 8
, 27
, 49
, 16
, 60
, 42
, 34
, 5
, 71
, 23
, 53
, 74
, 2
, 11
, 65
, 54
, 22
, 53
, 23
, 37
, 39
, 3
, 73
, 14
, 62
, 55
, 21
, 67
, 9
, 24
, 52
, 14
, 62
, 61
, 15
, 10
, 66
, 60
, 16
, 63
, 13
, 4
, 72
, 37
, 39
, 67
, 9
, 36
, 40
, 71
, 5
, 59
, 17
, 62
, 14
, 36
, 40
, 12
, 64
, 6
, 70
, 10
, 66
, 64
, 12
, 50
, 26
, 47
, 29
, 57
, 19
, 11
, 65
, 65
, 11
, 29
, 47
, 11
, 65
, 19
, 57
, 68
, 8
, 67
, 9
, 17
, 59
, 5
, 71
, 48
, 28
, 70
, 6
, 52
, 24
, 50
, 26
, 63
, 13
, 17
, 59
, 24
, 52
, 61
, 15
, 74
, 2
, 40
, 36
, 49
, 27
, 33
, 43
, 28
, 48
, 15
, 61
, 38
, 38
, 61
, 15
, 14
, 62
, 20
, 56
, 51
, 25
, 37
, 39
, 63
, 13
, 52
, 24
, 60
, 16
, 63
, 13
, 48
, 28
, 45
, 31
, 40
, 36
, 51
, 25
, 32
, 44
, 63
, 13
, 23
, 53
, 69
, 7
, 8
, 68
, 37
, 39
, 34
, 42
, 61
, 15
, 19
, 57
, 59
, 17
, 35
, 41
, 53
, 23
, 30
, 46
, 19
, 57
, 5
, 71
, 21
, 55
, 41
, 35
, 24
, 52
, 62
, 14
, 57
, 19
, 55
, 21
, 2
, 74
, 1
, 75
, 20
, 56
, 11
, 65
, 19
, 57
, 63
, 13
, 35
, 41
, 5
, 71
, 68
, 8
, 30
, 46
, 29
, 47
, 73
, 3
, 64
, 12
, 18
, 58
, 60
, 16
, 65
, 11
, 2
, 74
, 25
, 51
, 4
, 72
, 34
, 42
, 46
, 30
, 66
, 10
, 24
, 52
, 51
, 25
, 20
, 56
, 55
, 21
, 12
, 64
, 1
, 75
, 15
, 61
, 61
, 15
, 12
, 64
, 32
, 44
, 26
, 50
, 46
, 30
, 23
, 53
, 48
, 28
, 64
, 12
, 1
, 75
, 2
, 74
, 3
, 73
, 20
, 56
, 61
, 15
, 60
, 16
, 28
, 48
, 31
, 45
, 15
, 61
, 38
, 38
, 7
, 69
, 22
, 54
, 21
, 55
, 61
, 15
, 68
, 8
, 55
, 21
, 46
, 30
, 61
, 15
, 26
, 50
, 38
, 38
, 35
, 41
, 39
, 37
, 64
, 12
, 52
, 24
, 67
, 9
, 20
, 56
, 48
, 28
, 48
, 28
, 39
, 37
, 1
, 75
, 53
, 23
, 24
, 52
, 13
, 63
, 1
, 75
, 33
, 43
, 2
, 74
, 69
, 7
, 48
, 28
, 25
, 51
, 19
, 57
, 10
, 66
, 33
, 43
, 13
, 63
, 72
, 4
, 58
, 18
, 11
, 65
, 34
, 42
, 59
, 17
, 4
, 72
, 1
, 75
, 34
, 42
, 37
, 39
, 67
, 9
, 25
, 51
, 46
, 30
, 54
, 22
, 44
, 32
, 18
, 58
, 24
, 52
, 43
, 33
, 36
, 40
, 26
, 50
, 12
, 64
, 1
, 75
, 70
, 6
, 13
, 63
, 61
, 15
, 34
, 42
, 12
, 64
, 58
, 18
, 67
, 9
, 1
, 75
, 25
, 51
, 10
, 66
, 60
, 16
, 51
, 25
, 5
, 71
, 7
, 69
, 50
, 26
, 45
, 31
, 45
, 31
, 29
, 47
, 30
, 46
, 64
, 12
, 35
, 41
, 18
, 58
, 68
, 8
, 58
, 18
, 13
, 63
, 68
, 8
, 33
, 43
, 29
, 47
, 60
, 16
, 74
, 2
, 39
, 37
, 6
, 70
, 27
, 49
, 45
, 31
, 23
, 53
, 6
, 70
, 59
, 17
, 13
, 63
, 30
, 46
, 39
, 37
, 39
, 37
, 12
, 64
, 55
, 21
, 59
, 17
, 54
, 22
, 6
, 70
, 25
, 51
, 44
, 32
, 43
, 33
, 3
, 73
, 20
, 56
, 33
, 43
, 23
, 53
, 14
, 62
, 57
, 19
, 58
, 18
, 49
, 27
, 67
, 9
, 64
, 12
, 42
, 34
, 7
, 69
, 47
, 29
, 44
, 32
, 30
, 46
, 43
, 33
, 65
, 11
, 47
, 29
, 6
, 70
, 15
, 61
, 29
, 47
, 69
, 7
, 71
, 5
, 22
, 54
, 41
, 35
, 52
, 24
, 71
, 5
, 59
, 17
, 57
, 19
, 12
, 64
, 30
, 46
, 32
, 44
, 9
, 67
, 61
, 15
, 5
, 71
, 10
, 66
, 43
, 33
, 73
, 3
, 60
, 16
, 44
, 32
, 35
, 41
, 6
, 70
, 47
, 29
, 70
, 6
, 5
, 71
, 19
, 57
, 24
, 52
, 4
, 72
, 38
, 38
, 2
, 74
, 71
, 5
, 54
, 22
, 12
, 64
, 65
, 11
, 9
, 67
, 2
, 74
, 10
, 66
, 36
, 40
, 4
, 72
, 20
, 56
, 7
, 69
, 9
, 67
, 15
, 61
, 20
, 56
, 34
, 42
, 72
, 4
, 12
, 64
, 31
, 45
, 65
, 11
, 41
, 35
, 22
, 54
, 69
, 7
, 73
, 3
, 45
, 31
, 10
, 66
, 29
, 47
, 13
, 63
, 35
, 41
, 57
, 19
, 59
, 17
, 55
, 21
, 40
, 36
, 20
, 56
, 65
, 11
, 32
, 44
, 73
, 3
, 67
, 9
, 10
, 66
, 26
, 50
, 26
, 50
, 64
, 12
, 10
, 66
, 7
, 69
, 1
, 75
, 8
, 68
, 5
, 71
, 50
, 26
, 4
, 72
, 12
, 64
, 35
, 41
, 13
, 63
, 12
, 64
, 51
, 25
, 30
, 46
, 10
, 66
, 19
, 57
, 17
, 59
, 36
, 40
, 28
, 48
, 3
, 73
