
1830
, 37
, 170
, 74
, 133
, 161
, 46
, 106
, 101
, 5
, 202
, 174
, 33
, 41
, 166
, 51
, 156
, 181
, 26
, 151
, 56
, 110
, 97
, 158
, 49
, 89
, 118
, 130
, 77
, 179
, 28
, 163
, 44
, 103
, 104
, 100
, 107
, 153
, 54
, 100
, 107
, 68
, 139
, 97
, 110
, 116
, 91
, 131
, 76
, 6
, 201
, 91
, 116
, 15
, 192
, 101
, 106
, 66
, 141
, 61
, 146
, 59
, 148
, 142
, 65
, 150
, 57
, 162
, 45
, 117
, 90
, 92
, 115
, 134
, 73
, 85
, 122
, 65
, 142
, 23
, 184
, 29
, 178
, 131
, 76
, 89
, 118
, 159
, 48
, 73
, 134
, 37
, 170
, 126
, 81
, 66
, 141
, 13
, 194
, 46
, 161
, 29
, 178
, 114
, 93
, 50
, 157
, 20
, 187
, 47
, 160
, 149
, 58
, 10
, 197
, 70
, 137
, 42
, 165
, 115
, 92
, 6
, 201
, 58
, 149
, 135
, 72
, 127
, 80
, 203
, 4
, 175
, 32
, 94
, 113
, 117
, 90
, 106
, 101
, 162
, 45
, 54
, 153
, 172
, 35
, 27
, 180
, 189
, 18
, 37
, 170
, 169
, 38
, 81
, 126
, 8
, 199
, 174
, 33
, 59
, 148
, 78
, 129
, 7
, 200
, 120
, 87
, 135
, 72
, 145
, 62
, 13
, 194
, 191
, 16
, 18
, 189
, 188
, 19
, 33
, 174
, 8
, 199
, 127
, 80
, 88
, 119
, 141
, 66
, 184
, 23
, 49
, 158
, 132
, 75
, 36
, 171
, 116
, 91
, 73
, 134
, 159
, 48
, 116
, 91
, 180
, 27
, 94
, 113
, 92
, 115
, 155
, 52
, 42
, 165
, 116
, 91
, 126
, 81
, 135
, 72
, 134
, 73
, 78
, 129
, 166
, 41
, 178
, 29
, 76
, 131
, 70
, 137
, 191
, 16
, 108
, 99
, 68
, 139
, 153
, 54
, 39
, 168
, 150
, 57
, 73
, 134
, 116
, 91
, 164
, 43
, 22
, 185
, 103
, 104
, 30
, 177
, 161
, 46
, 21
, 186
, 34
, 173
, 19
, 188
, 18
, 189
, 176
, 31
, 109
, 98
, 138
, 69
, 31
, 176
, 83
, 124
, 141
, 66
, 16
, 191
, 190
, 17
, 49
, 158
, 37
, 170
, 7
, 200
, 37
, 170
, 114
, 93
, 99
, 108
, 169
, 38
, 175
, 32
, 92
, 115
, 168
, 39
, 163
, 44
, 98
, 109
, 146
, 61
, 146
, 61
, 19
, 188
, 157
, 50
, 133
, 74
, 67
, 140
, 145
, 62
, 176
, 31
, 168
, 39
, 67
, 140
, 154
, 53
, 181
, 26
, 70
, 137
, 93
, 114
, 75
, 132
, 109
, 98
, 205
, 2
, 177
, 30
, 144
, 63
, 19
, 188
, 124
, 83
, 86
, 121
, 46
, 161
, 88
, 119
, 145
, 62
, 90
, 117
, 127
, 80
, 203
, 4
, 77
, 130
, 175
, 32
, 25
, 182
, 196
, 11
, 129
, 78
, 165
, 42
, 134
, 73
, 195
, 12
, 128
, 79
, 17
, 190
, 153
, 54
, 118
, 89
, 170
, 37
, 29
, 178
, 79
, 128
, 179
, 28
, 10
, 197
, 76
, 131
, 83
, 124
, 105
, 102
, 160
, 47
, 124
, 83
, 80
, 127
, 106
, 101
, 122
, 85
, 184
, 23
, 80
, 127
, 103
, 104
, 25
, 182
, 123
, 84
, 13
, 194
, 55
, 152
, 91
, 116
, 45
, 162
, 165
, 42
, 119
, 88
, 202
, 5
, 32
, 175
, 11
, 196
, 160
, 47
, 130
, 77
, 204
, 3
, 33
, 174
, 77
, 130
, 25
, 182
, 181
, 26
, 37
, 170
, 57
, 150
, 89
, 118
, 180
, 27
, 197
, 10
, 200
, 7
, 195
, 12
, 58
, 149
, 185
, 22
, 190
, 17
, 122
, 85
, 1
, 206
, 62
, 145
, 32
, 175
, 150
, 57
, 181
, 26
, 62
, 145
, 187
, 20
, 98
, 109
, 93
, 114
, 191
, 16
, 204
, 3
, 71
, 136
, 63
, 144
, 90
, 117
, 95
, 112
, 124
, 83
, 194
, 13
, 150
, 57
, 186
, 21
, 143
, 64
, 82
, 125
, 50
, 157
, 192
, 15
, 196
, 11
, 68
, 139
, 197
, 10
, 24
, 183
, 32
, 175
, 109
, 98
, 25
, 182
, 7
, 200
, 79
, 128
, 49
, 158
, 28
, 179
, 152
, 55
, 105
, 102
, 188
, 19
, 173
, 34
, 143
, 64
, 131
, 76
, 66
, 141
, 178
, 29
, 123
, 84
, 56
, 151
, 56
, 151
, 70
, 137
, 105
, 102
, 116
, 91
, 12
, 195
, 99
, 108
, 153
, 54
, 13
, 194
, 109
, 98
, 109
, 98
, 82
, 125
, 81
, 126
, 171
, 36
, 99
, 108
, 87
, 120
, 109
, 98
, 45
, 162
, 45
, 162
, 158
, 49
, 100
, 107
, 160
, 47
, 26
, 181
, 147
, 60
, 33
, 174
, 192
, 15
, 167
, 40
, 17
, 190
, 9
, 198
, 82
, 125
, 94
, 113
, 144
, 63
, 70
, 137
, 10
, 197
, 124
, 83
, 194
, 13
, 60
, 147
, 134
, 73
, 149
, 58
, 162
, 45
, 79
, 128
, 37
, 170
, 97
, 110
, 47
, 160
, 87
, 120
, 193
, 14
, 118
, 89
, 95
, 112
, 87
, 120
, 51
, 156
, 121
, 86
, 199
, 8
, 204
, 3
, 157
, 50
, 41
, 166
, 61
, 146
, 46
, 161
, 199
, 8
, 116
, 91
, 124
, 83
, 15
, 192
, 200
, 7
, 200
, 7
, 8
, 199
, 87
, 120
, 36
, 171
, 66
, 141
, 135
, 72
, 59
, 148
, 141
, 66
, 1
, 206
, 160
, 47
, 175
, 32
, 161
, 46
, 202
, 5
, 183
, 24
, 185
, 22
, 147
, 60
, 26
, 181
, 48
, 159
, 80
, 127
, 143
, 64
, 62
, 145
, 123
, 84
, 49
, 158
, 128
, 79
, 71
, 136
, 109
, 98
, 39
, 168
, 26
, 181
, 20
, 187
, 129
, 78
, 86
, 121
, 52
, 155
, 203
, 4
, 1
, 206
, 119
, 88
, 169
, 38
, 124
, 83
, 204
, 3
, 64
, 143
, 118
, 89
, 99
, 108
, 138
, 69
, 117
, 90
, 88
, 119
, 133
, 74
, 128
, 79
, 66
, 141
, 47
, 160
, 86
, 121
, 120
, 87
, 191
, 16
, 174
, 33
, 103
, 104
, 151
, 56
, 53
, 154
, 194
, 13
, 10
, 197
, 39
, 168
, 19
, 188
, 21
, 186
, 68
, 139
, 60
, 147
, 204
, 3
, 152
, 55
, 202
, 5
, 138
, 69
, 175
, 32
, 18
, 189
, 81
, 126
, 30
, 177
, 142
, 65
, 114
, 93
, 143
, 64
, 24
, 183
, 201
, 6
, 87
, 120
, 90
, 117
, 34
, 173
, 106
, 101
, 93
, 114
, 135
, 72
, 160
, 47
, 186
, 21
, 53
, 154
, 135
, 72
, 199
, 8
, 157
, 50
, 17
, 190
, 164
, 43
, 19
, 188
, 178
, 29
, 92
, 115
, 80
, 127
, 158
, 49
, 85
, 122
, 19
, 188
, 90
, 117
, 107
, 100
, 139
, 68
, 144
, 63
, 123
, 84
, 153
, 54
, 201
, 6
, 164
, 43
, 160
, 47
, 200
, 7
, 37
, 170
, 148
, 59
, 21
, 186
, 24
, 183
, 172
, 35
, 5
, 202
, 127
, 80
, 41
, 166
, 42
, 165
, 11
, 196
, 27
, 180
, 22
, 185
, 121
, 86
, 47
, 160
, 104
, 103
, 142
, 65
, 32
, 175
, 21
, 186
, 175
, 32
, 33
, 174
, 149
, 58
, 38
, 169
, 133
, 74
, 112
, 95
, 35
, 172
, 94
, 113
, 162
, 45
, 33
, 174
, 199
, 8
, 91
, 116
, 174
, 33
, 69
, 138
, 117
, 90
, 195
, 12
, 8
, 199
, 151
, 56
, 175
, 32
, 118
, 89
, 115
, 92
, 127
, 80
, 9
, 198
, 177
, 30
, 154
, 53
, 185
, 22
, 81
, 126
, 33
, 174
, 205
, 2
, 103
, 104
, 89
, 118
, 58
, 149
, 89
, 118
, 96
, 111
, 80
, 127
, 40
, 167
, 199
, 8
, 77
, 130
, 102
, 105
, 97
, 110
, 28
, 179
, 146
, 61
, 29
, 178
, 176
, 31
, 88
, 119
, 16
, 191
, 56
, 151
, 170
, 37
, 55
, 152
, 2
, 205
, 54
, 153
, 101
, 106
, 171
, 36
, 56
, 151
, 145
, 62
, 189
, 18
, 143
, 64
, 203
, 4
, 136
, 71
, 61
, 146
, 150
, 57
, 181
, 26
, 194
, 13
, 161
, 46
, 199
, 8
, 1
, 206
, 57
, 150
, 66
, 141
, 29
, 178
, 96
, 111
, 7
, 200
, 36
, 171
, 120
, 87
, 80
, 127
, 166
, 41
, 95
, 112
, 164
, 43
, 111
, 96
, 77
, 130
, 6
, 201
, 130
, 77
, 124
, 83
, 50
, 157
, 150
, 57
, 16
, 191
, 94
, 113
, 34
, 173
, 83
, 124
, 165
, 42
, 52
, 155
, 15
, 192
, 49
, 158
, 184
, 23
, 143
, 64
, 38
, 169
, 83
, 124
, 151
, 56
, 103
, 104
, 200
, 7
, 5
, 202
, 107
, 100
, 51
, 156
, 170
, 37
, 165
, 42
, 150
, 57
, 39
, 168
, 60
, 147
, 24
, 183
, 58
, 149
, 149
, 58
, 196
, 11
, 115
, 92
, 192
, 15
, 199
, 8
, 115
, 92
, 94
, 113
, 47
, 160
, 147
, 60
, 8
, 199
, 33
, 174
, 170
, 37
, 71
, 136
, 204
, 3
, 73
, 134
, 50
, 157
, 78
, 129
, 150
, 57
, 42
, 165
, 86
, 121
, 52
, 155
, 71
, 136
, 99
, 108
, 20
, 187
, 117
, 90
, 53
, 154
, 136
, 71
, 194
, 13
, 195
, 12
, 98
, 109
, 131
, 76
, 126
, 81
, 60
, 147
, 55
, 152
, 197
, 10
, 73
, 134
, 159
, 48
, 82
, 125
, 162
, 45
, 82
, 125
, 99
, 108
, 30
, 177
, 188
, 19
, 36
, 171
, 66
, 141
, 120
, 87
, 63
, 144
, 4
, 203
, 156
, 51
, 95
, 112
, 3
, 204
, 71
, 136
, 65
, 142
, 29
, 178
, 37
, 170
, 200
, 7
, 154
, 53
, 13
, 194
, 114
, 93
, 186
, 21
, 162
, 45
, 19
, 188
, 151
, 56
, 174
, 33
, 144
, 63
, 163
, 44
, 103
, 104
, 21
, 186
, 95
, 112
, 88
, 119
, 87
, 120
, 73
, 134
, 111
, 96
, 124
, 83
, 135
, 72
, 55
, 152
, 97
, 110
, 7
, 200
, 47
, 160
, 192
, 15
, 1
, 206
, 123
, 84
, 56
, 151
, 31
, 176
, 40
, 167
, 180
, 27
, 63
, 144
, 106
, 101
, 50
, 157
, 124
, 83
, 51
, 156
, 62
, 145
, 101
, 106
, 141
, 66
, 26
, 181
, 77
, 130
, 161
, 46
, 29
, 178
, 82
, 125
, 177
, 30
, 83
, 124
, 96
, 111
, 15
, 192
, 171
, 36
, 73
, 134
, 31
, 176
, 155
, 52
, 131
, 76
, 119
, 88
, 196
, 11
, 70
, 137
, 112
, 95
, 106
, 101
, 27
, 180
, 143
, 64
, 197
, 10
, 127
, 80
, 93
, 114
, 36
, 171
, 102
, 105
, 121
, 86
, 185
, 22
, 39
, 168
, 109
, 98
, 40
, 167
, 30
, 177
, 182
, 25
, 26
, 181
, 35
, 172
, 54
, 153
, 7
, 200
, 113
, 94
, 17
, 190
, 51
, 156
, 23
, 184
, 20
, 187
, 31
, 176
, 162
, 45
, 156
, 51
, 150
, 57
, 104
, 103
, 74
, 133
, 1
, 206
, 103
, 104
, 9
, 198
, 145
, 62
, 16
, 191
, 70
, 137
, 3
, 204
, 101
, 106
, 69
, 138
, 168
, 39
, 122
, 85
, 14
, 193
, 154
, 53
, 9
, 198
, 157
, 50
, 172
, 35
, 169
, 38
, 64
, 143
, 172
, 35
, 53
, 154
, 197
, 10
, 120
, 87
, 170
, 37
, 184
, 23
, 107
, 100
, 76
, 131
, 68
, 139
, 30
, 177
, 127
, 80
, 40
, 167
, 165
, 42
, 9
, 198
, 191
, 16
, 151
, 56
, 103
, 104
, 196
, 11
, 99
, 108
, 142
, 65
, 137
, 70
, 76
, 131
, 115
, 92
, 9
, 198
, 96
, 111
, 100
, 107
, 161
, 46
, 137
, 70
, 23
, 184
, 16
, 191
, 204
, 3
, 153
, 54
, 205
, 2
, 83
, 124
, 146
, 61
, 71
, 136
, 136
, 71
, 22
, 185
, 30
, 177
, 69
, 138
, 205
, 2
, 68
, 139
, 55
, 152
, 75
, 132
, 117
, 90
, 108
, 99
, 130
, 77
, 124
, 83
, 56
, 151
, 140
, 67
, 167
, 40
, 57
, 150
, 84
, 123
, 137
, 70
, 170
, 37
, 205
, 2
, 113
, 94
, 130
, 77
, 40
, 167
, 29
, 178
, 164
, 43
, 180
, 27
, 204
, 3
, 202
, 5
, 128
, 79
, 126
, 81
, 51
, 156
, 65
, 142
, 3
, 204
, 3
, 204
, 138
, 69
, 190
, 17
, 110
, 97
, 199
, 8
, 79
, 128
, 81
, 126
, 41
, 166
, 194
, 13
, 196
, 11
, 108
, 99
, 134
, 73
, 187
, 20
, 17
, 190
, 60
, 147
, 29
, 178
, 39
, 168
, 191
, 16
, 34
, 173
, 159
, 48
, 36
, 171
, 1
, 206
, 105
, 102
, 170
, 37
, 156
, 51
, 53
, 154
, 191
, 16
, 17
, 190
, 77
, 130
, 183
, 24
, 94
, 113
, 34
, 173
, 33
, 174
, 114
, 93
, 191
, 16
, 173
, 34
, 52
, 155
, 92
, 115
, 123
, 84
, 32
, 175
, 6
, 201
, 22
, 185
, 145
, 62
, 10
, 197
, 5
, 202
, 52
, 155
, 186
, 21
, 167
, 40
, 13
, 194
, 90
, 117
, 79
, 128
, 97
, 110
, 192
, 15
, 109
, 98
, 80
, 127
, 85
, 122
, 182
, 25
, 179
, 28
, 161
, 46
, 135
, 72
, 90
, 117
, 5
, 202
, 184
, 23
, 131
, 76
, 66
, 141
, 36
, 171
, 89
, 118
, 4
, 203
, 36
, 171
, 73
, 134
, 144
, 63
, 84
, 123
, 28
, 179
, 154
, 53
, 88
, 119
, 171
, 36
, 57
, 150
, 30
, 177
, 85
, 122
, 129
, 78
, 61
, 146
, 200
, 7
, 67
, 140
, 129
, 78
, 15
, 192
, 93
, 114
, 150
, 57
, 114
, 93
, 67
, 140
, 26
, 181
, 157
, 50
, 128
, 79
, 79
, 128
, 135
, 72
, 201
, 6
, 111
, 96
, 79
, 128
, 63
, 144
, 60
, 147
, 171
, 36
, 184
, 23
, 48
, 159
, 45
, 162
, 128
, 79
, 136
, 71
, 98
, 109
, 128
, 79
, 97
, 110
, 177
, 30
, 135
, 72
, 156
, 51
, 150
, 57
, 151
, 56
, 73
, 134
, 152
, 55
, 21
, 186
, 22
, 185
, 175
, 32
, 83
, 124
, 82
, 125
, 157
, 50
, 92
, 115
, 104
, 103
, 155
, 52
, 38
, 169
, 9
, 198
, 48
, 159
, 100
, 107
, 157
, 50
, 113
, 94
, 162
, 45
, 73
, 134
, 18
, 189
, 155
, 52
, 27
, 180
, 110
, 97
, 44
, 163
, 11
, 196
, 75
, 132
, 72
, 135
, 129
, 78
, 63
, 144
, 172
, 35
, 137
, 70
, 70
, 137
, 73
, 134
, 116
, 91
, 64
, 143
, 65
, 142
, 99
, 108
, 174
, 33
, 15
, 192
, 110
, 97
, 164
, 43
, 193
, 14
, 141
, 66
, 22
, 185
, 53
, 154
, 181
, 26
, 14
, 193
, 5
, 202
, 48
, 159
, 30
, 177
, 180
, 27
, 105
, 102
, 118
, 89
, 169
, 38
, 205
, 2
, 5
, 202
, 188
, 19
, 37
, 170
, 151
, 56
, 121
, 86
, 80
, 127
, 114
, 93
, 174
, 33
, 184
, 23
, 18
, 189
, 120
, 87
, 148
, 59
, 99
, 108
, 188
, 19
, 16
, 191
, 15
, 192
, 178
, 29
, 195
, 12
, 115
, 92
, 189
, 18
, 29
, 178
, 204
, 3
, 116
, 91
, 145
, 62
, 62
, 145
, 72
, 135
, 144
, 63
, 92
, 115
, 147
, 60
, 73
, 134
, 130
, 77
, 86
, 121
, 57
, 150
, 154
, 53
, 25
, 182
, 197
, 10
, 152
, 55
, 58
, 149
, 165
, 42
, 4
, 203
, 138
, 69
, 129
, 78
, 44
, 163
, 107
, 100
, 148
, 59
, 44
, 163
, 194
, 13
, 139
, 68
, 148
, 59
, 103
, 104
, 50
, 157
, 127
, 80
, 60
, 147
, 186
, 21
, 185
, 22
, 89
, 118
, 125
, 82
, 138
, 69
, 196
, 11
, 74
, 133
, 118
, 89
, 46
, 161
, 145
, 62
, 44
, 163
, 4
, 203
, 4
, 203
, 191
, 16
, 165
, 42
, 73
, 134
, 82
, 125
, 15
, 192
, 169
, 38
, 192
, 15
, 88
, 119
, 93
, 114
, 133
, 74
, 91
, 116
, 40
, 167
, 56
, 151
, 26
, 181
, 106
, 101
, 127
, 80
, 91
, 116
, 178
, 29
, 152
, 55
, 132
, 75
, 112
, 95
, 100
, 107
, 182
, 25
, 157
, 50
, 65
, 142
, 35
, 172
, 38
, 169
, 115
, 92
, 181
, 26
, 17
, 190
, 141
, 66
, 161
, 46
, 143
, 64
, 109
, 98
, 196
, 11
, 46
, 161
, 139
, 68
, 108
, 99
, 146
, 61
, 176
, 31
, 165
, 42
, 21
, 186
, 10
, 197
, 120
, 87
, 105
, 102
, 104
, 103
, 193
, 14
, 142
, 65
, 77
, 130
, 77
, 130
, 119
, 88
, 109
, 98
, 64
, 143
, 113
, 94
, 152
, 55
, 144
, 63
, 61
, 146
, 177
, 30
, 119
, 88
, 78
, 129
, 75
, 132
, 147
, 60
, 101
, 106
, 173
, 34
, 44
, 163
, 31
, 176
, 143
, 64
, 79
, 128
, 100
, 107
, 142
, 65
, 86
, 121
, 184
, 23
, 36
, 171
, 143
, 64
, 8
, 199
, 170
, 37
, 59
, 148
, 195
, 12
, 119
, 88
, 145
, 62
, 90
, 117
, 54
, 153
, 61
, 146
, 105
, 102
, 15
, 192
, 3
, 204
, 147
, 60
, 136
, 71
, 41
, 166
, 104
, 103
, 146
, 61
, 87
, 120
, 105
, 102
, 35
, 172
, 48
, 159
, 26
, 181
, 177
, 30
, 39
, 168
, 47
, 160
, 196
, 11
, 45
, 162
, 35
, 172
, 38
, 169
, 117
, 90
, 105
, 102
, 204
, 3
, 92
, 115
, 191
, 16
, 58
, 149
, 3
, 204
, 117
, 90
, 59
, 148
, 22
, 185
, 196
, 11
, 178
, 29
, 119
, 88
, 126
, 81
, 89
, 118
, 156
, 51
, 150
, 57
, 59
, 148
, 72
, 135
, 191
, 16
, 3
, 204
, 113
, 94
, 107
, 100
, 96
, 111
, 105
, 102
, 121
, 86
, 56
, 151
, 18
, 189
, 156
, 51
, 27
, 180
, 42
, 165
, 116
, 91
, 11
, 196
, 182
, 25
, 60
, 147
, 54
, 153
, 197
, 10
, 184
, 23
, 1
, 206
, 122
, 85
, 50
, 157
, 86
, 121
, 62
, 145
, 73
, 134
, 21
, 186
, 41
, 166
, 54
, 153
, 50
, 157
, 98
, 109
, 133
, 74
, 167
, 40
, 188
, 19
, 140
, 67
, 58
, 149
, 76
, 131
, 12
, 195
, 55
, 152
, 46
, 161
, 126
, 81
, 144
, 63
, 109
, 98
, 126
, 81
, 2
, 205
, 59
, 148
, 3
, 204
, 60
, 147
, 28
, 179
, 46
, 161
, 170
, 37
, 138
, 69
, 134
, 73
, 143
, 64
, 112
, 95
, 119
, 88
, 52
, 155
, 151
, 56
, 110
, 97
, 106
, 101
, 15
, 192
, 167
, 40
, 159
, 48
, 78
, 129
, 204
, 3
, 200
, 7
, 184
, 23
, 153
, 54
, 34
, 173
, 56
, 151
, 148
, 59
, 83
, 124
, 181
, 26
, 120
, 87
, 199
, 8
, 35
, 172
, 184
, 23
, 179
, 28
, 178
, 29
, 67
, 140
, 160
, 47
, 29
, 178
, 121
, 86
, 14
, 193
, 144
, 63
, 49
, 158
, 85
, 122
, 11
, 196
, 44
, 163
, 179
, 28
, 50
, 157
, 81
, 126
, 29
, 178
, 156
, 51
, 174
, 33
, 183
, 24
, 103
, 104
, 157
, 50
, 81
, 126
, 18
, 189
, 26
, 181
, 29
, 178
, 146
, 61
, 55
, 152
, 180
, 27
, 130
, 77
, 139
, 68
, 116
, 91
, 69
, 138
, 15
, 192
, 84
, 123
, 179
, 28
, 72
, 135
, 20
, 187
, 70
, 137
, 72
, 135
, 71
, 136
, 18
, 189
, 33
, 174
, 78
, 129
, 98
, 109
, 81
, 126
, 41
, 166
, 45
, 162
, 177
, 30
, 166
, 41
, 180
, 27
, 106
, 101
, 98
, 109
, 154
, 53
, 149
, 58
, 107
, 100
, 43
, 164
, 55
, 152
, 202
, 5
, 133
, 74
, 34
, 173
, 185
, 22
, 89
, 118
, 63
, 144
, 30
, 177
, 42
, 165
, 116
, 91
, 58
, 149
, 105
, 102
, 123
, 84
, 44
, 163
, 18
, 189
, 37
, 170
, 59
, 148
, 63
, 144
, 136
, 71
, 146
, 61
, 150
, 57
, 31
, 176
, 28
, 179
, 86
, 121
, 171
, 36
, 51
, 156
, 44
, 163
, 131
, 76
, 168
, 39
, 46
, 161
, 35
, 172
, 50
, 157
, 65
, 142
, 159
, 48
, 146
, 61
, 87
, 120
, 164
, 43
, 4
, 203
, 63
, 144
, 45
, 162
, 77
, 130
, 6
, 201
, 59
, 148
, 119
, 88
, 31
, 176
, 29
, 178
, 192
, 15
, 191
, 16
, 166
, 41
, 18
, 189
, 173
, 34
, 69
, 138
, 2
, 205
, 130
, 77
, 121
, 86
, 25
, 182
, 191
, 16
, 73
, 134
, 27
, 180
, 92
, 115
, 201
, 6
, 172
, 35
, 198
, 9
, 85
, 122
, 76
, 131
, 159
, 48
, 130
, 77
, 166
, 41
, 92
, 115
, 158
, 49
, 131
, 76
, 130
, 77
, 95
, 112
, 150
, 57
, 97
, 110
, 100
, 107
, 107
, 100
, 79
, 128
, 17
, 190
, 178
, 29
, 187
, 20
, 158
, 49
, 101
, 106
, 25
, 182
, 100
, 107
, 76
, 131
, 10
, 197
, 12
, 195
, 46
, 161
, 130
, 77
, 181
, 26
, 155
, 52
, 181
, 26
, 178
, 29
, 57
, 150
, 128
, 79
, 165
, 42
, 185
, 22
, 126
, 81
, 58
, 149
, 55
, 152
, 180
, 27
, 15
, 192
, 92
, 115
, 177
, 30
, 96
, 111
, 60
, 147
, 183
, 24
, 92
, 115
, 159
, 48
, 33
, 174
, 18
, 189
, 86
, 121
, 74
, 133
, 201
, 6
, 144
, 63
, 24
, 183
, 198
, 9
, 33
, 174
, 93
, 114
, 167
, 40
, 35
, 172
, 139
, 68
, 190
, 17
, 84
, 123
, 197
, 10
, 178
, 29
, 115
, 92
, 98
, 109
, 152
, 55
, 169
, 38
, 131
, 76
, 98
, 109
, 126
, 81
, 52
, 155
, 37
, 170
, 74
, 133
, 73
, 134
, 180
, 27
, 168
, 39
, 139
, 68
, 124
, 83
, 75
, 132
, 148
, 59
, 132
, 75
, 69
, 138
, 191
, 16
, 76
, 131
, 117
, 90
, 175
, 32
, 53
, 154
, 69
, 138
, 24
, 183
, 105
, 102
, 131
, 76
, 94
, 113
, 161
, 46
, 14
, 193
, 184
, 23
, 29
, 178
, 94
, 113
, 114
, 93
, 69
, 138
, 123
, 84
, 150
, 57
, 13
, 194
, 196
, 11
, 9
, 198
, 139
, 68
, 125
, 82
, 112
, 95
, 10
, 197
, 69
, 138
, 138
, 69
, 61
, 146
, 107
, 100
, 181
, 26
, 77
, 130
, 3
, 204
, 194
, 13
, 182
, 25
, 122
, 85
, 190
, 17
, 99
, 108
, 196
, 11
, 117
, 90
, 108
, 99
, 200
, 7
, 192
, 15
, 187
, 20
, 184
, 23
, 17
, 190
, 78
, 129
, 117
, 90
, 4
, 203
, 133
, 74
, 74
, 133
, 3
, 204
, 86
, 121
, 24
, 183
, 168
, 39
, 80
, 127
, 166
, 41
, 199
, 8
, 122
, 85
, 66
, 141
, 69
, 138
, 153
, 54
, 25
, 182
, 205
, 2
, 92
, 115
, 58
, 149
, 30
, 177
, 12
, 195
, 135
, 72
, 30
, 177
, 25
, 182
, 114
, 93
, 142
, 65
, 172
, 35
, 59
, 148
, 18
, 189
, 77
, 130
, 122
, 85
, 20
, 187
, 186
, 21
, 100
, 107
, 98
, 109
, 36
, 171
, 10
, 197
, 144
, 63
, 129
, 78
, 179
, 28
, 7
, 200
, 13
, 194
, 72
, 135
, 49
, 158
, 113
, 94
, 47
, 160
, 179
, 28
, 32
, 175
, 89
, 118
, 199
, 8
, 120
, 87
, 186
, 21
, 3
, 204
, 4
, 203
, 69
, 138
, 111
, 96
, 34
, 173
, 46
, 161
, 32
, 175
, 103
, 104
, 161
, 46
, 152
, 55
, 1
, 206
, 117
, 90
, 163
, 44
, 44
, 163
, 16
, 191
, 17
, 190
, 78
, 129
, 19
, 188
, 6
, 201
, 71
, 136
, 182
, 25
, 170
, 37
, 46
, 161
, 68
, 139
, 158
, 49
, 170
, 37
, 103
, 104
, 151
, 56
, 144
, 63
, 166
, 41
, 82
, 125
, 164
, 43
, 180
, 27
, 86
, 121
, 188
, 19
, 94
, 113
, 122
, 85
, 72
, 135
, 197
, 10
, 73
, 134
, 178
, 29
, 13
, 194
, 55
, 152
, 163
, 44
, 141
, 66
, 97
, 110
, 77
, 130
, 40
, 167
, 181
, 26
, 135
, 72
, 5
, 202
, 187
, 20
, 2
, 205
, 60
, 147
, 48
, 159
, 120
, 87
, 36
, 171
, 91
, 116
, 99
, 108
, 166
, 41
, 93
, 114
, 94
, 113
, 48
, 159
, 119
, 88
, 179
, 28
, 127
, 80
, 168
, 39
, 107
, 100
, 71
, 136
, 163
, 44
, 52
, 155
, 32
, 175
, 22
, 185
, 150
, 57
, 63
, 144
, 194
, 13
, 90
, 117
, 102
, 105
, 94
, 113
, 22
, 185
, 162
, 45
, 156
, 51
, 14
, 193
, 158
, 49
, 86
, 121
, 195
, 12
, 72
, 135
, 194
, 13
, 154
, 53
, 119
, 88
, 62
, 145
, 202
, 5
, 173
, 34
, 177
, 30
, 149
, 58
, 100
, 107
, 181
, 26
, 148
, 59
, 154
, 53
, 178
, 29
, 19
, 188
, 90
, 117
, 24
, 183
, 135
, 72
, 61
, 146
, 75
, 132
, 157
, 50
, 106
, 101
, 114
, 93
, 98
, 109
, 141
, 66
, 48
, 159
, 179
, 28
, 53
, 154
, 201
, 6
, 53
, 154
, 27
, 180
, 52
, 155
, 171
, 36
, 94
, 113
, 161
, 46
, 56
, 151
, 22
, 185
, 160
, 47
, 49
, 158
, 35
, 172
, 69
, 138
, 91
, 116
, 119
, 88
, 23
, 184
, 137
, 70
, 200
, 7
, 173
, 34
, 165
, 42
, 185
, 22
, 177
, 30
, 45
, 162
, 102
, 105
, 175
, 32
, 59
, 148
, 72
, 135
, 116
, 91
, 185
, 22
, 98
, 109
, 162
, 45
, 124
, 83
, 109
, 98
, 5
, 202
, 169
, 38
, 22
, 185
, 70
, 137
, 154
, 53
, 11
, 196
, 153
, 54
, 12
, 195
, 127
, 80
, 158
, 49
, 34
, 173
, 78
, 129
, 9
, 198
, 10
, 197
, 143
, 64
, 61
, 146
, 84
, 123
, 24
, 183
, 29
, 178
, 53
, 154
, 20
, 187
, 104
, 103
, 28
, 179
, 132
, 75
, 157
, 50
, 167
, 40
, 10
, 197
, 12
, 195
, 162
, 45
, 138
, 69
, 99
, 108
, 5
, 202
, 189
, 18
, 65
, 142
, 47
, 160
, 140
, 67
, 2
, 205
, 5
, 202
, 187
, 20
, 66
, 141
, 118
, 89
, 50
, 157
, 143
, 64
, 33
, 174
, 137
, 70
, 18
, 189
, 91
, 116
, 46
, 161
, 194
, 13
, 191
, 16
, 85
, 122
, 167
, 40
, 3
, 204
, 164
, 43
, 65
, 142
, 167
, 40
, 1
, 206
, 140
, 67
, 123
, 84
, 112
, 95
, 71
, 136
, 102
, 105
, 46
, 161
, 36
, 171
, 140
, 67
, 103
, 104
, 126
, 81
, 38
, 169
, 105
, 102
, 59
, 148
, 53
, 154
, 90
, 117
, 5
, 202
, 201
, 6
, 183
, 24
, 145
, 62
, 86
, 121
, 199
, 8
, 58
, 149
, 65
, 142
, 124
, 83
, 117
, 90
, 84
, 123
, 134
, 73
, 121
, 86
, 28
, 179
, 87
, 120
, 8
, 199
, 144
, 63
, 6
, 201
, 92
, 115
, 5
, 202
, 171
, 36
, 118
, 89
, 202
, 5
, 90
, 117
, 64
, 143
, 70
, 137
, 60
, 147
, 45
, 162
, 43
, 164
, 11
, 196
, 70
, 137
, 72
, 135
, 11
, 196
, 12
, 195
, 106
, 101
, 49
, 158
, 155
, 52
, 22
, 185
, 150
, 57
, 104
, 103
, 135
, 72
, 196
, 11
, 164
, 43
, 86
, 121
, 70
, 137
, 27
, 180
, 169
, 38
, 194
, 13
, 133
, 74
, 54
, 153
, 77
, 130
, 203
, 4
, 107
, 100
, 67
, 140
, 41
, 166
, 33
, 174
, 85
, 122
, 162
, 45
, 36
, 171
, 176
, 31
, 83
, 124
, 199
, 8
, 96
, 111
, 27
, 180
, 13
, 194
, 87
, 120
, 154
, 53
, 75
, 132
, 64
, 143
, 163
, 44
, 157
, 50
, 70
, 137
, 202
, 5
