
372
649
129
397
437
332
255
329
491
768
371
324
382
937
234
935
770
732
153
103
152
669
890
236
769
382
722
828
533
791
418
819
813
550
139
417
448
937
354
998
859
835
957
844
935
849
239
506
366
521
209
635
901
370
971
847
234
689
857
140
870
790
292
919
779
498
106
719
446
625
994
781
220
521
958
824
810
718
655
302
805
484
714
751
907
246
840
835
260
842
511
628
358
582
991
141
547
466
498
662
660
496
609
481
993
516
424
821
174
454
345
319
210
276
727
949
272
844
576
391
579
996
655
215
879
617
914
185
746
876
322
842
726
501
282
612
116
583
534
832
473
229
580
979
334
404
613
985
829
945
625
178
168
121
241
113
590
548
326
765
507
814
193
960
846
979
551
430
901
356
167
179
869
414
400
325
316
991
763
867
721
702
334
971
290
495
106
742
394
701
721
695
496
204
142
909
601
137
136
988
682
447
903
149
512
105
371
257
761
538
851
944
964
545
109
880
414
208
523
816
246
628
753
603
328
882
979
541
718
645
505
552
390
544
796
463
959
907
574
235
120
157
462
867
278
504
458
109
810
455
206
473
205
757
510
107
727
898
592
712
127
458
771
501
424
273
244
618
268
871
447
935
584
770
520
401
769
686
679
922
920
119
203
401
969
149
821
847
151
856
893
646
247
476
675
471
234
205
128
376
809
209
572
913
556
396
798
167
369
412
109
194
849
247
584
539
108
711
921
710
562
457
610
772
307
435
168
401
117
997
272
543
126
871
817
276
570
385
662
296
495
954
895
202
999
900
252
184
850
321
936
199
394
653
530
836
690
167
200
772
453
549
977
497
760
149
283
794
514
239
144
452
760
50
52
59
60
63
64
80
88
93
94
97
101
102
123
123
127
145
161
164
167
169
169
175
188
195
198
203
205
205
210
215
218
221
221
224
231
235
249
249
251
252
261
261
267
268
269
272
278
284
285
290
305
310
312
312
316
329
329
329
334
347
347
367
369
380
385
386
390
392
401
401
403
404
407
410
414
420
429
434
444
448
448
453
455
457
457
457
460
473
486
486
489
519
522
524
525
534
546
547
550
554
556
556
567
593
606
610
618
621
628
658
663
687
693
696
712
723
723
727
729
732
744
750
758
758
762
762
767
771
773
776
787
790
800
802
803
808
808
816
817
821
824
826
834
836
840
844
844
850
857
864
865
879
881
886
888
891
892
893
904
917
918
918
926
936
946
949
966
970
971
973
987
987
993
999
1002
1018
1026
1027
1034
1047
1049
1050
1058
1058
1059
1062
1065
1068
1068
1075
1082
1082
1085
1097
1102
1103
1108
1116
1126
1129
1129
1143
1147
1148
1148
1157
1190
1195
1199
1199
1201
1206
1206
1214
1219
1222
1224
1235
1236
1239
1239
1243
1248
1250
1256
1260
1262
1285
1288
1296
1302
1304
1308
1314
1316
1334
1335
1342
1346
1358
1369
1372
1373
1376
1388
1390
1395
1404
1420
1424
1425
1431
1452
1453
1455
1455
1458
1472
1483
1497
1498
1498
1520
1523
1523
1526
1527
1530
1530
1531
1534
1535
1538
1541
1544
1557
1558
1565
1568
1568
1569
1576
1581
1581
1581
1584
1593
1599
1609
1610
1611
1614
1622
1631
1633
1639
1643
1643
1649
1655
1661
1669
1669
1675
1675
1677
1678
1678
1683
1684
1685
1685
1691
1692
1712
1717
1722
1723
1726
1730
1747
1750
1750
1752
1758
1763
1765
1766
1768
1768
1781
1792
1804
1811
1812
1816
1817
1828
1833
1838
1841
1842
1845
1846
1849
1852
1864
1867
1869
1879
1885
1886
1905
1905
1922
1934
1943
1951
1953
1960
1965
1966
1967
1968
1972
1975
1976
1983
1984
1994
1999
