
1880
, 76
, 10
, 39
, 47
, 25
, 61
, 57
, 29
, 31
, 55
, 16
, 70
, 55
, 31
, 62
, 24
, 61
, 25
, 21
, 65
, 6
, 80
, 58
, 28
, 54
, 32
, 14
, 72
, 34
, 52
, 8
, 78
, 4
, 82
, 14
, 72
, 17
, 69
, 78
, 8
, 30
, 56
, 56
, 30
, 71
, 15
, 12
, 74
, 41
, 45
, 20
, 66
, 61
, 25
, 43
, 43
, 33
, 53
, 34
, 52
, 34
, 52
, 63
, 23
, 78
, 8
, 50
, 36
, 9
, 77
, 26
, 60
, 36
, 50
, 23
, 63
, 10
, 76
, 17
, 69
, 38
, 48
, 37
, 49
, 30
, 56
, 1
, 85
, 46
, 40
, 5
, 81
, 58
, 28
, 68
, 18
, 60
, 26
, 34
, 52
, 81
, 5
, 44
, 42
, 69
, 17
, 12
, 74
, 20
, 66
, 65
, 21
, 76
, 10
, 14
, 72
, 69
, 17
, 58
, 28
, 49
, 37
, 13
, 73
, 78
, 8
, 30
, 56
, 42
, 44
, 29
, 57
, 50
, 36
, 42
, 44
, 46
, 40
, 62
, 24
, 66
, 20
, 16
, 70
, 30
, 56
, 23
, 63
, 72
, 14
, 80
, 6
, 39
, 47
, 45
, 41
, 8
, 78
, 13
, 73
, 14
, 72
, 62
, 24
, 66
, 20
, 9
, 77
, 4
, 82
, 61
, 25
, 8
, 78
, 83
, 3
, 52
, 34
, 84
, 2
, 66
, 20
, 19
, 67
, 74
, 12
, 74
, 12
, 68
, 18
, 39
, 47
, 53
, 33
, 16
, 70
, 34
, 52
, 43
, 43
, 30
, 56
, 69
, 17
, 50
, 36
, 1
, 85
, 55
, 31
, 54
, 32
, 59
, 27
, 25
, 61
, 73
, 13
, 50
, 36
, 57
, 29
, 24
, 62
, 72
, 14
, 60
, 26
, 15
, 71
, 8
, 78
, 71
, 15
, 43
, 43
, 28
, 58
, 55
, 31
, 61
, 25
, 58
, 28
, 29
, 57
, 75
, 11
, 21
, 65
, 53
, 33
, 29
, 57
, 38
, 48
, 64
, 22
, 79
, 7
, 59
, 27
, 13
, 73
, 26
, 60
, 41
, 45
, 84
, 2
, 41
, 45
, 57
, 29
, 12
, 74
, 68
, 18
, 42
, 44
, 79
, 7
, 67
, 19
, 35
, 51
, 63
, 23
, 18
, 68
, 68
, 18
, 53
, 33
, 6
, 80
, 37
, 49
, 40
, 46
, 74
, 12
, 74
, 12
, 19
, 67
, 84
, 2
, 2
, 84
, 57
, 29
, 70
, 16
, 11
, 75
, 8
, 78
, 42
, 44
, 78
, 8
, 32
, 54
, 19
, 67
, 56
, 30
, 81
, 5
, 13
, 73
, 27
, 59
, 36
, 50
, 2
, 84
, 30
, 56
, 26
, 60
, 76
, 10
, 68
, 18
, 59
, 27
, 1
, 85
, 33
, 53
, 59
, 27
, 83
, 3
, 37
, 49
, 54
, 32
, 56
, 30
, 13
, 73
, 11
, 75
, 75
, 11
, 72
, 14
, 4
, 82
, 2
, 84
, 18
, 68
, 5
, 81
, 16
, 70
, 51
, 35
, 4
, 82
, 84
, 2
, 41
, 45
, 52
, 34
, 32
, 54
, 9
, 77
, 29
, 57
, 69
, 17
, 24
, 62
, 27
, 59
, 63
, 23
, 67
, 19
, 40
, 46
, 9
, 77
, 42
, 44
, 80
, 6
, 41
, 45
, 11
, 75
, 18
, 68
, 70
, 16
, 3
, 83
, 12
, 74
, 44
, 42
, 45
, 41
, 32
, 54
, 77
, 9
, 76
, 10
, 17
, 69
, 80
, 6
, 33
, 53
, 69
, 17
, 5
, 81
, 15
, 71
, 71
, 15
, 30
, 56
, 56
, 30
, 34
, 52
, 8
, 78
, 24
, 62
, 45
, 41
, 84
, 2
, 66
, 20
, 63
, 23
, 42
, 44
, 13
, 73
, 19
, 67
, 76
, 10
, 10
, 76
, 53
, 33
, 12
, 74
, 37
, 49
, 76
, 10
, 37
, 49
, 15
, 71
, 76
, 10
, 25
, 61
, 43
, 43
, 36
, 50
, 79
, 7
, 78
, 8
, 65
, 21
, 75
, 11
, 50
, 36
, 57
, 29
, 63
, 23
, 32
, 54
, 15
, 71
, 22
, 64
, 44
, 42
, 37
, 49
, 20
, 66
, 18
, 68
, 43
, 43
, 62
, 24
, 36
, 50
, 41
, 45
, 73
, 13
, 58
, 28
, 62
, 24
, 18
, 68
, 16
, 70
, 24
, 62
, 38
, 48
, 19
, 67
, 3
, 83
, 8
, 78
, 54
, 32
, 28
, 58
, 7
, 79
, 63
, 23
, 5
, 81
, 60
, 26
, 9
, 77
, 69
, 17
, 74
, 12
, 70
, 16
, 7
, 79
, 70
, 16
, 36
, 50
, 45
, 41
, 75
, 11
, 48
, 38
, 18
, 68
, 75
, 11
, 11
, 75
, 8
, 78
, 79
, 7
, 64
, 22
, 76
, 10
, 48
, 38
, 24
, 62
, 79
, 7
, 84
, 2
, 23
, 63
, 21
, 65
, 53
, 33
, 80
, 6
, 73
, 13
, 28
, 58
, 57
, 29
, 61
, 25
, 81
, 5
, 47
, 39
, 45
, 41
, 73
, 13
, 39
, 47
, 22
, 64
, 65
, 21
, 34
, 52
, 11
, 75
, 11
, 75
, 59
, 27
, 41
, 45
, 82
, 4
, 77
, 9
, 27
, 59
, 19
, 67
, 58
, 28
, 11
, 75
, 19
, 67
, 49
, 37
, 37
, 49
, 50
, 36
, 23
, 63
, 2
, 84
, 50
, 36
, 13
, 73
, 58
, 28
, 37
, 49
, 41
, 45
, 79
, 7
, 46
, 40
, 34
, 52
, 38
, 48
, 28
, 58
, 32
, 54
, 26
, 60
, 65
, 21
, 55
, 31
, 41
, 45
, 75
, 11
, 10
, 76
, 31
, 55
, 59
, 27
, 67
, 19
, 47
, 39
, 1
, 85
, 61
, 25
, 84
, 2
, 30
, 56
, 30
, 56
, 82
, 4
, 30
, 56
, 71
, 15
, 68
, 18
, 73
, 13
, 66
, 20
, 54
, 32
, 18
, 68
, 50
, 36
, 63
, 23
, 20
, 66
, 18
, 68
, 50
, 36
, 56
, 30
, 14
, 72
, 83
, 3
, 69
, 17
, 74
, 12
, 25
, 61
, 68
, 18
, 54
, 32
, 32
, 54
, 36
, 50
, 54
, 32
, 35
, 51
, 64
, 22
, 48
, 38
, 13
, 73
, 81
, 5
, 40
, 46
, 33
, 53
, 24
, 62
, 42
, 44
, 30
, 56
, 84
, 2
, 10
, 76
, 13
, 73
, 37
, 49
, 30
, 56
, 41
, 45
, 28
, 58
, 64
, 22
, 83
, 3
, 46
, 40
, 17
, 69
, 33
, 53
, 80
, 6
, 68
, 18
, 81
, 5
, 43
, 43
, 7
, 79
, 66
, 20
, 35
, 51
, 79
, 7
, 67
, 19
, 9
, 77
, 42
, 44
, 36
, 50
, 56
, 30
, 21
, 65
, 32
, 54
, 64
, 22
, 26
, 60
, 59
, 27
, 42
, 44
, 11
, 75
, 48
, 38
, 79
, 7
, 50
, 36
, 57
, 29
, 35
, 51
, 10
, 76
, 12
, 74
, 37
, 49
, 43
, 43
, 21
, 65
, 16
, 70
, 73
, 13
, 77
, 9
, 15
, 71
, 79
, 7
, 80
, 6
, 53
, 33
, 23
, 63
, 31
, 55
, 17
, 69
, 38
, 48
, 23
, 63
, 53
, 33
, 24
, 62
, 5
, 81
, 71
, 15
, 76
, 10
, 19
, 67
, 27
, 59
, 51
, 35
, 5
, 81
, 5
, 81
, 18
, 68
, 26
, 60
, 7
, 79
, 32
, 54
, 12
, 74
, 5
, 81
, 33
, 53
, 53
, 33
, 54
, 32
, 44
, 42
, 75
, 11
, 42
, 44
, 9
, 77
, 27
, 59
, 65
, 21
, 13
, 73
, 71
, 15
, 67
, 19
, 31
, 55
, 69
, 17
, 17
, 69
, 39
, 47
, 56
, 30
, 18
, 68
, 42
, 44
, 79
, 7
, 77
, 9
, 43
, 43
, 56
, 30
, 63
, 23
, 47
, 39
, 11
, 75
, 15
, 71
, 30
, 56
, 55
, 31
, 78
, 8
, 35
, 51
, 35
, 51
, 17
, 69
, 54
, 32
, 28
, 58
, 77
, 9
, 42
, 44
, 43
, 43
, 71
, 15
, 66
, 20
, 1
, 85
, 48
, 38
, 37
, 49
, 2
, 84
, 1
, 85
, 51
, 35
, 77
, 9
, 2
, 84
, 9
, 77
, 5
, 81
, 47
, 39
, 53
, 33
, 45
, 41
, 20
, 66
, 61
, 25
, 40
, 46
, 33
, 53
, 69
, 17
, 25
, 61
, 10
, 76
, 19
, 67
, 43
, 43
, 25
, 61
, 74
, 12
, 58
, 28
, 58
, 28
, 5
, 81
, 65
, 21
, 25
, 61
, 12
, 74
, 70
, 16
, 55
, 31
, 27
, 59
, 58
, 28
, 49
, 37
, 77
, 9
, 49
, 37
, 14
, 72
, 35
, 51
, 40
, 46
, 33
, 53
, 76
, 10
, 58
, 28
, 77
, 9
, 68
, 18
, 1
, 85
, 10
, 76
, 8
, 78
, 65
, 21
, 13
, 73
, 45
, 41
, 62
, 24
, 61
, 25
, 20
, 66
, 3
, 83
, 69
, 17
, 23
, 63
, 9
, 77
, 40
, 46
, 35
, 51
, 56
, 30
, 44
, 42
, 51
, 35
, 9
, 77
, 39
, 47
, 8
, 78
, 48
, 38
, 53
, 33
, 19
, 67
, 1
, 85
, 3
, 83
, 47
, 39
, 46
, 40
, 53
, 33
, 2
, 84
, 65
, 21
, 32
, 54
, 43
, 43
, 80
, 6
, 76
, 10
, 67
, 19
, 17
, 69
, 40
, 46
, 9
, 77
, 67
, 19
, 79
, 7
, 45
, 41
, 50
, 36
, 40
, 46
, 57
, 29
, 84
, 2
, 49
, 37
, 14
, 72
, 72
, 14
, 28
, 58
, 5
, 81
, 64
, 22
, 39
, 47
, 40
, 46
, 16
, 70
, 19
, 67
, 68
, 18
, 47
, 39
, 44
, 42
, 56
, 30
, 69
, 17
, 18
, 68
, 68
, 18
, 17
, 69
, 6
, 80
, 76
, 10
, 23
, 63
, 4
, 82
, 4
, 82
, 9
, 77
, 5
, 81
, 66
, 20
, 25
, 61
, 35
, 51
, 46
, 40
, 48
, 38
, 83
, 3
, 75
, 11
, 25
, 61
, 64
, 22
, 38
, 48
, 77
, 9
, 15
, 71
, 81
, 5
, 67
, 19
, 7
, 79
, 69
, 17
, 34
, 52
, 9
, 77
, 53
, 33
, 72
, 14
, 55
, 31
, 60
, 26
, 26
, 60
, 73
, 13
, 21
, 65
, 37
, 49
, 41
, 45
, 81
, 5
, 11
, 75
, 81
, 5
, 70
, 16
, 31
, 55
, 63
, 23
, 69
, 17
, 35
, 51
, 62
, 24
, 6
, 80
, 7
, 79
, 26
, 60
, 63
, 23
, 72
, 14
, 19
, 67
, 34
, 52
, 53
, 33
, 83
, 3
, 46
, 40
, 13
, 73
, 57
, 29
, 8
, 78
, 67
, 19
, 48
, 38
, 52
, 34
, 81
, 5
, 16
, 70
, 80
, 6
, 50
, 36
, 39
, 47
, 77
, 9
, 5
, 81
, 14
, 72
, 68
, 18
, 57
, 29
, 7
, 79
, 11
, 75
, 12
, 74
, 82
, 4
, 13
, 73
, 46
, 40
, 28
, 58
, 81
, 5
, 70
, 16
, 23
, 63
, 14
, 72
, 76
, 10
, 27
, 59
, 35
, 51
, 32
, 54
, 34
, 52
, 40
, 46
, 33
, 53
, 70
, 16
, 52
, 34
, 82
, 4
, 35
, 51
, 68
, 18
, 21
, 65
, 44
, 42
, 4
, 82
, 3
, 83
, 54
, 32
, 20
, 66
, 26
, 60
, 33
, 53
, 48
, 38
, 80
, 6
, 43
, 43
, 33
, 53
, 7
, 79
, 7
, 79
, 30
, 56
, 20
, 66
, 30
, 56
, 55
, 31
, 36
, 50
, 51
, 35
, 61
, 25
, 68
, 18
, 19
, 67
, 65
, 21
, 30
, 56
, 47
, 39
, 75
, 11
, 77
, 9
, 52
, 34
, 23
, 63
, 10
, 76
, 34
, 52
, 73
, 13
, 61
, 25
, 48
, 38
, 18
, 68
, 33
, 53
, 38
, 48
, 17
, 69
, 11
, 75
, 57
, 29
, 73
, 13
, 55
, 31
, 48
, 38
, 45
, 41
, 84
, 2
, 77
, 9
, 82
, 4
, 47
, 39
, 64
, 22
, 58
, 28
, 65
, 21
, 76
, 10
, 39
, 47
, 83
, 3
, 12
, 74
, 65
, 21
, 29
, 57
, 83
, 3
, 84
, 2
, 69
, 17
, 73
, 13
, 66
, 20
, 26
, 60
, 70
, 16
, 45
, 41
, 4
, 82
, 17
, 69
, 52
, 34
, 4
, 82
, 5
, 81
, 26
, 60
, 62
, 24
, 53
, 33
, 30
, 56
, 65
, 21
, 78
, 8
, 63
, 23
, 6
, 80
, 11
, 75
, 2
, 84
, 38
, 48
, 84
, 2
, 12
, 74
, 7
, 79
, 68
, 18
, 17
, 69
, 8
, 78
, 36
, 50
, 43
, 43
, 4
, 82
, 58
, 28
, 43
, 43
, 21
, 65
, 34
, 52
, 33
, 53
, 24
, 62
, 4
, 82
, 49
, 37
, 79
, 7
, 44
, 42
, 68
, 18
, 62
, 24
, 20
, 66
, 77
, 9
, 73
, 13
, 50
, 36
, 67
, 19
, 73
, 13
, 54
, 32
, 60
, 26
, 67
, 19
, 64
, 22
, 56
, 30
, 59
, 27
, 47
, 39
, 33
, 53
, 66
, 20
, 37
, 49
, 19
, 67
, 33
, 53
, 63
, 23
, 15
, 71
, 15
, 71
, 41
, 45
, 64
, 22
, 26
, 60
, 42
, 44
, 59
, 27
, 37
, 49
, 4
, 82
, 31
, 55
, 54
, 32
, 35
, 51
, 38
, 48
, 30
, 56
, 77
, 9
, 50
, 36
, 43
, 43
, 42
, 44
, 76
, 10
, 60
, 26
, 35
, 51
, 49
, 37
, 50
, 36
, 30
, 56
, 57
, 29
, 42
, 44
, 7
, 79
, 34
, 52
, 29
, 57
, 36
, 50
, 53
, 33
, 79
, 7
, 14
, 72
, 59
, 27
, 69
, 17
, 45
, 41
, 51
, 35
, 74
, 12
, 31
, 55
, 15
, 71
, 36
, 50
, 77
, 9
, 43
, 43
, 7
, 79
, 81
, 5
, 37
, 49
, 73
, 13
, 50
, 36
, 84
, 2
, 81
, 5
, 27
, 59
, 15
, 71
, 56
, 30
, 41
, 45
, 29
, 57
, 4
, 82
, 77
, 9
, 22
, 64
, 58
, 28
, 75
, 11
, 31
, 55
, 13
, 73
, 76
, 10
, 38
, 48
, 8
, 78
, 3
, 83
, 64
, 22
, 71
, 15
, 50
, 36
, 73
, 13
, 75
, 11
, 38
, 48
, 1
, 85
, 82
, 4
, 8
, 78
, 5
, 81
, 50
, 36
, 11
, 75
, 23
, 63
, 54
, 32
, 7
, 79
, 69
, 17
, 28
, 58
, 9
, 77
, 62
, 24
, 48
, 38
, 7
, 79
, 18
, 68
, 30
, 56
, 29
, 57
, 20
, 66
, 68
, 18
, 62
, 24
, 79
, 7
, 23
, 63
, 20
, 66
, 38
, 48
, 27
, 59
, 84
, 2
, 9
, 77
, 40
, 46
, 21
, 65
, 60
, 26
, 9
, 77
, 44
, 42
, 71
, 15
, 79
, 7
, 46
, 40
, 46
, 40
, 71
, 15
, 13
, 73
, 47
, 39
, 65
, 21
, 57
, 29
, 15
, 71
, 40
, 46
, 44
, 42
, 63
, 23
, 76
, 10
, 60
, 26
, 72
, 14
, 41
, 45
, 8
, 78
, 18
, 68
, 40
, 46
, 67
, 19
, 5
, 81
, 44
, 42
, 45
, 41
, 84
, 2
, 6
, 80
, 54
, 32
, 81
, 5
, 79
, 7
, 54
, 32
, 58
, 28
, 26
, 60
, 70
, 16
, 75
, 11
, 46
, 40
, 32
, 54
, 38
, 48
, 62
, 24
, 75
, 11
, 63
, 23
, 1
, 85
, 82
, 4
, 61
, 25
, 50
, 36
, 74
, 12
, 71
, 15
, 36
, 50
, 43
, 43
, 1
, 85
, 12
, 74
, 16
, 70
, 18
, 68
, 30
, 56
, 50
, 36
, 49
, 37
, 84
, 2
, 9
, 77
, 63
, 23
, 57
, 29
, 79
, 7
, 30
, 56
, 25
, 61
, 46
, 40
, 83
, 3
, 15
, 71
, 67
, 19
, 71
, 15
, 80
, 6
, 17
, 69
, 42
, 44
, 16
, 70
, 61
, 25
, 41
, 45
, 40
, 46
, 64
, 22
, 4
, 82
, 74
, 12
, 64
, 22
, 49
, 37
, 31
, 55
, 69
, 17
, 66
, 20
, 46
, 40
, 40
, 46
, 72
, 14
, 70
, 16
, 67
, 19
, 30
, 56
, 49
, 37
, 12
, 74
, 8
, 78
, 55
, 31
, 37
, 49
, 42
, 44
, 3
, 83
, 79
, 7
, 25
, 61
, 68
, 18
, 46
, 40
, 35
, 51
, 45
, 41
, 74
, 12
, 49
, 37
, 81
, 5
, 2
, 84
, 70
, 16
, 22
, 64
, 16
, 70
, 26
, 60
, 3
, 83
, 33
, 53
, 38
, 48
, 63
, 23
, 68
, 18
, 48
, 38
, 56
, 30
, 38
, 48
, 48
, 38
, 69
, 17
, 20
, 66
, 8
, 78
, 61
, 25
, 24
, 62
, 42
, 44
, 42
, 44
, 83
, 3
, 73
, 13
, 65
, 21
, 17
, 69
, 84
, 2
, 17
, 69
, 39
, 47
, 42
, 44
, 11
, 75
, 9
, 77
, 81
, 5
, 2
, 84
, 53
, 33
, 67
, 19
, 40
, 46
, 49
, 37
, 47
, 39
, 33
, 53
, 36
, 50
, 22
, 64
, 34
, 52
, 26
, 60
, 60
, 26
, 11
, 75
, 1
, 85
, 58
, 28
, 16
, 70
, 82
, 4
, 7
, 79
, 76
, 10
, 22
, 64
, 56
, 30
, 80
, 6
, 68
, 18
, 65
, 21
, 29
, 57
, 21
, 65
, 49
, 37
, 15
, 71
, 43
, 43
, 39
, 47
, 57
, 29
, 54
, 32
, 78
, 8
, 16
, 70
, 69
, 17
, 60
, 26
, 50
, 36
, 41
, 45
, 1
, 85
, 53
, 33
, 69
, 17
, 41
, 45
, 75
, 11
, 14
, 72
, 31
, 55
, 74
, 12
, 46
, 40
, 69
, 17
, 53
, 33
, 68
, 18
, 84
, 2
, 13
, 73
, 31
, 55
, 43
, 43
, 73
, 13
, 59
, 27
, 79
, 7
, 27
, 59
, 41
, 45
, 21
, 65
, 73
, 13
, 14
, 72
, 37
, 49
, 42
, 44
, 16
, 70
, 16
, 70
, 53
, 33
, 11
, 75
, 40
, 46
, 12
, 74
, 81
, 5
, 62
, 24
, 58
, 28
, 36
, 50
, 84
, 2
, 48
, 38
, 8
, 78
, 61
, 25
, 7
, 79
, 49
, 37
, 28
, 58
, 58
, 28
, 57
, 29
, 69
, 17
, 12
, 74
, 72
, 14
, 47
, 39
, 68
, 18
, 30
, 56
, 39
, 47
, 73
, 13
, 10
, 76
, 66
, 20
, 36
, 50
, 71
, 15
, 3
, 83
, 52
, 34
, 17
, 69
, 43
, 43
, 38
, 48
, 81
, 5
, 27
, 59
, 18
, 68
, 34
, 52
, 63
, 23
, 26
, 60
, 44
, 42
, 29
, 57
, 43
, 43
, 1
, 85
, 79
, 7
, 62
, 24
, 28
, 58
, 75
, 11
, 22
, 64
, 31
, 55
, 24
, 62
, 49
, 37
, 59
, 27
, 83
, 3
, 28
, 58
, 8
, 78
, 24
, 62
, 34
, 52
, 76
, 10
, 17
, 69
, 79
, 7
, 8
, 78
, 22
, 64
, 7
, 79
, 29
, 57
, 64
, 22
, 27
, 59
, 82
, 4
, 14
, 72
, 34
, 52
, 36
, 50
, 5
, 81
, 39
, 47
, 10
, 76
, 77
, 9
, 56
, 30
, 8
, 78
, 57
, 29
, 22
, 64
, 47
, 39
, 15
, 71
, 14
, 72
, 31
, 55
, 7
, 79
, 13
, 73
, 5
, 81
, 12
, 74
, 33
, 53
, 9
, 77
, 28
, 58
, 30
, 56
, 33
, 53
, 45
, 41
, 45
, 41
, 57
, 29
, 44
, 42
, 28
, 58
, 37
, 49
, 47
, 39
, 35
, 51
, 83
, 3
, 63
, 23
, 83
, 3
, 53
, 33
, 36
, 50
, 69
, 17
, 55
, 31
, 22
, 64
, 70
, 16
, 63
, 23
, 4
, 82
, 72
, 14
, 53
, 33
, 42
, 44
, 25
, 61
, 32
, 54
, 63
, 23
, 15
, 71
, 69
, 17
, 82
, 4
, 12
, 74
, 54
, 32
, 33
, 53
, 13
, 73
, 3
, 83
, 79
, 7
, 45
, 41
, 74
, 12
, 1
, 85
, 37
, 49
, 66
, 20
, 9
, 77
, 56
, 30
, 46
, 40
, 25
, 61
, 83
, 3
, 7
, 79
, 53
, 33
, 11
, 75
, 72
, 14
, 64
, 22
, 8
, 78
, 14
, 72
, 31
, 55
, 60
, 26
, 78
, 8
, 30
, 56
, 7
, 79
, 61
, 25
, 69
, 17
, 42
, 44
, 39
, 47
, 67
, 19
, 17
, 69
, 26
, 60
, 25
, 61
, 73
, 13
, 12
, 74
, 64
, 22
, 47
, 39
, 31
, 55
, 71
, 15
, 17
, 69
, 31
, 55
, 40
, 46
, 64
, 22
, 83
, 3
, 27
, 59
, 8
, 78
, 67
, 19
, 27
, 59
, 64
, 22
, 46
, 40
, 19
, 67
, 57
, 29
, 14
, 72
, 28
, 58
, 47
, 39
, 49
, 37
, 18
, 68
, 68
, 18
, 60
, 26
, 67
, 19
, 65
, 21
, 52
, 34
, 32
, 54
, 33
, 53
, 67
, 19
, 57
, 29
, 32
, 54
, 46
, 40
, 73
, 13
, 3
, 83
, 81
, 5
, 42
, 44
, 13
, 73
, 48
, 38
, 3
, 83
, 4
, 82
, 52
, 34
, 18
, 68
, 61
, 25
, 9
, 77
, 66
, 20
, 21
, 65
, 53
, 33
, 78
, 8
, 81
, 5
, 77
, 9
, 38
, 48
, 20
, 66
, 48
, 38
, 61
, 25
, 45
, 41
, 75
, 11
, 80
, 6
, 48
, 38
, 24
, 62
, 10
, 76
, 15
, 71
, 69
, 17
, 23
, 63
, 46
, 40
, 27
, 59
, 22
, 64
, 81
, 5
, 22
, 64
, 35
, 51
, 23
, 63
, 37
, 49
, 81
, 5
, 60
, 26
, 24
, 62
, 16
, 70
, 2
, 84
, 39
, 47
, 49
, 37
, 70
, 16
, 52
, 34
, 13
, 73
, 58
, 28
, 36
, 50
, 29
, 57
, 25
, 61
, 45
, 41
, 68
, 18
, 31
, 55
, 35
, 51
, 49
, 37
, 40
, 46
, 62
, 24
, 32
, 54
, 50
, 36
, 67
, 19
, 17
, 69
, 5
, 81
, 23
, 63
, 6
, 80
, 6
, 80
, 66
, 20
, 26
, 60
, 80
, 6
, 7
, 79
, 17
, 69
, 39
, 47
, 14
, 72
, 83
, 3
, 67
, 19
, 78
, 8
, 28
, 58
, 47
, 39
, 39
, 47
, 37
, 49
, 1
, 85
, 14
, 72
, 38
, 48
, 68
, 18
, 40
, 46
, 73
, 13
, 25
, 61
, 18
, 68
, 20
, 66
, 33
, 53
, 37
, 49
, 46
, 40
, 42
, 44
, 10
, 76
, 52
, 34
, 50
, 36
, 76
, 10
, 19
, 67
, 60
, 26
, 26
, 60
, 64
, 22
, 25
, 61
, 80
, 6
, 21
, 65
, 39
, 47
, 13
, 73
, 73
, 13
, 2
, 84
, 40
, 46
, 4
, 82
, 48
, 38
, 67
, 19
, 18
, 68
, 18
, 68
, 19
, 67
, 33
, 53
, 29
, 57
, 33
, 53
, 51
, 35
, 40
, 46
, 44
, 42
, 33
, 53
, 36
, 50
, 1
, 85
, 51
, 35
, 4
, 82
, 9
, 77
, 65
, 21
, 10
, 76
, 68
, 18
, 81
, 5
, 80
, 6
, 40
, 46
, 5
, 81
, 35
, 51
, 22
, 64
, 82
, 4
, 47
, 39
, 81
, 5
, 58
, 28
, 3
, 83
, 31
, 55
, 1
, 85
, 35
, 51
, 18
, 68
, 62
, 24
, 60
, 26
, 56
, 30
, 60
, 26
, 63
, 23
, 6
, 80
, 40
, 46
, 80
, 6
, 81
, 5
, 37
, 49
, 79
, 7
, 49
, 37
, 36
, 50
, 21
, 65
, 24
, 62
, 24
, 62
, 9
, 77
, 55
, 31
, 80
, 6
, 46
, 40
, 76
, 10
, 8
, 78
, 5
, 81
, 24
, 62
, 29
, 57
, 23
, 63
, 1
, 85
, 50
, 36
, 40
, 46
, 65
, 21
, 49
, 37
, 27
, 59
, 8
, 78
, 29
, 57
, 83
, 3
, 57
, 29
, 35
, 51
, 77
, 9
, 15
, 71
, 66
, 20
, 18
, 68
, 66
, 20
, 58
, 28
, 52
, 34
, 21
, 65
, 31
, 55
, 57
, 29
, 23
, 63
, 49
, 37
, 81
, 5
, 15
, 71
, 30
, 56
, 66
, 20
, 76
, 10
, 57
, 29
, 22
, 64
, 78
, 8
, 52
, 34
, 52
, 34
, 25
, 61
, 57
, 29
, 43
, 43
, 22
, 64
, 30
, 56
, 17
, 69
, 31
, 55
, 56
, 30
, 38
, 48
, 55
, 31
, 49
, 37
, 47
, 39
, 81
, 5
, 52
, 34
, 66
, 20
, 64
, 22
, 71
, 15
, 15
, 71
, 19
, 67
, 18
, 68
, 80
, 6
, 31
, 55
, 77
, 9
, 31
, 55
, 58
, 28
, 13
, 73
, 79
, 7
, 79
, 7
, 13
, 73
, 12
, 74
, 70
, 16
, 49
, 37
, 62
, 24
, 9
, 77
, 49
, 37
, 76
, 10
, 32
, 54
, 45
, 41
, 9
, 77
, 73
, 13
, 12
, 74
, 44
, 42
, 51
, 35
, 77
, 9
, 3
, 83
, 65
, 21
, 12
, 74
, 30
, 56
, 43
, 43
, 27
, 59
, 10
, 76
, 70
, 16
, 29
, 57
, 83
, 3
, 47
, 39
, 12
, 74
, 14
, 72
, 24
, 62
, 31
, 55
, 9
, 77
, 32
, 54
, 77
, 9
, 56
, 30
, 63
, 23
, 73
, 13
, 52
, 34
, 17
, 69
, 73
, 13
, 82
, 4
, 46
, 40
, 10
, 76
, 56
, 30
, 27
, 59
, 34
, 52
, 84
, 2
, 22
, 64
, 23
, 63
, 17
, 69
, 72
, 14
, 12
, 74
, 63
, 23
, 68
, 18
, 48
, 38
, 69
, 17
, 57
, 29
, 3
, 83
, 26
, 60
, 82
, 4
, 26
, 60
, 4
, 82
, 55
, 31
, 20
, 66
, 1
, 85
, 41
, 45
, 40
, 46
, 65
, 21
, 61
, 25
, 65
, 21
, 82
, 4
, 37
, 49
, 40
, 46
, 8
, 78
, 30
, 56
, 14
, 72
, 33
, 53
, 21
, 65
, 82
, 4
, 79
, 7
, 45
, 41
, 34
, 52
, 62
, 24
, 41
, 45
, 69
, 17
, 9
, 77
, 29
, 57
, 29
, 57
, 48
, 38
, 28
, 58
, 48
, 38
, 34
, 52
, 9
, 77
, 73
, 13
, 2
, 84
, 1
, 85
, 31
, 55
, 25
, 61
, 34
, 52
, 27
, 59
, 63
, 23
, 40
, 46
, 56
, 30
, 9
, 77
, 16
, 70
, 49
, 37
, 60
, 26
, 84
, 2
, 73
, 13
, 26
, 60
, 17
, 69
, 34
, 52
, 58
, 28
, 40
, 46
, 48
, 38
, 28
, 58
, 11
, 75
, 10
, 76
, 38
, 48
, 63
, 23
, 41
, 45
, 27
, 59
, 66
, 20
, 71
, 15
, 66
, 20
, 61
, 25
, 40
, 46
, 3
, 83
, 76
, 10
, 74
, 12
, 45
, 41
, 25
, 61
, 40
, 46
, 14
, 72
, 27
, 59
, 58
, 28
, 34
, 52
, 11
, 75
, 78
, 8
, 22
, 64
, 53
, 33
, 70
, 16
, 26
, 60
, 34
, 52
, 38
, 48
, 79
, 7
, 64
, 22
, 1
, 85
, 73
, 13
, 36
, 50
, 29
, 57
, 84
, 2
, 49
, 37
, 73
, 13
, 65
, 21
, 74
, 12
, 64
, 22
, 47
, 39
, 68
, 18
, 24
, 62
, 55
, 31
, 49
, 37
, 8
, 78
, 32
, 54
, 20
, 66
, 53
, 33
, 44
, 42
, 84
, 2
, 80
, 6
, 19
, 67
, 56
, 30
, 52
, 34
, 24
, 62
, 45
, 41
, 7
, 79
, 44
, 42
, 25
, 61
, 69
, 17
, 22
, 64
, 33
, 53
, 4
, 82
, 22
, 64
, 73
, 13
, 19
, 67
, 3
, 83
, 5
, 81
, 42
, 44
, 18
, 68
, 52
, 34
, 56
, 30
, 23
, 63
, 64
, 22
, 53
, 33
, 17
, 69
, 58
, 28
, 26
, 60
, 73
, 13
, 10
, 76
, 25
, 61
, 84
, 2
, 75
, 11
, 31
, 55
, 65
, 21
, 59
, 27
, 22
, 64
, 79
, 7
, 70
, 16
, 46
, 40
, 55
, 31
, 47
, 39
, 23
, 63
, 54
, 32
, 25
, 61
, 38
, 48
, 48
, 38
, 11
, 75
, 49
, 37
, 62
, 24
, 44
, 42
, 12
, 74
, 34
, 52
, 4
, 82
, 44
, 42
, 63
, 23
, 24
, 62
, 27
, 59
, 62
, 24
, 29
, 57
, 3
, 83
, 45
, 41
, 46
, 40
, 49
, 37
, 27
, 59
, 29
, 57
, 53
, 33
, 67
, 19
, 65
, 21
, 13
, 73
, 60
, 26
, 60
, 26
, 77
, 9
, 34
, 52
, 55
, 31
, 24
, 62
, 12
, 74
, 83
, 3
, 80
, 6
, 15
, 71
, 30
, 56
, 73
, 13
, 54
, 32
, 62
, 24
, 26
, 60
, 62
, 24
, 8
, 78
, 44
, 42
, 37
, 49
, 59
, 27
, 57
, 29
, 53
, 33
, 82
, 4
, 54
, 32
, 5
, 81
, 3
, 83
, 59
, 27
, 70
, 16
, 40
, 46
, 64
, 22
, 41
, 45
, 50
, 36
, 55
, 31
, 15
, 71
, 71
, 15
, 74
, 12
, 1
, 85
, 36
, 50
, 84
, 2
, 29
, 57
, 48
, 38
, 52
, 34
, 43
, 43
, 41
, 45
, 82
, 4
, 32
, 54
, 46
, 40
, 72
, 14
, 32
, 54
, 13
, 73
, 36
, 50
, 22
, 64
, 6
, 80
, 27
, 59
, 75
, 11
, 36
, 50
, 28
, 58
, 43
, 43
, 19
, 67
, 51
, 35
, 35
, 51
, 30
, 56
, 4
, 82
, 29
, 57
, 31
, 55
, 51
, 35
, 37
, 49
, 71
, 15
, 59
, 27
, 11
, 75
, 84
, 2
, 8
, 78
, 69
, 17
, 76
, 10
, 33
, 53
, 31
, 55
, 58
, 28
, 41
, 45
, 32
, 54
, 70
, 16
, 15
, 71
