
1910
, 225
, 7
, 204
, 28
, 153
, 79
, 96
, 136
, 51
, 181
, 225
, 7
, 149
, 83
, 207
, 25
, 56
, 176
, 70
, 162
, 145
, 87
, 134
, 98
, 155
, 77
, 156
, 76
, 105
, 127
, 223
, 9
, 73
, 159
, 184
, 48
, 174
, 58
, 26
, 206
, 100
, 132
, 153
, 79
, 213
, 19
, 197
, 35
, 138
, 94
, 174
, 58
, 127
, 105
, 202
, 30
, 61
, 171
, 226
, 6
, 49
, 183
, 100
, 132
, 61
, 171
, 46
, 186
, 31
, 201
, 191
, 41
, 161
, 71
, 121
, 111
, 89
, 143
, 54
, 178
, 105
, 127
, 20
, 212
, 44
, 188
, 133
, 99
, 200
, 32
, 143
, 89
, 203
, 29
, 35
, 197
, 80
, 152
, 136
, 96
, 167
, 65
, 88
, 144
, 91
, 141
, 119
, 113
, 97
, 135
, 5
, 227
, 157
, 75
, 52
, 180
, 35
, 197
, 227
, 5
, 81
, 151
, 114
, 118
, 211
, 21
, 67
, 165
, 24
, 208
, 126
, 106
, 181
, 51
, 48
, 184
, 131
, 101
, 52
, 180
, 108
, 124
, 25
, 207
, 88
, 144
, 182
, 50
, 38
, 194
, 4
, 228
, 106
, 126
, 225
, 7
, 175
, 57
, 180
, 52
, 88
, 144
, 125
, 107
, 126
, 106
, 7
, 225
, 84
, 148
, 227
, 5
, 204
, 28
, 21
, 211
, 169
, 63
, 126
, 106
, 58
, 174
, 214
, 18
, 172
, 60
, 177
, 55
, 72
, 160
, 80
, 152
, 161
, 71
, 198
, 34
, 150
, 82
, 27
, 205
, 196
, 36
, 186
, 46
, 226
, 6
, 76
, 156
, 77
, 155
, 104
, 128
, 190
, 42
, 170
, 62
, 165
, 67
, 198
, 34
, 106
, 126
, 161
, 71
, 105
, 127
, 160
, 72
, 142
, 90
, 69
, 163
, 42
, 190
, 15
, 217
, 139
, 93
, 126
, 106
, 175
, 57
, 198
, 34
, 103
, 129
, 117
, 115
, 1
, 231
, 17
, 215
, 165
, 67
, 58
, 174
, 32
, 200
, 179
, 53
, 169
, 63
, 61
, 171
, 219
, 13
, 204
, 28
, 198
, 34
, 15
, 217
, 216
, 16
, 137
, 95
, 21
, 211
, 9
, 223
, 84
, 148
, 59
, 173
, 4
, 228
, 25
, 207
, 86
, 146
, 133
, 99
, 183
, 49
, 201
, 31
, 200
, 32
, 67
, 165
, 93
, 139
, 137
, 95
, 106
, 126
, 214
, 18
, 148
, 84
, 207
, 25
, 189
, 43
, 15
, 217
, 81
, 151
, 115
, 117
, 100
, 132
, 103
, 129
, 108
, 124
, 54
, 178
, 204
, 28
, 199
, 33
, 122
, 110
, 87
, 145
, 153
, 79
, 217
, 15
, 220
, 12
, 45
, 187
, 205
, 27
, 101
, 131
, 56
, 176
, 33
, 199
, 145
, 87
, 112
, 120
, 174
, 58
, 30
, 202
, 93
, 139
, 174
, 58
, 69
, 163
, 76
, 156
, 169
, 63
, 211
, 21
, 74
, 158
, 76
, 156
, 5
, 227
, 121
, 111
, 225
, 7
, 191
, 41
, 152
, 80
, 57
, 175
, 53
, 179
, 151
, 81
, 48
, 184
, 132
, 100
, 218
, 14
, 147
, 85
, 214
, 18
, 21
, 211
, 23
, 209
, 18
, 214
, 80
, 152
, 208
, 24
, 122
, 110
, 112
, 120
, 82
, 150
, 180
, 52
, 36
, 196
, 86
, 146
, 99
, 133
, 196
, 36
, 127
, 105
, 211
, 21
, 208
, 24
, 53
, 179
, 67
, 165
, 63
, 169
, 63
, 169
, 74
, 158
, 64
, 168
, 220
, 12
, 1
, 231
, 63
, 169
, 217
, 15
, 148
, 84
, 132
, 100
, 162
, 70
, 123
, 109
, 105
, 127
, 194
, 38
, 162
, 70
, 68
, 164
, 92
, 140
, 89
, 143
, 98
, 134
, 56
, 176
, 6
, 226
, 127
, 105
, 176
, 56
, 83
, 149
, 225
, 7
, 207
, 25
, 188
, 44
, 221
, 11
, 23
, 209
, 215
, 17
, 28
, 204
, 71
, 161
, 135
, 97
, 77
, 155
, 174
, 58
, 98
, 134
, 44
, 188
, 99
, 133
, 106
, 126
, 24
, 208
, 107
, 125
, 113
, 119
, 131
, 101
, 82
, 150
, 224
, 8
, 125
, 107
, 149
, 83
, 143
, 89
, 181
, 51
, 21
, 211
, 51
, 181
, 181
, 51
, 79
, 153
, 95
, 137
, 206
, 26
, 101
, 131
, 71
, 161
, 83
, 149
, 182
, 50
, 148
, 84
, 166
, 66
, 214
, 18
, 65
, 167
, 22
, 210
, 150
, 82
, 4
, 228
, 141
, 91
, 100
, 132
, 66
, 166
, 150
, 82
, 92
, 140
, 214
, 18
, 1
, 231
, 229
, 3
, 125
, 107
, 160
, 72
, 95
, 137
, 76
, 156
, 204
, 28
, 176
, 56
, 14
, 218
, 219
, 13
, 101
, 131
, 127
, 105
, 5
, 227
, 139
, 93
, 170
, 62
, 168
, 64
, 192
, 40
, 92
, 140
, 80
, 152
, 37
, 195
, 157
, 75
, 96
, 136
, 134
, 98
, 2
, 230
, 177
, 55
, 79
, 153
, 40
, 192
, 194
, 38
, 31
, 201
, 131
, 101
, 98
, 134
, 178
, 54
, 29
, 203
, 183
, 49
, 139
, 93
, 117
, 115
, 225
, 7
, 184
, 48
, 201
, 31
, 151
, 81
, 58
, 174
, 212
, 20
, 25
, 207
, 156
, 76
, 40
, 192
, 163
, 69
, 82
, 150
, 188
, 44
, 223
, 9
, 13
, 219
, 27
, 205
, 61
, 171
, 45
, 187
, 108
, 124
, 213
, 19
, 200
, 32
, 214
, 18
, 85
, 147
, 94
, 138
, 69
, 163
, 25
, 207
, 25
, 207
, 99
, 133
, 112
, 120
, 80
, 152
, 211
, 21
, 28
, 204
, 181
, 51
, 6
, 226
, 86
, 146
, 180
, 52
, 223
, 9
, 29
, 203
, 113
, 119
, 227
, 5
, 213
, 19
, 96
, 136
, 172
, 60
, 103
, 129
, 76
, 156
, 101
, 131
, 219
, 13
, 209
, 23
, 164
, 68
, 224
, 8
, 219
, 13
, 94
, 138
, 5
, 227
, 18
, 214
, 150
, 82
, 86
, 146
, 30
, 202
, 1
, 231
, 18
, 214
, 31
, 201
, 83
, 149
, 115
, 117
, 8
, 224
, 13
, 219
, 27
, 205
, 19
, 213
, 113
, 119
, 217
, 15
, 96
, 136
, 33
, 199
, 226
, 6
, 185
, 47
, 179
, 53
, 206
, 26
, 48
, 184
, 182
, 50
, 203
, 29
, 14
, 218
, 3
, 229
, 216
, 16
, 180
, 52
, 48
, 184
, 228
, 4
, 147
, 85
, 192
, 40
, 6
, 226
, 119
, 113
, 208
, 24
, 74
, 158
, 141
, 91
, 67
, 165
, 55
, 177
, 173
, 59
, 40
, 192
, 164
, 68
, 208
, 24
, 193
, 39
, 34
, 198
, 126
, 106
, 142
, 90
, 60
, 172
, 71
, 161
, 107
, 125
, 126
, 106
, 39
, 193
, 115
, 117
, 22
, 210
, 52
, 180
, 128
, 104
, 12
, 220
, 174
, 58
, 114
, 118
, 225
, 7
, 128
, 104
, 134
, 98
, 172
, 60
, 106
, 126
, 157
, 75
, 99
, 133
, 52
, 180
, 219
, 13
, 42
, 190
, 76
, 156
, 154
, 78
, 151
, 81
, 105
, 127
, 171
, 61
, 95
, 137
, 22
, 210
, 28
, 204
, 133
, 99
, 9
, 223
, 70
, 162
, 34
, 198
, 54
, 178
, 192
, 40
, 156
, 76
, 216
, 16
, 140
, 92
, 63
, 169
, 117
, 115
, 42
, 190
, 56
, 176
, 196
, 36
, 55
, 177
, 168
, 64
, 127
, 105
, 69
, 163
, 125
, 107
, 225
, 7
, 88
, 144
, 111
, 121
, 178
, 54
, 175
, 57
, 224
, 8
, 10
, 222
, 142
, 90
, 52
, 180
, 162
, 70
, 137
, 95
, 60
, 172
, 80
, 152
, 51
, 181
, 220
, 12
, 87
, 145
, 141
, 91
, 134
, 98
, 104
, 128
, 159
, 73
, 171
, 61
, 136
, 96
, 186
, 46
, 136
, 96
, 86
, 146
, 54
, 178
, 179
, 53
, 187
, 45
, 193
, 39
, 147
, 85
, 142
, 90
, 37
, 195
, 65
, 167
, 45
, 187
, 113
, 119
, 116
, 116
, 53
, 179
, 206
, 26
, 86
, 146
, 221
, 11
, 196
, 36
, 185
, 47
, 218
, 14
, 134
, 98
, 158
, 74
, 40
, 192
, 208
, 24
, 84
, 148
, 39
, 193
, 161
, 71
, 196
, 36
, 13
, 219
, 134
, 98
, 95
, 137
, 224
, 8
, 23
, 209
, 84
, 148
, 113
, 119
, 202
, 30
, 167
, 65
, 224
, 8
, 122
, 110
, 228
, 4
, 149
, 83
, 206
, 26
, 210
, 22
, 218
, 14
, 105
, 127
, 47
, 185
, 138
, 94
, 14
, 218
, 144
, 88
, 169
, 63
, 93
, 139
, 169
, 63
, 111
, 121
, 37
, 195
, 42
, 190
, 113
, 119
, 181
, 51
, 213
, 19
, 191
, 41
, 212
, 20
, 115
, 117
, 7
, 225
, 95
, 137
, 219
, 13
, 169
, 63
, 217
, 15
, 68
, 164
, 228
, 4
, 47
, 185
, 223
, 9
, 203
, 29
, 196
, 36
, 96
, 136
, 91
, 141
, 58
, 174
, 60
, 172
, 90
, 142
, 35
, 197
, 116
, 116
, 15
, 217
, 192
, 40
, 48
, 184
, 202
, 30
, 120
, 112
, 226
, 6
, 121
, 111
, 116
, 116
, 76
, 156
, 53
, 179
, 193
, 39
, 135
, 97
, 229
, 3
, 137
, 95
, 6
, 226
, 22
, 210
, 106
, 126
, 88
, 144
, 128
, 104
, 220
, 12
, 101
, 131
, 170
, 62
, 13
, 219
, 173
, 59
, 179
, 53
, 69
, 163
, 17
, 215
, 3
, 229
, 49
, 183
, 51
, 181
, 172
, 60
, 170
, 62
, 114
, 118
, 97
, 135
, 65
, 167
, 223
, 9
, 226
, 6
, 65
, 167
, 195
, 37
, 45
, 187
, 208
, 24
, 160
, 72
, 166
, 66
, 14
, 218
, 49
, 183
, 23
, 209
, 67
, 165
, 126
, 106
, 153
, 79
, 39
, 193
, 221
, 11
, 113
, 119
, 54
, 178
, 60
, 172
, 210
, 22
, 39
, 193
, 66
, 166
, 185
, 47
, 21
, 211
, 16
, 216
, 4
, 228
, 139
, 93
, 203
, 29
, 230
, 2
, 192
, 40
, 92
, 140
, 32
, 200
, 142
, 90
, 201
, 31
, 187
, 45
, 25
, 207
, 125
, 107
, 183
, 49
, 169
, 63
, 135
, 97
, 207
, 25
, 68
, 164
, 197
, 35
, 132
, 100
, 99
, 133
, 113
, 119
, 139
, 93
, 198
, 34
, 51
, 181
, 33
, 199
, 216
, 16
, 107
, 125
, 186
, 46
, 106
, 126
, 164
, 68
, 5
, 227
, 2
, 230
, 49
, 183
, 41
, 191
, 46
, 186
, 66
, 166
, 142
, 90
, 171
, 61
, 76
, 156
, 165
, 67
, 36
, 196
, 83
, 149
, 133
, 99
, 120
, 112
, 89
, 143
, 48
, 184
, 124
, 108
, 14
, 218
, 91
, 141
, 205
, 27
, 209
, 23
, 68
, 164
, 37
, 195
, 140
, 92
, 182
, 50
, 16
, 216
, 202
, 30
, 155
, 77
, 157
, 75
, 152
, 80
, 139
, 93
, 149
, 83
, 39
, 193
, 48
, 184
, 192
, 40
, 88
, 144
, 196
, 36
, 106
, 126
, 76
, 156
, 43
, 189
, 166
, 66
, 146
, 86
, 34
, 198
, 43
, 189
, 106
, 126
, 133
, 99
, 37
, 195
, 153
, 79
, 115
, 117
, 198
, 34
, 43
, 189
, 168
, 64
, 145
, 87
, 211
, 21
, 3
, 229
, 33
, 199
, 2
, 230
, 189
, 43
, 61
, 171
, 132
, 100
, 21
, 211
, 176
, 56
, 180
, 52
, 3
, 229
, 93
, 139
, 205
, 27
, 77
, 155
, 12
, 220
, 81
, 151
, 55
, 177
, 49
, 183
, 36
, 196
, 106
, 126
, 224
, 8
, 9
, 223
, 189
, 43
, 46
, 186
, 41
, 191
, 167
, 65
, 106
, 126
, 42
, 190
, 174
, 58
, 162
, 70
, 4
, 228
, 42
, 190
, 229
, 3
, 180
, 52
, 1
, 231
, 137
, 95
, 146
, 86
, 16
, 216
, 66
, 166
, 48
, 184
, 35
, 197
, 26
, 206
, 197
, 35
, 168
, 64
, 181
, 51
, 160
, 72
, 207
, 25
, 91
, 141
, 132
, 100
, 5
, 227
, 123
, 109
, 225
, 7
, 149
, 83
, 128
, 104
, 11
, 221
, 86
, 146
, 74
, 158
, 15
, 217
, 147
, 85
, 137
, 95
, 127
, 105
, 198
, 34
, 14
, 218
, 7
, 225
, 79
, 153
, 169
, 63
, 226
, 6
, 100
, 132
, 193
, 39
, 127
, 105
, 215
, 17
, 159
, 73
, 214
, 18
, 139
, 93
, 91
, 141
, 96
, 136
, 132
, 100
, 99
, 133
, 80
, 152
, 181
, 51
, 78
, 154
, 92
, 140
, 206
, 26
, 152
, 80
, 202
, 30
, 166
, 66
, 96
, 136
, 64
, 168
, 75
, 157
, 72
, 160
, 213
, 19
, 187
, 45
, 29
, 203
, 107
, 125
, 93
, 139
, 2
, 230
, 11
, 221
, 149
, 83
, 53
, 179
, 122
, 110
, 188
, 44
, 219
, 13
, 88
, 144
, 40
, 192
, 13
, 219
, 117
, 115
, 37
, 195
, 94
, 138
, 195
, 37
, 155
, 77
, 129
, 103
, 163
, 69
, 67
, 165
, 204
, 28
, 199
, 33
, 107
, 125
, 167
, 65
, 138
, 94
, 46
, 186
, 224
, 8
, 8
, 224
, 213
, 19
, 100
, 132
, 34
, 198
, 63
, 169
, 207
, 25
, 48
, 184
, 8
, 224
, 43
, 189
, 142
, 90
, 196
, 36
, 171
, 61
, 36
, 196
, 101
, 131
, 30
, 202
, 139
, 93
, 148
, 84
, 90
, 142
, 225
, 7
, 74
, 158
, 4
, 228
, 163
, 69
, 70
, 162
, 67
, 165
, 206
, 26
, 156
, 76
, 23
, 209
, 29
, 203
, 45
, 187
, 65
, 167
, 22
, 210
, 158
, 74
, 110
, 122
, 41
, 191
, 33
, 199
, 208
, 24
, 13
, 219
, 87
, 145
, 130
, 102
, 128
, 104
, 166
, 66
, 135
, 97
, 193
, 39
, 41
, 191
, 180
, 52
, 97
, 135
, 196
, 36
, 99
, 133
, 120
, 112
, 12
, 220
, 140
, 92
, 11
, 221
, 167
, 65
, 225
, 7
, 23
, 209
, 116
, 116
, 141
, 91
, 149
, 83
, 217
, 15
, 66
, 166
, 6
, 226
, 55
, 177
, 33
, 199
, 128
, 104
, 100
, 132
, 22
, 210
, 23
, 209
, 34
, 198
, 107
, 125
, 207
, 25
, 209
, 23
, 26
, 206
, 100
, 132
, 90
, 142
, 147
, 85
, 125
, 107
, 228
, 4
, 144
, 88
, 191
, 41
, 223
, 9
, 46
, 186
, 98
, 134
, 181
, 51
, 198
, 34
, 2
, 230
, 199
, 33
, 110
, 122
, 101
, 131
, 115
, 117
, 216
, 16
, 3
, 229
, 39
, 193
, 120
, 112
, 137
, 95
, 202
, 30
, 89
, 143
, 181
, 51
, 63
, 169
, 132
, 100
, 57
, 175
, 190
, 42
, 80
, 152
, 84
, 148
, 149
, 83
, 128
, 104
, 203
, 29
, 162
, 70
, 153
, 79
, 74
, 158
, 208
, 24
, 55
, 177
, 181
, 51
, 171
, 61
, 65
, 167
, 58
, 174
, 220
, 12
, 22
, 210
, 116
, 116
, 68
, 164
, 18
, 214
, 124
, 108
, 75
, 157
, 228
, 4
, 69
, 163
, 201
, 31
, 33
, 199
, 145
, 87
, 152
, 80
, 43
, 189
, 49
, 183
, 143
, 89
, 180
, 52
, 149
, 83
, 46
, 186
, 129
, 103
, 167
, 65
, 165
, 67
, 22
, 210
, 13
, 219
, 160
, 72
, 37
, 195
, 211
, 21
, 204
, 28
, 35
, 197
, 139
, 93
, 58
, 174
, 183
, 49
, 179
, 53
, 78
, 154
, 153
, 79
, 148
, 84
, 134
, 98
, 14
, 218
, 146
, 86
, 148
, 84
, 159
, 73
, 106
, 126
, 137
, 95
, 11
, 221
, 122
, 110
, 178
, 54
, 15
, 217
, 10
, 222
, 128
, 104
, 215
, 17
, 221
, 11
, 91
, 141
, 187
, 45
, 79
, 153
, 49
, 183
, 189
, 43
, 13
, 219
, 10
, 222
, 218
, 14
, 79
, 153
, 118
, 114
, 149
, 83
, 76
, 156
, 230
, 2
, 86
, 146
, 159
, 73
, 82
, 150
, 75
, 157
, 2
, 230
, 190
, 42
, 25
, 207
, 119
, 113
, 116
, 116
, 201
, 31
, 165
, 67
, 2
, 230
, 150
, 82
, 24
, 208
, 97
, 135
, 123
, 109
, 148
, 84
, 13
, 219
, 167
, 65
, 30
, 202
, 221
, 11
, 172
, 60
, 68
, 164
, 124
, 108
, 17
, 215
, 11
, 221
, 17
, 215
, 15
, 217
, 22
, 210
, 89
, 143
, 54
, 178
, 55
, 177
, 157
, 75
, 118
, 114
, 93
, 139
, 15
, 217
, 50
, 182
, 5
, 227
, 96
, 136
, 209
, 23
, 54
, 178
, 219
, 13
, 49
, 183
, 98
, 134
, 126
, 106
, 20
, 212
, 22
, 210
, 97
, 135
, 207
, 25
, 67
, 165
, 156
, 76
, 200
, 32
, 159
, 73
, 85
, 147
, 91
, 141
, 109
, 123
, 188
, 44
, 156
, 76
, 228
, 4
, 77
, 155
, 10
, 222
, 191
, 41
, 169
, 63
, 40
, 192
, 1
, 231
, 213
, 19
, 93
, 139
, 35
, 197
, 225
, 7
, 180
, 52
, 214
, 18
, 17
, 215
, 148
, 84
, 188
, 44
, 134
, 98
, 26
, 206
, 27
, 205
, 226
, 6
, 174
, 58
, 203
, 29
, 44
, 188
, 131
, 101
, 121
, 111
, 133
, 99
, 90
, 142
, 145
, 87
, 5
, 227
, 192
, 40
, 223
, 9
, 125
, 107
, 79
, 153
, 79
, 153
, 202
, 30
, 83
, 149
, 132
, 100
, 167
, 65
, 78
, 154
, 4
, 228
, 174
, 58
, 37
, 195
, 69
, 163
, 161
, 71
, 229
, 3
, 155
, 77
, 188
, 44
, 96
, 136
, 184
, 48
, 23
, 209
, 93
, 139
, 124
, 108
, 49
, 183
, 100
, 132
, 95
, 137
, 76
, 156
, 205
, 27
, 154
, 78
, 212
, 20
, 13
, 219
, 52
, 180
, 93
, 139
, 28
, 204
, 65
, 167
, 146
, 86
, 130
, 102
, 168
, 64
, 143
, 89
, 36
, 196
, 33
, 199
, 114
, 118
, 157
, 75
, 203
, 29
, 79
, 153
, 216
, 16
, 7
, 225
, 172
, 60
, 7
, 225
, 158
, 74
, 188
, 44
, 69
, 163
, 165
, 67
, 203
, 29
, 210
, 22
, 7
, 225
, 200
, 32
, 149
, 83
, 21
, 211
, 123
, 109
, 122
, 110
, 24
, 208
, 48
, 184
, 46
, 186
, 87
, 145
, 220
, 12
, 174
, 58
, 145
, 87
, 59
, 173
, 10
, 222
, 44
, 188
, 28
, 204
, 228
, 4
, 182
, 50
, 150
, 82
, 189
, 43
, 72
, 160
, 51
, 181
, 34
, 198
, 202
, 30
, 206
, 26
, 107
, 125
, 85
, 147
, 81
, 151
, 215
, 17
, 73
, 159
, 70
, 162
, 212
, 20
, 39
, 193
, 18
, 214
, 103
, 129
, 63
, 169
, 189
, 43
, 227
, 5
, 117
, 115
, 213
, 19
, 158
, 74
, 104
, 128
, 227
, 5
, 121
, 111
, 156
, 76
, 179
, 53
, 7
, 225
, 127
, 105
, 114
, 118
, 96
, 136
, 165
, 67
, 207
, 25
, 73
, 159
, 43
, 189
, 224
, 8
, 67
, 165
, 18
, 214
, 109
, 123
, 94
, 138
, 96
, 136
, 125
, 107
, 136
, 96
, 157
, 75
, 97
, 135
, 95
, 137
, 63
, 169
, 104
, 128
, 2
, 230
, 113
, 119
, 133
, 99
, 81
, 151
, 91
, 141
, 21
, 211
, 39
, 193
, 102
, 130
, 227
, 5
, 45
, 187
, 169
, 63
, 16
, 216
, 137
, 95
, 218
, 14
, 215
, 17
, 13
, 219
, 154
, 78
, 42
, 190
, 191
, 41
, 39
, 193
, 109
, 123
, 116
, 116
, 27
, 205
, 54
, 178
, 138
, 94
, 120
, 112
, 12
, 220
, 211
, 21
, 101
, 131
, 46
, 186
, 64
, 168
, 161
, 71
, 207
, 25
, 125
, 107
, 198
, 34
, 45
, 187
, 45
, 187
, 226
, 6
, 71
, 161
, 45
, 187
, 58
, 174
, 206
, 26
, 95
, 137
, 218
, 14
, 164
, 68
, 48
, 184
, 41
, 191
, 9
, 223
, 100
, 132
, 155
, 77
, 169
, 63
, 191
, 41
, 140
, 92
, 181
, 51
, 209
, 23
, 201
, 31
, 142
, 90
, 164
, 68
, 20
, 212
, 152
, 80
, 113
, 119
, 132
, 100
, 214
, 18
, 170
, 62
, 155
, 77
, 195
, 37
, 137
, 95
, 21
, 211
, 173
, 59
, 17
, 215
, 5
, 227
, 100
, 132
, 145
, 87
, 162
, 70
, 197
, 35
, 114
, 118
, 7
, 225
, 71
, 161
, 116
, 116
, 120
, 112
, 101
, 131
, 221
, 11
, 153
, 79
, 189
, 43
, 73
, 159
, 195
, 37
, 173
, 59
, 45
, 187
, 1
, 231
, 46
, 186
, 225
, 7
, 190
, 42
, 180
, 52
, 107
, 125
, 4
, 228
, 87
, 145
, 212
, 20
, 135
, 97
, 176
, 56
, 170
, 62
, 197
, 35
, 219
, 13
, 59
, 173
, 51
, 181
, 75
, 157
, 44
, 188
, 116
, 116
, 217
, 15
, 91
, 141
, 166
, 66
, 71
, 161
, 105
, 127
, 29
, 203
, 7
, 225
, 198
, 34
, 77
, 155
, 193
, 39
, 15
, 217
, 228
, 4
, 204
, 28
, 99
, 133
, 59
, 173
, 15
, 217
, 11
, 221
, 201
, 31
, 215
, 17
, 209
, 23
, 152
, 80
, 223
, 9
, 35
, 197
, 43
, 189
, 48
, 184
, 84
, 148
, 80
, 152
, 203
, 29
, 10
, 222
, 5
, 227
, 87
, 145
, 34
, 198
, 165
, 67
, 155
, 77
, 149
, 83
, 29
, 203
, 39
, 193
, 112
, 120
, 67
, 165
, 189
, 43
, 43
, 189
, 172
, 60
, 2
, 230
, 155
, 77
, 32
, 200
, 65
, 167
, 187
, 45
, 31
, 201
, 161
, 71
, 141
, 91
, 112
, 120
, 186
, 46
, 110
, 122
, 175
, 57
, 136
, 96
, 122
, 110
, 63
, 169
, 86
, 146
, 129
, 103
, 164
, 68
, 143
, 89
, 90
, 142
, 29
, 203
, 140
, 92
, 216
, 16
, 141
, 91
, 24
, 208
, 81
, 151
, 3
, 229
, 16
, 216
, 229
, 3
, 138
, 94
, 3
, 229
, 64
, 168
, 99
, 133
, 156
, 76
, 219
, 13
, 43
, 189
, 60
, 172
, 147
, 85
, 186
, 46
, 120
, 112
, 26
, 206
, 165
, 67
, 25
, 207
, 17
, 215
, 82
, 150
, 150
, 82
, 101
, 131
, 150
, 82
, 63
, 169
, 45
, 187
, 62
, 170
, 70
, 162
, 5
, 227
, 161
, 71
, 150
, 82
, 167
, 65
, 166
, 66
, 105
, 127
, 78
, 154
, 197
, 35
, 129
, 103
, 49
, 183
, 71
, 161
, 217
, 15
, 226
, 6
, 133
, 99
, 65
, 167
, 33
, 199
, 91
, 141
, 58
, 174
, 170
, 62
, 190
, 42
, 166
, 66
, 215
, 17
, 109
, 123
, 184
, 48
, 173
, 59
, 92
, 140
, 116
, 116
, 220
, 12
, 108
, 124
, 137
, 95
, 164
, 68
, 47
, 185
, 197
, 35
, 161
, 71
, 104
, 128
, 179
, 53
, 155
, 77
, 131
, 101
, 151
, 81
, 124
, 108
, 181
, 51
, 41
, 191
, 116
, 116
, 195
, 37
, 16
, 216
, 214
, 18
, 86
, 146
, 199
, 33
, 31
, 201
, 35
, 197
, 46
, 186
, 227
, 5
, 92
, 140
, 16
, 216
, 174
, 58
, 156
, 76
, 185
, 47
, 93
, 139
, 39
, 193
, 112
, 120
, 50
, 182
, 87
, 145
, 166
, 66
, 174
, 58
, 196
, 36
, 56
, 176
, 39
, 193
, 130
, 102
, 100
, 132
, 134
, 98
, 70
, 162
, 21
, 211
, 69
, 163
, 11
, 221
, 140
, 92
, 25
, 207
, 150
, 82
, 175
, 57
, 196
, 36
, 224
, 8
, 161
, 71
, 73
, 159
, 53
, 179
, 23
, 209
, 75
, 157
, 102
, 130
, 208
, 24
, 194
, 38
, 200
, 32
, 27
, 205
, 118
, 114
, 223
, 9
, 109
, 123
, 176
, 56
, 63
, 169
, 163
, 69
, 142
, 90
, 108
, 124
, 154
, 78
, 148
, 84
, 125
, 107
, 96
, 136
, 89
, 143
, 218
, 14
, 50
, 182
, 202
, 30
, 98
, 134
, 216
, 16
, 214
, 18
, 100
, 132
, 13
, 219
, 181
, 51
, 50
, 182
, 158
, 74
, 95
, 137
, 115
, 117
, 198
, 34
, 228
, 4
, 47
, 185
, 13
, 219
, 162
, 70
, 52
, 180
, 39
, 193
, 126
, 106
, 97
, 135
, 191
, 41
, 125
, 107
, 162
, 70
, 200
, 32
, 188
, 44
, 96
, 136
, 189
, 43
, 88
, 144
, 227
, 5
, 117
, 115
, 45
, 187
, 74
, 158
, 17
, 215
, 140
, 92
, 46
, 186
, 154
, 78
, 33
, 199
, 217
, 15
, 104
, 128
, 28
, 204
, 41
, 191
, 204
, 28
, 91
, 141
, 56
, 176
, 200
, 32
, 193
, 39
, 14
, 218
, 175
, 57
, 1
, 231
, 161
, 71
, 151
, 81
, 14
, 218
, 58
, 174
, 136
, 96
, 116
, 116
, 9
, 223
, 205
, 27
, 132
, 100
, 25
, 207
, 201
, 31
, 58
, 174
, 6
, 226
, 13
, 219
, 123
, 109
, 60
, 172
, 86
, 146
, 31
, 201
, 25
, 207
, 71
, 161
, 139
, 93
, 199
, 33
, 129
, 103
, 115
, 117
, 8
, 224
, 43
, 189
, 171
, 61
, 213
, 19
, 142
, 90
, 156
, 76
, 229
, 3
, 87
, 145
, 167
, 65
, 202
, 30
, 47
, 185
, 205
, 27
, 71
, 161
, 210
, 22
, 170
, 62
, 2
, 230
, 69
, 163
, 34
, 198
, 225
, 7
, 10
, 222
, 179
, 53
, 227
, 5
, 27
, 205
, 131
, 101
, 85
, 147
, 49
, 183
, 194
, 38
, 35
, 197
, 63
, 169
, 62
, 170
, 177
, 55
, 198
, 34
, 148
, 84
, 22
, 210
, 121
, 111
, 220
, 12
, 58
, 174
, 181
, 51
, 72
, 160
, 50
, 182
, 77
, 155
, 176
, 56
, 90
, 142
, 3
, 229
, 227
, 5
, 202
, 30
, 173
, 59
, 38
, 194
, 182
, 50
, 198
, 34
, 52
, 180
, 101
, 131
, 160
, 72
, 62
, 170
, 183
, 49
, 224
, 8
, 158
, 74
, 151
, 81
, 151
, 81
, 89
, 143
, 77
, 155
, 76
, 156
, 101
, 131
, 131
, 101
, 197
, 35
, 39
, 193
, 221
, 11
, 35
, 197
, 192
, 40
, 26
, 206
, 79
, 153
, 92
, 140
, 29
, 203
, 158
, 74
, 3
, 229
, 193
, 39
, 192
, 40
, 216
, 16
, 78
, 154
, 148
, 84
, 41
, 191
, 132
, 100
, 165
, 67
, 101
, 131
, 141
, 91
, 188
, 44
, 57
, 175
, 78
, 154
, 43
, 189
, 13
, 219
, 83
, 149
, 13
, 219
, 212
, 20
, 107
, 125
, 49
, 183
, 60
, 172
, 9
, 223
, 156
, 76
, 46
, 186
, 44
, 188
, 7
, 225
, 102
, 130
, 224
, 8
, 44
, 188
, 193
, 39
, 213
, 19
, 64
, 168
, 88
, 144
, 176
, 56
, 111
, 121
, 22
, 210
, 51
, 181
, 166
, 66
, 146
, 86
, 216
, 16
, 145
, 87
, 67
, 165
, 117
, 115
, 116
, 116
, 18
, 214
, 54
, 178
, 194
, 38
, 17
, 215
, 23
, 209
, 172
, 60
, 96
, 136
, 172
, 60
, 55
, 177
, 146
, 86
, 189
, 43
, 127
, 105
, 140
, 92
, 156
, 76
, 219
, 13
, 224
, 8
, 188
, 44
, 121
, 111
, 202
, 30
, 211
, 21
, 126
, 106
, 46
, 186
, 57
, 175
, 181
, 51
, 53
, 179
, 76
, 156
, 149
, 83
, 137
, 95
, 175
, 57
, 94
, 138
, 136
, 96
, 5
, 227
, 40
, 192
, 177
, 55
, 47
, 185
, 35
, 197
, 65
, 167
, 9
, 223
, 227
, 5
, 70
, 162
, 140
, 92
, 118
, 114
, 194
, 38
, 115
, 117
, 94
, 138
, 179
, 53
, 223
, 9
, 35
, 197
, 200
, 32
, 167
, 65
, 169
, 63
, 60
, 172
, 71
, 161
, 218
, 14
, 133
, 99
, 165
, 67
, 6
, 226
, 131
, 101
, 120
, 112
, 22
, 210
, 103
, 129
, 172
, 60
, 177
, 55
, 7
, 225
, 169
, 63
, 210
, 22
, 19
, 213
, 28
, 204
, 188
, 44
, 220
, 12
, 190
, 42
, 89
, 143
, 26
, 206
, 195
, 37
, 24
, 208
, 151
, 81
, 61
, 171
, 26
, 206
, 83
, 149
, 182
, 50
, 167
, 65
, 111
, 121
, 139
, 93
, 29
, 203
, 49
, 183
, 68
, 164
, 35
, 197
, 133
, 99
, 188
, 44
, 41
, 191
, 5
, 227
, 25
, 207
, 135
, 97
, 135
, 97
, 209
, 23
, 41
, 191
, 100
, 132
, 48
, 184
, 165
, 67
, 164
, 68
, 133
, 99
, 7
, 225
, 59
, 173
, 14
, 218
, 187
, 45
, 142
, 90
, 24
, 208
, 160
, 72
, 154
, 78
, 118
, 114
, 206
, 26
, 164
, 68
, 137
, 95
, 53
, 179
, 51
, 181
, 99
, 133
, 1
, 231
, 227
, 5
, 110
, 122
, 228
, 4
, 172
, 60
, 123
, 109
, 56
, 176
, 193
, 39
, 48
, 184
, 64
, 168
, 125
, 107
, 49
, 183
, 79
, 153
, 156
, 76
, 78
, 154
, 148
, 84
, 126
, 106
, 202
, 30
, 75
, 157
, 112
, 120
, 213
, 19
, 51
, 181
, 100
, 132
, 37
, 195
, 36
, 196
, 178
, 54
, 64
, 168
, 146
, 86
, 167
, 65
, 2
, 230
, 191
, 41
, 116
, 116
, 185
, 47
, 223
, 9
, 62
, 170
, 42
, 190
, 39
, 193
, 4
, 228
, 75
, 157
, 89
, 143
, 170
, 62
, 156
, 76
, 24
, 208
, 106
, 126
, 60
, 172
, 219
, 13
, 108
, 124
, 113
, 119
, 121
, 111
, 113
, 119
, 67
, 165
, 88
, 144
, 212
, 20
, 114
, 118
, 3
, 229
, 170
, 62
, 102
, 130
, 144
, 88
, 145
, 87
, 75
, 157
, 68
, 164
, 199
, 33
, 9
, 223
, 154
, 78
, 114
, 118
, 78
, 154
, 205
, 27
