
1920
, 191
, 64
, 96
, 159
, 32
, 223
, 145
, 110
, 59
, 196
, 156
, 99
, 35
, 220
, 42
, 213
, 96
, 159
, 106
, 149
, 140
, 115
, 190
, 65
, 148
, 107
, 214
, 41
, 42
, 213
, 36
, 219
, 116
, 139
, 33
, 222
, 58
, 197
, 68
, 187
, 116
, 139
, 221
, 34
, 120
, 135
, 80
, 175
, 54
, 201
, 106
, 149
, 4
, 251
, 76
, 179
, 108
, 147
, 152
, 103
, 96
, 159
, 34
, 221
, 236
, 19
, 179
, 76
, 219
, 36
, 53
, 202
, 154
, 101
, 134
, 121
, 217
, 38
, 170
, 85
, 30
, 225
, 214
, 41
, 76
, 179
, 99
, 156
, 242
, 13
, 65
, 190
, 92
, 163
, 127
, 128
, 106
, 149
, 229
, 26
, 224
, 31
, 82
, 173
, 83
, 172
, 230
, 25
, 174
, 81
, 20
, 235
, 69
, 186
, 158
, 97
, 167
, 88
, 252
, 3
, 8
, 247
, 155
, 100
, 107
, 148
, 201
, 54
, 107
, 148
, 148
, 107
, 173
, 82
, 193
, 62
, 149
, 106
, 121
, 134
, 210
, 45
, 92
, 163
, 252
, 3
, 123
, 132
, 97
, 158
, 228
, 27
, 190
, 65
, 245
, 10
, 20
, 235
, 75
, 180
, 124
, 131
, 175
, 80
, 107
, 148
, 115
, 140
, 56
, 199
, 225
, 30
, 201
, 54
, 19
, 236
, 25
, 230
, 162
, 93
, 23
, 232
, 101
, 154
, 218
, 37
, 45
, 210
, 195
, 60
, 218
, 37
, 42
, 213
, 213
, 42
, 134
, 121
, 193
, 62
, 171
, 84
, 56
, 199
, 204
, 51
, 166
, 89
, 4
, 251
, 140
, 115
, 177
, 78
, 249
, 6
, 213
, 42
, 186
, 69
, 98
, 157
, 173
, 82
, 193
, 62
, 105
, 150
, 186
, 69
, 2
, 253
, 37
, 218
, 9
, 246
, 242
, 13
, 251
, 4
, 138
, 117
, 112
, 143
, 241
, 14
, 141
, 114
, 137
, 118
, 149
, 106
, 170
, 85
, 143
, 112
, 190
, 65
, 199
, 56
, 113
, 142
, 9
, 246
, 73
, 182
, 238
, 17
, 93
, 162
, 35
, 220
, 233
, 22
, 64
, 191
, 117
, 138
, 30
, 225
, 198
, 57
, 26
, 229
, 161
, 94
, 203
, 52
, 67
, 188
, 96
, 159
, 212
, 43
, 13
, 242
, 159
, 96
, 186
, 69
, 85
, 170
, 230
, 25
, 91
, 164
, 140
, 115
, 187
, 68
, 26
, 229
, 137
, 118
, 72
, 183
, 80
, 175
, 134
, 121
, 192
, 63
, 127
, 128
, 63
, 192
, 187
, 68
, 15
, 240
, 100
, 155
, 216
, 39
, 219
, 36
, 109
, 146
, 135
, 120
, 152
, 103
, 75
, 180
, 201
, 54
, 251
, 4
, 49
, 206
, 114
, 141
, 28
, 227
, 91
, 164
, 170
, 85
, 107
, 148
, 240
, 15
, 48
, 207
, 114
, 141
, 165
, 90
, 173
, 82
, 110
, 145
, 83
, 172
, 124
, 131
, 206
, 49
, 77
, 178
, 39
, 216
, 2
, 253
, 7
, 248
, 64
, 191
, 247
, 8
, 247
, 8
, 198
, 57
, 101
, 154
, 99
, 156
, 230
, 25
, 71
, 184
, 38
, 217
, 214
, 41
, 117
, 138
, 17
, 238
, 187
, 68
, 35
, 220
, 40
, 215
, 101
, 154
, 45
, 210
, 78
, 177
, 46
, 209
, 151
, 104
, 162
, 93
, 242
, 13
, 77
, 178
, 34
, 221
, 173
, 82
, 167
, 88
, 154
, 101
, 157
, 98
, 73
, 182
, 91
, 164
, 133
, 122
, 174
, 81
, 190
, 65
, 86
, 169
, 122
, 133
, 95
, 160
, 101
, 154
, 90
, 165
, 138
, 117
, 61
, 194
, 84
, 171
, 173
, 82
, 169
, 86
, 247
, 8
, 154
, 101
, 248
, 7
, 2
, 253
, 159
, 96
, 109
, 146
, 61
, 194
, 117
, 138
, 15
, 240
, 47
, 208
, 106
, 149
, 170
, 85
, 24
, 231
, 49
, 206
, 91
, 164
, 231
, 24
, 133
, 122
, 219
, 36
, 54
, 201
, 114
, 141
, 229
, 26
, 130
, 125
, 19
, 236
, 16
, 239
, 45
, 210
, 44
, 211
, 5
, 250
, 215
, 40
, 155
, 100
, 128
, 127
, 180
, 75
, 44
, 211
, 85
, 170
, 30
, 225
, 99
, 156
, 178
, 77
, 39
, 216
, 188
, 67
, 179
, 76
, 158
, 97
, 14
, 241
, 252
, 3
, 9
, 246
, 251
, 4
, 86
, 169
, 16
, 239
, 198
, 57
, 240
, 15
, 116
, 139
, 41
, 214
, 241
, 14
, 103
, 152
, 150
, 105
, 225
, 30
, 200
, 55
, 114
, 141
, 236
, 19
, 242
, 13
, 230
, 25
, 172
, 83
, 84
, 171
, 167
, 88
, 70
, 185
, 1
, 254
, 58
, 197
, 174
, 81
, 206
, 49
, 230
, 25
, 73
, 182
, 12
, 243
, 187
, 68
, 55
, 200
, 7
, 248
, 58
, 197
, 125
, 130
, 56
, 199
, 25
, 230
, 13
, 242
, 24
, 231
, 147
, 108
, 232
, 23
, 61
, 194
, 71
, 184
, 72
, 183
, 252
, 3
, 175
, 80
, 62
, 193
, 169
, 86
, 109
, 146
, 45
, 210
, 253
, 2
, 215
, 40
, 243
, 12
, 125
, 130
, 33
, 222
, 159
, 96
, 36
, 219
, 238
, 17
, 229
, 26
, 19
, 236
, 136
, 119
, 220
, 35
, 184
, 71
, 65
, 190
, 163
, 92
, 173
, 82
, 162
, 93
, 27
, 228
, 97
, 158
, 168
, 87
, 72
, 183
, 245
, 10
, 77
, 178
, 65
, 190
, 201
, 54
, 106
, 149
, 155
, 100
, 127
, 128
, 235
, 20
, 243
, 12
, 31
, 224
, 99
, 156
, 67
, 188
, 202
, 53
, 217
, 38
, 59
, 196
, 153
, 102
, 55
, 200
, 213
, 42
, 6
, 249
, 36
, 219
, 68
, 187
, 101
, 154
, 160
, 95
, 5
, 250
, 167
, 88
, 122
, 133
, 155
, 100
, 103
, 152
, 144
, 111
, 162
, 93
, 162
, 93
, 141
, 114
, 69
, 186
, 37
, 218
, 190
, 65
, 180
, 75
, 71
, 184
, 57
, 198
, 225
, 30
, 66
, 189
, 90
, 165
, 249
, 6
, 91
, 164
, 118
, 137
, 70
, 185
, 93
, 162
, 168
, 87
, 175
, 80
, 153
, 102
, 47
, 208
, 129
, 126
, 168
, 87
, 7
, 248
, 145
, 110
, 170
, 85
, 208
, 47
, 123
, 132
, 56
, 199
, 6
, 249
, 13
, 242
, 75
, 180
, 11
, 244
, 250
, 5
, 196
, 59
, 199
, 56
, 224
, 31
, 74
, 181
, 7
, 248
, 179
, 76
, 195
, 60
, 67
, 188
, 41
, 214
, 246
, 9
, 89
, 166
, 250
, 5
, 75
, 180
, 166
, 89
, 183
, 72
, 44
, 211
, 93
, 162
, 174
, 81
, 189
, 66
, 127
, 128
, 73
, 182
, 79
, 176
, 104
, 151
, 113
, 142
, 146
, 109
, 177
, 78
, 234
, 21
, 52
, 203
, 216
, 39
, 146
, 109
, 145
, 110
, 113
, 142
, 72
, 183
, 174
, 81
, 4
, 251
, 82
, 173
, 222
, 33
, 94
, 161
, 16
, 239
, 158
, 97
, 236
, 19
, 81
, 174
, 4
, 251
, 120
, 135
, 138
, 117
, 10
, 245
, 158
, 97
, 121
, 134
, 12
, 243
, 119
, 136
, 178
, 77
, 141
, 114
, 24
, 231
, 158
, 97
, 127
, 128
, 211
, 44
, 220
, 35
, 209
, 46
, 47
, 208
, 68
, 187
, 159
, 96
, 233
, 22
, 70
, 185
, 220
, 35
, 152
, 103
, 109
, 146
, 16
, 239
, 232
, 23
, 109
, 146
, 131
, 124
, 69
, 186
, 134
, 121
, 237
, 18
, 40
, 215
, 129
, 126
, 20
, 235
, 71
, 184
, 31
, 224
, 107
, 148
, 168
, 87
, 101
, 154
, 134
, 121
, 202
, 53
, 206
, 49
, 118
, 137
, 37
, 218
, 110
, 145
, 176
, 79
, 186
, 69
, 76
, 179
, 17
, 238
, 96
, 159
, 123
, 132
, 11
, 244
, 107
, 148
, 70
, 185
, 82
, 173
, 183
, 72
, 164
, 91
, 45
, 210
, 111
, 144
, 33
, 222
, 236
, 19
, 141
, 114
, 39
, 216
, 153
, 102
, 226
, 29
, 242
, 13
, 31
, 224
, 13
, 242
, 60
, 195
, 87
, 168
, 142
, 113
, 222
, 33
, 74
, 181
, 196
, 59
, 73
, 182
, 141
, 114
, 59
, 196
, 124
, 131
, 223
, 32
, 7
, 248
, 103
, 152
, 149
, 106
, 229
, 26
, 194
, 61
, 192
, 63
, 225
, 30
, 220
, 35
, 25
, 230
, 199
, 56
, 20
, 235
, 248
, 7
, 77
, 178
, 60
, 195
, 11
, 244
, 53
, 202
, 82
, 173
, 68
, 187
, 15
, 240
, 64
, 191
, 170
, 85
, 92
, 163
, 50
, 205
, 32
, 223
, 91
, 164
, 239
, 16
, 29
, 226
, 43
, 212
, 223
, 32
, 116
, 139
, 152
, 103
, 94
, 161
, 61
, 194
, 212
, 43
, 136
, 119
, 22
, 233
, 179
, 76
, 217
, 38
, 150
, 105
, 126
, 129
, 78
, 177
, 22
, 233
, 87
, 168
, 149
, 106
, 230
, 25
, 37
, 218
, 88
, 167
, 155
, 100
, 51
, 204
, 52
, 203
, 190
, 65
, 24
, 231
, 70
, 185
, 183
, 72
, 9
, 246
, 133
, 122
, 247
, 8
, 171
, 84
, 235
, 20
, 74
, 181
, 15
, 240
, 233
, 22
, 228
, 27
, 115
, 140
, 129
, 126
, 3
, 252
, 184
, 71
, 38
, 217
, 225
, 30
, 235
, 20
, 123
, 132
, 211
, 44
, 13
, 242
, 150
, 105
, 4
, 251
, 105
, 150
, 24
, 231
, 6
, 249
, 209
, 46
, 21
, 234
, 223
, 32
, 230
, 25
, 151
, 104
, 11
, 244
, 246
, 9
, 51
, 204
, 92
, 163
, 45
, 210
, 251
, 4
, 30
, 225
, 131
, 124
, 17
, 238
, 108
, 147
, 191
, 64
, 158
, 97
, 153
, 102
, 146
, 109
, 112
, 143
, 200
, 55
, 20
, 235
, 135
, 120
, 149
, 106
, 206
, 49
, 207
, 48
, 137
, 118
, 92
, 163
, 29
, 226
, 166
, 89
, 126
, 129
, 204
, 51
, 1
, 254
, 166
, 89
, 77
, 178
, 144
, 111
, 16
, 239
, 246
, 9
, 226
, 29
, 183
, 72
, 195
, 60
, 131
, 124
, 95
, 160
, 104
, 151
, 252
, 3
, 246
, 9
, 237
, 18
, 20
, 235
, 168
, 87
, 136
, 119
, 67
, 188
, 186
, 69
, 173
, 82
, 56
, 199
, 223
, 32
, 183
, 72
, 82
, 173
, 174
, 81
, 151
, 104
, 130
, 125
, 86
, 169
, 187
, 68
, 136
, 119
, 164
, 91
, 45
, 210
, 98
, 157
, 52
, 203
, 139
, 116
, 201
, 54
, 237
, 18
, 59
, 196
, 230
, 25
, 186
, 69
, 101
, 154
, 137
, 118
, 68
, 187
, 113
, 142
, 117
, 138
, 65
, 190
, 182
, 73
, 101
, 154
, 175
, 80
, 169
, 86
, 97
, 158
, 234
, 21
, 21
, 234
, 138
, 117
, 158
, 97
, 130
, 125
, 144
, 111
, 202
, 53
, 79
, 176
, 75
, 180
, 5
, 250
, 195
, 60
, 31
, 224
, 7
, 248
, 28
, 227
, 114
, 141
, 121
, 134
, 162
, 93
, 185
, 70
, 50
, 205
, 202
, 53
, 30
, 225
, 73
, 182
, 205
, 50
, 41
, 214
, 217
, 38
, 250
, 5
, 89
, 166
, 242
, 13
, 161
, 94
, 47
, 208
, 251
, 4
, 197
, 58
, 177
, 78
, 150
, 105
, 155
, 100
, 167
, 88
, 187
, 68
, 118
, 137
, 183
, 72
, 46
, 209
, 144
, 111
, 171
, 84
, 53
, 202
, 81
, 174
, 85
, 170
, 179
, 76
, 176
, 79
, 52
, 203
, 63
, 192
, 231
, 24
, 90
, 165
, 99
, 156
, 184
, 71
, 22
, 233
, 155
, 100
, 228
, 27
, 238
, 17
, 93
, 162
, 12
, 243
, 197
, 58
, 143
, 112
, 145
, 110
, 21
, 234
, 9
, 246
, 63
, 192
, 184
, 71
, 121
, 134
, 53
, 202
, 123
, 132
, 200
, 55
, 206
, 49
, 141
, 114
, 56
, 199
, 193
, 62
, 196
, 59
, 121
, 134
, 181
, 74
, 227
, 28
, 219
, 36
, 61
, 194
, 102
, 153
, 175
, 80
, 166
, 89
, 220
, 35
, 133
, 122
, 207
, 48
, 131
, 124
, 164
, 91
, 135
, 120
, 217
, 38
, 51
, 204
, 93
, 162
, 183
, 72
, 59
, 196
, 200
, 55
, 252
, 3
, 14
, 241
, 134
, 121
, 125
, 130
, 58
, 197
, 174
, 81
, 137
, 118
, 6
, 249
, 124
, 131
, 31
, 224
, 22
, 233
, 251
, 4
, 57
, 198
, 172
, 83
, 235
, 20
, 18
, 237
, 223
, 32
, 160
, 95
, 211
, 44
, 117
, 138
, 64
, 191
, 92
, 163
, 253
, 2
, 250
, 5
, 111
, 144
, 40
, 215
, 188
, 67
, 46
, 209
, 204
, 51
, 203
, 52
, 9
, 246
, 250
, 5
, 30
, 225
, 59
, 196
, 194
, 61
, 21
, 234
, 46
, 209
, 209
, 46
, 136
, 119
, 202
, 53
, 205
, 50
, 168
, 87
, 172
, 83
, 231
, 24
, 71
, 184
, 33
, 222
, 190
, 65
, 222
, 33
, 247
, 8
, 230
, 25
, 60
, 195
, 192
, 63
, 158
, 97
, 238
, 17
, 110
, 145
, 8
, 247
, 245
, 10
, 19
, 236
, 173
, 82
, 78
, 177
, 136
, 119
, 10
, 245
, 130
, 125
, 110
, 145
, 94
, 161
, 3
, 252
, 199
, 56
, 236
, 19
, 162
, 93
, 130
, 125
, 18
, 237
, 18
, 237
, 95
, 160
, 77
, 178
, 56
, 199
, 134
, 121
, 70
, 185
, 9
, 246
, 43
, 212
, 159
, 96
, 56
, 199
, 219
, 36
, 82
, 173
, 165
, 90
, 189
, 66
, 122
, 133
, 240
, 15
, 238
, 17
, 181
, 74
, 60
, 195
, 222
, 33
, 127
, 128
, 224
, 31
, 145
, 110
, 82
, 173
, 105
, 150
, 22
, 233
, 97
, 158
, 5
, 250
, 113
, 142
, 185
, 70
, 90
, 165
, 134
, 121
, 216
, 39
, 62
, 193
, 71
, 184
, 81
, 174
, 188
, 67
, 49
, 206
, 188
, 67
, 183
, 72
, 222
, 33
, 201
, 54
, 51
, 204
, 81
, 174
, 37
, 218
, 56
, 199
, 240
, 15
, 125
, 130
, 187
, 68
, 145
, 110
, 36
, 219
, 62
, 193
, 145
, 110
, 190
, 65
, 94
, 161
, 241
, 14
, 248
, 7
, 99
, 156
, 102
, 153
, 215
, 40
, 133
, 122
, 6
, 249
, 30
, 225
, 124
, 131
, 196
, 59
, 223
, 32
, 33
, 222
, 98
, 157
, 93
, 162
, 25
, 230
, 15
, 240
, 100
, 155
, 62
, 193
, 83
, 172
, 201
, 54
, 30
, 225
, 157
, 98
, 108
, 147
, 131
, 124
, 237
, 18
, 120
, 135
, 97
, 158
, 8
, 247
, 21
, 234
, 62
, 193
, 85
, 170
, 205
, 50
, 102
, 153
, 132
, 123
, 121
, 134
, 71
, 184
, 207
, 48
, 112
, 143
, 206
, 49
, 11
, 244
, 69
, 186
, 170
, 85
, 227
, 28
, 119
, 136
, 168
, 87
, 4
, 251
, 10
, 245
, 145
, 110
, 60
, 195
, 51
, 204
, 130
, 125
, 17
, 238
, 64
, 191
, 232
, 23
, 109
, 146
, 120
, 135
, 247
, 8
, 232
, 23
, 178
, 77
, 141
, 114
, 29
, 226
, 100
, 155
, 65
, 190
, 6
, 249
, 100
, 155
, 145
, 110
, 218
, 37
, 150
, 105
, 174
, 81
, 54
, 201
, 188
, 67
, 193
, 62
, 124
, 131
, 99
, 156
, 230
, 25
, 139
, 116
, 123
, 132
, 48
, 207
, 186
, 69
, 222
, 33
, 109
, 146
, 213
, 42
, 203
, 52
, 133
, 122
, 77
, 178
, 47
, 208
, 167
, 88
, 169
, 86
, 221
, 34
, 38
, 217
, 207
, 48
, 168
, 87
, 93
, 162
, 1
, 254
, 27
, 228
, 132
, 123
, 251
, 4
, 201
, 54
, 213
, 42
, 22
, 233
, 227
, 28
, 61
, 194
, 233
, 22
, 147
, 108
, 172
, 83
, 6
, 249
, 2
, 253
, 209
, 46
, 1
, 254
, 142
, 113
, 130
, 125
, 225
, 30
, 94
, 161
, 122
, 133
, 251
, 4
, 199
, 56
, 210
, 45
, 112
, 143
, 134
, 121
, 72
, 183
, 25
, 230
, 233
, 22
, 113
, 142
, 135
, 120
, 234
, 21
, 25
, 230
, 105
, 150
, 161
, 94
, 130
, 125
, 5
, 250
, 39
, 216
, 251
, 4
, 245
, 10
, 63
, 192
, 249
, 6
, 151
, 104
, 23
, 232
, 19
, 236
, 250
, 5
, 211
, 44
, 238
, 17
, 216
, 39
, 29
, 226
, 122
, 133
, 177
, 78
, 141
, 114
, 56
, 199
, 6
, 249
, 210
, 45
, 3
, 252
, 69
, 186
, 138
, 117
, 51
, 204
, 86
, 169
, 195
, 60
, 135
, 120
, 203
, 52
, 6
, 249
, 133
, 122
, 42
, 213
, 47
, 208
, 102
, 153
, 85
, 170
, 127
, 128
, 99
, 156
, 158
, 97
, 70
, 185
, 251
, 4
, 161
, 94
, 150
, 105
, 106
, 149
, 226
, 29
, 148
, 107
, 44
, 211
, 41
, 214
, 177
, 78
, 30
, 225
, 3
, 252
, 1
, 254
, 93
, 162
, 191
, 64
, 172
, 83
, 89
, 166
, 114
, 141
, 157
, 98
, 21
, 234
, 103
, 152
, 117
, 138
, 138
, 117
, 102
, 153
, 206
, 49
, 80
, 175
, 31
, 224
, 150
, 105
, 237
, 18
, 43
, 212
, 45
, 210
, 47
, 208
, 26
, 229
, 32
, 223
, 204
, 51
, 50
, 205
, 21
, 234
, 23
, 232
, 86
, 169
, 247
, 8
, 11
, 244
, 36
, 219
, 147
, 108
, 230
, 25
, 145
, 110
, 35
, 220
, 28
, 227
, 211
, 44
, 76
, 179
, 169
, 86
, 146
, 109
, 205
, 50
, 175
, 80
, 195
, 60
, 188
, 67
, 115
, 140
, 225
, 30
, 43
, 212
, 126
, 129
, 206
, 49
, 111
, 144
, 43
, 212
, 235
, 20
, 70
, 185
, 39
, 216
, 82
, 173
, 247
, 8
, 57
, 198
, 149
, 106
, 127
, 128
, 75
, 180
, 180
, 75
, 126
, 129
, 89
, 166
, 180
, 75
, 17
, 238
, 122
, 133
, 126
, 129
, 94
, 161
, 106
, 149
, 21
, 234
, 205
, 50
, 68
, 187
, 172
, 83
, 4
, 251
, 101
, 154
, 65
, 190
, 150
, 105
, 64
, 191
, 216
, 39
, 17
, 238
, 243
, 12
, 218
, 37
, 244
, 11
, 22
, 233
, 115
, 140
, 170
, 85
, 67
, 188
, 168
, 87
, 167
, 88
, 72
, 183
, 211
, 44
, 141
, 114
, 139
, 116
, 113
, 142
, 166
, 89
, 95
, 160
, 200
, 55
, 147
, 108
, 226
, 29
, 101
, 154
, 37
, 218
, 117
, 138
, 112
, 143
, 41
, 214
, 238
, 17
, 182
, 73
, 199
, 56
, 126
, 129
, 144
, 111
, 173
, 82
, 175
, 80
, 236
, 19
, 95
, 160
, 249
, 6
, 234
, 21
, 124
, 131
, 237
, 18
, 173
, 82
, 150
, 105
, 20
, 235
, 65
, 190
, 236
, 19
, 135
, 120
, 219
, 36
, 32
, 223
, 61
, 194
, 57
, 198
, 34
, 221
, 11
, 244
, 127
, 128
, 231
, 24
, 133
, 122
, 178
, 77
, 40
, 215
, 193
, 62
, 163
, 92
, 74
, 181
, 123
, 132
, 227
, 28
, 53
, 202
, 150
, 105
, 154
, 101
, 17
, 238
, 220
, 35
, 219
, 36
, 242
, 13
, 119
, 136
, 233
, 22
, 123
, 132
, 112
, 143
, 118
, 137
, 214
, 41
, 159
, 96
, 12
, 243
, 11
, 244
, 127
, 128
, 101
, 154
, 149
, 106
, 8
, 247
, 165
, 90
, 219
, 36
, 142
, 113
, 85
, 170
, 233
, 22
, 79
, 176
, 89
, 166
, 124
, 131
, 166
, 89
, 69
, 186
, 155
, 100
, 162
, 93
, 126
, 129
, 172
, 83
, 215
, 40
, 117
, 138
, 194
, 61
, 113
, 142
, 212
, 43
, 26
, 229
, 193
, 62
, 185
, 70
, 231
, 24
, 25
, 230
, 84
, 171
, 85
, 170
, 69
, 186
, 251
, 4
, 38
, 217
, 36
, 219
, 75
, 180
, 42
, 213
, 106
, 149
, 146
, 109
, 111
, 144
, 105
, 150
, 137
, 118
, 103
, 152
, 249
, 6
, 92
, 163
, 224
, 31
, 96
, 159
, 34
, 221
, 160
, 95
, 25
, 230
, 211
, 44
, 37
, 218
, 224
, 31
, 88
, 167
, 181
, 74
, 61
, 194
, 176
, 79
, 158
, 97
, 238
, 17
, 119
, 136
, 8
, 247
, 229
, 26
, 133
, 122
, 150
, 105
, 178
, 77
, 6
, 249
, 168
, 87
, 24
, 231
, 173
, 82
, 45
, 210
, 132
, 123
, 208
, 47
, 193
, 62
, 80
, 175
, 134
, 121
, 142
, 113
, 232
, 23
, 243
, 12
, 112
, 143
, 30
, 225
, 160
, 95
, 139
, 116
, 192
, 63
, 208
, 47
, 219
, 36
, 202
, 53
, 47
, 208
, 107
, 148
, 224
, 31
, 198
, 57
, 48
, 207
, 107
, 148
, 208
, 47
, 63
, 192
, 146
, 109
, 42
, 213
, 147
, 108
, 43
, 212
, 27
, 228
, 32
, 223
, 201
, 54
, 199
, 56
, 249
, 6
, 155
, 100
, 114
, 141
, 22
, 233
, 92
, 163
, 214
, 41
, 136
, 119
, 129
, 126
, 186
, 69
, 75
, 180
, 198
, 57
, 46
, 209
, 5
, 250
, 121
, 134
, 17
, 238
, 44
, 211
, 207
, 48
, 55
, 200
, 15
, 240
, 214
, 41
, 87
, 168
, 12
, 243
, 118
, 137
, 150
, 105
, 209
, 46
, 12
, 243
, 146
, 109
, 22
, 233
, 207
, 48
, 57
, 198
, 214
, 41
, 190
, 65
, 67
, 188
, 72
, 183
, 88
, 167
, 183
, 72
, 33
, 222
, 200
, 55
, 172
, 83
, 213
, 42
, 65
, 190
, 133
, 122
, 121
, 134
, 189
, 66
, 241
, 14
, 47
, 208
, 181
, 74
, 156
, 99
, 212
, 43
, 110
, 145
, 33
, 222
, 154
, 101
, 153
, 102
, 154
, 101
, 55
, 200
, 249
, 6
, 225
, 30
, 231
, 24
, 6
, 249
, 129
, 126
, 131
, 124
, 110
, 145
, 231
, 24
, 249
, 6
, 73
, 182
, 42
, 213
, 74
, 181
, 59
, 196
, 81
, 174
, 78
, 177
, 70
, 185
, 78
, 177
, 68
, 187
, 206
, 49
, 132
, 123
, 9
, 246
, 64
, 191
, 77
, 178
, 212
, 43
, 190
, 65
, 157
, 98
, 18
, 237
, 13
, 242
, 218
, 37
, 88
, 167
, 224
, 31
, 251
, 4
, 240
, 15
, 142
, 113
, 100
, 155
, 149
, 106
, 246
, 9
, 91
, 164
, 253
, 2
, 140
, 115
, 64
, 191
, 127
, 128
, 200
, 55
, 179
, 76
, 82
, 173
, 238
, 17
, 200
, 55
, 238
, 17
, 96
, 159
, 223
, 32
, 68
, 187
, 153
, 102
, 199
, 56
, 130
, 125
, 76
, 179
, 15
, 240
, 54
, 201
, 209
, 46
, 126
, 129
, 85
, 170
, 215
, 40
, 47
, 208
, 215
, 40
, 54
, 201
, 219
, 36
, 102
, 153
, 159
, 96
, 16
, 239
, 203
, 52
, 55
, 200
, 7
, 248
, 175
, 80
, 139
, 116
, 141
, 114
, 55
, 200
, 83
, 172
, 110
, 145
, 100
, 155
, 142
, 113
, 190
, 65
, 142
, 113
, 132
, 123
, 186
, 69
, 24
, 231
, 192
, 63
, 199
, 56
, 106
, 149
, 153
, 102
, 167
, 88
, 134
, 121
, 44
, 211
, 141
, 114
, 243
, 12
, 243
, 12
, 44
, 211
, 28
, 227
, 248
, 7
, 134
, 121
, 174
, 81
, 17
, 238
, 230
, 25
, 39
, 216
, 48
, 207
, 142
, 113
, 107
, 148
, 243
, 12
, 183
, 72
, 239
, 16
, 79
, 176
, 28
, 227
, 130
, 125
, 33
, 222
, 101
, 154
, 10
, 245
, 22
, 233
, 119
, 136
, 43
, 212
, 231
, 24
, 31
, 224
, 198
, 57
, 4
, 251
, 96
, 159
, 229
, 26
, 164
, 91
, 184
, 71
, 60
, 195
, 60
, 195
, 13
, 242
, 193
, 62
, 200
, 55
, 215
, 40
, 5
, 250
, 226
, 29
, 128
, 127
, 141
, 114
, 64
, 191
, 16
, 239
, 246
, 9
, 187
, 68
, 44
, 211
, 36
, 219
, 245
, 10
, 121
, 134
, 19
, 236
, 120
, 135
, 131
, 124
, 22
, 233
, 196
, 59
, 19
, 236
, 253
, 2
, 110
, 145
, 77
, 178
, 182
, 73
, 3
, 252
, 150
, 105
, 31
, 224
, 241
, 14
, 39
, 216
, 128
, 127
, 59
, 196
, 136
, 119
, 95
, 160
, 60
, 195
, 63
, 192
, 244
, 11
, 25
, 230
, 127
, 128
, 38
, 217
, 38
, 217
, 15
, 240
, 84
, 171
, 137
, 118
, 80
, 175
, 120
, 135
, 159
, 96
, 135
, 120
, 154
, 101
, 61
, 194
, 243
, 12
, 19
, 236
, 135
, 120
, 191
, 64
, 57
, 198
, 173
, 82
, 154
, 101
, 87
, 168
, 89
, 166
, 220
, 35
, 207
, 48
, 190
, 65
, 180
, 75
, 224
, 31
, 201
, 54
, 71
, 184
, 164
, 91
, 5
, 250
, 175
, 80
, 117
, 138
, 169
, 86
, 135
, 120
, 115
, 140
, 22
, 233
, 200
, 55
, 251
, 4
, 30
, 225
, 85
, 170
, 161
, 94
, 190
, 65
, 92
, 163
, 9
, 246
, 43
, 212
, 42
, 213
, 211
, 44
, 16
, 239
, 237
, 18
, 4
, 251
, 111
, 144
, 205
, 50
, 17
, 238
, 22
, 233
, 54
, 201
, 62
, 193
, 22
, 233
, 36
, 219
, 253
, 2
, 47
, 208
, 169
, 86
, 250
, 5
, 247
, 8
, 203
, 52
, 184
, 71
, 34
, 221
, 241
, 14
, 138
, 117
, 19
, 236
, 26
, 229
, 182
, 73
, 252
, 3
, 185
, 70
, 68
, 187
, 16
, 239
, 154
, 101
, 219
, 36
, 189
, 66
, 131
, 124
, 17
, 238
, 49
, 206
, 223
, 32
, 65
, 190
, 5
, 250
, 17
, 238
, 55
, 200
, 146
, 109
, 253
, 2
, 63
, 192
, 4
, 251
, 170
, 85
, 68
, 187
, 147
, 108
, 102
, 153
, 133
, 122
, 174
, 81
, 106
, 149
, 33
, 222
, 7
, 248
, 59
, 196
, 104
, 151
, 23
, 232
, 76
, 179
, 91
, 164
, 213
, 42
, 136
, 119
, 83
, 172
, 82
, 173
, 152
, 103
, 73
, 182
, 91
, 164
, 182
, 73
, 230
, 25
, 197
, 58
, 206
, 49
, 128
, 127
, 186
, 69
, 31
, 224
, 213
, 42
, 91
, 164
, 166
, 89
, 230
, 25
, 227
, 28
, 128
, 127
, 7
, 248
, 1
, 254
, 78
, 177
, 135
, 120
, 150
, 105
, 155
, 100
, 219
, 36
, 14
, 241
, 242
, 13
, 17
, 238
, 189
, 66
, 108
, 147
, 172
, 83
, 28
, 227
, 165
, 90
, 212
, 43
, 117
, 138
, 221
, 34
, 82
, 173
, 192
, 63
, 36
, 219
, 83
, 172
, 218
, 37
, 15
, 240
, 5
, 250
, 50
, 205
, 224
, 31
, 30
, 225
, 47
, 208
, 154
, 101
, 190
, 65
, 94
, 161
, 225
, 30
, 158
, 97
, 178
, 77
, 126
, 129
, 5
, 250
, 66
, 189
, 109
, 146
, 238
, 17
, 175
, 80
, 85
, 170
, 62
, 193
, 82
, 173
, 22
, 233
, 151
, 104
, 205
, 50
, 51
, 204
, 92
, 163
, 6
, 249
, 29
, 226
, 35
, 220
, 10
, 245
, 217
, 38
, 165
, 90
, 37
, 218
, 17
, 238
, 63
, 192
, 191
, 64
, 182
, 73
, 188
, 67
, 172
, 83
, 152
, 103
, 202
, 53
, 35
, 220
, 103
, 152
, 152
, 103
, 219
, 36
, 186
, 69
, 114
, 141
, 195
, 60
, 180
, 75
, 155
, 100
, 163
, 92
, 165
, 90
, 35
, 220
, 168
, 87
, 13
, 242
, 236
, 19
, 102
, 153
, 245
, 10
, 238
, 17
, 2
, 253
, 143
, 112
, 11
, 244
, 95
, 160
, 46
, 209
, 55
, 200
, 216
, 39
, 122
, 133
, 219
, 36
, 23
, 232
, 234
, 21
, 82
, 173
, 139
, 116
, 82
, 173
, 113
, 142
, 203
, 52
, 19
, 236
, 222
, 33
, 79
, 176
, 3
, 252
, 122
, 133
, 65
, 190
, 104
, 151
, 31
, 224
, 208
, 47
, 109
, 146
, 136
, 119
, 137
, 118
, 95
, 160
, 222
, 33
, 2
, 253
, 104
, 151
, 153
, 102
, 159
, 96
, 225
, 30
, 21
, 234
, 78
, 177
, 64
, 191
, 77
, 178
, 207
, 48
, 112
, 143
, 240
, 15
, 44
, 211
, 21
, 234
, 185
, 70
, 184
, 71
, 51
, 204
, 8
, 247
, 37
, 218
, 143
, 112
, 207
, 48
, 70
, 185
, 111
, 144
, 51
, 204
, 153
, 102
, 247
, 8
, 209
, 46
, 22
, 233
, 9
, 246
, 48
, 207
, 60
, 195
, 93
, 162
, 39
, 216
, 176
, 79
, 179
, 76
, 86
, 169
, 109
, 146
, 187
, 68
, 217
, 38
, 53
, 202
, 86
, 169
, 15
, 240
, 164
, 91
, 63
, 192
, 45
, 210
, 194
, 61
, 206
, 49
, 124
, 131
, 155
, 100
, 14
, 241
, 220
, 35
, 172
, 83
, 12
, 243
, 105
, 150
, 136
, 119
, 45
, 210
, 172
, 83
, 103
, 152
, 139
, 116
, 164
, 91
, 98
, 157
, 108
, 147
, 25
, 230
, 90
, 165
, 250
, 5
, 85
, 170
, 129
, 126
, 93
, 162
, 20
, 235
, 166
, 89
, 57
, 198
, 134
, 121
, 26
, 229
, 232
, 23
, 236
, 19
, 75
, 180
, 17
, 238
, 78
, 177
, 113
, 142
, 89
, 166
, 86
, 169
, 157
, 98
, 79
, 176
, 24
, 231
, 84
, 171
, 7
, 248
, 173
, 82
, 128
, 127
, 52
, 203
, 115
, 140
, 188
, 67
, 221
, 34
, 205
, 50
, 251
, 4
, 123
, 132
, 120
, 135
, 169
, 86
, 102
, 153
, 68
, 187
, 32
, 223
, 146
, 109
, 68
, 187
, 240
, 15
, 66
, 189
, 155
, 100
, 246
, 9
, 232
, 23
, 209
, 46
, 170
, 85
, 244
, 11
, 43
, 212
, 229
, 26
, 26
, 229
, 79
, 176
, 217
, 38
, 155
, 100
