
3875
450
879
607
670
818
810
636
275
288
566
505
539
137
497
103
115
271
116
411
820
262
906
744
472
102
132
511
504
211
403
623
419
134
131
825
474
436
501
218
759
571
161
693
688
676
489
436
151
913
665
127
197
177
443
189
282
771
660
608
537
172
707
467
518
956
575
625
507
799
355
785
141
769
314
202
411
691
946
279
846
349
858
296
151
160
487
358
454
549
373
390
356
265
473
201
747
121
457
706
364
493
219
386
365
710
414
756
324
303
916
519
233
695
435
149
206
882
268
365
180
755
468
980
843
357
104
900
236
587
734
539
863
462
550
267
498
669
264
701
155
596
418
596
410
765
115
175
703
540
180
217
748
741
675
889
169
134
374
211
681
485
711
171
841
331
636
401
126
378
652
974
958
794
691
687
852
974
721
625
739
670
220
717
429
778
235
137
856
255
624
230
893
624
155
508
178
870
599
203
939
322
142
211
326
415
831
322
918
109
815
733
850
141
842
531
912
133
453
232
401
719
623
821
680
241
802
560
807
384
892
814
523
176
486
847
139
582
876
702
208
761
753
841
806
759
442
996
987
509
852
953
124
323
869
420
414
512
259
985
925
213
493
924
536
144
687
240
454
990
215
733
479
758
561
897
735
358
846
586
335
392
714
238
735
922
840
553
814
937
936
817
464
676
483
811
427
331
218
263
521
827
658
915
596
926
828
815
946
461
816
889
781
607
810
766
943
956
938
468
480
735
262
342
897
781
775
653
538
958
580
743
191
630
705
325
162
519
231
474
577
909
259
790
604
887
654
796
465
466
428
100
810
665
814
247
350
396
774
759
622
555
909
828
166
274
883
644
451
374
934
259
296
808
677
182
425
984
173
996
266
224
579
539
826
928
573
213
416
579
326
262
326
843
797
812
732
344
682
549
510
474
275
269
663
486
335
905
359
429
460
908
404
857
591
364
450
530
972
616
995
643
178
799
277
433
758
350
495
745
481
847
544
385
125
235
881
680
321
491
888
488
881
389
175
601
487
444
592
486
856
842
739
219
614
328
144
842
997
625
285
220
135
415
922
748
759
258
215
555
591
710
427
883
918
795
469
214
934
534
264
667
972
947
525
253
757
842
245
422
646
434
860
771
861
250
845
760
339
167
662
117
993
173
524
105
158
195
296
496
612
859
840
115
781
572
500
553
430
952
206
401
921
963
270
538
695
373
538
825
273
518
231
918
185
381
159
254
543
580
835
414
620
736
495
155
694
903
749
837
146
254
994
663
876
969
588
124
679
536
583
560
598
184
854
163
781
322
317
487
914
776
684
691
717
302
521
551
214
706
233
659
882
554
856
573
728
884
270
500
874
198
786
809
238
562
980
459
381
591
844
710
334
432
256
416
265
135
619
531
143
872
350
342
649
139
942
917
702
441
923
957
318
919
330
501
450
797
423
268
809
240
929
761
889
855
554
977
323
227
974
989
747
189
332
784
686
984
529
176
281
717
387
333
969
812
638
186
732
109
628
726
200
144
716
874
963
108
344
177
588
533
791
967
354
807
582
651
799
528
319
913
947
812
501
231
914
714
111
190
572
277
522
960
562
340
462
433
330
746
196
772
383
448
585
976
460
280
270
967
679
306
860
151
200
506
245
830
120
679
431
276
526
123
415
810
193
784
881
780
394
764
645
828
261
307
400
511
768
956
394
608
745
290
195
989
589
499
760
362
310
389
785
698
688
949
169
337
513
847
148
278
374
369
502
882
182
639
221
809
391
193
335
813
564
480
958
307
468
375
625
172
358
258
620
837
730
131
929
379
890
530
427
595
528
937
958
496
462
693
722
999
217
422
887
522
369
212
714
610
223
783
587
218
343
489
359
169
861
855
506
299
936
548
265
462
151
331
109
472
983
444
808
324
386
303
234
596
678
897
884
781
413
140
542
313
654
958
315
445
333
226
694
100
164
471
432
525
509
154
721
210
197
228
602
719
947
304
930
287
127
363
291
735
146
645
994
689
985
429
582
307
554
475
347
594
327
404
905
600
176
791
672
272
168
563
181
736
458
524
534
935
476
783
250
834
300
887
685
536
804
778
794
986
574
883
360
816
610
263
711
188
198
872
875
270
788
157
405
730
606
686
901
301
288
875
276
584
246
800
550
411
729
952
583
599
785
598
739
196
798
674
180
951
285
628
693
422
641
216
227
590
822
635
870
136
135
196
423
182
205
547
284
922
665
120
738
146
193
746
503
800
115
357
383
130
731
777
610
472
552
248
974
625
873
308
398
651
666
325
571
506
985
943
999
825
272
773
530
295
602
236
430
393
796
218
380
452
308
661
876
179
922
519
403
920
650
113
912
254
709
631
894
743
859
867
447
119
714
586
384
777
330
742
298
633
612
447
295
803
660
991
588
454
506
673
879
222
116
745
460
635
158
811
755
614
628
737
100
797
544
930
810
126
994
222
783
708
562
952
283
291
105
864
702
259
224
570
773
175
746
871
172
965
238
370
920
337
237
833
598
251
276
301
133
914
559
349
108
264
726
690
412
190
503
120
598
362
108
823
797
334
851
281
635
449
916
737
587
556
701
372
540
275
458
520
346
588
908
308
495
444
606
399
874
290
904
176
271
548
705
147
967
815
847
863
701
663
471
978
594
401
767
139
405
809
276
816
860
385
309
601
697
565
550
840
155
410
717
483
557
748
241
643
160
694
504
822
620
995
584
108
629
204
396
224
137
493
615
913
848
748
136
449
672
673
776
634
514
564
164
430
542
744
915
910
175
455
677
822
334
601
407
455
862
436
429
619
824
693
769
694
490
639
461
314
756
426
400
158
286
173
267
638
482
832
901
459
350
119
681
539
132
691
795
435
152
520
468
146
175
236
756
554
556
195
464
620
630
877
288
812
595
783
906
594
961
919
575
798
901
528
801
487
268
865
416
271
278
431
527
785
441
250
278
761
525
309
845
911
148
986
823
902
795
964
797
451
604
172
789
847
514
427
428
810
883
746
405
304
865
337
610
220
888
721
306
419
626
928
883
870
487
660
901
983
143
835
318
377
736
566
525
202
464
883
258
953
525
221
752
783
439
389
229
554
248
518
195
849
771
552
637
735
998
646
533
449
380
894
783
654
717
376
793
979
729
435
240
926
978
142
248
175
475
774
218
113
560
884
513
949
219
788
196
140
686
387
559
142
612
252
894
501
441
548
820
451
557
897
142
583
921
734
785
251
788
133
772
751
711
156
135
551
630
732
155
354
549
139
744
873
831
704
795
812
881
970
346
831
691
579
263
277
644
599
746
356
760
750
680
111
149
598
169
391
874
290
520
465
715
887
813
816
931
499
526
309
493
444
989
714
495
587
855
524
264
441
500
563
525
190
192
824
442
616
529
930
190
550
140
524
927
661
560
830
649
659
910
779
918
702
650
777
225
988
343
470
288
338
734
748
343
677
525
896
581
442
245
989
613
598
400
276
486
141
882
322
553
762
864
360
857
409
939
107
357
831
926
198
446
765
555
569
667
627
709
766
439
531
319
146
965
198
640
480
100
478
295
450
771
893
137
143
171
505
541
722
385
196
117
975
868
402
135
963
259
877
935
177
247
786
214
824
186
761
612
979
724
773
846
464
911
621
260
728
820
455
608
521
838
722
390
378
512
892
629
819
786
136
530
233
575
440
579
927
727
617
562
871
893
756
949
224
787
426
114
868
836
294
907
511
822
575
378
493
213
820
754
695
366
489
473
682
528
209
527
134
306
258
684
252
679
481
670
214
478
730
130
907
222
718
669
856
913
527
851
693
921
946
227
441
732
508
219
727
880
913
233
566
582
255
684
994
153
273
617
428
144
448
304
857
931
883
149
888
726
336
722
162
504
400
897
711
196
707
771
151
249
303
510
598
904
903
681
636
151
613
539
364
272
257
743
357
256
391
212
295
909
993
184
604
524
432
605
510
558
223
931
568
566
320
948
971
246
452
953
972
432
562
618
326
821
303
372
664
202
303
859
322
538
120
798
273
339
656
520
806
532
153
414
981
198
986
981
750
829
118
716
497
120
878
261
242
727
454
432
946
258
543
988
996
716
446
747
624
487
822
463
999
146
246
790
708
382
461
552
620
367
131
959
134
858
178
207
212
533
118
886
260
775
666
906
783
860
993
854
613
498
237
730
786
211
602
278
862
453
787
503
895
931
237
819
762
516
131
737
926
754
460
373
588
653
551
505
264
641
804
827
317
1000
672
135
428
163
605
298
293
452
870
793
301
114
109
550
977
813
397
571
530
997
684
802
306
489
870
373
279
913
664
249
362
704
694
940
498
309
903
622
637
972
462
792
836
758
782
685
146
694
403
809
464
789
119
122
139
656
674
644
270
354
572
290
935
291
846
887
431
291
401
659
687
312
998
579
864
819
889
964
970
235
658
972
271
772
411
843
789
229
952
492
797
128
632
192
786
662
938
934
243
691
271
873
411
451
498
920
754
339
656
390
962
873
525
502
803
359
743
620
962
404
667
306
226
726
392
680
867
662
989
985
392
968
110
171
558
796
739
744
327
334
538
983
402
810
192
448
663
795
667
810
395
447
425
837
426
226
964
512
433
962
860
316
500
869
514
829
880
486
769
163
535
348
365
308
202
535
462
159
782
171
414
188
285
219
211
556
592
709
158
871
878
979
345
688
178
947
671
291
324
714
843
555
408
322
549
521
806
594
987
676
638
601
682
971
426
281
315
794
650
237
447
402
538
365
436
707
981
283
959
463
849
309
456
721
806
115
358
104
830
182
124
704
657
597
501
628
430
341
308
436
317
910
103
525
108
627
957
596
817
565
459
984
402
614
104
637
570
774
810
113
184
126
180
231
441
912
521
684
145
846
885
603
651
256
489
603
432
593
621
149
793
649
563
544
654
984
847
378
216
530
500
387
684
932
282
173
692
248
992
517
857
916
279
630
498
750
815
599
655
181
750
909
929
806
350
611
612
956
394
671
610
512
553
826
806
617
344
757
345
813
797
600
537
405
169
481
886
110
302
466
184
553
584
728
191
317
176
890
810
928
827
565
560
835
215
735
493
916
725
126
662
359
928
920
113
616
501
563
951
719
659
313
488
617
155
395
803
651
816
636
251
483
589
388
161
119
159
868
559
966
330
175
696
942
461
346
655
768
927
807
299
933
497
868
443
619
434
556
430
822
902
800
492
340
707
251
833
795
683
622
502
852
756
324
794
524
250
251
557
187
518
571
803
143
953
486
796
203
535
889
704
624
478
442
913
355
753
628
168
503
852
636
640
334
758
611
259
927
100
914
359
651
528
139
182
795
588
934
334
535
108
790
574
864
696
596
797
278
878
869
954
899
341
466
498
973
322
240
695
386
185
388
730
786
585
675
449
951
405
841
981
779
767
811
455
100
903
152
330
974
476
370
255
411
318
382
281
862
612
839
740
955
703
305
311
896
397
226
749
792
387
798
401
789
467
219
979
633
147
104
1000
247
666
531
212
295
379
490
671
536
777
909
626
722
214
247
518
548
203
366
638
530
704
265
329
320
545
176
158
932
363
866
261
207
221
912
852
303
456
522
243
172
731
695
373
517
407
743
260
643
964
332
170
848
492
707
621
154
439
886
737
633
739
161
967
681
888
895
379
768
802
431
217
281
905
677
797
780
113
473
664
995
603
740
667
363
817
538
986
560
429
939
883
622
953
157
144
946
397
551
580
454
138
202
842
383
656
963
245
372
152
182
344
623
345
487
552
140
462
272
187
307
590
204
452
709
306
844
667
648
685
312
695
458
944
251
729
437
126
481
634
768
329
807
729
661
965
766
199
779
978
459
678
193
403
666
694
881
169
539
442
565
862
817
553
467
156
193
400
777
267
102
393
224
722
664
460
101
347
743
342
919
432
632
333
320
449
194
405
416
560
721
678
539
392
930
758
201
871
821
248
532
473
715
464
813
841
514
235
446
894
512
753
189
274
102
254
515
344
516
305
839
163
124
388
792
183
445
805
272
490
289
503
303
180
982
651
663
629
487
366
492
205
252
712
605
750
332
812
691
186
309
237
343
900
254
566
137
303
958
821
499
710
680
922
710
242
957
695
333
395
491
100
923
696
143
824
413
544
703
472
327
275
477
217
369
299
103
221
927
670
698
725
569
317
916
778
935
151
221
987
530
863
885
111
151
822
242
850
340
520
311
638
585
653
665
242
208
299
233
941
537
493
219
926
857
437
679
913
435
212
904
717
906
663
339
176
388
228
884
138
571
794
803
388
260
447
786
488
682
357
431
215
337
289
568
340
795
846
253
889
146
237
864
940
667
908
941
498
647
462
399
262
632
518
209
328
422
446
723
396
413
944
504
559
215
869
475
108
438
571
721
886
513
161
754
865
961
379
425
192
265
982
983
860
877
750
782
176
970
333
878
291
853
774
847
793
646
603
818
507
100
980
916
900
472
784
526
278
908
378
927
870
400
725
297
525
491
316
494
712
906
874
623
414
690
243
833
713
679
652
617
846
271
675
497
735
775
762
807
791
674
907
294
462
318
998
732
520
585
687
894
722
647
305
576
412
201
220
508
741
749
420
639
323
554
950
775
523
771
473
577
329
896
479
963
433
969
645
133
394
208
674
303
353
259
989
559
528
631
662
409
480
342
168
751
500
782
151
706
604
459
601
946
795
283
320
966
544
387
606
191
625
167
342
712
570
256
751
453
784
871
546
945
609
613
499
932
769
668
830
483
258
374
234
232
328
675
941
669
568
441
132
849
334
532
247
531
164
616
505
995
584
308
616
748
178
413
266
757
720
534
504
418
830
726
780
215
578
165
735
903
703
848
701
728
554
306
188
992
955
490
630
238
225
589
510
202
869
423
866
187
1000
458
216
823
139
170
698
460
164
464
591
625
280
129
940
272
703
714
308
275
439
791
105
176
277
937
829
378
831
848
335
211
628
438
641
714
180
734
589
459
417
251
896
419
467
218
407
945
354
224
994
625
850
968
913
570
297
834
856
397
650
889
924
695
647
527
469
359
272
809
956
220
320
620
799
181
346
404
319
977
946
570
964
509
432
984
963
384
888
375
596
427
676
948
686
973
708
644
717
213
313
927
359
527
914
278
148
232
267
444
440
552
505
571
879
981
163
911
417
673
623
997
957
129
244
610
433
672
305
488
963
746
183
182
337
310
107
936
654
122
490
732
936
562
296
823
719
650
194
545
399
263
516
885
370
933
805
507
990
919
309
593
935
985
449
251
807
150
670
918
757
504
269
613
303
766
879
517
690
794
577
821
139
523
414
902
374
984
540
203
828
253
725
143
740
842
597
464
598
542
711
537
262
795
827
760
697
892
899
936
919
306
157
337
536
843
247
303
968
570
976
459
973
653
684
194
357
791
129
580
900
957
634
105
453
280
758
816
419
387
949
561
380
209
491
717
632
581
209
209
688
475
398
683
480
668
579
531
205
121
691
688
703
553
867
676
808
697
860
558
620
574
984
916
348
818
738
891
718
521
915
471
994
530
409
457
652
771
967
372
810
673
366
636
406
303
698
953
472
789
324
803
927
698
981
657
811
560
568
209
932
414
976
668
560
544
773
253
410
578
526
278
720
739
916
395
236
213
520
311
394
216
683
955
995
960
688
462
804
255
954
399
671
673
927
240
654
109
148
403
245
256
373
803
515
493
658
657
181
821
321
347
374
602
492
209
485
389
563
484
255
521
108
615
665
390
682
855
755
416
253
249
198
126
935
565
853
901
795
720
289
996
726
358
182
289
166
580
303
952
298
390
129
157
466
387
432
513
403
782
606
347
698
168
205
513
940
769
486
876
708
684
349
908
662
799
282
722
288
432
205
548
595
124
135
653
205
443
163
964
968
189
173
388
654
541
234
965
197
451
847
543
906
556
440
431
625
701
700
401
274
196
481
471
422
806
230
177
567
190
300
236
907
848
585
460
229
796
502
878
200
248
612
844
197
493
562
489
283
788
225
442
434
482
752
285
409
312
878
711
927
571
637
565
210
144
953
930
305
407
725
927
226
582
737
585
859
125
223
611
254
780
364
418
325
543
482
510
122
223
857
638
411
468
242
436
225
281
193
240
165
427
193
431
888
142
499
888
992
648
567
820
465
624
681
867
953
623
591
330
976
506
494
926
419
665
857
504
839
865
173
887
140
796
700
138
808
670
480
897
614
582
291
488
531
750
729
944
346
997
835
458
533
692
375
179
327
342
449
838
847
118
666
360
510
253
943
387
323
420
711
729
633
453
836
466
398
568
970
490
432
394
906
803
983
415
512
439
256
547
103
978
607
935
576
110
793
131
692
303
713
758
524
411
847
629
998
126
235
486
934
915
410
972
625
635
773
178
159
284
439
925
370
657
378
652
962
337
796
989
369
776
525
431
633
946
704
459
267
461
845
125
591
174
797
896
942
736
551
166
201
588
383
107
127
830
183
729
555
270
891
960
683
790
536
159
920
247
588
958
342
933
846
193
888
562
319
993
829
728
823
288
103
661
984
526
861
336
686
189
646
725
892
272
432
480
930
203
649
298
743
921
193
567
354
779
560
645
548
519
753
551
294
300
165
810
484
186
767
697
276
135
312
128
804
711
593
972
436
621
408
509
145
879
482
127
584
867
608
818
994
324
104
325
747
554
557
903
648
296
875
817
961
460
920
621
150
964
803
322
818
451
479
297
159
381
510
659
830
364
148
959
327
491
643
988
531
881
947
902
460
935
285
435
916
915
658
839
702
946
685
856
596
832
331
300
441
682
626
935
258
501
224
779
728
728
544
180
428
346
603
399
674
50
50
51
51
52
52
53
53
54
54
54
55
55
55
56
56
57
57
58
58
58
58
58
59
59
60
61
61
61
61
61
62
62
62
64
65
65
65
66
67
67
67
68
68
69
69
70
71
72
73
73
73
73
75
75
77
77
77
78
78
78
78
78
78
79
80
80
82
82
83
84
86
86
87
88
88
89
90
92
92
92
92
93
93
94
95
95
96
97
98
98
99
100
101
103
104
104
104
106
107
107
107
108
109
109
110
110
110
110
110
111
111
112
112
112
112
113
114
115
115
115
115
116
116
116
116
117
117
118
118
119
120
120
120
120
121
122
122
122
122
122
123
123
123
123
124
124
124
126
127
127
127
128
128
128
128
129
130
130
131
132
132
132
133
133
133
134
134
134
134
136
136
136
137
137
138
139
139
140
141
142
143
143
144
146
147
147
148
149
149
150
151
151
152
152
152
152
152
152
153
153
155
156
156
156
157
158
158
158
158
159
159
160
161
161
162
162
164
164
165
165
165
166
166
166
167
167
167
167
168
168
168
168
168
169
170
170
171
171
171
172
172
174
174
175
176
176
176
177
178
178
178
178
178
178
178
179
179
179
179
180
181
182
183
183
183
183
183
184
184
185
185
186
187
188
188
189
189
189
189
190
190
191
191
192
192
192
192
193
195
196
197
197
198
198
199
200
200
200
201
201
201
201
203
203
204
204
204
205
206
206
207
208
208
208
209
209
209
210
210
211
213
213
213
214
214
215
215
215
216
217
217
219
220
220
221
221
222
223
224
224
224
225
226
226
227
227
227
228
229
231
231
231
232
232
232
233
233
233
233
233
233
234
235
236
236
237
237
238
239
239
240
240
243
244
244
244
246
246
246
246
247
249
249
250
250
251
251
251
252
253
253
253
254
255
256
256
256
257
257
257
257
258
259
260
260
260
261
262
262
262
264
264
264
265
265
266
266
266
268
269
269
269
271
271
271
271
272
273
273
274
275
275
275
275
275
276
276
277
277
278
278
278
278
278
278
279
279
280
281
281
283
284
284
284
284
285
285
285
286
286
286
286
286
287
287
287
288
288
289
291
291
291
291
291
291
292
293
293
294
294
295
295
296
296
296
296
297
297
298
299
299
300
300
301
301
302
302
303
303
305
305
305
306
306
306
307
307
307
308
308
308
309
310
310
310
311
312
312
312
312
313
315
316
316
316
316
318
318
318
319
319
320
320
320
320
321
322
322
322
323
324
324
324
324
324
325
326
326
326
326
326
327
328
328
328
329
331
331
331
332
333
334
334
334
335
335
335
336
337
337
337
337
337
337
337
338
338
338
338
339
339
340
340
341
341
342
342
342
342
343
344
344
344
345
345
346
347
347
348
348
348
349
349
350
350
350
351
352
352
352
352
353
354
354
354
355
355
355
355
355
356
356
356
356
356
356
357
357
358
359
360
361
361
361
362
363
364
364
364
364
365
365
365
365
366
367
368
368
369
369
369
369
369
370
370
371
371
372
372
373
373
374
374
374
375
375
375
375
375
377
377
378
378
378
379
381
381
381
382
382
383
383
383
383
384
384
385
385
386
387
387
387
387
388
388
388
388
388
389
389
390
390
390
391
391
391
391
392
392
394
395
396
396
397
398
398
400
400
400
401
401
402
403
404
404
404
404
404
405
405
407
409
411
411
411
411
412
412
413
413
413
414
414
416
416
416
418
419
419
419
419
420
420
420
420
421
421
421
422
422
423
423
424
424
424
424
425
427
427
427
427
428
429
430
430
431
431
432
432
432
434
434
435
435
436
436
437
438
438
439
440
440
440
440
440
441
441
442
442
442
443
445
446
446
447
447
448
448
449
451
451
452
452
453
453
453
454
454
454
454
455
455
455
455
455
456
456
459
459
459
460
461
462
462
463
463
463
464
464
465
466
466
466
467
467
467
467
467
468
469
470
470
471
471
471
473
474
474
474
475
475
476
476
476
477
477
480
480
480
480
480
481
482
483
484
484
485
486
486
486
487
487
488
488
489
490
491
491
492
493
493
493
494
494
494
494
494
494
495
496
496
497
497
497
499
499
500
500
500
501
501
501
501
502
503
503
504
504
505
506
507
508
509
509
509
509
510
510
510
510
511
511
512
512
513
513
513
515
515
516
517
517
518
522
522
523
524
524
524
524
524
525
525
526
526
527
529
530
531
531
531
534
534
535
535
535
535
537
538
538
539
539
539
539
540
541
541
541
541
541
542
542
542
543
543
543
544
544
545
546
546
546
546
546
546
547
547
548
548
548
548
549
550
550
550
550
551
551
552
552
553
553
553
554
555
556
557
558
559
559
560
560
561
562
563
563
564
564
566
567
568
569
569
570
570
570
571
571
572
572
573
573
573
573
575
576
578
578
578
578
579
579
579
580
580
580
580
581
581
581
583
584
584
585
585
585
586
587
587
587
587
587
587
589
590
591
592
592
592
593
593
593
594
594
594
594
595
596
596
596
597
597
598
598
598
599
599
599
599
600
600
601
601
602
604
604
606
606
606
607
607
607
607
607
608
609
609
609
610
610
611
612
612
614
615
615
615
616
617
618
618
619
620
621
621
621
621
622
622
623
623
624
624
626
627
627
627
627
628
628
630
630
630
630
631
631
632
632
632
633
634
634
635
635
636
636
637
637
637
637
639
639
639
641
641
643
643
645
645
646
646
646
647
647
648
648
649
651
651
652
652
652
652
654
655
655
655
655
655
656
657
659
659
659
660
660
662
662
662
664
664
665
665
666
666
667
667
668
668
668
668
668
669
669
669
669
669
670
671
671
672
672
672
673
674
675
675
675
675
675
676
677
678
678
679
680
680
681
681
681
682
682
683
683
684
685
685
685
685
685
686
686
688
689
690
691
692
693
693
694
695
696
697
697
698
699
699
699
699
699
700
700
702
702
703
705
705
706
706
707
707
708
708
709
709
709
709
710
710
711
711
712
712
712
712
713
713
714
714
714
714
714
715
716
716
716
716
716
716
717
718
718
719
721
721
722
722
723
723
723
723
725
725
725
725
725
726
727
728
728
729
729
730
730
730
730
731
731
732
732
732
735
735
736
737
738
739
739
739
740
740
740
741
741
742
743
743
744
745
745
745
745
745
745
746
746
747
747
747
747
748
748
748
748
750
750
751
752
752
752
752
753
753
753
754
754
754
754
755
756
757
757
757
760
760
760
761
761
762
762
762
763
764
764
766
767
769
769
769
771
771
772
773
773
773
773
774
774
774
775
777
778
778
779
780
780
780
781
782
783
783
783
783
783
784
785
785
786
786
786
786
786
787
787
787
788
788
789
789
790
790
792
792
792
792
795
795
795
796
796
797
797
798
799
800
800
800
800
800
800
801
801
801
802
802
802
803
803
803
803
804
805
806
807
808
808
809
810
811
812
812
812
812
813
813
813
813
813
813
815
815
816
816
816
816
816
817
817
818
818
818
819
820
821
821
821
822
824
824
824
825
826
826
826
827
827
827
827
828
828
829
829
829
831
831
832
832
832
833
833
833
833
833
834
835
835
836
837
837
839
839
840
842
843
843
844
845
846
846
846
847
848
848
851
851
853
853
853
855
856
856
856
857
857
857
857
858
858
858
861
861
862
863
863
863
864
865
865
865
865
865
866
867
867
867
867
867
867
868
869
869
869
869
870
872
872
872
873
874
874
874
874
874
876
876
877
877
877
878
878
879
879
879
880
882
882
882
883
883
883
884
884
884
885
885
886
886
886
887
888
889
889
890
891
891
891
893
893
894
894
895
895
895
895
896
896
898
898
898
899
899
899
899
899
899
900
901
901
901
901
901
902
902
902
902
902
902
903
903
903
903
904
904
905
905
906
906
906
906
907
908
908
908
908
909
909
909
909
910
910
911
911
912
913
914
914
914
915
916
916
917
917
919
919
919
919
920
920
920
920
920
921
922
922
922
922
923
924
924
924
925
925
925
925
925
926
926
927
927
927
928
928
928
929
929
931
933
933
933
934
935
935
936
936
936
936
937
937
938
939
939
940
941
941
941
942
942
942
942
942
942
943
943
944
944
945
945
945
945
946
946
947
948
949
950
950
950
951
952
952
952
952
953
953
954
955
955
955
957
957
958
958
958
958
959
959
960
960
962
962
962
963
963
964
964
964
965
965
966
967
969
969
970
971
971
971
971
971
972
972
973
973
974
974
975
975
976
976
976
976
977
978
978
979
979
980
980
980
980
981
982
982
983
983
983
983
984
984
984
984
984
985
986
986
987
988
989
989
989
990
990
990
990
990
990
991
991
991
992
992
992
992
993
993
993
993
994
995
995
995
996
997
997
999
1000
1000
1001
1001
1001
1002
1002
1002
1003
1003
1004
1004
1004
1005
1005
1006
1006
1006
1006
1006
1007
1007
1008
1008
1008
1009
1010
1010
1011
1011
1012
1012
1012
1012
1013
1014
1014
1014
1015
1016
1016
1016
1017
1017
1018
1018
1018
1019
1021
1021
1021
1022
1022
1022
1023
1023
1024
1024
1025
1025
1025
1027
1028
1028
1029
1030
1030
1030
1031
1031
1032
1033
1034
1034
1034
1034
1034
1035
1035
1036
1036
1036
1037
1037
1037
1038
1039
1039
1040
1040
1040
1040
1041
1041
1041
1042
1042
1043
1043
1045
1045
1045
1046
1046
1047
1047
1047
1048
1049
1050
1050
1051
1051
1051
1052
1052
1052
1053
1053
1053
1054
1054
1054
1055
1055
1055
1056
1056
1056
1057
1057
1057
1058
1059
1060
1061
1063
1065
1065
1066
1066
1066
1067
1067
1068
1068
1068
1069
1069
1069
1069
1069
1070
1070
1071
1072
1073
1074
1075
1075
1075
1076
1076
1077
1077
1078
1079
1079
1080
1081
1082
1082
1082
1083
1083
1084
1084
1084
1084
1085
1086
1086
1086
1086
1087
1087
1087
1087
1088
1089
1090
1091
1092
1092
1093
1094
1094
1094
1095
1095
1095
1096
1096
1096
1097
1097
1098
1098
1099
1100
1101
1102
1102
1103
1104
1104
1105
1105
1106
1106
1106
1106
1106
1107
1107
1108
1108
1108
1109
1110
1110
1111
1114
1114
1116
1116
1117
1117
1118
1119
1119
1120
1120
1121
1121
1122
1122
1122
1123
1123
1123
1123
1123
1123
1124
1124
1125
1127
1128
1128
1128
1129
1129
1130
1130
1131
1131
1131
1131
1132
1132
1132
1132
1132
1132
1133
1133
1133
1134
1136
1136
1136
1136
1136
1136
1137
1138
1138
1139
1139
1141
1142
1142
1143
1143
1144
1144
1144
1145
1145
1146
1147
1147
1147
1148
1148
1148
1148
1149
1149
1149
1150
1150
1152
1152
1152
1153
1153
1154
1154
1154
1155
1155
1156
1157
1157
1157
1159
1159
1159
1159
1161
1161
1161
1161
1162
1162
1162
1163
1164
1164
1164
1165
1165
1165
1167
1168
1171
1171
1172
1172
1173
1173
1173
1173
1174
1174
1175
1175
1175
1175
1177
1178
1178
1179
1179
1180
1180
1181
1182
1183
1183
1183
1184
1185
1185
1186
1187
1187
1189
1190
1191
1191
1192
1193
1193
1195
1196
1199
1200
1200
1200
1201
1201
1202
1202
1205
1205
1205
1206
1207
1207
1207
1207
1207
1208
1209
1209
1209
1210
1210
1210
1210
1210
1211
1211
1212
1213
1214
1214
1214
1214
1214
1215
1216
1217
1218
1219
1219
1220
1220
1220
1220
1220
1221
1221
1221
1221
1222
1222
1222
1223
1225
1225
1225
1226
1227
1227
1228
1228
1229
1231
1231
1231
1232
1232
1232
1233
1233
1234
1234
1235
1235
1235
1236
1237
1237
1237
1238
1238
1239
1239
1239
1239
1239
1240
1240
1241
1242
1242
1243
1243
1244
1245
1245
1245
1246
1246
1247
1247
1248
1249
1251
1251
1252
1252
1252
1253
1253
1254
1254
1255
1255
1255
1256
1258
1258
1258
1259
1261
1261
1261
1262
1262
1263
1264
1264
1264
1265
1265
1265
1267
1268
1268
1268
1269
1269
1269
1270
1271
1271
1271
1271
1271
1272
1272
1274
1276
1276
1276
1276
1276
1277
1278
1279
1280
1280
1280
1281
1281
1281
1281
1281
1282
1282
1282
1283
1283
1284
1284
1284
1284
1284
1285
1285
1285
1286
1286
1286
1286
1287
1288
1288
1290
1292
1293
1293
1293
1294
1295
1296
1297
1297
1297
1298
1298
1298
1299
1299
1299
1299
1300
1301
1301
1301
1301
1302
1302
1302
1302
1305
1306
1306
1306
1308
1309
1310
1311
1312
1313
1313
1314
1314
1314
1316
1316
1316
1317
1318
1318
1318
1319
1320
1321
1322
1322
1323
1323
1323
1323
1323
1324
1324
1324
1325
1325
1325
1327
1327
1327
1328
1328
1328
1328
1330
1330
1331
1331
1331
1332
1333
1333
1335
1335
1336
1336
1336
1337
1339
1339
1339
1340
1340
1340
1340
1340
1341
1342
1342
1343
1343
1344
1345
1346
1346
1346
1347
1348
1349
1349
1350
1351
1354
1355
1356
1358
1358
1359
1360
1360
1360
1362
1364
1365
1365
1366
1366
1367
1367
1368
1368
1368
1369
1370
1370
1371
1371
1371
1371
1372
1373
1373
1374
1374
1375
1375
1375
1375
1375
1375
1376
1377
1377
1378
1378
1378
1378
1379
1379
1383
1383
1383
1383
1383
1384
1385
1387
1387
1388
1390
1390
1391
1391
1392
1392
1392
1393
1393
1393
1393
1394
1394
1394
1394
1395
1395
1395
1396
1397
1400
1400
1401
1401
1402
1402
1402
1402
1402
1402
1402
1403
1403
1403
1404
1404
1405
1405
1405
1406
1406
1406
1406
1406
1407
1407
1407
1407
1407
1408
1408
1408
1409
1410
1410
1410
1410
1412
1413
1413
1413
1413
1413
1413
1414
1414
1414
1414
1415
1415
1415
1416
1416
1417
1417
1417
1418
1420
1420
1421
1422
1422
1423
1423
1423
1424
1425
1425
1425
1426
1426
1426
1427
1427
1428
1429
1430
1431
1432
1433
1433
1433
1434
1435
1435
1435
1436
1436
1436
1437
1437
1438
1439
1440
1440
1441
1441
1441
1441
1442
1442
1442
1443
1443
1443
1444
1444
1446
1446
1446
1447
1447
1447
1448
1448
1450
1450
1450
1451
1451
1451
1451
1453
1453
1454
1454
1454
1455
1455
1455
1455
1456
1456
1457
1457
1458
1459
1459
1459
1459
1460
1461
1461
1461
1462
1462
1463
1463
1464
1465
1465
1466
1466
1466
1469
1470
1471
1472
1472
1472
1472
1472
1473
1473
1473
1473
1475
1475
1476
1476
1477
1478
1479
1479
1479
1480
1480
1481
1481
1482
1484
1484
1487
1487
1488
1488
1488
1488
1489
1489
1489
1490
1490
1491
1491
1491
1493
1493
1494
1494
1494
1495
1495
1495
1495
1495
1496
1496
1497
1497
1497
1498
1498
1500
1500
1500
1500
1501
1501
1501
1501
1502
1502
1502
1503
1503
1505
1506
1507
1508
1508
1510
1511
1511
1512
1512
1513
1513
1513
1514
1515
1515
1515
1516
1517
1517
1517
1518
1519
1519
1519
1520
1520
1520
1521
1522
1522
1522
1522
1523
1523
1523
1523
1524
1524
1525
1525
1525
1526
1527
1527
1528
1528
1528
1529
1531
1531
1531
1532
1532
1532
1532
1533
1534
1534
1534
1535
1535
1535
1536
1536
1536
1536
1537
1537
1540
1540
1540
1540
1540
1541
1541
1541
1541
1541
1542
1542
1542
1542
1543
1543
1543
1543
1544
1544
1544
1544
1544
1545
1547
1548
1549
1550
1551
1551
1553
1553
1554
1554
1554
1554
1554
1554
1555
1555
1555
1556
1556
1557
1557
1557
1557
1557
1558
1559
1559
1560
1561
1562
1562
1562
1565
1565
1565
1565
1568
1568
1569
1569
1569
1569
1569
1570
1571
1571
1571
1571
1572
1573
1573
1573
1574
1574
1574
1575
1575
1575
1576
1576
1576
1577
1577
1579
1579
1580
1580
1580
1581
1581
1582
1582
1582
1583
1583
1583
1583
1584
1584
1584
1585
1586
1586
1587
1587
1588
1588
1588
1588
1589
1590
1592
1592
1592
1593
1593
1594
1594
1594
1595
1595
1596
1596
1598
1600
1600
1600
1602
1602
1602
1602
1604
1604
1604
1604
1606
1606
1606
1606
1607
1607
1607
1608
1608
1609
1609
1610
1610
1611
1611
1611
1613
1614
1615
1615
1617
1617
1617
1617
1618
1618
1619
1619
1620
1622
1623
1623
1623
1625
1625
1626
1626
1626
1627
1627
1628
1628
1628
1629
1629
1629
1630
1630
1630
1630
1631
1631
1631
1631
1631
1631
1632
1632
1633
1634
1634
1634
1635
1635
1635
1636
1637
1638
1641
1641
1641
1643
1643
1644
1645
1645
1645
1646
1647
1647
1647
1648
1649
1649
1650
1650
1650
1650
1650
1651
1652
1652
1653
1653
1654
1655
1656
1657
1658
1658
1658
1659
1661
1661
1662
1662
1663
1665
1665
1665
1666
1667
1668
1668
1668
1671
1673
1674
1675
1677
1678
1678
1678
1680
1680
1681
1682
1682
1682
1682
1683
1683
1684
1684
1685
1685
1685
1685
1686
1687
1687
1687
1688
1688
1688
1689
1690
1690
1691
1691
1691
1692
1692
1693
1693
1694
1695
1695
1695
1697
1697
1697
1698
1698
1699
1699
1701
1702
1702
1702
1703
1703
1704
1705
1705
1706
1706
1706
1706
1706
1707
1707
1708
1708
1710
1710
1710
1712
1712
1712
1712
1713
1713
1714
1714
1714
1715
1715
1715
1715
1715
1716
1716
1716
1717
1717
1717
1718
1718
1719
1720
1721
1722
1722
1722
1723
1723
1724
1724
1724
1724
1726
1726
1726
1727
1728
1728
1728
1728
1729
1729
1729
1730
1730
1730
1730
1730
1731
1733
1734
1735
1735
1736
1736
1736
1737
1737
1738
1739
1739
1739
1741
1741
1741
1743
1743
1744
1744
1744
1745
1746
1746
1747
1747
1748
1748
1748
1750
1750
1750
1751
1751
1751
1752
1756
1757
1757
1757
1757
1759
1760
1761
1761
1762
1762
1762
1763
1764
1764
1764
1764
1764
1765
1766
1766
1767
1767
1767
1767
1768
1768
1768
1769
1769
1769
1771
1772
1772
1773
1773
1774
1774
1774
1774
1774
1774
1775
1775
1775
1776
1776
1777
1777
1778
1778
1778
1778
1779
1781
1781
1781
1782
1782
1782
1784
1785
1786
1786
1787
1787
1790
1790
1791
1791
1792
1792
1792
1792
1793
1795
1795
1795
1795
1796
1796
1798
1799
1799
1799
1801
1801
1802
1802
1802
1802
1803
1804
1805
1806
1806
1806
1806
1807
1808
1808
1808
1809
1809
1810
1810
1811
1811
1811
1811
1811
1812
1813
1813
1813
1813
1813
1814
1816
1816
1817
1819
1819
1822
1824
1824
1824
1826
1826
1826
1827
1828
1829
1830
1830
1830
1830
1830
1831
1832
1832
1833
1834
1834
1834
1835
1835
1835
1836
1836
1837
1837
1837
1837
1838
1838
1839
1839
1839
1840
1840
1840
1841
1841
1841
1844
1844
1844
1844
1845
1845
1845
1845
1845
1846
1847
1847
1847
1848
1848
1848
1850
1850
1850
1850
1851
1851
1851
1851
1852
1852
1853
1853
1854
1854
1854
1856
1856
1856
1856
1857
1857
1857
1858
1859
1859
1859
1860
1860
1860
1861
1861
1861
1861
1862
1863
1863
1863
1864
1864
1864
1865
1866
1867
1868
1868
1868
1868
1868
1869
1869
1869
1870
1870
1872
1872
1874
1875
1875
1875
1875
1876
1876
1877
1877
1877
1878
1879
1880
1880
1880
1881
1881
1882
1882
1883
1883
1884
1884
1885
1885
1885
1886
1886
1886
1887
1887
1888
1888
1892
1892
1892
1893
1893
1893
1894
1895
1895
1895
1895
1896
1897
1897
1898
1898
1899
1899
1900
1900
1901
1901
1901
1901
1902
1902
1902
1902
1902
1903
1903
1903
1904
1904
1904
1905
1906
1907
1907
1907
1908
1908
1908
1908
1909
1909
1909
1910
1910
1911
1911
1911
1911
1912
1912
1913
1913
1913
1914
1914
1915
1915
1915
1916
1916
1916
1916
1918
1918
1918
1919
1919
1921
1921
1922
1922
1923
1923
1923
1924
1924
1924
1924
1925
1925
1926
1926
1926
1926
1927
1927
1927
1928
1928
1928
1929
1929
1929
1930
1930
1931
1931
1932
1933
1933
1934
1934
1935
1935
1937
1937
1938
1939
1939
1939
1940
1940
1941
1942
1943
1943
1943
1944
1944
1945
1945
1945
1946
1946
1947
1948
1948
1948
1949
1949
1951
1952
1952
1953
1956
1957
1957
1957
1957
1958
1959
1959
1960
1960
1960
1960
1961
1961
1961
1963
1963
1964
1964
1965
1965
1965
1966
1966
1966
1967
1967
1967
1968
1968
1970
1972
1973
1973
1973
1974
1974
1975
1976
1976
1976
1976
1979
1979
1980
1980
1981
1981
1982
1982
1982
1983
1983
1984
1984
1984
1984
1986
1986
1986
1987
1988
1988
1989
1989
1990
1990
1990
1992
1992
1992
1992
1993
1993
1993
1994
1994
1995
1995
1995
1996
1996
1996
1996
1997
1997
1998
1998
1998
1999
1999
1999
2000
2000
2000
