
1980
, 87
, 57
, 45
, 99
, 96
, 48
, 1
, 143
, 115
, 29
, 12
, 132
, 34
, 110
, 20
, 124
, 104
, 40
, 136
, 8
, 7
, 137
, 65
, 79
, 108
, 36
, 64
, 80
, 73
, 71
, 47
, 97
, 138
, 6
, 40
, 104
, 130
, 14
, 21
, 123
, 114
, 30
, 87
, 57
, 51
, 93
, 37
, 107
, 29
, 115
, 78
, 66
, 141
, 3
, 66
, 78
, 26
, 118
, 64
, 80
, 45
, 99
, 55
, 89
, 79
, 65
, 49
, 95
, 30
, 114
, 14
, 130
, 41
, 103
, 71
, 73
, 25
, 119
, 134
, 10
, 1
, 143
, 19
, 125
, 121
, 23
, 96
, 48
, 106
, 38
, 111
, 33
, 139
, 5
, 3
, 141
, 100
, 44
, 116
, 28
, 1
, 143
, 90
, 54
, 102
, 42
, 50
, 94
, 24
, 120
, 118
, 26
, 7
, 137
, 55
, 89
, 27
, 117
, 91
, 53
, 32
, 112
, 13
, 131
, 104
, 40
, 136
, 8
, 136
, 8
, 80
, 64
, 5
, 139
, 107
, 37
, 61
, 83
, 49
, 95
, 86
, 58
, 49
, 95
, 106
, 38
, 40
, 104
, 48
, 96
, 142
, 2
, 52
, 92
, 26
, 118
, 120
, 24
, 47
, 97
, 41
, 103
, 121
, 23
, 87
, 57
, 103
, 41
, 25
, 119
, 16
, 128
, 22
, 122
, 3
, 141
, 50
, 94
, 39
, 105
, 15
, 129
, 101
, 43
, 21
, 123
, 105
, 39
, 59
, 85
, 98
, 46
, 40
, 104
, 84
, 60
, 13
, 131
, 32
, 112
, 62
, 82
, 65
, 79
, 63
, 81
, 122
, 22
, 29
, 115
, 16
, 128
, 86
, 58
, 20
, 124
, 79
, 65
, 106
, 38
, 136
, 8
, 71
, 73
, 71
, 73
, 68
, 76
, 74
, 70
, 32
, 112
, 6
, 138
, 41
, 103
, 80
, 64
, 17
, 127
, 52
, 92
, 35
, 109
, 118
, 26
, 140
, 4
, 97
, 47
, 43
, 101
, 70
, 74
, 25
, 119
, 82
, 62
, 107
, 37
, 5
, 139
, 47
, 97
, 136
, 8
, 72
, 72
, 39
, 105
, 119
, 25
, 22
, 122
, 80
, 64
, 72
, 72
, 18
, 126
, 122
, 22
, 75
, 69
, 50
, 94
, 97
, 47
, 58
, 86
, 123
, 21
, 82
, 62
, 32
, 112
, 142
, 2
, 64
, 80
, 15
, 129
, 17
, 127
, 73
, 71
, 59
, 85
, 23
, 121
, 75
, 69
, 98
, 46
, 25
, 119
, 14
, 130
, 113
, 31
, 8
, 136
, 133
, 11
, 97
, 47
, 136
, 8
, 16
, 128
, 45
, 99
, 114
, 30
, 25
, 119
, 86
, 58
, 104
, 40
, 27
, 117
, 10
, 134
, 90
, 54
, 133
, 11
, 136
, 8
, 89
, 55
, 73
, 71
, 95
, 49
, 41
, 103
, 16
, 128
, 105
, 39
, 42
, 102
, 20
, 124
, 21
, 123
, 125
, 19
, 54
, 90
, 115
, 29
, 24
, 120
, 34
, 110
, 23
, 121
, 137
, 7
, 106
, 38
, 94
, 50
, 45
, 99
, 97
, 47
, 135
, 9
, 79
, 65
, 136
, 8
, 31
, 113
, 36
, 108
, 107
, 37
, 30
, 114
, 77
, 67
, 57
, 87
, 77
, 67
, 133
, 11
, 20
, 124
, 63
, 81
, 78
, 66
, 126
, 18
, 75
, 69
, 69
, 75
, 71
, 73
, 47
, 97
, 81
, 63
, 11
, 133
, 125
, 19
, 20
, 124
, 23
, 121
, 16
, 128
, 87
, 57
, 35
, 109
, 81
, 63
, 123
, 21
, 65
, 79
, 57
, 87
, 61
, 83
, 129
, 15
, 87
, 57
, 103
, 41
, 90
, 54
, 72
, 72
, 101
, 43
, 65
, 79
, 97
, 47
, 35
, 109
, 49
, 95
, 58
, 86
, 115
, 29
, 77
, 67
, 6
, 138
, 70
, 74
, 65
, 79
, 122
, 22
, 53
, 91
, 82
, 62
, 48
, 96
, 52
, 92
, 11
, 133
, 60
, 84
, 2
, 142
, 125
, 19
, 120
, 24
, 119
, 25
, 133
, 11
, 52
, 92
, 18
, 126
, 118
, 26
, 92
, 52
, 110
, 34
, 78
, 66
, 18
, 126
, 4
, 140
, 70
, 74
, 136
, 8
, 66
, 78
, 83
, 61
, 53
, 91
, 73
, 71
, 71
, 73
, 29
, 115
, 99
, 45
, 83
, 61
, 4
, 140
, 128
, 16
, 2
, 142
, 44
, 100
, 46
, 98
, 56
, 88
, 77
, 67
, 119
, 25
, 82
, 62
, 99
, 45
, 87
, 57
, 48
, 96
, 52
, 92
, 60
, 84
, 88
, 56
, 138
, 6
, 139
, 5
, 59
, 85
, 119
, 25
, 61
, 83
, 113
, 31
, 121
, 23
, 11
, 133
, 6
, 138
, 12
, 132
, 31
, 113
, 46
, 98
, 116
, 28
, 65
, 79
, 119
, 25
, 58
, 86
, 69
, 75
, 99
, 45
, 127
, 17
, 35
, 109
, 118
, 26
, 142
, 2
, 138
, 6
, 98
, 46
, 136
, 8
, 141
, 3
, 63
, 81
, 118
, 26
, 138
, 6
, 130
, 14
, 124
, 20
, 132
, 12
, 79
, 65
, 119
, 25
, 2
, 142
, 113
, 31
, 16
, 128
, 126
, 18
, 53
, 91
, 84
, 60
, 66
, 78
, 17
, 127
, 99
, 45
, 113
, 31
, 35
, 109
, 74
, 70
, 107
, 37
, 112
, 32
, 134
, 10
, 133
, 11
, 67
, 77
, 49
, 95
, 74
, 70
, 115
, 29
, 100
, 44
, 138
, 6
, 75
, 69
, 14
, 130
, 109
, 35
, 68
, 76
, 127
, 17
, 136
, 8
, 84
, 60
, 97
, 47
, 31
, 113
, 35
, 109
, 104
, 40
, 83
, 61
, 84
, 60
, 70
, 74
, 42
, 102
, 101
, 43
, 73
, 71
, 113
, 31
, 96
, 48
, 70
, 74
, 20
, 124
, 51
, 93
, 85
, 59
, 114
, 30
, 133
, 11
, 16
, 128
, 51
, 93
, 93
, 51
, 2
, 142
, 115
, 29
, 132
, 12
, 97
, 47
, 134
, 10
, 11
, 133
, 122
, 22
, 40
, 104
, 99
, 45
, 130
, 14
, 141
, 3
, 63
, 81
, 47
, 97
, 130
, 14
, 111
, 33
, 3
, 141
, 70
, 74
, 22
, 122
, 14
, 130
, 8
, 136
, 41
, 103
, 113
, 31
, 13
, 131
, 40
, 104
, 125
, 19
, 134
, 10
, 21
, 123
, 140
, 4
, 141
, 3
, 22
, 122
, 101
, 43
, 52
, 92
, 98
, 46
, 54
, 90
, 59
, 85
, 94
, 50
, 22
, 122
, 113
, 31
, 77
, 67
, 5
, 139
, 97
, 47
, 128
, 16
, 19
, 125
, 25
, 119
, 6
, 138
, 21
, 123
, 22
, 122
, 72
, 72
, 101
, 43
, 142
, 2
, 60
, 84
, 77
, 67
, 25
, 119
, 28
, 116
, 97
, 47
, 26
, 118
, 48
, 96
, 111
, 33
, 54
, 90
, 42
, 102
, 108
, 36
, 126
, 18
, 72
, 72
, 73
, 71
, 26
, 118
, 94
, 50
, 51
, 93
, 118
, 26
, 97
, 47
, 66
, 78
, 12
, 132
, 111
, 33
, 106
, 38
, 94
, 50
, 44
, 100
, 124
, 20
, 49
, 95
, 45
, 99
, 40
, 104
, 97
, 47
, 138
, 6
, 140
, 4
, 133
, 11
, 125
, 19
, 61
, 83
, 23
, 121
, 133
, 11
, 118
, 26
, 73
, 71
, 58
, 86
, 34
, 110
, 15
, 129
, 120
, 24
, 61
, 83
, 51
, 93
, 87
, 57
, 24
, 120
, 96
, 48
, 66
, 78
, 119
, 25
, 40
, 104
, 48
, 96
, 55
, 89
, 140
, 4
, 117
, 27
, 115
, 29
, 9
, 135
, 96
, 48
, 2
, 142
, 37
, 107
, 101
, 43
, 48
, 96
, 38
, 106
, 22
, 122
, 51
, 93
, 106
, 38
, 1
, 143
, 138
, 6
, 89
, 55
, 121
, 23
, 83
, 61
, 54
, 90
, 4
, 140
, 105
, 39
, 46
, 98
, 66
, 78
, 59
, 85
, 109
, 35
, 22
, 122
, 64
, 80
, 126
, 18
, 7
, 137
, 32
, 112
, 129
, 15
, 12
, 132
, 38
, 106
, 2
, 142
, 59
, 85
, 4
, 140
, 89
, 55
, 98
, 46
, 62
, 82
, 62
, 82
, 24
, 120
, 139
, 5
, 90
, 54
, 128
, 16
, 85
, 59
, 54
, 90
, 135
, 9
, 82
, 62
, 47
, 97
, 125
, 19
, 59
, 85
, 18
, 126
, 135
, 9
, 80
, 64
, 51
, 93
, 134
, 10
, 129
, 15
, 30
, 114
, 97
, 47
, 42
, 102
, 48
, 96
, 103
, 41
, 33
, 111
, 66
, 78
, 126
, 18
, 42
, 102
, 13
, 131
, 114
, 30
, 26
, 118
, 99
, 45
, 107
, 37
, 1
, 143
, 29
, 115
, 73
, 71
, 140
, 4
, 74
, 70
, 9
, 135
, 23
, 121
, 93
, 51
, 37
, 107
, 135
, 9
, 30
, 114
, 114
, 30
, 7
, 137
, 49
, 95
, 96
, 48
, 79
, 65
, 36
, 108
, 72
, 72
, 76
, 68
, 58
, 86
, 109
, 35
, 80
, 64
, 67
, 77
, 52
, 92
, 46
, 98
, 122
, 22
, 133
, 11
, 100
, 44
, 53
, 91
, 58
, 86
, 23
, 121
, 118
, 26
, 4
, 140
, 69
, 75
, 28
, 116
, 107
, 37
, 26
, 118
, 27
, 117
, 92
, 52
, 31
, 113
, 112
, 32
, 64
, 80
, 18
, 126
, 37
, 107
, 96
, 48
, 75
, 69
, 140
, 4
, 53
, 91
, 41
, 103
, 39
, 105
, 113
, 31
, 40
, 104
, 140
, 4
, 96
, 48
, 125
, 19
, 4
, 140
, 85
, 59
, 29
, 115
, 33
, 111
, 12
, 132
, 134
, 10
, 21
, 123
, 104
, 40
, 48
, 96
, 112
, 32
, 102
, 42
, 99
, 45
, 103
, 41
, 103
, 41
, 35
, 109
, 56
, 88
, 35
, 109
, 43
, 101
, 56
, 88
, 45
, 99
, 111
, 33
, 11
, 133
, 91
, 53
, 60
, 84
, 109
, 35
, 15
, 129
, 106
, 38
, 131
, 13
, 64
, 80
, 8
, 136
, 52
, 92
, 74
, 70
, 57
, 87
, 12
, 132
, 102
, 42
, 14
, 130
, 31
, 113
, 50
, 94
, 22
, 122
, 29
, 115
, 24
, 120
, 123
, 21
, 91
, 53
, 92
, 52
, 42
, 102
, 85
, 59
, 68
, 76
, 80
, 64
, 128
, 16
, 129
, 15
, 70
, 74
, 136
, 8
, 128
, 16
, 52
, 92
, 61
, 83
, 1
, 143
, 103
, 41
, 102
, 42
, 118
, 26
, 95
, 49
, 103
, 41
, 85
, 59
, 67
, 77
, 71
, 73
, 62
, 82
, 49
, 95
, 82
, 62
, 95
, 49
, 25
, 119
, 121
, 23
, 5
, 139
, 116
, 28
, 131
, 13
, 36
, 108
, 85
, 59
, 111
, 33
, 64
, 80
, 52
, 92
, 28
, 116
, 120
, 24
, 140
, 4
, 33
, 111
, 118
, 26
, 133
, 11
, 22
, 122
, 96
, 48
, 59
, 85
, 87
, 57
, 127
, 17
, 15
, 129
, 68
, 76
, 110
, 34
, 129
, 15
, 31
, 113
, 85
, 59
, 6
, 138
, 96
, 48
, 83
, 61
, 123
, 21
, 29
, 115
, 92
, 52
, 128
, 16
, 64
, 80
, 35
, 109
, 20
, 124
, 125
, 19
, 67
, 77
, 108
, 36
, 132
, 12
, 56
, 88
, 41
, 103
, 22
, 122
, 22
, 122
, 41
, 103
, 115
, 29
, 15
, 129
, 14
, 130
, 38
, 106
, 107
, 37
, 124
, 20
, 131
, 13
, 87
, 57
, 39
, 105
, 7
, 137
, 135
, 9
, 104
, 40
, 3
, 141
, 22
, 122
, 56
, 88
, 39
, 105
, 100
, 44
, 32
, 112
, 9
, 135
, 126
, 18
, 8
, 136
, 31
, 113
, 10
, 134
, 5
, 139
, 49
, 95
, 130
, 14
, 24
, 120
, 8
, 136
, 98
, 46
, 65
, 79
, 92
, 52
, 22
, 122
, 44
, 100
, 138
, 6
, 84
, 60
, 7
, 137
, 103
, 41
, 21
, 123
, 12
, 132
, 8
, 136
, 63
, 81
, 61
, 83
, 19
, 125
, 2
, 142
, 103
, 41
, 91
, 53
, 15
, 129
, 53
, 91
, 139
, 5
, 4
, 140
, 26
, 118
, 13
, 131
, 132
, 12
, 103
, 41
, 61
, 83
, 92
, 52
, 119
, 25
, 26
, 118
, 75
, 69
, 87
, 57
, 135
, 9
, 67
, 77
, 95
, 49
, 89
, 55
, 67
, 77
, 25
, 119
, 36
, 108
, 47
, 97
, 138
, 6
, 33
, 111
, 1
, 143
, 136
, 8
, 126
, 18
, 128
, 16
, 107
, 37
, 15
, 129
, 118
, 26
, 100
, 44
, 49
, 95
, 1
, 143
, 53
, 91
, 62
, 82
, 66
, 78
, 42
, 102
, 22
, 122
, 83
, 61
, 65
, 79
, 99
, 45
, 7
, 137
, 11
, 133
, 80
, 64
, 133
, 11
, 81
, 63
, 129
, 15
, 140
, 4
, 135
, 9
, 66
, 78
, 56
, 88
, 43
, 101
, 12
, 132
, 139
, 5
, 108
, 36
, 14
, 130
, 116
, 28
, 99
, 45
, 110
, 34
, 90
, 54
, 131
, 13
, 73
, 71
, 136
, 8
, 99
, 45
, 2
, 142
, 60
, 84
, 37
, 107
, 69
, 75
, 110
, 34
, 138
, 6
, 62
, 82
, 16
, 128
, 141
, 3
, 55
, 89
, 119
, 25
, 122
, 22
, 23
, 121
, 125
, 19
, 30
, 114
, 61
, 83
, 139
, 5
, 132
, 12
, 69
, 75
, 81
, 63
, 51
, 93
, 35
, 109
, 72
, 72
, 77
, 67
, 110
, 34
, 65
, 79
, 40
, 104
, 125
, 19
, 84
, 60
, 7
, 137
, 22
, 122
, 55
, 89
, 4
, 140
, 33
, 111
, 91
, 53
, 43
, 101
, 10
, 134
, 132
, 12
, 47
, 97
, 38
, 106
, 90
, 54
, 9
, 135
, 9
, 135
, 66
, 78
, 46
, 98
, 58
, 86
, 31
, 113
, 47
, 97
, 134
, 10
, 9
, 135
, 67
, 77
, 40
, 104
, 133
, 11
, 82
, 62
, 126
, 18
, 127
, 17
, 110
, 34
, 33
, 111
, 96
, 48
, 23
, 121
, 76
, 68
, 3
, 141
, 13
, 131
, 83
, 61
, 128
, 16
, 46
, 98
, 60
, 84
, 139
, 5
, 55
, 89
, 125
, 19
, 42
, 102
, 46
, 98
, 71
, 73
, 141
, 3
, 77
, 67
, 138
, 6
, 106
, 38
, 13
, 131
, 27
, 117
, 44
, 100
, 29
, 115
, 106
, 38
, 70
, 74
, 126
, 18
, 58
, 86
, 45
, 99
, 11
, 133
, 129
, 15
, 3
, 141
, 49
, 95
, 125
, 19
, 126
, 18
, 86
, 58
, 120
, 24
, 101
, 43
, 21
, 123
, 94
, 50
, 46
, 98
, 86
, 58
, 105
, 39
, 118
, 26
, 4
, 140
, 106
, 38
, 46
, 98
, 73
, 71
, 128
, 16
, 77
, 67
, 82
, 62
, 132
, 12
, 141
, 3
, 22
, 122
, 22
, 122
, 104
, 40
, 81
, 63
, 12
, 132
, 46
, 98
, 115
, 29
, 8
, 136
, 48
, 96
, 31
, 113
, 93
, 51
, 14
, 130
, 133
, 11
, 21
, 123
, 5
, 139
, 137
, 7
, 91
, 53
, 107
, 37
, 99
, 45
, 87
, 57
, 91
, 53
, 123
, 21
, 48
, 96
, 93
, 51
, 62
, 82
, 35
, 109
, 43
, 101
, 74
, 70
, 37
, 107
, 89
, 55
, 60
, 84
, 37
, 107
, 35
, 109
, 39
, 105
, 132
, 12
, 43
, 101
, 100
, 44
, 12
, 132
, 14
, 130
, 45
, 99
, 101
, 43
, 77
, 67
, 77
, 67
, 2
, 142
, 123
, 21
, 13
, 131
, 98
, 46
, 17
, 127
, 112
, 32
, 67
, 77
, 41
, 103
, 32
, 112
, 116
, 28
, 40
, 104
, 126
, 18
, 51
, 93
, 86
, 58
, 98
, 46
, 86
, 58
, 127
, 17
, 125
, 19
, 128
, 16
, 87
, 57
, 122
, 22
, 21
, 123
, 47
, 97
, 108
, 36
, 118
, 26
, 69
, 75
, 70
, 74
, 31
, 113
, 110
, 34
, 82
, 62
, 101
, 43
, 5
, 139
, 106
, 38
, 101
, 43
, 59
, 85
, 114
, 30
, 71
, 73
, 10
, 134
, 140
, 4
, 58
, 86
, 67
, 77
, 21
, 123
, 70
, 74
, 2
, 142
, 36
, 108
, 91
, 53
, 5
, 139
, 108
, 36
, 33
, 111
, 87
, 57
, 5
, 139
, 105
, 39
, 8
, 136
, 117
, 27
, 128
, 16
, 33
, 111
, 81
, 63
, 31
, 113
, 97
, 47
, 137
, 7
, 15
, 129
, 36
, 108
, 63
, 81
, 102
, 42
, 58
, 86
, 23
, 121
, 77
, 67
, 12
, 132
, 59
, 85
, 120
, 24
, 60
, 84
, 101
, 43
, 77
, 67
, 117
, 27
, 37
, 107
, 16
, 128
, 31
, 113
, 78
, 66
, 27
, 117
, 103
, 41
, 67
, 77
, 42
, 102
, 15
, 129
, 107
, 37
, 51
, 93
, 67
, 77
, 98
, 46
, 19
, 125
, 67
, 77
, 62
, 82
, 24
, 120
, 8
, 136
, 107
, 37
, 96
, 48
, 3
, 141
, 92
, 52
, 5
, 139
, 47
, 97
, 137
, 7
, 19
, 125
, 100
, 44
, 63
, 81
, 28
, 116
, 64
, 80
, 14
, 130
, 109
, 35
, 98
, 46
, 8
, 136
, 93
, 51
, 142
, 2
, 51
, 93
, 102
, 42
, 41
, 103
, 64
, 80
, 11
, 133
, 85
, 59
, 96
, 48
, 39
, 105
, 81
, 63
, 3
, 141
, 111
, 33
, 137
, 7
, 113
, 31
, 41
, 103
, 76
, 68
, 78
, 66
, 107
, 37
, 140
, 4
, 105
, 39
, 31
, 113
, 142
, 2
, 57
, 87
, 34
, 110
, 12
, 132
, 23
, 121
, 34
, 110
, 27
, 117
, 37
, 107
, 30
, 114
, 36
, 108
, 53
, 91
, 64
, 80
, 43
, 101
, 100
, 44
, 8
, 136
, 9
, 135
, 23
, 121
, 67
, 77
, 29
, 115
, 121
, 23
, 72
, 72
, 34
, 110
, 134
, 10
, 79
, 65
, 46
, 98
, 87
, 57
, 65
, 79
, 142
, 2
, 123
, 21
, 63
, 81
, 84
, 60
, 35
, 109
, 107
, 37
, 97
, 47
, 123
, 21
, 104
, 40
, 114
, 30
, 60
, 84
, 138
, 6
, 51
, 93
, 19
, 125
, 95
, 49
, 131
, 13
, 36
, 108
, 33
, 111
, 52
, 92
, 7
, 137
, 83
, 61
, 142
, 2
, 20
, 124
, 29
, 115
, 3
, 141
, 107
, 37
, 121
, 23
, 91
, 53
, 24
, 120
, 15
, 129
, 6
, 138
, 101
, 43
, 75
, 69
, 129
, 15
, 60
, 84
, 70
, 74
, 128
, 16
, 56
, 88
, 22
, 122
, 112
, 32
, 19
, 125
, 130
, 14
, 119
, 25
, 5
, 139
, 105
, 39
, 44
, 100
, 119
, 25
, 69
, 75
, 120
, 24
, 45
, 99
, 55
, 89
, 20
, 124
, 74
, 70
, 93
, 51
, 107
, 37
, 3
, 141
, 50
, 94
, 90
, 54
, 67
, 77
, 84
, 60
, 111
, 33
, 38
, 106
, 45
, 99
, 141
, 3
, 111
, 33
, 19
, 125
, 52
, 92
, 81
, 63
, 35
, 109
, 114
, 30
, 125
, 19
, 71
, 73
, 51
, 93
, 142
, 2
, 9
, 135
, 58
, 86
, 66
, 78
, 21
, 123
, 57
, 87
, 28
, 116
, 77
, 67
, 141
, 3
, 14
, 130
, 124
, 20
, 103
, 41
, 12
, 132
, 10
, 134
, 7
, 137
, 119
, 25
, 50
, 94
, 105
, 39
, 109
, 35
, 140
, 4
, 89
, 55
, 125
, 19
, 31
, 113
, 76
, 68
, 1
, 143
, 57
, 87
, 96
, 48
, 106
, 38
, 91
, 53
, 52
, 92
, 77
, 67
, 107
, 37
, 43
, 101
, 57
, 87
, 52
, 92
, 24
, 120
, 131
, 13
, 86
, 58
, 55
, 89
, 22
, 122
, 66
, 78
, 41
, 103
, 120
, 24
, 43
, 101
, 77
, 67
, 139
, 5
, 17
, 127
, 121
, 23
, 11
, 133
, 98
, 46
, 81
, 63
, 98
, 46
, 122
, 22
, 105
, 39
, 134
, 10
, 109
, 35
, 141
, 3
, 70
, 74
, 136
, 8
, 93
, 51
, 73
, 71
, 117
, 27
, 68
, 76
, 66
, 78
, 60
, 84
, 52
, 92
, 31
, 113
, 104
, 40
, 138
, 6
, 88
, 56
, 109
, 35
, 113
, 31
, 99
, 45
, 131
, 13
, 27
, 117
, 13
, 131
, 57
, 87
, 21
, 123
, 44
, 100
, 67
, 77
, 30
, 114
, 29
, 115
, 18
, 126
, 64
, 80
, 10
, 134
, 57
, 87
, 65
, 79
, 128
, 16
, 84
, 60
, 37
, 107
, 90
, 54
, 104
, 40
, 9
, 135
, 106
, 38
, 29
, 115
, 41
, 103
, 35
, 109
, 86
, 58
, 62
, 82
, 77
, 67
, 90
, 54
, 70
, 74
, 53
, 91
, 118
, 26
, 135
, 9
, 7
, 137
, 106
, 38
, 88
, 56
, 41
, 103
, 18
, 126
, 73
, 71
, 60
, 84
, 133
, 11
, 77
, 67
, 42
, 102
, 35
, 109
, 107
, 37
, 103
, 41
, 115
, 29
, 15
, 129
, 126
, 18
, 80
, 64
, 94
, 50
, 108
, 36
, 136
, 8
, 126
, 18
, 45
, 99
, 16
, 128
, 121
, 23
, 68
, 76
, 90
, 54
, 69
, 75
, 96
, 48
, 23
, 121
, 119
, 25
, 48
, 96
, 126
, 18
, 77
, 67
, 132
, 12
, 140
, 4
, 98
, 46
, 7
, 137
, 88
, 56
, 129
, 15
, 41
, 103
, 68
, 76
, 22
, 122
, 37
, 107
, 117
, 27
, 10
, 134
, 42
, 102
, 108
, 36
, 29
, 115
, 56
, 88
, 138
, 6
, 42
, 102
, 75
, 69
, 2
, 142
, 127
, 17
, 119
, 25
, 130
, 14
, 37
, 107
, 10
, 134
, 111
, 33
, 127
, 17
, 92
, 52
, 17
, 127
, 18
, 126
, 80
, 64
, 8
, 136
, 48
, 96
, 46
, 98
, 60
, 84
, 136
, 8
, 41
, 103
, 61
, 83
, 96
, 48
, 138
, 6
, 116
, 28
, 52
, 92
, 6
, 138
, 18
, 126
, 125
, 19
, 119
, 25
, 87
, 57
, 93
, 51
, 39
, 105
, 41
, 103
, 40
, 104
, 126
, 18
, 34
, 110
, 49
, 95
, 55
, 89
, 44
, 100
, 120
, 24
, 26
, 118
, 77
, 67
, 108
, 36
, 34
, 110
, 102
, 42
, 121
, 23
, 61
, 83
, 124
, 20
, 96
, 48
, 11
, 133
, 91
, 53
, 42
, 102
, 114
, 30
, 66
, 78
, 95
, 49
, 64
, 80
, 136
, 8
, 49
, 95
, 103
, 41
, 120
, 24
, 41
, 103
, 2
, 142
, 99
, 45
, 84
, 60
, 75
, 69
, 107
, 37
, 85
, 59
, 87
, 57
, 92
, 52
, 67
, 77
, 29
, 115
, 64
, 80
, 103
, 41
, 120
, 24
, 73
, 71
, 100
, 44
, 45
, 99
, 32
, 112
, 29
, 115
, 122
, 22
, 124
, 20
, 50
, 94
, 101
, 43
, 96
, 48
, 63
, 81
, 43
, 101
, 47
, 97
, 67
, 77
, 8
, 136
, 62
, 82
, 86
, 58
, 87
, 57
, 110
, 34
, 128
, 16
, 80
, 64
, 120
, 24
, 80
, 64
, 45
, 99
, 37
, 107
, 80
, 64
, 52
, 92
, 1
, 143
, 10
, 134
, 15
, 129
, 124
, 20
, 78
, 66
, 108
, 36
, 10
, 134
, 119
, 25
, 57
, 87
, 120
, 24
, 113
, 31
, 50
, 94
, 122
, 22
, 6
, 138
, 73
, 71
, 54
, 90
, 27
, 117
, 7
, 137
, 124
, 20
, 46
, 98
, 8
, 136
, 78
, 66
, 33
, 111
, 49
, 95
, 43
, 101
, 122
, 22
, 76
, 68
, 32
, 112
, 128
, 16
, 125
, 19
, 137
, 7
, 116
, 28
, 83
, 61
, 29
, 115
, 113
, 31
, 123
, 21
, 24
, 120
, 3
, 141
, 19
, 125
, 140
, 4
, 76
, 68
, 19
, 125
, 80
, 64
, 9
, 135
, 20
, 124
, 5
, 139
, 112
, 32
, 134
, 10
, 16
, 128
, 117
, 27
, 18
, 126
, 48
, 96
, 12
, 132
, 86
, 58
, 95
, 49
, 44
, 100
, 54
, 90
, 67
, 77
, 39
, 105
, 117
, 27
, 88
, 56
, 56
, 88
, 36
, 108
, 111
, 33
, 108
, 36
, 60
, 84
, 42
, 102
, 40
, 104
, 68
, 76
, 25
, 119
, 29
, 115
, 71
, 73
, 4
, 140
, 19
, 125
, 36
, 108
, 62
, 82
, 53
, 91
, 31
, 113
, 136
, 8
, 5
, 139
, 5
, 139
, 140
, 4
, 36
, 108
, 49
, 95
, 41
, 103
, 33
, 111
, 134
, 10
, 20
, 124
, 80
, 64
, 73
, 71
, 115
, 29
, 12
, 132
, 103
, 41
, 124
, 20
, 34
, 110
, 128
, 16
, 88
, 56
, 26
, 118
, 43
, 101
, 69
, 75
, 25
, 119
, 2
, 142
, 116
, 28
, 67
, 77
, 103
, 41
, 44
, 100
, 115
, 29
, 110
, 34
, 134
, 10
, 83
, 61
, 136
, 8
, 8
, 136
, 109
, 35
, 132
, 12
, 124
, 20
, 139
, 5
, 118
, 26
, 93
, 51
, 130
, 14
, 85
, 59
, 124
, 20
, 9
, 135
, 89
, 55
, 121
, 23
, 8
, 136
, 121
, 23
, 40
, 104
, 60
, 84
, 18
, 126
, 71
, 73
, 114
, 30
, 47
, 97
, 132
, 12
, 87
, 57
, 14
, 130
, 38
, 106
, 116
, 28
, 12
, 132
, 43
, 101
, 87
, 57
, 55
, 89
, 35
, 109
, 67
, 77
, 139
, 5
, 74
, 70
, 79
, 65
, 76
, 68
, 124
, 20
, 131
, 13
, 47
, 97
, 110
, 34
, 16
, 128
, 81
, 63
, 128
, 16
, 12
, 132
, 78
, 66
, 131
, 13
, 129
, 15
, 47
, 97
, 89
, 55
, 56
, 88
, 92
, 52
, 141
, 3
, 24
, 120
, 138
, 6
, 46
, 98
, 44
, 100
, 14
, 130
, 135
, 9
, 98
, 46
, 7
, 137
, 54
, 90
, 110
, 34
, 114
, 30
, 108
, 36
, 51
, 93
, 86
, 58
, 73
, 71
, 120
, 24
, 121
, 23
, 27
, 117
, 46
, 98
, 94
, 50
, 135
, 9
, 43
, 101
, 62
, 82
, 94
, 50
, 8
, 136
, 112
, 32
, 79
, 65
, 44
, 100
, 109
, 35
, 26
, 118
, 31
, 113
, 136
, 8
, 94
, 50
, 107
, 37
, 5
, 139
, 12
, 132
, 26
, 118
, 88
, 56
, 39
, 105
, 119
, 25
, 106
, 38
, 107
, 37
, 45
, 99
, 34
, 110
, 32
, 112
, 142
, 2
, 37
, 107
, 21
, 123
, 118
, 26
, 17
, 127
, 31
, 113
, 137
, 7
, 39
, 105
, 123
, 21
, 30
, 114
, 35
, 109
, 137
, 7
, 91
, 53
, 130
, 14
, 23
, 121
, 86
, 58
, 137
, 7
, 43
, 101
, 35
, 109
, 12
, 132
, 137
, 7
, 1
, 143
, 42
, 102
, 122
, 22
, 17
, 127
, 82
, 62
, 92
, 52
, 138
, 6
, 23
, 121
, 79
, 65
, 9
, 135
, 4
, 140
, 19
, 125
, 5
, 139
, 139
, 5
, 67
, 77
, 18
, 126
, 3
, 141
, 69
, 75
, 9
, 135
, 96
, 48
, 56
, 88
, 55
, 89
, 74
, 70
, 15
, 129
, 86
, 58
, 111
, 33
, 132
, 12
, 135
, 9
, 78
, 66
, 138
, 6
, 67
, 77
, 63
, 81
, 118
, 26
, 87
, 57
, 101
, 43
, 132
, 12
, 42
, 102
, 27
, 117
, 139
, 5
, 99
, 45
, 64
, 80
, 101
, 43
, 88
, 56
, 102
, 42
, 27
, 117
, 19
, 125
, 57
, 87
, 126
, 18
, 26
, 118
, 107
, 37
, 110
, 34
, 44
, 100
, 41
, 103
, 37
, 107
, 103
, 41
, 132
, 12
, 37
, 107
, 28
, 116
, 67
, 77
, 1
, 143
, 105
, 39
, 94
, 50
, 126
, 18
, 68
, 76
, 60
, 84
, 38
, 106
, 47
, 97
, 81
, 63
, 3
, 141
, 138
, 6
, 112
, 32
, 118
, 26
, 122
, 22
, 111
, 33
, 21
, 123
, 11
, 133
, 3
, 141
, 104
, 40
, 118
, 26
, 33
, 111
, 28
, 116
, 76
, 68
, 126
, 18
, 98
, 46
, 75
, 69
, 36
, 108
, 106
, 38
, 74
, 70
, 86
, 58
, 104
, 40
, 138
, 6
, 93
, 51
, 72
, 72
, 73
, 71
, 135
, 9
, 105
, 39
, 51
, 93
, 125
, 19
, 1
, 143
, 103
, 41
, 119
, 25
, 95
, 49
, 130
, 14
, 103
, 41
, 48
, 96
, 118
, 26
, 104
, 40
, 41
, 103
, 63
, 81
, 135
, 9
, 87
, 57
, 31
, 113
, 38
, 106
, 11
, 133
, 98
, 46
, 35
, 109
, 58
, 86
, 17
, 127
, 37
, 107
, 133
, 11
, 109
, 35
, 110
, 34
, 68
, 76
, 111
, 33
, 94
, 50
, 142
, 2
, 59
, 85
, 9
, 135
, 129
, 15
, 77
, 67
, 129
, 15
, 28
, 116
, 63
, 81
, 40
, 104
, 94
, 50
, 83
, 61
, 6
, 138
, 93
, 51
, 19
, 125
, 47
, 97
, 40
, 104
, 28
, 116
, 22
, 122
, 10
, 134
, 6
, 138
, 117
, 27
, 87
, 57
, 75
, 69
, 73
, 71
, 11
, 133
, 50
, 94
, 128
, 16
, 18
, 126
, 140
, 4
, 27
, 117
, 40
, 104
, 17
, 127
, 62
, 82
, 34
, 110
, 125
, 19
, 33
, 111
, 48
, 96
, 2
, 142
, 141
, 3
, 126
, 18
, 102
, 42
, 119
, 25
, 100
, 44
, 138
, 6
, 8
, 136
, 32
, 112
, 55
, 89
, 39
, 105
, 70
, 74
, 67
, 77
, 101
, 43
, 65
, 79
, 24
, 120
, 65
, 79
, 100
, 44
, 82
, 62
, 22
, 122
, 137
, 7
, 54
, 90
, 111
, 33
, 8
, 136
, 102
, 42
, 36
, 108
, 82
, 62
, 72
, 72
, 108
, 36
, 76
, 68
, 107
, 37
, 58
, 86
, 108
, 36
, 89
, 55
, 68
, 76
, 20
, 124
, 20
, 124
, 59
, 85
, 28
, 116
, 54
, 90
, 32
, 112
, 118
, 26
, 50
, 94
, 102
, 42
, 78
, 66
, 13
, 131
, 44
, 100
, 83
, 61
, 92
, 52
, 124
, 20
, 137
, 7
, 138
, 6
, 19
, 125
, 69
, 75
, 33
, 111
, 110
, 34
, 133
, 11
, 73
, 71
, 136
, 8
, 2
, 142
, 52
, 92
, 136
, 8
, 26
, 118
, 135
, 9
, 73
, 71
, 123
, 21
, 135
, 9
, 133
, 11
, 16
, 128
, 127
, 17
, 100
, 44
, 108
, 36
, 115
, 29
, 94
, 50
, 139
, 5
, 41
, 103
, 127
, 17
, 13
, 131
, 87
, 57
, 30
, 114
, 97
, 47
, 62
, 82
, 67
, 77
, 26
, 118
, 125
, 19
, 62
, 82
, 141
, 3
, 83
, 61
, 45
, 99
, 96
, 48
, 67
, 77
, 90
, 54
, 71
, 73
, 106
, 38
, 107
, 37
, 138
, 6
, 67
, 77
, 89
, 55
, 127
, 17
, 15
, 129
, 71
, 73
, 113
, 31
, 71
, 73
, 23
, 121
, 14
, 130
, 34
, 110
, 25
, 119
, 90
, 54
, 1
, 143
, 85
, 59
, 63
, 81
, 6
, 138
, 9
, 135
, 2
, 142
, 42
, 102
, 62
, 82
, 65
, 79
, 62
, 82
, 68
, 76
, 66
, 78
, 106
, 38
, 118
, 26
, 141
, 3
, 41
, 103
