
1990
, 21
, 128
, 104
, 45
, 118
, 31
, 98
, 51
, 51
, 98
, 60
, 89
, 107
, 42
, 57
, 92
, 39
, 110
, 31
, 118
, 107
, 42
, 112
, 37
, 69
, 80
, 42
, 107
, 15
, 134
, 129
, 20
, 39
, 110
, 111
, 38
, 125
, 24
, 114
, 35
, 58
, 91
, 137
, 12
, 71
, 78
, 83
, 66
, 110
, 39
, 29
, 120
, 67
, 82
, 17
, 132
, 59
, 90
, 38
, 111
, 92
, 57
, 60
, 89
, 146
, 3
, 74
, 75
, 75
, 74
, 76
, 73
, 127
, 22
, 46
, 103
, 122
, 27
, 139
, 10
, 62
, 87
, 87
, 62
, 69
, 80
, 21
, 128
, 51
, 98
, 32
, 117
, 145
, 4
, 38
, 111
, 90
, 59
, 16
, 133
, 104
, 45
, 126
, 23
, 44
, 105
, 41
, 108
, 53
, 96
, 30
, 119
, 17
, 132
, 23
, 126
, 19
, 130
, 23
, 126
, 96
, 53
, 25
, 124
, 28
, 121
, 100
, 49
, 58
, 91
, 70
, 79
, 89
, 60
, 27
, 122
, 18
, 131
, 6
, 143
, 77
, 72
, 122
, 27
, 35
, 114
, 51
, 98
, 32
, 117
, 106
, 43
, 131
, 18
, 36
, 113
, 90
, 59
, 34
, 115
, 5
, 144
, 131
, 18
, 146
, 3
, 58
, 91
, 144
, 5
, 51
, 98
, 121
, 28
, 146
, 3
, 138
, 11
, 133
, 16
, 45
, 104
, 104
, 45
, 79
, 70
, 5
, 144
, 77
, 72
, 86
, 63
, 143
, 6
, 74
, 75
, 131
, 18
, 108
, 41
, 73
, 76
, 48
, 101
, 89
, 60
, 43
, 106
, 67
, 82
, 108
, 41
, 83
, 66
, 141
, 8
, 104
, 45
, 58
, 91
, 92
, 57
, 89
, 60
, 9
, 140
, 65
, 84
, 56
, 93
, 36
, 113
, 16
, 133
, 106
, 43
, 71
, 78
, 77
, 72
, 49
, 100
, 52
, 97
, 130
, 19
, 84
, 65
, 145
, 4
, 132
, 17
, 93
, 56
, 18
, 131
, 126
, 23
, 90
, 59
, 61
, 88
, 104
, 45
, 130
, 19
, 52
, 97
, 104
, 45
, 8
, 141
, 6
, 143
, 59
, 90
, 127
, 22
, 79
, 70
, 99
, 50
, 137
, 12
, 102
, 47
, 10
, 139
, 74
, 75
, 84
, 65
, 140
, 9
, 58
, 91
, 127
, 22
, 20
, 129
, 76
, 73
, 5
, 144
, 91
, 58
, 66
, 83
, 27
, 122
, 113
, 36
, 78
, 71
, 145
, 4
, 95
, 54
, 90
, 59
, 82
, 67
, 111
, 38
, 88
, 61
, 1
, 148
, 45
, 104
, 28
, 121
, 49
, 100
, 17
, 132
, 60
, 89
, 53
, 96
, 136
, 13
, 133
, 16
, 13
, 136
, 105
, 44
, 13
, 136
, 99
, 50
, 133
, 16
, 107
, 42
, 69
, 80
, 9
, 140
, 100
, 49
, 89
, 60
, 6
, 143
, 73
, 76
, 74
, 75
, 101
, 48
, 23
, 126
, 29
, 120
, 33
, 116
, 53
, 96
, 69
, 80
, 1
, 148
, 74
, 75
, 4
, 145
, 140
, 9
, 51
, 98
, 77
, 72
, 18
, 131
, 140
, 9
, 3
, 146
, 71
, 78
, 1
, 148
, 42
, 107
, 40
, 109
, 33
, 116
, 69
, 80
, 73
, 76
, 135
, 14
, 73
, 76
, 106
, 43
, 95
, 54
, 54
, 95
, 133
, 16
, 90
, 59
, 39
, 110
, 138
, 11
, 94
, 55
, 129
, 20
, 110
, 39
, 59
, 90
, 134
, 15
, 28
, 121
, 54
, 95
, 125
, 24
, 33
, 116
, 31
, 118
, 43
, 106
, 19
, 130
, 91
, 58
, 127
, 22
, 25
, 124
, 118
, 31
, 46
, 103
, 2
, 147
, 45
, 104
, 20
, 129
, 26
, 123
, 74
, 75
, 76
, 73
, 73
, 76
, 115
, 34
, 11
, 138
, 42
, 107
, 124
, 25
, 22
, 127
, 63
, 86
, 110
, 39
, 12
, 137
, 127
, 22
, 36
, 113
, 46
, 103
, 35
, 114
, 78
, 71
, 35
, 114
, 114
, 35
, 145
, 4
, 7
, 142
, 137
, 12
, 43
, 106
, 135
, 14
, 10
, 139
, 40
, 109
, 67
, 82
, 127
, 22
, 60
, 89
, 80
, 69
, 116
, 33
, 57
, 92
, 63
, 86
, 15
, 134
, 43
, 106
, 111
, 38
, 79
, 70
, 57
, 92
, 96
, 53
, 24
, 125
, 118
, 31
, 30
, 119
, 42
, 107
, 53
, 96
, 137
, 12
, 123
, 26
, 19
, 130
, 98
, 51
, 106
, 43
, 24
, 125
, 99
, 50
, 134
, 15
, 47
, 102
, 57
, 92
, 69
, 80
, 30
, 119
, 104
, 45
, 8
, 141
, 16
, 133
, 139
, 10
, 128
, 21
, 7
, 142
, 38
, 111
, 57
, 92
, 72
, 77
, 104
, 45
, 66
, 83
, 125
, 24
, 36
, 113
, 2
, 147
, 72
, 77
, 12
, 137
, 118
, 31
, 73
, 76
, 60
, 89
, 102
, 47
, 75
, 74
, 80
, 69
, 100
, 49
, 127
, 22
, 5
, 144
, 132
, 17
, 83
, 66
, 18
, 131
, 140
, 9
, 103
, 46
, 80
, 69
, 32
, 117
, 136
, 13
, 135
, 14
, 57
, 92
, 73
, 76
, 115
, 34
, 73
, 76
, 4
, 145
, 48
, 101
, 67
, 82
, 75
, 74
, 6
, 143
, 72
, 77
, 35
, 114
, 144
, 5
, 76
, 73
, 94
, 55
, 1
, 148
, 78
, 71
, 23
, 126
, 55
, 94
, 36
, 113
, 140
, 9
, 21
, 128
, 83
, 66
, 2
, 147
, 41
, 108
, 1
, 148
, 66
, 83
, 3
, 146
, 44
, 105
, 65
, 84
, 30
, 119
, 52
, 97
, 133
, 16
, 123
, 26
, 2
, 147
, 37
, 112
, 2
, 147
, 84
, 65
, 49
, 100
, 13
, 136
, 139
, 10
, 94
, 55
, 23
, 126
, 40
, 109
, 70
, 79
, 55
, 94
, 123
, 26
, 12
, 137
, 77
, 72
, 99
, 50
, 26
, 123
, 70
, 79
, 136
, 13
, 39
, 110
, 25
, 124
, 8
, 141
, 90
, 59
, 31
, 118
, 83
, 66
, 135
, 14
, 58
, 91
, 32
, 117
, 34
, 115
, 139
, 10
, 116
, 33
, 100
, 49
, 101
, 48
, 20
, 129
, 37
, 112
, 96
, 53
, 98
, 51
, 46
, 103
, 109
, 40
, 15
, 134
, 95
, 54
, 136
, 13
, 79
, 70
, 2
, 147
, 140
, 9
, 109
, 40
, 23
, 126
, 15
, 134
, 37
, 112
, 123
, 26
, 5
, 144
, 113
, 36
, 108
, 41
, 36
, 113
, 17
, 132
, 85
, 64
, 135
, 14
, 52
, 97
, 21
, 128
, 27
, 122
, 56
, 93
, 128
, 21
, 74
, 75
, 136
, 13
, 87
, 62
, 9
, 140
, 45
, 104
, 26
, 123
, 32
, 117
, 89
, 60
, 142
, 7
, 91
, 58
, 54
, 95
, 75
, 74
, 111
, 38
, 32
, 117
, 57
, 92
, 85
, 64
, 98
, 51
, 127
, 22
, 105
, 44
, 5
, 144
, 16
, 133
, 68
, 81
, 128
, 21
, 27
, 122
, 124
, 25
, 43
, 106
, 101
, 48
, 105
, 44
, 58
, 91
, 34
, 115
, 77
, 72
, 105
, 44
, 28
, 121
, 8
, 141
, 59
, 90
, 103
, 46
, 8
, 141
, 119
, 30
, 11
, 138
, 34
, 115
, 24
, 125
, 7
, 142
, 125
, 24
, 140
, 9
, 78
, 71
, 93
, 56
, 131
, 18
, 59
, 90
, 102
, 47
, 52
, 97
, 62
, 87
, 48
, 101
, 9
, 140
, 90
, 59
, 135
, 14
, 10
, 139
, 24
, 125
, 41
, 108
, 105
, 44
, 7
, 142
, 143
, 6
, 56
, 93
, 51
, 98
, 61
, 88
, 92
, 57
, 146
, 3
, 5
, 144
, 92
, 57
, 145
, 4
, 126
, 23
, 145
, 4
, 38
, 111
, 15
, 134
, 50
, 99
, 140
, 9
, 56
, 93
, 108
, 41
, 48
, 101
, 15
, 134
, 110
, 39
, 12
, 137
, 114
, 35
, 124
, 25
, 57
, 92
, 95
, 54
, 118
, 31
, 124
, 25
, 13
, 136
, 70
, 79
, 69
, 80
, 29
, 120
, 117
, 32
, 39
, 110
, 31
, 118
, 110
, 39
, 47
, 102
, 1
, 148
, 58
, 91
, 123
, 26
, 49
, 100
, 64
, 85
, 117
, 32
, 93
, 56
, 64
, 85
, 20
, 129
, 139
, 10
, 114
, 35
, 13
, 136
, 70
, 79
, 19
, 130
, 20
, 129
, 53
, 96
, 124
, 25
, 1
, 148
, 45
, 104
, 31
, 118
, 102
, 47
, 2
, 147
, 56
, 93
, 62
, 87
, 109
, 40
, 95
, 54
, 67
, 82
, 132
, 17
, 52
, 97
, 144
, 5
, 86
, 63
, 111
, 38
, 19
, 130
, 141
, 8
, 53
, 96
, 40
, 109
, 74
, 75
, 84
, 65
, 77
, 72
, 125
, 24
, 50
, 99
, 124
, 25
, 67
, 82
, 113
, 36
, 52
, 97
, 2
, 147
, 63
, 86
, 75
, 74
, 9
, 140
, 18
, 131
, 138
, 11
, 143
, 6
, 55
, 94
, 26
, 123
, 123
, 26
, 70
, 79
, 103
, 46
, 105
, 44
, 125
, 24
, 7
, 142
, 28
, 121
, 82
, 67
, 83
, 66
, 106
, 43
, 22
, 127
, 62
, 87
, 145
, 4
, 61
, 88
, 2
, 147
, 146
, 3
, 40
, 109
, 63
, 86
, 61
, 88
, 56
, 93
, 18
, 131
, 33
, 116
, 33
, 116
, 136
, 13
, 78
, 71
, 5
, 144
, 109
, 40
, 84
, 65
, 80
, 69
, 96
, 53
, 25
, 124
, 77
, 72
, 2
, 147
, 65
, 84
, 88
, 61
, 83
, 66
, 34
, 115
, 57
, 92
, 40
, 109
, 25
, 124
, 144
, 5
, 131
, 18
, 33
, 116
, 48
, 101
, 25
, 124
, 12
, 137
, 57
, 92
, 86
, 63
, 87
, 62
, 30
, 119
, 104
, 45
, 86
, 63
, 75
, 74
, 11
, 138
, 79
, 70
, 30
, 119
, 97
, 52
, 25
, 124
, 62
, 87
, 126
, 23
, 70
, 79
, 88
, 61
, 132
, 17
, 127
, 22
, 41
, 108
, 76
, 73
, 111
, 38
, 110
, 39
, 76
, 73
, 91
, 58
, 19
, 130
, 113
, 36
, 32
, 117
, 125
, 24
, 51
, 98
, 142
, 7
, 14
, 135
, 98
, 51
, 20
, 129
, 16
, 133
, 65
, 84
, 96
, 53
, 103
, 46
, 36
, 113
, 90
, 59
, 102
, 47
, 31
, 118
, 1
, 148
, 52
, 97
, 37
, 112
, 13
, 136
, 118
, 31
, 109
, 40
, 84
, 65
, 89
, 60
, 80
, 69
, 145
, 4
, 20
, 129
, 55
, 94
, 4
, 145
, 6
, 143
, 126
, 23
, 54
, 95
, 145
, 4
, 12
, 137
, 126
, 23
, 79
, 70
, 12
, 137
, 68
, 81
, 66
, 83
, 39
, 110
, 114
, 35
, 67
, 82
, 76
, 73
, 96
, 53
, 76
, 73
, 60
, 89
, 95
, 54
, 49
, 100
, 65
, 84
, 107
, 42
, 133
, 16
, 4
, 145
, 137
, 12
, 90
, 59
, 92
, 57
, 43
, 106
, 73
, 76
, 73
, 76
, 61
, 88
, 69
, 80
, 78
, 71
, 127
, 22
, 139
, 10
, 95
, 54
, 2
, 147
, 52
, 97
, 20
, 129
, 96
, 53
, 94
, 55
, 73
, 76
, 28
, 121
, 105
, 44
, 20
, 129
, 88
, 61
, 136
, 13
, 78
, 71
, 51
, 98
, 36
, 113
, 93
, 56
, 80
, 69
, 13
, 136
, 8
, 141
, 142
, 7
, 25
, 124
, 113
, 36
, 26
, 123
, 10
, 139
, 124
, 25
, 145
, 4
, 78
, 71
, 35
, 114
, 120
, 29
, 130
, 19
, 101
, 48
, 88
, 61
, 114
, 35
, 27
, 122
, 45
, 104
, 69
, 80
, 65
, 84
, 135
, 14
, 58
, 91
, 120
, 29
, 20
, 129
, 144
, 5
, 144
, 5
, 15
, 134
, 9
, 140
, 16
, 133
, 113
, 36
, 97
, 52
, 117
, 32
, 50
, 99
, 130
, 19
, 124
, 25
, 118
, 31
, 122
, 27
, 31
, 118
, 1
, 148
, 105
, 44
, 18
, 131
, 28
, 121
, 56
, 93
, 35
, 114
, 140
, 9
, 67
, 82
, 94
, 55
, 29
, 120
, 67
, 82
, 29
, 120
, 12
, 137
, 24
, 125
, 93
, 56
, 89
, 60
, 30
, 119
, 33
, 116
, 75
, 74
, 91
, 58
, 92
, 57
, 118
, 31
, 11
, 138
, 57
, 92
, 75
, 74
, 50
, 99
, 143
, 6
, 29
, 120
, 122
, 27
, 115
, 34
, 29
, 120
, 6
, 143
, 140
, 9
, 54
, 95
, 47
, 102
, 67
, 82
, 116
, 33
, 15
, 134
, 143
, 6
, 97
, 52
, 49
, 100
, 74
, 75
, 122
, 27
, 68
, 81
, 96
, 53
, 69
, 80
, 19
, 130
, 128
, 21
, 59
, 90
, 85
, 64
, 118
, 31
, 113
, 36
, 104
, 45
, 82
, 67
, 84
, 65
, 94
, 55
, 24
, 125
, 114
, 35
, 83
, 66
, 105
, 44
, 107
, 42
, 29
, 120
, 125
, 24
, 26
, 123
, 64
, 85
, 131
, 18
, 67
, 82
, 5
, 144
, 53
, 96
, 122
, 27
, 108
, 41
, 120
, 29
, 42
, 107
, 67
, 82
, 142
, 7
, 118
, 31
, 1
, 148
, 96
, 53
, 61
, 88
, 66
, 83
, 117
, 32
, 87
, 62
, 14
, 135
, 64
, 85
, 117
, 32
, 79
, 70
, 147
, 2
, 26
, 123
, 63
, 86
, 144
, 5
, 17
, 132
, 132
, 17
, 95
, 54
, 75
, 74
, 78
, 71
, 72
, 77
, 43
, 106
, 114
, 35
, 37
, 112
, 135
, 14
, 79
, 70
, 24
, 125
, 9
, 140
, 107
, 42
, 126
, 23
, 16
, 133
, 34
, 115
, 91
, 58
, 139
, 10
, 34
, 115
, 74
, 75
, 109
, 40
, 71
, 78
, 67
, 82
, 137
, 12
, 64
, 85
, 44
, 105
, 70
, 79
, 95
, 54
, 97
, 52
, 141
, 8
, 17
, 132
, 120
, 29
, 73
, 76
, 83
, 66
, 2
, 147
, 92
, 57
, 109
, 40
, 118
, 31
, 119
, 30
, 23
, 126
, 95
, 54
, 46
, 103
, 58
, 91
, 93
, 56
, 61
, 88
, 125
, 24
, 83
, 66
, 131
, 18
, 90
, 59
, 108
, 41
, 7
, 142
, 76
, 73
, 12
, 137
, 37
, 112
, 93
, 56
, 45
, 104
, 80
, 69
, 69
, 80
, 33
, 116
, 67
, 82
, 40
, 109
, 54
, 95
, 111
, 38
, 118
, 31
, 143
, 6
, 97
, 52
, 87
, 62
, 92
, 57
, 53
, 96
, 10
, 139
, 32
, 117
, 46
, 103
, 115
, 34
, 122
, 27
, 58
, 91
, 6
, 143
, 24
, 125
, 69
, 80
, 147
, 2
, 92
, 57
, 101
, 48
, 83
, 66
, 48
, 101
, 115
, 34
, 53
, 96
, 7
, 142
, 87
, 62
, 78
, 71
, 63
, 86
, 98
, 51
, 51
, 98
, 48
, 101
, 24
, 125
, 28
, 121
, 42
, 107
, 131
, 18
, 100
, 49
, 126
, 23
, 127
, 22
, 5
, 144
, 5
, 144
, 52
, 97
, 12
, 137
, 116
, 33
, 127
, 22
, 125
, 24
, 83
, 66
, 46
, 103
, 116
, 33
, 57
, 92
, 76
, 73
, 67
, 82
, 30
, 119
, 96
, 53
, 120
, 29
, 23
, 126
, 13
, 136
, 12
, 137
, 114
, 35
, 98
, 51
, 50
, 99
, 117
, 32
, 72
, 77
, 7
, 142
, 100
, 49
, 7
, 142
, 97
, 52
, 122
, 27
, 96
, 53
, 111
, 38
, 141
, 8
, 106
, 43
, 38
, 111
, 16
, 133
, 132
, 17
, 138
, 11
, 50
, 99
, 44
, 105
, 56
, 93
, 138
, 11
, 118
, 31
, 138
, 11
, 77
, 72
, 107
, 42
, 144
, 5
, 92
, 57
, 13
, 136
, 20
, 129
, 81
, 68
, 33
, 116
, 146
, 3
, 98
, 51
, 136
, 13
, 25
, 124
, 114
, 35
, 51
, 98
, 51
, 98
, 53
, 96
, 100
, 49
, 141
, 8
, 49
, 100
, 137
, 12
, 101
, 48
, 65
, 84
, 140
, 9
, 33
, 116
, 98
, 51
, 11
, 138
, 117
, 32
, 4
, 145
, 106
, 43
, 116
, 33
, 79
, 70
, 41
, 108
, 143
, 6
, 125
, 24
, 37
, 112
, 131
, 18
, 4
, 145
, 82
, 67
, 42
, 107
, 51
, 98
, 75
, 74
, 119
, 30
, 74
, 75
, 120
, 29
, 5
, 144
, 9
, 140
, 135
, 14
, 85
, 64
, 107
, 42
, 6
, 143
, 142
, 7
, 128
, 21
, 134
, 15
, 80
, 69
, 45
, 104
, 126
, 23
, 89
, 60
, 139
, 10
, 110
, 39
, 141
, 8
, 39
, 110
, 120
, 29
, 90
, 59
, 23
, 126
, 74
, 75
, 92
, 57
, 61
, 88
, 139
, 10
, 62
, 87
, 123
, 26
, 50
, 99
, 63
, 86
, 19
, 130
, 28
, 121
, 141
, 8
, 110
, 39
, 110
, 39
, 5
, 144
, 52
, 97
, 94
, 55
, 142
, 7
, 80
, 69
, 73
, 76
, 102
, 47
, 127
, 22
, 116
, 33
, 25
, 124
, 71
, 78
, 117
, 32
, 63
, 86
, 59
, 90
, 83
, 66
, 21
, 128
, 138
, 11
, 55
, 94
, 94
, 55
, 27
, 122
, 88
, 61
, 129
, 20
, 143
, 6
, 66
, 83
, 56
, 93
, 75
, 74
, 137
, 12
, 92
, 57
, 124
, 25
, 42
, 107
, 40
, 109
, 137
, 12
, 44
, 105
, 121
, 28
, 134
, 15
, 114
, 35
, 61
, 88
, 134
, 15
, 30
, 119
, 3
, 146
, 35
, 114
, 106
, 43
, 100
, 49
, 59
, 90
, 134
, 15
, 70
, 79
, 147
, 2
, 44
, 105
, 68
, 81
, 5
, 144
, 19
, 130
, 85
, 64
, 40
, 109
, 98
, 51
, 115
, 34
, 128
, 21
, 84
, 65
, 45
, 104
, 11
, 138
, 37
, 112
, 17
, 132
, 120
, 29
, 81
, 68
, 36
, 113
, 31
, 118
, 102
, 47
, 33
, 116
, 34
, 115
, 103
, 46
, 50
, 99
, 54
, 95
, 7
, 142
, 59
, 90
, 100
, 49
, 104
, 45
, 16
, 133
, 114
, 35
, 52
, 97
, 41
, 108
, 13
, 136
, 100
, 49
, 55
, 94
, 20
, 129
, 67
, 82
, 130
, 19
, 146
, 3
, 86
, 63
, 34
, 115
, 18
, 131
, 38
, 111
, 16
, 133
, 90
, 59
, 64
, 85
, 108
, 41
, 91
, 58
, 26
, 123
, 40
, 109
, 142
, 7
, 145
, 4
, 145
, 4
, 68
, 81
, 108
, 41
, 116
, 33
, 40
, 109
, 137
, 12
, 78
, 71
, 12
, 137
, 92
, 57
, 8
, 141
, 76
, 73
, 78
, 71
, 122
, 27
, 9
, 140
, 100
, 49
, 132
, 17
, 146
, 3
, 7
, 142
, 81
, 68
, 3
, 146
, 5
, 144
, 23
, 126
, 89
, 60
, 118
, 31
, 39
, 110
, 10
, 139
, 134
, 15
, 58
, 91
, 144
, 5
, 22
, 127
, 58
, 91
, 1
, 148
, 115
, 34
, 85
, 64
, 38
, 111
, 19
, 130
, 6
, 143
, 50
, 99
, 8
, 141
, 24
, 125
, 2
, 147
, 89
, 60
, 134
, 15
, 41
, 108
, 70
, 79
, 110
, 39
, 131
, 18
, 14
, 135
, 133
, 16
, 46
, 103
, 126
, 23
, 71
, 78
, 131
, 18
, 8
, 141
, 68
, 81
, 40
, 109
, 70
, 79
, 68
, 81
, 92
, 57
, 144
, 5
, 75
, 74
, 31
, 118
, 26
, 123
, 113
, 36
, 121
, 28
, 81
, 68
, 38
, 111
, 3
, 146
, 19
, 130
, 45
, 104
, 89
, 60
, 104
, 45
, 45
, 104
, 57
, 92
, 28
, 121
, 75
, 74
, 106
, 43
, 36
, 113
, 114
, 35
, 121
, 28
, 129
, 20
, 3
, 146
, 45
, 104
, 52
, 97
, 73
, 76
, 47
, 102
, 37
, 112
, 24
, 125
, 32
, 117
, 55
, 94
, 91
, 58
, 37
, 112
, 145
, 4
, 145
, 4
, 70
, 79
, 130
, 19
, 7
, 142
, 95
, 54
, 91
, 58
, 129
, 20
, 131
, 18
, 34
, 115
, 65
, 84
, 68
, 81
, 6
, 143
, 145
, 4
, 99
, 50
, 52
, 97
, 11
, 138
, 102
, 47
, 72
, 77
, 128
, 21
, 98
, 51
, 56
, 93
, 64
, 85
, 13
, 136
, 94
, 55
, 15
, 134
, 136
, 13
, 126
, 23
, 79
, 70
, 20
, 129
, 101
, 48
, 34
, 115
, 83
, 66
, 51
, 98
, 14
, 135
, 82
, 67
, 31
, 118
, 28
, 121
, 94
, 55
, 11
, 138
, 1
, 148
, 142
, 7
, 62
, 87
, 75
, 74
, 89
, 60
, 88
, 61
, 127
, 22
, 4
, 145
, 72
, 77
, 37
, 112
, 28
, 121
, 108
, 41
, 10
, 139
, 133
, 16
, 7
, 142
, 34
, 115
, 26
, 123
, 124
, 25
, 67
, 82
, 82
, 67
, 128
, 21
, 19
, 130
, 3
, 146
, 53
, 96
, 108
, 41
, 40
, 109
, 76
, 73
, 37
, 112
, 133
, 16
, 68
, 81
, 69
, 80
, 93
, 56
, 11
, 138
, 61
, 88
, 88
, 61
, 144
, 5
, 101
, 48
, 70
, 79
, 82
, 67
, 14
, 135
, 88
, 61
, 40
, 109
, 13
, 136
, 88
, 61
, 94
, 55
, 85
, 64
, 113
, 36
, 38
, 111
, 146
, 3
, 81
, 68
, 67
, 82
, 103
, 46
, 101
, 48
, 124
, 25
, 3
, 146
, 10
, 139
, 125
, 24
, 48
, 101
, 46
, 103
, 7
, 142
, 121
, 28
, 81
, 68
, 101
, 48
, 69
, 80
, 71
, 78
, 21
, 128
, 117
, 32
, 53
, 96
, 51
, 98
, 134
, 15
, 54
, 95
, 50
, 99
, 126
, 23
, 71
, 78
, 21
, 128
, 127
, 22
, 138
, 11
, 103
, 46
, 13
, 136
, 93
, 56
, 100
, 49
, 30
, 119
, 66
, 83
, 5
, 144
, 98
, 51
, 74
, 75
, 81
, 68
, 83
, 66
, 30
, 119
, 128
, 21
, 120
, 29
, 104
, 45
, 142
, 7
, 5
, 144
, 1
, 148
, 71
, 78
, 145
, 4
, 137
, 12
, 54
, 95
, 8
, 141
, 73
, 76
, 29
, 120
, 96
, 53
, 98
, 51
, 68
, 81
, 60
, 89
, 7
, 142
, 131
, 18
, 96
, 53
, 43
, 106
, 20
, 129
, 146
, 3
, 73
, 76
, 112
, 37
, 134
, 15
, 48
, 101
, 135
, 14
, 76
, 73
, 40
, 109
, 94
, 55
, 54
, 95
, 22
, 127
, 10
, 139
, 105
, 44
, 124
, 25
, 25
, 124
, 63
, 86
, 67
, 82
, 34
, 115
, 127
, 22
, 139
, 10
, 59
, 90
, 56
, 93
, 16
, 133
, 97
, 52
, 58
, 91
, 98
, 51
, 18
, 131
, 77
, 72
, 79
, 70
, 26
, 123
, 84
, 65
, 18
, 131
, 65
, 84
, 55
, 94
, 143
, 6
, 105
, 44
, 84
, 65
, 65
, 84
, 18
, 131
, 56
, 93
, 59
, 90
, 85
, 64
, 100
, 49
, 79
, 70
, 89
, 60
, 111
, 38
, 126
, 23
, 104
, 45
, 2
, 147
, 139
, 10
, 117
, 32
, 103
, 46
, 147
, 2
, 126
, 23
, 29
, 120
, 13
, 136
, 27
, 122
, 121
, 28
, 82
, 67
, 39
, 110
, 111
, 38
, 42
, 107
, 110
, 39
, 41
, 108
, 111
, 38
, 21
, 128
, 13
, 136
, 89
, 60
, 131
, 18
, 18
, 131
, 104
, 45
, 142
, 7
, 70
, 79
, 112
, 37
, 34
, 115
, 104
, 45
, 26
, 123
, 42
, 107
, 1
, 148
, 26
, 123
, 131
, 18
, 26
, 123
, 129
, 20
, 43
, 106
, 75
, 74
, 26
, 123
, 94
, 55
, 8
, 141
, 53
, 96
, 117
, 32
, 34
, 115
, 26
, 123
, 101
, 48
, 21
, 128
, 67
, 82
, 112
, 37
, 146
, 3
, 87
, 62
, 70
, 79
, 56
, 93
, 83
, 66
, 28
, 121
, 129
, 20
, 21
, 128
, 111
, 38
, 53
, 96
, 97
, 52
, 31
, 118
, 6
, 143
, 37
, 112
, 29
, 120
, 125
, 24
, 108
, 41
, 77
, 72
, 93
, 56
, 52
, 97
, 11
, 138
, 84
, 65
, 24
, 125
, 57
, 92
, 98
, 51
, 115
, 34
, 13
, 136
, 118
, 31
, 98
, 51
, 43
, 106
, 31
, 118
, 12
, 137
, 16
, 133
, 36
, 113
, 3
, 146
, 144
, 5
, 31
, 118
, 1
, 148
, 146
, 3
, 89
, 60
, 8
, 141
, 59
, 90
, 8
, 141
, 119
, 30
, 68
, 81
, 55
, 94
, 62
, 87
, 46
, 103
, 91
, 58
, 119
, 30
, 97
, 52
, 138
, 11
, 64
, 85
, 52
, 97
, 105
, 44
, 2
, 147
, 4
, 145
, 25
, 124
, 18
, 131
, 18
, 131
, 5
, 144
, 81
, 68
, 112
, 37
, 142
, 7
, 45
, 104
, 6
, 143
, 90
, 59
, 61
, 88
, 29
, 120
, 117
, 32
, 57
, 92
, 59
, 90
, 125
, 24
, 55
, 94
, 96
, 53
, 68
, 81
, 27
, 122
, 17
, 132
, 46
, 103
, 59
, 90
, 123
, 26
, 35
, 114
, 104
, 45
, 139
, 10
, 59
, 90
, 14
, 135
, 90
, 59
, 15
, 134
, 141
, 8
, 33
, 116
, 99
, 50
, 82
, 67
, 7
, 142
, 4
, 145
, 123
, 26
, 102
, 47
, 79
, 70
, 145
, 4
, 41
, 108
, 139
, 10
, 9
, 140
, 81
, 68
, 110
, 39
, 137
, 12
, 49
, 100
, 71
, 78
, 115
, 34
, 109
, 40
, 2
, 147
, 79
, 70
, 50
, 99
, 144
, 5
, 90
, 59
, 130
, 19
, 59
, 90
, 90
, 59
, 47
, 102
, 65
, 84
, 80
, 69
, 66
, 83
, 10
, 139
, 105
, 44
, 109
, 40
, 77
, 72
, 69
, 80
, 43
, 106
, 115
, 34
, 52
, 97
, 10
, 139
, 99
, 50
, 54
, 95
, 66
, 83
, 11
, 138
, 59
, 90
, 93
, 56
, 137
, 12
, 72
, 77
, 14
, 135
, 42
, 107
, 25
, 124
, 141
, 8
, 119
, 30
, 12
, 137
, 32
, 117
, 2
, 147
, 34
, 115
, 83
, 66
, 136
, 13
, 65
, 84
, 48
, 101
, 130
, 19
, 128
, 21
, 147
, 2
, 107
, 42
, 73
, 76
, 34
, 115
, 105
, 44
, 65
, 84
, 124
, 25
, 58
, 91
, 5
, 144
, 132
, 17
, 58
, 91
, 31
, 118
, 23
, 126
, 8
, 141
, 11
, 138
, 118
, 31
, 127
, 22
, 99
, 50
, 76
, 73
, 131
, 18
, 61
, 88
, 88
, 61
, 83
, 66
, 21
, 128
, 28
, 121
, 117
, 32
, 58
, 91
, 126
, 23
, 146
, 3
, 72
, 77
, 109
, 40
, 3
, 146
, 94
, 55
, 88
, 61
, 24
, 125
, 8
, 141
, 83
, 66
, 120
, 29
, 113
, 36
, 90
, 59
, 27
, 122
, 111
, 38
, 50
, 99
, 83
, 66
, 142
, 7
, 60
, 89
, 44
, 105
, 37
, 112
, 93
, 56
, 59
, 90
, 74
, 75
, 23
, 126
, 133
, 16
, 115
, 34
, 143
, 6
, 16
, 133
, 49
, 100
, 122
, 27
, 142
, 7
, 73
, 76
, 95
, 54
, 102
, 47
, 44
, 105
, 40
, 109
, 65
, 84
, 21
, 128
, 126
, 23
, 53
, 96
, 17
, 132
, 12
, 137
, 70
, 79
, 138
, 11
, 120
, 29
, 39
, 110
, 111
, 38
, 76
, 73
, 43
, 106
, 27
, 122
, 3
, 146
, 121
, 28
, 52
, 97
, 63
, 86
, 130
, 19
, 66
, 83
, 84
, 65
, 94
, 55
, 133
, 16
, 28
, 121
, 55
, 94
, 139
, 10
, 109
, 40
, 137
, 12
, 102
, 47
, 87
, 62
, 55
, 94
, 67
, 82
, 53
, 96
, 21
, 128
, 65
, 84
, 17
, 132
, 65
, 84
, 101
, 48
, 45
, 104
, 84
, 65
, 39
, 110
, 61
, 88
, 3
, 146
, 44
, 105
, 31
, 118
, 109
, 40
, 123
, 26
, 92
, 57
, 138
, 11
, 106
, 43
, 62
, 87
, 126
, 23
, 31
, 118
, 8
, 141
, 135
, 14
, 39
, 110
, 34
, 115
, 91
, 58
, 122
, 27
, 73
, 76
, 94
, 55
, 96
, 53
, 97
, 52
, 134
, 15
, 102
, 47
, 91
, 58
, 89
, 60
, 83
, 66
, 121
, 28
, 128
, 21
, 46
, 103
, 142
, 7
, 75
, 74
, 30
, 119
, 127
, 22
, 147
, 2
, 46
, 103
, 30
, 119
, 29
, 120
, 89
, 60
, 91
, 58
, 47
, 102
, 65
, 84
, 55
, 94
, 80
, 69
, 111
, 38
, 132
, 17
, 126
, 23
, 14
, 135
, 117
, 32
, 129
, 20
, 119
, 30
, 23
, 126
, 10
, 139
, 39
, 110
, 147
, 2
, 49
, 100
, 72
, 77
, 125
, 24
, 121
, 28
, 141
, 8
, 113
, 36
, 60
, 89
, 81
, 68
, 12
, 137
, 102
, 47
, 111
, 38
, 133
, 16
, 50
, 99
, 4
, 145
, 74
, 75
, 85
, 64
, 75
, 74
, 98
, 51
, 143
, 6
, 75
, 74
, 94
, 55
, 40
, 109
, 3
, 146
, 91
, 58
, 13
, 136
, 24
, 125
, 128
, 21
, 110
, 39
, 14
, 135
, 81
, 68
, 93
, 56
, 62
, 87
, 9
, 140
, 130
, 19
, 43
, 106
, 28
, 121
, 27
, 122
, 10
, 139
, 42
, 107
, 92
, 57
, 103
, 46
, 67
, 82
, 107
, 42
, 72
, 77
, 57
, 92
, 123
, 26
, 137
, 12
, 124
, 25
, 39
, 110
, 28
, 121
, 118
, 31
, 83
, 66
, 96
, 53
, 31
, 118
, 132
, 17
, 15
, 134
, 91
, 58
, 46
, 103
, 19
, 130
, 29
, 120
, 1
, 148
, 112
, 37
, 73
, 76
, 108
, 41
, 14
, 135
, 67
, 82
, 135
, 14
, 34
, 115
, 85
, 64
, 47
, 102
, 47
, 102
, 95
, 54
, 60
, 89
, 143
, 6
, 88
, 61
, 54
, 95
, 76
, 73
, 33
, 116
, 60
, 89
, 72
, 77
, 18
, 131
, 132
, 17
, 20
, 129
, 69
, 80
, 120
, 29
, 14
, 135
, 89
, 60
, 116
, 33
, 114
, 35
, 36
, 113
, 85
, 64
, 38
, 111
, 69
, 80
, 73
, 76
, 52
, 97
, 48
, 101
, 135
, 14
, 50
, 99
, 40
, 109
, 125
, 24
, 41
, 108
, 35
, 114
, 7
, 142
, 1
, 148
, 88
, 61
, 16
, 133
, 76
, 73
, 114
, 35
, 96
, 53
, 33
, 116
, 121
, 28
, 50
, 99
, 91
, 58
, 115
, 34
, 95
, 54
, 142
, 7
, 122
, 27
, 56
, 93
, 102
, 47
, 11
, 138
, 3
, 146
, 102
, 47
, 46
, 103
, 89
, 60
, 18
, 131
, 120
, 29
, 16
, 133
, 108
, 41
, 145
, 4
, 100
, 49
, 64
, 85
, 117
, 32
, 146
, 3
, 144
, 5
, 28
, 121
, 86
, 63
, 146
, 3
, 142
, 7
, 93
, 56
, 30
, 119
, 116
, 33
, 69
, 80
, 135
, 14
, 73
, 76
, 86
, 63
, 4
, 145
, 98
, 51
, 6
, 143
, 81
, 68
, 39
, 110
, 97
, 52
, 103
, 46
, 57
, 92
, 76
, 73
, 131
, 18
, 115
, 34
, 125
, 24
, 94
, 55
, 40
, 109
, 41
, 108
, 18
, 131
, 109
, 40
, 14
, 135
, 55
, 94
, 119
, 30
, 52
, 97
, 37
, 112
, 102
, 47
, 3
, 146
, 22
, 127
