
2020
, 105
, 66
, 64
, 107
, 144
, 27
, 142
, 29
, 9
, 162
, 122
, 49
, 111
, 60
, 110
, 61
, 28
, 143
, 169
, 2
, 44
, 127
, 9
, 162
, 29
, 142
, 34
, 137
, 120
, 51
, 84
, 87
, 98
, 73
, 166
, 5
, 133
, 38
, 114
, 57
, 137
, 34
, 50
, 121
, 106
, 65
, 51
, 120
, 58
, 113
, 146
, 25
, 28
, 143
, 114
, 57
, 7
, 164
, 76
, 95
, 131
, 40
, 39
, 132
, 160
, 11
, 136
, 35
, 114
, 57
, 29
, 142
, 123
, 48
, 25
, 146
, 165
, 6
, 85
, 86
, 101
, 70
, 73
, 98
, 78
, 93
, 34
, 137
, 102
, 69
, 145
, 26
, 45
, 126
, 64
, 107
, 81
, 90
, 102
, 69
, 4
, 167
, 80
, 91
, 144
, 27
, 102
, 69
, 48
, 123
, 143
, 28
, 27
, 144
, 137
, 34
, 117
, 54
, 140
, 31
, 51
, 120
, 37
, 134
, 143
, 28
, 73
, 98
, 52
, 119
, 160
, 11
, 68
, 103
, 132
, 39
, 60
, 111
, 38
, 133
, 107
, 64
, 133
, 38
, 3
, 168
, 4
, 167
, 29
, 142
, 30
, 141
, 38
, 133
, 105
, 66
, 10
, 161
, 167
, 4
, 150
, 21
, 141
, 30
, 103
, 68
, 162
, 9
, 151
, 20
, 74
, 97
, 71
, 100
, 88
, 83
, 29
, 142
, 28
, 143
, 136
, 35
, 141
, 30
, 40
, 131
, 46
, 125
, 36
, 135
, 28
, 143
, 156
, 15
, 23
, 148
, 59
, 112
, 128
, 43
, 8
, 163
, 1
, 170
, 37
, 134
, 68
, 103
, 162
, 9
, 112
, 59
, 20
, 151
, 60
, 111
, 149
, 22
, 24
, 147
, 167
, 4
, 126
, 45
, 63
, 108
, 85
, 86
, 53
, 118
, 62
, 109
, 72
, 99
, 164
, 7
, 136
, 35
, 64
, 107
, 9
, 162
, 155
, 16
, 93
, 78
, 115
, 56
, 58
, 113
, 88
, 83
, 153
, 18
, 103
, 68
, 128
, 43
, 1
, 170
, 125
, 46
, 57
, 114
, 29
, 142
, 44
, 127
, 75
, 96
, 74
, 97
, 141
, 30
, 9
, 162
, 31
, 140
, 28
, 143
, 17
, 154
, 10
, 161
, 148
, 23
, 12
, 159
, 150
, 21
, 89
, 82
, 86
, 85
, 136
, 35
, 21
, 150
, 60
, 111
, 24
, 147
, 25
, 146
, 71
, 100
, 138
, 33
, 103
, 68
, 84
, 87
, 135
, 36
, 31
, 140
, 115
, 56
, 72
, 99
, 112
, 59
, 148
, 23
, 9
, 162
, 102
, 69
, 124
, 47
, 119
, 52
, 154
, 17
, 139
, 32
, 82
, 89
, 101
, 70
, 138
, 33
, 130
, 41
, 92
, 79
, 49
, 122
, 103
, 68
, 29
, 142
, 150
, 21
, 99
, 72
, 61
, 110
, 132
, 39
, 130
, 41
, 74
, 97
, 163
, 8
, 78
, 93
, 146
, 25
, 105
, 66
, 79
, 92
, 1
, 170
, 73
, 98
, 147
, 24
, 108
, 63
, 25
, 146
, 72
, 99
, 59
, 112
, 141
, 30
, 35
, 136
, 12
, 159
, 127
, 44
, 78
, 93
, 16
, 155
, 73
, 98
, 116
, 55
, 97
, 74
, 18
, 153
, 40
, 131
, 20
, 151
, 25
, 146
, 141
, 30
, 76
, 95
, 81
, 90
, 21
, 150
, 77
, 94
, 116
, 55
, 101
, 70
, 118
, 53
, 163
, 8
, 126
, 45
, 6
, 165
, 168
, 3
, 151
, 20
, 154
, 17
, 78
, 93
, 5
, 166
, 150
, 21
, 147
, 24
, 117
, 54
, 123
, 48
, 143
, 28
, 81
, 90
, 13
, 158
, 86
, 85
, 128
, 43
, 67
, 104
, 92
, 79
, 29
, 142
, 163
, 8
, 6
, 165
, 130
, 41
, 57
, 114
, 126
, 45
, 85
, 86
, 109
, 62
, 69
, 102
, 5
, 166
, 130
, 41
, 52
, 119
, 22
, 149
, 45
, 126
, 158
, 13
, 65
, 106
, 44
, 127
, 92
, 79
, 32
, 139
, 105
, 66
, 112
, 59
, 35
, 136
, 16
, 155
, 45
, 126
, 137
, 34
, 136
, 35
, 58
, 113
, 148
, 23
, 5
, 166
, 157
, 14
, 3
, 168
, 114
, 57
, 39
, 132
, 149
, 22
, 154
, 17
, 5
, 166
, 73
, 98
, 105
, 66
, 146
, 25
, 89
, 82
, 87
, 84
, 54
, 117
, 74
, 97
, 43
, 128
, 42
, 129
, 146
, 25
, 51
, 120
, 151
, 20
, 162
, 9
, 81
, 90
, 119
, 52
, 17
, 154
, 126
, 45
, 139
, 32
, 26
, 145
, 141
, 30
, 113
, 58
, 42
, 129
, 21
, 150
, 89
, 82
, 69
, 102
, 69
, 102
, 58
, 113
, 10
, 161
, 47
, 124
, 35
, 136
, 157
, 14
, 147
, 24
, 16
, 155
, 47
, 124
, 56
, 115
, 59
, 112
, 96
, 75
, 106
, 65
, 137
, 34
, 52
, 119
, 147
, 24
, 66
, 105
, 69
, 102
, 71
, 100
, 75
, 96
, 117
, 54
, 42
, 129
, 72
, 99
, 120
, 51
, 26
, 145
, 73
, 98
, 6
, 165
, 163
, 8
, 167
, 4
, 69
, 102
, 99
, 72
, 164
, 7
, 144
, 27
, 17
, 154
, 79
, 92
, 37
, 134
, 26
, 145
, 90
, 81
, 151
, 20
, 110
, 61
, 25
, 146
, 10
, 161
, 97
, 74
, 6
, 165
, 165
, 6
, 121
, 50
, 16
, 155
, 153
, 18
, 83
, 88
, 119
, 52
, 7
, 164
, 135
, 36
, 46
, 125
, 26
, 145
, 157
, 14
, 47
, 124
, 56
, 115
, 161
, 10
, 6
, 165
, 77
, 94
, 80
, 91
, 164
, 7
, 110
, 61
, 14
, 157
, 51
, 120
, 94
, 77
, 167
, 4
, 96
, 75
, 74
, 97
, 92
, 79
, 135
, 36
, 24
, 147
, 72
, 99
, 103
, 68
, 8
, 163
, 85
, 86
, 35
, 136
, 74
, 97
, 138
, 33
, 106
, 65
, 17
, 154
, 96
, 75
, 132
, 39
, 72
, 99
, 106
, 65
, 26
, 145
, 144
, 27
, 40
, 131
, 17
, 154
, 47
, 124
, 146
, 25
, 9
, 162
, 112
, 59
, 149
, 22
, 28
, 143
, 54
, 117
, 139
, 32
, 91
, 80
, 141
, 30
, 105
, 66
, 63
, 108
, 79
, 92
, 87
, 84
, 7
, 164
, 81
, 90
, 135
, 36
, 82
, 89
, 155
, 16
, 85
, 86
, 128
, 43
, 22
, 149
, 44
, 127
, 106
, 65
, 27
, 144
, 43
, 128
, 144
, 27
, 12
, 159
, 20
, 151
, 8
, 163
, 119
, 52
, 105
, 66
, 51
, 120
, 46
, 125
, 44
, 127
, 77
, 94
, 6
, 165
, 31
, 140
, 27
, 144
, 89
, 82
, 24
, 147
, 115
, 56
, 75
, 96
, 27
, 144
, 54
, 117
, 91
, 80
, 46
, 125
, 162
, 9
, 98
, 73
, 160
, 11
, 86
, 85
, 4
, 167
, 106
, 65
, 103
, 68
, 136
, 35
, 86
, 85
, 49
, 122
, 168
, 3
, 3
, 168
, 50
, 121
, 13
, 158
, 94
, 77
, 126
, 45
, 83
, 88
, 106
, 65
, 78
, 93
, 165
, 6
, 14
, 157
, 92
, 79
, 13
, 158
, 86
, 85
, 121
, 50
, 12
, 159
, 20
, 151
, 68
, 103
, 102
, 69
, 133
, 38
, 57
, 114
, 17
, 154
, 15
, 156
, 158
, 13
, 83
, 88
, 70
, 101
, 124
, 47
, 104
, 67
, 74
, 97
, 66
, 105
, 66
, 105
, 123
, 48
, 107
, 64
, 143
, 28
, 140
, 31
, 153
, 18
, 89
, 82
, 44
, 127
, 145
, 26
, 145
, 26
, 89
, 82
, 84
, 87
, 70
, 101
, 134
, 37
, 123
, 48
, 30
, 141
, 32
, 139
, 24
, 147
, 115
, 56
, 4
, 167
, 163
, 8
, 160
, 11
, 24
, 147
, 73
, 98
, 91
, 80
, 36
, 135
, 32
, 139
, 97
, 74
, 86
, 85
, 160
, 11
, 21
, 150
, 14
, 157
, 70
, 101
, 62
, 109
, 34
, 137
, 94
, 77
, 40
, 131
, 84
, 87
, 56
, 115
, 118
, 53
, 106
, 65
, 54
, 117
, 167
, 4
, 14
, 157
, 36
, 135
, 122
, 49
, 135
, 36
, 95
, 76
, 131
, 40
, 101
, 70
, 97
, 74
, 40
, 131
, 3
, 168
, 27
, 144
, 59
, 112
, 149
, 22
, 155
, 16
, 75
, 96
, 116
, 55
, 118
, 53
, 23
, 148
, 59
, 112
, 83
, 88
, 70
, 101
, 62
, 109
, 8
, 163
, 41
, 130
, 135
, 36
, 88
, 83
, 6
, 165
, 128
, 43
, 88
, 83
, 17
, 154
, 5
, 166
, 25
, 146
, 62
, 109
, 112
, 59
, 46
, 125
, 94
, 77
, 75
, 96
, 50
, 121
, 34
, 137
, 7
, 164
, 65
, 106
, 65
, 106
, 69
, 102
, 56
, 115
, 113
, 58
, 128
, 43
, 70
, 101
, 128
, 43
, 71
, 100
, 42
, 129
, 53
, 118
, 43
, 128
, 3
, 168
, 137
, 34
, 120
, 51
, 134
, 37
, 64
, 107
, 65
, 106
, 159
, 12
, 93
, 78
, 57
, 114
, 44
, 127
, 156
, 15
, 77
, 94
, 77
, 94
, 56
, 115
, 126
, 45
, 16
, 155
, 128
, 43
, 144
, 27
, 76
, 95
, 156
, 15
, 113
, 58
, 166
, 5
, 5
, 166
, 22
, 149
, 161
, 10
, 100
, 71
, 56
, 115
, 64
, 107
, 102
, 69
, 151
, 20
, 96
, 75
, 12
, 159
, 82
, 89
, 65
, 106
, 33
, 138
, 114
, 57
, 128
, 43
, 149
, 22
, 159
, 12
, 138
, 33
, 108
, 63
, 132
, 39
, 99
, 72
, 167
, 4
, 132
, 39
, 165
, 6
, 78
, 93
, 19
, 152
, 44
, 127
, 60
, 111
, 73
, 98
, 58
, 113
, 80
, 91
, 29
, 142
, 153
, 18
, 31
, 140
, 129
, 42
, 142
, 29
, 160
, 11
, 145
, 26
, 36
, 135
, 69
, 102
, 99
, 72
, 37
, 134
, 89
, 82
, 98
, 73
, 15
, 156
, 101
, 70
, 155
, 16
, 141
, 30
, 140
, 31
, 52
, 119
, 89
, 82
, 60
, 111
, 13
, 158
, 55
, 116
, 143
, 28
, 31
, 140
, 5
, 166
, 43
, 128
, 153
, 18
, 104
, 67
, 30
, 141
, 147
, 24
, 86
, 85
, 22
, 149
, 85
, 86
, 27
, 144
, 146
, 25
, 90
, 81
, 54
, 117
, 74
, 97
, 95
, 76
, 80
, 91
, 19
, 152
, 39
, 132
, 127
, 44
, 99
, 72
, 50
, 121
, 110
, 61
, 157
, 14
, 115
, 56
, 152
, 19
, 5
, 166
, 49
, 122
, 127
, 44
, 100
, 71
, 80
, 91
, 88
, 83
, 59
, 112
, 145
, 26
, 39
, 132
, 30
, 141
, 75
, 96
, 33
, 138
, 132
, 39
, 115
, 56
, 125
, 46
, 132
, 39
, 99
, 72
, 5
, 166
, 144
, 27
, 141
, 30
, 72
, 99
, 109
, 62
, 59
, 112
, 149
, 22
, 33
, 138
, 99
, 72
, 73
, 98
, 168
, 3
, 144
, 27
, 40
, 131
, 163
, 8
, 127
, 44
, 91
, 80
, 68
, 103
, 74
, 97
, 20
, 151
, 154
, 17
, 6
, 165
, 95
, 76
, 82
, 89
, 30
, 141
, 30
, 141
, 95
, 76
, 152
, 19
, 55
, 116
, 131
, 40
, 116
, 55
, 14
, 157
, 52
, 119
, 169
, 2
, 87
, 84
, 157
, 14
, 142
, 29
, 86
, 85
, 12
, 159
, 51
, 120
, 12
, 159
, 156
, 15
, 139
, 32
, 24
, 147
, 61
, 110
, 19
, 152
, 44
, 127
, 66
, 105
, 127
, 44
, 56
, 115
, 105
, 66
, 163
, 8
, 111
, 60
, 56
, 115
, 87
, 84
, 168
, 3
, 109
, 62
, 154
, 17
, 63
, 108
, 44
, 127
, 47
, 124
, 74
, 97
, 57
, 114
, 160
, 11
, 40
, 131
, 124
, 47
, 169
, 2
, 164
, 7
, 84
, 87
, 33
, 138
, 137
, 34
, 72
, 99
, 13
, 158
, 9
, 162
, 41
, 130
, 81
, 90
, 95
, 76
, 23
, 148
, 161
, 10
, 87
, 84
, 151
, 20
, 92
, 79
, 37
, 134
, 74
, 97
, 131
, 40
, 9
, 162
, 40
, 131
, 89
, 82
, 125
, 46
, 80
, 91
, 103
, 68
, 5
, 166
, 117
, 54
, 82
, 89
, 37
, 134
, 120
, 51
, 31
, 140
, 11
, 160
, 103
, 68
, 16
, 155
, 145
, 26
, 167
, 4
, 94
, 77
, 142
, 29
, 63
, 108
, 142
, 29
, 142
, 29
, 144
, 27
, 22
, 149
, 169
, 2
, 67
, 104
, 74
, 97
, 10
, 161
, 85
, 86
, 20
, 151
, 118
, 53
, 131
, 40
, 95
, 76
, 56
, 115
, 166
, 5
, 158
, 13
, 30
, 141
, 112
, 59
, 120
, 51
, 16
, 155
, 143
, 28
, 115
, 56
, 28
, 143
, 121
, 50
, 167
, 4
, 94
, 77
, 120
, 51
, 17
, 154
, 81
, 90
, 45
, 126
, 120
, 51
, 35
, 136
, 136
, 35
, 33
, 138
, 76
, 95
, 88
, 83
, 62
, 109
, 154
, 17
, 31
, 140
, 65
, 106
, 145
, 26
, 139
, 32
, 7
, 164
, 116
, 55
, 114
, 57
, 57
, 114
, 127
, 44
, 133
, 38
, 119
, 52
, 158
, 13
, 48
, 123
, 126
, 45
, 45
, 126
, 29
, 142
, 26
, 145
, 126
, 45
, 42
, 129
, 167
, 4
, 122
, 49
, 51
, 120
, 164
, 7
, 47
, 124
, 104
, 67
, 122
, 49
, 161
, 10
, 93
, 78
, 41
, 130
, 69
, 102
, 128
, 43
, 13
, 158
, 77
, 94
, 133
, 38
, 27
, 144
, 1
, 170
, 126
, 45
, 142
, 29
, 68
, 103
, 92
, 79
, 81
, 90
, 169
, 2
, 100
, 71
, 158
, 13
, 90
, 81
, 157
, 14
, 77
, 94
, 51
, 120
, 134
, 37
, 51
, 120
, 74
, 97
, 118
, 53
, 5
, 166
, 145
, 26
, 112
, 59
, 54
, 117
, 90
, 81
, 5
, 166
, 45
, 126
, 155
, 16
, 20
, 151
, 76
, 95
, 38
, 133
, 163
, 8
, 109
, 62
, 6
, 165
, 91
, 80
, 2
, 169
, 117
, 54
, 150
, 21
, 53
, 118
, 130
, 41
, 45
, 126
, 93
, 78
, 1
, 170
, 46
, 125
, 132
, 39
, 167
, 4
, 66
, 105
, 90
, 81
, 142
, 29
, 144
, 27
, 158
, 13
, 53
, 118
, 39
, 132
, 87
, 84
, 131
, 40
, 25
, 146
, 61
, 110
, 115
, 56
, 58
, 113
, 63
, 108
, 25
, 146
, 107
, 64
, 15
, 156
, 106
, 65
, 74
, 97
, 120
, 51
, 57
, 114
, 60
, 111
, 141
, 30
, 162
, 9
, 85
, 86
, 65
, 106
, 59
, 112
, 7
, 164
, 106
, 65
, 10
, 161
, 152
, 19
, 94
, 77
, 145
, 26
, 157
, 14
, 116
, 55
, 163
, 8
, 157
, 14
, 39
, 132
, 5
, 166
, 86
, 85
, 129
, 42
, 18
, 153
, 140
, 31
, 21
, 150
, 85
, 86
, 79
, 92
, 93
, 78
, 56
, 115
, 33
, 138
, 10
, 161
, 46
, 125
, 128
, 43
, 64
, 107
, 13
, 158
, 147
, 24
, 109
, 62
, 150
, 21
, 101
, 70
, 49
, 122
, 149
, 22
, 123
, 48
, 44
, 127
, 18
, 153
, 36
, 135
, 63
, 108
, 31
, 140
, 119
, 52
, 91
, 80
, 115
, 56
, 25
, 146
, 167
, 4
, 69
, 102
, 94
, 77
, 152
, 19
, 139
, 32
, 139
, 32
, 37
, 134
, 156
, 15
, 33
, 138
, 106
, 65
, 13
, 158
, 152
, 19
, 12
, 159
, 160
, 11
, 122
, 49
, 24
, 147
, 42
, 129
, 99
, 72
, 131
, 40
, 116
, 55
, 124
, 47
, 7
, 164
, 112
, 59
, 64
, 107
, 166
, 5
, 145
, 26
, 22
, 149
, 3
, 168
, 51
, 120
, 64
, 107
, 136
, 35
, 130
, 41
, 58
, 113
, 162
, 9
, 146
, 25
, 21
, 150
, 148
, 23
, 111
, 60
, 146
, 25
, 160
, 11
, 72
, 99
, 137
, 34
, 93
, 78
, 142
, 29
, 164
, 7
, 116
, 55
, 99
, 72
, 152
, 19
, 56
, 115
, 39
, 132
, 118
, 53
, 139
, 32
, 6
, 165
, 122
, 49
, 46
, 125
, 34
, 137
, 22
, 149
, 56
, 115
, 107
, 64
, 158
, 13
, 112
, 59
, 3
, 168
, 65
, 106
, 2
, 169
, 157
, 14
, 44
, 127
, 95
, 76
, 11
, 160
, 65
, 106
, 20
, 151
, 135
, 36
, 147
, 24
, 157
, 14
, 105
, 66
, 50
, 121
, 77
, 94
, 153
, 18
, 162
, 9
, 131
, 40
, 95
, 76
, 135
, 36
, 47
, 124
, 115
, 56
, 59
, 112
, 67
, 104
, 68
, 103
, 107
, 64
, 68
, 103
, 4
, 167
, 76
, 95
, 57
, 114
, 25
, 146
, 45
, 126
, 99
, 72
, 93
, 78
, 9
, 162
, 46
, 125
, 63
, 108
, 47
, 124
, 143
, 28
, 6
, 165
, 157
, 14
, 119
, 52
, 16
, 155
, 29
, 142
, 150
, 21
, 6
, 165
, 161
, 10
, 104
, 67
, 44
, 127
, 151
, 20
, 143
, 28
, 129
, 42
, 5
, 166
, 14
, 157
, 156
, 15
, 46
, 125
, 137
, 34
, 78
, 93
, 121
, 50
, 102
, 69
, 21
, 150
, 39
, 132
, 98
, 73
, 10
, 161
, 71
, 100
, 52
, 119
, 69
, 102
, 102
, 69
, 153
, 18
, 107
, 64
, 19
, 152
, 60
, 111
, 165
, 6
, 42
, 129
, 134
, 37
, 122
, 49
, 58
, 113
, 108
, 63
, 30
, 141
, 23
, 148
, 147
, 24
, 154
, 17
, 167
, 4
, 74
, 97
, 76
, 95
, 86
, 85
, 50
, 121
, 154
, 17
, 27
, 144
, 4
, 167
, 127
, 44
, 74
, 97
, 54
, 117
, 161
, 10
, 123
, 48
, 56
, 115
, 94
, 77
, 5
, 166
, 142
, 29
, 83
, 88
, 74
, 97
, 98
, 73
, 35
, 136
, 70
, 101
, 19
, 152
, 92
, 79
, 46
, 125
, 63
, 108
, 86
, 85
, 84
, 87
, 91
, 80
, 114
, 57
, 12
, 159
, 104
, 67
, 96
, 75
, 59
, 112
, 60
, 111
, 70
, 101
, 27
, 144
, 86
, 85
, 41
, 130
, 55
, 116
, 60
, 111
, 10
, 161
, 62
, 109
, 148
, 23
, 25
, 146
, 77
, 94
, 134
, 37
, 71
, 100
, 44
, 127
, 129
, 42
, 16
, 155
, 27
, 144
, 168
, 3
, 66
, 105
, 123
, 48
, 61
, 110
, 95
, 76
, 10
, 161
, 51
, 120
, 122
, 49
, 57
, 114
, 27
, 144
, 35
, 136
, 89
, 82
, 43
, 128
, 163
, 8
, 36
, 135
, 128
, 43
, 46
, 125
, 43
, 128
, 56
, 115
, 112
, 59
, 10
, 161
, 91
, 80
, 29
, 142
, 35
, 136
, 139
, 32
, 166
, 5
, 140
, 31
, 144
, 27
, 31
, 140
, 119
, 52
, 168
, 3
, 60
, 111
, 164
, 7
, 157
, 14
, 2
, 169
, 19
, 152
, 41
, 130
, 15
, 156
, 114
, 57
, 26
, 145
, 36
, 135
, 71
, 100
, 166
, 5
, 72
, 99
, 65
, 106
, 91
, 80
, 67
, 104
, 9
, 162
, 67
, 104
, 98
, 73
, 51
, 120
, 14
, 157
, 67
, 104
, 81
, 90
, 155
, 16
, 166
, 5
, 6
, 165
, 64
, 107
, 78
, 93
, 37
, 134
, 38
, 133
, 86
, 85
, 123
, 48
, 2
, 169
, 33
, 138
, 6
, 165
, 131
, 40
, 58
, 113
, 157
, 14
, 127
, 44
, 153
, 18
, 133
, 38
, 119
, 52
, 53
, 118
, 93
, 78
, 49
, 122
, 104
, 67
, 99
, 72
, 158
, 13
, 135
, 36
, 137
, 34
, 24
, 147
, 85
, 86
, 65
, 106
, 134
, 37
, 159
, 12
, 162
, 9
, 89
, 82
, 91
, 80
, 2
, 169
, 97
, 74
, 29
, 142
, 31
, 140
, 145
, 26
, 47
, 124
, 121
, 50
, 99
, 72
, 26
, 145
, 142
, 29
, 90
, 81
, 90
, 81
, 59
, 112
, 140
, 31
, 152
, 19
, 97
, 74
, 110
, 61
, 118
, 53
, 126
, 45
, 152
, 19
, 124
, 47
, 7
, 164
, 149
, 22
, 142
, 29
, 151
, 20
, 44
, 127
, 154
, 17
, 61
, 110
, 88
, 83
, 123
, 48
, 120
, 51
, 75
, 96
, 66
, 105
, 24
, 147
, 111
, 60
, 133
, 38
, 70
, 101
, 168
, 3
, 62
, 109
, 13
, 158
, 67
, 104
, 98
, 73
, 135
, 36
, 17
, 154
, 88
, 83
, 65
, 106
, 90
, 81
, 80
, 91
, 29
, 142
, 9
, 162
, 28
, 143
, 16
, 155
, 169
, 2
, 52
, 119
, 72
, 99
, 7
, 164
, 3
, 168
, 163
, 8
, 92
, 79
, 64
, 107
, 46
, 125
, 78
, 93
, 88
, 83
, 29
, 142
, 83
, 88
, 101
, 70
, 109
, 62
, 157
, 14
, 149
, 22
, 119
, 52
, 150
, 21
, 62
, 109
, 3
, 168
, 133
, 38
, 48
, 123
, 148
, 23
, 92
, 79
, 71
, 100
, 101
, 70
, 19
, 152
, 24
, 147
, 26
, 145
, 23
, 148
, 71
, 100
, 138
, 33
, 77
, 94
, 70
, 101
, 152
, 19
, 17
, 154
, 65
, 106
, 27
, 144
, 154
, 17
, 50
, 121
, 149
, 22
, 29
, 142
, 132
, 39
, 87
, 84
, 3
, 168
, 137
, 34
, 165
, 6
, 52
, 119
, 168
, 3
, 35
, 136
, 136
, 35
, 76
, 95
, 34
, 137
, 74
, 97
, 53
, 118
, 106
, 65
, 151
, 20
, 38
, 133
, 18
, 153
, 130
, 41
, 136
, 35
, 88
, 83
, 3
, 168
, 35
, 136
, 71
, 100
, 5
, 166
, 105
, 66
, 9
, 162
, 158
, 13
, 83
, 88
, 65
, 106
, 133
, 38
, 144
, 27
, 58
, 113
, 136
, 35
, 157
, 14
, 7
, 164
, 146
, 25
, 131
, 40
, 12
, 159
, 13
, 158
, 82
, 89
, 141
, 30
, 31
, 140
, 152
, 19
, 66
, 105
, 60
, 111
, 135
, 36
, 112
, 59
, 91
, 80
, 21
, 150
, 79
, 92
, 90
, 81
, 139
, 32
, 50
, 121
, 90
, 81
, 80
, 91
, 144
, 27
, 13
, 158
, 103
, 68
, 60
, 111
, 100
, 71
, 165
, 6
, 15
, 156
, 151
, 20
, 16
, 155
, 60
, 111
, 33
, 138
, 24
, 147
, 117
, 54
, 34
, 137
, 134
, 37
, 124
, 47
, 164
, 7
, 99
, 72
, 20
, 151
, 47
, 124
, 83
, 88
, 81
, 90
, 166
, 5
, 18
, 153
, 40
, 131
, 138
, 33
, 144
, 27
, 6
, 165
, 24
, 147
, 37
, 134
, 112
, 59
, 72
, 99
, 101
, 70
, 83
, 88
, 70
, 101
, 19
, 152
, 51
, 120
, 54
, 117
, 168
, 3
, 120
, 51
, 111
, 60
, 113
, 58
, 62
, 109
, 72
, 99
, 99
, 72
, 145
, 26
, 62
, 109
, 163
, 8
, 157
, 14
, 30
, 141
, 16
, 155
, 96
, 75
, 62
, 109
, 91
, 80
, 26
, 145
, 113
, 58
, 32
, 139
, 5
, 166
, 6
, 165
, 112
, 59
, 52
, 119
, 100
, 71
, 155
, 16
, 129
, 42
, 56
, 115
, 32
, 139
, 21
, 150
, 106
, 65
, 145
, 26
, 148
, 23
, 71
, 100
, 97
, 74
, 42
, 129
, 115
, 56
, 9
, 162
, 152
, 19
, 18
, 153
, 53
, 118
, 118
, 53
, 15
, 156
, 20
, 151
, 158
, 13
, 79
, 92
, 27
, 144
, 112
, 59
, 42
, 129
, 50
, 121
, 36
, 135
, 140
, 31
, 90
, 81
, 38
, 133
, 26
, 145
, 4
, 167
, 126
, 45
, 24
, 147
, 21
, 150
, 15
, 156
, 34
, 137
, 8
, 163
, 105
, 66
, 103
, 68
, 79
, 92
, 27
, 144
, 22
, 149
, 1
, 170
, 16
, 155
, 78
, 93
, 66
, 105
, 87
, 84
, 140
, 31
, 77
, 94
, 87
, 84
, 166
, 5
, 18
, 153
, 30
, 141
, 62
, 109
, 86
, 85
, 34
, 137
, 138
, 33
, 109
, 62
, 121
, 50
, 160
, 11
, 156
, 15
, 93
, 78
, 50
, 121
, 105
, 66
, 82
, 89
, 42
, 129
, 53
, 118
, 10
, 161
, 27
, 144
, 100
, 71
, 123
, 48
, 64
, 107
, 11
, 160
, 11
, 160
, 43
, 128
, 10
, 161
, 91
, 80
, 90
, 81
, 163
, 8
, 70
, 101
, 60
, 111
, 99
, 72
, 159
, 12
, 39
, 132
, 103
, 68
, 78
, 93
, 97
, 74
, 5
, 166
, 57
, 114
, 134
, 37
, 121
, 50
, 69
, 102
, 29
, 142
, 153
, 18
, 109
, 62
, 64
, 107
, 121
, 50
, 149
, 22
, 155
, 16
, 32
, 139
, 130
, 41
, 133
, 38
, 154
, 17
, 69
, 102
, 153
, 18
, 58
, 113
, 121
, 50
, 150
, 21
, 31
, 140
, 117
, 54
, 135
, 36
, 124
, 47
, 39
, 132
, 115
, 56
, 156
, 15
, 104
, 67
, 121
, 50
, 78
, 93
, 145
, 26
, 85
, 86
, 39
, 132
, 45
, 126
, 112
, 59
, 136
, 35
, 160
, 11
, 22
, 149
, 110
, 61
, 88
, 83
, 108
, 63
, 74
, 97
, 98
, 73
, 51
, 120
, 26
, 145
, 14
, 157
, 59
, 112
, 135
, 36
, 94
, 77
, 56
, 115
, 147
, 24
, 123
, 48
, 108
, 63
, 144
, 27
, 98
, 73
, 5
, 166
, 144
, 27
, 106
, 65
, 39
, 132
, 147
, 24
, 107
, 64
, 153
, 18
, 149
, 22
, 53
, 118
, 18
, 153
, 29
, 142
, 99
, 72
, 123
, 48
, 112
, 59
, 71
, 100
, 41
, 130
, 83
, 88
, 122
, 49
, 38
, 133
, 80
, 91
, 73
, 98
, 32
, 139
, 72
, 99
, 87
, 84
, 148
, 23
, 103
, 68
, 159
, 12
, 117
, 54
, 145
, 26
, 4
, 167
, 161
, 10
, 26
, 145
, 94
, 77
, 48
, 123
, 160
, 11
, 63
, 108
, 14
, 157
, 107
, 64
, 57
, 114
, 156
, 15
, 14
, 157
, 6
, 165
, 56
, 115
, 3
, 168
, 21
, 150
, 101
, 70
, 40
, 131
, 59
, 112
, 20
, 151
, 29
, 142
, 82
, 89
, 113
, 58
, 104
, 67
, 26
, 145
, 54
, 117
, 119
, 52
, 142
, 29
, 54
, 117
, 2
, 169
, 3
, 168
, 38
, 133
, 60
, 111
, 4
, 167
, 148
, 23
, 106
, 65
, 50
, 121
, 58
, 113
, 142
, 29
, 126
, 45
, 115
, 56
, 166
, 5
, 115
, 56
, 87
, 84
, 31
, 140
, 3
, 168
, 75
, 96
, 50
, 121
, 93
, 78
, 70
, 101
, 50
, 121
, 128
, 43
, 168
, 3
, 124
, 47
, 117
, 54
, 92
, 79
, 110
, 61
, 13
, 158
, 10
, 161
, 146
, 25
, 24
, 147
, 5
, 166
, 73
, 98
, 144
, 27
, 41
, 130
, 105
, 66
, 156
, 15
, 116
, 55
, 169
, 2
, 9
, 162
, 8
, 163
, 152
, 19
, 125
, 46
, 164
, 7
, 2
, 169
, 142
, 29
, 52
, 119
, 157
, 14
, 65
, 106
, 24
, 147
, 41
, 130
, 56
, 115
, 23
, 148
, 131
, 40
, 10
, 161
, 139
, 32
, 134
, 37
, 132
, 39
, 54
, 117
, 82
, 89
, 50
, 121
, 102
, 69
, 99
, 72
, 12
, 159
, 144
, 27
, 47
, 124
, 8
, 163
, 113
, 58
, 50
, 121
, 23
, 148
, 165
, 6
, 78
, 93
, 159
, 12
, 127
, 44
, 30
, 141
, 57
, 114
, 6
, 165
, 63
, 108
, 59
, 112
, 166
, 5
, 22
, 149
, 123
, 48
, 67
, 104
, 149
, 22
, 117
, 54
, 165
, 6
, 18
, 153
, 112
, 59
, 3
, 168
, 122
, 49
, 133
, 38
, 45
, 126
, 153
, 18
, 76
, 95
, 63
, 108
, 56
, 115
, 86
, 85
, 100
, 71
, 58
, 113
, 136
, 35
, 129
, 42
, 27
, 144
, 160
, 11
, 44
, 127
, 10
, 161
, 4
, 167
, 24
, 147
, 33
, 138
, 166
, 5
, 155
, 16
, 87
, 84
, 159
, 12
, 35
, 136
, 70
, 101
, 98
, 73
, 159
, 12
, 78
, 93
, 95
, 76
, 112
, 59
, 126
, 45
, 66
, 105
, 20
, 151
, 156
, 15
, 103
, 68
, 93
, 78
, 76
, 95
, 34
, 137
, 143
, 28
, 55
, 116
, 102
, 69
, 101
, 70
, 132
, 39
, 10
, 161
, 36
, 135
, 51
, 120
, 10
, 161
, 116
, 55
, 16
, 155
, 120
, 51
, 163
, 8
, 151
, 20
, 169
, 2
, 134
, 37
, 28
, 143
, 101
, 70
, 139
, 32
, 42
, 129
, 24
, 147
, 76
, 95
, 161
, 10
, 134
, 37
, 154
, 17
, 94
, 77
, 154
, 17
, 129
, 42
, 69
, 102
, 11
, 160
, 115
, 56
, 123
, 48
, 152
, 19
, 78
, 93
, 110
, 61
, 115
, 56
, 44
, 127
, 42
, 129
, 25
, 146
, 18
, 153
, 160
, 11
, 148
, 23
, 148
, 23
, 156
, 15
, 4
, 167
, 19
, 152
, 164
, 7
, 87
, 84
, 80
, 91
, 79
, 92
, 159
, 12
, 65
, 106
, 67
, 104
, 52
, 119
, 89
, 82
, 69
, 102
, 141
, 30
, 25
, 146
, 76
, 95
, 127
, 44
, 15
, 156
, 150
, 21
, 119
, 52
, 167
, 4
, 133
, 38
, 165
, 6
, 77
, 94
, 138
, 33
, 82
, 89
, 75
, 96
, 128
, 43
, 43
, 128
, 89
, 82
, 109
, 62
, 97
, 74
, 22
, 149
, 95
, 76
, 36
, 135
, 158
, 13
, 86
, 85
, 11
, 160
, 2
, 169
, 2
, 169
, 87
, 84
, 100
, 71
, 69
, 102
, 28
, 143
, 54
, 117
, 64
, 107
, 59
, 112
, 18
, 153
, 114
, 57
, 59
, 112
, 22
, 149
, 169
, 2
, 9
, 162
, 1
, 170
, 112
, 59
, 3
, 168
, 113
, 58
, 153
, 18
, 126
, 45
, 44
, 127
, 62
, 109
, 159
, 12
, 135
, 36
, 81
, 90
, 92
, 79
, 102
, 69
, 78
, 93
, 17
, 154
, 48
, 123
, 60
, 111
, 25
, 146
, 11
, 160
, 37
, 134
, 6
, 165
, 45
, 126
, 3
, 168
, 74
, 97
, 47
, 124
, 138
, 33
, 151
, 20
, 32
, 139
, 164
, 7
, 43
, 128
, 167
, 4
, 13
, 158
, 100
, 71
, 131
, 40
, 48
, 123
, 2
, 169
, 84
, 87
, 83
, 88
, 61
, 110
, 8
, 163
, 119
, 52
, 19
, 152
, 11
, 160
, 97
, 74
, 36
, 135
, 59
, 112
, 113
, 58
, 17
, 154
, 65
, 106
, 167
, 4
, 134
, 37
, 46
, 125
, 56
, 115
, 7
, 164
, 100
, 71
, 66
, 105
, 23
, 148
, 58
, 113
, 110
, 61
, 59
, 112
, 119
, 52
, 156
, 15
, 29
, 142
, 11
, 160
, 87
, 84
, 43
, 128
, 135
, 36
, 38
, 133
, 53
, 118
, 22
, 149
, 101
, 70
, 95
, 76
, 58
, 113
, 144
, 27
, 86
, 85
, 120
, 51
, 131
, 40
, 4
, 167
, 67
, 104
, 45
, 126
, 84
, 87
, 20
, 151
, 66
, 105
, 148
, 23
, 102
, 69
, 125
, 46
, 163
, 8
, 133
, 38
, 113
, 58
, 75
, 96
, 10
, 161
, 22
, 149
, 142
, 29
, 147
, 24
, 161
, 10
, 99
, 72
, 137
, 34
, 111
, 60
, 29
, 142
, 12
, 159
, 13
, 158
, 123
, 48
, 44
, 127
, 121
, 50
, 2
, 169
, 133
, 38
, 5
, 166
, 1
, 170
, 72
, 99
, 103
, 68
, 130
, 41
, 164
, 7
, 56
, 115
, 35
, 136
, 129
, 42
, 78
, 93
, 22
, 149
, 84
, 87
, 167
, 4
, 1
, 170
, 113
, 58
, 97
, 74
, 149
, 22
