
2160
, 90
, 84
, 115
, 59
, 61
, 113
, 53
, 121
, 78
, 96
, 10
, 164
, 109
, 65
, 79
, 95
, 155
, 19
, 17
, 157
, 136
, 38
, 92
, 82
, 168
, 6
, 141
, 33
, 104
, 70
, 118
, 56
, 69
, 105
, 38
, 136
, 87
, 87
, 71
, 103
, 101
, 73
, 52
, 122
, 71
, 103
, 158
, 16
, 155
, 19
, 138
, 36
, 32
, 142
, 8
, 166
, 85
, 89
, 37
, 137
, 86
, 88
, 92
, 82
, 25
, 149
, 15
, 159
, 78
, 96
, 71
, 103
, 97
, 77
, 55
, 119
, 129
, 45
, 33
, 141
, 165
, 9
, 3
, 171
, 26
, 148
, 84
, 90
, 63
, 111
, 52
, 122
, 87
, 87
, 21
, 153
, 76
, 98
, 16
, 158
, 39
, 135
, 11
, 163
, 160
, 14
, 169
, 5
, 62
, 112
, 92
, 82
, 116
, 58
, 170
, 4
, 80
, 94
, 33
, 141
, 81
, 93
, 126
, 48
, 86
, 88
, 27
, 147
, 65
, 109
, 83
, 91
, 107
, 67
, 117
, 57
, 167
, 7
, 157
, 17
, 141
, 33
, 156
, 18
, 138
, 36
, 161
, 13
, 69
, 105
, 151
, 23
, 117
, 57
, 28
, 146
, 147
, 27
, 7
, 167
, 110
, 64
, 79
, 95
, 34
, 140
, 34
, 140
, 12
, 162
, 135
, 39
, 126
, 48
, 77
, 97
, 163
, 11
, 140
, 34
, 95
, 79
, 96
, 78
, 59
, 115
, 118
, 56
, 40
, 134
, 94
, 80
, 30
, 144
, 129
, 45
, 166
, 8
, 19
, 155
, 48
, 126
, 72
, 102
, 36
, 138
, 94
, 80
, 40
, 134
, 76
, 98
, 146
, 28
, 160
, 14
, 48
, 126
, 87
, 87
, 13
, 161
, 31
, 143
, 69
, 105
, 86
, 88
, 6
, 168
, 84
, 90
, 35
, 139
, 60
, 114
, 69
, 105
, 115
, 59
, 106
, 68
, 6
, 168
, 55
, 119
, 108
, 66
, 106
, 68
, 59
, 115
, 1
, 173
, 1
, 173
, 83
, 91
, 89
, 85
, 108
, 66
, 86
, 88
, 151
, 23
, 61
, 113
, 109
, 65
, 84
, 90
, 87
, 87
, 21
, 153
, 66
, 108
, 170
, 4
, 28
, 146
, 3
, 171
, 9
, 165
, 82
, 92
, 110
, 64
, 168
, 6
, 8
, 166
, 65
, 109
, 109
, 65
, 115
, 59
, 157
, 17
, 3
, 171
, 121
, 53
, 25
, 149
, 144
, 30
, 124
, 50
, 158
, 16
, 104
, 70
, 21
, 153
, 14
, 160
, 9
, 165
, 168
, 6
, 32
, 142
, 45
, 129
, 42
, 132
, 102
, 72
, 169
, 5
, 114
, 60
, 48
, 126
, 133
, 41
, 145
, 29
, 29
, 145
, 27
, 147
, 8
, 166
, 154
, 20
, 120
, 54
, 37
, 137
, 23
, 151
, 171
, 3
, 166
, 8
, 42
, 132
, 56
, 118
, 125
, 49
, 140
, 34
, 55
, 119
, 89
, 85
, 124
, 50
, 146
, 28
, 37
, 137
, 160
, 14
, 126
, 48
, 60
, 114
, 51
, 123
, 127
, 47
, 142
, 32
, 93
, 81
, 148
, 26
, 92
, 82
, 123
, 51
, 80
, 94
, 96
, 78
, 52
, 122
, 58
, 116
, 161
, 13
, 160
, 14
, 131
, 43
, 26
, 148
, 26
, 148
, 159
, 15
, 100
, 74
, 160
, 14
, 105
, 69
, 25
, 149
, 58
, 116
, 23
, 151
, 16
, 158
, 87
, 87
, 105
, 69
, 48
, 126
, 125
, 49
, 155
, 19
, 5
, 169
, 171
, 3
, 158
, 16
, 164
, 10
, 79
, 95
, 116
, 58
, 119
, 55
, 76
, 98
, 139
, 35
, 46
, 128
, 41
, 133
, 110
, 64
, 77
, 97
, 78
, 96
, 167
, 7
, 117
, 57
, 83
, 91
, 116
, 58
, 32
, 142
, 4
, 170
, 78
, 96
, 8
, 166
, 140
, 34
, 135
, 39
, 30
, 144
, 10
, 164
, 4
, 170
, 4
, 170
, 114
, 60
, 92
, 82
, 170
, 4
, 149
, 25
, 94
, 80
, 134
, 40
, 153
, 21
, 87
, 87
, 17
, 157
, 17
, 157
, 110
, 64
, 27
, 147
, 171
, 3
, 139
, 35
, 87
, 87
, 60
, 114
, 24
, 150
, 106
, 68
, 70
, 104
, 14
, 160
, 102
, 72
, 6
, 168
, 96
, 78
, 132
, 42
, 23
, 151
, 149
, 25
, 27
, 147
, 161
, 13
, 17
, 157
, 144
, 30
, 17
, 157
, 123
, 51
, 141
, 33
, 45
, 129
, 43
, 131
, 63
, 111
, 123
, 51
, 42
, 132
, 106
, 68
, 22
, 152
, 70
, 104
, 74
, 100
, 7
, 167
, 10
, 164
, 40
, 134
, 1
, 173
, 161
, 13
, 28
, 146
, 91
, 83
, 148
, 26
, 140
, 34
, 38
, 136
, 112
, 62
, 136
, 38
, 110
, 64
, 152
, 22
, 105
, 69
, 75
, 99
, 127
, 47
, 82
, 92
, 159
, 15
, 75
, 99
, 51
, 123
, 152
, 22
, 81
, 93
, 69
, 105
, 108
, 66
, 32
, 142
, 110
, 64
, 148
, 26
, 84
, 90
, 145
, 29
, 172
, 2
, 100
, 74
, 84
, 90
, 165
, 9
, 170
, 4
, 38
, 136
, 34
, 140
, 113
, 61
, 127
, 47
, 108
, 66
, 130
, 44
, 147
, 27
, 167
, 7
, 141
, 33
, 32
, 142
, 94
, 80
, 76
, 98
, 13
, 161
, 30
, 144
, 124
, 50
, 88
, 86
, 23
, 151
, 152
, 22
, 46
, 128
, 94
, 80
, 5
, 169
, 29
, 145
, 117
, 57
, 16
, 158
, 137
, 37
, 41
, 133
, 5
, 169
, 3
, 171
, 61
, 113
, 165
, 9
, 15
, 159
, 134
, 40
, 154
, 20
, 106
, 68
, 160
, 14
, 42
, 132
, 25
, 149
, 39
, 135
, 164
, 10
, 29
, 145
, 37
, 137
, 68
, 106
, 120
, 54
, 70
, 104
, 154
, 20
, 13
, 161
, 5
, 169
, 135
, 39
, 19
, 155
, 119
, 55
, 48
, 126
, 149
, 25
, 35
, 139
, 138
, 36
, 86
, 88
, 153
, 21
, 38
, 136
, 41
, 133
, 142
, 32
, 72
, 102
, 19
, 155
, 163
, 11
, 160
, 14
, 49
, 125
, 1
, 173
, 43
, 131
, 153
, 21
, 1
, 173
, 63
, 111
, 22
, 152
, 22
, 152
, 139
, 35
, 97
, 77
, 91
, 83
, 72
, 102
, 162
, 12
, 71
, 103
, 129
, 45
, 19
, 155
, 116
, 58
, 131
, 43
, 153
, 21
, 86
, 88
, 111
, 63
, 149
, 25
, 159
, 15
, 109
, 65
, 8
, 166
, 136
, 38
, 57
, 117
, 118
, 56
, 118
, 56
, 163
, 11
, 49
, 125
, 54
, 120
, 145
, 29
, 2
, 172
, 97
, 77
, 98
, 76
, 115
, 59
, 24
, 150
, 105
, 69
, 144
, 30
, 104
, 70
, 113
, 61
, 142
, 32
, 117
, 57
, 88
, 86
, 30
, 144
, 77
, 97
, 23
, 151
, 16
, 158
, 153
, 21
, 167
, 7
, 24
, 150
, 158
, 16
, 37
, 137
, 23
, 151
, 22
, 152
, 108
, 66
, 129
, 45
, 18
, 156
, 144
, 30
, 45
, 129
, 133
, 41
, 1
, 173
, 44
, 130
, 101
, 73
, 80
, 94
, 33
, 141
, 49
, 125
, 80
, 94
, 99
, 75
, 130
, 44
, 103
, 71
, 120
, 54
, 118
, 56
, 5
, 169
, 172
, 2
, 135
, 39
, 56
, 118
, 48
, 126
, 15
, 159
, 149
, 25
, 10
, 164
, 60
, 114
, 67
, 107
, 73
, 101
, 71
, 103
, 82
, 92
, 158
, 16
, 37
, 137
, 121
, 53
, 142
, 32
, 137
, 37
, 70
, 104
, 67
, 107
, 45
, 129
, 45
, 129
, 43
, 131
, 57
, 117
, 13
, 161
, 117
, 57
, 76
, 98
, 3
, 171
, 95
, 79
, 113
, 61
, 167
, 7
, 129
, 45
, 120
, 54
, 25
, 149
, 55
, 119
, 51
, 123
, 70
, 104
, 86
, 88
, 105
, 69
, 147
, 27
, 60
, 114
, 36
, 138
, 129
, 45
, 117
, 57
, 59
, 115
, 14
, 160
, 72
, 102
, 134
, 40
, 58
, 116
, 76
, 98
, 41
, 133
, 42
, 132
, 22
, 152
, 97
, 77
, 4
, 170
, 136
, 38
, 142
, 32
, 139
, 35
, 150
, 24
, 67
, 107
, 55
, 119
, 54
, 120
, 147
, 27
, 151
, 23
, 102
, 72
, 65
, 109
, 83
, 91
, 53
, 121
, 76
, 98
, 86
, 88
, 168
, 6
, 97
, 77
, 12
, 162
, 167
, 7
, 29
, 145
, 46
, 128
, 8
, 166
, 18
, 156
, 141
, 33
, 119
, 55
, 43
, 131
, 106
, 68
, 44
, 130
, 104
, 70
, 28
, 146
, 141
, 33
, 9
, 165
, 55
, 119
, 75
, 99
, 73
, 101
, 150
, 24
, 150
, 24
, 6
, 168
, 9
, 165
, 74
, 100
, 11
, 163
, 79
, 95
, 120
, 54
, 94
, 80
, 81
, 93
, 34
, 140
, 143
, 31
, 59
, 115
, 128
, 46
, 98
, 76
, 51
, 123
, 141
, 33
, 168
, 6
, 141
, 33
, 149
, 25
, 29
, 145
, 73
, 101
, 101
, 73
, 14
, 160
, 162
, 12
, 55
, 119
, 45
, 129
, 168
, 6
, 28
, 146
, 138
, 36
, 146
, 28
, 80
, 94
, 136
, 38
, 141
, 33
, 62
, 112
, 166
, 8
, 94
, 80
, 166
, 8
, 89
, 85
, 75
, 99
, 110
, 64
, 92
, 82
, 88
, 86
, 80
, 94
, 68
, 106
, 160
, 14
, 31
, 143
, 129
, 45
, 126
, 48
, 163
, 11
, 164
, 10
, 55
, 119
, 145
, 29
, 80
, 94
, 126
, 48
, 149
, 25
, 2
, 172
, 61
, 113
, 107
, 67
, 116
, 58
, 2
, 172
, 53
, 121
, 119
, 55
, 111
, 63
, 14
, 160
, 116
, 58
, 29
, 145
, 139
, 35
, 31
, 143
, 166
, 8
, 144
, 30
, 72
, 102
, 4
, 170
, 58
, 116
, 30
, 144
, 48
, 126
, 75
, 99
, 43
, 131
, 13
, 161
, 141
, 33
, 138
, 36
, 138
, 36
, 35
, 139
, 66
, 108
, 104
, 70
, 155
, 19
, 15
, 159
, 7
, 167
, 75
, 99
, 94
, 80
, 110
, 64
, 6
, 168
, 172
, 2
, 165
, 9
, 138
, 36
, 110
, 64
, 149
, 25
, 140
, 34
, 121
, 53
, 77
, 97
, 103
, 71
, 73
, 101
, 137
, 37
, 107
, 67
, 16
, 158
, 69
, 105
, 114
, 60
, 64
, 110
, 53
, 121
, 10
, 164
, 105
, 69
, 34
, 140
, 110
, 64
, 68
, 106
, 72
, 102
, 76
, 98
, 162
, 12
, 94
, 80
, 80
, 94
, 164
, 10
, 133
, 41
, 136
, 38
, 78
, 96
, 62
, 112
, 7
, 167
, 125
, 49
, 144
, 30
, 17
, 157
, 164
, 10
, 27
, 147
, 151
, 23
, 4
, 170
, 122
, 52
, 153
, 21
, 137
, 37
, 85
, 89
, 98
, 76
, 55
, 119
, 172
, 2
, 150
, 24
, 60
, 114
, 37
, 137
, 89
, 85
, 160
, 14
, 159
, 15
, 55
, 119
, 100
, 74
, 113
, 61
, 27
, 147
, 34
, 140
, 29
, 145
, 35
, 139
, 17
, 157
, 12
, 162
, 56
, 118
, 136
, 38
, 76
, 98
, 65
, 109
, 160
, 14
, 43
, 131
, 13
, 161
, 129
, 45
, 58
, 116
, 45
, 129
, 84
, 90
, 155
, 19
, 95
, 79
, 23
, 151
, 42
, 132
, 18
, 156
, 149
, 25
, 48
, 126
, 90
, 84
, 102
, 72
, 4
, 170
, 56
, 118
, 123
, 51
, 45
, 129
, 45
, 129
, 92
, 82
, 76
, 98
, 52
, 122
, 58
, 116
, 101
, 73
, 160
, 14
, 75
, 99
, 138
, 36
, 106
, 68
, 145
, 29
, 159
, 15
, 60
, 114
, 145
, 29
, 122
, 52
, 25
, 149
, 90
, 84
, 125
, 49
, 89
, 85
, 105
, 69
, 58
, 116
, 50
, 124
, 90
, 84
, 58
, 116
, 138
, 36
, 106
, 68
, 172
, 2
, 8
, 166
, 9
, 165
, 136
, 38
, 65
, 109
, 58
, 116
, 28
, 146
, 8
, 166
, 53
, 121
, 105
, 69
, 158
, 16
, 34
, 140
, 167
, 7
, 49
, 125
, 154
, 20
, 152
, 22
, 7
, 167
, 70
, 104
, 28
, 146
, 79
, 95
, 60
, 114
, 98
, 76
, 115
, 59
, 164
, 10
, 43
, 131
, 126
, 48
, 75
, 99
, 88
, 86
, 49
, 125
, 115
, 59
, 130
, 44
, 50
, 124
, 37
, 137
, 40
, 134
, 133
, 41
, 155
, 19
, 43
, 131
, 107
, 67
, 66
, 108
, 49
, 125
, 29
, 145
, 47
, 127
, 166
, 8
, 95
, 79
, 92
, 82
, 167
, 7
, 81
, 93
, 172
, 2
, 109
, 65
, 139
, 35
, 157
, 17
, 85
, 89
, 84
, 90
, 100
, 74
, 88
, 86
, 13
, 161
, 79
, 95
, 82
, 92
, 19
, 155
, 36
, 138
, 4
, 170
, 74
, 100
, 121
, 53
, 159
, 15
, 51
, 123
, 63
, 111
, 2
, 172
, 25
, 149
, 148
, 26
, 131
, 43
, 48
, 126
, 171
, 3
, 13
, 161
, 74
, 100
, 14
, 160
, 94
, 80
, 3
, 171
, 106
, 68
, 120
, 54
, 104
, 70
, 48
, 126
, 42
, 132
, 148
, 26
, 20
, 154
, 84
, 90
, 55
, 119
, 87
, 87
, 68
, 106
, 91
, 83
, 152
, 22
, 4
, 170
, 99
, 75
, 72
, 102
, 9
, 165
, 130
, 44
, 21
, 153
, 98
, 76
, 160
, 14
, 106
, 68
, 85
, 89
, 135
, 39
, 9
, 165
, 128
, 46
, 171
, 3
, 27
, 147
, 106
, 68
, 153
, 21
, 11
, 163
, 22
, 152
, 150
, 24
, 153
, 21
, 160
, 14
, 3
, 171
, 6
, 168
, 133
, 41
, 119
, 55
, 70
, 104
, 47
, 127
, 23
, 151
, 107
, 67
, 24
, 150
, 93
, 81
, 30
, 144
, 158
, 16
, 77
, 97
, 132
, 42
, 58
, 116
, 138
, 36
, 91
, 83
, 98
, 76
, 49
, 125
, 116
, 58
, 93
, 81
, 52
, 122
, 10
, 164
, 130
, 44
, 69
, 105
, 115
, 59
, 1
, 173
, 115
, 59
, 23
, 151
, 146
, 28
, 71
, 103
, 47
, 127
, 15
, 159
, 93
, 81
, 51
, 123
, 85
, 89
, 37
, 137
, 43
, 131
, 161
, 13
, 158
, 16
, 90
, 84
, 81
, 93
, 9
, 165
, 111
, 63
, 129
, 45
, 150
, 24
, 159
, 15
, 96
, 78
, 57
, 117
, 2
, 172
, 51
, 123
, 159
, 15
, 165
, 9
, 156
, 18
, 136
, 38
, 1
, 173
, 160
, 14
, 49
, 125
, 35
, 139
, 45
, 129
, 6
, 168
, 50
, 124
, 62
, 112
, 130
, 44
, 168
, 6
, 161
, 13
, 54
, 120
, 103
, 71
, 50
, 124
, 163
, 11
, 40
, 134
, 49
, 125
, 150
, 24
, 33
, 141
, 82
, 92
, 58
, 116
, 74
, 100
, 93
, 81
, 50
, 124
, 147
, 27
, 143
, 31
, 119
, 55
, 30
, 144
, 3
, 171
, 145
, 29
, 97
, 77
, 103
, 71
, 84
, 90
, 25
, 149
, 58
, 116
, 164
, 10
, 24
, 150
, 125
, 49
, 65
, 109
, 137
, 37
, 124
, 50
, 66
, 108
, 39
, 135
, 1
, 173
, 13
, 161
, 128
, 46
, 67
, 107
, 30
, 144
, 33
, 141
, 80
, 94
, 128
, 46
, 103
, 71
, 164
, 10
, 31
, 143
, 111
, 63
, 56
, 118
, 29
, 145
, 128
, 46
, 53
, 121
, 115
, 59
, 40
, 134
, 126
, 48
, 122
, 52
, 169
, 5
, 104
, 70
, 165
, 9
, 49
, 125
, 163
, 11
, 115
, 59
, 19
, 155
, 59
, 115
, 108
, 66
, 84
, 90
, 92
, 82
, 5
, 169
, 118
, 56
, 123
, 51
, 157
, 17
, 12
, 162
, 144
, 30
, 5
, 169
, 68
, 106
, 45
, 129
, 60
, 114
, 153
, 21
, 40
, 134
, 61
, 113
, 8
, 166
, 24
, 150
, 11
, 163
, 51
, 123
, 129
, 45
, 38
, 136
, 67
, 107
, 109
, 65
, 144
, 30
, 115
, 59
, 26
, 148
, 50
, 124
, 107
, 67
, 172
, 2
, 117
, 57
, 156
, 18
, 152
, 22
, 36
, 138
, 152
, 22
, 2
, 172
, 157
, 17
, 141
, 33
, 17
, 157
, 84
, 90
, 92
, 82
, 98
, 76
, 3
, 171
, 39
, 135
, 78
, 96
, 87
, 87
, 104
, 70
, 3
, 171
, 156
, 18
, 63
, 111
, 83
, 91
, 113
, 61
, 130
, 44
, 81
, 93
, 119
, 55
, 33
, 141
, 146
, 28
, 76
, 98
, 13
, 161
, 84
, 90
, 161
, 13
, 129
, 45
, 36
, 138
, 43
, 131
, 129
, 45
, 146
, 28
, 60
, 114
, 47
, 127
, 166
, 8
, 1
, 173
, 73
, 101
, 52
, 122
, 87
, 87
, 112
, 62
, 107
, 67
, 72
, 102
, 65
, 109
, 56
, 118
, 153
, 21
, 60
, 114
, 172
, 2
, 35
, 139
, 162
, 12
, 24
, 150
, 75
, 99
, 109
, 65
, 10
, 164
, 100
, 74
, 72
, 102
, 81
, 93
, 52
, 122
, 125
, 49
, 106
, 68
, 95
, 79
, 49
, 125
, 75
, 99
, 120
, 54
, 110
, 64
, 92
, 82
, 40
, 134
, 154
, 20
, 112
, 62
, 147
, 27
, 121
, 53
, 134
, 40
, 38
, 136
, 3
, 171
, 139
, 35
, 2
, 172
, 172
, 2
, 169
, 5
, 11
, 163
, 26
, 148
, 21
, 153
, 87
, 87
, 2
, 172
, 168
, 6
, 37
, 137
, 66
, 108
, 158
, 16
, 171
, 3
, 160
, 14
, 4
, 170
, 156
, 18
, 27
, 147
, 132
, 42
, 77
, 97
, 152
, 22
, 64
, 110
, 12
, 162
, 164
, 10
, 8
, 166
, 151
, 23
, 159
, 15
, 16
, 158
, 9
, 165
, 53
, 121
, 96
, 78
, 101
, 73
, 65
, 109
, 23
, 151
, 70
, 104
, 33
, 141
, 159
, 15
, 19
, 155
, 98
, 76
, 69
, 105
, 101
, 73
, 36
, 138
, 156
, 18
, 34
, 140
, 83
, 91
, 45
, 129
, 63
, 111
, 100
, 74
, 76
, 98
, 103
, 71
, 145
, 29
, 48
, 126
, 50
, 124
, 102
, 72
, 159
, 15
, 137
, 37
, 112
, 62
, 5
, 169
, 170
, 4
, 157
, 17
, 145
, 29
, 36
, 138
, 145
, 29
, 155
, 19
, 108
, 66
, 164
, 10
, 34
, 140
, 76
, 98
, 150
, 24
, 68
, 106
, 159
, 15
, 76
, 98
, 103
, 71
, 61
, 113
, 13
, 161
, 58
, 116
, 19
, 155
, 150
, 24
, 106
, 68
, 114
, 60
, 87
, 87
, 39
, 135
, 4
, 170
, 44
, 130
, 104
, 70
, 41
, 133
, 119
, 55
, 2
, 172
, 18
, 156
, 68
, 106
, 55
, 119
, 53
, 121
, 61
, 113
, 94
, 80
, 133
, 41
, 158
, 16
, 45
, 129
, 39
, 135
, 141
, 33
, 118
, 56
, 169
, 5
, 125
, 49
, 120
, 54
, 100
, 74
, 30
, 144
, 99
, 75
, 152
, 22
, 89
, 85
, 17
, 157
, 24
, 150
, 133
, 41
, 38
, 136
, 127
, 47
, 125
, 49
, 116
, 58
, 35
, 139
, 101
, 73
, 11
, 163
, 82
, 92
, 89
, 85
, 59
, 115
, 169
, 5
, 27
, 147
, 159
, 15
, 7
, 167
, 13
, 161
, 13
, 161
, 170
, 4
, 109
, 65
, 86
, 88
, 56
, 118
, 77
, 97
, 111
, 63
, 17
, 157
, 23
, 151
, 101
, 73
, 40
, 134
, 167
, 7
, 101
, 73
, 127
, 47
, 6
, 168
, 81
, 93
, 161
, 13
, 31
, 143
, 28
, 146
, 157
, 17
, 156
, 18
, 77
, 97
, 22
, 152
, 86
, 88
, 56
, 118
, 83
, 91
, 87
, 87
, 151
, 23
, 120
, 54
, 107
, 67
, 14
, 160
, 29
, 145
, 165
, 9
, 152
, 22
, 114
, 60
, 160
, 14
, 16
, 158
, 156
, 18
, 140
, 34
, 109
, 65
, 72
, 102
, 159
, 15
, 23
, 151
, 154
, 20
, 75
, 99
, 149
, 25
, 91
, 83
, 71
, 103
, 34
, 140
, 91
, 83
, 159
, 15
, 27
, 147
, 139
, 35
, 35
, 139
, 140
, 34
, 144
, 30
, 132
, 42
, 79
, 95
, 8
, 166
, 62
, 112
, 93
, 81
, 123
, 51
, 47
, 127
, 46
, 128
, 131
, 43
, 92
, 82
, 145
, 29
, 49
, 125
, 40
, 134
, 148
, 26
, 157
, 17
, 82
, 92
, 115
, 59
, 167
, 7
, 171
, 3
, 170
, 4
, 19
, 155
, 114
, 60
, 96
, 78
, 169
, 5
, 29
, 145
, 68
, 106
, 62
, 112
, 161
, 13
, 160
, 14
, 76
, 98
, 110
, 64
, 161
, 13
, 72
, 102
, 112
, 62
, 147
, 27
, 158
, 16
, 84
, 90
, 132
, 42
, 36
, 138
, 43
, 131
, 24
, 150
, 172
, 2
, 24
, 150
, 133
, 41
, 81
, 93
, 25
, 149
, 115
, 59
, 46
, 128
, 160
, 14
, 135
, 39
, 51
, 123
, 23
, 151
, 24
, 150
, 131
, 43
, 35
, 139
, 63
, 111
, 34
, 140
, 70
, 104
, 79
, 95
, 120
, 54
, 35
, 139
, 43
, 131
, 137
, 37
, 171
, 3
, 74
, 100
, 6
, 168
, 25
, 149
, 149
, 25
, 106
, 68
, 17
, 157
, 39
, 135
, 1
, 173
, 43
, 131
, 59
, 115
, 49
, 125
, 12
, 162
, 23
, 151
, 135
, 39
, 94
, 80
, 85
, 89
, 155
, 19
, 154
, 20
, 5
, 169
, 131
, 43
, 160
, 14
, 121
, 53
, 107
, 67
, 139
, 35
, 99
, 75
, 118
, 56
, 22
, 152
, 40
, 134
, 6
, 168
, 19
, 155
, 149
, 25
, 101
, 73
, 1
, 173
, 125
, 49
, 81
, 93
, 56
, 118
, 21
, 153
, 66
, 108
, 12
, 162
, 89
, 85
, 68
, 106
, 129
, 45
, 172
, 2
, 47
, 127
, 35
, 139
, 64
, 110
, 62
, 112
, 39
, 135
, 23
, 151
, 65
, 109
, 120
, 54
, 113
, 61
, 1
, 173
, 145
, 29
, 62
, 112
, 30
, 144
, 55
, 119
, 23
, 151
, 119
, 55
, 29
, 145
, 124
, 50
, 40
, 134
, 168
, 6
, 160
, 14
, 161
, 13
, 106
, 68
, 167
, 7
, 100
, 74
, 146
, 28
, 90
, 84
, 134
, 40
, 21
, 153
, 160
, 14
, 141
, 33
, 126
, 48
, 4
, 170
, 62
, 112
, 13
, 161
, 6
, 168
, 130
, 44
, 112
, 62
, 172
, 2
, 40
, 134
, 151
, 23
, 61
, 113
, 117
, 57
, 88
, 86
, 8
, 166
, 85
, 89
, 143
, 31
, 101
, 73
, 52
, 122
, 59
, 115
, 115
, 59
, 150
, 24
, 23
, 151
, 69
, 105
, 164
, 10
, 76
, 98
, 143
, 31
, 117
, 57
, 62
, 112
, 102
, 72
, 129
, 45
, 28
, 146
, 73
, 101
, 141
, 33
, 169
, 5
, 80
, 94
, 88
, 86
, 115
, 59
, 138
, 36
, 120
, 54
, 136
, 38
, 74
, 100
, 113
, 61
, 101
, 73
, 4
, 170
, 153
, 21
, 114
, 60
, 87
, 87
, 46
, 128
, 110
, 64
, 85
, 89
, 29
, 145
, 148
, 26
, 3
, 171
, 26
, 148
, 94
, 80
, 64
, 110
, 13
, 161
, 4
, 170
, 153
, 21
, 43
, 131
, 75
, 99
, 62
, 112
, 160
, 14
, 8
, 166
, 44
, 130
, 30
, 144
, 51
, 123
, 91
, 83
, 116
, 58
, 165
, 9
, 170
, 4
, 160
, 14
, 21
, 153
, 47
, 127
, 147
, 27
, 56
, 118
, 92
, 82
, 107
, 67
, 23
, 151
, 102
, 72
, 34
, 140
, 95
, 79
, 96
, 78
, 60
, 114
, 113
, 61
, 134
, 40
, 162
, 12
, 151
, 23
, 42
, 132
, 129
, 45
, 159
, 15
, 160
, 14
, 87
, 87
, 94
, 80
, 30
, 144
, 53
, 121
, 159
, 15
, 69
, 105
, 18
, 156
, 16
, 158
, 111
, 63
, 135
, 39
, 150
, 24
, 163
, 11
, 66
, 108
, 165
, 9
, 123
, 51
, 118
, 56
, 99
, 75
, 164
, 10
, 43
, 131
, 127
, 47
, 97
, 77
, 125
, 49
, 58
, 116
, 38
, 136
, 82
, 92
, 11
, 163
, 26
, 148
, 40
, 134
, 19
, 155
, 138
, 36
, 159
, 15
, 162
, 12
, 54
, 120
, 133
, 41
, 162
, 12
, 165
, 9
, 143
, 31
, 153
, 21
, 69
, 105
, 68
, 106
, 170
, 4
, 166
, 8
, 24
, 150
, 109
, 65
, 80
, 94
, 17
, 157
, 81
, 93
, 2
, 172
, 116
, 58
, 46
, 128
, 16
, 158
, 90
, 84
, 43
, 131
, 8
, 166
, 33
, 141
, 30
, 144
, 105
, 69
, 16
, 158
, 37
, 137
, 122
, 52
, 92
, 82
, 98
, 76
, 144
, 30
, 169
, 5
, 44
, 130
, 52
, 122
, 140
, 34
, 74
, 100
, 52
, 122
, 116
, 58
, 117
, 57
, 25
, 149
, 31
, 143
, 147
, 27
, 14
, 160
, 69
, 105
, 22
, 152
, 22
, 152
, 146
, 28
, 99
, 75
, 126
, 48
, 80
, 94
, 86
, 88
, 62
, 112
, 152
, 22
, 13
, 161
, 60
, 114
, 72
, 102
, 47
, 127
, 23
, 151
, 103
, 71
, 11
, 163
, 129
, 45
, 126
, 48
, 43
, 131
, 49
, 125
, 159
, 15
, 56
, 118
, 115
, 59
, 158
, 16
, 161
, 13
, 34
, 140
, 44
, 130
, 12
, 162
, 141
, 33
, 92
, 82
, 86
, 88
, 87
, 87
, 68
, 106
, 169
, 5
, 60
, 114
, 11
, 163
, 82
, 92
, 15
, 159
, 44
, 130
, 149
, 25
, 140
, 34
, 64
, 110
, 1
, 173
, 157
, 17
, 84
, 90
, 23
, 151
, 162
, 12
, 150
, 24
, 51
, 123
, 131
, 43
, 154
, 20
, 13
, 161
, 172
, 2
, 141
, 33
, 28
, 146
, 71
, 103
, 99
, 75
, 74
, 100
, 155
, 19
, 172
, 2
, 102
, 72
, 157
, 17
, 91
, 83
, 38
, 136
, 95
, 79
, 107
, 67
, 37
, 137
, 25
, 149
, 74
, 100
, 56
, 118
, 101
, 73
, 140
, 34
, 26
, 148
, 95
, 79
, 34
, 140
, 28
, 146
, 15
, 159
, 50
, 124
, 73
, 101
, 2
, 172
, 82
, 92
, 147
, 27
, 139
, 35
, 62
, 112
, 77
, 97
, 43
, 131
, 165
, 9
, 84
, 90
, 148
, 26
, 88
, 86
, 76
, 98
, 139
, 35
, 91
, 83
, 148
, 26
, 1
, 173
, 121
, 53
, 123
, 51
, 15
, 159
, 84
, 90
, 49
, 125
, 10
, 164
, 95
, 79
, 150
, 24
, 104
, 70
, 73
, 101
, 131
, 43
, 172
, 2
, 45
, 129
, 109
, 65
, 114
, 60
, 105
, 69
, 81
, 93
, 132
, 42
, 40
, 134
, 83
, 91
, 158
, 16
, 89
, 85
, 22
, 152
, 34
, 140
, 98
, 76
, 2
, 172
, 103
, 71
, 67
, 107
, 21
, 153
, 53
, 121
, 95
, 79
, 151
, 23
, 58
, 116
, 3
, 171
, 89
, 85
, 146
, 28
, 162
, 12
, 75
, 99
, 40
, 134
, 103
, 71
, 156
, 18
, 71
, 103
, 159
, 15
, 143
, 31
, 155
, 19
, 75
, 99
, 122
, 52
, 149
, 25
, 82
, 92
, 117
, 57
, 19
, 155
, 7
, 167
, 62
, 112
, 116
, 58
, 119
, 55
, 142
, 32
, 76
, 98
, 100
, 74
, 69
, 105
, 79
, 95
, 164
, 10
, 133
, 41
, 106
, 68
, 20
, 154
, 20
, 154
, 160
, 14
, 120
, 54
, 109
, 65
, 114
, 60
, 18
, 156
, 17
, 157
, 22
, 152
, 107
, 67
, 158
, 16
, 156
, 18
, 18
, 156
, 168
, 6
, 134
, 40
, 94
, 80
, 32
, 142
, 89
, 85
, 77
, 97
, 163
, 11
, 90
, 84
, 31
, 143
, 61
, 113
, 67
, 107
, 1
, 173
, 172
, 2
, 47
, 127
, 71
, 103
, 111
, 63
, 44
, 130
, 151
, 23
, 105
, 69
, 146
, 28
, 132
, 42
, 160
, 14
, 14
, 160
, 73
, 101
, 153
, 21
, 149
, 25
, 169
, 5
, 90
, 84
, 153
, 21
, 97
, 77
, 55
, 119
, 102
, 72
, 42
, 132
, 79
, 95
, 153
, 21
, 28
, 146
, 54
, 120
, 47
, 127
, 41
, 133
, 87
, 87
, 13
, 161
, 4
, 170
, 56
, 118
, 58
, 116
, 119
, 55
, 165
, 9
, 27
, 147
, 11
, 163
, 101
, 73
, 64
, 110
, 89
, 85
, 132
, 42
, 56
, 118
, 116
, 58
, 37
, 137
, 35
, 139
, 156
, 18
, 86
, 88
, 96
, 78
, 51
, 123
, 149
, 25
, 130
, 44
, 43
, 131
, 78
, 96
, 130
, 44
, 8
, 166
, 39
, 135
, 100
, 74
, 115
, 59
, 14
, 160
, 167
, 7
, 142
, 32
, 23
, 151
, 141
, 33
, 155
, 19
, 159
, 15
, 130
, 44
, 28
, 146
, 117
, 57
, 96
, 78
, 43
, 131
, 132
, 42
, 129
, 45
, 158
, 16
, 139
, 35
, 109
, 65
, 138
, 36
, 117
, 57
, 138
, 36
, 5
, 169
, 146
, 28
, 145
, 29
, 46
, 128
, 66
, 108
, 155
, 19
, 105
, 69
, 4
, 170
, 47
, 127
, 45
, 129
, 109
, 65
, 66
, 108
, 9
, 165
, 23
, 151
, 95
, 79
, 95
, 79
, 116
, 58
, 58
, 116
, 86
, 88
, 40
, 134
, 161
, 13
, 84
, 90
, 142
, 32
, 71
, 103
, 127
, 47
, 169
, 5
, 35
, 139
, 38
, 136
, 2
, 172
, 1
, 173
, 70
, 104
, 85
, 89
, 31
, 143
, 87
, 87
, 78
, 96
, 172
, 2
, 140
, 34
, 7
, 167
, 102
, 72
, 23
, 151
, 126
, 48
, 94
, 80
, 104
, 70
, 33
, 141
, 98
, 76
, 27
, 147
, 56
, 118
, 161
, 13
, 11
, 163
, 51
, 123
, 96
, 78
, 115
, 59
, 164
, 10
, 141
, 33
, 131
, 43
, 67
, 107
, 85
, 89
, 157
, 17
, 145
, 29
, 157
, 17
, 101
, 73
, 158
, 16
, 42
, 132
, 137
, 37
, 63
, 111
, 128
, 46
, 19
, 155
, 130
, 44
, 62
, 112
, 10
, 164
, 72
, 102
, 163
, 11
, 158
, 16
, 54
, 120
, 123
, 51
, 24
, 150
, 130
, 44
, 99
, 75
, 150
, 24
, 34
, 140
, 107
, 67
, 153
, 21
, 111
, 63
, 25
, 149
, 104
, 70
, 55
, 119
, 17
, 157
, 111
, 63
, 110
, 64
, 162
, 12
, 126
, 48
, 45
, 129
, 46
, 128
, 170
, 4
, 54
, 120
, 53
, 121
, 23
, 151
, 30
, 144
, 162
, 12
, 137
, 37
, 161
, 13
, 28
, 146
, 102
, 72
, 168
, 6
, 98
, 76
, 125
, 49
, 42
, 132
, 53
, 121
, 159
, 15
, 10
, 164
, 60
, 114
, 158
, 16
, 101
, 73
, 78
, 96
, 162
, 12
, 5
, 169
, 103
, 71
, 68
, 106
, 65
, 109
, 40
, 134
, 165
, 9
, 116
, 58
, 7
, 167
, 148
, 26
, 12
, 162
, 21
, 153
, 100
, 74
, 21
, 153
, 93
, 81
, 84
, 90
, 42
, 132
, 43
, 131
, 106
, 68
, 147
, 27
, 18
, 156
, 108
, 66
, 126
, 48
, 118
, 56
, 117
, 57
, 97
, 77
, 52
, 122
, 28
, 146
, 56
, 118
, 99
, 75
, 14
, 160
, 150
, 24
, 115
, 59
, 24
, 150
, 135
, 39
, 152
, 22
, 49
, 125
, 151
, 23
, 96
, 78
, 90
, 84
, 22
, 152
, 44
, 130
, 38
, 136
, 50
, 124
, 5
, 169
, 59
, 115
, 46
, 128
, 3
, 171
, 85
, 89
, 170
, 4
, 113
, 61
, 125
, 49
, 18
, 156
, 92
, 82
, 152
, 22
, 148
, 26
, 10
, 164
, 92
, 82
, 35
, 139
, 25
, 149
, 121
, 53
, 136
, 38
, 21
, 153
, 62
, 112
, 172
, 2
, 102
, 72
, 64
, 110
, 116
, 58
, 102
, 72
, 160
, 14
, 103
, 71
, 136
, 38
, 157
, 17
, 147
, 27
, 126
, 48
, 104
, 70
, 45
, 129
, 64
, 110
, 148
, 26
, 19
, 155
, 38
, 136
, 99
, 75
, 101
, 73
, 116
, 58
, 132
, 42
, 124
, 50
, 60
, 114
, 91
, 83
, 94
, 80
, 41
, 133
, 13
, 161
, 106
, 68
, 164
, 10
, 74
, 100
, 154
, 20
, 65
, 109
, 44
, 130
, 31
, 143
, 172
, 2
, 54
, 120
, 132
, 42
, 44
, 130
, 117
, 57
, 74
, 100
, 26
, 148
, 147
, 27
, 157
, 17
, 28
, 146
, 144
, 30
, 156
, 18
, 74
, 100
, 137
, 37
, 77
, 97
, 35
, 139
, 66
, 108
, 80
, 94
, 34
, 140
, 118
, 56
, 30
, 144
, 142
, 32
, 69
, 105
, 45
, 129
, 87
, 87
, 137
, 37
, 42
, 132
, 89
, 85
, 11
, 163
, 97
, 77
, 75
, 99
, 12
, 162
, 165
, 9
, 16
, 158
, 16
, 158
, 25
, 149
, 118
, 56
, 20
, 154
, 166
, 8
, 30
, 144
, 131
, 43
, 158
, 16
, 34
, 140
, 15
, 159
, 32
, 142
, 4
, 170
, 145
, 29
, 92
, 82
, 36
, 138
, 107
, 67
, 27
, 147
, 47
, 127
, 38
, 136
, 38
, 136
, 68
, 106
, 158
, 16
, 145
, 29
, 165
, 9
, 1
, 173
, 129
, 45
, 49
, 125
, 79
, 95
, 133
, 41
, 114
, 60
, 88
, 86
, 55
, 119
, 76
, 98
, 7
, 167
, 135
, 39
, 7
, 167
, 54
, 120
, 59
, 115
, 109
, 65
, 122
, 52
, 100
, 74
, 172
, 2
, 119
, 55
, 59
, 115
, 104
, 70
, 82
, 92
, 130
, 44
, 125
, 49
, 91
, 83
, 38
, 136
, 90
, 84
, 66
, 108
, 83
, 91
, 119
, 55
, 51
, 123
, 21
, 153
, 55
, 119
, 33
, 141
, 40
, 134
, 102
, 72
, 2
, 172
, 57
, 117
, 86
, 88
, 133
, 41
