
4354
504
822
809
567
833
936
394
142
544
499
793
892
603
247
898
168
541
493
419
168
372
775
830
506
261
906
462
266
404
687
894
393
590
971
989
149
856
632
713
244
319
235
295
698
583
682
576
574
872
782
487
702
131
574
594
561
1000
849
305
755
509
397
425
138
558
213
475
999
565
215
980
766
305
755
620
169
134
865
893
779
962
893
255
743
349
613
895
575
129
593
573
843
582
830
300
643
860
588
662
689
752
954
786
914
795
332
365
630
777
450
508
523
678
780
244
879
178
586
619
300
775
939
851
205
628
229
357
589
222
265
534
921
315
751
518
121
493
465
205
129
207
567
991
679
665
915
246
192
851
945
140
450
186
446
564
859
204
138
121
840
127
738
499
226
320
207
404
563
102
723
738
267
250
471
752
564
618
353
350
437
216
965
783
731
659
848
173
847
805
917
984
979
862
465
408
542
229
917
451
587
720
132
799
857
665
931
439
745
145
547
446
334
928
265
445
283
168
128
997
193
484
714
955
568
458
184
712
791
643
467
335
711
512
739
407
356
263
225
697
641
720
687
801
330
392
101
305
279
615
801
649
540
686
155
269
812
457
260
252
186
885
301
736
111
296
536
791
831
280
563
252
765
688
665
532
982
320
610
139
875
385
683
809
580
821
791
174
650
518
334
246
739
739
568
108
456
885
116
809
545
280
186
183
856
469
575
647
986
254
684
964
541
991
471
658
394
545
803
586
859
262
376
932
377
575
101
118
733
387
639
689
768
321
833
213
875
900
650
312
209
333
120
317
173
355
935
185
725
840
740
429
120
569
384
653
751
402
858
988
179
943
359
244
973
780
662
807
382
947
810
820
171
641
348
788
383
410
370
232
749
155
435
271
532
446
626
464
552
870
628
960
414
136
489
180
912
658
936
750
733
168
838
862
286
567
326
114
715
824
562
158
968
677
480
737
980
290
484
764
335
385
680
646
729
314
530
826
689
598
790
493
991
609
960
318
845
698
551
112
370
923
360
967
625
806
842
297
338
676
589
879
300
286
706
278
222
868
105
421
462
301
674
520
405
240
376
586
939
255
517
461
718
333
833
128
684
631
740
188
246
223
553
488
531
111
408
916
847
992
538
478
779
192
700
389
795
784
847
485
663
175
813
531
871
412
267
289
974
942
965
600
952
237
760
239
735
377
451
680
649
840
620
366
420
722
962
444
664
587
874
806
169
520
704
764
377
851
871
324
349
114
469
992
875
529
422
406
901
604
143
593
895
788
880
480
514
577
982
292
439
833
523
611
986
525
335
611
904
101
288
283
142
681
320
163
230
455
738
369
912
371
901
570
321
753
164
920
391
769
466
683
734
250
1000
900
145
767
929
285
202
392
263
204
967
166
808
599
881
551
109
255
736
886
909
958
559
229
198
173
438
940
379
540
714
693
203
927
239
618
289
760
619
351
224
223
165
743
798
625
909
633
301
562
749
176
371
961
169
793
318
736
662
354
666
344
973
122
226
151
222
696
232
595
717
437
994
699
275
456
925
221
144
522
879
916
156
882
423
116
727
556
367
573
392
729
641
326
639
964
439
171
196
732
199
494
926
404
189
891
508
846
150
754
885
499
297
879
294
783
517
624
149
711
962
570
569
443
453
518
555
683
974
619
887
200
595
454
288
941
584
343
199
558
323
395
793
961
173
829
524
492
177
158
1000
657
112
775
320
100
668
231
857
165
554
404
306
298
450
762
624
675
897
193
293
388
465
466
966
222
801
713
269
912
509
238
926
607
976
370
491
503
625
738
719
145
892
154
725
834
465
342
857
888
769
236
726
573
846
832
382
659
619
673
913
302
535
295
410
268
716
710
623
180
553
419
184
181
763
966
483
819
792
905
897
491
816
639
708
643
404
688
414
222
460
343
266
389
443
945
764
594
169
318
392
301
805
934
635
641
163
467
591
735
658
745
314
574
840
909
302
119
850
532
703
756
222
755
574
696
666
402
723
660
328
445
585
516
433
893
152
428
435
569
838
723
276
471
275
385
464
814
231
261
556
451
889
251
314
928
371
211
721
470
761
551
917
552
101
508
740
491
143
740
897
617
431
143
475
471
887
792
333
642
161
158
903
919
974
628
394
604
728
316
346
247
812
498
689
589
261
611
587
755
376
822
576
396
238
552
664
900
410
112
561
736
693
320
282
347
246
227
244
593
213
237
814
774
264
471
194
281
978
989
560
524
671
444
178
464
527
739
888
904
320
145
407
546
888
686
461
132
419
174
335
525
482
844
278
319
396
829
488
458
785
596
137
936
769
314
122
646
600
904
897
923
152
860
406
272
629
410
293
647
347
264
903
410
585
224
971
114
991
654
368
137
483
551
788
845
373
880
619
758
675
958
655
260
143
213
481
621
406
917
448
715
927
859
337
900
413
684
812
647
217
459
813
195
646
390
183
747
206
749
951
801
877
110
777
347
523
801
505
173
876
963
894
876
288
135
752
137
732
446
684
357
317
589
296
663
865
589
302
261
816
420
753
552
715
824
819
449
662
910
191
305
407
701
176
221
653
151
892
561
938
759
926
492
676
581
693
254
293
662
422
786
159
848
862
656
334
295
693
901
812
478
892
770
300
786
391
716
737
343
340
608
279
882
998
942
168
679
702
608
376
667
257
306
377
377
958
662
296
556
159
303
505
516
914
392
469
694
376
580
819
277
320
132
277
964
825
257
856
353
638
866
961
880
678
465
835
179
738
491
601
465
901
880
220
269
311
675
750
976
673
945
697
290
631
117
931
348
930
566
110
666
716
828
920
463
827
478
579
344
326
222
437
186
746
520
625
299
754
248
289
796
900
736
499
742
452
387
363
637
401
206
288
552
393
233
754
101
593
671
437
431
887
678
811
432
357
187
715
847
913
217
880
939
705
155
695
190
575
584
769
689
751
399
365
224
358
477
258
466
642
781
613
723
585
985
695
678
588
567
872
886
572
641
823
783
757
577
535
860
555
515
880
672
360
462
371
352
419
487
114
830
974
622
951
895
536
454
599
332
351
786
700
923
208
669
652
392
362
714
487
138
271
235
993
102
530
587
886
887
318
650
249
662
542
245
105
799
517
797
291
667
211
731
860
217
825
694
815
374
776
966
188
354
586
385
507
858
868
715
753
392
241
578
534
162
681
235
152
825
405
415
333
662
997
191
856
196
990
273
252
160
508
466
275
562
365
380
612
945
530
849
147
509
918
905
948
610
277
220
755
951
657
180
479
566
418
124
213
682
585
200
533
646
483
185
289
733
265
970
466
759
999
461
718
909
767
161
650
539
844
517
888
860
902
896
667
959
756
579
629
714
686
466
167
439
153
825
477
767
911
178
437
938
244
486
975
228
685
634
436
691
696
172
523
657
468
594
813
870
118
110
781
768
882
483
533
551
480
932
585
386
276
941
535
584
260
908
977
255
746
543
717
571
213
875
161
544
183
778
588
988
539
331
921
569
215
181
406
971
655
317
472
679
714
137
414
904
807
180
452
683
101
330
327
503
887
579
240
781
674
669
832
130
399
974
458
798
578
111
830
843
551
651
682
599
337
314
425
202
383
784
789
757
514
722
476
622
506
668
168
256
924
171
467
743
823
648
322
781
629
993
284
901
638
413
732
195
456
427
628
581
799
531
736
904
812
186
626
125
999
913
369
857
651
713
290
879
775
755
727
734
709
540
851
678
471
682
744
969
914
461
692
723
864
247
309
107
693
220
232
493
310
532
476
571
219
659
577
410
119
149
664
488
238
243
391
483
959
799
476
396
349
843
166
759
906
547
546
279
669
646
813
655
565
611
618
813
808
928
496
611
421
524
392
846
414
810
423
568
899
867
771
907
251
666
677
743
305
869
120
749
348
781
823
836
345
565
584
479
441
589
139
395
105
469
926
871
673
571
117
969
913
716
691
216
189
630
694
865
276
820
852
212
133
420
963
944
199
571
491
286
998
910
837
956
722
716
495
800
673
606
595
246
379
392
884
314
514
690
178
440
471
607
886
621
436
121
587
467
369
546
358
193
657
137
986
363
422
544
941
581
547
500
329
262
900
855
592
272
708
378
255
490
419
540
707
886
358
345
157
266
238
259
865
271
157
132
677
616
175
962
608
736
207
623
659
778
128
131
239
511
891
393
118
907
410
374
443
600
718
844
527
930
693
394
450
450
706
768
680
603
990
578
131
607
179
467
645
583
275
178
336
914
413
192
817
190
995
240
943
934
425
507
730
541
453
757
719
751
749
257
476
414
861
322
981
787
868
483
437
893
144
398
981
856
556
836
722
861
804
611
788
973
131
344
782
615
967
610
662
202
804
694
981
420
703
256
851
532
741
520
553
540
578
895
441
971
308
785
662
566
477
442
215
310
885
457
277
727
244
832
330
365
127
162
639
661
372
583
469
314
571
197
587
261
944
761
222
129
665
195
989
591
705
428
914
642
657
835
790
306
683
776
412
803
809
104
435
652
626
481
865
384
684
378
735
826
727
543
695
295
331
477
958
542
542
235
506
481
482
690
254
443
575
697
987
544
831
731
787
694
267
886
536
114
606
297
363
449
972
630
384
214
227
639
710
347
821
901
617
335
470
570
374
442
247
823
480
989
793
870
504
147
632
893
139
787
937
657
509
776
520
152
643
325
864
174
384
108
676
859
930
638
636
306
447
631
950
222
420
887
324
261
910
959
351
529
846
137
330
333
285
558
793
496
219
258
869
188
330
867
356
866
274
995
588
845
660
649
618
935
326
139
974
647
118
751
585
563
479
403
102
348
748
583
785
692
636
264
443
367
503
641
640
626
433
660
564
564
928
721
295
102
371
813
691
654
738
306
406
463
270
549
814
512
979
660
946
681
968
132
115
516
341
696
558
215
747
711
364
741
483
427
629
783
619
355
866
222
965
309
562
919
689
514
482
106
227
781
257
602
415
267
474
406
223
686
375
555
412
234
246
620
621
610
465
444
875
522
781
249
245
470
212
297
149
302
519
444
511
872
853
572
828
884
469
184
396
172
748
658
400
928
713
562
361
913
405
637
750
238
491
156
465
556
202
835
947
873
548
259
572
348
583
642
828
990
550
816
761
371
872
178
423
474
404
307
870
623
440
952
893
318
753
694
659
162
781
219
963
990
473
133
978
917
208
811
977
370
450
286
921
530
451
666
376
618
783
134
546
220
373
551
191
197
876
523
373
824
126
827
791
401
870
464
310
875
948
126
607
160
501
186
503
345
712
566
276
582
176
884
906
974
144
931
490
410
455
101
313
161
190
296
908
102
630
168
187
412
816
104
691
475
463
793
803
960
890
275
520
585
513
548
776
992
590
560
197
181
866
759
818
636
774
290
316
827
346
904
564
529
385
592
687
176
844
567
211
564
919
243
370
740
872
799
632
949
725
948
146
586
131
455
397
410
668
327
637
547
741
422
565
233
845
593
549
894
221
834
385
753
797
101
463
379
747
493
345
414
905
543
345
614
321
136
572
552
985
348
162
868
896
845
295
280
688
650
826
455
228
723
572
244
295
862
480
793
822
430
422
627
768
455
970
854
234
887
357
816
188
148
163
504
219
311
841
576
886
182
981
312
548
971
120
112
177
120
798
548
370
799
225
545
669
535
982
925
883
373
217
882
121
467
582
709
293
699
566
791
240
980
651
246
458
188
378
201
235
768
757
933
714
472
251
373
263
526
336
296
269
324
677
787
245
168
418
512
107
940
379
135
503
266
809
803
640
657
783
187
528
151
272
708
182
825
990
693
433
561
757
938
787
779
294
560
506
598
823
426
106
343
513
583
737
799
161
724
933
808
599
436
292
133
279
784
955
491
177
711
711
162
327
854
946
879
406
968
624
229
258
372
581
874
252
940
209
396
119
448
365
753
579
397
791
927
464
883
912
716
895
104
253
265
755
240
864
944
515
870
585
640
611
122
258
611
140
314
666
169
458
569
860
243
780
196
685
472
947
606
773
253
357
898
719
533
438
805
171
516
304
386
274
522
951
622
616
994
340
800
967
406
598
836
918
321
915
418
316
285
432
358
703
983
246
396
343
627
668
924
889
576
198
426
141
827
634
324
983
807
107
714
395
404
888
872
334
287
364
222
333
959
421
334
515
683
735
493
876
455
683
929
588
716
962
778
249
539
554
324
860
318
772
995
376
570
818
866
844
457
499
638
209
350
333
890
276
519
703
744
562
754
200
916
418
323
233
114
479
282
594
564
655
288
588
362
177
250
329
419
256
180
618
465
813
921
715
944
290
627
330
682
358
677
443
109
446
760
744
847
709
293
278
337
629
578
508
449
527
728
528
301
243
226
821
982
920
346
754
601
216
678
772
740
916
584
204
904
590
259
792
438
686
299
974
176
420
653
315
737
874
244
326
909
394
817
284
306
697
637
165
668
469
661
135
679
508
544
900
414
384
646
701
290
415
541
543
113
649
898
693
819
359
979
217
175
309
680
354
920
996
462
732
259
124
501
454
962
816
103
251
624
639
685
740
728
116
727
674
693
592
422
953
296
776
415
640
849
572
414
703
473
393
872
866
291
416
938
174
187
360
636
556
116
713
421
810
341
931
785
262
407
476
893
448
514
413
280
313
657
959
293
303
918
376
745
741
923
853
945
872
526
549
845
976
170
552
761
911
368
782
865
989
365
377
803
200
604
571
285
811
657
204
995
935
397
850
580
703
154
503
559
160
165
230
925
900
509
439
996
473
148
199
796
492
912
487
514
250
192
581
366
900
405
646
946
971
876
458
801
246
106
584
225
873
338
791
281
974
660
177
919
987
120
377
942
119
183
828
846
559
805
708
814
483
526
547
152
916
986
231
733
822
432
474
508
534
582
615
260
905
396
397
878
140
683
332
624
681
759
934
919
904
319
708
403
846
466
593
557
789
880
905
177
104
893
851
506
356
444
693
104
984
168
686
903
236
929
394
649
815
706
824
494
813
917
592
294
813
989
183
750
354
219
639
990
768
924
855
670
768
897
437
807
624
979
487
345
140
373
363
309
294
765
727
123
597
367
895
781
525
145
376
140
488
684
401
606
895
662
782
325
520
138
871
718
819
356
818
124
597
567
735
228
891
113
296
274
284
856
163
705
895
274
527
195
521
675
557
545
729
156
392
822
825
197
943
133
916
514
518
517
611
100
797
580
761
881
622
970
688
127
784
265
719
146
408
751
539
406
878
648
872
133
566
756
238
179
436
173
155
278
769
159
574
133
143
992
220
465
280
598
242
689
614
598
854
951
155
751
568
852
444
849
804
830
747
152
522
282
403
168
375
832
869
504
249
776
312
508
676
120
198
714
469
599
665
910
254
262
666
784
207
809
566
732
324
402
613
330
189
452
648
120
430
221
673
491
609
956
178
162
335
341
415
341
684
838
294
665
145
343
901
765
660
159
523
926
270
846
690
374
857
764
226
227
330
343
270
309
560
201
349
541
728
755
648
346
260
746
247
419
301
627
879
369
786
704
731
341
550
681
288
834
502
418
872
271
666
317
236
673
150
201
905
403
218
520
316
456
386
139
353
964
891
410
955
771
990
110
644
125
616
271
313
111
497
402
292
855
577
804
807
364
302
646
250
270
640
858
103
608
563
469
455
225
112
857
865
754
947
750
742
716
216
468
683
505
425
848
888
891
593
117
154
745
389
463
369
967
461
398
628
520
899
393
879
526
539
874
673
290
947
968
461
736
602
892
474
737
635
821
538
579
711
649
669
688
970
569
941
738
100
251
450
694
687
902
851
890
319
722
641
537
943
357
818
859
267
763
557
707
375
763
543
514
109
985
127
349
114
341
928
110
713
238
928
187
269
470
121
105
759
606
512
271
772
265
961
874
589
244
136
782
255
971
277
101
486
493
201
760
499
947
916
157
730
573
160
851
457
146
450
386
315
927
821
817
892
635
339
325
139
199
272
658
399
425
651
910
407
501
144
622
548
887
952
832
947
536
552
756
733
328
765
645
818
548
680
583
170
111
691
911
604
386
221
800
920
457
136
418
699
632
285
561
314
847
216
911
598
288
502
874
880
331
961
868
111
373
726
164
746
685
885
886
798
346
259
627
717
780
373
732
316
578
972
145
298
762
661
363
709
147
355
364
443
234
172
983
103
307
207
823
854
157
966
111
454
918
872
745
943
809
751
177
334
196
608
222
946
200
939
830
593
414
849
133
914
675
712
247
210
641
895
611
884
535
681
438
660
823
453
825
805
140
154
417
767
720
378
834
695
253
193
593
552
550
174
837
372
719
718
610
873
138
927
773
235
498
860
859
267
744
638
654
375
612
603
274
562
108
253
764
319
119
946
722
964
783
284
412
507
836
975
177
852
404
934
402
169
642
237
351
227
379
843
285
857
796
915
487
334
479
113
526
813
784
683
441
309
710
325
600
950
130
272
925
898
824
357
866
310
173
919
729
364
841
662
751
250
381
424
435
622
882
228
770
399
890
534
447
701
155
686
440
681
526
679
558
828
221
176
778
930
534
341
460
972
662
864
426
440
933
233
323
139
734
750
668
921
959
789
751
457
581
174
716
763
697
545
152
450
308
251
371
445
654
669
568
209
137
693
319
405
874
702
832
217
814
524
538
160
519
538
124
137
203
208
458
567
880
677
839
908
362
298
349
726
110
297
655
952
105
668
873
311
855
301
589
484
484
810
904
181
988
581
495
433
164
173
143
939
972
613
109
619
998
671
564
783
580
373
520
673
285
275
480
178
446
716
607
735
807
651
662
619
466
662
320
303
802
725
609
577
206
895
107
990
689
581
545
251
106
225
934
431
431
500
605
311
548
176
774
734
802
945
522
644
953
535
182
784
974
406
235
974
659
224
362
153
696
487
485
406
335
820
843
246
731
287
709
989
345
866
982
885
449
483
367
959
377
879
416
998
537
564
180
347
856
388
909
291
949
514
408
453
440
739
429
938
994
391
870
278
412
599
430
735
664
999
376
959
595
645
101
843
111
428
102
768
894
775
106
980
833
439
543
621
144
516
282
394
886
719
453
103
858
315
493
885
246
669
788
381
185
659
357
440
222
461
955
518
517
454
952
778
770
435
323
762
452
379
419
737
830
458
339
227
484
272
825
144
596
333
107
369
316
927
102
409
781
677
158
672
632
878
377
241
538
828
180
344
380
170
802
831
797
330
801
934
207
467
350
344
225
151
639
421
206
846
944
457
426
985
111
602
839
506
616
519
521
573
487
160
324
875
795
920
615
602
698
466
537
233
925
319
157
927
730
352
946
444
389
138
318
341
174
803
838
736
291
121
673
416
299
641
626
192
762
615
672
568
610
569
714
730
683
852
852
595
273
788
794
691
288
691
726
642
182
354
427
147
145
857
232
719
225
970
237
170
115
523
560
389
772
372
850
531
898
996
785
809
514
440
975
468
678
186
858
214
972
669
380
167
945
289
930
375
398
891
145
313
105
121
635
498
644
625
956
584
849
297
402
712
994
253
103
820
837
477
583
513
203
265
666
535
890
775
177
409
387
311
321
399
967
127
286
506
437
971
450
827
851
631
811
601
317
226
533
681
834
919
883
698
552
595
245
285
217
981
528
127
604
851
750
433
158
685
311
865
892
464
993
242
453
186
766
949
199
198
296
659
320
868
139
242
706
661
100
379
955
333
924
492
633
255
944
266
475
841
767
891
195
689
757
216
963
569
466
518
976
567
203
268
646
855
601
261
680
483
630
853
186
918
161
920
884
965
712
212
791
986
294
632
209
893
252
851
838
327
373
546
676
679
627
779
921
552
517
294
340
101
931
529
111
490
590
581
290
189
158
746
402
313
309
187
477
174
494
707
858
422
762
118
926
707
850
292
891
382
765
687
581
855
895
763
525
252
630
363
50
50
50
51
51
52
53
53
53
53
54
55
55
56
57
57
57
57
57
58
58
58
59
59
60
60
60
61
61
61
62
62
63
63
63
64
65
65
66
67
67
67
68
68
68
68
69
69
70
70
70
71
71
72
72
73
73
73
73
75
76
76
77
77
77
77
78
78
78
79
80
81
82
82
82
82
83
83
86
86
87
87
87
88
88
88
89
89
89
89
90
90
92
92
92
92
92
93
94
94
94
94
95
95
95
95
96
96
96
97
98
98
99
99
100
101
102
102
102
103
103
103
104
104
105
105
106
106
106
106
107
108
108
109
109
111
112
113
113
113
114
114
114
117
117
118
118
120
121
122
123
124
124
124
124
126
126
127
127
127
128
129
129
129
129
130
130
131
131
131
132
132
133
133
134
134
135
135
135
135
136
136
137
138
138
138
138
138
140
140
140
140
141
142
142
142
143
143
143
144
144
144
144
145
145
146
146
147
148
149
149
149
149
151
151
152
152
152
152
152
153
154
154
154
154
154
154
155
155
155
156
156
157
157
159
159
160
160
160
161
162
162
163
163
163
164
164
164
165
165
165
165
165
166
167
167
167
167
169
169
170
171
173
173
174
175
175
175
175
176
176
178
178
178
179
179
179
180
180
181
181
183
183
183
184
184
184
185
185
185
186
186
188
188
188
190
190
190
190
193
193
193
194
194
194
194
196
196
196
197
198
198
198
199
199
199
200
201
202
203
203
203
204
204
205
206
206
207
208
208
208
209
209
210
210
210
211
211
211
212
213
213
214
214
214
215
215
215
215
217
217
217
218
218
219
220
221
221
222
223
223
223
224
224
226
226
227
228
228
229
229
229
229
229
230
230
231
232
232
233
233
233
233
234
234
235
235
235
235
235
236
236
237
237
237
238
238
238
239
241
242
242
242
243
244
244
244
244
245
246
246
246
246
248
249
250
250
250
252
252
253
253
254
255
256
256
257
258
259
260
260
260
261
261
262
263
263
263
264
264
264
264
265
265
265
266
266
266
267
267
267
267
268
268
268
268
268
269
269
270
270
270
271
272
273
273
273
275
276
277
277
277
277
278
278
278
278
279
279
280
280
281
281
282
282
283
283
284
284
285
286
286
286
287
287
287
289
291
293
294
294
295
295
295
295
295
296
296
296
297
297
298
298
299
300
300
300
300
301
301
301
301
301
301
303
303
304
304
305
306
306
307
307
307
308
308
308
309
310
310
310
310
311
311
311
311
312
312
313
313
314
314
316
316
316
316
317
317
318
318
318
320
321
322
322
322
322
322
322
322
322
323
323
324
325
326
326
326
326
328
328
328
329
329
330
330
331
331
331
332
332
333
333
333
333
333
333
335
335
337
337
337
338
338
339
339
339
341
341
342
342
342
342
342
343
344
344
345
346
347
347
347
347
348
348
348
349
349
349
351
351
352
352
352
353
353
354
354
355
355
355
356
356
356
356
356
356
356
357
357
357
358
358
359
359
359
359
360
360
360
360
361
361
362
362
362
363
363
364
365
366
367
367
368
368
368
369
369
369
370
370
370
371
371
371
372
372
373
373
374
375
375
376
376
376
376
377
377
378
378
379
380
380
381
381
382
382
382
382
383
384
384
384
384
384
384
386
386
386
387
387
387
387
388
388
389
389
389
389
389
390
391
392
392
393
393
393
393
393
394
396
396
396
397
399
400
400
400
401
401
401
402
402
402
403
403
404
406
406
407
407
407
408
408
408
409
410
410
410
411
412
412
412
414
414
414
414
415
415
415
416
416
417
418
418
419
419
419
420
420
420
421
421
422
423
424
424
424
424
425
425
425
425
426
427
427
428
428
428
431
431
431
432
432
432
434
434
434
435
435
435
436
437
437
437
437
438
438
438
440
440
440
441
441
442
443
444
444
444
444
445
445
445
446
446
446
446
446
447
447
447
449
449
449
450
450
451
452
452
452
453
454
454
454
454
455
456
456
456
456
456
456
457
457
459
459
460
460
461
461
461
461
462
462
463
463
464
466
466
466
467
467
468
468
468
469
470
470
470
471
472
472
472
474
474
474
474
475
475
475
476
476
477
478
478
479
479
480
481
481
482
482
482
482
483
483
483
485
486
488
489
490
491
492
492
492
492
494
495
495
495
496
497
498
498
499
499
499
500
500
500
501
502
502
502
502
502
503
503
503
504
504
506
506
506
506
507
507
507
507
508
508
509
509
509
509
511
512
512
512
512
513
513
513
515
515
515
516
517
517
517
518
518
518
518
520
520
521
521
522
522
523
524
524
524
524
524
525
526
527
529
530
530
530
530
530
530
531
531
531
531
532
532
532
532
532
533
533
534
534
534
534
535
536
536
537
538
538
538
540
540
541
543
544
544
544
544
545
545
545
546
546
547
548
550
550
550
550
551
551
551
551
551
552
552
552
552
552
553
554
555
555
555
555
556
556
556
557
558
559
559
559
559
560
560
560
562
562
563
563
563
563
563
564
565
565
565
566
566
566
567
567
569
569
570
570
571
572
573
573
573
573
574
574
574
575
575
575
575
576
576
577
577
578
578
579
579
579
579
580
580
581
581
582
582
582
582
583
583
583
584
584
586
586
587
587
589
591
591
591
592
592
592
592
592
593
593
593
593
594
595
595
595
595
596
597
597
597
598
599
599
600
601
601
601
601
601
601
603
604
604
604
604
604
604
605
605
605
605
606
606
607
608
608
608
608
609
609
610
610
611
611
611
611
611
611
612
612
612
612
612
613
613
613
614
614
615
615
615
615
616
616
618
619
619
620
620
621
621
622
622
622
622
623
624
624
624
625
625
625
626
626
627
627
627
628
629
629
629
629
629
629
629
630
631
631
631
633
633
633
633
633
634
634
634
635
635
635
635
636
636
637
637
637
637
638
639
639
639
639
641
641
641
641
641
642
643
644
645
645
646
648
648
648
649
649
649
650
651
652
652
654
656
657
657
657
658
660
660
660
660
660
661
662
662
664
665
665
665
666
667
668
669
669
669
669
670
670
670
670
671
671
672
672
674
675
675
675
675
675
676
676
676
677
678
679
679
680
680
680
681
681
681
681
682
683
683
683
684
685
685
685
685
685
685
686
687
687
688
690
690
690
690
691
692
692
692
692
692
693
693
694
694
694
695
695
695
696
696
696
697
698
698
698
698
700
700
700
700
701
701
701
701
702
702
703
704
704
704
704
704
705
705
705
705
706
706
707
707
707
707
707
707
708
708
709
709
709
710
710
710
711
712
712
712
712
712
713
714
715
715
716
716
716
717
717
718
718
719
720
721
722
722
723
723
724
724
724
725
725
725
726
726
726
726
726
726
727
727
728
728
728
729
729
729
731
731
731
731
732
732
732
732
733
733
733
733
733
733
734
734
734
734
734
735
735
735
736
736
736
736
736
737
737
738
739
739
740
740
741
741
741
742
743
743
743
744
744
744
744
745
746
746
746
746
746
747
747
747
747
748
749
749
751
752
752
752
753
756
758
759
759
760
760
761
761
762
762
762
762
764
764
765
765
765
766
766
766
767
767
767
767
767
768
769
769
770
770
771
771
771
772
772
772
772
772
772
773
773
773
773
774
774
776
777
778
779
779
779
780
780
780
781
782
782
783
783
783
784
785
787
787
788
788
788
788
789
789
789
791
791
791
792
793
794
794
795
795
796
796
796
796
797
797
798
798
799
799
800
800
801
802
802
803
803
804
804
804
804
804
804
806
807
807
808
808
808
809
809
809
810
810
811
811
812
812
812
812
812
812
814
814
814
815
815
816
817
817
817
817
818
819
820
820
820
821
823
823
823
823
825
826
826
826
826
827
828
828
829
829
829
830
830
830
831
831
831
832
832
834
835
835
835
835
836
837
837
838
839
839
839
840
840
841
841
842
842
842
842
842
843
844
845
846
846
846
847
847
848
848
849
850
850
850
850
852
852
853
854
854
854
854
855
855
855
855
857
857
857
857
857
858
858
859
861
861
862
863
864
864
864
864
865
865
865
866
866
866
867
867
868
868
868
868
868
868
869
870
870
870
871
871
871
872
872
872
872
873
873
873
873
873
874
875
875
875
875
876
876
876
877
877
877
878
878
878
878
878
879
879
879
879
881
883
883
884
884
884
884
885
885
886
886
886
887
887
888
889
889
889
889
890
892
892
894
894
895
895
895
896
896
896
897
898
898
898
898
899
899
899
900
900
900
900
900
900
900
903
903
904
904
904
904
904
904
904
906
906
908
908
908
908
909
909
909
909
910
910
911
911
912
912
913
913
913
913
914
915
915
917
917
918
918
919
919
920
920
921
921
921
922
922
923
923
923
924
924
924
924
925
926
926
927
927
927
928
928
928
929
930
931
931
931
932
932
932
933
933
933
934
935
935
935
936
936
936
936
936
936
936
937
938
938
939
940
940
940
941
941
941
942
942
943
943
943
944
944
945
946
946
946
946
946
947
948
949
949
949
949
950
950
950
951
951
952
953
954
954
955
955
956
956
957
958
959
960
960
960
961
961
962
963
963
963
964
964
966
966
966
966
968
968
968
968
968
968
969
969
970
970
970
970
973
974
974
974
976
977
977
977
977
978
978
978
978
978
978
978
979
980
980
980
981
981
981
982
982
982
982
982
983
983
984
984
986
986
986
986
986
987
988
988
988
989
989
989
991
991
991
991
992
992
993
993
994
995
995
995
996
996
996
996
997
998
998
998
999
999
1000
1000
1001
1001
1002
1002
1002
1002
1002
1003
1003
1003
1003
1003
1003
1004
1004
1005
1005
1006
1006
1006
1007
1007
1007
1008
1011
1011
1011
1011
1012
1012
1012
1012
1014
1016
1016
1017
1017
1017
1017
1018
1019
1019
1020
1020
1020
1020
1022
1022
1022
1023
1023
1024
1024
1024
1024
1025
1025
1025
1026
1027
1028
1028
1029
1029
1029
1029
1029
1030
1031
1031
1031
1031
1032
1032
1032
1033
1033
1034
1034
1034
1034
1034
1035
1035
1035
1035
1036
1036
1037
1039
1039
1039
1039
1040
1041
1041
1042
1042
1042
1043
1043
1044
1044
1044
1044
1045
1045
1045
1045
1046
1046
1048
1048
1049
1049
1049
1050
1050
1050
1051
1051
1052
1052
1052
1053
1053
1053
1054
1055
1055
1056
1057
1058
1059
1060
1060
1061
1061
1062
1063
1063
1063
1064
1064
1064
1064
1065
1065
1065
1065
1065
1066
1066
1066
1067
1067
1068
1068
1069
1070
1070
1071
1071
1071
1071
1071
1072
1072
1072
1072
1073
1074
1074
1074
1075
1076
1076
1077
1077
1078
1078
1079
1079
1079
1080
1080
1081
1081
1082
1082
1082
1082
1082
1083
1084
1084
1084
1084
1085
1085
1086
1086
1086
1086
1087
1087
1087
1087
1087
1087
1088
1088
1089
1089
1089
1090
1090
1090
1090
1091
1092
1092
1093
1093
1093
1093
1094
1094
1094
1094
1094
1094
1095
1095
1096
1096
1096
1096
1096
1097
1097
1097
1097
1098
1098
1098
1098
1100
1100
1100
1101
1101
1102
1103
1103
1103
1103
1103
1104
1104
1106
1107
1107
1108
1108
1108
1109
1109
1109
1110
1110
1111
1111
1112
1113
1114
1114
1115
1116
1116
1116
1116
1117
1117
1118
1118
1118
1119
1119
1119
1120
1121
1121
1121
1122
1122
1122
1123
1123
1123
1123
1124
1125
1125
1126
1126
1127
1127
1127
1128
1128
1129
1129
1129
1130
1130
1130
1131
1132
1132
1132
1132
1132
1132
1132
1133
1133
1134
1134
1135
1135
1135
1136
1137
1137
1137
1137
1138
1138
1139
1139
1139
1139
1140
1140
1140
1140
1141
1141
1141
1141
1141
1142
1142
1142
1142
1143
1143
1144
1144
1144
1144
1145
1146
1146
1146
1146
1147
1147
1147
1148
1148
1148
1148
1149
1149
1151
1152
1152
1152
1153
1153
1154
1154
1155
1157
1157
1158
1159
1159
1159
1160
1160
1160
1161
1161
1161
1161
1162
1162
1163
1164
1164
1164
1164
1165
1166
1167
1168
1168
1169
1169
1169
1169
1170
1170
1170
1170
1170
1171
1171
1172
1172
1173
1174
1174
1174
1175
1176
1176
1176
1176
1176
1177
1177
1178
1178
1178
1178
1178
1178
1178
1179
1180
1180
1180
1181
1181
1181
1182
1182
1183
1183
1184
1185
1185
1185
1185
1186
1187
1187
1187
1187
1188
1189
1189
1190
1190
1190
1190
1190
1191
1191
1192
1193
1193
1193
1194
1194
1195
1196
1196
1196
1197
1199
1200
1201
1202
1202
1202
1202
1202
1203
1204
1204
1205
1205
1205
1205
1206
1207
1207
1207
1207
1208
1208
1209
1209
1209
1209
1209
1210
1210
1210
1210
1210
1210
1211
1211
1211
1212
1212
1212
1213
1213
1213
1213
1213
1214
1215
1215
1216
1216
1216
1216
1217
1218
1218
1219
1219
1220
1220
1220
1220
1221
1221
1221
1221
1224
1224
1224
1225
1225
1225
1226
1226
1227
1227
1227
1227
1228
1228
1228
1228
1230
1230
1231
1231
1231
1231
1231
1232
1232
1232
1232
1233
1233
1233
1234
1234
1234
1234
1234
1235
1235
1235
1236
1236
1236
1236
1236
1237
1237
1238
1239
1240
1240
1240
1240
1241
1242
1243
1243
1243
1243
1244
1244
1245
1245
1246
1246
1246
1247
1248
1249
1249
1249
1249
1249
1250
1251
1252
1252
1252
1252
1254
1254
1254
1255
1255
1256
1256
1257
1257
1257
1257
1258
1258
1259
1261
1261
1261
1261
1263
1263
1263
1263
1263
1263
1265
1265
1266
1266
1266
1267
1267
1268
1268
1268
1268
1268
1269
1269
1270
1270
1271
1271
1271
1272
1272
1272
1273
1274
1274
1274
1274
1275
1276
1276
1277
1277
1278
1280
1280
1280
1281
1281
1282
1282
1282
1283
1283
1284
1285
1285
1285
1286
1288
1288
1288
1288
1289
1289
1289
1290
1290
1291
1291
1292
1292
1292
1292
1293
1293
1293
1294
1294
1295
1295
1295
1295
1295
1295
1296
1296
1298
1298
1298
1299
1300
1300
1300
1300
1300
1302
1302
1302
1303
1304
1304
1305
1305
1306
1306
1306
1307
1308
1308
1308
1308
1308
1309
1309
1310
1310
1310
1310
1311
1311
1312
1312
1312
1316
1316
1317
1318
1319
1320
1320
1320
1322
1322
1322
1322
1322
1323
1323
1323
1324
1324
1324
1325
1326
1326
1327
1327
1327
1327
1328
1328
1329
1329
1329
1329
1330
1331
1331
1331
1331
1331
1331
1332
1332
1333
1333
1334
1336
1337
1337
1337
1337
1338
1338
1339
1339
1339
1340
1341
1342
1342
1343
1343
1343
1344
1344
1345
1345
1346
1346
1346
1346
1346
1347
1348
1349
1349
1349
1349
1350
1350
1350
1350
1351
1351
1351
1352
1353
1353
1353
1353
1353
1353
1353
1354
1355
1356
1356
1356
1356
1357
1358
1360
1360
1362
1362
1362
1363
1363
1363
1364
1365
1365
1365
1366
1367
1367
1369
1369
1369
1370
1370
1370
1371
1371
1371
1371
1372
1372
1372
1372
1372
1373
1373
1373
1373
1373
1374
1374
1374
1377
1377
1377
1378
1379
1379
1379
1379
1380
1380
1381
1381
1381
1383
1383
1383
1384
1384
1384
1385
1385
1385
1385
1385
1385
1386
1387
1387
1387
1388
1389
1389
1389
1390
1391
1391
1391
1391
1391
1392
1392
1393
1395
1395
1396
1396
1397
1397
1398
1398
1398
1399
1399
1399
1399
1400
1400
1400
1400
1401
1401
1401
1402
1403
1404
1404
1404
1404
1405
1405
1405
1406
1407
1407
1408
1409
1409
1409
1410
1410
1410
1410
1411
1411
1411
1411
1412
1414
1415
1415
1415
1415
1416
1417
1417
1418
1418
1418
1418
1419
1419
1419
1419
1420
1420
1421
1421
1421
1422
1425
1425
1425
1425
1425
1425
1426
1426
1427
1427
1427
1427
1428
1428
1429
1429
1430
1430
1430
1430
1431
1431
1431
1432
1432
1433
1433
1433
1434
1434
1435
1436
1436
1436
1437
1438
1438
1438
1438
1438
1439
1439
1441
1442
1443
1443
1443
1443
1444
1444
1444
1445
1446
1446
1446
1447
1447
1448
1449
1450
1450
1450
1450
1450
1451
1451
1451
1452
1452
1453
1455
1455
1455
1455
1455
1456
1457
1457
1458
1458
1458
1458
1459
1459
1459
1459
1459
1460
1460
1460
1461
1462
1462
1462
1463
1463
1463
1464
1464
1464
1464
1464
1464
1465
1465
1466
1466
1467
1468
1469
1470
1470
1471
1471
1471
1472
1473
1473
1474
1474
1475
1476
1477
1477
1477
1477
1478
1479
1479
1480
1480
1480
1480
1481
1481
1482
1482
1482
1483
1483
1484
1484
1484
1484
1484
1484
1485
1485
1485
1485
1485
1486
1486
1487
1487
1489
1489
1490
1490
1491
1491
1492
1492
1492
1493
1493
1493
1493
1494
1494
1495
1495
1495
1496
1496
1496
1497
1499
1499
1500
1500
1500
1501
1501
1502
1502
1502
1502
1504
1506
1507
1507
1507
1507
1507
1508
1508
1508
1508
1508
1509
1510
1510
1510
1511
1511
1511
1512
1512
1512
1512
1512
1513
1514
1515
1515
1516
1517
1518
1518
1518
1519
1519
1520
1521
1521
1522
1522
1523
1523
1523
1523
1523
1523
1524
1525
1525
1525
1526
1526
1526
1527
1527
1527
1527
1528
1528
1529
1530
1531
1532
1533
1533
1533
1533
1534
1534
1534
1535
1536
1536
1536
1536
1537
1538
1538
1539
1539
1539
1540
1540
1540
1541
1542
1542
1542
1542
1543
1543
1544
1544
1545
1545
1546
1546
1547
1548
1548
1548
1549
1549
1549
1549
1550
1551
1551
1551
1552
1552
1552
1552
1553
1553
1554
1554
1555
1555
1555
1555
1555
1556
1556
1556
1557
1557
1557
1557
1558
1558
1558
1559
1559
1559
1559
1560
1562
1562
1563
1563
1564
1564
1564
1564
1564
1565
1566
1566
1567
1567
1567
1568
1568
1568
1568
1569
1569
1569
1570
1571
1572
1572
1572
1572
1572
1572
1573
1573
1574
1574
1574
1575
1575
1576
1576
1577
1577
1579
1579
1580
1580
1580
1583
1583
1583
1584
1584
1585
1586
1586
1586
1587
1587
1587
1588
1588
1589
1589
1590
1590
1590
1591
1591
1592
1593
1593
1593
1593
1593
1594
1594
1594
1594
1595
1595
1595
1596
1596
1596
1596
1596
1596
1597
1597
1597
1597
1598
1598
1598
1598
1599
1599
1600
1600
1600
1600
1601
1601
1601
1603
1603
1604
1604
1604
1604
1605
1606
1607
1608
1608
1608
1609
1609
1609
1611
1612
1612
1612
1612
1612
1614
1614
1614
1614
1614
1614
1615
1616
1616
1616
1617
1617
1617
1618
1619
1619
1620
1620
1620
1621
1621
1622
1622
1622
1624
1624
1624
1624
1625
1625
1626
1626
1626
1627
1627
1627
1627
1627
1628
1628
1628
1629
1629
1629
1630
1631
1631
1632
1632
1632
1632
1633
1633
1633
1634
1635
1636
1637
1637
1637
1638
1638
1638
1639
1640
1640
1641
1641
1642
1642
1643
1643
1644
1644
1644
1644
1644
1645
1646
1647
1648
1649
1649
1650
1651
1651
1652
1652
1653
1653
1654
1656
1656
1656
1656
1657
1657
1657
1657
1657
1657
1657
1658
1659
1659
1659
1660
1660
1660
1661
1661
1661
1661
1662
1662
1664
1666
1666
1666
1666
1667
1667
1667
1667
1667
1667
1668
1668
1669
1669
1669
1669
1670
1670
1670
1670
1671
1672
1673
1673
1674
1675
1675
1675
1675
1676
1676
1676
1677
1677
1677
1678
1678
1678
1679
1679
1679
1679
1680
1680
1680
1681
1681
1681
1682
1682
1682
1683
1684
1684
1684
1686
1686
1686
1687
1687
1689
1689
1691
1691
1692
1693
1693
1693
1694
1694
1694
1696
1697
1697
1697
1698
1698
1698
1699
1699
1700
1700
1700
1700
1701
1701
1702
1702
1702
1702
1703
1703
1704
1705
1705
1705
1707
1707
1707
1708
1708
1709
1709
1709
1710
1710
1710
1710
1710
1711
1711
1711
1712
1712
1712
1713
1714
1715
1715
1716
1716
1718
1718
1718
1719
1719
1720
1720
1722
1722
1723
1723
1723
1723
1723
1725
1726
1726
1726
1726
1726
1726
1727
1727
1727
1729
1729
1729
1730
1730
1730
1730
1731
1731
1732
1732
1732
1733
1734
1734
1734
1734
1735
1735
1736
1736
1736
1737
1737
1738
1738
1739
1739
1740
1740
1740
1740
1741
1743
1744
1744
1745
1745
1745
1745
1747
1747
1747
1747
1748
1750
1750
1750
1750
1750
1751
1751
1752
1753
1755
1755
1756
1756
1756
1756
1757
1757
1757
1758
1758
1758
1759
1759
1760
1761
1761
1761
1762
1762
1762
1763
1763
1763
1763
1763
1764
1764
1764
1765
1766
1766
1766
1766
1766
1766
1767
1767
1769
1769
1769
1769
1769
1770
1770
1770
1771
1771
1772
1772
1772
1772
1773
1773
1774
1774
1775
1775
1776
1777
1777
1778
1779
1780
1781
1782
1783
1783
1783
1784
1784
1784
1784
1784
1784
1785
1785
1785
1785
1787
1788
1788
1789
1790
1790
1790
1791
1792
1792
1792
1792
1793
1793
1793
1795
1795
1795
1795
1796
1799
1800
1800
1800
1802
1803
1803
1804
1804
1805
1805
1805
1805
1806
1807
1809
1809
1811
1811
1811
1811
1811
1812
1812
1813
1815
1815
1815
1815
1815
1816
1816
1817
1817
1817
1818
1819
1819
1822
1822
1822
1823
1823
1824
1824
1825
1825
1826
1826
1827
1828
1828
1828
1828
1829
1829
1829
1829
1830
1830
1830
1832
1832
1832
1832
1833
1834
1834
1834
1835
1835
1835
1836
1836
1838
1839
1842
1842
1842
1842
1843
1843
1843
1844
1844
1844
1844
1844
1844
1844
1845
1845
1848
1848
1849
1849
1850
1850
1850
1850
1850
1852
1852
1853
1854
1854
1854
1854
1856
1857
1857
1857
1858
1858
1858
1858
1858
1859
1859
1860
1860
1860
1861
1861
1863
1864
1865
1866
1866
1867
1867
1867
1867
1869
1870
1870
1871
1872
1872
1873
1873
1874
1874
1876
1876
1876
1876
1876
1877
1877
1877
1878
1878
1879
1879
1880
1881
1881
1881
1882
1882
1884
1885
1886
1886
1886
1886
1887
1887
1888
1888
1889
1890
1890
1890
1890
1893
1893
1894
1894
1894
1895
1895
1895
1898
1899
1899
1899
1900
1900
1901
1901
1901
1901
1902
1903
1903
1903
1904
1904
1904
1907
1907
1908
1908
1909
1910
1910
1911
1911
1911
1911
1912
1913
1913
1913
1913
1914
1914
1916
1916
1917
1917
1917
1918
1918
1919
1919
1919
1919
1920
1920
1920
1920
1920
1921
1921
1922
1923
1924
1924
1924
1924
1925
1925
1925
1926
1926
1927
1927
1928
1928
1928
1928
1929
1929
1929
1929
1930
1931
1931
1931
1931
1932
1933
1933
1933
1934
1934
1934
1934
1935
1935
1936
1936
1936
1936
1937
1938
1938
1938
1938
1939
1939
1939
1939
1940
1940
1941
1941
1942
1943
1943
1944
1945
1945
1946
1946
1947
1947
1947
1947
1947
1948
1948
1949
1949
1950
1950
1950
1951
1953
1953
1953
1954
1954
1954
1955
1956
1956
1956
1957
1957
1958
1960
1960
1960
1961
1962
1963
1963
1963
1963
1964
1964
1964
1965
1965
1965
1965
1966
1966
1966
1966
1966
1968
1968
1968
1968
1970
1971
1971
1972
1972
1973
1974
1974
1974
1976
1976
1977
1978
1979
1979
1980
1981
1981
1981
1982
1982
1983
1983
1984
1984
1984
1985
1986
1986
1987
1988
1989
1989
1989
1990
1991
1991
1991
1991
1992
1992
1994
1994
1995
1997
1998
1999
1999
1999
1999
2000
2000
2000
2000
