
2180
, 220
, 48
, 9
, 259
, 11
, 257
, 152
, 116
, 187
, 81
, 30
, 238
, 129
, 139
, 264
, 4
, 68
, 200
, 187
, 81
, 96
, 172
, 58
, 210
, 105
, 163
, 203
, 65
, 159
, 109
, 157
, 111
, 258
, 10
, 91
, 177
, 60
, 208
, 98
, 170
, 191
, 77
, 125
, 143
, 70
, 198
, 109
, 159
, 66
, 202
, 228
, 40
, 30
, 238
, 210
, 58
, 178
, 90
, 178
, 90
, 160
, 108
, 108
, 160
, 224
, 44
, 181
, 87
, 221
, 47
, 171
, 97
, 19
, 249
, 104
, 164
, 4
, 264
, 68
, 200
, 100
, 168
, 48
, 220
, 131
, 137
, 116
, 152
, 103
, 165
, 61
, 207
, 151
, 117
, 166
, 102
, 176
, 92
, 175
, 93
, 193
, 75
, 41
, 227
, 103
, 165
, 161
, 107
, 225
, 43
, 241
, 27
, 48
, 220
, 133
, 135
, 250
, 18
, 83
, 185
, 51
, 217
, 200
, 68
, 222
, 46
, 112
, 156
, 180
, 88
, 202
, 66
, 7
, 261
, 190
, 78
, 27
, 241
, 56
, 212
, 252
, 16
, 98
, 170
, 147
, 121
, 104
, 164
, 22
, 246
, 181
, 87
, 130
, 138
, 129
, 139
, 36
, 232
, 102
, 166
, 74
, 194
, 158
, 110
, 68
, 200
, 85
, 183
, 240
, 28
, 107
, 161
, 199
, 69
, 44
, 224
, 244
, 24
, 20
, 248
, 44
, 224
, 102
, 166
, 9
, 259
, 27
, 241
, 210
, 58
, 137
, 131
, 190
, 78
, 172
, 96
, 54
, 214
, 50
, 218
, 89
, 179
, 187
, 81
, 242
, 26
, 149
, 119
, 210
, 58
, 43
, 225
, 30
, 238
, 214
, 54
, 185
, 83
, 69
, 199
, 138
, 130
, 85
, 183
, 197
, 71
, 260
, 8
, 131
, 137
, 111
, 157
, 31
, 237
, 37
, 231
, 50
, 218
, 259
, 9
, 42
, 226
, 35
, 233
, 101
, 167
, 244
, 24
, 195
, 73
, 76
, 192
, 205
, 63
, 173
, 95
, 48
, 220
, 25
, 243
, 26
, 242
, 49
, 219
, 205
, 63
, 46
, 222
, 234
, 34
, 11
, 257
, 236
, 32
, 45
, 223
, 235
, 33
, 127
, 141
, 92
, 176
, 50
, 218
, 126
, 142
, 12
, 256
, 256
, 12
, 69
, 199
, 236
, 32
, 177
, 91
, 18
, 250
, 234
, 34
, 128
, 140
, 153
, 115
, 136
, 132
, 98
, 170
, 50
, 218
, 138
, 130
, 123
, 145
, 118
, 150
, 212
, 56
, 153
, 115
, 236
, 32
, 113
, 155
, 179
, 89
, 36
, 232
, 117
, 151
, 206
, 62
, 217
, 51
, 237
, 31
, 246
, 22
, 77
, 191
, 68
, 200
, 137
, 131
, 242
, 26
, 247
, 21
, 5
, 263
, 19
, 249
, 208
, 60
, 56
, 212
, 221
, 47
, 232
, 36
, 97
, 171
, 194
, 74
, 168
, 100
, 214
, 54
, 24
, 244
, 229
, 39
, 79
, 189
, 95
, 173
, 11
, 257
, 107
, 161
, 169
, 99
, 27
, 241
, 185
, 83
, 221
, 47
, 124
, 144
, 53
, 215
, 117
, 151
, 57
, 211
, 94
, 174
, 83
, 185
, 219
, 49
, 266
, 2
, 137
, 131
, 6
, 262
, 241
, 27
, 89
, 179
, 123
, 145
, 178
, 90
, 26
, 242
, 111
, 157
, 56
, 212
, 76
, 192
, 244
, 24
, 27
, 241
, 259
, 9
, 233
, 35
, 46
, 222
, 141
, 127
, 87
, 181
, 143
, 125
, 153
, 115
, 164
, 104
, 155
, 113
, 48
, 220
, 234
, 34
, 142
, 126
, 173
, 95
, 50
, 218
, 41
, 227
, 197
, 71
, 129
, 139
, 266
, 2
, 24
, 244
, 3
, 265
, 122
, 146
, 205
, 63
, 30
, 238
, 206
, 62
, 133
, 135
, 187
, 81
, 122
, 146
, 174
, 94
, 107
, 161
, 206
, 62
, 56
, 212
, 233
, 35
, 17
, 251
, 183
, 85
, 48
, 220
, 48
, 220
, 195
, 73
, 47
, 221
, 116
, 152
, 221
, 47
, 156
, 112
, 260
, 8
, 84
, 184
, 188
, 80
, 141
, 127
, 109
, 159
, 95
, 173
, 37
, 231
, 111
, 157
, 139
, 129
, 235
, 33
, 186
, 82
, 62
, 206
, 253
, 15
, 56
, 212
, 121
, 147
, 167
, 101
, 261
, 7
, 4
, 264
, 245
, 23
, 258
, 10
, 59
, 209
, 124
, 144
, 168
, 100
, 120
, 148
, 34
, 234
, 15
, 253
, 181
, 87
, 150
, 118
, 240
, 28
, 52
, 216
, 97
, 171
, 217
, 51
, 214
, 54
, 183
, 85
, 214
, 54
, 222
, 46
, 183
, 85
, 159
, 109
, 247
, 21
, 21
, 247
, 252
, 16
, 115
, 153
, 90
, 178
, 119
, 149
, 67
, 201
, 249
, 19
, 127
, 141
, 127
, 141
, 94
, 174
, 46
, 222
, 14
, 254
, 24
, 244
, 98
, 170
, 141
, 127
, 72
, 196
, 264
, 4
, 6
, 262
, 184
, 84
, 41
, 227
, 262
, 6
, 195
, 73
, 69
, 199
, 123
, 145
, 124
, 144
, 27
, 241
, 45
, 223
, 216
, 52
, 149
, 119
, 245
, 23
, 192
, 76
, 241
, 27
, 59
, 209
, 210
, 58
, 231
, 37
, 37
, 231
, 240
, 28
, 63
, 205
, 161
, 107
, 130
, 138
, 49
, 219
, 181
, 87
, 105
, 163
, 35
, 233
, 99
, 169
, 204
, 64
, 31
, 237
, 171
, 97
, 15
, 253
, 125
, 143
, 250
, 18
, 262
, 6
, 23
, 245
, 242
, 26
, 84
, 184
, 26
, 242
, 168
, 100
, 60
, 208
, 153
, 115
, 220
, 48
, 190
, 78
, 131
, 137
, 92
, 176
, 176
, 92
, 167
, 101
, 5
, 263
, 253
, 15
, 129
, 139
, 96
, 172
, 114
, 154
, 112
, 156
, 108
, 160
, 248
, 20
, 106
, 162
, 264
, 4
, 103
, 165
, 197
, 71
, 216
, 52
, 101
, 167
, 78
, 190
, 190
, 78
, 213
, 55
, 209
, 59
, 90
, 178
, 116
, 152
, 201
, 67
, 187
, 81
, 148
, 120
, 73
, 195
, 215
, 53
, 127
, 141
, 223
, 45
, 166
, 102
, 84
, 184
, 41
, 227
, 55
, 213
, 237
, 31
, 258
, 10
, 176
, 92
, 125
, 143
, 170
, 98
, 72
, 196
, 101
, 167
, 202
, 66
, 24
, 244
, 44
, 224
, 50
, 218
, 81
, 187
, 104
, 164
, 6
, 262
, 33
, 235
, 194
, 74
, 46
, 222
, 88
, 180
, 59
, 209
, 241
, 27
, 261
, 7
, 5
, 263
, 81
, 187
, 3
, 265
, 224
, 44
, 75
, 193
, 68
, 200
, 226
, 42
, 155
, 113
, 101
, 167
, 205
, 63
, 30
, 238
, 5
, 263
, 68
, 200
, 230
, 38
, 253
, 15
, 139
, 129
, 253
, 15
, 250
, 18
, 41
, 227
, 88
, 180
, 70
, 198
, 123
, 145
, 41
, 227
, 67
, 201
, 208
, 60
, 79
, 189
, 229
, 39
, 99
, 169
, 16
, 252
, 6
, 262
, 245
, 23
, 116
, 152
, 185
, 83
, 67
, 201
, 236
, 32
, 141
, 127
, 180
, 88
, 17
, 251
, 147
, 121
, 31
, 237
, 38
, 230
, 203
, 65
, 183
, 85
, 166
, 102
, 14
, 254
, 222
, 46
, 182
, 86
, 200
, 68
, 82
, 186
, 88
, 180
, 3
, 265
, 93
, 175
, 109
, 159
, 140
, 128
, 221
, 47
, 107
, 161
, 33
, 235
, 88
, 180
, 174
, 94
, 136
, 132
, 83
, 185
, 55
, 213
, 45
, 223
, 72
, 196
, 235
, 33
, 79
, 189
, 181
, 87
, 133
, 135
, 36
, 232
, 9
, 259
, 104
, 164
, 2
, 266
, 219
, 49
, 206
, 62
, 12
, 256
, 153
, 115
, 57
, 211
, 262
, 6
, 118
, 150
, 94
, 174
, 11
, 257
, 208
, 60
, 30
, 238
, 188
, 80
, 211
, 57
, 174
, 94
, 207
, 61
, 215
, 53
, 198
, 70
, 67
, 201
, 68
, 200
, 38
, 230
, 163
, 105
, 33
, 235
, 185
, 83
, 258
, 10
, 16
, 252
, 144
, 124
, 152
, 116
, 261
, 7
, 87
, 181
, 71
, 197
, 204
, 64
, 8
, 260
, 202
, 66
, 14
, 254
, 254
, 14
, 200
, 68
, 129
, 139
, 27
, 241
, 23
, 245
, 116
, 152
, 51
, 217
, 97
, 171
, 209
, 59
, 57
, 211
, 146
, 122
, 126
, 142
, 67
, 201
, 125
, 143
, 77
, 191
, 221
, 47
, 76
, 192
, 164
, 104
, 249
, 19
, 254
, 14
, 68
, 200
, 203
, 65
, 47
, 221
, 166
, 102
, 224
, 44
, 245
, 23
, 215
, 53
, 238
, 30
, 246
, 22
, 136
, 132
, 5
, 263
, 138
, 130
, 154
, 114
, 233
, 35
, 192
, 76
, 58
, 210
, 45
, 223
, 57
, 211
, 233
, 35
, 46
, 222
, 34
, 234
, 7
, 261
, 159
, 109
, 59
, 209
, 162
, 106
, 68
, 200
, 108
, 160
, 238
, 30
, 48
, 220
, 44
, 224
, 255
, 13
, 112
, 156
, 57
, 211
, 146
, 122
, 111
, 157
, 101
, 167
, 243
, 25
, 149
, 119
, 158
, 110
, 24
, 244
, 64
, 204
, 47
, 221
, 204
, 64
, 157
, 111
, 248
, 20
, 115
, 153
, 245
, 23
, 227
, 41
, 33
, 235
, 154
, 114
, 264
, 4
, 200
, 68
, 114
, 154
, 10
, 258
, 52
, 216
, 68
, 200
, 63
, 205
, 84
, 184
, 166
, 102
, 32
, 236
, 79
, 189
, 59
, 209
, 9
, 259
, 208
, 60
, 153
, 115
, 145
, 123
, 190
, 78
, 188
, 80
, 183
, 85
, 217
, 51
, 159
, 109
, 231
, 37
, 59
, 209
, 57
, 211
, 138
, 130
, 153
, 115
, 124
, 144
, 17
, 251
, 84
, 184
, 143
, 125
, 241
, 27
, 140
, 128
, 231
, 37
, 180
, 88
, 79
, 189
, 206
, 62
, 137
, 131
, 210
, 58
, 192
, 76
, 126
, 142
, 177
, 91
, 266
, 2
, 190
, 78
, 37
, 231
, 187
, 81
, 94
, 174
, 138
, 130
, 210
, 58
, 112
, 156
, 13
, 255
, 29
, 239
, 171
, 97
, 91
, 177
, 150
, 118
, 209
, 59
, 49
, 219
, 134
, 134
, 193
, 75
, 214
, 54
, 5
, 263
, 97
, 171
, 3
, 265
, 63
, 205
, 185
, 83
, 101
, 167
, 168
, 100
, 17
, 251
, 204
, 64
, 129
, 139
, 70
, 198
, 85
, 183
, 239
, 29
, 28
, 240
, 21
, 247
, 242
, 26
, 246
, 22
, 241
, 27
, 133
, 135
, 198
, 70
, 65
, 203
, 12
, 256
, 70
, 198
, 116
, 152
, 184
, 84
, 91
, 177
, 236
, 32
, 124
, 144
, 168
, 100
, 53
, 215
, 94
, 174
, 250
, 18
, 146
, 122
, 217
, 51
, 69
, 199
, 9
, 259
, 38
, 230
, 120
, 148
, 137
, 131
, 210
, 58
, 167
, 101
, 139
, 129
, 111
, 157
, 75
, 193
, 158
, 110
, 119
, 149
, 38
, 230
, 218
, 50
, 64
, 204
, 239
, 29
, 153
, 115
, 261
, 7
, 232
, 36
, 236
, 32
, 85
, 183
, 57
, 211
, 124
, 144
, 5
, 263
, 116
, 152
, 41
, 227
, 19
, 249
, 60
, 208
, 4
, 264
, 160
, 108
, 245
, 23
, 51
, 217
, 78
, 190
, 134
, 134
, 221
, 47
, 50
, 218
, 134
, 134
, 45
, 223
, 258
, 10
, 75
, 193
, 35
, 233
, 61
, 207
, 250
, 18
, 160
, 108
, 33
, 235
, 106
, 162
, 235
, 33
, 54
, 214
, 222
, 46
, 34
, 234
, 221
, 47
, 211
, 57
, 133
, 135
, 88
, 180
, 4
, 264
, 136
, 132
, 124
, 144
, 88
, 180
, 144
, 124
, 204
, 64
, 98
, 170
, 78
, 190
, 143
, 125
, 98
, 170
, 211
, 57
, 192
, 76
, 47
, 221
, 52
, 216
, 64
, 204
, 59
, 209
, 156
, 112
, 183
, 85
, 75
, 193
, 67
, 201
, 33
, 235
, 159
, 109
, 210
, 58
, 60
, 208
, 69
, 199
, 203
, 65
, 159
, 109
, 121
, 147
, 232
, 36
, 15
, 253
, 11
, 257
, 198
, 70
, 10
, 258
, 81
, 187
, 21
, 247
, 209
, 59
, 167
, 101
, 73
, 195
, 15
, 253
, 255
, 13
, 194
, 74
, 2
, 266
, 89
, 179
, 14
, 254
, 4
, 264
, 105
, 163
, 6
, 262
, 55
, 213
, 252
, 16
, 161
, 107
, 74
, 194
, 232
, 36
, 100
, 168
, 136
, 132
, 93
, 175
, 227
, 41
, 38
, 230
, 79
, 189
, 63
, 205
, 108
, 160
, 39
, 229
, 214
, 54
, 26
, 242
, 9
, 259
, 126
, 142
, 234
, 34
, 136
, 132
, 219
, 49
, 97
, 171
, 146
, 122
, 188
, 80
, 222
, 46
, 111
, 157
, 174
, 94
, 129
, 139
, 36
, 232
, 177
, 91
, 111
, 157
, 238
, 30
, 247
, 21
, 242
, 26
, 29
, 239
, 196
, 72
, 36
, 232
, 260
, 8
, 65
, 203
, 142
, 126
, 212
, 56
, 120
, 148
, 231
, 37
, 190
, 78
, 20
, 248
, 174
, 94
, 258
, 10
, 89
, 179
, 74
, 194
, 37
, 231
, 83
, 185
, 174
, 94
, 215
, 53
, 226
, 42
, 191
, 77
, 224
, 44
, 167
, 101
, 188
, 80
, 212
, 56
, 22
, 246
, 68
, 200
, 144
, 124
, 95
, 173
, 9
, 259
, 95
, 173
, 124
, 144
, 62
, 206
, 92
, 176
, 182
, 86
, 10
, 258
, 26
, 242
, 109
, 159
, 51
, 217
, 176
, 92
, 144
, 124
, 225
, 43
, 220
, 48
, 208
, 60
, 131
, 137
, 88
, 180
, 93
, 175
, 235
, 33
, 222
, 46
, 54
, 214
, 147
, 121
, 66
, 202
, 209
, 59
, 103
, 165
, 37
, 231
, 241
, 27
, 87
, 181
, 229
, 39
, 111
, 157
, 141
, 127
, 223
, 45
, 227
, 41
, 54
, 214
, 163
, 105
, 251
, 17
, 36
, 232
, 128
, 140
, 199
, 69
, 200
, 68
, 42
, 226
, 35
, 233
, 117
, 151
, 94
, 174
, 66
, 202
, 75
, 193
, 111
, 157
, 199
, 69
, 168
, 100
, 130
, 138
, 97
, 171
, 27
, 241
, 24
, 244
, 64
, 204
, 119
, 149
, 150
, 118
, 13
, 255
, 214
, 54
, 185
, 83
, 227
, 41
, 243
, 25
, 138
, 130
, 247
, 21
, 118
, 150
, 143
, 125
, 174
, 94
, 224
, 44
, 170
, 98
, 252
, 16
, 114
, 154
, 70
, 198
, 237
, 31
, 206
, 62
, 122
, 146
, 62
, 206
, 226
, 42
, 58
, 210
, 83
, 185
, 163
, 105
, 139
, 129
, 119
, 149
, 218
, 50
, 164
, 104
, 154
, 114
, 151
, 117
, 247
, 21
, 161
, 107
, 126
, 142
, 211
, 57
, 73
, 195
, 226
, 42
, 2
, 266
, 247
, 21
, 75
, 193
, 251
, 17
, 78
, 190
, 109
, 159
, 19
, 249
, 225
, 43
, 233
, 35
, 119
, 149
, 231
, 37
, 99
, 169
, 129
, 139
, 189
, 79
, 257
, 11
, 138
, 130
, 87
, 181
, 79
, 189
, 7
, 261
, 225
, 43
, 221
, 47
, 40
, 228
, 264
, 4
, 204
, 64
, 69
, 199
, 65
, 203
, 82
, 186
, 118
, 150
, 104
, 164
, 125
, 143
, 183
, 85
, 154
, 114
, 217
, 51
, 222
, 46
, 152
, 116
, 111
, 157
, 250
, 18
, 207
, 61
, 131
, 137
, 30
, 238
, 127
, 141
, 151
, 117
, 60
, 208
, 8
, 260
, 162
, 106
, 224
, 44
, 29
, 239
, 224
, 44
, 151
, 117
, 52
, 216
, 70
, 198
, 88
, 180
, 74
, 194
, 205
, 63
, 161
, 107
, 244
, 24
, 15
, 253
, 241
, 27
, 75
, 193
, 153
, 115
, 244
, 24
, 256
, 12
, 135
, 133
, 73
, 195
, 101
, 167
, 119
, 149
, 3
, 265
, 94
, 174
, 180
, 88
, 256
, 12
, 181
, 87
, 50
, 218
, 27
, 241
, 54
, 214
, 93
, 175
, 218
, 50
, 263
, 5
, 220
, 48
, 210
, 58
, 99
, 169
, 55
, 213
, 198
, 70
, 113
, 155
, 1
, 267
, 254
, 14
, 211
, 57
, 40
, 228
, 100
, 168
, 95
, 173
, 83
, 185
, 178
, 90
, 4
, 264
, 84
, 184
, 247
, 21
, 141
, 127
, 155
, 113
, 216
, 52
, 265
, 3
, 145
, 123
, 266
, 2
, 39
, 229
, 197
, 71
, 15
, 253
, 265
, 3
, 222
, 46
, 160
, 108
, 60
, 208
, 143
, 125
, 18
, 250
, 184
, 84
, 83
, 185
, 236
, 32
, 129
, 139
, 6
, 262
, 197
, 71
, 92
, 176
, 179
, 89
, 99
, 169
, 123
, 145
, 225
, 43
, 155
, 113
, 229
, 39
, 81
, 187
, 154
, 114
, 36
, 232
, 46
, 222
, 261
, 7
, 260
, 8
, 81
, 187
, 12
, 256
, 78
, 190
, 228
, 40
, 34
, 234
, 209
, 59
, 158
, 110
, 111
, 157
, 33
, 235
, 166
, 102
, 226
, 42
, 230
, 38
, 163
, 105
, 116
, 152
, 4
, 264
, 106
, 162
, 14
, 254
, 265
, 3
, 9
, 259
, 43
, 225
, 111
, 157
, 102
, 166
, 59
, 209
, 137
, 131
, 200
, 68
, 140
, 128
, 134
, 134
, 104
, 164
, 30
, 238
, 95
, 173
, 68
, 200
, 4
, 264
, 35
, 233
, 121
, 147
, 165
, 103
, 232
, 36
, 147
, 121
, 260
, 8
, 204
, 64
, 100
, 168
, 46
, 222
, 212
, 56
, 115
, 153
, 112
, 156
, 13
, 255
, 252
, 16
, 163
, 105
, 183
, 85
, 172
, 96
, 197
, 71
, 25
, 243
, 155
, 113
, 128
, 140
, 181
, 87
, 144
, 124
, 20
, 248
, 226
, 42
, 95
, 173
, 69
, 199
, 59
, 209
, 58
, 210
, 53
, 215
, 77
, 191
, 135
, 133
, 58
, 210
, 148
, 120
, 137
, 131
, 129
, 139
, 44
, 224
, 160
, 108
, 127
, 141
, 167
, 101
, 206
, 62
, 47
, 221
, 220
, 48
, 152
, 116
, 32
, 236
, 245
, 23
, 209
, 59
, 130
, 138
, 202
, 66
, 108
, 160
, 39
, 229
, 202
, 66
, 47
, 221
, 232
, 36
, 188
, 80
, 91
, 177
, 26
, 242
, 13
, 255
, 260
, 8
, 9
, 259
, 90
, 178
, 124
, 144
, 145
, 123
, 64
, 204
, 21
, 247
, 177
, 91
, 209
, 59
, 26
, 242
, 211
, 57
, 190
, 78
, 123
, 145
, 264
, 4
, 172
, 96
, 242
, 26
, 197
, 71
, 43
, 225
, 41
, 227
, 237
, 31
, 175
, 93
, 178
, 90
, 217
, 51
, 219
, 49
, 149
, 119
, 214
, 54
, 150
, 118
, 151
, 117
, 37
, 231
, 131
, 137
, 55
, 213
, 148
, 120
, 29
, 239
, 113
, 155
, 120
, 148
, 56
, 212
, 243
, 25
, 128
, 140
, 265
, 3
, 254
, 14
, 210
, 58
, 52
, 216
, 14
, 254
, 246
, 22
, 262
, 6
, 141
, 127
, 114
, 154
, 251
, 17
, 60
, 208
, 222
, 46
, 63
, 205
, 32
, 236
, 68
, 200
, 178
, 90
, 164
, 104
, 115
, 153
, 5
, 263
, 83
, 185
, 195
, 73
, 168
, 100
, 164
, 104
, 29
, 239
, 167
, 101
, 54
, 214
, 66
, 202
, 172
, 96
, 259
, 9
, 255
, 13
, 238
, 30
, 266
, 2
, 23
, 245
, 245
, 23
, 240
, 28
, 206
, 62
, 143
, 125
, 231
, 37
, 118
, 150
, 38
, 230
, 63
, 205
, 72
, 196
, 162
, 106
, 120
, 148
, 229
, 39
, 9
, 259
, 103
, 165
, 90
, 178
, 199
, 69
, 72
, 196
, 134
, 134
, 109
, 159
, 11
, 257
, 92
, 176
, 255
, 13
, 26
, 242
, 238
, 30
, 171
, 97
, 205
, 63
, 148
, 120
, 13
, 255
, 244
, 24
, 147
, 121
, 61
, 207
, 247
, 21
, 132
, 136
, 66
, 202
, 218
, 50
, 118
, 150
, 245
, 23
, 76
, 192
, 36
, 232
, 86
, 182
, 181
, 87
, 54
, 214
, 61
, 207
, 12
, 256
, 41
, 227
, 195
, 73
, 225
, 43
, 145
, 123
, 219
, 49
, 264
, 4
, 173
, 95
, 124
, 144
, 23
, 245
, 178
, 90
, 53
, 215
, 144
, 124
, 41
, 227
, 144
, 124
, 230
, 38
, 254
, 14
, 212
, 56
, 102
, 166
, 162
, 106
, 160
, 108
, 189
, 79
, 265
, 3
, 189
, 79
, 143
, 125
, 186
, 82
, 170
, 98
, 266
, 2
, 66
, 202
, 117
, 151
, 94
, 174
, 69
, 199
, 86
, 182
, 49
, 219
, 128
, 140
, 200
, 68
, 188
, 80
, 244
, 24
, 243
, 25
, 264
, 4
, 181
, 87
, 231
, 37
, 191
, 77
, 48
, 220
, 141
, 127
, 183
, 85
, 93
, 175
, 57
, 211
, 152
, 116
, 232
, 36
, 220
, 48
, 83
, 185
, 93
, 175
, 233
, 35
, 44
, 224
, 167
, 101
, 130
, 138
, 225
, 43
, 158
, 110
, 254
, 14
, 91
, 177
, 250
, 18
, 38
, 230
, 144
, 124
, 196
, 72
, 11
, 257
, 188
, 80
, 137
, 131
, 219
, 49
, 86
, 182
, 2
, 266
, 14
, 254
, 199
, 69
, 243
, 25
, 30
, 238
, 97
, 171
, 42
, 226
, 102
, 166
, 162
, 106
, 122
, 146
, 197
, 71
, 199
, 69
, 40
, 228
, 177
, 91
, 166
, 102
, 107
, 161
, 218
, 50
, 228
, 40
, 163
, 105
, 96
, 172
, 162
, 106
, 128
, 140
, 111
, 157
, 218
, 50
, 135
, 133
, 181
, 87
, 162
, 106
, 94
, 174
, 41
, 227
, 64
, 204
, 93
, 175
, 23
, 245
, 41
, 227
, 155
, 113
, 110
, 158
, 123
, 145
, 145
, 123
, 126
, 142
, 93
, 175
, 17
, 251
, 219
, 49
, 201
, 67
, 170
, 98
, 200
, 68
, 33
, 235
, 178
, 90
, 78
, 190
, 143
, 125
, 61
, 207
, 234
, 34
, 109
, 159
, 260
, 8
, 177
, 91
, 153
, 115
, 56
, 212
, 169
, 99
, 97
, 171
, 209
, 59
, 125
, 143
, 55
, 213
, 97
, 171
, 171
, 97
, 242
, 26
, 14
, 254
, 237
, 31
, 228
, 40
, 156
, 112
, 44
, 224
, 91
, 177
, 144
, 124
, 60
, 208
, 78
, 190
, 100
, 168
, 181
, 87
, 87
, 181
, 132
, 136
, 150
, 118
, 220
, 48
, 263
, 5
, 116
, 152
, 105
, 163
, 40
, 228
, 133
, 135
, 261
, 7
, 109
, 159
, 145
, 123
, 126
, 142
, 26
, 242
, 53
, 215
, 150
, 118
, 62
, 206
, 75
, 193
, 222
, 46
, 247
, 21
, 171
, 97
, 103
, 165
, 122
, 146
, 40
, 228
, 31
, 237
, 26
, 242
, 34
, 234
, 229
, 39
, 231
, 37
, 186
, 82
, 189
, 79
, 218
, 50
, 134
, 134
, 155
, 113
, 48
, 220
, 194
, 74
, 126
, 142
, 203
, 65
, 39
, 229
, 243
, 25
, 242
, 26
, 118
, 150
, 189
, 79
, 210
, 58
, 124
, 144
, 13
, 255
, 246
, 22
, 220
, 48
, 130
, 138
, 66
, 202
, 134
, 134
, 153
, 115
, 41
, 227
, 87
, 181
, 84
, 184
, 138
, 130
, 132
, 136
, 234
, 34
, 8
, 260
, 13
, 255
, 112
, 156
, 50
, 218
, 139
, 129
, 118
, 150
, 151
, 117
, 90
, 178
, 254
, 14
, 44
, 224
, 9
, 259
, 58
, 210
, 108
, 160
, 225
, 43
, 49
, 219
, 266
, 2
, 89
, 179
, 54
, 214
, 231
, 37
, 52
, 216
, 253
, 15
, 10
, 258
, 87
, 181
, 73
, 195
, 91
, 177
, 194
, 74
, 193
, 75
, 122
, 146
, 167
, 101
, 1
, 267
, 50
, 218
, 3
, 265
, 45
, 223
, 145
, 123
, 163
, 105
, 265
, 3
, 142
, 126
, 41
, 227
, 35
, 233
, 60
, 208
, 118
, 150
, 129
, 139
, 154
, 114
, 76
, 192
, 11
, 257
, 217
, 51
, 221
, 47
, 51
, 217
, 11
, 257
, 68
, 200
, 35
, 233
, 52
, 216
, 144
, 124
, 71
, 197
, 116
, 152
, 130
, 138
, 54
, 214
, 48
, 220
, 63
, 205
, 226
, 42
, 142
, 126
, 114
, 154
, 207
, 61
, 182
, 86
, 37
, 231
, 118
, 150
, 189
, 79
, 149
, 119
, 12
, 256
, 247
, 21
, 180
, 88
, 235
, 33
, 124
, 144
, 14
, 254
, 195
, 73
, 144
, 124
, 26
, 242
, 148
, 120
, 130
, 138
, 166
, 102
, 167
, 101
, 177
, 91
, 32
, 236
, 129
, 139
, 143
, 125
, 174
, 94
, 52
, 216
, 220
, 48
, 150
, 118
, 202
, 66
, 100
, 168
, 111
, 157
, 134
, 134
, 142
, 126
, 198
, 70
, 198
, 70
, 245
, 23
, 209
, 59
, 184
, 84
, 133
, 135
, 152
, 116
, 245
, 23
, 251
, 17
, 31
, 237
, 186
, 82
, 85
, 183
, 144
, 124
, 196
, 72
, 243
, 25
, 21
, 247
, 59
, 209
, 101
, 167
, 41
, 227
, 144
, 124
, 230
, 38
, 132
, 136
, 119
, 149
, 255
, 13
, 227
, 41
, 110
, 158
, 231
, 37
, 34
, 234
, 150
, 118
, 158
, 110
, 38
, 230
, 178
, 90
, 264
, 4
, 108
, 160
, 182
, 86
, 135
, 133
, 106
, 162
, 180
, 88
, 125
, 143
, 198
, 70
, 205
, 63
, 249
, 19
, 213
, 55
, 177
, 91
, 202
, 66
, 115
, 153
, 148
, 120
, 260
, 8
, 39
, 229
, 105
, 163
, 42
, 226
, 122
, 146
, 149
, 119
, 188
, 80
, 161
, 107
, 126
, 142
, 118
, 150
, 155
, 113
, 103
, 165
, 38
, 230
, 156
, 112
, 66
, 202
, 37
, 231
, 127
, 141
, 243
, 25
, 156
, 112
, 140
, 128
, 230
, 38
, 207
, 61
, 31
, 237
, 150
, 118
, 73
, 195
, 72
, 196
, 13
, 255
, 123
, 145
, 174
, 94
, 8
, 260
, 1
, 267
, 100
, 168
, 210
, 58
, 151
, 117
, 126
, 142
, 76
, 192
, 236
, 32
, 160
, 108
, 125
, 143
, 11
, 257
, 9
, 259
, 65
, 203
, 12
, 256
, 264
, 4
, 43
, 225
, 223
, 45
, 54
, 214
, 89
, 179
, 256
, 12
, 136
, 132
, 102
, 166
, 207
, 61
, 210
, 58
, 193
, 75
, 62
, 206
, 171
, 97
, 91
, 177
, 56
, 212
, 180
, 88
, 21
, 247
, 74
, 194
, 173
, 95
, 164
, 104
, 169
, 99
, 148
, 120
, 143
, 125
, 73
, 195
, 188
, 80
, 258
, 10
, 162
, 106
, 191
, 77
, 251
, 17
, 72
, 196
, 33
, 235
, 12
, 256
, 193
, 75
, 203
, 65
, 242
, 26
, 29
, 239
, 91
, 177
, 40
, 228
, 22
, 246
, 239
, 29
, 157
, 111
, 140
, 128
, 256
, 12
, 251
, 17
, 23
, 245
, 179
, 89
, 264
, 4
, 178
, 90
, 238
, 30
, 173
, 95
, 42
, 226
, 239
, 29
, 181
, 87
, 14
, 254
, 202
, 66
, 225
, 43
, 65
, 203
, 89
, 179
, 139
, 129
, 185
, 83
, 108
, 160
, 10
, 258
, 135
, 133
, 12
, 256
, 200
, 68
, 226
, 42
, 88
, 180
, 194
, 74
, 224
, 44
, 90
, 178
, 128
, 140
, 243
, 25
, 264
, 4
, 48
, 220
, 216
, 52
, 259
, 9
, 162
, 106
, 76
, 192
, 191
, 77
, 59
, 209
, 156
, 112
, 204
, 64
, 52
, 216
, 47
, 221
, 236
, 32
, 164
, 104
, 237
, 31
, 67
, 201
, 223
, 45
, 52
, 216
, 171
, 97
, 24
, 244
, 44
, 224
, 173
, 95
, 16
, 252
, 224
, 44
, 25
, 243
, 16
, 252
, 211
, 57
, 10
, 258
, 85
, 183
, 192
, 76
, 8
, 260
, 166
, 102
, 112
, 156
, 121
, 147
, 72
, 196
, 176
, 92
, 72
, 196
, 130
, 138
, 112
, 156
, 131
, 137
, 25
, 243
, 129
, 139
, 38
, 230
, 244
, 24
, 2
, 266
, 134
, 134
, 59
, 209
, 89
, 179
, 164
, 104
, 33
, 235
, 16
, 252
, 68
, 200
, 252
, 16
, 7
, 261
, 111
, 157
, 33
, 235
, 24
, 244
, 37
, 231
, 239
, 29
, 52
, 216
, 144
, 124
, 172
, 96
, 48
, 220
, 209
, 59
, 241
, 27
, 245
, 23
, 223
, 45
, 50
, 218
, 24
, 244
, 45
, 223
, 224
, 44
, 230
, 38
, 61
, 207
, 17
, 251
, 59
, 209
, 256
, 12
, 200
, 68
, 185
, 83
, 140
, 128
, 124
, 144
, 42
, 226
, 147
, 121
, 131
, 137
, 17
, 251
, 189
, 79
, 8
, 260
, 201
, 67
, 3
, 265
, 195
, 73
, 184
, 84
, 74
, 194
, 70
, 198
, 26
, 242
, 236
, 32
, 104
, 164
, 178
, 90
, 150
, 118
, 195
, 73
, 127
, 141
, 179
, 89
, 241
, 27
, 11
, 257
, 255
, 13
, 84
, 184
, 121
, 147
, 84
, 184
, 75
, 193
, 63
, 205
, 194
, 74
, 245
, 23
, 33
, 235
, 88
, 180
, 251
, 17
, 227
, 41
, 82
, 186
, 58
, 210
, 56
, 212
, 218
, 50
, 2
, 266
, 53
, 215
, 162
, 106
, 66
, 202
, 74
, 194
, 124
, 144
, 54
, 214
, 111
, 157
, 264
, 4
, 186
, 82
, 22
, 246
, 29
, 239
, 82
, 186
, 46
, 222
, 63
, 205
, 214
, 54
, 130
, 138
, 69
, 199
, 221
, 47
, 33
, 235
, 197
, 71
, 109
, 159
, 112
, 156
, 209
, 59
, 162
, 106
, 154
, 114
, 114
, 154
, 161
, 107
, 212
, 56
, 10
, 258
, 125
, 143
, 266
, 2
, 210
, 58
, 115
, 153
, 87
, 181
, 248
, 20
, 180
, 88
, 53
, 215
, 44
, 224
, 174
, 94
, 59
, 209
, 247
, 21
, 67
, 201
, 87
, 181
, 222
, 46
, 7
, 261
, 240
, 28
, 189
, 79
, 236
, 32
, 85
, 183
, 203
, 65
, 195
, 73
, 191
, 77
, 157
, 111
, 89
, 179
, 140
, 128
, 56
, 212
, 162
, 106
, 112
, 156
, 207
, 61
, 101
, 167
, 168
, 100
, 252
, 16
, 163
, 105
, 223
, 45
, 218
, 50
, 184
, 84
, 67
, 201
, 181
, 87
, 70
, 198
, 132
, 136
, 158
, 110
, 257
, 11
, 139
, 129
, 20
, 248
, 254
, 14
, 103
, 165
, 229
, 39
, 9
, 259
, 212
, 56
, 223
, 45
, 33
, 235
, 156
, 112
, 87
, 181
, 198
, 70
, 221
, 47
, 255
, 13
, 206
, 62
, 114
, 154
, 17
, 251
, 237
, 31
, 46
, 222
, 220
, 48
, 44
, 224
, 68
, 200
, 228
, 40
, 252
, 16
, 55
, 213
, 185
, 83
, 220
, 48
, 141
, 127
, 24
, 244
, 94
, 174
, 29
, 239
, 178
, 90
, 91
, 177
, 99
, 169
, 184
, 84
, 264
, 4
, 7
, 261
, 244
, 24
, 204
, 64
, 187
, 81
, 114
, 154
, 88
, 180
, 82
, 186
, 229
, 39
, 76
, 192
, 122
, 146
, 36
, 232
, 2
, 266
, 167
, 101
, 156
, 112
, 112
, 156
, 264
, 4
, 103
, 165
, 54
, 214
, 41
, 227
, 245
, 23
, 54
, 214
, 54
, 214
, 222
, 46
, 183
, 85
, 180
, 88
, 171
, 97
, 18
, 250
, 260
, 8
, 99
, 169
, 180
, 88
, 16
, 252
, 92
, 176
, 74
, 194
, 73
, 195
, 4
, 264
, 115
, 153
, 97
, 171
, 112
, 156
, 141
, 127
, 164
, 104
, 141
, 127
, 200
, 68
, 129
, 139
, 148
, 120
, 116
, 152
, 104
, 164
, 73
, 195
, 10
, 258
, 62
, 206
, 120
, 148
, 107
, 161
, 184
, 84
, 205
, 63
, 60
, 208
, 182
, 86
, 256
, 12
, 72
, 196
, 257
, 11
, 19
, 249
, 141
, 127
, 244
, 24
, 144
, 124
, 105
, 163
, 260
, 8
, 129
, 139
, 213
, 55
, 11
, 257
, 221
, 47
, 93
, 175
, 40
, 228
, 232
, 36
, 83
, 185
, 153
, 115
, 108
, 160
, 9
, 259
, 123
, 145
, 161
, 107
, 191
, 77
, 128
, 140
, 188
, 80
, 248
, 20
, 13
, 255
, 18
, 250
, 21
, 247
, 150
, 118
, 80
, 188
, 86
, 182
, 84
, 184
, 154
, 114
, 89
, 179
, 174
, 94
, 203
, 65
, 201
, 67
, 31
, 237
, 191
, 77
, 100
, 168
, 105
, 163
, 21
, 247
, 253
, 15
, 134
, 134
, 148
, 120
, 200
, 68
, 198
, 70
, 78
, 190
, 231
, 37
, 98
, 170
, 246
, 22
, 202
, 66
, 163
, 105
, 98
, 170
, 96
, 172
, 153
, 115
, 144
, 124
, 205
, 63
, 151
, 117
, 151
, 117
, 241
, 27
, 229
, 39
, 245
, 23
, 191
, 77
, 240
, 28
, 25
, 243
, 214
, 54
, 30
, 238
, 67
, 201
, 58
, 210
, 136
, 132
, 211
, 57
, 54
, 214
, 50
, 218
, 52
, 216
, 256
, 12
, 48
, 220
, 90
, 178
, 132
, 136
, 167
, 101
, 90
, 178
, 146
, 122
, 114
, 154
, 161
, 107
, 193
, 75
, 167
, 101
, 53
, 215
, 117
, 151
, 7
, 261
, 120
, 148
, 68
, 200
, 193
, 75
, 176
, 92
, 18
, 250
, 22
, 246
, 265
, 3
, 83
, 185
, 172
, 96
, 251
, 17
, 137
, 131
, 169
, 99
, 42
, 226
, 97
, 171
, 173
, 95
, 21
, 247
, 210
, 58
, 25
, 243
, 192
, 76
, 162
, 106
, 153
, 115
, 150
, 118
, 14
, 254
, 99
, 169
, 242
, 26
, 154
, 114
, 31
, 237
, 48
, 220
, 36
, 232
, 156
, 112
, 56
, 212
, 164
, 104
, 185
, 83
, 27
, 241
, 249
, 19
, 104
, 164
, 244
, 24
, 48
, 220
, 32
, 236
, 13
, 255
, 258
, 10
, 183
, 85
, 71
, 197
, 160
, 108
, 51
, 217
, 233
, 35
, 237
, 31
, 102
, 166
, 63
, 205
, 234
, 34
, 132
, 136
, 106
, 162
, 107
, 161
, 51
, 217
, 112
, 156
, 75
, 193
, 177
, 91
, 70
, 198
, 122
, 146
, 80
, 188
, 197
, 71
, 44
, 224
, 24
, 244
, 120
, 148
, 84
, 184
, 42
, 226
, 55
, 213
, 103
, 165
, 15
, 253
, 111
, 157
, 63
, 205
, 211
, 57
, 163
, 105
, 26
, 242
, 210
, 58
, 244
, 24
, 85
, 183
, 142
, 126
, 80
, 188
, 250
, 18
, 222
, 46
, 260
, 8
, 115
, 153
