
4375
222
278
563
887
117
798
833
848
425
101
585
484
865
206
463
517
687
583
116
555
958
148
442
100
215
437
826
301
358
486
810
702
126
413
388
771
603
701
295
556
922
603
425
220
156
796
433
179
714
223
978
581
620
907
265
860
330
123
876
228
707
927
174
174
349
501
583
903
143
657
713
161
781
436
389
619
294
981
116
920
785
105
769
981
680
745
614
795
321
699
574
768
428
968
187
215
323
897
647
449
994
127
114
488
290
928
661
510
766
677
181
260
441
201
552
933
870
133
488
702
137
865
977
699
803
192
750
232
931
154
786
562
596
698
159
466
964
638
576
997
519
843
725
445
392
285
845
522
945
260
974
673
473
745
477
459
968
975
567
654
273
617
187
915
424
301
938
293
324
393
569
752
937
482
136
596
196
922
455
711
129
575
989
715
828
411
997
217
986
196
206
791
252
739
885
212
917
494
447
404
115
507
351
670
859
588
911
341
277
819
982
138
270
827
941
391
370
721
589
250
240
433
529
454
158
475
630
799
875
959
824
220
217
743
259
442
220
289
771
504
863
355
852
749
233
720
954
745
250
720
594
863
362
374
263
423
487
358
262
673
419
363
175
916
552
358
457
565
432
854
836
811
684
624
853
388
379
129
958
378
713
547
553
973
165
935
133
875
635
477
480
649
832
351
633
431
270
801
448
964
793
813
860
640
617
216
968
589
984
946
481
143
489
409
846
757
488
188
363
475
622
200
287
734
510
417
407
186
155
948
266
369
323
743
875
243
486
137
436
209
622
966
535
454
805
558
861
629
289
608
592
383
490
345
248
750
555
839
875
632
691
909
934
473
214
636
124
941
813
722
977
915
524
880
405
201
361
102
667
734
965
687
125
631
240
705
451
944
750
692
879
915
259
619
734
557
660
382
935
426
999
450
397
512
394
666
847
552
511
379
529
492
863
655
770
766
615
445
510
309
766
1000
456
948
347
938
310
941
194
592
651
482
583
517
212
240
886
225
866
357
713
661
616
254
608
712
654
751
361
947
170
246
789
412
426
138
849
427
566
761
924
961
488
843
590
845
881
977
554
855
847
105
545
579
615
784
908
375
277
743
974
216
884
374
367
466
674
612
748
450
127
778
204
399
629
348
133
852
536
364
464
514
755
468
131
324
506
382
266
257
213
533
235
466
775
370
947
755
451
219
348
710
608
655
382
207
682
579
821
204
387
941
440
284
446
833
262
804
504
674
150
523
665
665
433
884
734
168
252
580
123
491
424
642
296
798
772
520
907
836
344
859
463
809
664
553
944
197
463
691
693
420
541
107
789
299
370
685
652
687
293
600
765
561
960
333
540
689
176
602
194
575
148
547
360
850
444
593
639
985
755
261
475
418
943
200
335
869
933
902
982
183
148
275
967
289
467
113
740
762
784
139
216
610
782
484
856
221
723
401
893
550
747
463
522
954
827
149
870
858
189
126
893
544
309
701
831
545
402
837
334
160
106
368
617
544
636
992
162
341
610
118
269
974
423
622
713
641
708
121
164
885
623
776
107
452
391
584
142
402
485
963
316
463
784
385
980
542
639
956
515
934
328
511
723
778
358
791
893
766
900
791
567
675
990
501
164
646
467
139
498
350
364
913
535
617
817
790
140
626
132
751
315
406
745
129
572
711
138
886
757
479
718
756
872
229
521
618
944
371
300
852
181
101
739
914
573
858
220
722
690
608
264
746
363
552
254
409
316
303
854
852
348
378
970
443
330
509
275
507
867
758
963
615
415
720
896
304
200
477
166
335
659
245
567
875
239
511
239
220
126
104
558
519
707
506
996
362
287
622
627
513
748
137
806
339
888
352
837
427
212
158
187
276
462
360
540
627
595
334
606
413
120
267
958
314
382
714
629
681
350
868
829
134
942
769
539
614
163
981
810
551
765
917
844
192
611
915
552
603
278
524
228
696
732
794
608
819
140
517
930
169
312
476
242
270
973
282
513
815
727
933
204
242
997
323
814
327
634
689
251
525
675
633
408
605
655
450
776
434
989
948
393
556
350
456
279
886
638
917
793
926
901
538
564
658
705
223
462
491
438
891
736
709
801
347
739
582
168
637
881
872
252
515
808
257
100
830
239
780
406
618
716
444
247
210
639
769
396
719
982
864
457
336
299
785
531
817
402
317
141
999
306
143
251
703
795
808
263
910
371
280
171
923
284
857
429
363
459
362
251
917
831
782
671
995
360
838
590
544
564
731
352
398
644
928
399
402
171
763
714
105
746
932
602
424
462
398
759
317
638
119
272
133
173
782
450
122
121
987
992
789
187
545
826
292
727
101
354
664
102
877
534
191
365
593
566
896
968
824
453
498
356
695
410
543
632
929
113
935
606
310
465
940
924
137
552
133
708
200
924
601
522
548
952
587
785
949
848
855
475
557
263
546
389
738
331
641
142
705
222
729
497
583
343
739
926
845
463
454
539
799
758
847
903
817
380
760
957
383
382
913
329
983
599
362
542
894
325
451
449
275
909
768
538
547
655
827
622
547
258
476
318
628
614
665
164
627
460
542
898
187
193
155
500
508
743
503
711
797
183
828
914
307
944
399
568
229
477
454
428
383
642
652
837
912
344
991
978
168
452
490
660
229
989
284
613
1000
408
655
992
657
932
882
228
596
204
792
620
879
245
752
992
184
839
499
439
187
153
967
594
870
126
565
609
147
670
158
988
960
526
538
353
291
307
946
641
367
976
408
600
777
823
876
955
720
354
902
656
559
813
277
917
632
134
571
586
552
316
929
525
707
549
657
908
200
838
315
931
298
193
208
564
841
736
264
304
452
575
770
335
215
559
291
761
233
809
250
342
623
628
767
476
969
428
352
136
437
875
147
338
895
488
496
715
447
701
180
952
874
726
999
656
514
442
998
673
648
559
675
881
417
803
184
243
594
760
504
976
806
167
548
981
973
308
448
898
413
437
288
429
188
110
634
823
607
575
823
237
675
413
488
678
786
156
918
869
501
422
134
146
398
429
243
256
291
164
731
186
199
524
419
909
851
945
337
446
572
759
581
617
202
534
151
599
233
627
935
742
119
956
515
727
716
897
447
602
696
597
957
594
234
438
631
302
685
141
288
659
454
350
611
739
781
809
640
513
456
427
260
315
537
479
952
442
636
683
450
920
649
918
432
633
433
407
977
131
592
447
724
923
325
489
690
945
277
298
159
310
128
382
928
276
835
568
295
297
365
315
989
695
692
232
867
655
566
513
193
450
217
867
733
790
469
763
592
660
625
969
706
225
733
763
248
999
296
982
109
986
861
956
185
366
881
587
913
846
332
119
487
737
461
768
309
215
966
256
537
568
332
641
733
369
134
801
800
828
672
124
826
563
604
557
283
133
347
357
572
684
287
292
381
428
162
199
675
586
101
725
701
862
321
841
474
230
243
909
585
790
513
968
707
757
727
249
728
200
295
117
541
501
508
785
152
638
139
749
604
810
210
512
405
960
673
951
455
396
682
139
531
347
558
735
714
740
957
796
209
494
611
300
276
932
281
633
214
498
824
107
653
447
534
913
640
276
805
677
310
797
383
257
880
563
241
693
289
997
645
605
928
916
296
512
277
220
833
134
722
418
915
807
900
360
646
844
999
416
681
438
912
681
210
911
767
530
280
301
390
689
922
922
373
796
250
622
555
962
373
934
978
665
517
203
796
200
414
455
771
502
152
209
888
929
200
686
439
128
357
994
484
335
281
243
686
804
888
104
669
436
460
310
521
303
238
536
529
544
203
101
441
404
602
351
808
641
816
772
164
974
203
682
232
158
787
306
231
362
947
285
292
801
738
141
783
556
628
162
1000
170
968
965
362
502
177
656
434
146
909
556
982
562
288
419
442
906
826
922
809
735
244
667
103
658
241
187
458
712
279
543
690
746
132
851
773
562
960
263
848
495
420
917
901
113
529
430
594
289
171
622
133
489
449
597
804
797
925
302
799
126
264
782
775
897
880
748
926
715
414
738
688
725
831
848
636
800
731
758
784
357
592
541
574
638
974
762
213
153
606
957
295
681
581
216
546
805
664
281
306
537
439
567
346
872
455
318
291
322
182
728
576
268
712
315
289
114
708
595
290
197
300
299
735
551
287
444
294
973
815
318
135
545
667
382
557
947
947
678
121
605
357
188
168
273
184
476
599
510
556
844
353
753
255
643
404
173
523
653
948
401
337
364
482
168
276
864
484
360
733
106
155
247
301
788
769
969
418
260
785
454
275
332
959
773
357
573
907
620
226
708
458
239
940
696
439
661
849
862
890
338
224
636
314
629
301
987
271
822
592
371
145
130
518
845
576
887
634
508
415
941
740
516
879
291
389
985
448
486
439
717
433
552
746
583
308
360
547
959
993
155
611
907
491
241
591
836
604
597
400
690
736
687
927
523
979
504
758
424
532
766
603
174
483
392
152
499
509
610
550
566
416
460
660
147
786
798
780
324
198
580
704
491
404
735
919
545
967
937
973
854
722
492
378
632
959
687
127
936
931
661
382
518
740
613
762
658
862
360
522
952
650
990
432
702
545
708
321
133
956
313
138
915
305
645
695
388
695
839
743
228
607
322
903
609
644
528
651
758
927
679
261
134
526
678
662
333
808
223
472
171
167
136
363
229
347
355
270
412
635
132
591
451
645
237
828
735
893
264
376
987
514
952
607
853
263
717
349
998
144
615
151
308
761
293
408
199
944
869
753
817
596
611
386
591
437
830
420
964
224
714
444
963
607
590
419
882
945
789
542
535
471
811
354
481
765
1000
711
737
578
765
857
748
248
539
140
177
532
251
709
714
241
173
865
614
639
879
392
305
294
373
930
246
833
391
305
599
697
578
294
641
475
778
226
326
449
672
186
624
630
213
663
353
264
644
301
138
611
597
237
956
882
549
962
872
884
871
831
747
951
804
118
880
604
360
923
125
522
845
763
391
584
517
242
128
353
498
740
880
338
744
842
894
652
493
958
447
585
141
422
127
323
165
872
933
844
480
823
670
492
122
585
215
202
951
846
969
878
191
750
639
746
601
218
694
335
811
768
353
590
924
655
938
471
741
554
535
477
735
262
797
934
861
446
963
927
164
330
634
151
774
675
245
290
155
335
677
446
271
629
145
619
830
658
625
471
293
678
509
425
331
358
766
458
489
976
605
915
499
710
940
218
990
654
397
634
229
141
811
615
766
689
995
547
818
261
251
119
151
693
539
155
844
441
933
680
761
760
423
530
663
280
402
545
877
716
491
804
531
344
320
278
579
403
454
568
908
486
544
301
727
526
894
100
762
596
932
329
200
198
589
148
608
435
619
304
181
574
829
136
999
125
867
682
392
441
211
300
259
782
288
215
863
288
427
248
754
438
968
971
670
643
655
310
157
164
949
200
144
282
818
708
959
473
912
117
420
173
425
832
487
424
824
595
476
256
216
994
791
843
621
698
928
263
675
194
408
556
978
491
185
567
265
922
487
379
789
213
406
474
816
767
126
829
278
722
759
337
269
986
762
959
106
101
947
388
745
117
214
103
253
676
977
514
692
744
624
887
686
503
720
559
610
356
488
674
286
853
594
896
983
349
489
884
243
862
853
512
528
778
995
963
210
424
219
435
265
196
905
561
273
590
995
923
549
898
480
678
261
724
788
905
676
183
483
410
780
913
629
912
594
496
669
323
714
446
525
623
378
145
135
517
685
373
783
144
796
882
990
346
109
604
451
364
800
859
980
614
535
647
655
220
603
794
155
173
602
738
891
162
455
162
860
463
601
708
232
500
315
524
510
832
864
614
821
421
696
905
535
765
102
817
634
273
446
977
455
688
565
628
275
518
445
957
121
237
617
126
654
412
701
622
133
977
293
646
222
213
597
658
358
403
207
294
457
238
145
954
121
364
900
357
820
585
397
859
684
846
624
892
923
177
904
877
403
104
411
641
414
238
721
376
203
241
484
962
184
865
743
311
257
950
292
905
112
520
936
224
153
566
905
326
752
796
963
279
371
183
478
311
862
740
897
394
104
446
552
730
839
595
563
996
449
220
121
675
798
836
225
436
437
962
594
124
834
851
444
333
455
524
912
684
512
330
381
538
416
628
271
815
417
997
155
497
924
375
239
731
129
360
121
298
222
190
563
752
294
482
233
141
615
207
257
921
596
662
737
590
642
998
391
573
923
197
389
599
605
212
161
570
772
176
681
591
438
156
458
832
257
316
988
781
554
731
858
189
359
285
445
182
797
749
130
918
285
685
801
153
403
287
439
415
763
511
622
517
230
505
914
736
433
198
772
565
982
831
158
155
201
117
461
465
618
581
137
316
479
312
967
852
154
144
575
145
440
669
842
250
223
447
695
676
462
164
940
323
422
259
584
720
984
222
526
710
772
362
210
183
293
212
626
598
991
653
299
140
683
550
369
478
268
904
974
506
676
121
772
534
274
779
488
892
660
711
282
409
864
995
490
282
920
133
682
106
314
960
403
999
775
349
918
118
350
321
920
916
503
745
210
528
372
832
250
104
820
722
661
307
714
708
359
291
870
377
514
707
353
354
637
220
264
819
244
830
282
689
628
977
937
127
780
291
802
852
984
733
217
905
446
445
332
770
618
610
510
588
263
925
501
838
244
173
500
762
390
391
732
546
507
646
460
653
939
719
573
526
803
182
965
619
576
766
586
745
534
580
493
418
976
160
317
472
911
868
233
960
732
121
147
335
294
277
755
803
182
873
149
623
421
553
554
948
655
964
723
969
650
589
240
580
108
584
257
222
140
398
176
777
607
279
649
552
421
193
651
507
877
100
836
578
584
513
371
356
315
378
589
538
779
579
650
490
408
814
601
125
657
264
189
110
585
730
942
766
416
831
550
951
469
329
635
964
829
442
601
523
451
894
309
423
864
899
467
558
917
887
923
471
560
719
868
556
396
318
831
907
607
858
512
296
616
506
186
761
114
624
387
694
581
319
887
320
567
883
673
551
135
898
753
971
498
388
181
884
463
217
611
299
842
308
716
482
927
921
612
998
910
846
287
624
673
451
672
312
981
366
593
479
529
851
422
592
126
147
159
239
956
436
108
625
530
568
332
926
607
941
246
782
807
898
255
262
747
508
794
429
799
341
866
994
239
808
673
108
626
333
929
603
627
964
337
551
794
415
603
437
901
295
220
892
818
507
723
599
937
567
605
302
809
262
281
939
131
536
405
547
245
525
843
516
729
985
500
251
557
695
892
816
868
888
711
225
217
968
828
574
351
753
856
966
924
518
315
958
357
354
596
132
251
464
186
529
610
618
386
995
184
519
256
191
340
684
737
356
790
187
898
868
568
230
378
208
219
154
993
148
794
356
639
323
568
160
567
663
908
787
243
689
251
870
639
520
855
955
837
534
875
844
197
774
533
858
538
225
619
411
613
327
387
397
956
824
116
384
525
398
931
888
432
953
814
417
131
163
119
842
184
125
733
767
531
920
219
436
945
552
882
788
528
948
646
479
467
295
920
438
360
674
908
349
246
700
984
117
139
746
555
993
536
430
958
521
920
284
216
603
608
250
367
362
505
583
697
617
802
179
925
365
598
303
134
737
530
269
377
819
618
818
448
104
953
265
160
989
824
299
232
560
128
931
123
611
742
193
397
609
701
433
986
534
728
582
286
780
446
184
764
935
812
584
215
226
477
874
897
649
762
553
611
336
274
906
664
599
716
212
907
421
193
648
234
689
812
151
844
215
838
869
708
459
627
441
458
655
553
298
827
301
373
854
687
870
697
488
468
878
110
669
905
441
279
876
320
323
668
131
198
806
881
194
762
363
955
680
476
455
196
651
657
716
171
391
114
552
505
323
853
478
462
778
668
690
540
335
636
664
454
636
181
822
735
402
842
524
580
581
460
800
474
781
991
564
455
848
239
594
542
129
565
388
435
231
188
426
531
659
298
387
231
327
819
948
361
835
905
438
542
722
254
928
281
137
111
570
640
640
523
205
729
933
777
832
880
853
345
500
491
222
268
484
479
567
748
391
982
886
322
956
689
742
833
182
442
290
763
738
340
535
120
942
637
149
842
448
505
735
947
985
794
441
138
248
260
604
933
510
290
659
556
387
130
263
910
878
398
377
639
927
734
384
745
773
552
383
341
151
736
939
955
558
587
873
186
531
270
423
844
640
507
439
144
851
204
778
806
771
941
508
862
811
285
702
958
225
563
367
525
413
987
541
911
735
755
633
452
714
497
302
642
861
329
391
394
741
471
586
247
920
268
858
458
528
117
638
234
137
860
460
196
379
135
125
551
297
606
623
990
932
926
911
481
287
922
339
460
155
587
136
611
148
536
873
390
842
727
571
175
634
867
670
203
412
820
453
411
778
291
793
114
780
303
332
968
281
714
692
353
279
922
782
408
734
729
501
789
886
401
705
336
792
440
335
401
531
360
722
385
251
289
161
938
807
972
544
657
983
831
975
382
372
679
926
168
437
498
543
521
629
318
580
918
561
692
608
785
939
725
898
566
743
606
415
219
373
824
254
373
323
330
858
468
983
289
220
626
264
312
318
663
266
939
519
324
444
943
229
959
561
960
986
454
321
906
606
723
886
300
166
192
390
373
657
577
498
684
115
202
375
651
506
582
644
463
533
656
459
116
207
427
212
441
106
890
579
507
226
192
534
144
882
764
692
949
127
635
997
859
811
144
158
436
128
956
532
630
654
843
105
822
474
681
845
703
265
253
691
734
702
570
937
806
876
745
130
610
388
343
201
352
232
248
250
442
323
587
679
373
719
840
419
427
513
104
591
832
841
156
878
691
816
420
689
339
142
765
560
855
271
206
987
302
326
697
769
770
500
504
188
724
655
436
898
852
861
507
822
185
978
167
958
852
328
911
542
390
251
847
536
430
142
395
879
761
693
819
997
679
809
367
209
612
912
934
844
220
697
277
246
932
796
977
239
244
997
436
746
223
205
620
682
687
384
255
361
813
410
760
156
764
352
582
894
426
494
392
828
969
654
350
277
737
575
642
901
357
292
588
444
194
688
525
958
497
257
870
174
456
494
174
748
726
881
646
241
418
108
208
479
455
302
497
943
237
109
230
253
835
209
868
892
876
231
182
217
607
591
217
453
884
447
306
142
249
106
889
963
494
253
353
403
473
222
611
289
854
764
920
205
142
696
403
113
200
943
423
216
925
994
145
290
418
600
394
653
347
847
467
400
178
263
392
479
637
322
671
436
181
866
938
969
629
605
116
467
184
621
779
422
199
550
382
825
589
313
687
916
752
182
883
459
692
103
581
953
154
176
111
832
558
438
505
937
464
301
155
237
543
385
427
602
300
650
129
234
916
935
637
355
933
212
297
896
173
423
940
390
172
619
279
767
286
923
897
296
509
742
136
617
347
135
307
616
788
677
551
302
449
680
446
329
102
902
850
526
866
657
875
415
642
761
644
523
454
617
372
750
588
363
207
727
572
214
264
214
117
384
440
645
913
778
766
530
569
984
324
860
502
233
512
682
681
563
309
415
576
401
770
135
841
931
293
784
406
637
964
331
174
919
175
615
677
653
105
683
528
489
235
751
356
193
710
431
366
967
724
961
319
389
687
406
627
567
288
870
403
443
318
409
432
300
832
715
443
186
653
903
149
210
888
101
542
979
846
970
292
398
138
249
462
886
103
230
836
816
489
760
259
890
424
606
563
802
398
477
212
992
718
457
239
319
271
756
368
499
751
506
564
671
948
886
190
970
762
424
539
168
730
911
564
336
303
245
812
985
380
844
614
165
891
979
911
262
989
813
710
825
696
497
810
268
277
131
683
791
434
112
457
153
722
585
988
500
169
995
678
475
829
726
940
855
796
306
854
587
285
766
461
994
831
833
115
929
391
551
504
812
341
294
475
523
394
334
437
813
162
383
259
355
204
144
129
360
699
451
529
639
773
51
52
52
52
54
54
55
55
56
56
59
59
60
60
62
62
63
64
64
65
65
65
65
66
66
67
68
68
68
68
69
70
70
71
71
71
72
72
73
73
74
75
75
76
76
77
78
79
80
81
81
82
82
82
83
83
84
84
85
86
86
87
87
87
88
88
88
89
89
90
90
91
91
92
92
93
93
93
94
94
95
96
96
96
96
96
98
98
98
98
99
100
100
101
102
102
102
103
103
104
104
104
104
105
106
109
109
109
109
109
110
113
113
114
115
115
116
116
117
117
117
118
118
119
119
120
121
121
122
124
125
125
125
125
125
126
126
127
127
127
127
127
128
128
129
129
129
129
130
130
131
133
133
133
134
134
134
135
135
135
136
136
136
136
136
137
137
138
138
139
139
139
139
139
140
140
140
141
141
142
142
142
143
144
145
145
146
146
147
147
147
149
150
150
150
150
150
150
150
150
151
151
152
153
153
153
154
154
155
155
156
156
156
156
157
157
159
159
160
160
160
160
160
161
161
161
162
163
163
164
164
164
165
165
165
165
165
165
166
168
168
168
169
170
171
171
171
171
171
171
172
172
172
172
174
176
176
177
177
177
177
177
178
178
179
179
179
180
180
180
180
180
181
181
182
182
182
182
183
183
183
183
184
184
184
185
185
185
186
187
187
188
189
189
190
190
190
191
191
191
191
191
191
192
192
193
193
194
194
195
195
195
195
195
196
196
196
197
197
197
197
198
198
198
198
201
201
201
201
202
203
203
203
203
205
205
205
206
206
206
207
207
207
208
209
209
209
209
210
210
210
211
211
212
212
213
213
215
215
216
216
217
219
219
219
219
220
220
221
221
221
221
222
223
223
223
224
224
225
226
226
226
227
227
228
228
228
229
229
229
231
233
233
233
234
234
234
235
235
235
235
235
235
236
236
237
237
238
238
238
238
238
238
239
239
239
239
240
240
240
241
241
241
242
242
243
243
244
244
244
244
245
245
246
247
247
248
249
250
250
250
250
250
250
250
250
251
252
252
252
253
253
254
255
256
258
259
261
261
262
262
263
263
263
264
264
264
265
266
267
268
270
270
270
270
271
271
271
272
272
272
273
273
273
273
274
274
274
276
277
277
277
277
278
278
279
279
280
280
281
281
281
281
282
282
283
283
283
284
284
285
285
285
286
286
286
286
287
287
288
288
288
289
290
290
290
291
291
291
291
292
293
293
293
293
294
295
295
295
296
296
296
296
296
296
297
297
297
298
298
298
299
299
299
299
300
300
300
300
300
300
301
301
302
303
303
303
303
305
307
307
308
308
308
308
308
308
309
309
309
310
310
310
311
311
313
314
315
315
317
317
318
318
319
320
320
321
321
321
322
322
322
322
322
323
324
325
325
325
326
326
326
327
327
330
330
331
331
332
332
332
333
334
334
335
335
335
336
337
337
337
338
338
338
339
339
340
340
340
340
341
341
341
342
343
343
344
344
344
345
345
345
345
345
347
347
347
348
348
348
349
349
349
350
350
351
351
351
353
354
354
354
354
355
355
356
356
357
357
357
357
358
359
360
360
360
360
360
361
362
362
363
364
365
366
366
366
367
367
369
369
369
369
369
370
370
370
370
371
372
372
372
373
373
373
375
375
376
376
377
377
377
377
377
378
378
378
378
378
379
379
380
380
382
382
382
382
383
383
384
384
385
385
386
386
386
387
388
388
389
390
390
390
392
393
393
394
394
395
395
395
396
396
396
397
398
398
398
398
399
400
400
400
402
403
403
403
403
404
404
404
404
405
405
405
406
407
407
409
409
409
409
410
410
410
410
410
411
411
411
412
412
413
414
414
414
414
414
415
415
415
417
417
417
417
417
417
418
418
418
419
419
420
420
421
421
422
423
423
423
424
424
425
425
425
425
425
425
426
426
426
426
426
428
428
429
430
430
430
431
431
431
431
431
431
432
432
432
433
435
435
436
436
437
438
439
439
439
440
441
441
441
441
441
442
442
442
443
443
443
444
444
445
445
445
445
445
446
447
448
448
449
450
451
451
451
452
452
453
453
453
453
454
454
454
455
455
456
456
456
457
457
458
459
459
459
459
460
461
462
462
462
462
462
464
465
465
465
465
465
465
465
466
466
466
467
467
467
468
469
470
470
470
471
471
471
471
472
472
472
472
472
472
473
473
473
474
474
474
474
474
475
476
476
476
477
477
477
478
478
478
479
479
480
480
481
481
481
481
481
482
483
483
483
484
485
486
487
487
487
488
488
488
490
490
491
491
492
492
493
493
494
494
495
495
495
495
495
497
497
497
498
501
501
501
501
502
502
504
504
505
505
505
506
507
507
507
508
508
509
509
509
509
509
510
510
510
511
511
511
511
512
512
513
513
513
513
513
514
514
514
515
515
516
518
519
519
519
519
519
520
520
521
521
521
521
522
522
523
523
523
523
524
525
525
525
526
526
526
527
527
527
528
528
529
529
530
530
530
531
531
531
531
532
532
532
532
532
533
533
533
534
534
534
534
536
536
536
536
536
538
538
538
539
540
541
542
542
542
542
543
543
543
543
544
544
545
545
545
546
547
547
547
548
549
549
549
549
550
552
552
552
552
553
553
553
554
555
555
555
555
555
555
555
556
556
557
557
558
559
561
561
561
562
562
562
563
565
565
566
566
566
566
566
566
567
567
567
567
568
568
568
569
569
569
569
570
570
570
570
570
571
571
571
572
572
573
573
574
574
574
575
575
575
576
577
577
577
577
577
578
578
579
579
580
580
581
582
583
583
583
584
584
585
586
586
587
587
587
588
588
588
588
589
589
589
589
589
590
591
591
592
592
593
594
594
594
595
595
595
596
596
597
598
598
598
599
600
600
600
600
601
602
602
602
603
603
603
603
604
604
604
604
605
606
606
607
608
608
609
609
610
610
610
610
610
611
611
612
612
612
613
614
614
615
615
616
616
616
617
617
617
617
618
618
619
619
619
619
620
620
620
622
622
622
623
623
625
626
627
627
627
627
627
628
628
628
628
628
629
630
630
631
631
631
633
633
633
633
634
635
635
635
636
637
637
638
638
639
639
639
641
642
642
643
643
644
645
645
645
646
647
648
649
649
649
650
651
652
652
652
652
652
652
653
653
653
653
654
654
654
654
654
654
655
656
656
656
656
656
657
657
658
658
658
659
660
660
661
661
661
661
662
662
662
662
663
663
663
663
664
665
666
668
669
669
670
670
671
671
671
671
672
673
673
673
675
675
675
675
675
675
675
676
676
676
676
676
676
676
677
677
677
679
679
679
679
680
680
680
681
682
684
685
686
686
686
687
688
688
689
690
690
691
691
692
693
693
693
694
694
695
695
696
697
698
699
699
699
700
701
701
701
701
701
701
702
702
703
703
703
704
704
704
704
705
705
705
705
706
706
706
707
707
707
707
708
708
708
709
709
710
711
712
712
712
714
716
716
716
717
717
718
718
719
719
719
719
720
721
721
722
722
722
722
722
723
724
724
725
726
726
726
727
727
727
728
728
729
730
731
731
732
732
732
733
733
734
734
734
735
735
738
738
738
738
738
738
739
740
741
741
741
742
743
743
743
744
745
746
746
746
747
747
747
748
748
748
748
748
748
749
749
750
750
751
751
751
753
753
753
753
754
755
755
755
755
755
755
756
756
756
756
757
758
758
759
759
760
760
760
760
761
761
761
762
763
763
763
763
763
763
763
764
764
764
765
765
767
767
767
768
769
769
770
772
772
772
772
772
773
774
774
774
774
775
775
775
776
778
778
778
779
779
779
780
780
780
780
781
781
781
782
783
784
784
784
785
785
785
785
785
786
786
787
787
787
788
788
788
789
789
789
790
790
791
791
791
791
792
792
792
792
793
793
795
795
795
795
797
798
798
798
798
799
799
799
801
801
802
802
803
803
804
805
805
807
807
807
808
808
808
808
808
809
809
810
810
810
811
811
812
812
813
813
813
813
814
814
814
814
815
816
816
816
818
818
818
818
818
818
819
819
820
821
823
823
823
824
824
825
826
826
826
826
827
827
828
828
828
829
829
829
829
830
831
831
832
832
832
832
832
832
833
833
833
834
835
836
836
836
836
838
838
838
838
838
838
838
839
839
839
840
840
840
840
841
841
841
841
841
842
842
842
842
842
842
843
843
843
843
843
844
844
844
845
845
845
846
846
847
847
847
848
848
848
848
848
849
849
849
849
850
850
851
851
851
851
852
852
854
854
854
855
856
856
857
857
858
858
858
858
859
859
859
859
859
860
860
861
861
861
862
862
862
863
864
866
867
867
867
868
868
868
868
869
870
870
871
872
872
873
873
873
873
873
873
873
874
874
875
876
876
876
876
877
877
878
879
880
880
880
880
882
882
883
883
883
883
883
884
884
884
886
886
886
886
886
888
889
889
889
889
890
890
891
891
892
892
893
893
893
894
894
895
895
895
896
896
896
896
897
897
898
899
899
899
899
899
900
900
900
900
901
902
902
902
902
902
903
903
903
904
904
904
906
906
907
908
908
908
909
909
910
910
910
911
912
912
912
913
913
915
915
916
916
917
918
918
919
919
920
920
920
920
921
921
921
922
922
923
923
923
923
925
925
925
925
925
925
925
925
926
926
928
928
929
930
931
931
932
934
935
935
935
935
936
936
936
937
937
937
937
937
938
938
938
938
939
939
939
940
940
941
941
941
942
942
945
946
946
946
946
947
947
948
949
949
949
950
950
951
952
952
952
952
952
952
952
953
953
954
955
955
956
957
957
958
960
960
960
960
961
961
961
961
962
962
962
963
964
965
965
965
965
966
966
968
968
968
969
969
970
970
971
971
971
973
973
973
974
974
974
975
975
976
976
977
977
977
979
979
980
980
980
981
981
981
981
982
982
982
983
983
983
984
984
985
986
986
986
987
987
987
987
987
989
990
990
990
992
992
993
993
993
994
994
994
995
995
996
998
999
999
1000
1000
1000
1001
1002
1002
1003
1003
1003
1004
1004
1005
1005
1006
1006
1007
1007
1007
1008
1008
1009
1009
1009
1009
1010
1010
1010
1010
1011
1011
1012
1012
1012
1012
1013
1014
1015
1015
1015
1015
1016
1016
1018
1019
1019
1019
1019
1020
1020
1020
1020
1021
1021
1022
1022
1023
1024
1024
1024
1024
1025
1026
1027
1027
1027
1028
1028
1028
1028
1029
1029
1029
1030
1030
1030
1030
1032
1033
1033
1033
1033
1034
1034
1035
1035
1035
1035
1035
1036
1037
1037
1038
1039
1039
1039
1039
1040
1040
1041
1041
1041
1041
1041
1041
1042
1042
1042
1043
1043
1044
1045
1045
1047
1047
1048
1048
1048
1049
1049
1049
1050
1050
1050
1050
1050
1051
1051
1051
1051
1053
1053
1054
1055
1055
1055
1056
1056
1056
1056
1057
1057
1057
1057
1057
1059
1059
1060
1060
1060
1060
1061
1061
1061
1062
1062
1062
1062
1063
1063
1063
1063
1069
1069
1069
1069
1071
1071
1071
1072
1072
1073
1073
1073
1074
1074
1074
1075
1076
1076
1076
1076
1076
1078
1078
1078
1078
1079
1080
1080
1080
1081
1081
1084
1085
1086
1087
1087
1089
1089
1090
1091
1091
1091
1091
1092
1093
1093
1093
1094
1094
1094
1094
1095
1095
1095
1095
1095
1095
1096
1096
1098
1098
1100
1100
1101
1101
1102
1102
1102
1102
1102
1103
1103
1103
1103
1103
1104
1104
1104
1105
1105
1105
1105
1107
1107
1107
1108
1108
1108
1108
1108
1109
1110
1110
1110
1112
1112
1113
1113
1113
1114
1117
1118
1119
1119
1119
1121
1121
1121
1121
1122
1122
1122
1123
1123
1124
1124
1125
1125
1126
1126
1126
1127
1127
1127
1129
1130
1131
1131
1132
1132
1134
1134
1134
1135
1135
1136
1137
1137
1137
1137
1137
1138
1138
1138
1138
1139
1139
1140
1140
1140
1142
1142
1143
1143
1144
1144
1146
1146
1146
1148
1149
1149
1149
1149
1150
1150
1151
1151
1151
1152
1152
1152
1152
1153
1154
1154
1154
1155
1155
1156
1156
1156
1156
1157
1157
1157
1157
1159
1159
1160
1160
1161
1161
1162
1162
1163
1164
1164
1164
1165
1165
1166
1166
1167
1168
1168
1168
1168
1169
1169
1170
1171
1171
1171
1172
1172
1173
1173
1173
1173
1174
1174
1175
1175
1176
1176
1177
1177
1177
1178
1178
1178
1179
1179
1179
1179
1180
1180
1181
1182
1182
1182
1183
1183
1184
1184
1184
1185
1185
1186
1187
1187
1187
1188
1188
1188
1189
1189
1189
1189
1189
1189
1190
1190
1191
1191
1192
1194
1194
1194
1194
1194
1196
1196
1196
1197
1197
1198
1198
1198
1199
1199
1199
1200
1201
1201
1201
1201
1201
1201
1201
1202
1202
1203
1203
1204
1204
1205
1206
1206
1206
1206
1206
1207
1207
1207
1207
1207
1209
1209
1209
1209
1210
1211
1211
1212
1213
1213
1213
1213
1214
1214
1215
1215
1216
1216
1216
1217
1217
1217
1218
1218
1218
1219
1219
1219
1220
1220
1221
1222
1222
1223
1223
1223
1224
1225
1225
1225
1226
1226
1227
1227
1228
1228
1228
1228
1228
1228
1228
1228
1229
1229
1229
1230
1230
1230
1231
1232
1232
1233
1234
1235
1235
1235
1235
1237
1237
1237
1237
1237
1238
1239
1239
1240
1240
1241
1241
1241
1241
1243
1243
1243
1244
1244
1244
1244
1245
1245
1246
1246
1247
1247
1248
1248
1248
1248
1249
1249
1249
1249
1250
1250
1250
1251
1252
1252
1253
1253
1253
1253
1254
1254
1254
1256
1256
1257
1257
1258
1258
1258
1258
1258
1258
1259
1260
1260
1260
1260
1261
1262
1262
1262
1263
1265
1266
1267
1267
1267
1267
1267
1267
1267
1268
1268
1269
1269
1269
1270
1270
1271
1271
1272
1272
1272
1273
1274
1274
1275
1275
1277
1277
1277
1277
1278
1278
1279
1280
1280
1280
1281
1281
1283
1283
1284
1285
1285
1285
1285
1287
1287
1287
1288
1289
1289
1289
1290
1290
1290
1290
1290
1290
1291
1292
1293
1294
1294
1295
1297
1297
1297
1297
1297
1298
1298
1298
1298
1299
1300
1301
1301
1301
1302
1302
1302
1302
1304
1304
1304
1305
1305
1305
1306
1306
1306
1307
1307
1307
1308
1308
1309
1309
1309
1312
1313
1313
1314
1316
1316
1317
1317
1319
1319
1320
1320
1320
1321
1322
1322
1323
1323
1323
1324
1324
1324
1325
1326
1326
1326
1326
1326
1327
1327
1327
1328
1328
1328
1329
1329
1329
1329
1330
1330
1331
1331
1331
1332
1333
1334
1334
1335
1335
1335
1336
1336
1336
1337
1338
1340
1340
1340
1341
1342
1342
1342
1343
1343
1343
1343
1344
1344
1345
1345
1346
1346
1346
1347
1347
1347
1348
1348
1349
1349
1349
1350
1350
1351
1351
1352
1352
1353
1353
1354
1354
1354
1356
1356
1358
1358
1358
1359
1359
1359
1359
1360
1360
1361
1361
1361
1362
1362
1363
1363
1363
1364
1364
1364
1364
1366
1366
1366
1367
1367
1367
1368
1369
1369
1369
1369
1370
1370
1372
1376
1376
1376
1377
1377
1377
1379
1380
1381
1381
1381
1381
1381
1381
1381
1382
1383
1384
1384
1386
1386
1386
1387
1387
1388
1388
1389
1389
1389
1390
1390
1390
1391
1391
1391
1391
1391
1391
1392
1392
1393
1393
1393
1393
1394
1394
1394
1394
1395
1396
1396
1397
1397
1398
1398
1398
1398
1398
1398
1399
1399
1399
1400
1400
1400
1401
1401
1402
1402
1402
1403
1403
1403
1403
1404
1404
1404
1405
1408
1408
1409
1409
1409
1410
1410
1410
1411
1411
1412
1412
1412
1414
1414
1414
1415
1415
1415
1416
1416
1416
1417
1418
1419
1420
1421
1421
1422
1422
1422
1423
1425
1426
1426
1426
1426
1426
1427
1427
1428
1428
1428
1430
1430
1431
1431
1431
1432
1432
1432
1432
1432
1433
1433
1434
1434
1435
1435
1435
1436
1436
1436
1437
1440
1440
1441
1441
1442
1443
1443
1444
1444
1445
1445
1447
1447
1448
1448
1448
1450
1451
1451
1452
1453
1453
1453
1454
1454
1454
1455
1457
1457
1457
1458
1458
1459
1461
1461
1462
1462
1463
1463
1463
1464
1464
1464
1465
1465
1465
1465
1465
1465
1465
1465
1466
1466
1467
1467
1467
1469
1470
1470
1470
1471
1473
1473
1473
1473
1473
1474
1474
1474
1475
1476
1477
1477
1477
1477
1478
1479
1479
1480
1481
1482
1482
1483
1483
1484
1485
1485
1486
1486
1486
1486
1488
1488
1489
1489
1489
1490
1490
1492
1492
1492
1492
1493
1493
1493
1494
1494
1495
1495
1495
1495
1495
1495
1496
1497
1498
1498
1498
1498
1498
1499
1499
1499
1499
1499
1500
1500
1500
1500
1500
1501
1502
1503
1503
1504
1504
1504
1505
1505
1505
1505
1505
1506
1506
1506
1507
1508
1508
1508
1508
1509
1510
1511
1511
1511
1513
1514
1514
1514
1514
1515
1515
1515
1516
1517
1518
1518
1518
1519
1521
1521
1522
1522
1523
1523
1524
1524
1524
1524
1524
1524
1525
1525
1526
1526
1526
1526
1526
1526
1527
1527
1527
1528
1528
1528
1528
1530
1530
1531
1531
1531
1532
1532
1533
1534
1534
1535
1536
1536
1537
1537
1537
1538
1538
1538
1539
1539
1540
1540
1541
1541
1542
1543
1543
1544
1544
1544
1544
1545
1545
1545
1545
1546
1547
1548
1548
1548
1548
1548
1548
1549
1549
1549
1549
1550
1550
1550
1550
1550
1551
1552
1553
1553
1554
1554
1554
1555
1555
1555
1555
1556
1557
1557
1558
1559
1559
1560
1560
1562
1562
1562
1563
1563
1565
1565
1565
1565
1565
1565
1566
1566
1567
1567
1567
1568
1568
1569
1569
1569
1569
1569
1570
1570
1572
1572
1572
1572
1573
1573
1573
1573
1573
1574
1574
1576
1576
1577
1578
1579
1579
1579
1580
1581
1581
1582
1582
1583
1584
1585
1586
1587
1587
1588
1588
1588
1589
1590
1590
1592
1592
1592
1592
1593
1594
1594
1595
1595
1596
1598
1599
1600
1600
1600
1600
1601
1602
1602
1602
1602
1603
1603
1603
1603
1603
1603
1604
1604
1604
1605
1606
1606
1607
1608
1608
1608
1611
1611
1612
1612
1612
1612
1613
1613
1613
1613
1614
1614
1614
1615
1615
1616
1616
1616
1617
1617
1617
1618
1619
1621
1622
1622
1623
1623
1624
1624
1625
1626
1626
1627
1628
1628
1629
1631
1632
1632
1632
1632
1632
1632
1632
1634
1634
1634
1634
1634
1635
1635
1635
1636
1637
1638
1638
1639
1639
1639
1640
1641
1641
1642
1642
1643
1643
1643
1643
1643
1644
1644
1644
1645
1645
1645
1646
1648
1648
1648
1648
1649
1649
1649
1649
1650
1650
1651
1651
1651
1652
1653
1653
1653
1654
1654
1654
1655
1657
1657
1658
1658
1659
1659
1659
1659
1659
1660
1660
1660
1662
1662
1663
1663
1664
1665
1665
1665
1668
1668
1669
1669
1670
1670
1670
1670
1671
1671
1671
1672
1673
1673
1674
1674
1674
1674
1675
1676
1677
1677
1678
1678
1679
1679
1680
1680
1680
1682
1683
1683
1683
1684
1684
1684
1684
1684
1685
1686
1686
1686
1686
1686
1687
1687
1687
1688
1688
1688
1689
1689
1690
1690
1691
1692
1692
1692
1693
1693
1694
1695
1695
1695
1695
1695
1697
1697
1698
1698
1699
1699
1700
1701
1701
1702
1702
1702
1702
1703
1704
1705
1705
1706
1706
1707
1707
1708
1708
1708
1708
1709
1709
1709
1710
1711
1711
1711
1711
1711
1712
1712
1712
1712
1712
1712
1712
1713
1713
1713
1714
1715
1717
1717
1718
1718
1718
1719
1720
1720
1721
1721
1723
1723
1724
1724
1724
1725
1725
1726
1726
1726
1726
1726
1727
1727
1727
1728
1728
1729
1729
1730
1730
1730
1731
1732
1732
1732
1732
1732
1733
1734
1735
1736
1736
1737
1737
1738
1738
1738
1738
1739
1739
1740
1740
1740
1740
1740
1740
1740
1741
1741
1741
1742
1742
1742
1743
1744
1744
1745
1745
1746
1746
1746
1747
1747
1747
1749
1750
1750
1752
1752
1754
1754
1755
1756
1756
1758
1759
1759
1759
1759
1760
1760
1760
1760
1761
1761
1761
1762
1762
1762
1763
1764
1764
1764
1765
1765
1765
1766
1767
1767
1767
1769
1769
1770
1770
1770
1771
1772
1772
1772
1773
1773
1775
1776
1776
1776
1776
1777
1778
1778
1779
1780
1781
1782
1782
1783
1783
1783
1784
1784
1785
1786
1786
1786
1786
1786
1786
1787
1787
1788
1788
1788
1788
1789
1789
1789
1790
1790
1791
1791
1791
1791
1791
1792
1792
1793
1793
1794
1795
1796
1797
1797
1798
1798
1799
1799
1799
1799
1800
1800
1801
1801
1802
1802
1803
1803
1804
1804
1804
1805
1805
1806
1807
1808
1809
1809
1809
1810
1810
1811
1811
1813
1815
1815
1815
1815
1815
1815
1816
1816
1817
1817
1817
1818
1819
1819
1820
1820
1821
1821
1822
1823
1823
1823
1824
1824
1824
1824
1824
1825
1825
1825
1826
1826
1827
1828
1828
1829
1829
1830
1830
1830
1830
1830
1831
1832
1832
1832
1833
1833
1834
1834
1834
1835
1835
1836
1837
1837
1837
1837
1839
1839
1839
1840
1840
1840
1840
1841
1842
1842
1842
1843
1843
1844
1844
1844
1847
1847
1848
1848
1848
1849
1850
1850
1850
1851
1852
1852
1854
1854
1854
1855
1855
1855
1855
1856
1856
1856
1857
1857
1857
1859
1860
1861
1862
1862
1862
1863
1863
1863
1863
1865
1865
1866
1866
1866
1867
1868
1870
1870
1870
1870
1870
1871
1871
1871
1871
1871
1872
1872
1872
1872
1872
1872
1872
1872
1872
1873
1873
1873
1874
1875
1875
1877
1877
1878
1878
1879
1880
1880
1880
1880
1881
1881
1882
1882
1883
1884
1884
1885
1886
1886
1888
1888
1888
1888
1889
1890
1890
1890
1890
1890
1891
1891
1891
1892
1892
1892
1893
1894
1894
1896
1896
1897
1898
1898
1898
1899
1899
1901
1901
1902
1902
1902
1902
1903
1903
1903
1903
1904
1904
1904
1904
1904
1905
1905
1906
1906
1907
1907
1907
1907
1908
1908
1909
1909
1910
1910
1912
1913
1914
1914
1915
1916
1916
1917
1917
1918
1920
1920
1921
1921
1921
1921
1922
1922
1922
1922
1922
1923
1923
1923
1924
1925
1925
1925
1925
1925
1927
1927
1927
1927
1928
1928
1928
1928
1928
1929
1929
1929
1929
1930
1930
1930
1931
1932
1932
1932
1933
1933
1934
1935
1935
1936
1936
1936
1936
1936
1936
1936
1937
1938
1939
1939
1939
1940
1941
1943
1943
1944
1944
1945
1945
1945
1945
1945
1945
1946
1946
1946
1946
1947
1947
1948
1949
1950
1950
1950
1950
1951
1951
1952
1952
1953
1953
1954
1955
1955
1955
1956
1957
1957
1958
1958
1959
1960
1960
1960
1960
1960
1960
1960
1960
1960
1961
1961
1962
1964
1965
1965
1965
1965
1965
1966
1967
1968
1968
1969
1969
1969
1970
1970
1970
1971
1971
1972
1972
1973
1973
1974
1975
1977
1977
1977
1979
1980
1980
1981
1981
1981
1981
1981
1981
1982
1982
1982
1983
1983
1984
1984
1984
1985
1985
1985
1985
1985
1986
1986
1987
1987
1987
1987
1987
1988
1988
1988
1988
1988
1988
1989
1989
1990
1990
1990
1991
1991
1991
1992
1994
1996
1996
1998
1998
1998
1998
1998
1999
1999
1999
2000
2000
2000
