
2270
, 86
, 117
, 197
, 6
, 28
, 175
, 94
, 109
, 122
, 81
, 16
, 187
, 191
, 12
, 80
, 123
, 10
, 193
, 6
, 197
, 101
, 102
, 77
, 126
, 14
, 189
, 27
, 176
, 172
, 31
, 41
, 162
, 93
, 110
, 156
, 47
, 91
, 112
, 58
, 145
, 134
, 69
, 200
, 3
, 27
, 176
, 37
, 166
, 129
, 74
, 13
, 190
, 143
, 60
, 174
, 29
, 80
, 123
, 1
, 202
, 162
, 41
, 39
, 164
, 14
, 189
, 118
, 85
, 120
, 83
, 149
, 54
, 25
, 178
, 183
, 20
, 64
, 139
, 156
, 47
, 130
, 73
, 179
, 24
, 61
, 142
, 89
, 114
, 15
, 188
, 43
, 160
, 88
, 115
, 38
, 165
, 180
, 23
, 19
, 184
, 92
, 111
, 162
, 41
, 49
, 154
, 85
, 118
, 7
, 196
, 22
, 181
, 6
, 197
, 30
, 173
, 76
, 127
, 21
, 182
, 14
, 189
, 5
, 198
, 92
, 111
, 148
, 55
, 61
, 142
, 184
, 19
, 100
, 103
, 115
, 88
, 190
, 13
, 56
, 147
, 173
, 30
, 142
, 61
, 75
, 128
, 3
, 200
, 5
, 198
, 133
, 70
, 42
, 161
, 45
, 158
, 134
, 69
, 155
, 48
, 187
, 16
, 77
, 126
, 77
, 126
, 133
, 70
, 50
, 153
, 30
, 173
, 125
, 78
, 47
, 156
, 20
, 183
, 148
, 55
, 98
, 105
, 81
, 122
, 170
, 33
, 91
, 112
, 172
, 31
, 69
, 134
, 144
, 59
, 57
, 146
, 51
, 152
, 118
, 85
, 145
, 58
, 166
, 37
, 125
, 78
, 95
, 108
, 174
, 29
, 101
, 102
, 177
, 26
, 195
, 8
, 85
, 118
, 56
, 147
, 178
, 25
, 117
, 86
, 107
, 96
, 19
, 184
, 175
, 28
, 145
, 58
, 53
, 150
, 95
, 108
, 156
, 47
, 185
, 18
, 74
, 129
, 170
, 33
, 122
, 81
, 171
, 32
, 100
, 103
, 160
, 43
, 97
, 106
, 186
, 17
, 49
, 154
, 165
, 38
, 141
, 62
, 162
, 41
, 159
, 44
, 95
, 108
, 193
, 10
, 194
, 9
, 51
, 152
, 2
, 201
, 96
, 107
, 110
, 93
, 173
, 30
, 157
, 46
, 86
, 117
, 103
, 100
, 73
, 130
, 182
, 21
, 108
, 95
, 1
, 202
, 62
, 141
, 132
, 71
, 55
, 148
, 5
, 198
, 186
, 17
, 43
, 160
, 82
, 121
, 185
, 18
, 14
, 189
, 135
, 68
, 93
, 110
, 4
, 199
, 170
, 33
, 24
, 179
, 182
, 21
, 153
, 50
, 112
, 91
, 168
, 35
, 189
, 14
, 9
, 194
, 45
, 158
, 98
, 105
, 50
, 153
, 131
, 72
, 21
, 182
, 84
, 119
, 173
, 30
, 71
, 132
, 163
, 40
, 2
, 201
, 196
, 7
, 112
, 91
, 170
, 33
, 103
, 100
, 102
, 101
, 53
, 150
, 88
, 115
, 47
, 156
, 130
, 73
, 133
, 70
, 68
, 135
, 195
, 8
, 99
, 104
, 81
, 122
, 69
, 134
, 116
, 87
, 66
, 137
, 81
, 122
, 71
, 132
, 26
, 177
, 62
, 141
, 20
, 183
, 126
, 77
, 19
, 184
, 115
, 88
, 108
, 95
, 142
, 61
, 199
, 4
, 113
, 90
, 20
, 183
, 94
, 109
, 169
, 34
, 67
, 136
, 79
, 124
, 33
, 170
, 178
, 25
, 86
, 117
, 107
, 96
, 180
, 23
, 175
, 28
, 114
, 89
, 56
, 147
, 184
, 19
, 3
, 200
, 149
, 54
, 6
, 197
, 154
, 49
, 191
, 12
, 189
, 14
, 34
, 169
, 66
, 137
, 20
, 183
, 17
, 186
, 136
, 67
, 68
, 135
, 92
, 111
, 15
, 188
, 36
, 167
, 44
, 159
, 169
, 34
, 9
, 194
, 132
, 71
, 28
, 175
, 69
, 134
, 189
, 14
, 72
, 131
, 159
, 44
, 197
, 6
, 79
, 124
, 64
, 139
, 109
, 94
, 144
, 59
, 127
, 76
, 177
, 26
, 160
, 43
, 190
, 13
, 110
, 93
, 3
, 200
, 62
, 141
, 2
, 201
, 126
, 77
, 6
, 197
, 42
, 161
, 95
, 108
, 153
, 50
, 7
, 196
, 2
, 201
, 25
, 178
, 176
, 27
, 160
, 43
, 150
, 53
, 61
, 142
, 104
, 99
, 180
, 23
, 128
, 75
, 151
, 52
, 34
, 169
, 137
, 66
, 180
, 23
, 96
, 107
, 16
, 187
, 16
, 187
, 198
, 5
, 32
, 171
, 172
, 31
, 18
, 185
, 189
, 14
, 55
, 148
, 110
, 93
, 2
, 201
, 189
, 14
, 8
, 195
, 151
, 52
, 138
, 65
, 96
, 107
, 15
, 188
, 72
, 131
, 31
, 172
, 172
, 31
, 116
, 87
, 160
, 43
, 40
, 163
, 160
, 43
, 69
, 134
, 66
, 137
, 129
, 74
, 73
, 130
, 59
, 144
, 121
, 82
, 103
, 100
, 101
, 102
, 189
, 14
, 29
, 174
, 85
, 118
, 91
, 112
, 8
, 195
, 110
, 93
, 82
, 121
, 168
, 35
, 197
, 6
, 173
, 30
, 171
, 32
, 173
, 30
, 162
, 41
, 182
, 21
, 32
, 171
, 68
, 135
, 9
, 194
, 42
, 161
, 35
, 168
, 22
, 181
, 57
, 146
, 156
, 47
, 57
, 146
, 194
, 9
, 140
, 63
, 137
, 66
, 151
, 52
, 40
, 163
, 86
, 117
, 77
, 126
, 55
, 148
, 78
, 125
, 15
, 188
, 193
, 10
, 180
, 23
, 72
, 131
, 12
, 191
, 67
, 136
, 176
, 27
, 49
, 154
, 187
, 16
, 201
, 2
, 99
, 104
, 21
, 182
, 172
, 31
, 148
, 55
, 200
, 3
, 153
, 50
, 82
, 121
, 140
, 63
, 38
, 165
, 200
, 3
, 50
, 153
, 62
, 141
, 98
, 105
, 62
, 141
, 32
, 171
, 77
, 126
, 70
, 133
, 130
, 73
, 81
, 122
, 112
, 91
, 186
, 17
, 182
, 21
, 75
, 128
, 37
, 166
, 148
, 55
, 174
, 29
, 106
, 97
, 111
, 92
, 108
, 95
, 45
, 158
, 21
, 182
, 62
, 141
, 120
, 83
, 132
, 71
, 79
, 124
, 174
, 29
, 181
, 22
, 17
, 186
, 158
, 45
, 180
, 23
, 58
, 145
, 60
, 143
, 70
, 133
, 183
, 20
, 112
, 91
, 183
, 20
, 112
, 91
, 19
, 184
, 25
, 178
, 59
, 144
, 197
, 6
, 116
, 87
, 46
, 157
, 3
, 200
, 174
, 29
, 75
, 128
, 37
, 166
, 70
, 133
, 137
, 66
, 84
, 119
, 191
, 12
, 8
, 195
, 82
, 121
, 79
, 124
, 32
, 171
, 106
, 97
, 21
, 182
, 121
, 82
, 79
, 124
, 132
, 71
, 33
, 170
, 85
, 118
, 127
, 76
, 57
, 146
, 50
, 153
, 92
, 111
, 54
, 149
, 199
, 4
, 133
, 70
, 96
, 107
, 39
, 164
, 5
, 198
, 3
, 200
, 195
, 8
, 19
, 184
, 113
, 90
, 138
, 65
, 196
, 7
, 46
, 157
, 94
, 109
, 2
, 201
, 84
, 119
, 123
, 80
, 100
, 103
, 164
, 39
, 154
, 49
, 147
, 56
, 66
, 137
, 110
, 93
, 51
, 152
, 67
, 136
, 190
, 13
, 47
, 156
, 184
, 19
, 62
, 141
, 91
, 112
, 27
, 176
, 111
, 92
, 6
, 197
, 78
, 125
, 29
, 174
, 83
, 120
, 180
, 23
, 61
, 142
, 159
, 44
, 133
, 70
, 66
, 137
, 71
, 132
, 113
, 90
, 80
, 123
, 103
, 100
, 129
, 74
, 132
, 71
, 34
, 169
, 28
, 175
, 36
, 167
, 87
, 116
, 104
, 99
, 141
, 62
, 187
, 16
, 175
, 28
, 110
, 93
, 93
, 110
, 198
, 5
, 91
, 112
, 63
, 140
, 110
, 93
, 171
, 32
, 9
, 194
, 57
, 146
, 188
, 15
, 62
, 141
, 64
, 139
, 164
, 39
, 162
, 41
, 18
, 185
, 135
, 68
, 187
, 16
, 82
, 121
, 63
, 140
, 38
, 165
, 180
, 23
, 90
, 113
, 36
, 167
, 51
, 152
, 82
, 121
, 144
, 59
, 35
, 168
, 186
, 17
, 168
, 35
, 87
, 116
, 74
, 129
, 49
, 154
, 89
, 114
, 85
, 118
, 157
, 46
, 27
, 176
, 2
, 201
, 74
, 129
, 78
, 125
, 147
, 56
, 48
, 155
, 142
, 61
, 127
, 76
, 128
, 75
, 94
, 109
, 88
, 115
, 160
, 43
, 158
, 45
, 160
, 43
, 86
, 117
, 184
, 19
, 169
, 34
, 52
, 151
, 62
, 141
, 49
, 154
, 19
, 184
, 152
, 51
, 82
, 121
, 106
, 97
, 74
, 129
, 152
, 51
, 31
, 172
, 167
, 36
, 139
, 64
, 135
, 68
, 171
, 32
, 132
, 71
, 52
, 151
, 46
, 157
, 3
, 200
, 117
, 86
, 158
, 45
, 195
, 8
, 89
, 114
, 113
, 90
, 191
, 12
, 156
, 47
, 162
, 41
, 200
, 3
, 107
, 96
, 30
, 173
, 76
, 127
, 156
, 47
, 100
, 103
, 130
, 73
, 93
, 110
, 1
, 202
, 179
, 24
, 40
, 163
, 194
, 9
, 155
, 48
, 113
, 90
, 64
, 139
, 182
, 21
, 134
, 69
, 169
, 34
, 187
, 16
, 104
, 99
, 141
, 62
, 113
, 90
, 177
, 26
, 32
, 171
, 73
, 130
, 12
, 191
, 87
, 116
, 18
, 185
, 151
, 52
, 101
, 102
, 161
, 42
, 90
, 113
, 41
, 162
, 100
, 103
, 120
, 83
, 59
, 144
, 77
, 126
, 188
, 15
, 13
, 190
, 138
, 65
, 117
, 86
, 135
, 68
, 176
, 27
, 120
, 83
, 125
, 78
, 24
, 179
, 132
, 71
, 92
, 111
, 2
, 201
, 72
, 131
, 118
, 85
, 68
, 135
, 128
, 75
, 181
, 22
, 169
, 34
, 132
, 71
, 115
, 88
, 32
, 171
, 140
, 63
, 77
, 126
, 196
, 7
, 121
, 82
, 44
, 159
, 77
, 126
, 165
, 38
, 179
, 24
, 161
, 42
, 83
, 120
, 134
, 69
, 22
, 181
, 62
, 141
, 3
, 200
, 95
, 108
, 142
, 61
, 120
, 83
, 89
, 114
, 69
, 134
, 92
, 111
, 181
, 22
, 150
, 53
, 177
, 26
, 72
, 131
, 123
, 80
, 104
, 99
, 115
, 88
, 160
, 43
, 135
, 68
, 12
, 191
, 3
, 200
, 30
, 173
, 122
, 81
, 60
, 143
, 19
, 184
, 163
, 40
, 189
, 14
, 34
, 169
, 128
, 75
, 93
, 110
, 199
, 4
, 110
, 93
, 159
, 44
, 47
, 156
, 193
, 10
, 118
, 85
, 33
, 170
, 126
, 77
, 71
, 132
, 73
, 130
, 57
, 146
, 27
, 176
, 84
, 119
, 185
, 18
, 133
, 70
, 149
, 54
, 62
, 141
, 147
, 56
, 152
, 51
, 111
, 92
, 102
, 101
, 39
, 164
, 173
, 30
, 85
, 118
, 103
, 100
, 37
, 166
, 64
, 139
, 155
, 48
, 46
, 157
, 176
, 27
, 196
, 7
, 45
, 158
, 119
, 84
, 3
, 200
, 185
, 18
, 192
, 11
, 139
, 64
, 197
, 6
, 41
, 162
, 176
, 27
, 19
, 184
, 124
, 79
, 184
, 19
, 34
, 169
, 153
, 50
, 57
, 146
, 88
, 115
, 29
, 174
, 10
, 193
, 17
, 186
, 120
, 83
, 47
, 156
, 25
, 178
, 201
, 2
, 1
, 202
, 178
, 25
, 95
, 108
, 28
, 175
, 166
, 37
, 101
, 102
, 198
, 5
, 98
, 105
, 138
, 65
, 121
, 82
, 113
, 90
, 139
, 64
, 40
, 163
, 80
, 123
, 177
, 26
, 137
, 66
, 192
, 11
, 26
, 177
, 178
, 25
, 19
, 184
, 134
, 69
, 14
, 189
, 99
, 104
, 201
, 2
, 148
, 55
, 116
, 87
, 11
, 192
, 141
, 62
, 50
, 153
, 178
, 25
, 119
, 84
, 43
, 160
, 157
, 46
, 70
, 133
, 46
, 157
, 102
, 101
, 35
, 168
, 132
, 71
, 30
, 173
, 41
, 162
, 172
, 31
, 185
, 18
, 133
, 70
, 157
, 46
, 131
, 72
, 138
, 65
, 170
, 33
, 112
, 91
, 150
, 53
, 33
, 170
, 76
, 127
, 81
, 122
, 38
, 165
, 41
, 162
, 40
, 163
, 25
, 178
, 160
, 43
, 188
, 15
, 13
, 190
, 157
, 46
, 131
, 72
, 177
, 26
, 14
, 189
, 56
, 147
, 112
, 91
, 201
, 2
, 59
, 144
, 171
, 32
, 46
, 157
, 57
, 146
, 170
, 33
, 132
, 71
, 191
, 12
, 168
, 35
, 188
, 15
, 16
, 187
, 21
, 182
, 111
, 92
, 5
, 198
, 120
, 83
, 118
, 85
, 128
, 75
, 184
, 19
, 124
, 79
, 100
, 103
, 159
, 44
, 156
, 47
, 159
, 44
, 119
, 84
, 51
, 152
, 194
, 9
, 36
, 167
, 65
, 138
, 171
, 32
, 161
, 42
, 19
, 184
, 25
, 178
, 115
, 88
, 199
, 4
, 2
, 201
, 68
, 135
, 131
, 72
, 159
, 44
, 136
, 67
, 24
, 179
, 75
, 128
, 149
, 54
, 181
, 22
, 173
, 30
, 45
, 158
, 83
, 120
, 101
, 102
, 89
, 114
, 108
, 95
, 37
, 166
, 135
, 68
, 163
, 40
, 156
, 47
, 81
, 122
, 59
, 144
, 42
, 161
, 111
, 92
, 63
, 140
, 111
, 92
, 123
, 80
, 49
, 154
, 108
, 95
, 60
, 143
, 51
, 152
, 73
, 130
, 22
, 181
, 5
, 198
, 136
, 67
, 130
, 73
, 146
, 57
, 88
, 115
, 63
, 140
, 198
, 5
, 131
, 72
, 52
, 151
, 153
, 50
, 86
, 117
, 153
, 50
, 95
, 108
, 14
, 189
, 186
, 17
, 132
, 71
, 72
, 131
, 108
, 95
, 44
, 159
, 104
, 99
, 69
, 134
, 69
, 134
, 57
, 146
, 82
, 121
, 3
, 200
, 124
, 79
, 49
, 154
, 27
, 176
, 175
, 28
, 116
, 87
, 93
, 110
, 102
, 101
, 188
, 15
, 80
, 123
, 101
, 102
, 123
, 80
, 66
, 137
, 33
, 170
, 127
, 76
, 122
, 81
, 34
, 169
, 15
, 188
, 91
, 112
, 120
, 83
, 138
, 65
, 92
, 111
, 108
, 95
, 112
, 91
, 44
, 159
, 126
, 77
, 195
, 8
, 122
, 81
, 75
, 128
, 71
, 132
, 132
, 71
, 19
, 184
, 32
, 171
, 25
, 178
, 87
, 116
, 190
, 13
, 28
, 175
, 201
, 2
, 34
, 169
, 110
, 93
, 145
, 58
, 65
, 138
, 113
, 90
, 57
, 146
, 11
, 192
, 200
, 3
, 157
, 46
, 9
, 194
, 57
, 146
, 134
, 69
, 103
, 100
, 18
, 185
, 151
, 52
, 85
, 118
, 131
, 72
, 129
, 74
, 3
, 200
, 48
, 155
, 178
, 25
, 79
, 124
, 58
, 145
, 150
, 53
, 38
, 165
, 67
, 136
, 85
, 118
, 77
, 126
, 170
, 33
, 23
, 180
, 93
, 110
, 16
, 187
, 53
, 150
, 181
, 22
, 128
, 75
, 154
, 49
, 99
, 104
, 106
, 97
, 61
, 142
, 95
, 108
, 78
, 125
, 176
, 27
, 183
, 20
, 182
, 21
, 32
, 171
, 40
, 163
, 198
, 5
, 79
, 124
, 91
, 112
, 163
, 40
, 66
, 137
, 110
, 93
, 168
, 35
, 34
, 169
, 139
, 64
, 29
, 174
, 4
, 199
, 163
, 40
, 117
, 86
, 82
, 121
, 105
, 98
, 171
, 32
, 130
, 73
, 50
, 153
, 63
, 140
, 73
, 130
, 159
, 44
, 97
, 106
, 106
, 97
, 67
, 136
, 123
, 80
, 153
, 50
, 149
, 54
, 26
, 177
, 156
, 47
, 155
, 48
, 118
, 85
, 81
, 122
, 124
, 79
, 20
, 183
, 69
, 134
, 94
, 109
, 36
, 167
, 127
, 76
, 139
, 64
, 115
, 88
, 77
, 126
, 198
, 5
, 148
, 55
, 191
, 12
, 155
, 48
, 72
, 131
, 85
, 118
, 132
, 71
, 186
, 17
, 14
, 189
, 80
, 123
, 196
, 7
, 21
, 182
, 177
, 26
, 153
, 50
, 99
, 104
, 104
, 99
, 189
, 14
, 159
, 44
, 46
, 157
, 142
, 61
, 63
, 140
, 70
, 133
, 101
, 102
, 160
, 43
, 4
, 199
, 193
, 10
, 190
, 13
, 131
, 72
, 159
, 44
, 4
, 199
, 106
, 97
, 192
, 11
, 127
, 76
, 28
, 175
, 148
, 55
, 176
, 27
, 84
, 119
, 69
, 134
, 88
, 115
, 126
, 77
, 110
, 93
, 56
, 147
, 112
, 91
, 38
, 165
, 159
, 44
, 97
, 106
, 58
, 145
, 119
, 84
, 164
, 39
, 68
, 135
, 105
, 98
, 110
, 93
, 182
, 21
, 94
, 109
, 155
, 48
, 113
, 90
, 182
, 21
, 176
, 27
, 17
, 186
, 53
, 150
, 6
, 197
, 156
, 47
, 2
, 201
, 64
, 139
, 184
, 19
, 107
, 96
, 77
, 126
, 173
, 30
, 47
, 156
, 129
, 74
, 110
, 93
, 174
, 29
, 9
, 194
, 194
, 9
, 136
, 67
, 42
, 161
, 89
, 114
, 175
, 28
, 111
, 92
, 9
, 194
, 19
, 184
, 131
, 72
, 39
, 164
, 172
, 31
, 33
, 170
, 193
, 10
, 105
, 98
, 189
, 14
, 72
, 131
, 1
, 202
, 50
, 153
, 56
, 147
, 124
, 79
, 140
, 63
, 195
, 8
, 28
, 175
, 163
, 40
, 107
, 96
, 80
, 123
, 151
, 52
, 137
, 66
, 25
, 178
, 102
, 101
, 137
, 66
, 7
, 196
, 106
, 97
, 174
, 29
, 59
, 144
, 53
, 150
, 10
, 193
, 152
, 51
, 76
, 127
, 105
, 98
, 88
, 115
, 106
, 97
, 182
, 21
, 85
, 118
, 193
, 10
, 191
, 12
, 192
, 11
, 172
, 31
, 6
, 197
, 143
, 60
, 15
, 188
, 124
, 79
, 13
, 190
, 90
, 113
, 93
, 110
, 135
, 68
, 42
, 161
, 52
, 151
, 31
, 172
, 128
, 75
, 101
, 102
, 124
, 79
, 105
, 98
, 127
, 76
, 83
, 120
, 77
, 126
, 163
, 40
, 77
, 126
, 58
, 145
, 37
, 166
, 53
, 150
, 188
, 15
, 130
, 73
, 124
, 79
, 14
, 189
, 22
, 181
, 102
, 101
, 187
, 16
, 122
, 81
, 82
, 121
, 47
, 156
, 132
, 71
, 46
, 157
, 56
, 147
, 9
, 194
, 77
, 126
, 145
, 58
, 177
, 26
, 173
, 30
, 85
, 118
, 76
, 127
, 128
, 75
, 195
, 8
, 166
, 37
, 121
, 82
, 27
, 176
, 22
, 181
, 101
, 102
, 70
, 133
, 171
, 32
, 82
, 121
, 57
, 146
, 90
, 113
, 108
, 95
, 67
, 136
, 1
, 202
, 192
, 11
, 79
, 124
, 41
, 162
, 182
, 21
, 83
, 120
, 119
, 84
, 54
, 149
, 160
, 43
, 31
, 172
, 43
, 160
, 175
, 28
, 192
, 11
, 11
, 192
, 25
, 178
, 14
, 189
, 73
, 130
, 104
, 99
, 183
, 20
, 199
, 4
, 135
, 68
, 139
, 64
, 129
, 74
, 163
, 40
, 22
, 181
, 113
, 90
, 159
, 44
, 93
, 110
, 57
, 146
, 169
, 34
, 144
, 59
, 120
, 83
, 1
, 202
, 164
, 39
, 124
, 79
, 150
, 53
, 32
, 171
, 27
, 176
, 56
, 147
, 54
, 149
, 85
, 118
, 64
, 139
, 166
, 37
, 39
, 164
, 4
, 199
, 66
, 137
, 135
, 68
, 109
, 94
, 99
, 104
, 182
, 21
, 11
, 192
, 13
, 190
, 8
, 195
, 108
, 95
, 72
, 131
, 130
, 73
, 107
, 96
, 116
, 87
, 36
, 167
, 6
, 197
, 188
, 15
, 56
, 147
, 81
, 122
, 84
, 119
, 37
, 166
, 129
, 74
, 30
, 173
, 12
, 191
, 148
, 55
, 36
, 167
, 185
, 18
, 106
, 97
, 155
, 48
, 70
, 133
, 171
, 32
, 163
, 40
, 9
, 194
, 196
, 7
, 44
, 159
, 181
, 22
, 164
, 39
, 133
, 70
, 66
, 137
, 155
, 48
, 111
, 92
, 97
, 106
, 6
, 197
, 163
, 40
, 46
, 157
, 132
, 71
, 125
, 78
, 122
, 81
, 16
, 187
, 85
, 118
, 161
, 42
, 41
, 162
, 161
, 42
, 165
, 38
, 132
, 71
, 184
, 19
, 67
, 136
, 163
, 40
, 58
, 145
, 152
, 51
, 118
, 85
, 90
, 113
, 125
, 78
, 16
, 187
, 132
, 71
, 101
, 102
, 14
, 189
, 181
, 22
, 123
, 80
, 118
, 85
, 133
, 70
, 134
, 69
, 182
, 21
, 177
, 26
, 34
, 169
, 94
, 109
, 78
, 125
, 125
, 78
, 148
, 55
, 188
, 15
, 52
, 151
, 27
, 176
, 46
, 157
, 4
, 199
, 146
, 57
, 121
, 82
, 167
, 36
, 192
, 11
, 30
, 173
, 129
, 74
, 62
, 141
, 189
, 14
, 15
, 188
, 33
, 170
, 101
, 102
, 112
, 91
, 3
, 200
, 19
, 184
, 116
, 87
, 147
, 56
, 119
, 84
, 20
, 183
, 87
, 116
, 136
, 67
, 16
, 187
, 58
, 145
, 164
, 39
, 55
, 148
, 112
, 91
, 70
, 133
, 77
, 126
, 179
, 24
, 138
, 65
, 196
, 7
, 105
, 98
, 22
, 181
, 29
, 174
, 143
, 60
, 156
, 47
, 14
, 189
, 173
, 30
, 125
, 78
, 35
, 168
, 176
, 27
, 182
, 21
, 42
, 161
, 116
, 87
, 170
, 33
, 55
, 148
, 65
, 138
, 154
, 49
, 23
, 180
, 38
, 165
, 188
, 15
, 168
, 35
, 28
, 175
, 69
, 134
, 124
, 79
, 32
, 171
, 65
, 138
, 108
, 95
, 20
, 183
, 85
, 118
, 191
, 12
, 89
, 114
, 95
, 108
, 79
, 124
, 59
, 144
, 181
, 22
, 199
, 4
, 178
, 25
, 135
, 68
, 24
, 179
, 29
, 174
, 147
, 56
, 141
, 62
, 104
, 99
, 22
, 181
, 122
, 81
, 84
, 119
, 151
, 52
, 50
, 153
, 78
, 125
, 47
, 156
, 151
, 52
, 55
, 148
, 112
, 91
, 49
, 154
, 73
, 130
, 63
, 140
, 159
, 44
, 19
, 184
, 97
, 106
, 136
, 67
, 88
, 115
, 73
, 130
, 199
, 4
, 46
, 157
, 171
, 32
, 154
, 49
, 164
, 39
, 8
, 195
, 171
, 32
, 73
, 130
, 141
, 62
, 15
, 188
, 44
, 159
, 74
, 129
, 96
, 107
, 197
, 6
, 143
, 60
, 120
, 83
, 177
, 26
, 122
, 81
, 57
, 146
, 117
, 86
, 11
, 192
, 77
, 126
, 132
, 71
, 148
, 55
, 160
, 43
, 8
, 195
, 167
, 36
, 52
, 151
, 17
, 186
, 152
, 51
, 95
, 108
, 140
, 63
, 47
, 156
, 46
, 157
, 31
, 172
, 41
, 162
, 7
, 196
, 31
, 172
, 5
, 198
, 170
, 33
, 6
, 197
, 177
, 26
, 148
, 55
, 175
, 28
, 98
, 105
, 143
, 60
, 92
, 111
, 56
, 147
, 64
, 139
, 108
, 95
, 97
, 106
, 173
, 30
, 164
, 39
, 65
, 138
, 136
, 67
, 39
, 164
, 71
, 132
, 3
, 200
, 67
, 136
, 89
, 114
, 119
, 84
, 60
, 143
, 138
, 65
, 14
, 189
, 117
, 86
, 46
, 157
, 165
, 38
, 189
, 14
, 52
, 151
, 136
, 67
, 132
, 71
, 92
, 111
, 83
, 120
, 31
, 172
, 39
, 164
, 65
, 138
, 62
, 141
, 187
, 16
, 156
, 47
, 119
, 84
, 161
, 42
, 162
, 41
, 49
, 154
, 199
, 4
, 88
, 115
, 62
, 141
, 160
, 43
, 32
, 171
, 117
, 86
, 1
, 202
, 47
, 156
, 131
, 72
, 69
, 134
, 74
, 129
, 9
, 194
, 37
, 166
, 39
, 164
, 153
, 50
, 191
, 12
, 95
, 108
, 11
, 192
, 161
, 42
, 93
, 110
, 179
, 24
, 102
, 101
, 184
, 19
, 54
, 149
, 186
, 17
, 190
, 13
, 39
, 164
, 9
, 194
, 143
, 60
, 16
, 187
, 76
, 127
, 74
, 129
, 14
, 189
, 70
, 133
, 58
, 145
, 5
, 198
, 140
, 63
, 68
, 135
, 135
, 68
, 14
, 189
, 156
, 47
, 71
, 132
, 60
, 143
, 126
, 77
, 95
, 108
, 151
, 52
, 68
, 135
, 42
, 161
, 7
, 196
, 156
, 47
, 125
, 78
, 152
, 51
, 9
, 194
, 82
, 121
, 112
, 91
, 164
, 39
, 6
, 197
, 154
, 49
, 188
, 15
, 20
, 183
, 170
, 33
, 37
, 166
, 92
, 111
, 44
, 159
, 173
, 30
, 195
, 8
, 27
, 176
, 170
, 33
, 18
, 185
, 141
, 62
, 16
, 187
, 52
, 151
, 82
, 121
, 169
, 34
, 101
, 102
, 162
, 41
, 140
, 63
, 48
, 155
, 15
, 188
, 55
, 148
, 154
, 49
, 79
, 124
, 69
, 134
, 78
, 125
, 32
, 171
, 14
, 189
, 127
, 76
, 40
, 163
, 26
, 177
, 53
, 150
, 22
, 181
, 200
, 3
, 192
, 11
, 183
, 20
, 151
, 52
, 87
, 116
, 50
, 153
, 95
, 108
, 127
, 76
, 40
, 163
, 58
, 145
, 57
, 146
, 96
, 107
, 23
, 180
, 59
, 144
, 52
, 151
, 119
, 84
, 70
, 133
, 112
, 91
, 53
, 150
, 34
, 169
, 67
, 136
, 128
, 75
, 188
, 15
, 150
, 53
, 66
, 137
, 157
, 46
, 147
, 56
, 99
, 104
, 182
, 21
, 153
, 50
, 96
, 107
, 201
, 2
, 175
, 28
, 110
, 93
, 193
, 10
, 8
, 195
, 166
, 37
, 60
, 143
, 80
, 123
, 154
, 49
, 82
, 121
, 100
, 103
, 63
, 140
, 191
, 12
, 145
, 58
, 19
, 184
, 200
, 3
, 150
, 53
, 146
, 57
, 82
, 121
, 5
, 198
, 125
, 78
, 52
, 151
, 48
, 155
, 177
, 26
, 93
, 110
, 19
, 184
, 98
, 105
, 17
, 186
, 125
, 78
, 23
, 180
, 146
, 57
, 103
, 100
, 51
, 152
, 177
, 26
, 190
, 13
, 190
, 13
, 201
, 2
, 26
, 177
, 79
, 124
, 56
, 147
, 118
, 85
, 158
, 45
, 96
, 107
, 143
, 60
, 196
, 7
, 195
, 8
, 130
, 73
, 9
, 194
, 88
, 115
, 191
, 12
, 118
, 85
, 17
, 186
, 64
, 139
, 80
, 123
, 77
, 126
, 103
, 100
, 106
, 97
, 6
, 197
, 105
, 98
, 135
, 68
, 55
, 148
, 118
, 85
, 134
, 69
, 106
, 97
, 187
, 16
, 177
, 26
, 106
, 97
, 118
, 85
, 76
, 127
, 94
, 109
, 85
, 118
, 122
, 81
, 35
, 168
, 70
, 133
, 170
, 33
, 130
, 73
, 108
, 95
, 94
, 109
, 102
, 101
, 101
, 102
, 63
, 140
, 47
, 156
, 75
, 128
, 104
, 99
, 96
, 107
, 173
, 30
, 41
, 162
, 117
, 86
, 125
, 78
, 131
, 72
, 29
, 174
, 109
, 94
, 47
, 156
, 148
, 55
, 52
, 151
, 192
, 11
, 152
, 51
, 38
, 165
, 88
, 115
, 2
, 201
, 136
, 67
, 110
, 93
, 167
, 36
, 41
, 162
, 26
, 177
, 182
, 21
, 75
, 128
, 62
, 141
, 2
, 201
, 66
, 137
, 83
, 120
, 67
, 136
, 145
, 58
, 56
, 147
, 47
, 156
, 32
, 171
, 152
, 51
, 97
, 106
, 89
, 114
, 96
, 107
, 182
, 21
, 22
, 181
, 179
, 24
, 63
, 140
, 184
, 19
, 15
, 188
, 67
, 136
, 186
, 17
, 128
, 75
, 2
, 201
, 166
, 37
, 20
, 183
, 92
, 111
, 61
, 142
, 104
, 99
, 118
, 85
, 59
, 144
, 84
, 119
, 192
, 11
, 68
, 135
, 53
, 150
, 132
, 71
, 76
, 127
, 187
, 16
, 98
, 105
, 9
, 194
, 175
, 28
, 193
, 10
, 141
, 62
, 137
, 66
, 35
, 168
, 142
, 61
, 134
, 69
, 155
, 48
, 21
, 182
, 111
, 92
, 123
, 80
, 18
, 185
, 197
, 6
, 166
, 37
, 154
, 49
, 158
, 45
, 52
, 151
, 86
, 117
, 198
, 5
, 186
, 17
, 62
, 141
, 195
, 8
, 111
, 92
, 134
, 69
, 33
, 170
, 61
, 142
, 148
, 55
, 100
, 103
, 154
, 49
, 4
, 199
, 56
, 147
, 17
, 186
, 69
, 134
, 77
, 126
, 49
, 154
, 21
, 182
, 150
, 53
, 78
, 125
, 59
, 144
, 82
, 121
, 134
, 69
, 52
, 151
, 145
, 58
, 32
, 171
, 180
, 23
, 97
, 106
, 183
, 20
, 29
, 174
, 172
, 31
, 53
, 150
, 46
, 157
, 156
, 47
, 40
, 163
, 113
, 90
, 177
, 26
, 145
, 58
, 196
, 7
, 130
, 73
, 96
, 107
, 194
, 9
, 150
, 53
, 101
, 102
, 92
, 111
, 45
, 158
, 183
, 20
, 121
, 82
, 81
, 122
, 140
, 63
, 144
, 59
, 179
, 24
, 190
, 13
, 76
, 127
, 113
, 90
, 46
, 157
, 169
, 34
, 172
, 31
, 128
, 75
, 38
, 165
, 110
, 93
, 42
, 161
, 43
, 160
, 117
, 86
, 61
, 142
, 173
, 30
, 159
, 44
, 148
, 55
, 28
, 175
, 89
, 114
, 130
, 73
, 92
, 111
, 22
, 181
, 187
, 16
, 48
, 155
, 177
, 26
, 101
, 102
, 164
, 39
, 6
, 197
, 190
, 13
, 98
, 105
, 155
, 48
, 116
, 87
, 192
, 11
, 69
, 134
, 126
, 77
, 43
, 160
, 70
, 133
, 114
, 89
, 18
, 185
, 35
, 168
, 65
, 138
, 26
, 177
, 149
, 54
, 177
, 26
, 109
, 94
, 23
, 180
, 104
, 99
, 71
, 132
, 59
, 144
, 51
, 152
, 139
, 64
, 95
, 108
, 137
, 66
, 176
, 27
, 77
, 126
, 127
, 76
, 50
, 153
, 22
, 181
, 40
, 163
, 1
, 202
, 161
, 42
, 200
, 3
, 86
, 117
, 71
, 132
, 26
, 177
, 191
, 12
, 195
, 8
, 44
, 159
, 52
, 151
, 187
, 16
, 181
, 22
, 60
, 143
, 191
, 12
, 86
, 117
, 185
, 18
, 198
, 5
, 160
, 43
, 102
, 101
, 86
, 117
, 52
, 151
, 24
, 179
, 29
, 174
, 39
, 164
, 55
, 148
, 53
, 150
, 7
, 196
, 192
, 11
, 90
, 113
, 151
, 52
, 161
, 42
, 10
, 193
, 4
, 199
, 108
, 95
, 92
, 111
, 92
, 111
, 173
, 30
, 172
, 31
, 114
, 89
, 120
, 83
, 24
, 179
, 154
, 49
, 102
, 101
, 60
, 143
, 77
, 126
, 66
, 137
, 29
, 174
, 99
, 104
, 199
, 4
, 39
, 164
, 129
, 74
, 124
, 79
, 80
, 123
, 2
, 201
, 41
, 162
, 164
, 39
, 186
, 17
, 7
, 196
, 34
, 169
, 105
, 98
, 86
, 117
, 48
, 155
, 74
, 129
, 124
, 79
, 136
, 67
, 129
, 74
, 4
, 199
, 22
, 181
, 90
, 113
, 176
, 27
, 194
, 9
, 88
, 115
, 7
, 196
, 144
, 59
, 45
, 158
, 51
, 152
, 130
, 73
, 133
, 70
, 55
, 148
, 129
, 74
, 87
, 116
, 160
, 43
, 138
, 65
, 120
, 83
, 122
, 81
, 1
, 202
, 22
, 181
, 67
, 136
, 104
, 99
, 168
, 35
, 137
, 66
, 103
, 100
, 27
, 176
, 67
, 136
, 53
, 150
, 80
, 123
, 17
, 186
, 66
, 137
, 22
, 181
, 126
, 77
, 150
, 53
, 45
, 158
, 84
, 119
, 106
, 97
, 96
, 107
, 162
, 41
, 158
, 45
, 179
, 24
, 114
, 89
, 99
, 104
, 189
, 14
, 190
, 13
, 14
, 189
, 141
, 62
, 128
, 75
, 160
, 43
, 59
, 144
, 200
, 3
, 5
, 198
, 135
, 68
, 108
, 95
, 29
, 174
, 158
, 45
, 167
, 36
, 196
, 7
, 137
, 66
, 168
, 35
, 125
, 78
, 143
, 60
, 97
, 106
, 140
, 63
, 146
, 57
, 103
, 100
, 118
, 85
, 53
, 150
, 114
, 89
, 109
, 94
, 5
, 198
, 64
, 139
, 99
, 104
, 74
, 129
, 16
, 187
, 21
, 182
, 196
, 7
, 70
, 133
, 68
, 135
, 5
, 198
, 99
, 104
, 101
, 102
, 134
, 69
, 50
, 153
, 189
, 14
, 147
, 56
, 115
, 88
, 161
, 42
, 198
, 5
, 90
, 113
, 38
, 165
, 156
, 47
, 71
, 132
, 182
, 21
, 163
, 40
, 54
, 149
, 80
, 123
, 36
, 167
, 105
, 98
, 188
, 15
, 84
, 119
, 133
, 70
, 147
, 56
, 60
, 143
, 35
, 168
, 98
, 105
, 186
, 17
, 146
, 57
, 120
, 83
, 22
, 181
, 84
, 119
, 21
, 182
, 161
, 42
, 67
, 136
, 73
, 130
, 86
, 117
, 132
, 71
, 177
, 26
, 72
, 131
, 187
, 16
, 174
, 29
, 63
, 140
, 77
, 126
, 131
, 72
, 46
, 157
, 28
, 175
, 137
, 66
, 193
, 10
, 74
, 129
, 7
, 196
, 83
, 120
, 110
, 93
, 195
, 8
, 76
, 127
, 37
, 166
, 19
, 184
, 109
, 94
, 89
, 114
, 40
, 163
, 173
, 30
, 50
, 153
, 161
, 42
, 115
, 88
, 198
, 5
, 120
, 83
, 191
, 12
, 108
, 95
, 195
, 8
, 142
, 61
, 33
, 170
, 194
, 9
, 1
, 202
, 86
, 117
, 133
, 70
, 182
, 21
, 151
, 52
, 7
, 196
, 142
, 61
, 96
, 107
, 17
, 186
, 104
, 99
, 139
, 64
, 82
, 121
, 31
, 172
, 75
, 128
, 37
, 166
, 44
, 159
, 176
, 27
, 34
, 169
, 113
, 90
, 81
, 122
, 36
, 167
, 8
, 195
, 15
, 188
, 110
, 93
, 169
, 34
, 4
, 199
, 14
, 189
, 19
, 184
, 135
, 68
, 110
, 93
, 104
, 99
, 4
, 199
, 91
, 112
, 169
, 34
, 87
, 116
, 196
, 7
, 43
, 160
, 124
, 79
, 11
, 192
, 50
, 153
, 3
, 200
, 128
, 75
, 92
, 111
, 52
, 151
, 166
, 37
, 101
, 102
, 168
, 35
, 91
, 112
, 159
, 44
, 175
, 28
, 2
, 201
, 10
, 193
, 123
, 80
, 77
, 126
, 154
, 49
, 40
, 163
, 111
, 92
, 74
, 129
, 180
, 23
, 180
, 23
, 115
, 88
, 25
, 178
, 53
, 150
, 163
, 40
, 68
, 135
, 83
, 120
, 142
, 61
, 166
, 37
, 17
, 186
, 96
, 107
, 35
, 168
, 111
, 92
, 144
, 59
, 47
, 156
, 69
, 134
, 67
, 136
, 51
, 152
, 45
, 158
, 121
, 82
, 107
, 96
, 157
, 46
, 100
, 103
, 130
, 73
, 75
, 128
, 114
, 89
, 88
, 115
, 81
, 122
, 1
, 202
, 182
, 21
, 19
, 184
, 129
, 74
, 184
, 19
, 51
, 152
, 114
, 89
, 143
, 60
, 61
, 142
, 165
, 38
, 110
, 93
, 162
, 41
, 139
, 64
, 183
, 20
, 145
, 58
, 117
, 86
, 57
, 146
, 33
, 170
, 141
, 62
, 99
, 104
, 147
, 56
, 91
, 112
, 46
, 157
, 75
, 128
, 184
, 19
, 130
, 73
, 56
, 147
, 76
, 127
, 83
, 120
, 26
, 177
, 171
, 32
, 17
, 186
, 124
, 79
, 113
, 90
, 172
, 31
, 89
, 114
, 13
, 190
, 78
, 125
, 81
, 122
, 44
, 159
, 135
, 68
, 71
, 132
, 103
, 100
, 189
, 14
, 26
, 177
, 61
, 142
, 138
, 65
, 16
, 187
, 153
, 50
, 125
, 78
, 30
, 173
, 1
, 202
, 114
, 89
, 46
, 157
, 46
, 157
, 180
, 23
, 110
, 93
, 192
, 11
, 67
, 136
, 58
, 145
, 25
, 178
, 67
, 136
, 35
, 168
, 67
, 136
, 54
, 149
, 184
, 19
, 30
, 173
, 31
, 172
, 166
, 37
, 106
, 97
, 131
, 72
, 4
, 199
, 13
, 190
, 35
, 168
, 23
, 180
, 157
, 46
, 145
, 58
, 163
, 40
, 102
, 101
, 112
, 91
, 121
, 82
, 49
, 154
, 14
, 189
, 57
, 146
, 38
, 165
, 28
, 175
, 79
, 124
, 189
, 14
, 46
, 157
, 172
, 31
, 179
, 24
, 159
, 44
, 178
, 25
, 108
, 95
, 19
, 184
, 40
, 163
