
2280
, 9
, 157
, 83
, 83
, 91
, 75
, 130
, 36
, 82
, 84
, 70
, 96
, 18
, 148
, 120
, 46
, 3
, 163
, 18
, 148
, 55
, 111
, 142
, 24
, 3
, 163
, 158
, 8
, 53
, 113
, 32
, 134
, 27
, 139
, 164
, 2
, 63
, 103
, 80
, 86
, 84
, 82
, 90
, 76
, 99
, 67
, 147
, 19
, 42
, 124
, 94
, 72
, 116
, 50
, 83
, 83
, 52
, 114
, 143
, 23
, 62
, 104
, 128
, 38
, 125
, 41
, 115
, 51
, 64
, 102
, 115
, 51
, 139
, 27
, 82
, 84
, 151
, 15
, 5
, 161
, 156
, 10
, 89
, 77
, 72
, 94
, 5
, 161
, 1
, 165
, 13
, 153
, 134
, 32
, 71
, 95
, 139
, 27
, 157
, 9
, 40
, 126
, 22
, 144
, 16
, 150
, 147
, 19
, 89
, 77
, 131
, 35
, 63
, 103
, 72
, 94
, 147
, 19
, 15
, 151
, 125
, 41
, 48
, 118
, 129
, 37
, 99
, 67
, 56
, 110
, 1
, 165
, 146
, 20
, 86
, 80
, 93
, 73
, 97
, 69
, 144
, 22
, 31
, 135
, 153
, 13
, 118
, 48
, 115
, 51
, 110
, 56
, 62
, 104
, 42
, 124
, 136
, 30
, 128
, 38
, 10
, 156
, 164
, 2
, 21
, 145
, 132
, 34
, 94
, 72
, 131
, 35
, 116
, 50
, 153
, 13
, 21
, 145
, 14
, 152
, 116
, 50
, 48
, 118
, 111
, 55
, 55
, 111
, 24
, 142
, 86
, 80
, 164
, 2
, 121
, 45
, 138
, 28
, 130
, 36
, 19
, 147
, 44
, 122
, 25
, 141
, 152
, 14
, 93
, 73
, 96
, 70
, 47
, 119
, 135
, 31
, 35
, 131
, 162
, 4
, 98
, 68
, 137
, 29
, 14
, 152
, 161
, 5
, 7
, 159
, 85
, 81
, 133
, 33
, 62
, 104
, 137
, 29
, 144
, 22
, 65
, 101
, 42
, 124
, 24
, 142
, 137
, 29
, 162
, 4
, 14
, 152
, 30
, 136
, 107
, 59
, 105
, 61
, 123
, 43
, 28
, 138
, 130
, 36
, 150
, 16
, 54
, 112
, 146
, 20
, 40
, 126
, 148
, 18
, 89
, 77
, 49
, 117
, 9
, 157
, 141
, 25
, 10
, 156
, 118
, 48
, 149
, 17
, 152
, 14
, 134
, 32
, 158
, 8
, 56
, 110
, 19
, 147
, 121
, 45
, 73
, 93
, 71
, 95
, 105
, 61
, 156
, 10
, 137
, 29
, 156
, 10
, 10
, 156
, 130
, 36
, 109
, 57
, 77
, 89
, 3
, 163
, 109
, 57
, 63
, 103
, 103
, 63
, 107
, 59
, 89
, 77
, 95
, 71
, 29
, 137
, 142
, 24
, 149
, 17
, 106
, 60
, 78
, 88
, 137
, 29
, 103
, 63
, 38
, 128
, 133
, 33
, 72
, 94
, 12
, 154
, 58
, 108
, 47
, 119
, 158
, 8
, 56
, 110
, 61
, 105
, 144
, 22
, 121
, 45
, 68
, 98
, 50
, 116
, 51
, 115
, 108
, 58
, 110
, 56
, 87
, 79
, 130
, 36
, 150
, 16
, 64
, 102
, 59
, 107
, 130
, 36
, 20
, 146
, 61
, 105
, 76
, 90
, 65
, 101
, 107
, 59
, 151
, 15
, 66
, 100
, 148
, 18
, 28
, 138
, 133
, 33
, 77
, 89
, 96
, 70
, 127
, 39
, 84
, 82
, 46
, 120
, 33
, 133
, 164
, 2
, 38
, 128
, 108
, 58
, 96
, 70
, 42
, 124
, 53
, 113
, 46
, 120
, 13
, 153
, 126
, 40
, 126
, 40
, 119
, 47
, 48
, 118
, 144
, 22
, 144
, 22
, 12
, 154
, 58
, 108
, 140
, 26
, 44
, 122
, 50
, 116
, 164
, 2
, 75
, 91
, 110
, 56
, 12
, 154
, 122
, 44
, 89
, 77
, 103
, 63
, 43
, 123
, 161
, 5
, 151
, 15
, 66
, 100
, 14
, 152
, 66
, 100
, 92
, 74
, 84
, 82
, 56
, 110
, 26
, 140
, 140
, 26
, 48
, 118
, 13
, 153
, 41
, 125
, 22
, 144
, 43
, 123
, 56
, 110
, 94
, 72
, 132
, 34
, 66
, 100
, 128
, 38
, 158
, 8
, 24
, 142
, 90
, 76
, 161
, 5
, 144
, 22
, 113
, 53
, 44
, 122
, 130
, 36
, 111
, 55
, 46
, 120
, 8
, 158
, 96
, 70
, 69
, 97
, 142
, 24
, 119
, 47
, 127
, 39
, 32
, 134
, 101
, 65
, 68
, 98
, 30
, 136
, 84
, 82
, 2
, 164
, 29
, 137
, 103
, 63
, 95
, 71
, 59
, 107
, 125
, 41
, 58
, 108
, 164
, 2
, 78
, 88
, 42
, 124
, 129
, 37
, 98
, 68
, 137
, 29
, 37
, 129
, 66
, 100
, 44
, 122
, 32
, 134
, 18
, 148
, 148
, 18
, 59
, 107
, 16
, 150
, 35
, 131
, 93
, 73
, 11
, 155
, 66
, 100
, 97
, 69
, 69
, 97
, 99
, 67
, 18
, 148
, 44
, 122
, 35
, 131
, 117
, 49
, 83
, 83
, 1
, 165
, 136
, 30
, 108
, 58
, 95
, 71
, 61
, 105
, 94
, 72
, 85
, 81
, 127
, 39
, 144
, 22
, 88
, 78
, 126
, 40
, 76
, 90
, 30
, 136
, 102
, 64
, 27
, 139
, 73
, 93
, 119
, 47
, 68
, 98
, 138
, 28
, 19
, 147
, 13
, 153
, 82
, 84
, 66
, 100
, 121
, 45
, 160
, 6
, 8
, 158
, 89
, 77
, 27
, 139
, 123
, 43
, 114
, 52
, 138
, 28
, 20
, 146
, 34
, 132
, 81
, 85
, 126
, 40
, 92
, 74
, 59
, 107
, 49
, 117
, 43
, 123
, 34
, 132
, 164
, 2
, 57
, 109
, 27
, 139
, 69
, 97
, 102
, 64
, 105
, 61
, 45
, 121
, 84
, 82
, 30
, 136
, 38
, 128
, 58
, 108
, 154
, 12
, 115
, 51
, 78
, 88
, 73
, 93
, 154
, 12
, 12
, 154
, 4
, 162
, 121
, 45
, 52
, 114
, 95
, 71
, 64
, 102
, 124
, 42
, 46
, 120
, 105
, 61
, 82
, 84
, 98
, 68
, 35
, 131
, 12
, 154
, 95
, 71
, 44
, 122
, 23
, 143
, 64
, 102
, 150
, 16
, 109
, 57
, 4
, 162
, 130
, 36
, 66
, 100
, 117
, 49
, 46
, 120
, 99
, 67
, 37
, 129
, 15
, 151
, 71
, 95
, 87
, 79
, 2
, 164
, 97
, 69
, 134
, 32
, 32
, 134
, 59
, 107
, 116
, 50
, 99
, 67
, 67
, 99
, 5
, 161
, 35
, 131
, 7
, 159
, 121
, 45
, 8
, 158
, 15
, 151
, 155
, 11
, 95
, 71
, 29
, 137
, 115
, 51
, 85
, 81
, 150
, 16
, 43
, 123
, 153
, 13
, 80
, 86
, 149
, 17
, 58
, 108
, 27
, 139
, 101
, 65
, 81
, 85
, 41
, 125
, 104
, 62
, 76
, 90
, 45
, 121
, 52
, 114
, 41
, 125
, 102
, 64
, 135
, 31
, 68
, 98
, 126
, 40
, 123
, 43
, 69
, 97
, 145
, 21
, 119
, 47
, 27
, 139
, 49
, 117
, 132
, 34
, 81
, 85
, 131
, 35
, 32
, 134
, 45
, 121
, 81
, 85
, 37
, 129
, 153
, 13
, 67
, 99
, 20
, 146
, 68
, 98
, 137
, 29
, 58
, 108
, 85
, 81
, 153
, 13
, 68
, 98
, 123
, 43
, 68
, 98
, 38
, 128
, 91
, 75
, 11
, 155
, 114
, 52
, 129
, 37
, 108
, 58
, 107
, 59
, 54
, 112
, 51
, 115
, 54
, 112
, 83
, 83
, 155
, 11
, 133
, 33
, 5
, 161
, 140
, 26
, 24
, 142
, 69
, 97
, 1
, 165
, 12
, 154
, 103
, 63
, 129
, 37
, 78
, 88
, 156
, 10
, 104
, 62
, 45
, 121
, 141
, 25
, 72
, 94
, 110
, 56
, 161
, 5
, 5
, 161
, 83
, 83
, 88
, 78
, 112
, 54
, 142
, 24
, 67
, 99
, 5
, 161
, 117
, 49
, 130
, 36
, 103
, 63
, 16
, 150
, 40
, 126
, 119
, 47
, 99
, 67
, 21
, 145
, 149
, 17
, 16
, 150
, 108
, 58
, 112
, 54
, 97
, 69
, 26
, 140
, 158
, 8
, 136
, 30
, 69
, 97
, 82
, 84
, 116
, 50
, 4
, 162
, 69
, 97
, 144
, 22
, 140
, 26
, 8
, 158
, 40
, 126
, 20
, 146
, 112
, 54
, 125
, 41
, 112
, 54
, 157
, 9
, 93
, 73
, 87
, 79
, 131
, 35
, 75
, 91
, 8
, 158
, 60
, 106
, 57
, 109
, 161
, 5
, 10
, 156
, 99
, 67
, 150
, 16
, 10
, 156
, 74
, 92
, 161
, 5
, 91
, 75
, 1
, 165
, 153
, 13
, 153
, 13
, 47
, 119
, 146
, 20
, 20
, 146
, 152
, 14
, 149
, 17
, 121
, 45
, 114
, 52
, 159
, 7
, 133
, 33
, 115
, 51
, 28
, 138
, 41
, 125
, 86
, 80
, 157
, 9
, 67
, 99
, 44
, 122
, 163
, 3
, 141
, 25
, 163
, 3
, 118
, 48
, 63
, 103
, 163
, 3
, 71
, 95
, 145
, 21
, 121
, 45
, 158
, 8
, 64
, 102
, 58
, 108
, 2
, 164
, 36
, 130
, 131
, 35
, 46
, 120
, 18
, 148
, 130
, 36
, 88
, 78
, 3
, 163
, 29
, 137
, 81
, 85
, 27
, 139
, 112
, 54
, 53
, 113
, 77
, 89
, 51
, 115
, 53
, 113
, 50
, 116
, 82
, 84
, 112
, 54
, 77
, 89
, 159
, 7
, 6
, 160
, 116
, 50
, 2
, 164
, 25
, 141
, 59
, 107
, 33
, 133
, 66
, 100
, 81
, 85
, 116
, 50
, 164
, 2
, 58
, 108
, 110
, 56
, 128
, 38
, 154
, 12
, 110
, 56
, 65
, 101
, 137
, 29
, 118
, 48
, 45
, 121
, 118
, 48
, 84
, 82
, 98
, 68
, 88
, 78
, 4
, 162
, 106
, 60
, 161
, 5
, 124
, 42
, 47
, 119
, 3
, 163
, 7
, 159
, 149
, 17
, 8
, 158
, 6
, 160
, 74
, 92
, 10
, 156
, 65
, 101
, 109
, 57
, 38
, 128
, 154
, 12
, 55
, 111
, 85
, 81
, 137
, 29
, 37
, 129
, 68
, 98
, 120
, 46
, 50
, 116
, 28
, 138
, 116
, 50
, 17
, 149
, 53
, 113
, 107
, 59
, 90
, 76
, 133
, 33
, 98
, 68
, 62
, 104
, 156
, 10
, 129
, 37
, 33
, 133
, 144
, 22
, 19
, 147
, 128
, 38
, 3
, 163
, 4
, 162
, 77
, 89
, 10
, 156
, 55
, 111
, 130
, 36
, 115
, 51
, 139
, 27
, 140
, 26
, 27
, 139
, 104
, 62
, 132
, 34
, 161
, 5
, 43
, 123
, 21
, 145
, 82
, 84
, 37
, 129
, 88
, 78
, 109
, 57
, 43
, 123
, 28
, 138
, 17
, 149
, 92
, 74
, 32
, 134
, 1
, 165
, 109
, 57
, 140
, 26
, 37
, 129
, 32
, 134
, 121
, 45
, 154
, 12
, 67
, 99
, 133
, 33
, 83
, 83
, 106
, 60
, 30
, 136
, 117
, 49
, 97
, 69
, 76
, 90
, 71
, 95
, 4
, 162
, 12
, 154
, 58
, 108
, 61
, 105
, 111
, 55
, 125
, 41
, 58
, 108
, 86
, 80
, 82
, 84
, 159
, 7
, 38
, 128
, 18
, 148
, 71
, 95
, 103
, 63
, 44
, 122
, 28
, 138
, 41
, 125
, 81
, 85
, 85
, 81
, 50
, 116
, 80
, 86
, 147
, 19
, 85
, 81
, 104
, 62
, 82
, 84
, 17
, 149
, 20
, 146
, 1
, 165
, 116
, 50
, 7
, 159
, 6
, 160
, 51
, 115
, 97
, 69
, 77
, 89
, 115
, 51
, 135
, 31
, 27
, 139
, 149
, 17
, 147
, 19
, 129
, 37
, 89
, 77
, 58
, 108
, 127
, 39
, 91
, 75
, 58
, 108
, 12
, 154
, 23
, 143
, 33
, 133
, 60
, 106
, 55
, 111
, 150
, 16
, 145
, 21
, 103
, 63
, 106
, 60
, 35
, 131
, 47
, 119
, 78
, 88
, 101
, 65
, 71
, 95
, 104
, 62
, 73
, 93
, 128
, 38
, 105
, 61
, 161
, 5
, 11
, 155
, 157
, 9
, 156
, 10
, 62
, 104
, 153
, 13
, 27
, 139
, 61
, 105
, 67
, 99
, 72
, 94
, 118
, 48
, 129
, 37
, 6
, 160
, 104
, 62
, 15
, 151
, 88
, 78
, 93
, 73
, 73
, 93
, 111
, 55
, 109
, 57
, 25
, 141
, 54
, 112
, 109
, 57
, 82
, 84
, 95
, 71
, 37
, 129
, 161
, 5
, 75
, 91
, 103
, 63
, 41
, 125
, 52
, 114
, 43
, 123
, 32
, 134
, 133
, 33
, 150
, 16
, 11
, 155
, 65
, 101
, 69
, 97
, 13
, 153
, 110
, 56
, 64
, 102
, 53
, 113
, 114
, 52
, 122
, 44
, 14
, 152
, 147
, 19
, 104
, 62
, 155
, 11
, 80
, 86
, 68
, 98
, 72
, 94
, 78
, 88
, 5
, 161
, 80
, 86
, 85
, 81
, 72
, 94
, 150
, 16
, 153
, 13
, 78
, 88
, 54
, 112
, 145
, 21
, 122
, 44
, 41
, 125
, 53
, 113
, 50
, 116
, 41
, 125
, 97
, 69
, 133
, 33
, 143
, 23
, 35
, 131
, 32
, 134
, 135
, 31
, 86
, 80
, 121
, 45
, 151
, 15
, 24
, 142
, 43
, 123
, 122
, 44
, 25
, 141
, 125
, 41
, 125
, 41
, 150
, 16
, 70
, 96
, 97
, 69
, 80
, 86
, 58
, 108
, 39
, 127
, 93
, 73
, 84
, 82
, 84
, 82
, 5
, 161
, 17
, 149
, 21
, 145
, 70
, 96
, 97
, 69
, 47
, 119
, 7
, 159
, 124
, 42
, 32
, 134
, 74
, 92
, 33
, 133
, 107
, 59
, 98
, 68
, 112
, 54
, 144
, 22
, 99
, 67
, 35
, 131
, 139
, 27
, 153
, 13
, 155
, 11
, 18
, 148
, 95
, 71
, 160
, 6
, 69
, 97
, 73
, 93
, 74
, 92
, 148
, 18
, 11
, 155
, 69
, 97
, 10
, 156
, 18
, 148
, 104
, 62
, 48
, 118
, 12
, 154
, 122
, 44
, 86
, 80
, 57
, 109
, 126
, 40
, 84
, 82
, 126
, 40
, 96
, 70
, 81
, 85
, 160
, 6
, 100
, 66
, 159
, 7
, 57
, 109
, 148
, 18
, 35
, 131
, 50
, 116
, 26
, 140
, 27
, 139
, 10
, 156
, 15
, 151
, 54
, 112
, 23
, 143
, 79
, 87
, 58
, 108
, 43
, 123
, 122
, 44
, 43
, 123
, 127
, 39
, 105
, 61
, 71
, 95
, 117
, 49
, 146
, 20
, 61
, 105
, 120
, 46
, 3
, 163
, 73
, 93
, 41
, 125
, 152
, 14
, 53
, 113
, 160
, 6
, 97
, 69
, 41
, 125
, 148
, 18
, 96
, 70
, 14
, 152
, 67
, 99
, 51
, 115
, 148
, 18
, 149
, 17
, 82
, 84
, 98
, 68
, 4
, 162
, 147
, 19
, 126
, 40
, 137
, 29
, 112
, 54
, 47
, 119
, 99
, 67
, 77
, 89
, 143
, 23
, 65
, 101
, 49
, 117
, 44
, 122
, 59
, 107
, 68
, 98
, 45
, 121
, 126
, 40
, 113
, 53
, 155
, 11
, 127
, 39
, 81
, 85
, 28
, 138
, 61
, 105
, 130
, 36
, 20
, 146
, 32
, 134
, 151
, 15
, 101
, 65
, 109
, 57
, 130
, 36
, 17
, 149
, 24
, 142
, 104
, 62
, 21
, 145
, 69
, 97
, 112
, 54
, 152
, 14
, 5
, 161
, 123
, 43
, 101
, 65
, 161
, 5
, 42
, 124
, 113
, 53
, 77
, 89
, 161
, 5
, 138
, 28
, 15
, 151
, 142
, 24
, 144
, 22
, 32
, 134
, 58
, 108
, 145
, 21
, 135
, 31
, 153
, 13
, 112
, 54
, 95
, 71
, 118
, 48
, 85
, 81
, 79
, 87
, 111
, 55
, 132
, 34
, 61
, 105
, 34
, 132
, 27
, 139
, 53
, 113
, 43
, 123
, 138
, 28
, 57
, 109
, 4
, 162
, 90
, 76
, 155
, 11
, 11
, 155
, 10
, 156
, 42
, 124
, 79
, 87
, 66
, 100
, 17
, 149
, 111
, 55
, 5
, 161
, 98
, 68
, 7
, 159
, 30
, 136
, 5
, 161
, 135
, 31
, 62
, 104
, 12
, 154
, 156
, 10
, 80
, 86
, 90
, 76
, 163
, 3
, 26
, 140
, 58
, 108
, 9
, 157
, 98
, 68
, 12
, 154
, 32
, 134
, 9
, 157
, 35
, 131
, 2
, 164
, 74
, 92
, 10
, 156
, 6
, 160
, 124
, 42
, 49
, 117
, 96
, 70
, 43
, 123
, 16
, 150
, 4
, 162
, 142
, 24
, 65
, 101
, 106
, 60
, 91
, 75
, 13
, 153
, 1
, 165
, 143
, 23
, 45
, 121
, 11
, 155
, 126
, 40
, 22
, 144
, 4
, 162
, 92
, 74
, 65
, 101
, 155
, 11
, 96
, 70
, 20
, 146
, 16
, 150
, 142
, 24
, 40
, 126
, 30
, 136
, 69
, 97
, 61
, 105
, 37
, 129
, 110
, 56
, 162
, 4
, 100
, 66
, 148
, 18
, 89
, 77
, 64
, 102
, 34
, 132
, 58
, 108
, 48
, 118
, 75
, 91
, 25
, 141
, 138
, 28
, 81
, 85
, 123
, 43
, 159
, 7
, 33
, 133
, 86
, 80
, 154
, 12
, 50
, 116
, 103
, 63
, 104
, 62
, 41
, 125
, 158
, 8
, 21
, 145
, 11
, 155
, 71
, 95
, 63
, 103
, 95
, 71
, 124
, 42
, 116
, 50
, 38
, 128
, 133
, 33
, 108
, 58
, 25
, 141
, 69
, 97
, 116
, 50
, 130
, 36
, 34
, 132
, 150
, 16
, 142
, 24
, 135
, 31
, 99
, 67
, 143
, 23
, 63
, 103
, 99
, 67
, 159
, 7
, 39
, 127
, 4
, 162
, 11
, 155
, 89
, 77
, 107
, 59
, 146
, 20
, 139
, 27
, 157
, 9
, 126
, 40
, 140
, 26
, 118
, 48
, 93
, 73
, 27
, 139
, 2
, 164
, 80
, 86
, 141
, 25
, 114
, 52
, 13
, 153
, 160
, 6
, 164
, 2
, 118
, 48
, 115
, 51
, 89
, 77
, 145
, 21
, 83
, 83
, 33
, 133
, 22
, 144
, 123
, 43
, 145
, 21
, 162
, 4
, 20
, 146
, 2
, 164
, 43
, 123
, 123
, 43
, 129
, 37
, 133
, 33
, 159
, 7
, 27
, 139
, 133
, 33
, 128
, 38
, 104
, 62
, 39
, 127
, 27
, 139
, 25
, 141
, 94
, 72
, 61
, 105
, 49
, 117
, 88
, 78
, 34
, 132
, 109
, 57
, 39
, 127
, 149
, 17
, 86
, 80
, 135
, 31
, 85
, 81
, 61
, 105
, 16
, 150
, 72
, 94
, 93
, 73
, 132
, 34
, 164
, 2
, 135
, 31
, 74
, 92
, 92
, 74
, 27
, 139
, 134
, 32
, 133
, 33
, 64
, 102
, 122
, 44
, 85
, 81
, 151
, 15
, 11
, 155
, 102
, 64
, 48
, 118
, 20
, 146
, 96
, 70
, 128
, 38
, 132
, 34
, 2
, 164
, 69
, 97
, 37
, 129
, 158
, 8
, 164
, 2
, 12
, 154
, 141
, 25
, 94
, 72
, 157
, 9
, 126
, 40
, 79
, 87
, 83
, 83
, 4
, 162
, 153
, 13
, 106
, 60
, 19
, 147
, 8
, 158
, 162
, 4
, 133
, 33
, 74
, 92
, 161
, 5
, 111
, 55
, 28
, 138
, 71
, 95
, 120
, 46
, 19
, 147
, 25
, 141
, 153
, 13
, 112
, 54
, 106
, 60
, 135
, 31
, 151
, 15
, 153
, 13
, 131
, 35
, 65
, 101
, 77
, 89
, 153
, 13
, 146
, 20
, 3
, 163
, 99
, 67
, 23
, 143
, 45
, 121
, 69
, 97
, 94
, 72
, 156
, 10
, 111
, 55
, 94
, 72
, 138
, 28
, 35
, 131
, 148
, 18
, 91
, 75
, 101
, 65
, 117
, 49
, 82
, 84
, 21
, 145
, 48
, 118
, 89
, 77
, 49
, 117
, 67
, 99
, 141
, 25
, 147
, 19
, 51
, 115
, 14
, 152
, 132
, 34
, 128
, 38
, 39
, 127
, 6
, 160
, 41
, 125
, 88
, 78
, 163
, 3
, 18
, 148
, 105
, 61
, 132
, 34
, 155
, 11
, 126
, 40
, 94
, 72
, 138
, 28
, 127
, 39
, 159
, 7
, 39
, 127
, 98
, 68
, 129
, 37
, 72
, 94
, 62
, 104
, 82
, 84
, 90
, 76
, 29
, 137
, 89
, 77
, 26
, 140
, 13
, 153
, 20
, 146
, 114
, 52
, 62
, 104
, 110
, 56
, 101
, 65
, 3
, 163
, 78
, 88
, 35
, 131
, 8
, 158
, 2
, 164
, 1
, 165
, 157
, 9
, 114
, 52
, 163
, 3
, 128
, 38
, 161
, 5
, 107
, 59
, 22
, 144
, 27
, 139
, 26
, 140
, 74
, 92
, 63
, 103
, 4
, 162
, 19
, 147
, 119
, 47
, 110
, 56
, 72
, 94
, 142
, 24
, 48
, 118
, 4
, 162
, 72
, 94
, 27
, 139
, 7
, 159
, 57
, 109
, 26
, 140
, 134
, 32
, 154
, 12
, 91
, 75
, 141
, 25
, 78
, 88
, 31
, 135
, 78
, 88
, 161
, 5
, 39
, 127
, 120
, 46
, 8
, 158
, 107
, 59
, 29
, 137
, 102
, 64
, 80
, 86
, 40
, 126
, 125
, 41
, 71
, 95
, 39
, 127
, 77
, 89
, 98
, 68
, 12
, 154
, 122
, 44
, 14
, 152
, 121
, 45
, 40
, 126
, 122
, 44
, 113
, 53
, 131
, 35
, 102
, 64
, 113
, 53
, 33
, 133
, 59
, 107
, 69
, 97
, 146
, 20
, 30
, 136
, 92
, 74
, 13
, 153
, 52
, 114
, 19
, 147
, 72
, 94
, 141
, 25
, 33
, 133
, 54
, 112
, 84
, 82
, 133
, 33
, 12
, 154
, 13
, 153
, 3
, 163
, 19
, 147
, 135
, 31
, 34
, 132
, 96
, 70
, 162
, 4
, 149
, 17
, 150
, 16
, 26
, 140
, 39
, 127
, 56
, 110
, 8
, 158
, 144
, 22
, 28
, 138
, 64
, 102
, 145
, 21
, 145
, 21
, 131
, 35
, 100
, 66
, 135
, 31
, 2
, 164
, 29
, 137
, 108
, 58
, 29
, 137
, 56
, 110
, 76
, 90
, 22
, 144
, 15
, 151
, 92
, 74
, 81
, 85
, 63
, 103
, 76
, 90
, 117
, 49
, 112
, 54
, 125
, 41
, 3
, 163
, 113
, 53
, 18
, 148
, 136
, 30
, 116
, 50
, 99
, 67
, 112
, 54
, 148
, 18
, 89
, 77
, 2
, 164
, 125
, 41
, 144
, 22
, 145
, 21
, 76
, 90
, 131
, 35
, 158
, 8
, 129
, 37
, 17
, 149
, 13
, 153
, 35
, 131
, 156
, 10
, 49
, 117
, 27
, 139
, 74
, 92
, 85
, 81
, 90
, 76
, 14
, 152
, 85
, 81
, 157
, 9
, 148
, 18
, 129
, 37
, 70
, 96
, 99
, 67
, 25
, 141
, 68
, 98
, 27
, 139
, 58
, 108
, 152
, 14
, 31
, 135
, 64
, 102
, 1
, 165
, 35
, 131
, 34
, 132
, 114
, 52
, 53
, 113
, 161
, 5
, 105
, 61
, 68
, 98
, 95
, 71
, 157
, 9
, 45
, 121
, 63
, 103
, 31
, 135
, 71
, 95
, 47
, 119
, 52
, 114
, 142
, 24
, 147
, 19
, 96
, 70
, 33
, 133
, 59
, 107
, 110
, 56
, 32
, 134
, 38
, 128
, 124
, 42
, 57
, 109
, 83
, 83
, 104
, 62
, 65
, 101
, 69
, 97
, 58
, 108
, 88
, 78
, 83
, 83
, 157
, 9
, 141
, 25
, 86
, 80
, 136
, 30
, 59
, 107
, 92
, 74
, 148
, 18
, 51
, 115
, 72
, 94
, 44
, 122
, 32
, 134
, 152
, 14
, 119
, 47
, 127
, 39
, 100
, 66
, 141
, 25
, 84
, 82
, 125
, 41
, 153
, 13
, 102
, 64
, 125
, 41
, 109
, 57
, 74
, 92
, 41
, 125
, 107
, 59
, 159
, 7
, 105
, 61
, 27
, 139
, 154
, 12
, 44
, 122
, 143
, 23
, 56
, 110
, 117
, 49
, 17
, 149
, 134
, 32
, 118
, 48
, 15
, 151
, 98
, 68
, 83
, 83
, 36
, 130
, 50
, 116
, 47
, 119
, 118
, 48
, 93
, 73
, 151
, 15
, 155
, 11
, 105
, 61
, 78
, 88
, 158
, 8
, 144
, 22
, 30
, 136
, 61
, 105
, 35
, 131
, 69
, 97
, 128
, 38
, 40
, 126
, 50
, 116
, 38
, 128
, 144
, 22
, 22
, 144
, 140
, 26
, 79
, 87
, 164
, 2
, 95
, 71
, 103
, 63
, 155
, 11
, 41
, 125
, 30
, 136
, 87
, 79
, 28
, 138
, 41
, 125
, 8
, 158
, 21
, 145
, 34
, 132
, 33
, 133
, 57
, 109
, 75
, 91
, 69
, 97
, 78
, 88
, 45
, 121
, 161
, 5
, 41
, 125
, 140
, 26
, 93
, 73
, 75
, 91
, 162
, 4
, 160
, 6
, 99
, 67
, 160
, 6
, 153
, 13
, 155
, 11
, 86
, 80
, 99
, 67
, 99
, 67
, 122
, 44
, 71
, 95
, 74
, 92
, 136
, 30
, 81
, 85
, 69
, 97
, 57
, 109
, 44
, 122
, 48
, 118
, 44
, 122
, 130
, 36
, 153
, 13
, 157
, 9
, 129
, 37
, 94
, 72
, 89
, 77
, 139
, 27
, 32
, 134
, 148
, 18
, 79
, 87
, 35
, 131
, 134
, 32
, 96
, 70
, 122
, 44
, 25
, 141
, 43
, 123
, 123
, 43
, 140
, 26
, 114
, 52
, 49
, 117
, 27
, 139
, 81
, 85
, 41
, 125
, 147
, 19
, 127
, 39
, 114
, 52
, 122
, 44
, 20
, 146
, 5
, 161
, 65
, 101
, 45
, 121
, 147
, 19
, 144
, 22
, 39
, 127
, 145
, 21
, 81
, 85
, 153
, 13
, 133
, 33
, 83
, 83
, 88
, 78
, 18
, 148
, 109
, 57
, 66
, 100
, 163
, 3
, 164
, 2
, 148
, 18
, 86
, 80
, 29
, 137
, 61
, 105
, 144
, 22
, 38
, 128
, 74
, 92
, 85
, 81
, 106
, 60
, 2
, 164
, 13
, 153
, 119
, 47
, 1
, 165
, 45
, 121
, 67
, 99
, 153
, 13
, 17
, 149
, 147
, 19
, 94
, 72
, 49
, 117
, 50
, 116
, 18
, 148
, 91
, 75
, 85
, 81
, 121
, 45
, 25
, 141
, 98
, 68
, 79
, 87
, 54
, 112
, 61
, 105
, 22
, 144
, 131
, 35
, 106
, 60
, 98
, 68
, 50
, 116
, 141
, 25
, 124
, 42
, 149
, 17
, 157
, 9
, 149
, 17
, 139
, 27
, 127
, 39
, 126
, 40
, 19
, 147
, 25
, 141
, 162
, 4
, 99
, 67
, 118
, 48
, 84
, 82
, 115
, 51
, 97
, 69
, 2
, 164
, 144
, 22
, 159
, 7
, 5
, 161
, 22
, 144
, 111
, 55
, 107
, 59
, 3
, 163
, 16
, 150
, 102
, 64
, 39
, 127
, 44
, 122
, 45
, 121
, 45
, 121
, 65
, 101
, 82
, 84
, 163
, 3
, 86
, 80
, 82
, 84
, 139
, 27
, 69
, 97
, 122
, 44
, 30
, 136
, 155
, 11
, 163
, 3
, 160
, 6
, 44
, 122
, 30
, 136
, 40
, 126
, 128
, 38
, 126
, 40
, 10
, 156
, 53
, 113
, 59
, 107
, 20
, 146
, 56
, 110
, 13
, 153
, 63
, 103
, 68
, 98
, 29
, 137
, 105
, 61
, 70
, 96
, 161
, 5
, 112
, 54
, 52
, 114
, 16
, 150
, 39
, 127
, 142
, 24
, 75
, 91
, 90
, 76
, 50
, 116
, 10
, 156
, 55
, 111
, 27
, 139
, 163
, 3
, 153
, 13
, 160
, 6
, 125
, 41
, 45
, 121
, 8
, 158
, 150
, 16
, 13
, 153
, 61
, 105
, 145
, 21
, 104
, 62
, 39
, 127
, 105
, 61
, 16
, 150
, 110
, 56
, 52
, 114
, 149
, 17
, 103
, 63
, 29
, 137
, 115
, 51
, 46
, 120
, 146
, 20
, 28
, 138
, 69
, 97
, 144
, 22
, 127
, 39
, 122
, 44
, 5
, 161
, 57
, 109
, 15
, 151
, 139
, 27
, 30
, 136
, 59
, 107
, 68
, 98
, 37
, 129
, 65
, 101
, 116
, 50
, 131
, 35
, 98
, 68
, 127
, 39
, 126
, 40
, 130
, 36
, 110
, 56
, 154
, 12
, 41
, 125
, 109
, 57
, 112
, 54
, 77
, 89
, 13
, 153
, 132
, 34
, 99
, 67
, 11
, 155
, 112
, 54
, 85
, 81
, 1
, 165
, 31
, 135
, 78
, 88
, 13
, 153
, 122
, 44
, 19
, 147
, 31
, 135
, 24
, 142
, 106
, 60
, 107
, 59
, 5
, 161
, 86
, 80
, 35
, 131
, 14
, 152
, 55
, 111
, 39
, 127
, 160
, 6
, 53
, 113
, 61
, 105
, 123
, 43
, 57
, 109
, 28
, 138
, 111
, 55
, 4
, 162
, 60
, 106
, 124
, 42
, 64
, 102
, 157
, 9
, 41
, 125
, 70
, 96
, 149
, 17
, 117
, 49
, 119
, 47
, 9
, 157
, 37
, 129
, 85
, 81
, 71
, 95
, 137
, 29
, 84
, 82
, 61
, 105
, 60
, 106
, 58
, 108
, 1
, 165
, 27
, 139
, 94
, 72
, 61
, 105
, 90
, 76
, 30
, 136
, 123
, 43
, 134
, 32
, 109
, 57
, 45
, 121
, 92
, 74
, 81
, 85
, 115
, 51
, 114
, 52
, 22
, 144
, 20
, 146
, 140
, 26
, 51
, 115
, 147
, 19
, 123
, 43
, 18
, 148
, 53
, 113
, 120
, 46
, 91
, 75
, 48
, 118
, 132
, 34
, 66
, 100
, 33
, 133
, 75
, 91
, 21
, 145
, 160
, 6
, 35
, 131
, 92
, 74
, 5
, 161
, 39
, 127
, 97
, 69
, 116
, 50
, 146
, 20
, 66
, 100
, 48
, 118
, 5
, 161
, 5
, 161
, 29
, 137
, 130
, 36
, 120
, 46
, 69
, 97
, 148
, 18
, 33
, 133
, 84
, 82
, 24
, 142
, 89
, 77
, 2
, 164
, 54
, 112
, 55
, 111
, 39
, 127
, 159
, 7
, 55
, 111
, 148
, 18
, 94
, 72
, 101
, 65
, 46
, 120
, 134
, 32
, 7
, 159
, 55
, 111
, 132
, 34
, 107
, 59
, 160
, 6
, 67
, 99
, 155
, 11
, 65
, 101
, 89
, 77
, 63
, 103
, 31
, 135
, 75
, 91
, 81
, 85
, 125
, 41
, 71
, 95
, 149
, 17
, 98
, 68
, 113
, 53
, 159
, 7
, 68
, 98
, 147
, 19
, 71
, 95
, 134
, 32
, 66
, 100
, 136
, 30
, 86
, 80
, 129
, 37
, 37
, 129
, 136
, 30
, 18
, 148
, 142
, 24
, 65
, 101
, 124
, 42
, 24
, 142
, 46
, 120
, 104
, 62
, 50
, 116
, 67
, 99
, 145
, 21
, 107
, 59
, 80
, 86
, 133
, 33
, 92
, 74
, 37
, 129
, 74
, 92
, 22
, 144
, 14
, 152
, 64
, 102
, 148
, 18
, 77
, 89
, 125
, 41
, 117
, 49
, 42
, 124
, 94
, 72
, 44
, 122
, 41
, 125
, 87
, 79
, 161
, 5
, 47
, 119
, 96
, 70
, 50
, 116
, 74
, 92
, 84
, 82
, 84
, 82
, 66
, 100
, 52
, 114
, 108
, 58
, 93
, 73
, 13
, 153
, 16
, 150
, 80
, 86
, 103
, 63
, 97
, 69
, 82
, 84
, 106
, 60
, 88
, 78
, 162
, 4
, 19
, 147
, 42
, 124
, 13
, 153
, 49
, 117
, 91
, 75
, 130
, 36
, 62
, 104
, 34
, 132
, 41
, 125
, 36
, 130
, 36
, 130
, 113
, 53
, 101
, 65
, 67
, 99
, 30
, 136
, 108
, 58
, 137
, 29
, 69
, 97
, 121
, 45
, 78
, 88
, 87
, 79
, 39
, 127
, 116
, 50
, 57
, 109
, 118
, 48
, 51
, 115
, 150
, 16
, 143
, 23
, 31
, 135
, 42
, 124
, 46
, 120
, 111
, 55
, 29
, 137
, 94
, 72
, 59
, 107
, 159
, 7
, 111
, 55
, 156
, 10
, 15
, 151
, 67
, 99
, 24
, 142
, 79
, 87
, 46
, 120
, 31
, 135
, 110
, 56
, 90
, 76
, 77
, 89
, 132
, 34
, 123
, 43
, 89
, 77
, 163
, 3
, 97
, 69
, 157
, 9
, 110
, 56
, 39
, 127
, 80
, 86
, 113
, 53
, 54
, 112
, 153
, 13
, 93
, 73
, 4
, 162
, 12
, 154
, 155
, 11
, 68
, 98
, 136
, 30
, 121
, 45
, 45
, 121
, 44
, 122
, 119
, 47
, 117
, 49
, 22
, 144
, 131
, 35
, 149
, 17
, 128
, 38
, 138
, 28
, 134
, 32
, 121
, 45
, 27
, 139
, 79
, 87
, 102
, 64
, 54
, 112
, 66
, 100
, 158
, 8
, 36
, 130
, 17
, 149
, 84
, 82
, 51
, 115
, 61
, 105
, 129
, 37
, 35
, 131
, 160
, 6
, 82
, 84
, 19
, 147
, 118
, 48
, 21
, 145
, 163
, 3
, 162
, 4
, 103
, 63
, 16
, 150
, 53
, 113
, 63
, 103
, 41
, 125
, 78
, 88
, 135
, 31
, 139
, 27
, 57
, 109
, 28
, 138
, 61
, 105
, 159
, 7
, 144
, 22
, 120
, 46
, 125
, 41
, 145
, 21
, 101
, 65
, 27
, 139
, 130
, 36
, 15
, 151
, 36
, 130
, 21
, 145
, 24
, 142
, 34
, 132
, 17
, 149
, 13
, 153
, 19
, 147
, 164
, 2
, 101
, 65
, 29
, 137
, 50
, 116
, 116
, 50
, 47
, 119
, 4
, 162
, 55
, 111
, 27
, 139
, 112
, 54
, 49
, 117
, 150
, 16
, 114
, 52
, 121
, 45
, 147
, 19
, 29
, 137
, 161
, 5
, 33
, 133
, 5
, 161
, 142
, 24
, 77
, 89
, 99
, 67
, 129
, 37
, 40
, 126
, 108
, 58
, 119
, 47
, 87
, 79
, 150
, 16
, 59
, 107
, 15
, 151
, 19
, 147
, 59
, 107
, 105
, 61
, 106
, 60
, 58
, 108
, 164
, 2
, 141
, 25
, 71
, 95
, 51
, 115
, 106
, 60
, 84
, 82
, 58
, 108
, 111
, 55
, 147
, 19
, 23
, 143
, 66
, 100
, 154
, 12
, 106
, 60
, 131
, 35
, 10
, 156
, 49
, 117
, 114
, 52
, 138
, 28
, 112
, 54
, 27
, 139
, 8
, 158
, 65
, 101
, 86
, 80
, 144
, 22
, 107
, 59
, 44
, 122
, 35
, 131
, 7
, 159
, 82
, 84
, 75
, 91
, 152
, 14
, 13
, 153
, 42
, 124
, 143
, 23
, 97
, 69
, 91
, 75
, 67
, 99
, 11
, 155
, 12
, 154
, 28
, 138
, 160
, 6
, 20
, 146
, 139
, 27
, 56
, 110
, 36
, 130
, 19
, 147
, 86
, 80
, 72
, 94
, 8
, 158
, 108
, 58
, 127
, 39
, 86
, 80
, 8
, 158
, 142
, 24
, 144
, 22
, 84
, 82
, 99
, 67
, 63
, 103
, 72
, 94
, 50
, 116
, 138
, 28
, 139
, 27
, 90
, 76
, 72
, 94
, 132
, 34
, 33
, 133
, 101
, 65
, 6
, 160
, 121
, 45
, 2
, 164
, 48
, 118
, 93
, 73
, 107
, 59
, 39
, 127
, 97
, 69
, 87
, 79
, 116
, 50
, 10
, 156
, 157
, 9
, 140
, 26
, 65
, 101
, 161
, 5
, 96
, 70
, 5
, 161
, 101
, 65
, 164
, 2
, 103
, 63
, 125
, 41
, 112
, 54
, 126
, 40
, 40
, 126
, 27
, 139
, 7
, 159
, 136
, 30
, 145
, 21
, 122
, 44
, 69
, 97
, 35
, 131
, 8
, 158
, 46
, 120
, 24
, 142
, 6
, 160
, 56
, 110
, 157
, 9
, 73
, 93
, 53
, 113
, 153
, 13
, 79
, 87
, 70
, 96
, 109
, 57
, 16
, 150
, 43
, 123
, 57
, 109
, 26
, 140
, 21
, 145
, 44
, 122
, 159
, 7
, 95
, 71
, 116
, 50
, 160
, 6
, 117
, 49
, 116
, 50
, 22
, 144
, 139
, 27
, 24
, 142
, 121
, 45
, 50
, 116
, 8
, 158
, 71
, 95
, 76
, 90
, 158
, 8
, 13
, 153
, 15
, 151
, 85
, 81
, 121
, 45
, 23
, 143
, 145
, 21
, 19
, 147
, 119
, 47
, 60
, 106
, 86
, 80
, 17
, 149
, 58
, 108
, 155
, 11
, 58
, 108
, 15
, 151
, 150
, 16
, 6
, 160
, 42
, 124
, 27
, 139
, 50
, 116
, 8
, 158
, 44
, 122
, 53
, 113
, 110
, 56
, 160
, 6
, 41
, 125
, 119
, 47
, 124
, 42
, 98
, 68
, 109
, 57
, 22
, 144
, 110
, 56
, 3
, 163
, 38
, 128
