
2320
, 119
, 74
, 114
, 79
, 133
, 60
, 88
, 105
, 190
, 3
, 100
, 93
, 17
, 176
, 67
, 126
, 137
, 56
, 11
, 182
, 108
, 85
, 191
, 2
, 78
, 115
, 50
, 143
, 27
, 166
, 156
, 37
, 162
, 31
, 142
, 51
, 11
, 182
, 179
, 14
, 175
, 18
, 141
, 52
, 142
, 51
, 189
, 4
, 62
, 131
, 25
, 168
, 161
, 32
, 164
, 29
, 138
, 55
, 169
, 24
, 50
, 143
, 147
, 46
, 59
, 134
, 55
, 138
, 162
, 31
, 89
, 104
, 117
, 76
, 56
, 137
, 31
, 162
, 106
, 87
, 97
, 96
, 148
, 45
, 179
, 14
, 90
, 103
, 19
, 174
, 112
, 81
, 165
, 28
, 53
, 140
, 186
, 7
, 43
, 150
, 18
, 175
, 129
, 64
, 130
, 63
, 157
, 36
, 77
, 116
, 74
, 119
, 185
, 8
, 165
, 28
, 158
, 35
, 63
, 130
, 93
, 100
, 77
, 116
, 142
, 51
, 168
, 25
, 157
, 36
, 180
, 13
, 191
, 2
, 93
, 100
, 185
, 8
, 40
, 153
, 148
, 45
, 28
, 165
, 158
, 35
, 25
, 168
, 118
, 75
, 140
, 53
, 183
, 10
, 151
, 42
, 128
, 65
, 168
, 25
, 166
, 27
, 17
, 176
, 84
, 109
, 57
, 136
, 19
, 174
, 125
, 68
, 8
, 185
, 159
, 34
, 104
, 89
, 64
, 129
, 83
, 110
, 12
, 181
, 183
, 10
, 85
, 108
, 107
, 86
, 81
, 112
, 11
, 182
, 90
, 103
, 181
, 12
, 100
, 93
, 160
, 33
, 65
, 128
, 99
, 94
, 16
, 177
, 177
, 16
, 24
, 169
, 104
, 89
, 23
, 170
, 85
, 108
, 57
, 136
, 133
, 60
, 49
, 144
, 59
, 134
, 75
, 118
, 56
, 137
, 95
, 98
, 191
, 2
, 177
, 16
, 178
, 15
, 111
, 82
, 91
, 102
, 175
, 18
, 78
, 115
, 8
, 185
, 156
, 37
, 134
, 59
, 141
, 52
, 140
, 53
, 41
, 152
, 144
, 49
, 13
, 180
, 29
, 164
, 36
, 157
, 112
, 81
, 151
, 42
, 165
, 28
, 133
, 60
, 177
, 16
, 173
, 20
, 75
, 118
, 60
, 133
, 106
, 87
, 177
, 16
, 104
, 89
, 20
, 173
, 32
, 161
, 137
, 56
, 158
, 35
, 20
, 173
, 136
, 57
, 7
, 186
, 106
, 87
, 62
, 131
, 88
, 105
, 127
, 66
, 66
, 127
, 22
, 171
, 43
, 150
, 17
, 176
, 126
, 67
, 40
, 153
, 16
, 177
, 1
, 192
, 110
, 83
, 13
, 180
, 86
, 107
, 174
, 19
, 20
, 173
, 42
, 151
, 176
, 17
, 41
, 152
, 105
, 88
, 69
, 124
, 20
, 173
, 190
, 3
, 163
, 30
, 190
, 3
, 54
, 139
, 46
, 147
, 122
, 71
, 145
, 48
, 97
, 96
, 93
, 100
, 25
, 168
, 140
, 53
, 172
, 21
, 42
, 151
, 1
, 192
, 3
, 190
, 183
, 10
, 35
, 158
, 116
, 77
, 178
, 15
, 151
, 42
, 44
, 149
, 49
, 144
, 75
, 118
, 21
, 172
, 158
, 35
, 146
, 47
, 140
, 53
, 176
, 17
, 33
, 160
, 31
, 162
, 12
, 181
, 7
, 186
, 82
, 111
, 143
, 50
, 126
, 67
, 83
, 110
, 96
, 97
, 71
, 122
, 26
, 167
, 163
, 30
, 14
, 179
, 28
, 165
, 75
, 118
, 22
, 171
, 172
, 21
, 166
, 27
, 161
, 32
, 115
, 78
, 19
, 174
, 121
, 72
, 172
, 21
, 172
, 21
, 151
, 42
, 57
, 136
, 48
, 145
, 20
, 173
, 178
, 15
, 105
, 88
, 45
, 148
, 50
, 143
, 72
, 121
, 80
, 113
, 84
, 109
, 19
, 174
, 10
, 183
, 26
, 167
, 17
, 176
, 21
, 172
, 50
, 143
, 187
, 6
, 43
, 150
, 185
, 8
, 47
, 146
, 127
, 66
, 126
, 67
, 169
, 24
, 41
, 152
, 163
, 30
, 14
, 179
, 55
, 138
, 66
, 127
, 163
, 30
, 4
, 189
, 119
, 74
, 115
, 78
, 29
, 164
, 10
, 183
, 123
, 70
, 140
, 53
, 188
, 5
, 59
, 134
, 46
, 147
, 41
, 152
, 130
, 63
, 150
, 43
, 96
, 97
, 37
, 156
, 176
, 17
, 97
, 96
, 60
, 133
, 54
, 139
, 178
, 15
, 175
, 18
, 12
, 181
, 52
, 141
, 181
, 12
, 55
, 138
, 53
, 140
, 189
, 4
, 30
, 163
, 37
, 156
, 55
, 138
, 163
, 30
, 170
, 23
, 65
, 128
, 82
, 111
, 189
, 4
, 182
, 11
, 41
, 152
, 16
, 177
, 57
, 136
, 177
, 16
, 132
, 61
, 112
, 81
, 72
, 121
, 139
, 54
, 11
, 182
, 57
, 136
, 140
, 53
, 16
, 177
, 137
, 56
, 39
, 154
, 60
, 133
, 102
, 91
, 91
, 102
, 143
, 50
, 132
, 61
, 120
, 73
, 119
, 74
, 143
, 50
, 85
, 108
, 103
, 90
, 123
, 70
, 36
, 157
, 122
, 71
, 147
, 46
, 169
, 24
, 152
, 41
, 63
, 130
, 57
, 136
, 54
, 139
, 96
, 97
, 132
, 61
, 32
, 161
, 111
, 82
, 42
, 151
, 71
, 122
, 137
, 56
, 105
, 88
, 51
, 142
, 145
, 48
, 144
, 49
, 184
, 9
, 159
, 34
, 1
, 192
, 2
, 191
, 12
, 181
, 29
, 164
, 15
, 178
, 70
, 123
, 161
, 32
, 105
, 88
, 120
, 73
, 92
, 101
, 35
, 158
, 47
, 146
, 170
, 23
, 115
, 78
, 127
, 66
, 84
, 109
, 32
, 161
, 3
, 190
, 140
, 53
, 163
, 30
, 68
, 125
, 76
, 117
, 11
, 182
, 190
, 3
, 174
, 19
, 93
, 100
, 178
, 15
, 133
, 60
, 179
, 14
, 155
, 38
, 166
, 27
, 67
, 126
, 155
, 38
, 144
, 49
, 119
, 74
, 189
, 4
, 110
, 83
, 94
, 99
, 51
, 142
, 169
, 24
, 190
, 3
, 18
, 175
, 34
, 159
, 108
, 85
, 5
, 188
, 160
, 33
, 73
, 120
, 184
, 9
, 23
, 170
, 114
, 79
, 41
, 152
, 102
, 91
, 42
, 151
, 105
, 88
, 114
, 79
, 83
, 110
, 1
, 192
, 151
, 42
, 116
, 77
, 105
, 88
, 101
, 92
, 126
, 67
, 156
, 37
, 140
, 53
, 72
, 121
, 186
, 7
, 36
, 157
, 30
, 163
, 187
, 6
, 115
, 78
, 115
, 78
, 2
, 191
, 141
, 52
, 54
, 139
, 81
, 112
, 72
, 121
, 52
, 141
, 3
, 190
, 3
, 190
, 31
, 162
, 66
, 127
, 46
, 147
, 16
, 177
, 98
, 95
, 136
, 57
, 38
, 155
, 120
, 73
, 50
, 143
, 143
, 50
, 124
, 69
, 187
, 6
, 101
, 92
, 170
, 23
, 160
, 33
, 164
, 29
, 67
, 126
, 84
, 109
, 63
, 130
, 178
, 15
, 37
, 156
, 23
, 170
, 24
, 169
, 73
, 120
, 176
, 17
, 137
, 56
, 80
, 113
, 118
, 75
, 183
, 10
, 158
, 35
, 52
, 141
, 171
, 22
, 22
, 171
, 158
, 35
, 24
, 169
, 157
, 36
, 175
, 18
, 36
, 157
, 93
, 100
, 43
, 150
, 165
, 28
, 99
, 94
, 179
, 14
, 1
, 192
, 145
, 48
, 22
, 171
, 10
, 183
, 105
, 88
, 52
, 141
, 132
, 61
, 134
, 59
, 10
, 183
, 143
, 50
, 128
, 65
, 177
, 16
, 128
, 65
, 30
, 163
, 119
, 74
, 119
, 74
, 91
, 102
, 180
, 13
, 171
, 22
, 64
, 129
, 181
, 12
, 87
, 106
, 190
, 3
, 2
, 191
, 126
, 67
, 71
, 122
, 165
, 28
, 26
, 167
, 89
, 104
, 143
, 50
, 55
, 138
, 4
, 189
, 187
, 6
, 12
, 181
, 10
, 183
, 118
, 75
, 20
, 173
, 190
, 3
, 118
, 75
, 17
, 176
, 51
, 142
, 45
, 148
, 12
, 181
, 5
, 188
, 35
, 158
, 85
, 108
, 10
, 183
, 37
, 156
, 116
, 77
, 42
, 151
, 87
, 106
, 104
, 89
, 13
, 180
, 53
, 140
, 136
, 57
, 16
, 177
, 77
, 116
, 173
, 20
, 112
, 81
, 44
, 149
, 123
, 70
, 92
, 101
, 49
, 144
, 189
, 4
, 177
, 16
, 4
, 189
, 159
, 34
, 122
, 71
, 109
, 84
, 39
, 154
, 34
, 159
, 6
, 187
, 147
, 46
, 66
, 127
, 2
, 191
, 57
, 136
, 170
, 23
, 138
, 55
, 190
, 3
, 178
, 15
, 112
, 81
, 138
, 55
, 56
, 137
, 181
, 12
, 172
, 21
, 50
, 143
, 133
, 60
, 159
, 34
, 77
, 116
, 23
, 170
, 86
, 107
, 13
, 180
, 186
, 7
, 165
, 28
, 20
, 173
, 130
, 63
, 126
, 67
, 161
, 32
, 98
, 95
, 107
, 86
, 88
, 105
, 132
, 61
, 97
, 96
, 44
, 149
, 87
, 106
, 59
, 134
, 162
, 31
, 89
, 104
, 112
, 81
, 101
, 92
, 114
, 79
, 92
, 101
, 70
, 123
, 115
, 78
, 17
, 176
, 119
, 74
, 97
, 96
, 140
, 53
, 74
, 119
, 120
, 73
, 24
, 169
, 14
, 179
, 146
, 47
, 54
, 139
, 5
, 188
, 153
, 40
, 181
, 12
, 157
, 36
, 90
, 103
, 51
, 142
, 79
, 114
, 117
, 76
, 80
, 113
, 63
, 130
, 97
, 96
, 87
, 106
, 168
, 25
, 103
, 90
, 36
, 157
, 136
, 57
, 171
, 22
, 111
, 82
, 104
, 89
, 111
, 82
, 108
, 85
, 47
, 146
, 14
, 179
, 43
, 150
, 164
, 29
, 120
, 73
, 160
, 33
, 178
, 15
, 159
, 34
, 48
, 145
, 103
, 90
, 17
, 176
, 185
, 8
, 189
, 4
, 168
, 25
, 150
, 43
, 72
, 121
, 148
, 45
, 147
, 46
, 92
, 101
, 7
, 186
, 133
, 60
, 84
, 109
, 8
, 185
, 159
, 34
, 36
, 157
, 110
, 83
, 124
, 69
, 84
, 109
, 80
, 113
, 187
, 6
, 65
, 128
, 71
, 122
, 84
, 109
, 146
, 47
, 162
, 31
, 173
, 20
, 191
, 2
, 146
, 47
, 187
, 6
, 140
, 53
, 31
, 162
, 133
, 60
, 112
, 81
, 105
, 88
, 167
, 26
, 92
, 101
, 121
, 72
, 57
, 136
, 107
, 86
, 179
, 14
, 13
, 180
, 131
, 62
, 6
, 187
, 102
, 91
, 129
, 64
, 40
, 153
, 92
, 101
, 113
, 80
, 110
, 83
, 133
, 60
, 42
, 151
, 41
, 152
, 65
, 128
, 107
, 86
, 37
, 156
, 78
, 115
, 132
, 61
, 143
, 50
, 52
, 141
, 100
, 93
, 63
, 130
, 180
, 13
, 41
, 152
, 110
, 83
, 126
, 67
, 117
, 76
, 191
, 2
, 19
, 174
, 32
, 161
, 149
, 44
, 108
, 85
, 144
, 49
, 160
, 33
, 145
, 48
, 160
, 33
, 77
, 116
, 75
, 118
, 149
, 44
, 114
, 79
, 89
, 104
, 172
, 21
, 5
, 188
, 138
, 55
, 35
, 158
, 15
, 178
, 79
, 114
, 91
, 102
, 132
, 61
, 81
, 112
, 191
, 2
, 109
, 84
, 137
, 56
, 131
, 62
, 54
, 139
, 108
, 85
, 182
, 11
, 143
, 50
, 107
, 86
, 130
, 63
, 145
, 48
, 149
, 44
, 8
, 185
, 127
, 66
, 186
, 7
, 62
, 131
, 132
, 61
, 181
, 12
, 125
, 68
, 110
, 83
, 9
, 184
, 58
, 135
, 80
, 113
, 8
, 185
, 23
, 170
, 42
, 151
, 69
, 124
, 26
, 167
, 76
, 117
, 29
, 164
, 24
, 169
, 173
, 20
, 169
, 24
, 66
, 127
, 149
, 44
, 131
, 62
, 111
, 82
, 159
, 34
, 12
, 181
, 45
, 148
, 63
, 130
, 16
, 177
, 170
, 23
, 133
, 60
, 169
, 24
, 178
, 15
, 185
, 8
, 86
, 107
, 185
, 8
, 63
, 130
, 85
, 108
, 25
, 168
, 120
, 73
, 177
, 16
, 40
, 153
, 117
, 76
, 28
, 165
, 151
, 42
, 3
, 190
, 70
, 123
, 61
, 132
, 6
, 187
, 155
, 38
, 108
, 85
, 174
, 19
, 133
, 60
, 75
, 118
, 160
, 33
, 85
, 108
, 18
, 175
, 27
, 166
, 98
, 95
, 38
, 155
, 64
, 129
, 170
, 23
, 9
, 184
, 161
, 32
, 1
, 192
, 107
, 86
, 105
, 88
, 67
, 126
, 168
, 25
, 15
, 178
, 153
, 40
, 64
, 129
, 46
, 147
, 34
, 159
, 148
, 45
, 54
, 139
, 142
, 51
, 135
, 58
, 64
, 129
, 185
, 8
, 94
, 99
, 160
, 33
, 108
, 85
, 7
, 186
, 126
, 67
, 32
, 161
, 138
, 55
, 159
, 34
, 191
, 2
, 93
, 100
, 84
, 109
, 167
, 26
, 183
, 10
, 139
, 54
, 186
, 7
, 146
, 47
, 16
, 177
, 147
, 46
, 104
, 89
, 66
, 127
, 86
, 107
, 187
, 6
, 146
, 47
, 107
, 86
, 4
, 189
, 48
, 145
, 166
, 27
, 50
, 143
, 175
, 18
, 106
, 87
, 45
, 148
, 85
, 108
, 69
, 124
, 53
, 140
, 34
, 159
, 177
, 16
, 51
, 142
, 8
, 185
, 33
, 160
, 120
, 73
, 15
, 178
, 135
, 58
, 143
, 50
, 163
, 30
, 146
, 47
, 143
, 50
, 186
, 7
, 21
, 172
, 30
, 163
, 116
, 77
, 134
, 59
, 68
, 125
, 156
, 37
, 161
, 32
, 131
, 62
, 136
, 57
, 28
, 165
, 187
, 6
, 78
, 115
, 37
, 156
, 35
, 158
, 24
, 169
, 63
, 130
, 134
, 59
, 84
, 109
, 53
, 140
, 64
, 129
, 93
, 100
, 149
, 44
, 176
, 17
, 175
, 18
, 134
, 59
, 85
, 108
, 84
, 109
, 178
, 15
, 38
, 155
, 130
, 63
, 127
, 66
, 97
, 96
, 132
, 61
, 28
, 165
, 127
, 66
, 150
, 43
, 53
, 140
, 39
, 154
, 143
, 50
, 111
, 82
, 48
, 145
, 155
, 38
, 111
, 82
, 66
, 127
, 14
, 179
, 36
, 157
, 17
, 176
, 153
, 40
, 6
, 187
, 107
, 86
, 12
, 181
, 48
, 145
, 44
, 149
, 171
, 22
, 162
, 31
, 120
, 73
, 49
, 144
, 92
, 101
, 166
, 27
, 166
, 27
, 107
, 86
, 29
, 164
, 57
, 136
, 48
, 145
, 186
, 7
, 2
, 191
, 67
, 126
, 151
, 42
, 32
, 161
, 78
, 115
, 36
, 157
, 47
, 146
, 166
, 27
, 100
, 93
, 164
, 29
, 120
, 73
, 172
, 21
, 88
, 105
, 60
, 133
, 62
, 131
, 74
, 119
, 71
, 122
, 136
, 57
, 14
, 179
, 131
, 62
, 178
, 15
, 145
, 48
, 103
, 90
, 140
, 53
, 109
, 84
, 20
, 173
, 181
, 12
, 44
, 149
, 34
, 159
, 186
, 7
, 15
, 178
, 108
, 85
, 88
, 105
, 60
, 133
, 150
, 43
, 96
, 97
, 47
, 146
, 137
, 56
, 135
, 58
, 145
, 48
, 46
, 147
, 56
, 137
, 36
, 157
, 36
, 157
, 148
, 45
, 105
, 88
, 74
, 119
, 147
, 46
, 51
, 142
, 18
, 175
, 21
, 172
, 11
, 182
, 86
, 107
, 27
, 166
, 162
, 31
, 123
, 70
, 147
, 46
, 107
, 86
, 61
, 132
, 163
, 30
, 17
, 176
, 87
, 106
, 21
, 172
, 102
, 91
, 140
, 53
, 51
, 142
, 50
, 143
, 159
, 34
, 13
, 180
, 64
, 129
, 99
, 94
, 60
, 133
, 95
, 98
, 45
, 148
, 124
, 69
, 42
, 151
, 108
, 85
, 120
, 73
, 136
, 57
, 61
, 132
, 109
, 84
, 130
, 63
, 63
, 130
, 18
, 175
, 131
, 62
, 60
, 133
, 171
, 22
, 95
, 98
, 58
, 135
, 56
, 137
, 113
, 80
, 83
, 110
, 85
, 108
, 51
, 142
, 157
, 36
, 124
, 69
, 132
, 61
, 19
, 174
, 107
, 86
, 180
, 13
, 30
, 163
, 44
, 149
, 125
, 68
, 25
, 168
, 35
, 158
, 162
, 31
, 69
, 124
, 20
, 173
, 57
, 136
, 30
, 163
, 126
, 67
, 74
, 119
, 18
, 175
, 119
, 74
, 47
, 146
, 158
, 35
, 111
, 82
, 98
, 95
, 178
, 15
, 181
, 12
, 69
, 124
, 148
, 45
, 114
, 79
, 2
, 191
, 20
, 173
, 30
, 163
, 151
, 42
, 51
, 142
, 144
, 49
, 177
, 16
, 47
, 146
, 181
, 12
, 180
, 13
, 178
, 15
, 15
, 178
, 163
, 30
, 75
, 118
, 57
, 136
, 49
, 144
, 90
, 103
, 152
, 41
, 139
, 54
, 37
, 156
, 158
, 35
, 93
, 100
, 21
, 172
, 36
, 157
, 33
, 160
, 22
, 171
, 91
, 102
, 93
, 100
, 44
, 149
, 76
, 117
, 60
, 133
, 115
, 78
, 61
, 132
, 66
, 127
, 21
, 172
, 132
, 61
, 76
, 117
, 7
, 186
, 145
, 48
, 36
, 157
, 165
, 28
, 165
, 28
, 183
, 10
, 7
, 186
, 45
, 148
, 126
, 67
, 176
, 17
, 25
, 168
, 87
, 106
, 98
, 95
, 151
, 42
, 171
, 22
, 47
, 146
, 138
, 55
, 169
, 24
, 115
, 78
, 155
, 38
, 83
, 110
, 131
, 62
, 53
, 140
, 176
, 17
, 115
, 78
, 17
, 176
, 17
, 176
, 104
, 89
, 129
, 64
, 65
, 128
, 177
, 16
, 93
, 100
, 142
, 51
, 14
, 179
, 72
, 121
, 109
, 84
, 51
, 142
, 14
, 179
, 126
, 67
, 125
, 68
, 187
, 6
, 172
, 21
, 53
, 140
, 49
, 144
, 132
, 61
, 125
, 68
, 130
, 63
, 19
, 174
, 178
, 15
, 149
, 44
, 18
, 175
, 132
, 61
, 106
, 87
, 13
, 180
, 82
, 111
, 1
, 192
, 113
, 80
, 54
, 139
, 153
, 40
, 76
, 117
, 71
, 122
, 74
, 119
, 65
, 128
, 171
, 22
, 52
, 141
, 41
, 152
, 180
, 13
, 18
, 175
, 140
, 53
, 16
, 177
, 148
, 45
, 172
, 21
, 182
, 11
, 181
, 12
, 115
, 78
, 109
, 84
, 163
, 30
, 160
, 33
, 147
, 46
, 19
, 174
, 89
, 104
, 63
, 130
, 107
, 86
, 150
, 43
, 96
, 97
, 69
, 124
, 25
, 168
, 47
, 146
, 93
, 100
, 86
, 107
, 14
, 179
, 61
, 132
, 127
, 66
, 126
, 67
, 181
, 12
, 4
, 189
, 122
, 71
, 82
, 111
, 105
, 88
, 148
, 45
, 114
, 79
, 121
, 72
, 117
, 76
, 5
, 188
, 23
, 170
, 38
, 155
, 183
, 10
, 1
, 192
, 156
, 37
, 94
, 99
, 74
, 119
, 91
, 102
, 12
, 181
, 6
, 187
, 27
, 166
, 66
, 127
, 49
, 144
, 45
, 148
, 103
, 90
, 14
, 179
, 88
, 105
, 27
, 166
, 3
, 190
, 81
, 112
, 33
, 160
, 43
, 150
, 49
, 144
, 148
, 45
, 120
, 73
, 41
, 152
, 151
, 42
, 151
, 42
, 15
, 178
, 109
, 84
, 168
, 25
, 8
, 185
, 65
, 128
, 171
, 22
, 55
, 138
, 38
, 155
, 17
, 176
, 9
, 184
, 130
, 63
, 138
, 55
, 24
, 169
, 80
, 113
, 10
, 183
, 62
, 131
, 61
, 132
, 128
, 65
, 90
, 103
, 72
, 121
, 16
, 177
, 153
, 40
, 125
, 68
, 56
, 137
, 2
, 191
, 140
, 53
, 33
, 160
, 30
, 163
, 125
, 68
, 83
, 110
, 174
, 19
, 111
, 82
, 1
, 192
, 101
, 92
, 139
, 54
, 95
, 98
, 167
, 26
, 9
, 184
, 80
, 113
, 114
, 79
, 128
, 65
, 162
, 31
, 70
, 123
, 49
, 144
, 44
, 149
, 116
, 77
, 9
, 184
, 123
, 70
, 148
, 45
, 2
, 191
, 181
, 12
, 138
, 55
, 135
, 58
, 59
, 134
, 26
, 167
, 111
, 82
, 32
, 161
, 38
, 155
, 125
, 68
, 17
, 176
, 68
, 125
, 131
, 62
, 162
, 31
, 50
, 143
, 56
, 137
, 182
, 11
, 181
, 12
, 155
, 38
, 121
, 72
, 37
, 156
, 15
, 178
, 104
, 89
, 113
, 80
, 121
, 72
, 115
, 78
, 91
, 102
, 78
, 115
, 94
, 99
, 68
, 125
, 101
, 92
, 86
, 107
, 144
, 49
, 102
, 91
, 44
, 149
, 117
, 76
, 4
, 189
, 8
, 185
, 53
, 140
, 1
, 192
, 117
, 76
, 109
, 84
, 107
, 86
, 147
, 46
, 167
, 26
, 121
, 72
, 62
, 131
, 70
, 123
, 177
, 16
, 184
, 9
, 178
, 15
, 61
, 132
, 175
, 18
, 190
, 3
, 70
, 123
, 95
, 98
, 159
, 34
, 50
, 143
, 57
, 136
, 14
, 179
, 147
, 46
, 92
, 101
, 38
, 155
, 16
, 177
, 60
, 133
, 98
, 95
, 30
, 163
, 116
, 77
, 136
, 57
, 61
, 132
, 186
, 7
, 44
, 149
, 53
, 140
, 2
, 191
, 158
, 35
, 111
, 82
, 30
, 163
, 121
, 72
, 170
, 23
, 185
, 8
, 142
, 51
, 183
, 10
, 33
, 160
, 132
, 61
, 163
, 30
, 151
, 42
, 128
, 65
, 79
, 114
, 185
, 8
, 183
, 10
, 59
, 134
, 129
, 64
, 88
, 105
, 73
, 120
, 191
, 2
, 40
, 153
, 123
, 70
, 27
, 166
, 88
, 105
, 82
, 111
, 17
, 176
, 54
, 139
, 79
, 114
, 7
, 186
, 171
, 22
, 8
, 185
, 71
, 122
, 152
, 41
, 152
, 41
, 19
, 174
, 46
, 147
, 90
, 103
, 140
, 53
, 127
, 66
, 162
, 31
, 16
, 177
, 126
, 67
, 133
, 60
, 110
, 83
, 154
, 39
, 46
, 147
, 20
, 173
, 20
, 173
, 94
, 99
, 115
, 78
, 26
, 167
, 158
, 35
, 117
, 76
, 79
, 114
, 169
, 24
, 108
, 85
, 166
, 27
, 130
, 63
, 51
, 142
, 125
, 68
, 158
, 35
, 56
, 137
, 4
, 189
, 20
, 173
, 3
, 190
, 99
, 94
, 31
, 162
, 73
, 120
, 174
, 19
, 132
, 61
, 62
, 131
, 49
, 144
, 116
, 77
, 93
, 100
, 177
, 16
, 23
, 170
, 150
, 43
, 109
, 84
, 183
, 10
, 117
, 76
, 22
, 171
, 165
, 28
, 173
, 20
, 160
, 33
, 58
, 135
, 111
, 82
, 176
, 17
, 23
, 170
, 83
, 110
, 116
, 77
, 174
, 19
, 154
, 39
, 11
, 182
, 68
, 125
, 81
, 112
, 150
, 43
, 141
, 52
, 173
, 20
, 109
, 84
, 54
, 139
, 29
, 164
, 52
, 141
, 190
, 3
, 148
, 45
, 115
, 78
, 41
, 152
, 59
, 134
, 45
, 148
, 57
, 136
, 70
, 123
, 168
, 25
, 180
, 13
, 51
, 142
, 154
, 39
, 112
, 81
, 78
, 115
, 14
, 179
, 110
, 83
, 37
, 156
, 19
, 174
, 10
, 183
, 179
, 14
, 114
, 79
, 60
, 133
, 11
, 182
, 135
, 58
, 16
, 177
, 81
, 112
, 155
, 38
, 99
, 94
, 146
, 47
, 14
, 179
, 105
, 88
, 57
, 136
, 29
, 164
, 50
, 143
, 139
, 54
, 56
, 137
, 82
, 111
, 93
, 100
, 4
, 189
, 154
, 39
, 13
, 180
, 8
, 185
, 185
, 8
, 65
, 128
, 144
, 49
, 47
, 146
, 44
, 149
, 57
, 136
, 110
, 83
, 127
, 66
, 32
, 161
, 177
, 16
, 8
, 185
, 187
, 6
, 106
, 87
, 93
, 100
, 11
, 182
, 15
, 178
, 75
, 118
, 162
, 31
, 185
, 8
, 110
, 83
, 59
, 134
, 20
, 173
, 87
, 106
, 21
, 172
, 75
, 118
, 186
, 7
, 68
, 125
, 110
, 83
, 158
, 35
, 1
, 192
, 129
, 64
, 17
, 176
, 95
, 98
, 136
, 57
, 159
, 34
, 23
, 170
, 146
, 47
, 156
, 37
, 53
, 140
, 66
, 127
, 112
, 81
, 19
, 174
, 77
, 116
, 24
, 169
, 114
, 79
, 49
, 144
, 16
, 177
, 63
, 130
, 138
, 55
, 98
, 95
, 162
, 31
, 110
, 83
, 131
, 62
, 4
, 189
, 175
, 18
, 168
, 25
, 31
, 162
, 186
, 7
, 163
, 30
, 29
, 164
, 191
, 2
, 27
, 166
, 57
, 136
, 118
, 75
, 153
, 40
, 47
, 146
, 6
, 187
, 106
, 87
, 124
, 69
, 51
, 142
, 153
, 40
, 45
, 148
, 11
, 182
, 43
, 150
, 124
, 69
, 111
, 82
, 10
, 183
, 90
, 103
, 61
, 132
, 166
, 27
, 19
, 174
, 20
, 173
, 13
, 180
, 141
, 52
, 121
, 72
, 55
, 138
, 159
, 34
, 54
, 139
, 159
, 34
, 17
, 176
, 185
, 8
, 41
, 152
, 43
, 150
, 59
, 134
, 5
, 188
, 25
, 168
, 5
, 188
, 102
, 91
, 58
, 135
, 42
, 151
, 73
, 120
, 8
, 185
, 69
, 124
, 149
, 44
, 135
, 58
, 154
, 39
, 18
, 175
, 143
, 50
, 148
, 45
, 88
, 105
, 53
, 140
, 47
, 146
, 15
, 178
, 187
, 6
, 48
, 145
, 119
, 74
, 26
, 167
, 34
, 159
, 129
, 64
, 150
, 43
, 167
, 26
, 91
, 102
, 112
, 81
, 35
, 158
, 75
, 118
, 77
, 116
, 31
, 162
, 139
, 54
, 163
, 30
, 118
, 75
, 8
, 185
, 34
, 159
, 140
, 53
, 10
, 183
, 92
, 101
, 47
, 146
, 93
, 100
, 75
, 118
, 69
, 124
, 191
, 2
, 24
, 169
, 85
, 108
, 142
, 51
, 42
, 151
, 4
, 189
, 125
, 68
, 158
, 35
, 34
, 159
, 106
, 87
, 125
, 68
, 132
, 61
, 179
, 14
, 36
, 157
, 165
, 28
, 77
, 116
, 93
, 100
, 2
, 191
, 11
, 182
, 69
, 124
, 57
, 136
, 52
, 141
, 88
, 105
, 154
, 39
, 97
, 96
, 78
, 115
, 152
, 41
, 88
, 105
, 101
, 92
, 81
, 112
, 154
, 39
, 42
, 151
, 60
, 133
, 7
, 186
, 187
, 6
, 117
, 76
, 114
, 79
, 184
, 9
, 166
, 27
, 51
, 142
, 70
, 123
, 51
, 142
, 180
, 13
, 171
, 22
, 110
, 83
, 144
, 49
, 159
, 34
, 55
, 138
, 101
, 92
, 96
, 97
, 102
, 91
, 122
, 71
, 85
, 108
, 32
, 161
, 172
, 21
, 90
, 103
, 160
, 33
, 51
, 142
, 130
, 63
, 156
, 37
, 189
, 4
, 158
, 35
, 125
, 68
, 2
, 191
, 168
, 25
, 50
, 143
, 189
, 4
, 146
, 47
, 100
, 93
, 23
, 170
, 79
, 114
, 128
, 65
, 127
, 66
, 42
, 151
, 155
, 38
, 99
, 94
, 39
, 154
, 18
, 175
, 169
, 24
, 68
, 125
, 172
, 21
, 169
, 24
, 67
, 126
, 174
, 19
, 21
, 172
, 61
, 132
, 189
, 4
, 53
, 140
, 185
, 8
, 188
, 5
, 85
, 108
, 151
, 42
, 116
, 77
, 156
, 37
, 134
, 59
, 164
, 29
, 66
, 127
, 106
, 87
, 7
, 186
, 11
, 182
, 1
, 192
, 137
, 56
, 123
, 70
, 186
, 7
, 73
, 120
, 129
, 64
, 14
, 179
, 25
, 168
, 162
, 31
, 43
, 150
, 188
, 5
, 99
, 94
, 36
, 157
, 155
, 38
, 16
, 177
, 49
, 144
, 177
, 16
, 23
, 170
, 108
, 85
, 121
, 72
, 141
, 52
, 106
, 87
, 147
, 46
, 185
, 8
, 40
, 153
, 120
, 73
, 131
, 62
, 140
, 53
, 85
, 108
, 85
, 108
, 141
, 52
, 108
, 85
, 75
, 118
, 175
, 18
, 91
, 102
, 104
, 89
, 167
, 26
, 12
, 181
, 56
, 137
, 71
, 122
, 149
, 44
, 109
, 84
, 42
, 151
, 87
, 106
, 131
, 62
, 87
, 106
, 71
, 122
, 39
, 154
, 189
, 4
, 151
, 42
, 171
, 22
, 61
, 132
, 16
, 177
, 95
, 98
, 150
, 43
, 87
, 106
, 126
, 67
, 172
, 21
, 73
, 120
, 107
, 86
, 101
, 92
, 121
, 72
, 77
, 116
, 149
, 44
, 92
, 101
, 11
, 182
, 81
, 112
, 93
, 100
, 79
, 114
, 155
, 38
, 1
, 192
, 191
, 2
, 37
, 156
, 77
, 116
, 153
, 40
, 28
, 165
, 164
, 29
, 130
, 63
, 41
, 152
, 15
, 178
, 105
, 88
, 85
, 108
, 58
, 135
, 185
, 8
, 59
, 134
, 171
, 22
, 123
, 70
, 144
, 49
, 30
, 163
, 121
, 72
, 158
, 35
, 97
, 96
, 21
, 172
, 2
, 191
, 84
, 109
, 180
, 13
, 104
, 89
, 177
, 16
, 126
, 67
, 108
, 85
, 180
, 13
, 58
, 135
, 45
, 148
, 90
, 103
, 38
, 155
, 95
, 98
, 28
, 165
, 155
, 38
, 156
, 37
, 134
, 59
, 87
, 106
, 31
, 162
, 8
, 185
, 92
, 101
, 187
, 6
, 149
, 44
, 81
, 112
, 10
, 183
, 79
, 114
, 98
, 95
, 70
, 123
, 176
, 17
, 123
, 70
, 164
, 29
, 158
, 35
, 82
, 111
, 100
, 93
, 126
, 67
, 68
, 125
, 164
, 29
, 114
, 79
, 176
, 17
, 23
, 170
, 117
, 76
, 7
, 186
, 48
, 145
, 183
, 10
, 71
, 122
, 14
, 179
, 28
, 165
, 80
, 113
, 155
, 38
, 173
, 20
, 189
, 4
, 177
, 16
, 187
, 6
, 9
, 184
, 42
, 151
, 94
, 99
, 95
, 98
, 18
, 175
, 187
, 6
, 86
, 107
, 36
, 157
, 182
, 11
, 177
, 16
, 120
, 73
, 121
, 72
, 103
, 90
, 82
, 111
, 122
, 71
, 173
, 20
, 88
, 105
, 67
, 126
, 162
, 31
, 53
, 140
, 83
, 110
, 56
, 137
, 128
, 65
, 86
, 107
, 135
, 58
, 112
, 81
, 133
, 60
, 1
, 192
, 3
, 190
, 20
, 173
, 75
, 118
, 110
, 83
, 8
, 185
, 42
, 151
, 15
, 178
, 185
, 8
, 182
, 11
, 49
, 144
, 156
, 37
, 173
, 20
, 17
, 176
, 118
, 75
, 12
, 181
, 40
, 153
, 26
, 167
, 176
, 17
, 108
, 85
, 107
, 86
, 96
, 97
, 102
, 91
, 71
, 122
, 78
, 115
, 10
, 183
, 90
, 103
, 185
, 8
, 18
, 175
, 164
, 29
, 119
, 74
, 114
, 79
, 102
, 91
, 82
, 111
, 83
, 110
, 17
, 176
, 149
, 44
, 184
, 9
, 79
, 114
, 148
, 45
, 141
, 52
, 42
, 151
, 34
, 159
, 149
, 44
, 112
, 81
, 108
, 85
, 27
, 166
, 150
, 43
, 169
, 24
, 151
, 42
, 154
, 39
, 165
, 28
, 34
, 159
, 109
, 84
, 132
, 61
, 170
, 23
, 1
, 192
, 97
, 96
, 106
, 87
, 131
, 62
, 85
, 108
, 106
, 87
, 116
, 77
, 12
, 181
, 60
, 133
, 48
, 145
, 117
, 76
, 148
, 45
, 114
, 79
, 14
, 179
, 49
, 144
, 46
, 147
, 96
, 97
, 191
, 2
, 42
, 151
, 68
, 125
, 63
, 130
, 157
, 36
, 174
, 19
, 156
, 37
, 103
, 90
, 2
, 191
, 29
, 164
, 175
, 18
, 119
, 74
, 8
, 185
, 55
, 138
, 68
, 125
, 141
, 52
, 99
, 94
, 129
, 64
, 140
, 53
, 82
, 111
, 37
, 156
, 144
, 49
, 104
, 89
, 46
, 147
, 124
, 69
, 44
, 149
, 95
, 98
, 105
, 88
, 134
, 59
, 55
, 138
, 126
, 67
, 30
, 163
, 67
, 126
, 94
, 99
, 56
, 137
, 125
, 68
, 168
, 25
, 70
, 123
, 70
, 123
, 190
, 3
, 41
, 152
, 27
, 166
, 118
, 75
, 35
, 158
, 74
, 119
, 20
, 173
, 71
, 122
, 3
, 190
, 179
, 14
, 80
, 113
, 57
, 136
, 164
, 29
, 5
, 188
, 66
, 127
, 125
, 68
, 85
, 108
, 136
, 57
, 63
, 130
, 32
, 161
, 77
, 116
, 173
, 20
, 118
, 75
, 89
, 104
, 40
, 153
, 99
, 94
, 145
, 48
, 167
, 26
, 133
, 60
, 26
, 167
, 59
, 134
, 167
, 26
, 132
, 61
, 158
, 35
, 9
, 184
, 43
, 150
, 129
, 64
, 120
, 73
, 45
, 148
, 167
, 26
, 119
, 74
, 117
, 76
, 84
, 109
, 1
, 192
, 43
, 150
, 154
, 39
, 138
, 55
, 17
, 176
, 104
, 89
, 141
, 52
, 159
, 34
, 95
, 98
, 171
, 22
, 89
, 104
, 62
, 131
, 98
, 95
, 158
, 35
, 155
, 38
, 15
, 178
, 172
, 21
, 42
, 151
, 117
, 76
, 94
, 99
, 52
, 141
, 54
, 139
, 26
, 167
, 121
, 72
, 93
, 100
, 152
, 41
, 18
, 175
, 61
, 132
, 83
, 110
, 7
, 186
, 151
, 42
, 92
, 101
, 45
, 148
, 151
, 42
, 131
, 62
, 120
, 73
, 172
, 21
, 158
, 35
, 127
, 66
, 176
, 17
, 182
, 11
, 160
, 33
, 14
, 179
, 169
, 24
, 123
, 70
, 87
, 106
, 138
, 55
, 107
, 86
, 44
, 149
, 42
, 151
, 161
, 32
, 65
, 128
, 1
, 192
, 23
, 170
, 129
, 64
, 44
, 149
, 83
, 110
, 161
, 32
, 172
, 21
, 52
, 141
, 153
, 40
, 7
, 186
, 32
, 161
, 82
, 111
, 166
, 27
, 5
, 188
, 24
, 169
, 108
, 85
, 32
, 161
, 90
, 103
, 153
, 40
, 92
, 101
, 109
, 84
, 168
, 25
, 98
, 95
, 97
, 96
, 133
, 60
, 65
, 128
, 125
, 68
, 109
, 84
, 31
, 162
, 26
, 167
, 152
, 41
, 170
, 23
, 157
, 36
, 28
, 165
, 153
, 40
, 18
, 175
, 162
, 31
, 26
, 167
, 122
, 71
, 135
, 58
, 86
, 107
, 63
, 130
, 56
, 137
, 188
, 5
, 40
, 153
, 158
, 35
, 47
, 146
, 103
, 90
, 97
, 96
, 84
, 109
, 26
, 167
, 189
, 4
, 187
, 6
, 172
, 21
, 62
, 131
, 47
, 146
, 164
, 29
, 2
, 191
, 57
, 136
, 140
, 53
, 71
, 122
, 70
, 123
, 159
, 34
, 184
, 9
, 22
, 171
, 156
, 37
, 28
, 165
, 38
, 155
, 34
, 159
, 167
, 26
, 165
, 28
, 185
, 8
, 86
, 107
, 123
, 70
, 72
, 121
, 54
, 139
, 114
, 79
, 165
, 28
, 117
, 76
, 183
, 10
, 30
, 163
, 10
, 183
, 156
, 37
, 119
, 74
, 161
, 32
, 151
, 42
, 115
, 78
, 106
, 87
, 146
, 47
, 134
, 59
, 98
, 95
, 106
, 87
, 97
, 96
, 31
, 162
, 140
, 53
, 155
, 38
, 12
, 181
, 191
, 2
, 186
, 7
, 123
, 70
, 155
, 38
, 178
, 15
, 151
, 42
, 69
, 124
, 68
, 125
, 1
, 192
, 97
, 96
, 90
, 103
, 139
, 54
, 145
, 48
, 19
, 174
, 73
, 120
, 48
, 145
, 111
, 82
, 175
, 18
, 58
, 135
, 103
, 90
, 154
, 39
, 138
, 55
, 84
, 109
, 81
, 112
, 49
, 144
, 109
, 84
, 161
, 32
, 49
, 144
, 53
, 140
, 154
, 39
, 138
, 55
, 12
, 181
, 61
, 132
, 160
, 33
, 69
, 124
, 69
, 124
, 12
, 181
, 65
, 128
, 81
, 112
, 169
, 24
, 54
, 139
, 181
, 12
, 141
, 52
, 104
, 89
, 75
, 118
, 145
, 48
, 53
, 140
, 106
, 87
, 134
, 59
, 130
, 63
, 88
, 105
, 10
, 183
, 136
, 57
, 118
, 75
, 29
, 164
, 51
, 142
, 14
, 179
, 50
, 143
, 116
, 77
, 20
, 173
, 102
, 91
, 135
, 58
, 114
, 79
, 8
, 185
, 186
, 7
, 68
, 125
, 87
, 106
, 143
, 50
, 85
, 108
, 116
, 77
, 177
, 16
, 12
, 181
, 174
, 19
, 30
, 163
, 115
, 78
, 41
, 152
, 95
, 98
, 145
, 48
, 45
, 148
, 36
, 157
, 67
, 126
, 157
, 36
, 19
, 174
, 117
, 76
, 109
, 84
, 182
, 11
, 102
, 91
, 5
, 188
, 38
, 155
, 74
, 119
, 53
, 140
, 19
, 174
, 137
, 56
, 82
, 111
, 4
, 189
, 39
, 154
, 152
, 41
, 103
, 90
, 139
, 54
, 57
, 136
, 17
, 176
, 141
, 52
, 28
, 165
, 25
, 168
, 10
, 183
, 84
, 109
, 123
, 70
, 99
, 94
, 31
, 162
, 174
, 19
, 21
, 172
, 174
, 19
, 50
, 143
, 184
, 9
, 19
, 174
, 116
, 77
, 162
, 31
, 80
, 113
, 138
, 55
, 90
, 103
, 108
, 85
, 126
, 67
, 188
, 5
, 184
, 9
, 82
, 111
, 165
, 28
, 92
, 101
, 6
, 187
, 123
, 70
, 25
, 168
, 152
, 41
, 47
, 146
, 41
, 152
, 50
, 143
, 42
, 151
