
2330
, 69
, 192
, 202
, 59
, 123
, 138
, 189
, 72
, 168
, 93
, 103
, 158
, 51
, 210
, 206
, 55
, 118
, 143
, 114
, 147
, 215
, 46
, 229
, 32
, 31
, 230
, 103
, 158
, 34
, 227
, 236
, 25
, 193
, 68
, 128
, 133
, 46
, 215
, 79
, 182
, 8
, 253
, 63
, 198
, 145
, 116
, 183
, 78
, 151
, 110
, 115
, 146
, 96
, 165
, 47
, 214
, 212
, 49
, 257
, 4
, 112
, 149
, 93
, 168
, 226
, 35
, 13
, 248
, 178
, 83
, 204
, 57
, 208
, 53
, 139
, 122
, 29
, 232
, 133
, 128
, 169
, 92
, 231
, 30
, 110
, 151
, 201
, 60
, 119
, 142
, 47
, 214
, 39
, 222
, 21
, 240
, 218
, 43
, 160
, 101
, 87
, 174
, 250
, 11
, 147
, 114
, 61
, 200
, 80
, 181
, 17
, 244
, 208
, 53
, 134
, 127
, 134
, 127
, 223
, 38
, 84
, 177
, 97
, 164
, 257
, 4
, 201
, 60
, 106
, 155
, 2
, 259
, 8
, 253
, 144
, 117
, 51
, 210
, 195
, 66
, 39
, 222
, 228
, 33
, 39
, 222
, 157
, 104
, 198
, 63
, 115
, 146
, 124
, 137
, 45
, 216
, 152
, 109
, 121
, 140
, 180
, 81
, 248
, 13
, 4
, 257
, 10
, 251
, 121
, 140
, 154
, 107
, 122
, 139
, 121
, 140
, 30
, 231
, 240
, 21
, 257
, 4
, 125
, 136
, 45
, 216
, 86
, 175
, 39
, 222
, 125
, 136
, 29
, 232
, 1
, 260
, 223
, 38
, 24
, 237
, 133
, 128
, 168
, 93
, 104
, 157
, 161
, 100
, 142
, 119
, 113
, 148
, 54
, 207
, 74
, 187
, 163
, 98
, 206
, 55
, 240
, 21
, 27
, 234
, 250
, 11
, 10
, 251
, 131
, 130
, 186
, 75
, 154
, 107
, 48
, 213
, 30
, 231
, 85
, 176
, 54
, 207
, 9
, 252
, 59
, 202
, 231
, 30
, 102
, 159
, 110
, 151
, 131
, 130
, 179
, 82
, 129
, 132
, 61
, 200
, 64
, 197
, 243
, 18
, 204
, 57
, 63
, 198
, 229
, 32
, 20
, 241
, 86
, 175
, 207
, 54
, 244
, 17
, 170
, 91
, 34
, 227
, 139
, 122
, 238
, 23
, 254
, 7
, 124
, 137
, 49
, 212
, 59
, 202
, 192
, 69
, 27
, 234
, 126
, 135
, 129
, 132
, 22
, 239
, 68
, 193
, 166
, 95
, 85
, 176
, 155
, 106
, 197
, 64
, 135
, 126
, 131
, 130
, 137
, 124
, 121
, 140
, 22
, 239
, 27
, 234
, 6
, 255
, 249
, 12
, 170
, 91
, 59
, 202
, 117
, 144
, 29
, 232
, 243
, 18
, 62
, 199
, 10
, 251
, 99
, 162
, 105
, 156
, 210
, 51
, 94
, 167
, 204
, 57
, 21
, 240
, 53
, 208
, 163
, 98
, 31
, 230
, 194
, 67
, 157
, 104
, 64
, 197
, 252
, 9
, 103
, 158
, 33
, 228
, 74
, 187
, 243
, 18
, 184
, 77
, 204
, 57
, 129
, 132
, 213
, 48
, 211
, 50
, 210
, 51
, 23
, 238
, 79
, 182
, 60
, 201
, 132
, 129
, 7
, 254
, 238
, 23
, 107
, 154
, 231
, 30
, 35
, 226
, 76
, 185
, 151
, 110
, 36
, 225
, 68
, 193
, 80
, 181
, 89
, 172
, 9
, 252
, 248
, 13
, 159
, 102
, 235
, 26
, 147
, 114
, 179
, 82
, 238
, 23
, 152
, 109
, 206
, 55
, 114
, 147
, 89
, 172
, 238
, 23
, 130
, 131
, 129
, 132
, 89
, 172
, 60
, 201
, 182
, 79
, 199
, 62
, 86
, 175
, 220
, 41
, 22
, 239
, 144
, 117
, 1
, 260
, 25
, 236
, 83
, 178
, 69
, 192
, 137
, 124
, 137
, 124
, 165
, 96
, 194
, 67
, 120
, 141
, 103
, 158
, 114
, 147
, 21
, 240
, 133
, 128
, 158
, 103
, 28
, 233
, 136
, 125
, 160
, 101
, 231
, 30
, 86
, 175
, 37
, 224
, 135
, 126
, 78
, 183
, 40
, 221
, 49
, 212
, 209
, 52
, 110
, 151
, 199
, 62
, 63
, 198
, 55
, 206
, 61
, 200
, 75
, 186
, 150
, 111
, 84
, 177
, 186
, 75
, 136
, 125
, 257
, 4
, 117
, 144
, 210
, 51
, 24
, 237
, 213
, 48
, 181
, 80
, 1
, 260
, 117
, 144
, 208
, 53
, 230
, 31
, 212
, 49
, 229
, 32
, 118
, 143
, 117
, 144
, 84
, 177
, 91
, 170
, 130
, 131
, 191
, 70
, 132
, 129
, 205
, 56
, 57
, 204
, 1
, 260
, 38
, 223
, 174
, 87
, 49
, 212
, 111
, 150
, 93
, 168
, 9
, 252
, 53
, 208
, 36
, 225
, 179
, 82
, 187
, 74
, 143
, 118
, 169
, 92
, 105
, 156
, 91
, 170
, 153
, 108
, 124
, 137
, 173
, 88
, 182
, 79
, 77
, 184
, 68
, 193
, 222
, 39
, 185
, 76
, 194
, 67
, 142
, 119
, 84
, 177
, 103
, 158
, 172
, 89
, 110
, 151
, 109
, 152
, 102
, 159
, 32
, 229
, 238
, 23
, 42
, 219
, 97
, 164
, 119
, 142
, 230
, 31
, 158
, 103
, 194
, 67
, 69
, 192
, 249
, 12
, 228
, 33
, 184
, 77
, 157
, 104
, 164
, 97
, 213
, 48
, 151
, 110
, 134
, 127
, 167
, 94
, 70
, 191
, 138
, 123
, 81
, 180
, 89
, 172
, 64
, 197
, 250
, 11
, 8
, 253
, 177
, 84
, 128
, 133
, 58
, 203
, 48
, 213
, 196
, 65
, 63
, 198
, 76
, 185
, 158
, 103
, 100
, 161
, 130
, 131
, 46
, 215
, 83
, 178
, 39
, 222
, 205
, 56
, 116
, 145
, 30
, 231
, 92
, 169
, 116
, 145
, 107
, 154
, 143
, 118
, 175
, 86
, 200
, 61
, 43
, 218
, 192
, 69
, 243
, 18
, 256
, 5
, 97
, 164
, 134
, 127
, 240
, 21
, 219
, 42
, 7
, 254
, 67
, 194
, 173
, 88
, 254
, 7
, 124
, 137
, 249
, 12
, 174
, 87
, 40
, 221
, 212
, 49
, 239
, 22
, 259
, 2
, 173
, 88
, 89
, 172
, 219
, 42
, 141
, 120
, 35
, 226
, 28
, 233
, 71
, 190
, 29
, 232
, 248
, 13
, 249
, 12
, 135
, 126
, 181
, 80
, 114
, 147
, 201
, 60
, 147
, 114
, 77
, 184
, 67
, 194
, 173
, 88
, 95
, 166
, 131
, 130
, 91
, 170
, 180
, 81
, 29
, 232
, 198
, 63
, 80
, 181
, 82
, 179
, 150
, 111
, 221
, 40
, 151
, 110
, 64
, 197
, 253
, 8
, 134
, 127
, 145
, 116
, 46
, 215
, 195
, 66
, 93
, 168
, 248
, 13
, 258
, 3
, 15
, 246
, 181
, 80
, 20
, 241
, 259
, 2
, 9
, 252
, 90
, 171
, 201
, 60
, 180
, 81
, 106
, 155
, 72
, 189
, 251
, 10
, 59
, 202
, 20
, 241
, 201
, 60
, 236
, 25
, 45
, 216
, 258
, 3
, 127
, 134
, 16
, 245
, 232
, 29
, 103
, 158
, 112
, 149
, 69
, 192
, 136
, 125
, 35
, 226
, 238
, 23
, 126
, 135
, 44
, 217
, 101
, 160
, 55
, 206
, 204
, 57
, 26
, 235
, 213
, 48
, 219
, 42
, 147
, 114
, 42
, 219
, 230
, 31
, 236
, 25
, 81
, 180
, 49
, 212
, 234
, 27
, 179
, 82
, 20
, 241
, 163
, 98
, 37
, 224
, 185
, 76
, 191
, 70
, 46
, 215
, 46
, 215
, 66
, 195
, 128
, 133
, 103
, 158
, 115
, 146
, 218
, 43
, 17
, 244
, 8
, 253
, 53
, 208
, 142
, 119
, 59
, 202
, 155
, 106
, 140
, 121
, 157
, 104
, 79
, 182
, 71
, 190
, 96
, 165
, 59
, 202
, 206
, 55
, 176
, 85
, 2
, 259
, 59
, 202
, 133
, 128
, 153
, 108
, 61
, 200
, 215
, 46
, 61
, 200
, 240
, 21
, 192
, 69
, 206
, 55
, 193
, 68
, 38
, 223
, 173
, 88
, 62
, 199
, 114
, 147
, 252
, 9
, 30
, 231
, 126
, 135
, 173
, 88
, 161
, 100
, 59
, 202
, 141
, 120
, 90
, 171
, 205
, 56
, 87
, 174
, 216
, 45
, 232
, 29
, 90
, 171
, 178
, 83
, 33
, 228
, 239
, 22
, 226
, 35
, 72
, 189
, 115
, 146
, 74
, 187
, 198
, 63
, 152
, 109
, 183
, 78
, 89
, 172
, 2
, 259
, 5
, 256
, 37
, 224
, 79
, 182
, 142
, 119
, 251
, 10
, 210
, 51
, 94
, 167
, 106
, 155
, 152
, 109
, 22
, 239
, 102
, 159
, 100
, 161
, 187
, 74
, 247
, 14
, 177
, 84
, 205
, 56
, 123
, 138
, 225
, 36
, 221
, 40
, 176
, 85
, 221
, 40
, 41
, 220
, 13
, 248
, 98
, 163
, 223
, 38
, 122
, 139
, 187
, 74
, 49
, 212
, 94
, 167
, 195
, 66
, 69
, 192
, 111
, 150
, 107
, 154
, 106
, 155
, 94
, 167
, 117
, 144
, 118
, 143
, 205
, 56
, 116
, 145
, 177
, 84
, 224
, 37
, 230
, 31
, 98
, 163
, 44
, 217
, 205
, 56
, 65
, 196
, 78
, 183
, 108
, 153
, 255
, 6
, 89
, 172
, 219
, 42
, 175
, 86
, 177
, 84
, 246
, 15
, 97
, 164
, 160
, 101
, 11
, 250
, 35
, 226
, 94
, 167
, 59
, 202
, 8
, 253
, 191
, 70
, 19
, 242
, 233
, 28
, 152
, 109
, 171
, 90
, 120
, 141
, 246
, 15
, 235
, 26
, 148
, 113
, 153
, 108
, 124
, 137
, 120
, 141
, 192
, 69
, 246
, 15
, 251
, 10
, 191
, 70
, 174
, 87
, 52
, 209
, 9
, 252
, 100
, 161
, 122
, 139
, 93
, 168
, 150
, 111
, 90
, 171
, 129
, 132
, 56
, 205
, 9
, 252
, 29
, 232
, 193
, 68
, 205
, 56
, 74
, 187
, 197
, 64
, 109
, 152
, 25
, 236
, 65
, 196
, 256
, 5
, 152
, 109
, 121
, 140
, 25
, 236
, 132
, 129
, 130
, 131
, 133
, 128
, 148
, 113
, 177
, 84
, 165
, 96
, 204
, 57
, 131
, 130
, 114
, 147
, 34
, 227
, 56
, 205
, 190
, 71
, 126
, 135
, 1
, 260
, 165
, 96
, 117
, 144
, 31
, 230
, 212
, 49
, 165
, 96
, 120
, 141
, 61
, 200
, 9
, 252
, 152
, 109
, 37
, 224
, 155
, 106
, 64
, 197
, 33
, 228
, 241
, 20
, 64
, 197
, 119
, 142
, 95
, 166
, 24
, 237
, 14
, 247
, 179
, 82
, 69
, 192
, 239
, 22
, 17
, 244
, 125
, 136
, 8
, 253
, 224
, 37
, 32
, 229
, 178
, 83
, 75
, 186
, 51
, 210
, 248
, 13
, 195
, 66
, 2
, 259
, 188
, 73
, 50
, 211
, 142
, 119
, 199
, 62
, 173
, 88
, 257
, 4
, 112
, 149
, 30
, 231
, 73
, 188
, 110
, 151
, 235
, 26
, 23
, 238
, 235
, 26
, 243
, 18
, 42
, 219
, 134
, 127
, 172
, 89
, 111
, 150
, 11
, 250
, 7
, 254
, 47
, 214
, 13
, 248
, 32
, 229
, 205
, 56
, 79
, 182
, 227
, 34
, 246
, 15
, 94
, 167
, 209
, 52
, 41
, 220
, 242
, 19
, 178
, 83
, 164
, 97
, 234
, 27
, 123
, 138
, 111
, 150
, 244
, 17
, 118
, 143
, 170
, 91
, 199
, 62
, 167
, 94
, 108
, 153
, 213
, 48
, 42
, 219
, 195
, 66
, 160
, 101
, 223
, 38
, 1
, 260
, 66
, 195
, 230
, 31
, 143
, 118
, 132
, 129
, 73
, 188
, 134
, 127
, 1
, 260
, 182
, 79
, 131
, 130
, 39
, 222
, 187
, 74
, 91
, 170
, 133
, 128
, 123
, 138
, 124
, 137
, 57
, 204
, 115
, 146
, 182
, 79
, 201
, 60
, 61
, 200
, 11
, 250
, 189
, 72
, 74
, 187
, 89
, 172
, 230
, 31
, 119
, 142
, 152
, 109
, 42
, 219
, 102
, 159
, 130
, 131
, 191
, 70
, 156
, 105
, 142
, 119
, 249
, 12
, 155
, 106
, 88
, 173
, 198
, 63
, 42
, 219
, 126
, 135
, 240
, 21
, 162
, 99
, 176
, 85
, 210
, 51
, 227
, 34
, 27
, 234
, 227
, 34
, 40
, 221
, 163
, 98
, 61
, 200
, 76
, 185
, 2
, 259
, 51
, 210
, 188
, 73
, 215
, 46
, 103
, 158
, 171
, 90
, 131
, 130
, 141
, 120
, 13
, 248
, 101
, 160
, 14
, 247
, 97
, 164
, 17
, 244
, 157
, 104
, 125
, 136
, 28
, 233
, 105
, 156
, 71
, 190
, 120
, 141
, 171
, 90
, 218
, 43
, 188
, 73
, 38
, 223
, 38
, 223
, 143
, 118
, 153
, 108
, 208
, 53
, 8
, 253
, 167
, 94
, 237
, 24
, 247
, 14
, 19
, 242
, 197
, 64
, 18
, 243
, 204
, 57
, 49
, 212
, 57
, 204
, 78
, 183
, 219
, 42
, 245
, 16
, 140
, 121
, 37
, 224
, 188
, 73
, 116
, 145
, 225
, 36
, 204
, 57
, 110
, 151
, 227
, 34
, 205
, 56
, 77
, 184
, 225
, 36
, 9
, 252
, 115
, 146
, 198
, 63
, 177
, 84
, 225
, 36
, 233
, 28
, 150
, 111
, 240
, 21
, 3
, 258
, 110
, 151
, 216
, 45
, 22
, 239
, 7
, 254
, 40
, 221
, 203
, 58
, 195
, 66
, 156
, 105
, 100
, 161
, 238
, 23
, 49
, 212
, 203
, 58
, 135
, 126
, 205
, 56
, 99
, 162
, 17
, 244
, 233
, 28
, 141
, 120
, 228
, 33
, 171
, 90
, 186
, 75
, 122
, 139
, 156
, 105
, 118
, 143
, 11
, 250
, 161
, 100
, 164
, 97
, 149
, 112
, 60
, 201
, 223
, 38
, 243
, 18
, 64
, 197
, 38
, 223
, 101
, 160
, 241
, 20
, 70
, 191
, 91
, 170
, 184
, 77
, 46
, 215
, 178
, 83
, 64
, 197
, 228
, 33
, 141
, 120
, 166
, 95
, 36
, 225
, 98
, 163
, 114
, 147
, 216
, 45
, 156
, 105
, 224
, 37
, 106
, 155
, 239
, 22
, 142
, 119
, 217
, 44
, 165
, 96
, 207
, 54
, 37
, 224
, 105
, 156
, 92
, 169
, 40
, 221
, 181
, 80
, 67
, 194
, 75
, 186
, 194
, 67
, 213
, 48
, 23
, 238
, 68
, 193
, 226
, 35
, 99
, 162
, 190
, 71
, 41
, 220
, 253
, 8
, 35
, 226
, 119
, 142
, 107
, 154
, 78
, 183
, 206
, 55
, 195
, 66
, 64
, 197
, 189
, 72
, 104
, 157
, 152
, 109
, 15
, 246
, 84
, 177
, 27
, 234
, 146
, 115
, 178
, 83
, 128
, 133
, 172
, 89
, 226
, 35
, 103
, 158
, 194
, 67
, 102
, 159
, 98
, 163
, 80
, 181
, 222
, 39
, 95
, 166
, 127
, 134
, 219
, 42
, 228
, 33
, 198
, 63
, 238
, 23
, 235
, 26
, 76
, 185
, 244
, 17
, 230
, 31
, 199
, 62
, 92
, 169
, 94
, 167
, 36
, 225
, 234
, 27
, 209
, 52
, 187
, 74
, 194
, 67
, 65
, 196
, 160
, 101
, 247
, 14
, 77
, 184
, 136
, 125
, 161
, 100
, 81
, 180
, 77
, 184
, 162
, 99
, 208
, 53
, 254
, 7
, 209
, 52
, 73
, 188
, 125
, 136
, 259
, 2
, 27
, 234
, 152
, 109
, 209
, 52
, 93
, 168
, 79
, 182
, 114
, 147
, 37
, 224
, 145
, 116
, 171
, 90
, 241
, 20
, 91
, 170
, 27
, 234
, 150
, 111
, 199
, 62
, 131
, 130
, 66
, 195
, 217
, 44
, 31
, 230
, 55
, 206
, 164
, 97
, 9
, 252
, 259
, 2
, 11
, 250
, 3
, 258
, 203
, 58
, 73
, 188
, 88
, 173
, 21
, 240
, 201
, 60
, 218
, 43
, 211
, 50
, 143
, 118
, 227
, 34
, 127
, 134
, 160
, 101
, 40
, 221
, 251
, 10
, 34
, 227
, 168
, 93
, 37
, 224
, 235
, 26
, 118
, 143
, 214
, 47
, 142
, 119
, 114
, 147
, 9
, 252
, 234
, 27
, 49
, 212
, 20
, 241
, 200
, 61
, 41
, 220
, 204
, 57
, 200
, 61
, 178
, 83
, 241
, 20
, 183
, 78
, 250
, 11
, 130
, 131
, 121
, 140
, 212
, 49
, 76
, 185
, 164
, 97
, 38
, 223
, 170
, 91
, 193
, 68
, 221
, 40
, 59
, 202
, 255
, 6
, 83
, 178
, 1
, 260
, 51
, 210
, 6
, 255
, 32
, 229
, 150
, 111
, 202
, 59
, 117
, 144
, 185
, 76
, 38
, 223
, 73
, 188
, 153
, 108
, 207
, 54
, 242
, 19
, 144
, 117
, 63
, 198
, 174
, 87
, 24
, 237
, 175
, 86
, 235
, 26
, 200
, 61
, 22
, 239
, 109
, 152
, 15
, 246
, 1
, 260
, 155
, 106
, 246
, 15
, 30
, 231
, 246
, 15
, 137
, 124
, 259
, 2
, 244
, 17
, 90
, 171
, 86
, 175
, 71
, 190
, 102
, 159
, 115
, 146
, 101
, 160
, 247
, 14
, 7
, 254
, 64
, 197
, 195
, 66
, 53
, 208
, 72
, 189
, 2
, 259
, 128
, 133
, 241
, 20
, 212
, 49
, 35
, 226
, 142
, 119
, 88
, 173
, 148
, 113
, 175
, 86
, 215
, 46
, 151
, 110
, 7
, 254
, 151
, 110
, 63
, 198
, 27
, 234
, 248
, 13
, 237
, 24
, 241
, 20
, 202
, 59
, 78
, 183
, 106
, 155
, 186
, 75
, 257
, 4
, 214
, 47
, 188
, 73
, 169
, 92
, 177
, 84
, 105
, 156
, 109
, 152
, 71
, 190
, 72
, 189
, 21
, 240
, 88
, 173
, 224
, 37
, 90
, 171
, 198
, 63
, 53
, 208
, 176
, 85
, 231
, 30
, 6
, 255
, 250
, 11
, 6
, 255
, 196
, 65
, 42
, 219
, 140
, 121
, 122
, 139
, 61
, 200
, 136
, 125
, 11
, 250
, 98
, 163
, 9
, 252
, 234
, 27
, 12
, 249
, 176
, 85
, 93
, 168
, 75
, 186
, 58
, 203
, 153
, 108
, 168
, 93
, 82
, 179
, 5
, 256
, 49
, 212
, 35
, 226
, 52
, 209
, 43
, 218
, 258
, 3
, 80
, 181
, 124
, 137
, 34
, 227
, 4
, 257
, 222
, 39
, 74
, 187
, 122
, 139
, 83
, 178
, 191
, 70
, 112
, 149
, 41
, 220
, 232
, 29
, 226
, 35
, 225
, 36
, 222
, 39
, 204
, 57
, 181
, 80
, 4
, 257
, 104
, 157
, 26
, 235
, 6
, 255
, 102
, 159
, 222
, 39
, 93
, 168
, 115
, 146
, 114
, 147
, 136
, 125
, 179
, 82
, 124
, 137
, 147
, 114
, 54
, 207
, 164
, 97
, 191
, 70
, 81
, 180
, 28
, 233
, 20
, 241
, 21
, 240
, 126
, 135
, 29
, 232
, 38
, 223
, 236
, 25
, 199
, 62
, 35
, 226
, 63
, 198
, 14
, 247
, 253
, 8
, 177
, 84
, 184
, 77
, 149
, 112
, 93
, 168
, 129
, 132
, 93
, 168
, 208
, 53
, 133
, 128
, 60
, 201
, 150
, 111
, 227
, 34
, 163
, 98
, 237
, 24
, 247
, 14
, 245
, 16
, 133
, 128
, 42
, 219
, 197
, 64
, 188
, 73
, 201
, 60
, 51
, 210
, 200
, 61
, 140
, 121
, 135
, 126
, 125
, 136
, 103
, 158
, 6
, 255
, 61
, 200
, 103
, 158
, 168
, 93
, 206
, 55
, 232
, 29
, 182
, 79
, 180
, 81
, 202
, 59
, 232
, 29
, 69
, 192
, 236
, 25
, 143
, 118
, 231
, 30
, 31
, 230
, 115
, 146
, 66
, 195
, 142
, 119
, 129
, 132
, 188
, 73
, 209
, 52
, 111
, 150
, 12
, 249
, 54
, 207
, 42
, 219
, 183
, 78
, 147
, 114
, 97
, 164
, 144
, 117
, 55
, 206
, 183
, 78
, 236
, 25
, 52
, 209
, 39
, 222
, 154
, 107
, 119
, 142
, 42
, 219
, 222
, 39
, 84
, 177
, 52
, 209
, 5
, 256
, 16
, 245
, 90
, 171
, 57
, 204
, 196
, 65
, 181
, 80
, 214
, 47
, 55
, 206
, 35
, 226
, 20
, 241
, 104
, 157
, 88
, 173
, 27
, 234
, 109
, 152
, 37
, 224
, 140
, 121
, 120
, 141
, 142
, 119
, 100
, 161
, 253
, 8
, 117
, 144
, 53
, 208
, 39
, 222
, 245
, 16
, 199
, 62
, 176
, 85
, 212
, 49
, 173
, 88
, 243
, 18
, 176
, 85
, 40
, 221
, 45
, 216
, 139
, 122
, 36
, 225
, 13
, 248
, 173
, 88
, 135
, 126
, 191
, 70
, 7
, 254
, 62
, 199
, 248
, 13
, 240
, 21
, 105
, 156
, 243
, 18
, 225
, 36
, 61
, 200
, 228
, 33
, 29
, 232
, 102
, 159
, 226
, 35
, 249
, 12
, 218
, 43
, 84
, 177
, 50
, 211
, 190
, 71
, 116
, 145
, 232
, 29
, 173
, 88
, 119
, 142
, 75
, 186
, 184
, 77
, 127
, 134
, 221
, 40
, 3
, 258
, 122
, 139
, 11
, 250
, 256
, 5
, 77
, 184
, 117
, 144
, 240
, 21
, 108
, 153
, 193
, 68
, 85
, 176
, 184
, 77
, 232
, 29
, 213
, 48
, 190
, 71
, 68
, 193
, 215
, 46
, 38
, 223
, 61
, 200
, 157
, 104
, 93
, 168
, 241
, 20
, 189
, 72
, 125
, 136
, 180
, 81
, 145
, 116
, 216
, 45
, 176
, 85
, 59
, 202
, 55
, 206
, 213
, 48
, 246
, 15
, 22
, 239
, 85
, 176
, 63
, 198
, 226
, 35
, 89
, 172
, 109
, 152
, 98
, 163
, 207
, 54
, 250
, 11
, 148
, 113
, 232
, 29
, 150
, 111
, 243
, 18
, 46
, 215
, 20
, 241
, 257
, 4
, 55
, 206
, 31
, 230
, 38
, 223
, 67
, 194
, 220
, 41
, 200
, 61
, 144
, 117
, 86
, 175
, 192
, 69
, 238
, 23
, 178
, 83
, 127
, 134
, 209
, 52
, 109
, 152
, 144
, 117
, 234
, 27
, 253
, 8
, 17
, 244
, 227
, 34
, 163
, 98
, 64
, 197
, 18
, 243
, 47
, 214
, 54
, 207
, 125
, 136
, 29
, 232
, 3
, 258
, 235
, 26
, 90
, 171
, 78
, 183
, 71
, 190
, 256
, 5
, 196
, 65
, 57
, 204
, 130
, 131
, 125
, 136
, 180
, 81
, 200
, 61
, 134
, 127
, 171
, 90
, 128
, 133
, 225
, 36
, 68
, 193
, 51
, 210
, 233
, 28
, 219
, 42
, 114
, 147
, 224
, 37
, 83
, 178
, 250
, 11
, 105
, 156
, 176
, 85
, 44
, 217
, 111
, 150
, 81
, 180
, 48
, 213
, 208
, 53
, 182
, 79
, 173
, 88
, 154
, 107
, 161
, 100
, 154
, 107
, 99
, 162
, 107
, 154
, 100
, 161
, 96
, 165
, 180
, 81
, 96
, 165
, 47
, 214
, 201
, 60
, 116
, 145
, 103
, 158
, 44
, 217
, 167
, 94
, 256
, 5
, 113
, 148
, 187
, 74
, 220
, 41
, 144
, 117
, 13
, 248
, 234
, 27
, 109
, 152
, 42
, 219
, 188
, 73
, 237
, 24
, 70
, 191
, 234
, 27
, 191
, 70
, 24
, 237
, 6
, 255
, 86
, 175
, 54
, 207
, 8
, 253
, 140
, 121
, 103
, 158
, 92
, 169
, 53
, 208
, 223
, 38
, 171
, 90
, 123
, 138
, 91
, 170
, 210
, 51
, 3
, 258
, 126
, 135
, 95
, 166
, 242
, 19
, 230
, 31
, 155
, 106
, 242
, 19
, 198
, 63
, 47
, 214
, 186
, 75
, 108
, 153
, 148
, 113
, 250
, 11
, 73
, 188
, 115
, 146
, 128
, 133
, 193
, 68
, 51
, 210
, 168
, 93
, 146
, 115
, 164
, 97
, 214
, 47
, 94
, 167
, 157
, 104
, 171
, 90
, 222
, 39
, 225
, 36
, 26
, 235
, 102
, 159
, 106
, 155
, 227
, 34
, 56
, 205
, 149
, 112
, 157
, 104
, 32
, 229
, 74
, 187
, 180
, 81
, 40
, 221
, 89
, 172
, 256
, 5
, 115
, 146
, 167
, 94
, 36
, 225
, 195
, 66
, 218
, 43
, 204
, 57
, 228
, 33
, 13
, 248
, 257
, 4
, 108
, 153
, 215
, 46
, 169
, 92
, 120
, 141
, 159
, 102
, 259
, 2
, 76
, 185
, 128
, 133
, 172
, 89
, 212
, 49
, 37
, 224
, 199
, 62
, 25
, 236
, 140
, 121
, 66
, 195
, 255
, 6
, 124
, 137
, 245
, 16
, 241
, 20
, 11
, 250
, 243
, 18
, 22
, 239
, 252
, 9
, 188
, 73
, 239
, 22
, 157
, 104
, 61
, 200
, 222
, 39
, 130
, 131
, 188
, 73
, 37
, 224
, 230
, 31
, 145
, 116
, 104
, 157
, 158
, 103
, 45
, 216
, 151
, 110
, 257
, 4
, 190
, 71
, 46
, 215
, 201
, 60
, 145
, 116
, 162
, 99
, 18
, 243
, 4
, 257
, 223
, 38
, 218
, 43
, 239
, 22
, 37
, 224
, 173
, 88
, 231
, 30
, 48
, 213
, 68
, 193
, 249
, 12
, 195
, 66
, 84
, 177
, 212
, 49
, 18
, 243
, 156
, 105
, 167
, 94
, 75
, 186
, 179
, 82
, 204
, 57
, 93
, 168
, 105
, 156
, 106
, 155
, 106
, 155
, 224
, 37
, 38
, 223
, 119
, 142
, 205
, 56
, 21
, 240
, 117
, 144
, 141
, 120
, 214
, 47
, 72
, 189
, 210
, 51
, 142
, 119
, 45
, 216
, 236
, 25
, 170
, 91
, 164
, 97
, 139
, 122
, 77
, 184
, 151
, 110
, 114
, 147
, 192
, 69
, 17
, 244
, 3
, 258
, 8
, 253
, 35
, 226
, 163
, 98
, 63
, 198
, 240
, 21
, 99
, 162
, 68
, 193
, 147
, 114
, 18
, 243
, 191
, 70
, 239
, 22
, 164
, 97
, 8
, 253
, 16
, 245
, 195
, 66
, 69
, 192
, 251
, 10
, 22
, 239
, 10
, 251
, 238
, 23
, 180
, 81
, 42
, 219
, 252
, 9
, 24
, 237
, 84
, 177
, 166
, 95
, 129
, 132
, 183
, 78
, 115
, 146
, 196
, 65
, 151
, 110
, 106
, 155
, 138
, 123
, 149
, 112
, 136
, 125
, 242
, 19
, 216
, 45
, 178
, 83
, 31
, 230
, 71
, 190
, 142
, 119
, 12
, 249
, 236
, 25
, 255
, 6
, 138
, 123
, 89
, 172
, 161
, 100
, 45
, 216
, 30
, 231
, 97
, 164
, 90
, 171
, 3
, 258
, 72
, 189
, 76
, 185
, 82
, 179
, 45
, 216
, 47
, 214
, 33
, 228
, 155
, 106
, 7
, 254
, 147
, 114
, 17
, 244
, 53
, 208
, 9
, 252
, 14
, 247
, 29
, 232
, 27
, 234
, 223
, 38
, 114
, 147
, 185
, 76
, 22
, 239
, 63
, 198
, 133
, 128
, 211
, 50
, 183
, 78
, 209
, 52
, 211
, 50
, 135
, 126
, 7
, 254
, 8
, 253
, 257
, 4
, 225
, 36
, 160
, 101
, 28
, 233
, 74
, 187
, 167
, 94
, 154
, 107
, 181
, 80
, 176
, 85
, 174
, 87
, 72
, 189
, 60
, 201
, 59
, 202
, 188
, 73
, 16
, 245
, 58
, 203
, 65
, 196
, 6
, 255
, 158
, 103
, 200
, 61
, 123
, 138
, 176
, 85
, 125
, 136
, 203
, 58
, 257
, 4
, 232
, 29
, 96
, 165
, 193
, 68
, 201
, 60
, 48
, 213
, 259
, 2
, 209
, 52
, 232
, 29
, 38
, 223
, 242
, 19
, 217
, 44
, 127
, 134
, 226
, 35
, 143
, 118
, 242
, 19
, 136
, 125
, 251
, 10
, 246
, 15
, 211
, 50
, 4
, 257
, 160
, 101
, 103
, 158
, 19
, 242
, 74
, 187
, 224
, 37
, 67
, 194
, 5
, 256
, 227
, 34
, 145
, 116
, 137
, 124
, 199
, 62
, 206
, 55
, 88
, 173
, 248
, 13
, 5
, 256
, 208
, 53
, 209
, 52
, 33
, 228
, 192
, 69
, 43
, 218
, 239
, 22
, 114
, 147
, 162
, 99
, 143
, 118
, 42
, 219
, 159
, 102
, 91
, 170
, 24
, 237
, 98
, 163
, 103
, 158
, 59
, 202
, 22
, 239
, 209
, 52
, 34
, 227
, 48
, 213
, 208
, 53
, 259
, 2
, 111
, 150
, 241
, 20
, 188
, 73
, 190
, 71
, 193
, 68
, 68
, 193
, 86
, 175
, 4
, 257
, 247
, 14
, 177
, 84
, 86
, 175
, 242
, 19
, 154
, 107
, 127
, 134
, 195
, 66
, 3
, 258
, 69
, 192
, 194
, 67
, 179
, 82
, 19
, 242
, 105
, 156
, 102
, 159
, 40
, 221
, 61
, 200
, 21
, 240
, 123
, 138
, 226
, 35
, 114
, 147
, 58
, 203
, 102
, 159
, 27
, 234
, 58
, 203
, 6
, 255
, 79
, 182
, 118
, 143
, 39
, 222
, 44
, 217
, 98
, 163
, 35
, 226
, 47
, 214
, 162
, 99
, 117
, 144
, 92
, 169
, 106
, 155
, 198
, 63
, 195
, 66
, 232
, 29
, 183
, 78
, 73
, 188
, 120
, 141
, 210
, 51
, 102
, 159
, 186
, 75
, 239
, 22
, 186
, 75
, 162
, 99
, 79
, 182
, 158
, 103
, 89
, 172
, 29
, 232
, 218
, 43
, 3
, 258
, 165
, 96
, 256
, 5
, 180
, 81
, 53
, 208
, 216
, 45
, 79
, 182
, 40
, 221
, 237
, 24
, 214
, 47
, 204
, 57
, 4
, 257
, 165
, 96
, 127
, 134
, 178
, 83
, 209
, 52
, 204
, 57
, 52
, 209
, 226
, 35
, 214
, 47
, 220
, 41
, 240
, 21
, 228
, 33
, 60
, 201
, 175
, 86
, 19
, 242
, 49
, 212
, 141
, 120
, 60
, 201
, 228
, 33
, 147
, 114
, 158
, 103
, 258
, 3
, 96
, 165
, 249
, 12
, 120
, 141
, 55
, 206
, 224
, 37
, 23
, 238
, 99
, 162
, 129
, 132
, 200
, 61
, 115
, 146
, 170
, 91
, 14
, 247
, 120
, 141
, 136
, 125
, 12
, 249
, 254
, 7
, 79
, 182
, 106
, 155
, 155
, 106
, 83
, 178
, 125
, 136
, 143
, 118
, 244
, 17
, 173
, 88
, 220
, 41
, 68
, 193
, 7
, 254
, 197
, 64
, 74
, 187
, 248
, 13
, 106
, 155
, 229
, 32
, 101
, 160
, 36
, 225
, 2
, 259
, 127
, 134
, 31
, 230
, 218
, 43
, 55
, 206
, 116
, 145
, 98
, 163
, 48
, 213
, 41
, 220
, 144
, 117
, 238
, 23
, 52
, 209
, 232
, 29
, 192
, 69
, 240
, 21
, 158
, 103
, 61
, 200
, 218
, 43
, 143
, 118
, 255
, 6
, 68
, 193
, 62
, 199
, 14
, 247
, 89
, 172
, 118
, 143
, 85
, 176
, 12
, 249
, 255
, 6
, 157
, 104
, 186
, 75
, 154
, 107
, 165
, 96
, 248
, 13
, 20
, 241
, 257
, 4
, 133
, 128
, 182
, 79
, 227
, 34
, 57
, 204
, 226
, 35
, 141
, 120
, 195
, 66
, 49
, 212
, 220
, 41
, 164
, 97
, 114
, 147
, 193
, 68
, 91
, 170
, 5
, 256
, 120
, 141
, 247
, 14
, 5
, 256
, 18
, 243
, 85
, 176
, 227
, 34
, 99
, 162
, 141
, 120
, 29
, 232
, 248
, 13
, 125
, 136
, 153
, 108
, 226
, 35
, 217
, 44
, 216
, 45
, 197
, 64
, 6
, 255
, 69
, 192
, 100
, 161
, 101
, 160
, 222
, 39
, 252
, 9
, 168
, 93
, 49
, 212
, 90
, 171
, 34
, 227
, 51
, 210
, 36
, 225
, 118
, 143
, 56
, 205
, 142
, 119
, 67
, 194
, 131
, 130
, 85
, 176
, 4
, 257
, 236
, 25
, 235
, 26
, 168
, 93
, 214
, 47
, 256
, 5
, 124
, 137
, 21
, 240
, 17
, 244
, 211
, 50
, 71
, 190
, 57
, 204
, 36
, 225
, 44
, 217
, 85
, 176
, 106
, 155
, 82
, 179
, 254
, 7
, 41
, 220
, 4
, 257
, 136
, 125
, 64
, 197
, 50
, 211
, 221
, 40
, 73
, 188
, 22
, 239
, 212
, 49
, 71
, 190
, 157
, 104
, 101
, 160
, 189
, 72
, 230
, 31
, 254
, 7
, 190
, 71
, 217
, 44
, 121
, 140
, 176
, 85
, 51
, 210
, 91
, 170
, 34
, 227
, 129
, 132
, 67
, 194
, 6
, 255
, 189
, 72
, 218
, 43
, 143
, 118
, 97
, 164
, 52
, 209
, 139
, 122
, 253
, 8
, 44
, 217
, 185
, 76
, 81
, 180
, 193
, 68
, 239
, 22
, 15
, 246
, 165
, 96
, 199
, 62
, 222
, 39
, 230
, 31
, 1
, 260
, 83
, 178
, 235
, 26
, 151
, 110
, 117
, 144
, 161
, 100
, 60
, 201
, 80
, 181
, 237
, 24
, 102
, 159
, 191
, 70
, 182
, 79
, 249
, 12
, 168
, 93
, 210
, 51
, 162
, 99
, 46
, 215
, 176
, 85
, 167
, 94
, 7
, 254
, 164
, 97
, 35
, 226
, 57
, 204
, 141
, 120
, 187
, 74
, 223
, 38
, 124
, 137
, 122
, 139
, 127
, 134
, 248
, 13
, 147
, 114
, 19
, 242
, 80
, 181
, 193
, 68
, 215
, 46
, 150
, 111
, 256
, 5
, 13
, 248
, 10
, 251
, 106
, 155
, 67
, 194
, 69
, 192
, 120
, 141
, 61
, 200
, 252
, 9
, 163
, 98
, 5
, 256
, 230
, 31
, 242
, 19
, 143
, 118
, 159
, 102
, 204
, 57
, 216
, 45
, 124
, 137
, 124
, 137
, 1
, 260
, 150
, 111
, 41
, 220
, 19
, 242
, 73
, 188
, 225
, 36
, 179
, 82
, 33
, 228
, 10
, 251
, 151
, 110
, 255
, 6
, 64
, 197
, 3
, 258
, 191
, 70
, 4
, 257
, 41
, 220
, 219
, 42
, 160
, 101
, 12
, 249
, 80
, 181
, 40
, 221
, 243
, 18
, 182
, 79
, 156
, 105
, 106
, 155
, 164
, 97
, 229
, 32
, 231
, 30
, 185
, 76
, 30
, 231
, 56
, 205
, 161
, 100
, 104
, 157
, 179
, 82
, 74
, 187
, 128
, 133
, 201
, 60
, 229
, 32
, 183
, 78
, 61
, 200
, 56
, 205
, 207
, 54
, 158
, 103
, 121
, 140
, 176
, 85
, 48
, 213
, 252
, 9
, 88
, 173
, 125
, 136
, 152
, 109
, 108
, 153
, 101
, 160
, 61
, 200
, 250
, 11
, 206
, 55
, 103
, 158
, 139
, 122
, 216
, 45
, 208
, 53
, 133
, 128
, 116
, 145
, 224
, 37
, 182
, 79
, 229
, 32
, 31
, 230
, 150
, 111
, 242
, 19
, 113
, 148
, 211
, 50
, 186
, 75
, 208
, 53
, 205
, 56
, 210
, 51
, 227
, 34
, 238
, 23
, 198
, 63
, 96
, 165
, 140
, 121
, 79
, 182
, 73
, 188
, 25
, 236
, 66
, 195
, 134
, 127
, 188
, 73
, 39
, 222
, 217
, 44
, 44
, 217
, 102
, 159
, 238
, 23
, 41
, 220
, 210
, 51
, 74
, 187
, 149
, 112
, 70
, 191
, 104
, 157
, 4
, 257
, 143
, 118
, 162
, 99
, 56
, 205
, 92
, 169
, 192
, 69
, 95
, 166
, 243
, 18
, 71
, 190
, 221
, 40
, 139
, 122
, 169
, 92
, 130
, 131
, 222
, 39
, 35
, 226
, 148
, 113
, 66
, 195
, 121
, 140
, 213
, 48
, 214
, 47
, 230
, 31
, 244
, 17
, 202
, 59
, 187
, 74
, 122
, 139
, 228
, 33
, 140
, 121
, 107
, 154
, 221
, 40
, 203
, 58
, 239
, 22
, 171
, 90
, 81
, 180
, 182
, 79
, 3
, 258
, 124
, 137
, 130
, 131
, 124
, 137
, 171
, 90
, 224
, 37
, 187
, 74
, 141
, 120
, 256
, 5
, 250
, 11
, 84
, 177
, 220
, 41
, 144
, 117
, 165
, 96
, 78
, 183
, 16
, 245
, 135
, 126
, 75
, 186
, 209
, 52
, 4
, 257
, 4
, 257
, 66
, 195
, 218
, 43
, 57
, 204
, 235
, 26
, 93
, 168
, 221
, 40
, 96
, 165
, 53
, 208
, 169
, 92
, 156
, 105
, 44
, 217
, 64
, 197
, 78
, 183
, 236
, 25
, 194
, 67
, 4
, 257
, 132
, 129
, 42
, 219
, 246
, 15
, 84
, 177
, 164
, 97
, 251
, 10
, 50
, 211
, 225
, 36
, 158
, 103
, 228
, 33
, 47
, 214
, 7
, 254
, 157
, 104
, 203
, 58
, 240
, 21
, 164
, 97
, 9
, 252
, 233
, 28
, 23
, 238
, 70
, 191
, 121
, 140
, 190
, 71
, 164
, 97
, 91
, 170
, 91
, 170
, 10
, 251
, 238
, 23
, 32
, 229
, 142
, 119
, 202
, 59
, 40
, 221
, 39
, 222
, 106
, 155
, 174
, 87
, 227
, 34
, 115
, 146
, 160
, 101
, 215
, 46
, 70
, 191
, 44
, 217
, 242
, 19
, 45
, 216
, 193
, 68
, 179
, 82
, 127
, 134
, 220
, 41
, 15
, 246
, 243
, 18
, 68
, 193
, 5
, 256
, 101
, 160
, 237
, 24
, 137
, 124
, 117
, 144
, 161
, 100
, 255
, 6
, 157
, 104
, 41
, 220
, 193
, 68
, 157
, 104
, 237
, 24
, 163
, 98
, 139
, 122
, 164
, 97
, 229
, 32
, 179
, 82
, 11
, 250
, 29
, 232
, 167
, 94
, 103
, 158
, 159
, 102
