
2350
, 63
, 155
, 25
, 193
, 200
, 18
, 94
, 124
, 17
, 201
, 125
, 93
, 47
, 171
, 209
, 9
, 184
, 34
, 137
, 81
, 101
, 117
, 43
, 175
, 86
, 132
, 165
, 53
, 18
, 200
, 157
, 61
, 89
, 129
, 91
, 127
, 189
, 29
, 144
, 74
, 96
, 122
, 107
, 111
, 151
, 67
, 115
, 103
, 208
, 10
, 194
, 24
, 103
, 115
, 157
, 61
, 52
, 166
, 52
, 166
, 98
, 120
, 127
, 91
, 122
, 96
, 215
, 3
, 77
, 141
, 45
, 173
, 161
, 57
, 31
, 187
, 92
, 126
, 79
, 139
, 125
, 93
, 96
, 122
, 212
, 6
, 167
, 51
, 180
, 38
, 121
, 97
, 98
, 120
, 173
, 45
, 208
, 10
, 72
, 146
, 72
, 146
, 117
, 101
, 106
, 112
, 127
, 91
, 141
, 77
, 177
, 41
, 28
, 190
, 107
, 111
, 30
, 188
, 41
, 177
, 138
, 80
, 154
, 64
, 81
, 137
, 62
, 156
, 33
, 185
, 43
, 175
, 28
, 190
, 203
, 15
, 151
, 67
, 213
, 5
, 155
, 63
, 81
, 137
, 126
, 92
, 180
, 38
, 48
, 170
, 74
, 144
, 199
, 19
, 186
, 32
, 184
, 34
, 183
, 35
, 28
, 190
, 26
, 192
, 138
, 80
, 172
, 46
, 123
, 95
, 206
, 12
, 110
, 108
, 123
, 95
, 129
, 89
, 151
, 67
, 61
, 157
, 8
, 210
, 35
, 183
, 19
, 199
, 36
, 182
, 73
, 145
, 24
, 194
, 203
, 15
, 214
, 4
, 88
, 130
, 117
, 101
, 155
, 63
, 145
, 73
, 125
, 93
, 162
, 56
, 179
, 39
, 46
, 172
, 130
, 88
, 31
, 187
, 181
, 37
, 50
, 168
, 132
, 86
, 203
, 15
, 145
, 73
, 60
, 158
, 127
, 91
, 124
, 94
, 51
, 167
, 43
, 175
, 15
, 203
, 63
, 155
, 206
, 12
, 194
, 24
, 193
, 25
, 127
, 91
, 25
, 193
, 93
, 125
, 59
, 159
, 85
, 133
, 152
, 66
, 96
, 122
, 198
, 20
, 53
, 165
, 7
, 211
, 91
, 127
, 84
, 134
, 8
, 210
, 137
, 81
, 139
, 79
, 65
, 153
, 166
, 52
, 161
, 57
, 88
, 130
, 42
, 176
, 85
, 133
, 68
, 150
, 107
, 111
, 150
, 68
, 205
, 13
, 120
, 98
, 124
, 94
, 44
, 174
, 73
, 145
, 154
, 64
, 171
, 47
, 127
, 91
, 113
, 105
, 150
, 68
, 207
, 11
, 119
, 99
, 205
, 13
, 195
, 23
, 154
, 64
, 200
, 18
, 19
, 199
, 151
, 67
, 86
, 132
, 37
, 181
, 97
, 121
, 109
, 109
, 198
, 20
, 149
, 69
, 77
, 141
, 73
, 145
, 29
, 189
, 72
, 146
, 80
, 138
, 141
, 77
, 59
, 159
, 154
, 64
, 98
, 120
, 40
, 178
, 73
, 145
, 105
, 113
, 11
, 207
, 164
, 54
, 65
, 153
, 132
, 86
, 164
, 54
, 136
, 82
, 168
, 50
, 169
, 49
, 116
, 102
, 64
, 154
, 193
, 25
, 215
, 3
, 94
, 124
, 137
, 81
, 1
, 217
, 98
, 120
, 100
, 118
, 63
, 155
, 88
, 130
, 66
, 152
, 96
, 122
, 7
, 211
, 104
, 114
, 150
, 68
, 186
, 32
, 129
, 89
, 45
, 173
, 184
, 34
, 193
, 25
, 192
, 26
, 204
, 14
, 202
, 16
, 1
, 217
, 31
, 187
, 25
, 193
, 32
, 186
, 48
, 170
, 166
, 52
, 213
, 5
, 94
, 124
, 184
, 34
, 45
, 173
, 148
, 70
, 182
, 36
, 194
, 24
, 21
, 197
, 195
, 23
, 20
, 198
, 159
, 59
, 215
, 3
, 13
, 205
, 157
, 61
, 84
, 134
, 117
, 101
, 156
, 62
, 119
, 99
, 51
, 167
, 140
, 78
, 39
, 179
, 157
, 61
, 98
, 120
, 113
, 105
, 163
, 55
, 25
, 193
, 151
, 67
, 92
, 126
, 124
, 94
, 18
, 200
, 181
, 37
, 42
, 176
, 163
, 55
, 160
, 58
, 25
, 193
, 93
, 125
, 152
, 66
, 136
, 82
, 115
, 103
, 190
, 28
, 130
, 88
, 154
, 64
, 154
, 64
, 151
, 67
, 68
, 150
, 165
, 53
, 105
, 113
, 22
, 196
, 196
, 22
, 119
, 99
, 90
, 128
, 127
, 91
, 127
, 91
, 4
, 214
, 116
, 102
, 183
, 35
, 143
, 75
, 105
, 113
, 122
, 96
, 148
, 70
, 60
, 158
, 142
, 76
, 149
, 69
, 80
, 138
, 67
, 151
, 59
, 159
, 186
, 32
, 185
, 33
, 112
, 106
, 129
, 89
, 16
, 202
, 210
, 8
, 98
, 120
, 166
, 52
, 199
, 19
, 198
, 20
, 125
, 93
, 163
, 55
, 132
, 86
, 103
, 115
, 84
, 134
, 90
, 128
, 109
, 109
, 194
, 24
, 158
, 60
, 202
, 16
, 204
, 14
, 60
, 158
, 37
, 181
, 67
, 151
, 148
, 70
, 116
, 102
, 156
, 62
, 87
, 131
, 169
, 49
, 119
, 99
, 12
, 206
, 17
, 201
, 85
, 133
, 19
, 199
, 214
, 4
, 162
, 56
, 87
, 131
, 166
, 52
, 161
, 57
, 5
, 213
, 125
, 93
, 50
, 168
, 77
, 141
, 87
, 131
, 127
, 91
, 176
, 42
, 145
, 73
, 90
, 128
, 190
, 28
, 66
, 152
, 204
, 14
, 151
, 67
, 131
, 87
, 144
, 74
, 204
, 14
, 168
, 50
, 197
, 21
, 77
, 141
, 62
, 156
, 128
, 90
, 97
, 121
, 69
, 149
, 137
, 81
, 131
, 87
, 205
, 13
, 148
, 70
, 155
, 63
, 195
, 23
, 84
, 134
, 104
, 114
, 1
, 217
, 130
, 88
, 18
, 200
, 85
, 133
, 82
, 136
, 31
, 187
, 127
, 91
, 71
, 147
, 93
, 125
, 78
, 140
, 205
, 13
, 127
, 91
, 91
, 127
, 192
, 26
, 151
, 67
, 166
, 52
, 135
, 83
, 117
, 101
, 140
, 78
, 129
, 89
, 197
, 21
, 21
, 197
, 94
, 124
, 97
, 121
, 102
, 116
, 197
, 21
, 29
, 189
, 138
, 80
, 111
, 107
, 6
, 212
, 176
, 42
, 27
, 191
, 99
, 119
, 171
, 47
, 168
, 50
, 77
, 141
, 112
, 106
, 159
, 59
, 21
, 197
, 165
, 53
, 182
, 36
, 140
, 78
, 89
, 129
, 175
, 43
, 86
, 132
, 12
, 206
, 112
, 106
, 216
, 2
, 132
, 86
, 149
, 69
, 64
, 154
, 108
, 110
, 163
, 55
, 159
, 59
, 165
, 53
, 27
, 191
, 52
, 166
, 33
, 185
, 148
, 70
, 198
, 20
, 19
, 199
, 119
, 99
, 53
, 165
, 38
, 180
, 13
, 205
, 91
, 127
, 197
, 21
, 47
, 171
, 159
, 59
, 44
, 174
, 122
, 96
, 196
, 22
, 119
, 99
, 200
, 18
, 182
, 36
, 55
, 163
, 204
, 14
, 202
, 16
, 183
, 35
, 136
, 82
, 56
, 162
, 183
, 35
, 120
, 98
, 163
, 55
, 76
, 142
, 143
, 75
, 61
, 157
, 170
, 48
, 122
, 96
, 200
, 18
, 51
, 167
, 124
, 94
, 59
, 159
, 173
, 45
, 97
, 121
, 12
, 206
, 209
, 9
, 19
, 199
, 89
, 129
, 118
, 100
, 58
, 160
, 108
, 110
, 94
, 124
, 66
, 152
, 106
, 112
, 216
, 2
, 151
, 67
, 207
, 11
, 116
, 102
, 30
, 188
, 1
, 217
, 109
, 109
, 97
, 121
, 49
, 169
, 196
, 22
, 126
, 92
, 27
, 191
, 110
, 108
, 57
, 161
, 53
, 165
, 3
, 215
, 150
, 68
, 40
, 178
, 70
, 148
, 97
, 121
, 99
, 119
, 30
, 188
, 16
, 202
, 101
, 117
, 149
, 69
, 151
, 67
, 38
, 180
, 85
, 133
, 88
, 130
, 152
, 66
, 126
, 92
, 42
, 176
, 168
, 50
, 82
, 136
, 188
, 30
, 41
, 177
, 151
, 67
, 130
, 88
, 44
, 174
, 213
, 5
, 174
, 44
, 140
, 78
, 32
, 186
, 115
, 103
, 214
, 4
, 152
, 66
, 63
, 155
, 216
, 2
, 49
, 169
, 208
, 10
, 107
, 111
, 98
, 120
, 81
, 137
, 130
, 88
, 22
, 196
, 54
, 164
, 38
, 180
, 144
, 74
, 182
, 36
, 74
, 144
, 154
, 64
, 87
, 131
, 180
, 38
, 142
, 76
, 3
, 215
, 172
, 46
, 95
, 123
, 196
, 22
, 58
, 160
, 12
, 206
, 175
, 43
, 72
, 146
, 19
, 199
, 5
, 213
, 18
, 200
, 122
, 96
, 10
, 208
, 33
, 185
, 175
, 43
, 170
, 48
, 194
, 24
, 23
, 195
, 182
, 36
, 111
, 107
, 207
, 11
, 99
, 119
, 73
, 145
, 128
, 90
, 196
, 22
, 85
, 133
, 26
, 192
, 126
, 92
, 174
, 44
, 90
, 128
, 162
, 56
, 114
, 104
, 173
, 45
, 38
, 180
, 145
, 73
, 85
, 133
, 202
, 16
, 215
, 3
, 197
, 21
, 146
, 72
, 1
, 217
, 168
, 50
, 147
, 71
, 6
, 212
, 194
, 24
, 75
, 143
, 134
, 84
, 15
, 203
, 9
, 209
, 43
, 175
, 200
, 18
, 1
, 217
, 181
, 37
, 192
, 26
, 60
, 158
, 166
, 52
, 102
, 116
, 154
, 64
, 177
, 41
, 203
, 15
, 157
, 61
, 114
, 104
, 44
, 174
, 114
, 104
, 120
, 98
, 85
, 133
, 135
, 83
, 59
, 159
, 29
, 189
, 3
, 215
, 15
, 203
, 95
, 123
, 64
, 154
, 139
, 79
, 185
, 33
, 202
, 16
, 8
, 210
, 127
, 91
, 169
, 49
, 55
, 163
, 65
, 153
, 98
, 120
, 56
, 162
, 92
, 126
, 186
, 32
, 97
, 121
, 131
, 87
, 128
, 90
, 200
, 18
, 197
, 21
, 1
, 217
, 89
, 129
, 180
, 38
, 20
, 198
, 196
, 22
, 41
, 177
, 93
, 125
, 177
, 41
, 198
, 20
, 96
, 122
, 171
, 47
, 10
, 208
, 79
, 139
, 183
, 35
, 23
, 195
, 12
, 206
, 146
, 72
, 114
, 104
, 164
, 54
, 158
, 60
, 148
, 70
, 206
, 12
, 11
, 207
, 187
, 31
, 174
, 44
, 163
, 55
, 96
, 122
, 157
, 61
, 184
, 34
, 27
, 191
, 22
, 196
, 130
, 88
, 133
, 85
, 149
, 69
, 79
, 139
, 139
, 79
, 178
, 40
, 151
, 67
, 22
, 196
, 90
, 128
, 40
, 178
, 208
, 10
, 72
, 146
, 204
, 14
, 4
, 214
, 94
, 124
, 192
, 26
, 116
, 102
, 205
, 13
, 75
, 143
, 178
, 40
, 91
, 127
, 100
, 118
, 156
, 62
, 97
, 121
, 206
, 12
, 202
, 16
, 121
, 97
, 54
, 164
, 108
, 110
, 44
, 174
, 167
, 51
, 212
, 6
, 2
, 216
, 205
, 13
, 143
, 75
, 44
, 174
, 106
, 112
, 45
, 173
, 193
, 25
, 129
, 89
, 181
, 37
, 200
, 18
, 90
, 128
, 196
, 22
, 212
, 6
, 150
, 68
, 137
, 81
, 178
, 40
, 127
, 91
, 41
, 177
, 170
, 48
, 198
, 20
, 11
, 207
, 182
, 36
, 100
, 118
, 195
, 23
, 20
, 198
, 182
, 36
, 68
, 150
, 144
, 74
, 148
, 70
, 142
, 76
, 69
, 149
, 97
, 121
, 172
, 46
, 181
, 37
, 2
, 216
, 214
, 4
, 117
, 101
, 92
, 126
, 81
, 137
, 77
, 141
, 203
, 15
, 20
, 198
, 170
, 48
, 206
, 12
, 135
, 83
, 145
, 73
, 200
, 18
, 205
, 13
, 52
, 166
, 85
, 133
, 51
, 167
, 86
, 132
, 108
, 110
, 56
, 162
, 206
, 12
, 14
, 204
, 171
, 47
, 88
, 130
, 49
, 169
, 29
, 189
, 205
, 13
, 48
, 170
, 36
, 182
, 84
, 134
, 52
, 166
, 142
, 76
, 130
, 88
, 147
, 71
, 144
, 74
, 18
, 200
, 29
, 189
, 188
, 30
, 170
, 48
, 183
, 35
, 150
, 68
, 58
, 160
, 85
, 133
, 175
, 43
, 102
, 116
, 5
, 213
, 26
, 192
, 22
, 196
, 6
, 212
, 115
, 103
, 122
, 96
, 37
, 181
, 138
, 80
, 66
, 152
, 203
, 15
, 36
, 182
, 188
, 30
, 104
, 114
, 159
, 59
, 40
, 178
, 123
, 95
, 160
, 58
, 110
, 108
, 154
, 64
, 63
, 155
, 71
, 147
, 46
, 172
, 102
, 116
, 68
, 150
, 69
, 149
, 9
, 209
, 151
, 67
, 102
, 116
, 17
, 201
, 3
, 215
, 133
, 85
, 130
, 88
, 101
, 117
, 178
, 40
, 120
, 98
, 31
, 187
, 57
, 161
, 116
, 102
, 113
, 105
, 147
, 71
, 175
, 43
, 149
, 69
, 146
, 72
, 186
, 32
, 211
, 7
, 142
, 76
, 78
, 140
, 85
, 133
, 215
, 3
, 74
, 144
, 170
, 48
, 11
, 207
, 110
, 108
, 92
, 126
, 176
, 42
, 207
, 11
, 99
, 119
, 39
, 179
, 67
, 151
, 93
, 125
, 105
, 113
, 9
, 209
, 143
, 75
, 139
, 79
, 77
, 141
, 57
, 161
, 145
, 73
, 191
, 27
, 65
, 153
, 23
, 195
, 21
, 197
, 6
, 212
, 134
, 84
, 192
, 26
, 119
, 99
, 23
, 195
, 9
, 209
, 207
, 11
, 139
, 79
, 92
, 126
, 143
, 75
, 70
, 148
, 130
, 88
, 203
, 15
, 104
, 114
, 167
, 51
, 78
, 140
, 198
, 20
, 147
, 71
, 184
, 34
, 138
, 80
, 101
, 117
, 36
, 182
, 37
, 181
, 68
, 150
, 100
, 118
, 195
, 23
, 171
, 47
, 20
, 198
, 54
, 164
, 13
, 205
, 152
, 66
, 66
, 152
, 207
, 11
, 35
, 183
, 158
, 60
, 130
, 88
, 133
, 85
, 144
, 74
, 95
, 123
, 116
, 102
, 191
, 27
, 162
, 56
, 123
, 95
, 183
, 35
, 34
, 184
, 131
, 87
, 141
, 77
, 150
, 68
, 73
, 145
, 124
, 94
, 203
, 15
, 146
, 72
, 79
, 139
, 60
, 158
, 83
, 135
, 201
, 17
, 132
, 86
, 74
, 144
, 62
, 156
, 110
, 108
, 74
, 144
, 180
, 38
, 33
, 185
, 186
, 32
, 216
, 2
, 138
, 80
, 95
, 123
, 164
, 54
, 70
, 148
, 151
, 67
, 23
, 195
, 101
, 117
, 114
, 104
, 51
, 167
, 96
, 122
, 152
, 66
, 194
, 24
, 37
, 181
, 157
, 61
, 105
, 113
, 29
, 189
, 9
, 209
, 103
, 115
, 112
, 106
, 184
, 34
, 183
, 35
, 78
, 140
, 186
, 32
, 99
, 119
, 129
, 89
, 46
, 172
, 88
, 130
, 92
, 126
, 100
, 118
, 145
, 73
, 136
, 82
, 197
, 21
, 160
, 58
, 123
, 95
, 78
, 140
, 74
, 144
, 138
, 80
, 71
, 147
, 195
, 23
, 18
, 200
, 13
, 205
, 5
, 213
, 38
, 180
, 190
, 28
, 63
, 155
, 114
, 104
, 131
, 87
, 133
, 85
, 109
, 109
, 111
, 107
, 63
, 155
, 53
, 165
, 17
, 201
, 140
, 78
, 80
, 138
, 67
, 151
, 69
, 149
, 168
, 50
, 177
, 41
, 62
, 156
, 40
, 178
, 188
, 30
, 141
, 77
, 163
, 55
, 98
, 120
, 203
, 15
, 137
, 81
, 3
, 215
, 212
, 6
, 168
, 50
, 63
, 155
, 92
, 126
, 197
, 21
, 25
, 193
, 200
, 18
, 112
, 106
, 193
, 25
, 43
, 175
, 25
, 193
, 169
, 49
, 71
, 147
, 44
, 174
, 80
, 138
, 136
, 82
, 12
, 206
, 167
, 51
, 113
, 105
, 39
, 179
, 151
, 67
, 96
, 122
, 86
, 132
, 213
, 5
, 197
, 21
, 74
, 144
, 108
, 110
, 125
, 93
, 95
, 123
, 211
, 7
, 43
, 175
, 113
, 105
, 180
, 38
, 11
, 207
, 169
, 49
, 78
, 140
, 203
, 15
, 208
, 10
, 196
, 22
, 174
, 44
, 42
, 176
, 23
, 195
, 87
, 131
, 21
, 197
, 124
, 94
, 152
, 66
, 68
, 150
, 143
, 75
, 156
, 62
, 82
, 136
, 167
, 51
, 153
, 65
, 95
, 123
, 171
, 47
, 100
, 118
, 135
, 83
, 208
, 10
, 123
, 95
, 120
, 98
, 99
, 119
, 207
, 11
, 214
, 4
, 108
, 110
, 184
, 34
, 44
, 174
, 86
, 132
, 153
, 65
, 89
, 129
, 157
, 61
, 196
, 22
, 192
, 26
, 58
, 160
, 150
, 68
, 5
, 213
, 22
, 196
, 24
, 194
, 210
, 8
, 189
, 29
, 196
, 22
, 16
, 202
, 185
, 33
, 110
, 108
, 172
, 46
, 177
, 41
, 38
, 180
, 96
, 122
, 34
, 184
, 44
, 174
, 193
, 25
, 7
, 211
, 61
, 157
, 181
, 37
, 71
, 147
, 146
, 72
, 20
, 198
, 41
, 177
, 107
, 111
, 34
, 184
, 170
, 48
, 33
, 185
, 177
, 41
, 210
, 8
, 213
, 5
, 190
, 28
, 127
, 91
, 206
, 12
, 142
, 76
, 2
, 216
, 137
, 81
, 159
, 59
, 159
, 59
, 112
, 106
, 201
, 17
, 97
, 121
, 181
, 37
, 109
, 109
, 41
, 177
, 82
, 136
, 166
, 52
, 71
, 147
, 187
, 31
, 78
, 140
, 35
, 183
, 150
, 68
, 107
, 111
, 42
, 176
, 162
, 56
, 49
, 169
, 171
, 47
, 41
, 177
, 38
, 180
, 71
, 147
, 182
, 36
, 62
, 156
, 193
, 25
, 153
, 65
, 126
, 92
, 195
, 23
, 71
, 147
, 123
, 95
, 112
, 106
, 80
, 138
, 38
, 180
, 178
, 40
, 43
, 175
, 161
, 57
, 60
, 158
, 115
, 103
, 173
, 45
, 40
, 178
, 16
, 202
, 124
, 94
, 13
, 205
, 16
, 202
, 181
, 37
, 139
, 79
, 51
, 167
, 37
, 181
, 199
, 19
, 148
, 70
, 108
, 110
, 126
, 92
, 172
, 46
, 115
, 103
, 43
, 175
, 187
, 31
, 149
, 69
, 74
, 144
, 3
, 215
, 22
, 196
, 130
, 88
, 141
, 77
, 189
, 29
, 46
, 172
, 20
, 198
, 27
, 191
, 18
, 200
, 205
, 13
, 116
, 102
, 205
, 13
, 187
, 31
, 117
, 101
, 7
, 211
, 57
, 161
, 157
, 61
, 108
, 110
, 154
, 64
, 48
, 170
, 88
, 130
, 104
, 114
, 198
, 20
, 85
, 133
, 161
, 57
, 172
, 46
, 196
, 22
, 33
, 185
, 166
, 52
, 95
, 123
, 20
, 198
, 1
, 217
, 87
, 131
, 180
, 38
, 195
, 23
, 164
, 54
, 101
, 117
, 170
, 48
, 86
, 132
, 67
, 151
, 198
, 20
, 207
, 11
, 55
, 163
, 112
, 106
, 40
, 178
, 119
, 99
, 131
, 87
, 183
, 35
, 193
, 25
, 175
, 43
, 18
, 200
, 142
, 76
, 122
, 96
, 1
, 217
, 16
, 202
, 122
, 96
, 155
, 63
, 210
, 8
, 79
, 139
, 139
, 79
, 163
, 55
, 151
, 67
, 73
, 145
, 159
, 59
, 130
, 88
, 98
, 120
, 172
, 46
, 162
, 56
, 42
, 176
, 94
, 124
, 202
, 16
, 83
, 135
, 168
, 50
, 66
, 152
, 206
, 12
, 181
, 37
, 47
, 171
, 117
, 101
, 207
, 11
, 157
, 61
, 132
, 86
, 91
, 127
, 171
, 47
, 126
, 92
, 138
, 80
, 74
, 144
, 194
, 24
, 175
, 43
, 82
, 136
, 82
, 136
, 176
, 42
, 154
, 64
, 178
, 40
, 143
, 75
, 142
, 76
, 61
, 157
, 189
, 29
, 149
, 69
, 215
, 3
, 207
, 11
, 95
, 123
, 15
, 203
, 125
, 93
, 9
, 209
, 135
, 83
, 179
, 39
, 65
, 153
, 2
, 216
, 182
, 36
, 112
, 106
, 42
, 176
, 110
, 108
, 56
, 162
, 215
, 3
, 192
, 26
, 31
, 187
, 83
, 135
, 58
, 160
, 205
, 13
, 213
, 5
, 14
, 204
, 41
, 177
, 179
, 39
, 126
, 92
, 127
, 91
, 142
, 76
, 173
, 45
, 108
, 110
, 89
, 129
, 211
, 7
, 91
, 127
, 82
, 136
, 92
, 126
, 189
, 29
, 197
, 21
, 89
, 129
, 202
, 16
, 32
, 186
, 151
, 67
, 201
, 17
, 126
, 92
, 157
, 61
, 32
, 186
, 87
, 131
, 184
, 34
, 94
, 124
, 145
, 73
, 137
, 81
, 170
, 48
, 199
, 19
, 127
, 91
, 120
, 98
, 32
, 186
, 200
, 18
, 118
, 100
, 32
, 186
, 35
, 183
, 114
, 104
, 17
, 201
, 124
, 94
, 90
, 128
, 95
, 123
, 105
, 113
, 48
, 170
, 210
, 8
, 127
, 91
, 14
, 204
, 79
, 139
, 157
, 61
, 105
, 113
, 121
, 97
, 117
, 101
, 160
, 58
, 170
, 48
, 95
, 123
, 85
, 133
, 212
, 6
, 65
, 153
, 129
, 89
, 6
, 212
, 158
, 60
, 150
, 68
, 105
, 113
, 135
, 83
, 101
, 117
, 208
, 10
, 204
, 14
, 168
, 50
, 127
, 91
, 196
, 22
, 202
, 16
, 27
, 191
, 118
, 100
, 159
, 59
, 82
, 136
, 51
, 167
, 8
, 210
, 165
, 53
, 69
, 149
, 111
, 107
, 139
, 79
, 190
, 28
, 112
, 106
, 110
, 108
, 81
, 137
, 57
, 161
, 100
, 118
, 4
, 214
, 107
, 111
, 208
, 10
, 54
, 164
, 8
, 210
, 99
, 119
, 44
, 174
, 46
, 172
, 161
, 57
, 42
, 176
, 191
, 27
, 159
, 59
, 195
, 23
, 58
, 160
, 45
, 173
, 195
, 23
, 103
, 115
, 115
, 103
, 176
, 42
, 134
, 84
, 78
, 140
, 128
, 90
, 210
, 8
, 30
, 188
, 137
, 81
, 161
, 57
, 146
, 72
, 31
, 187
, 131
, 87
, 205
, 13
, 98
, 120
, 208
, 10
, 7
, 211
, 94
, 124
, 202
, 16
, 31
, 187
, 84
, 134
, 119
, 99
, 145
, 73
, 15
, 203
, 156
, 62
, 162
, 56
, 20
, 198
, 164
, 54
, 68
, 150
, 105
, 113
, 30
, 188
, 96
, 122
, 117
, 101
, 198
, 20
, 83
, 135
, 33
, 185
, 5
, 213
, 96
, 122
, 207
, 11
, 110
, 108
, 55
, 163
, 149
, 69
, 139
, 79
, 96
, 122
, 25
, 193
, 137
, 81
, 114
, 104
, 31
, 187
, 36
, 182
, 47
, 171
, 19
, 199
, 203
, 15
, 58
, 160
, 132
, 86
, 169
, 49
, 3
, 215
, 60
, 158
, 214
, 4
, 125
, 93
, 207
, 11
, 69
, 149
, 69
, 149
, 173
, 45
, 28
, 190
, 91
, 127
, 145
, 73
, 138
, 80
, 34
, 184
, 169
, 49
, 97
, 121
, 130
, 88
, 73
, 145
, 128
, 90
, 204
, 14
, 171
, 47
, 118
, 100
, 48
, 170
, 17
, 201
, 197
, 21
, 112
, 106
, 134
, 84
, 174
, 44
, 205
, 13
, 150
, 68
, 39
, 179
, 5
, 213
, 91
, 127
, 193
, 25
, 8
, 210
, 135
, 83
, 3
, 215
, 131
, 87
, 13
, 205
, 213
, 5
, 116
, 102
, 30
, 188
, 77
, 141
, 93
, 125
, 176
, 42
, 35
, 183
, 75
, 143
, 57
, 161
, 131
, 87
, 110
, 108
, 137
, 81
, 159
, 59
, 204
, 14
, 203
, 15
, 95
, 123
, 142
, 76
, 32
, 186
, 31
, 187
, 111
, 107
, 26
, 192
, 85
, 133
, 180
, 38
, 25
, 193
, 114
, 104
, 47
, 171
, 72
, 146
, 203
, 15
, 116
, 102
, 185
, 33
, 68
, 150
, 69
, 149
, 78
, 140
, 20
, 198
, 40
, 178
, 4
, 214
, 68
, 150
, 158
, 60
, 93
, 125
, 69
, 149
, 162
, 56
, 62
, 156
, 156
, 62
, 69
, 149
, 49
, 169
, 8
, 210
, 118
, 100
, 96
, 122
, 152
, 66
, 36
, 182
, 179
, 39
, 150
, 68
, 67
, 151
, 213
, 5
, 58
, 160
, 10
, 208
, 213
, 5
, 181
, 37
, 214
, 4
, 119
, 99
, 105
, 113
, 144
, 74
, 213
, 5
, 64
, 154
, 4
, 214
, 65
, 153
, 38
, 180
, 151
, 67
, 204
, 14
, 52
, 166
, 84
, 134
, 105
, 113
, 14
, 204
, 67
, 151
, 126
, 92
, 173
, 45
, 6
, 212
, 129
, 89
, 96
, 122
, 113
, 105
, 120
, 98
, 162
, 56
, 189
, 29
, 34
, 184
, 115
, 103
, 187
, 31
, 42
, 176
, 206
, 12
, 46
, 172
, 2
, 216
, 99
, 119
, 24
, 194
, 131
, 87
, 105
, 113
, 103
, 115
, 126
, 92
, 128
, 90
, 166
, 52
, 215
, 3
, 17
, 201
, 152
, 66
, 7
, 211
, 42
, 176
, 152
, 66
, 159
, 59
, 22
, 196
, 201
, 17
, 72
, 146
, 176
, 42
, 194
, 24
, 17
, 201
, 210
, 8
, 198
, 20
, 174
, 44
, 52
, 166
, 158
, 60
, 98
, 120
, 175
, 43
, 10
, 208
, 197
, 21
, 75
, 143
, 75
, 143
, 194
, 24
, 144
, 74
, 48
, 170
, 120
, 98
, 212
, 6
, 140
, 78
, 162
, 56
, 103
, 115
, 210
, 8
, 49
, 169
, 159
, 59
, 116
, 102
, 132
, 86
, 59
, 159
, 17
, 201
, 132
, 86
, 2
, 216
, 110
, 108
, 41
, 177
, 127
, 91
, 33
, 185
, 139
, 79
, 39
, 179
, 55
, 163
, 80
, 138
, 14
, 204
, 48
, 170
, 136
, 82
, 188
, 30
, 202
, 16
, 154
, 64
, 115
, 103
, 108
, 110
, 132
, 86
, 39
, 179
, 185
, 33
, 25
, 193
, 21
, 197
, 14
, 204
, 88
, 130
, 97
, 121
, 208
, 10
, 86
, 132
, 8
, 210
, 13
, 205
, 22
, 196
, 54
, 164
, 126
, 92
, 79
, 139
, 39
, 179
, 115
, 103
, 129
, 89
, 19
, 199
, 166
, 52
, 127
, 91
, 92
, 126
, 136
, 82
, 90
, 128
, 30
, 188
, 215
, 3
, 124
, 94
, 59
, 159
, 207
, 11
, 51
, 167
, 182
, 36
, 171
, 47
, 37
, 181
, 144
, 74
, 76
, 142
, 3
, 215
, 153
, 65
, 186
, 32
, 211
, 7
, 154
, 64
, 172
, 46
, 21
, 197
, 126
, 92
, 89
, 129
, 189
, 29
, 13
, 205
, 104
, 114
, 59
, 159
, 137
, 81
, 3
, 215
, 18
, 200
, 57
, 161
, 206
, 12
, 157
, 61
, 119
, 99
, 79
, 139
, 127
, 91
, 2
, 216
, 111
, 107
, 4
, 214
, 78
, 140
, 132
, 86
, 172
, 46
, 22
, 196
, 98
, 120
, 44
, 174
, 181
, 37
, 110
, 108
, 48
, 170
, 150
, 68
, 77
, 141
, 82
, 136
, 94
, 124
, 69
, 149
, 86
, 132
, 74
, 144
, 122
, 96
, 88
, 130
, 169
, 49
, 157
, 61
, 78
, 140
, 18
, 200
, 52
, 166
, 150
, 68
, 74
, 144
, 119
, 99
, 184
, 34
, 213
, 5
, 148
, 70
, 83
, 135
, 75
, 143
, 195
, 23
, 190
, 28
, 31
, 187
, 199
, 19
, 67
, 151
, 114
, 104
, 184
, 34
, 47
, 171
, 86
, 132
, 180
, 38
, 46
, 172
, 10
, 208
, 195
, 23
, 184
, 34
, 27
, 191
, 89
, 129
, 83
, 135
, 136
, 82
, 145
, 73
, 30
, 188
, 86
, 132
, 38
, 180
, 198
, 20
, 74
, 144
, 100
, 118
, 30
, 188
, 90
, 128
, 37
, 181
, 71
, 147
, 100
, 118
, 146
, 72
, 184
, 34
, 156
, 62
, 127
, 91
, 171
, 47
, 202
, 16
, 172
, 46
, 211
, 7
, 44
, 174
, 67
, 151
, 86
, 132
, 205
, 13
, 141
, 77
, 73
, 145
, 89
, 129
, 132
, 86
, 111
, 107
, 206
, 12
, 168
, 50
, 24
, 194
, 52
, 166
, 107
, 111
, 28
, 190
, 21
, 197
, 64
, 154
, 97
, 121
, 91
, 127
, 6
, 212
, 154
, 64
, 49
, 169
, 29
, 189
, 155
, 63
, 117
, 101
, 210
, 8
, 62
, 156
, 72
, 146
, 192
, 26
, 108
, 110
, 149
, 69
, 37
, 181
, 126
, 92
, 8
, 210
, 51
, 167
, 159
, 59
, 155
, 63
, 162
, 56
, 168
, 50
, 48
, 170
, 103
, 115
, 32
, 186
, 26
, 192
, 115
, 103
, 18
, 200
, 11
, 207
, 157
, 61
, 131
, 87
, 3
, 215
, 55
, 163
, 152
, 66
, 125
, 93
, 58
, 160
, 20
, 198
, 141
, 77
, 194
, 24
, 42
, 176
, 144
, 74
, 24
, 194
, 59
, 159
, 9
, 209
, 52
, 166
, 69
, 149
, 92
, 126
, 186
, 32
, 35
, 183
, 21
, 197
, 208
, 10
, 97
, 121
, 18
, 200
, 16
, 202
, 125
, 93
, 157
, 61
, 21
, 197
, 18
, 200
, 22
, 196
, 122
, 96
, 109
, 109
, 125
, 93
, 166
, 52
, 106
, 112
, 48
, 170
, 194
, 24
, 156
, 62
, 113
, 105
, 135
, 83
, 74
, 144
, 216
, 2
, 3
, 215
, 80
, 138
, 83
, 135
, 181
, 37
, 158
, 60
, 4
, 214
, 29
, 189
, 196
, 22
, 156
, 62
, 58
, 160
, 166
, 52
, 213
, 5
, 125
, 93
, 154
, 64
, 5
, 213
, 133
, 85
, 14
, 204
, 34
, 184
, 46
, 172
, 103
, 115
, 28
, 190
, 3
, 215
, 65
, 153
, 109
, 109
, 72
, 146
, 3
, 215
, 19
, 199
, 174
, 44
, 154
, 64
, 216
, 2
, 170
, 48
, 156
, 62
, 103
, 115
, 184
, 34
, 114
, 104
, 28
, 190
, 160
, 58
, 55
, 163
, 33
, 185
, 67
, 151
, 110
, 108
, 119
, 99
, 88
, 130
, 95
, 123
, 4
, 214
, 204
, 14
, 175
, 43
, 11
, 207
, 59
, 159
, 139
, 79
, 203
, 15
, 171
, 47
, 166
, 52
, 149
, 69
, 57
, 161
, 67
, 151
, 133
, 85
, 157
, 61
, 169
, 49
, 189
, 29
, 56
, 162
, 11
, 207
, 131
, 87
, 124
, 94
, 127
, 91
, 180
, 38
, 117
, 101
, 207
, 11
, 90
, 128
, 131
, 87
, 154
, 64
, 87
, 131
, 29
, 189
, 158
, 60
, 77
, 141
, 5
, 213
, 196
, 22
, 195
, 23
, 124
, 94
, 154
, 64
, 54
, 164
, 103
, 115
, 211
, 7
, 1
, 217
, 145
, 73
, 215
, 3
, 69
, 149
, 172
, 46
, 200
, 18
, 110
, 108
, 60
, 158
, 41
, 177
, 54
, 164
, 38
, 180
, 209
, 9
, 77
, 141
, 129
, 89
, 45
, 173
, 185
, 33
, 56
, 162
, 200
, 18
, 167
, 51
, 201
, 17
, 184
, 34
, 197
, 21
, 150
, 68
, 158
, 60
, 158
, 60
, 172
, 46
, 73
, 145
, 9
, 209
, 110
, 108
, 79
, 139
, 160
, 58
, 75
, 143
, 19
, 199
, 167
, 51
, 178
, 40
, 91
, 127
, 63
, 155
, 204
, 14
, 34
, 184
, 40
, 178
, 56
, 162
, 121
, 97
, 135
, 83
, 28
, 190
, 30
, 188
, 71
, 147
, 99
, 119
, 43
, 175
, 130
, 88
, 181
, 37
, 203
, 15
, 210
, 8
, 44
, 174
, 97
, 121
, 14
, 204
, 158
, 60
, 35
, 183
, 170
, 48
, 12
, 206
, 178
, 40
, 33
, 185
, 194
, 24
, 28
, 190
, 109
, 109
, 154
, 64
, 88
, 130
, 154
, 64
, 34
, 184
, 158
, 60
, 25
, 193
, 120
, 98
, 154
, 64
, 107
, 111
, 75
, 143
, 173
, 45
, 153
, 65
, 58
, 160
, 215
, 3
, 56
, 162
, 109
, 109
, 123
, 95
, 10
, 208
, 98
, 120
, 23
, 195
, 1
, 217
, 152
, 66
, 85
, 133
, 157
, 61
, 11
, 207
, 13
, 205
, 14
, 204
, 93
, 125
, 182
, 36
, 189
, 29
, 5
, 213
, 146
, 72
, 216
, 2
, 205
, 13
, 111
, 107
, 160
, 58
, 151
, 67
, 61
, 157
, 106
, 112
, 184
, 34
, 194
, 24
, 164
, 54
, 69
, 149
, 191
, 27
, 49
, 169
, 62
, 156
, 18
, 200
, 113
, 105
, 168
, 50
, 66
, 152
, 32
, 186
, 72
, 146
, 190
, 28
, 70
, 148
, 138
, 80
, 46
, 172
, 100
, 118
, 71
, 147
, 144
, 74
, 69
, 149
, 14
, 204
, 44
, 174
, 60
, 158
, 188
, 30
, 171
, 47
, 175
, 43
, 200
, 18
, 212
, 6
, 141
, 77
, 119
, 99
, 202
, 16
, 51
, 167
, 109
, 109
, 207
, 11
, 111
, 107
, 37
, 181
, 138
, 80
, 55
, 163
, 111
, 107
, 82
, 136
, 119
, 99
, 120
, 98
, 4
, 214
, 191
, 27
, 86
, 132
, 83
, 135
, 200
, 18
, 42
, 176
, 204
, 14
, 121
, 97
, 208
, 10
, 86
, 132
, 103
, 115
, 2
, 216
, 175
, 43
, 41
, 177
, 126
, 92
, 131
, 87
, 185
, 33
, 81
, 137
, 185
, 33
, 33
, 185
, 80
, 138
, 48
, 170
, 163
, 55
, 189
, 29
, 18
, 200
, 207
, 11
, 196
, 22
, 189
, 29
, 85
, 133
, 199
, 19
, 35
, 183
, 163
, 55
, 35
, 183
, 139
, 79
, 58
, 160
, 192
, 26
, 30
, 188
, 28
, 190
, 132
, 86
, 33
, 185
, 183
, 35
, 138
, 80
, 179
, 39
, 165
, 53
, 138
, 80
, 102
, 116
, 37
, 181
, 138
, 80
, 53
, 165
, 117
, 101
, 7
, 211
, 179
, 39
, 187
, 31
, 165
, 53
, 200
, 18
, 132
, 86
, 175
, 43
, 157
, 61
, 130
, 88
, 80
, 138
, 85
, 133
, 116
, 102
, 134
, 84
, 150
, 68
, 98
, 120
, 161
, 57
, 58
, 160
, 183
, 35
, 215
, 3
, 55
, 163
, 185
, 33
, 173
, 45
, 195
, 23
, 186
, 32
, 107
, 111
, 94
, 124
, 164
, 54
, 112
, 106
, 108
, 110
, 1
, 217
, 119
, 99
, 52
, 166
, 96
, 122
, 161
, 57
, 43
, 175
, 10
, 208
, 51
, 167
, 125
, 93
, 142
, 76
, 135
, 83
, 149
, 69
, 48
, 170
, 76
, 142
, 204
, 14
, 4
, 214
, 179
, 39
, 108
, 110
, 53
, 165
, 26
, 192
, 8
, 210
, 46
, 172
, 53
, 165
, 77
, 141
, 62
, 156
, 45
, 173
, 32
, 186
, 94
, 124
, 30
, 188
, 2
, 216
, 48
, 170
, 157
, 61
, 24
, 194
, 161
, 57
, 180
, 38
, 101
, 117
, 20
, 198
, 97
, 121
, 27
, 191
, 74
, 144
, 83
, 135
, 3
, 215
, 66
, 152
, 109
, 109
, 71
, 147
, 134
, 84
, 79
, 139
, 110
, 108
, 120
, 98
, 63
, 155
, 184
, 34
, 164
, 54
, 189
, 29
, 43
, 175
, 12
, 206
, 75
, 143
, 145
, 73
, 118
, 100
, 153
, 65
, 75
, 143
, 29
, 189
, 194
, 24
, 11
, 207
, 141
, 77
, 107
, 111
, 159
, 59
, 19
, 199
, 31
, 187
, 176
, 42
, 134
, 84
, 106
, 112
, 216
, 2
, 216
, 2
, 137
, 81
, 151
, 67
, 51
, 167
, 23
, 195
, 61
, 157
, 146
, 72
, 15
, 203
, 116
, 102
, 100
, 118
, 102
, 116
, 180
, 38
, 139
, 79
, 192
, 26
, 18
, 200
, 53
, 165
, 14
, 204
, 201
, 17
, 89
, 129
, 105
, 113
, 116
, 102
, 27
, 191
, 57
, 161
, 122
, 96
, 138
, 80
, 19
, 199
, 19
, 199
, 74
, 144
, 85
, 133
, 13
, 205
, 138
, 80
, 34
, 184
, 39
, 179
, 102
, 116
, 178
, 40
, 89
, 129
, 162
, 56
, 140
, 78
, 191
, 27
, 181
, 37
, 109
, 109
, 70
, 148
, 171
, 47
, 27
, 191
, 133
, 85
, 14
, 204
, 206
, 12
, 48
, 170
, 62
, 156
, 65
, 153
, 210
, 8
, 12
, 206
, 40
, 178
, 154
, 64
, 5
, 213
, 48
, 170
, 94
, 124
, 216
, 2
, 92
, 126
, 201
, 17
, 96
, 122
, 19
, 199
, 115
, 103
, 80
, 138
, 72
, 146
, 55
, 163
, 106
, 112
, 202
, 16
, 66
, 152
, 30
, 188
, 126
, 92
, 75
, 143
, 162
, 56
, 16
, 202
, 136
, 82
, 157
, 61
, 160
, 58
, 114
, 104
, 137
, 81
, 208
, 10
, 96
, 122
, 52
, 166
, 105
, 113
, 114
, 104
, 59
, 159
, 152
, 66
, 159
, 59
, 63
, 155
, 173
, 45
, 182
, 36
, 62
, 156
, 21
, 197
, 136
, 82
, 212
, 6
, 84
, 134
, 77
, 141
, 150
, 68
, 145
, 73
, 76
, 142
, 154
, 64
, 164
, 54
, 130
, 88
, 101
, 117
, 170
, 48
, 177
, 41
, 187
, 31
, 89
, 129
, 52
, 166
, 183
, 35
, 22
, 196
, 20
, 198
, 84
, 134
, 166
, 52
, 161
, 57
, 156
, 62
, 32
, 186
, 83
, 135
, 11
, 207
, 180
, 38
, 135
, 83
, 1
, 217
, 50
, 168
, 78
, 140
, 151
, 67
, 84
, 134
, 92
, 126
, 146
, 72
, 199
, 19
, 142
, 76
, 126
, 92
, 201
, 17
, 214
, 4
, 211
, 7
, 178
, 40
, 2
, 216
, 66
, 152
, 174
, 44
, 64
, 154
, 147
, 71
, 30
, 188
, 178
, 40
, 73
, 145
, 128
, 90
, 94
, 124
, 80
, 138
, 89
, 129
, 63
, 155
, 212
, 6
, 7
, 211
, 107
, 111
