
2360
, 5
, 111
, 109
, 7
, 78
, 38
, 70
, 46
, 2
, 114
, 16
, 100
, 45
, 71
, 9
, 107
, 85
, 31
, 19
, 97
, 113
, 3
, 110
, 6
, 28
, 88
, 60
, 56
, 80
, 36
, 84
, 32
, 102
, 14
, 51
, 65
, 26
, 90
, 80
, 36
, 78
, 38
, 80
, 36
, 77
, 39
, 33
, 83
, 45
, 71
, 102
, 14
, 34
, 82
, 32
, 84
, 88
, 28
, 65
, 51
, 108
, 8
, 48
, 68
, 40
, 76
, 31
, 85
, 46
, 70
, 61
, 55
, 51
, 65
, 7
, 109
, 96
, 20
, 83
, 33
, 57
, 59
, 3
, 113
, 6
, 110
, 7
, 109
, 38
, 78
, 98
, 18
, 36
, 80
, 45
, 71
, 67
, 49
, 40
, 76
, 50
, 66
, 26
, 90
, 18
, 98
, 19
, 97
, 99
, 17
, 51
, 65
, 110
, 6
, 77
, 39
, 63
, 53
, 37
, 79
, 20
, 96
, 90
, 26
, 91
, 25
, 79
, 37
, 6
, 110
, 15
, 101
, 78
, 38
, 61
, 55
, 15
, 101
, 17
, 99
, 98
, 18
, 2
, 114
, 60
, 56
, 23
, 93
, 56
, 60
, 29
, 87
, 58
, 58
, 56
, 60
, 34
, 82
, 77
, 39
, 50
, 66
, 23
, 93
, 48
, 68
, 42
, 74
, 9
, 107
, 94
, 22
, 33
, 83
, 93
, 23
, 23
, 93
, 30
, 86
, 52
, 64
, 87
, 29
, 30
, 86
, 5
, 111
, 72
, 44
, 10
, 106
, 82
, 34
, 4
, 112
, 61
, 55
, 72
, 44
, 49
, 67
, 103
, 13
, 11
, 105
, 28
, 88
, 36
, 80
, 73
, 43
, 6
, 110
, 81
, 35
, 102
, 14
, 67
, 49
, 19
, 97
, 83
, 33
, 95
, 21
, 93
, 23
, 36
, 80
, 32
, 84
, 7
, 109
, 84
, 32
, 65
, 51
, 110
, 6
, 93
, 23
, 75
, 41
, 25
, 91
, 50
, 66
, 66
, 50
, 100
, 16
, 70
, 46
, 52
, 64
, 27
, 89
, 81
, 35
, 14
, 102
, 99
, 17
, 103
, 13
, 13
, 103
, 2
, 114
, 80
, 36
, 8
, 108
, 30
, 86
, 58
, 58
, 7
, 109
, 28
, 88
, 16
, 100
, 3
, 113
, 21
, 95
, 100
, 16
, 21
, 95
, 3
, 113
, 66
, 50
, 93
, 23
, 48
, 68
, 50
, 66
, 40
, 76
, 34
, 82
, 57
, 59
, 108
, 8
, 43
, 73
, 19
, 97
, 74
, 42
, 103
, 13
, 77
, 39
, 11
, 105
, 76
, 40
, 62
, 54
, 61
, 55
, 90
, 26
, 65
, 51
, 110
, 6
, 54
, 62
, 72
, 44
, 10
, 106
, 3
, 113
, 15
, 101
, 66
, 50
, 78
, 38
, 39
, 77
, 22
, 94
, 3
, 113
, 76
, 40
, 17
, 99
, 75
, 41
, 99
, 17
, 25
, 91
, 47
, 69
, 22
, 94
, 103
, 13
, 4
, 112
, 48
, 68
, 88
, 28
, 10
, 106
, 36
, 80
, 79
, 37
, 47
, 69
, 27
, 89
, 106
, 10
, 29
, 87
, 35
, 81
, 44
, 72
, 17
, 99
, 12
, 104
, 102
, 14
, 96
, 20
, 18
, 98
, 86
, 30
, 96
, 20
, 63
, 53
, 108
, 8
, 65
, 51
, 75
, 41
, 58
, 58
, 27
, 89
, 94
, 22
, 104
, 12
, 78
, 38
, 10
, 106
, 22
, 94
, 84
, 32
, 67
, 49
, 3
, 113
, 18
, 98
, 24
, 92
, 44
, 72
, 107
, 9
, 12
, 104
, 99
, 17
, 71
, 45
, 73
, 43
, 8
, 108
, 64
, 52
, 80
, 36
, 45
, 71
, 63
, 53
, 39
, 77
, 89
, 27
, 4
, 112
, 93
, 23
, 74
, 42
, 107
, 9
, 98
, 18
, 44
, 72
, 4
, 112
, 73
, 43
, 114
, 2
, 5
, 111
, 108
, 8
, 24
, 92
, 44
, 72
, 97
, 19
, 10
, 106
, 50
, 66
, 70
, 46
, 103
, 13
, 106
, 10
, 82
, 34
, 76
, 40
, 52
, 64
, 114
, 2
, 94
, 22
, 94
, 22
, 31
, 85
, 51
, 65
, 107
, 9
, 17
, 99
, 41
, 75
, 48
, 68
, 55
, 61
, 36
, 80
, 95
, 21
, 46
, 70
, 98
, 18
, 100
, 16
, 88
, 28
, 60
, 56
, 17
, 99
, 36
, 80
, 73
, 43
, 55
, 61
, 110
, 6
, 89
, 27
, 36
, 80
, 22
, 94
, 32
, 84
, 71
, 45
, 26
, 90
, 30
, 86
, 28
, 88
, 108
, 8
, 104
, 12
, 58
, 58
, 11
, 105
, 35
, 81
, 10
, 106
, 2
, 114
, 104
, 12
, 16
, 100
, 70
, 46
, 27
, 89
, 71
, 45
, 28
, 88
, 97
, 19
, 10
, 106
, 55
, 61
, 92
, 24
, 5
, 111
, 52
, 64
, 14
, 102
, 59
, 57
, 68
, 48
, 17
, 99
, 42
, 74
, 5
, 111
, 23
, 93
, 11
, 105
, 80
, 36
, 57
, 59
, 16
, 100
, 102
, 14
, 77
, 39
, 53
, 63
, 107
, 9
, 31
, 85
, 109
, 7
, 48
, 68
, 62
, 54
, 38
, 78
, 51
, 65
, 69
, 47
, 109
, 7
, 33
, 83
, 40
, 76
, 106
, 10
, 43
, 73
, 112
, 4
, 59
, 57
, 33
, 83
, 35
, 81
, 97
, 19
, 36
, 80
, 21
, 95
, 4
, 112
, 32
, 84
, 19
, 97
, 9
, 107
, 77
, 39
, 18
, 98
, 9
, 107
, 56
, 60
, 108
, 8
, 39
, 77
, 40
, 76
, 51
, 65
, 81
, 35
, 19
, 97
, 81
, 35
, 8
, 108
, 60
, 56
, 49
, 67
, 98
, 18
, 72
, 44
, 84
, 32
, 94
, 22
, 104
, 12
, 85
, 31
, 87
, 29
, 65
, 51
, 107
, 9
, 90
, 26
, 16
, 100
, 23
, 93
, 106
, 10
, 39
, 77
, 67
, 49
, 74
, 42
, 11
, 105
, 24
, 92
, 26
, 90
, 48
, 68
, 105
, 11
, 106
, 10
, 74
, 42
, 90
, 26
, 35
, 81
, 69
, 47
, 12
, 104
, 73
, 43
, 56
, 60
, 65
, 51
, 82
, 34
, 20
, 96
, 92
, 24
, 40
, 76
, 75
, 41
, 69
, 47
, 43
, 73
, 80
, 36
, 79
, 37
, 48
, 68
, 104
, 12
, 105
, 11
, 77
, 39
, 54
, 62
, 26
, 90
, 50
, 66
, 26
, 90
, 45
, 71
, 105
, 11
, 113
, 3
, 29
, 87
, 29
, 87
, 24
, 92
, 15
, 101
, 44
, 72
, 36
, 80
, 15
, 101
, 42
, 74
, 51
, 65
, 103
, 13
, 90
, 26
, 54
, 62
, 13
, 103
, 105
, 11
, 28
, 88
, 43
, 73
, 42
, 74
, 48
, 68
, 13
, 103
, 45
, 71
, 77
, 39
, 26
, 90
, 3
, 113
, 86
, 30
, 99
, 17
, 102
, 14
, 76
, 40
, 85
, 31
, 22
, 94
, 105
, 11
, 76
, 40
, 25
, 91
, 47
, 69
, 19
, 97
, 8
, 108
, 28
, 88
, 15
, 101
, 63
, 53
, 63
, 53
, 80
, 36
, 39
, 77
, 105
, 11
, 82
, 34
, 3
, 113
, 9
, 107
, 11
, 105
, 26
, 90
, 82
, 34
, 19
, 97
, 96
, 20
, 88
, 28
, 112
, 4
, 91
, 25
, 80
, 36
, 31
, 85
, 70
, 46
, 71
, 45
, 79
, 37
, 92
, 24
, 53
, 63
, 68
, 48
, 114
, 2
, 38
, 78
, 111
, 5
, 23
, 93
, 66
, 50
, 92
, 24
, 61
, 55
, 58
, 58
, 99
, 17
, 39
, 77
, 73
, 43
, 93
, 23
, 89
, 27
, 67
, 49
, 97
, 19
, 31
, 85
, 2
, 114
, 43
, 73
, 66
, 50
, 97
, 19
, 37
, 79
, 108
, 8
, 96
, 20
, 23
, 93
, 91
, 25
, 16
, 100
, 89
, 27
, 105
, 11
, 78
, 38
, 65
, 51
, 65
, 51
, 49
, 67
, 65
, 51
, 76
, 40
, 46
, 70
, 17
, 99
, 87
, 29
, 44
, 72
, 60
, 56
, 40
, 76
, 43
, 73
, 99
, 17
, 45
, 71
, 67
, 49
, 49
, 67
, 106
, 10
, 96
, 20
, 5
, 111
, 109
, 7
, 90
, 26
, 28
, 88
, 69
, 47
, 1
, 115
, 103
, 13
, 54
, 62
, 97
, 19
, 64
, 52
, 92
, 24
, 97
, 19
, 108
, 8
, 87
, 29
, 114
, 2
, 60
, 56
, 60
, 56
, 48
, 68
, 106
, 10
, 5
, 111
, 93
, 23
, 98
, 18
, 90
, 26
, 55
, 61
, 101
, 15
, 98
, 18
, 106
, 10
, 86
, 30
, 11
, 105
, 8
, 108
, 21
, 95
, 105
, 11
, 8
, 108
, 12
, 104
, 14
, 102
, 86
, 30
, 26
, 90
, 40
, 76
, 11
, 105
, 26
, 90
, 42
, 74
, 90
, 26
, 37
, 79
, 88
, 28
, 17
, 99
, 76
, 40
, 100
, 16
, 7
, 109
, 9
, 107
, 56
, 60
, 110
, 6
, 67
, 49
, 107
, 9
, 36
, 80
, 70
, 46
, 94
, 22
, 105
, 11
, 43
, 73
, 85
, 31
, 72
, 44
, 82
, 34
, 75
, 41
, 109
, 7
, 42
, 74
, 97
, 19
, 24
, 92
, 62
, 54
, 75
, 41
, 110
, 6
, 96
, 20
, 43
, 73
, 34
, 82
, 40
, 76
, 33
, 83
, 33
, 83
, 44
, 72
, 104
, 12
, 21
, 95
, 82
, 34
, 33
, 83
, 86
, 30
, 58
, 58
, 89
, 27
, 105
, 11
, 100
, 16
, 5
, 111
, 42
, 74
, 95
, 21
, 7
, 109
, 73
, 43
, 80
, 36
, 87
, 29
, 109
, 7
, 111
, 5
, 92
, 24
, 99
, 17
, 102
, 14
, 44
, 72
, 110
, 6
, 88
, 28
, 91
, 25
, 15
, 101
, 48
, 68
, 7
, 109
, 107
, 9
, 85
, 31
, 101
, 15
, 71
, 45
, 93
, 23
, 14
, 102
, 35
, 81
, 66
, 50
, 81
, 35
, 78
, 38
, 34
, 82
, 56
, 60
, 21
, 95
, 98
, 18
, 75
, 41
, 101
, 15
, 89
, 27
, 111
, 5
, 91
, 25
, 11
, 105
, 91
, 25
, 98
, 18
, 29
, 87
, 65
, 51
, 112
, 4
, 52
, 64
, 19
, 97
, 14
, 102
, 15
, 101
, 86
, 30
, 7
, 109
, 42
, 74
, 79
, 37
, 84
, 32
, 75
, 41
, 98
, 18
, 112
, 4
, 77
, 39
, 38
, 78
, 68
, 48
, 103
, 13
, 40
, 76
, 21
, 95
, 108
, 8
, 4
, 112
, 40
, 76
, 110
, 6
, 20
, 96
, 97
, 19
, 2
, 114
, 30
, 86
, 72
, 44
, 9
, 107
, 46
, 70
, 64
, 52
, 89
, 27
, 91
, 25
, 110
, 6
, 68
, 48
, 5
, 111
, 15
, 101
, 9
, 107
, 50
, 66
, 108
, 8
, 35
, 81
, 32
, 84
, 54
, 62
, 71
, 45
, 43
, 73
, 48
, 68
, 107
, 9
, 34
, 82
, 66
, 50
, 85
, 31
, 70
, 46
, 80
, 36
, 44
, 72
, 90
, 26
, 56
, 60
, 110
, 6
, 7
, 109
, 15
, 101
, 43
, 73
, 2
, 114
, 11
, 105
, 20
, 96
, 32
, 84
, 92
, 24
, 24
, 92
, 105
, 11
, 108
, 8
, 27
, 89
, 109
, 7
, 37
, 79
, 37
, 79
, 112
, 4
, 82
, 34
, 38
, 78
, 69
, 47
, 8
, 108
, 54
, 62
, 22
, 94
, 37
, 79
, 5
, 111
, 98
, 18
, 76
, 40
, 21
, 95
, 33
, 83
, 66
, 50
, 18
, 98
, 31
, 85
, 15
, 101
, 23
, 93
, 114
, 2
, 36
, 80
, 16
, 100
, 108
, 8
, 72
, 44
, 53
, 63
, 104
, 12
, 105
, 11
, 90
, 26
, 79
, 37
, 85
, 31
, 55
, 61
, 50
, 66
, 58
, 58
, 96
, 20
, 18
, 98
, 2
, 114
, 72
, 44
, 102
, 14
, 81
, 35
, 51
, 65
, 83
, 33
, 103
, 13
, 96
, 20
, 42
, 74
, 102
, 14
, 43
, 73
, 55
, 61
, 66
, 50
, 27
, 89
, 97
, 19
, 29
, 87
, 23
, 93
, 50
, 66
, 47
, 69
, 59
, 57
, 106
, 10
, 28
, 88
, 113
, 3
, 33
, 83
, 94
, 22
, 42
, 74
, 53
, 63
, 80
, 36
, 19
, 97
, 102
, 14
, 83
, 33
, 90
, 26
, 32
, 84
, 79
, 37
, 112
, 4
, 3
, 113
, 40
, 76
, 8
, 108
, 19
, 97
, 52
, 64
, 25
, 91
, 9
, 107
, 100
, 16
, 58
, 58
, 37
, 79
, 57
, 59
, 111
, 5
, 3
, 113
, 97
, 19
, 46
, 70
, 7
, 109
, 47
, 69
, 34
, 82
, 70
, 46
, 53
, 63
, 86
, 30
, 74
, 42
, 100
, 16
, 32
, 84
, 72
, 44
, 52
, 64
, 106
, 10
, 51
, 65
, 86
, 30
, 91
, 25
, 32
, 84
, 96
, 20
, 2
, 114
, 18
, 98
, 52
, 64
, 28
, 88
, 37
, 79
, 70
, 46
, 23
, 93
, 24
, 92
, 26
, 90
, 86
, 30
, 79
, 37
, 83
, 33
, 45
, 71
, 54
, 62
, 58
, 58
, 67
, 49
, 39
, 77
, 75
, 41
, 59
, 57
, 49
, 67
, 61
, 55
, 71
, 45
, 21
, 95
, 58
, 58
, 6
, 110
, 108
, 8
, 63
, 53
, 7
, 109
, 29
, 87
, 34
, 82
, 61
, 55
, 107
, 9
, 21
, 95
, 79
, 37
, 81
, 35
, 43
, 73
, 1
, 115
, 45
, 71
, 89
, 27
, 48
, 68
, 7
, 109
, 26
, 90
, 19
, 97
, 114
, 2
, 35
, 81
, 38
, 78
, 82
, 34
, 67
, 49
, 74
, 42
, 92
, 24
, 113
, 3
, 16
, 100
, 78
, 38
, 57
, 59
, 25
, 91
, 19
, 97
, 57
, 59
, 61
, 55
, 55
, 61
, 3
, 113
, 31
, 85
, 104
, 12
, 49
, 67
, 106
, 10
, 7
, 109
, 19
, 97
, 28
, 88
, 47
, 69
, 89
, 27
, 106
, 10
, 10
, 106
, 41
, 75
, 4
, 112
, 28
, 88
, 47
, 69
, 23
, 93
, 53
, 63
, 64
, 52
, 78
, 38
, 69
, 47
, 58
, 58
, 97
, 19
, 53
, 63
, 50
, 66
, 25
, 91
, 19
, 97
, 29
, 87
, 112
, 4
, 20
, 96
, 72
, 44
, 56
, 60
, 7
, 109
, 64
, 52
, 31
, 85
, 42
, 74
, 1
, 115
, 75
, 41
, 35
, 81
, 104
, 12
, 55
, 61
, 113
, 3
, 33
, 83
, 80
, 36
, 113
, 3
, 54
, 62
, 2
, 114
, 68
, 48
, 27
, 89
, 61
, 55
, 78
, 38
, 6
, 110
, 32
, 84
, 83
, 33
, 87
, 29
, 10
, 106
, 24
, 92
, 51
, 65
, 99
, 17
, 81
, 35
, 38
, 78
, 9
, 107
, 106
, 10
, 104
, 12
, 48
, 68
, 39
, 77
, 74
, 42
, 98
, 18
, 112
, 4
, 42
, 74
, 64
, 52
, 77
, 39
, 52
, 64
, 38
, 78
, 46
, 70
, 24
, 92
, 23
, 93
, 67
, 49
, 33
, 83
, 110
, 6
, 80
, 36
, 80
, 36
, 54
, 62
, 88
, 28
, 49
, 67
, 56
, 60
, 11
, 105
, 112
, 4
, 46
, 70
, 93
, 23
, 100
, 16
, 107
, 9
, 78
, 38
, 67
, 49
, 88
, 28
, 81
, 35
, 58
, 58
, 86
, 30
, 47
, 69
, 63
, 53
, 33
, 83
, 73
, 43
, 109
, 7
, 83
, 33
, 74
, 42
, 85
, 31
, 44
, 72
, 5
, 111
, 86
, 30
, 70
, 46
, 24
, 92
, 56
, 60
, 34
, 82
, 56
, 60
, 55
, 61
, 66
, 50
, 82
, 34
, 1
, 115
, 11
, 105
, 44
, 72
, 24
, 92
, 87
, 29
, 25
, 91
, 88
, 28
, 46
, 70
, 80
, 36
, 66
, 50
, 25
, 91
, 48
, 68
, 89
, 27
, 7
, 109
, 47
, 69
, 90
, 26
, 97
, 19
, 65
, 51
, 71
, 45
, 21
, 95
, 114
, 2
, 76
, 40
, 38
, 78
, 65
, 51
, 48
, 68
, 49
, 67
, 99
, 17
, 63
, 53
, 7
, 109
, 56
, 60
, 6
, 110
, 74
, 42
, 46
, 70
, 96
, 20
, 97
, 19
, 18
, 98
, 41
, 75
, 6
, 110
, 76
, 40
, 63
, 53
, 64
, 52
, 45
, 71
, 102
, 14
, 110
, 6
, 23
, 93
, 107
, 9
, 40
, 76
, 28
, 88
, 46
, 70
, 8
, 108
, 61
, 55
, 42
, 74
, 72
, 44
, 40
, 76
, 56
, 60
, 11
, 105
, 28
, 88
, 48
, 68
, 107
, 9
, 99
, 17
, 67
, 49
, 60
, 56
, 40
, 76
, 114
, 2
, 102
, 14
, 6
, 110
, 56
, 60
, 47
, 69
, 105
, 11
, 102
, 14
, 4
, 112
, 94
, 22
, 56
, 60
, 51
, 65
, 64
, 52
, 22
, 94
, 104
, 12
, 24
, 92
, 30
, 86
, 49
, 67
, 72
, 44
, 27
, 89
, 46
, 70
, 3
, 113
, 71
, 45
, 42
, 74
, 6
, 110
, 99
, 17
, 31
, 85
, 42
, 74
, 114
, 2
, 53
, 63
, 100
, 16
, 92
, 24
, 96
, 20
, 93
, 23
, 35
, 81
, 35
, 81
, 76
, 40
, 77
, 39
, 112
, 4
, 100
, 16
, 47
, 69
, 106
, 10
, 82
, 34
, 106
, 10
, 73
, 43
, 18
, 98
, 9
, 107
, 45
, 71
, 24
, 92
, 45
, 71
, 30
, 86
, 37
, 79
, 10
, 106
, 23
, 93
, 43
, 73
, 83
, 33
, 78
, 38
, 110
, 6
, 50
, 66
, 5
, 111
, 74
, 42
, 103
, 13
, 6
, 110
, 47
, 69
, 72
, 44
, 107
, 9
, 93
, 23
, 92
, 24
, 27
, 89
, 54
, 62
, 56
, 60
, 1
, 115
, 79
, 37
, 48
, 68
, 7
, 109
, 30
, 86
, 77
, 39
, 8
, 108
, 9
, 107
, 6
, 110
, 32
, 84
, 14
, 102
, 55
, 61
, 7
, 109
, 22
, 94
, 84
, 32
, 59
, 57
, 20
, 96
, 13
, 103
, 60
, 56
, 36
, 80
, 58
, 58
, 28
, 88
, 55
, 61
, 24
, 92
, 16
, 100
, 24
, 92
, 81
, 35
, 20
, 96
, 3
, 113
, 47
, 69
, 31
, 85
, 72
, 44
, 41
, 75
, 43
, 73
, 87
, 29
, 38
, 78
, 110
, 6
, 8
, 108
, 95
, 21
, 17
, 99
, 113
, 3
, 94
, 22
, 30
, 86
, 61
, 55
, 88
, 28
, 81
, 35
, 32
, 84
, 114
, 2
, 105
, 11
, 90
, 26
, 64
, 52
, 37
, 79
, 85
, 31
, 107
, 9
, 67
, 49
, 8
, 108
, 111
, 5
, 29
, 87
, 24
, 92
, 26
, 90
, 21
, 95
, 64
, 52
, 5
, 111
, 81
, 35
, 83
, 33
, 74
, 42
, 12
, 104
, 66
, 50
, 92
, 24
, 102
, 14
, 22
, 94
, 22
, 94
, 22
, 94
, 46
, 70
, 42
, 74
, 104
, 12
, 57
, 59
, 73
, 43
, 16
, 100
, 20
, 96
, 4
, 112
, 71
, 45
, 41
, 75
, 95
, 21
, 80
, 36
, 8
, 108
, 75
, 41
, 23
, 93
, 111
, 5
, 86
, 30
, 23
, 93
, 85
, 31
, 87
, 29
, 43
, 73
, 32
, 84
, 34
, 82
, 62
, 54
, 70
, 46
, 60
, 56
, 64
, 52
, 96
, 20
, 80
, 36
, 11
, 105
, 110
, 6
, 114
, 2
, 90
, 26
, 99
, 17
, 42
, 74
, 63
, 53
, 91
, 25
, 18
, 98
, 20
, 96
, 60
, 56
, 40
, 76
, 113
, 3
, 18
, 98
, 78
, 38
, 80
, 36
, 98
, 18
, 89
, 27
, 50
, 66
, 32
, 84
, 33
, 83
, 23
, 93
, 5
, 111
, 55
, 61
, 53
, 63
, 49
, 67
, 93
, 23
, 67
, 49
, 45
, 71
, 54
, 62
, 73
, 43
, 48
, 68
, 53
, 63
, 74
, 42
, 71
, 45
, 68
, 48
, 54
, 62
, 69
, 47
, 38
, 78
, 67
, 49
, 63
, 53
, 34
, 82
, 48
, 68
, 25
, 91
, 47
, 69
, 18
, 98
, 24
, 92
, 81
, 35
, 91
, 25
, 20
, 96
, 80
, 36
, 9
, 107
, 37
, 79
, 32
, 84
, 79
, 37
, 82
, 34
, 3
, 113
, 51
, 65
, 11
, 105
, 50
, 66
, 100
, 16
, 92
, 24
, 51
, 65
, 30
, 86
, 72
, 44
, 88
, 28
, 74
, 42
, 79
, 37
, 21
, 95
, 78
, 38
, 26
, 90
, 106
, 10
, 7
, 109
, 19
, 97
, 4
, 112
, 44
, 72
, 10
, 106
, 93
, 23
, 104
, 12
, 102
, 14
, 16
, 100
, 26
, 90
, 87
, 29
, 109
, 7
, 87
, 29
, 49
, 67
, 12
, 104
, 65
, 51
, 42
, 74
, 1
, 115
, 83
, 33
, 41
, 75
, 69
, 47
, 14
, 102
, 29
, 87
, 78
, 38
, 73
, 43
, 107
, 9
, 7
, 109
, 86
, 30
, 64
, 52
, 79
, 37
, 8
, 108
, 83
, 33
, 102
, 14
, 17
, 99
, 23
, 93
, 51
, 65
, 2
, 114
, 80
, 36
, 106
, 10
, 52
, 64
, 25
, 91
, 4
, 112
, 28
, 88
, 17
, 99
, 38
, 78
, 60
, 56
, 16
, 100
, 88
, 28
, 5
, 111
, 88
, 28
, 89
, 27
, 63
, 53
, 3
, 113
, 38
, 78
, 25
, 91
, 27
, 89
, 98
, 18
, 47
, 69
, 8
, 108
, 46
, 70
, 3
, 113
, 32
, 84
, 41
, 75
, 17
, 99
, 73
, 43
, 56
, 60
, 105
, 11
, 36
, 80
, 6
, 110
, 14
, 102
, 67
, 49
, 7
, 109
, 2
, 114
, 72
, 44
, 29
, 87
, 109
, 7
, 31
, 85
, 95
, 21
, 37
, 79
, 84
, 32
, 94
, 22
, 84
, 32
, 101
, 15
, 24
, 92
, 25
, 91
, 28
, 88
, 80
, 36
, 86
, 30
, 32
, 84
, 26
, 90
, 48
, 68
, 112
, 4
, 55
, 61
, 52
, 64
, 95
, 21
, 93
, 23
, 24
, 92
, 21
, 95
, 94
, 22
, 19
, 97
, 29
, 87
, 15
, 101
, 94
, 22
, 62
, 54
, 113
, 3
, 67
, 49
, 49
, 67
, 109
, 7
, 11
, 105
, 56
, 60
, 72
, 44
, 38
, 78
, 4
, 112
, 59
, 57
, 61
, 55
, 72
, 44
, 92
, 24
, 57
, 59
, 14
, 102
, 20
, 96
, 93
, 23
, 31
, 85
, 65
, 51
, 8
, 108
, 93
, 23
, 82
, 34
, 40
, 76
, 81
, 35
, 3
, 113
, 59
, 57
, 34
, 82
, 96
, 20
, 17
, 99
, 19
, 97
, 50
, 66
, 24
, 92
, 75
, 41
, 15
, 101
, 17
, 99
, 9
, 107
, 73
, 43
, 57
, 59
, 106
, 10
, 111
, 5
, 101
, 15
, 73
, 43
, 82
, 34
, 36
, 80
, 107
, 9
, 92
, 24
, 61
, 55
, 97
, 19
, 101
, 15
, 61
, 55
, 12
, 104
, 99
, 17
, 27
, 89
, 56
, 60
, 8
, 108
, 109
, 7
, 56
, 60
, 102
, 14
, 61
, 55
, 50
, 66
, 111
, 5
, 32
, 84
, 78
, 38
, 2
, 114
, 69
, 47
, 31
, 85
, 69
, 47
, 55
, 61
, 13
, 103
, 39
, 77
, 76
, 40
, 96
, 20
, 102
, 14
, 32
, 84
, 4
, 112
, 80
, 36
, 50
, 66
, 37
, 79
, 91
, 25
, 4
, 112
, 10
, 106
, 47
, 69
, 59
, 57
, 90
, 26
, 24
, 92
, 109
, 7
, 9
, 107
, 100
, 16
, 5
, 111
, 37
, 79
, 54
, 62
, 95
, 21
, 35
, 81
, 38
, 78
, 88
, 28
, 56
, 60
, 16
, 100
, 60
, 56
, 49
, 67
, 7
, 109
, 11
, 105
, 11
, 105
, 46
, 70
, 15
, 101
, 46
, 70
, 80
, 36
, 110
, 6
, 99
, 17
, 53
, 63
, 48
, 68
, 93
, 23
, 23
, 93
, 97
, 19
, 32
, 84
, 110
, 6
, 43
, 73
, 78
, 38
, 39
, 77
, 48
, 68
, 43
, 73
, 96
, 20
, 74
, 42
, 97
, 19
, 77
, 39
, 48
, 68
, 26
, 90
, 71
, 45
, 94
, 22
, 112
, 4
, 8
, 108
, 46
, 70
, 54
, 62
, 79
, 37
, 105
, 11
, 42
, 74
, 71
, 45
, 72
, 44
, 62
, 54
, 62
, 54
, 32
, 84
, 30
, 86
, 40
, 76
, 105
, 11
, 1
, 115
, 49
, 67
, 111
, 5
, 65
, 51
, 47
, 69
, 15
, 101
, 64
, 52
, 74
, 42
, 6
, 110
, 76
, 40
, 24
, 92
, 54
, 62
, 2
, 114
, 47
, 69
, 87
, 29
, 61
, 55
, 114
, 2
, 91
, 25
, 17
, 99
, 11
, 105
, 36
, 80
, 84
, 32
, 95
, 21
, 20
, 96
, 82
, 34
, 89
, 27
, 9
, 107
, 38
, 78
, 23
, 93
, 96
, 20
, 70
, 46
, 63
, 53
, 1
, 115
, 48
, 68
, 114
, 2
, 41
, 75
, 105
, 11
, 51
, 65
, 16
, 100
, 43
, 73
, 2
, 114
, 64
, 52
, 113
, 3
, 80
, 36
, 30
, 86
, 26
, 90
, 61
, 55
, 19
, 97
, 18
, 98
, 39
, 77
, 90
, 26
, 13
, 103
, 104
, 12
, 6
, 110
, 30
, 86
, 58
, 58
, 87
, 29
, 44
, 72
, 33
, 83
, 18
, 98
, 100
, 16
, 89
, 27
, 53
, 63
, 88
, 28
, 43
, 73
, 56
, 60
, 3
, 113
, 105
, 11
, 6
, 110
, 71
, 45
, 51
, 65
, 71
, 45
, 60
, 56
, 9
, 107
, 25
, 91
, 6
, 110
, 76
, 40
, 23
, 93
, 44
, 72
, 17
, 99
, 51
, 65
, 93
, 23
, 105
, 11
, 94
, 22
, 97
, 19
, 13
, 103
, 52
, 64
, 12
, 104
, 16
, 100
, 10
, 106
, 57
, 59
, 40
, 76
, 49
, 67
, 81
, 35
, 46
, 70
, 39
, 77
, 18
, 98
, 41
, 75
, 68
, 48
, 107
, 9
, 15
, 101
, 109
, 7
, 22
, 94
, 40
, 76
, 112
, 4
, 105
, 11
, 87
, 29
, 6
, 110
, 35
, 81
, 94
, 22
, 3
, 113
, 109
, 7
, 10
, 106
, 72
, 44
, 45
, 71
, 6
, 110
, 30
, 86
, 86
, 30
, 27
, 89
, 48
, 68
, 31
, 85
, 34
, 82
, 47
, 69
, 57
, 59
, 34
, 82
, 46
, 70
, 53
, 63
, 66
, 50
, 48
, 68
, 104
, 12
, 16
, 100
, 64
, 52
, 52
, 64
, 95
, 21
, 80
, 36
, 110
, 6
, 48
, 68
, 58
, 58
, 39
, 77
, 13
, 103
, 51
, 65
, 47
, 69
, 49
, 67
, 20
, 96
, 6
, 110
, 54
, 62
, 107
, 9
, 15
, 101
, 30
, 86
, 79
, 37
, 94
, 22
, 92
, 24
, 11
, 105
, 62
, 54
, 61
, 55
, 8
, 108
, 85
, 31
, 24
, 92
, 3
, 113
, 87
, 29
, 71
, 45
, 57
, 59
, 109
, 7
, 4
, 112
, 31
, 85
, 95
, 21
, 84
, 32
, 56
, 60
, 85
, 31
, 56
, 60
, 113
, 3
, 67
, 49
, 56
, 60
, 59
, 57
, 30
, 86
, 22
, 94
, 2
, 114
, 91
, 25
, 93
, 23
, 101
, 15
, 75
, 41
, 31
, 85
, 22
, 94
, 80
, 36
, 11
, 105
, 59
, 57
, 40
, 76
, 16
, 100
, 90
, 26
, 55
, 61
, 72
, 44
, 96
, 20
, 87
, 29
, 70
, 46
, 106
, 10
, 101
, 15
, 14
, 102
, 13
, 103
, 29
, 87
, 94
, 22
, 75
, 41
, 113
, 3
, 13
, 103
, 43
, 73
, 73
, 43
, 2
, 114
, 37
, 79
, 77
, 39
, 15
, 101
, 85
, 31
, 57
, 59
, 75
, 41
, 24
, 92
, 33
, 83
, 106
, 10
, 31
, 85
, 45
, 71
, 48
, 68
, 29
, 87
, 23
, 93
, 64
, 52
, 109
, 7
, 112
, 4
, 27
, 89
, 102
, 14
, 70
, 46
, 58
, 58
, 111
, 5
, 20
, 96
, 48
, 68
, 17
, 99
, 52
, 64
, 114
, 2
, 70
, 46
, 24
, 92
, 14
, 102
, 73
, 43
, 60
, 56
, 107
, 9
, 25
, 91
, 61
, 55
, 101
, 15
, 86
, 30
, 111
, 5
, 37
, 79
, 38
, 78
, 43
, 73
, 62
, 54
, 87
, 29
, 55
, 61
, 44
, 72
, 75
, 41
, 68
, 48
, 113
, 3
, 104
, 12
, 92
, 24
, 64
, 52
, 56
, 60
, 88
, 28
, 97
, 19
, 93
, 23
, 111
, 5
, 88
, 28
, 33
, 83
, 18
, 98
, 110
, 6
, 73
, 43
, 4
, 112
, 12
, 104
, 5
, 111
, 73
, 43
, 3
, 113
, 19
, 97
, 32
, 84
, 82
, 34
, 57
, 59
, 26
, 90
, 3
, 113
, 52
, 64
, 25
, 91
, 104
, 12
, 48
, 68
, 5
, 111
, 94
, 22
, 89
, 27
, 81
, 35
, 69
, 47
, 50
, 66
, 61
, 55
, 112
, 4
, 67
, 49
, 6
, 110
, 114
, 2
, 77
, 39
, 97
, 19
, 49
, 67
, 46
, 70
, 18
, 98
, 106
, 10
, 108
, 8
, 10
, 106
, 20
, 96
, 62
, 54
, 34
, 82
, 102
, 14
, 113
, 3
, 4
, 112
, 38
, 78
, 49
, 67
, 53
, 63
, 24
, 92
, 18
, 98
, 76
, 40
, 18
, 98
, 7
, 109
, 81
, 35
, 105
, 11
, 106
, 10
, 23
, 93
, 37
, 79
, 97
, 19
, 39
, 77
, 66
, 50
, 30
, 86
, 31
, 85
, 81
, 35
, 47
, 69
, 11
, 105
, 39
, 77
, 34
, 82
, 87
, 29
, 20
, 96
, 45
, 71
, 48
, 68
, 30
, 86
, 32
, 84
, 94
, 22
, 56
, 60
, 82
, 34
, 55
, 61
, 40
, 76
, 111
, 5
, 9
, 107
, 81
, 35
, 100
, 16
, 82
, 34
, 28
, 88
, 97
, 19
, 12
, 104
, 61
, 55
, 73
, 43
, 90
, 26
, 8
, 108
, 29
, 87
, 43
, 73
, 42
, 74
, 78
, 38
, 14
, 102
, 41
, 75
, 79
, 37
, 42
, 74
, 95
, 21
, 40
, 76
, 9
, 107
, 5
, 111
, 68
, 48
, 113
, 3
, 40
, 76
, 57
, 59
, 103
, 13
, 17
, 99
, 19
, 97
, 72
, 44
, 73
, 43
, 34
, 82
, 49
, 67
, 15
, 101
, 61
, 55
, 89
, 27
, 29
, 87
, 110
, 6
, 12
, 104
, 5
, 111
, 107
, 9
, 17
, 99
, 47
, 69
, 53
, 63
, 88
, 28
, 36
, 80
, 105
, 11
, 54
, 62
, 27
, 89
, 56
, 60
, 85
, 31
, 49
, 67
, 99
, 17
, 24
, 92
, 18
, 98
, 43
, 73
, 43
, 73
, 54
, 62
, 28
, 88
, 65
, 51
, 94
, 22
, 17
, 99
, 112
, 4
, 66
, 50
, 95
, 21
, 99
, 17
, 14
, 102
, 40
, 76
, 92
, 24
, 83
, 33
, 83
, 33
, 68
, 48
, 90
, 26
, 71
, 45
, 26
, 90
, 26
, 90
, 95
, 21
, 19
, 97
, 44
, 72
, 97
, 19
, 52
, 64
, 33
, 83
, 87
, 29
, 19
, 97
, 66
, 50
, 105
, 11
, 96
, 20
, 62
, 54
, 20
, 96
, 94
, 22
, 77
, 39
, 71
, 45
, 100
, 16
, 11
, 105
, 61
, 55
, 8
, 108
, 98
, 18
, 32
, 84
, 21
, 95
, 95
, 21
, 99
, 17
, 106
, 10
, 19
, 97
, 34
, 82
, 46
, 70
, 97
, 19
, 31
, 85
, 92
, 24
, 13
, 103
, 81
, 35
, 21
, 95
, 22
, 94
, 71
, 45
, 105
, 11
, 58
, 58
, 99
, 17
, 84
, 32
, 92
, 24
, 82
, 34
, 81
, 35
, 75
, 41
, 37
, 79
, 102
, 14
, 94
, 22
, 87
, 29
, 17
, 99
, 62
, 54
, 4
, 112
, 92
, 24
, 50
, 66
, 31
, 85
, 10
, 106
, 22
, 94
, 5
, 111
, 32
, 84
, 95
, 21
, 40
, 76
, 83
, 33
, 10
, 106
, 86
, 30
, 114
, 2
, 113
, 3
, 68
, 48
, 69
, 47
, 112
, 4
, 10
, 106
, 23
, 93
, 69
, 47
, 79
, 37
, 83
, 33
, 103
, 13
, 95
, 21
, 106
, 10
, 77
, 39
, 31
, 85
, 93
, 23
, 67
, 49
, 63
, 53
, 63
, 53
, 32
, 84
, 88
, 28
, 29
, 87
, 20
, 96
, 24
, 92
, 26
, 90
, 60
, 56
, 105
, 11
, 93
, 23
, 27
, 89
, 93
, 23
, 7
, 109
, 83
, 33
, 10
, 106
, 112
, 4
, 104
, 12
, 10
, 106
, 67
, 49
, 67
, 49
, 87
, 29
, 68
, 48
, 85
, 31
, 10
, 106
, 25
, 91
, 30
, 86
, 101
, 15
, 75
, 41
, 110
, 6
, 51
, 65
, 112
, 4
, 55
, 61
, 46
, 70
, 20
, 96
, 34
, 82
, 17
, 99
, 4
, 112
, 114
, 2
, 19
, 97
, 78
, 38
, 64
, 52
, 30
, 86
, 44
, 72
, 5
, 111
, 80
, 36
, 27
, 89
, 56
, 60
, 20
, 96
, 8
, 108
, 12
, 104
, 94
, 22
, 58
, 58
, 86
, 30
, 11
, 105
, 9
, 107
, 83
, 33
, 82
, 34
, 91
, 25
, 69
, 47
, 15
, 101
, 48
, 68
, 90
, 26
, 13
, 103
, 17
, 99
, 15
, 101
, 67
, 49
, 6
, 110
, 94
, 22
, 16
, 100
, 111
, 5
, 18
, 98
, 20
, 96
, 25
, 91
, 99
, 17
, 23
, 93
, 35
, 81
, 31
, 85
, 113
, 3
, 74
, 42
, 19
, 97
, 79
, 37
, 22
, 94
, 106
, 10
, 73
, 43
, 8
, 108
, 21
, 95
, 25
, 91
, 7
, 109
, 91
, 25
, 88
, 28
, 62
, 54
, 35
, 81
, 52
, 64
, 42
, 74
, 105
, 11
, 93
, 23
, 56
, 60
, 94
, 22
, 81
, 35
, 95
, 21
, 78
, 38
, 92
, 24
, 61
, 55
, 41
, 75
, 43
, 73
, 61
, 55
, 68
, 48
, 83
, 33
, 2
, 114
, 73
, 43
, 89
, 27
, 112
, 4
, 31
, 85
, 89
, 27
, 33
, 83
, 31
, 85
, 108
, 8
, 28
, 88
, 13
, 103
, 14
, 102
, 92
, 24
, 49
, 67
, 102
, 14
, 2
, 114
, 86
, 30
, 104
, 12
, 48
, 68
, 12
, 104
, 67
, 49
, 101
, 15
, 89
, 27
, 55
, 61
, 44
, 72
, 87
, 29
, 77
, 39
, 57
, 59
, 11
, 105
, 48
, 68
, 60
, 56
, 16
, 100
, 55
, 61
, 88
, 28
, 54
, 62
, 6
, 110
, 103
, 13
, 45
, 71
, 110
, 6
, 64
, 52
, 44
, 72
, 24
, 92
, 9
, 107
, 18
, 98
, 63
, 53
, 69
, 47
, 72
, 44
, 41
, 75
, 104
, 12
, 26
, 90
, 16
, 100
, 36
, 80
, 65
, 51
, 57
, 59
, 75
, 41
, 4
, 112
, 20
, 96
, 56
, 60
, 26
, 90
, 68
, 48
, 2
, 114
, 27
, 89
, 27
, 89
, 63
, 53
, 105
, 11
, 98
, 18
, 95
, 21
, 89
, 27
, 96
, 20
, 85
, 31
, 14
, 102
, 70
, 46
, 44
, 72
, 39
, 77
, 12
, 104
, 21
, 95
, 50
, 66
, 62
, 54
, 63
, 53
, 74
, 42
, 37
, 79
, 89
, 27
, 85
, 31
, 11
, 105
, 56
, 60
, 109
, 7
, 7
, 109
, 85
, 31
, 16
, 100
, 31
, 85
, 92
, 24
, 61
, 55
, 73
, 43
, 99
, 17
, 65
, 51
, 77
, 39
, 9
, 107
, 95
, 21
, 87
, 29
, 45
, 71
, 86
, 30
, 103
, 13
, 64
, 52
, 112
, 4
, 104
, 12
, 64
, 52
, 42
, 74
, 64
, 52
, 39
, 77
, 110
, 6
, 8
, 108
, 14
, 102
, 103
, 13
, 76
, 40
, 41
, 75
, 57
, 59
, 56
, 60
, 45
, 71
, 81
, 35
, 51
, 65
, 94
, 22
, 70
, 46
, 31
, 85
, 48
, 68
, 26
, 90
, 19
, 97
, 86
, 30
, 19
, 97
, 26
, 90
, 82
, 34
, 101
, 15
, 20
, 96
, 88
, 28
, 92
, 24
, 76
, 40
, 6
, 110
, 87
, 29
, 17
, 99
, 60
, 56
, 88
, 28
, 75
, 41
, 40
, 76
, 92
, 24
, 98
, 18
, 110
, 6
, 105
, 11
, 60
, 56
, 66
, 50
, 50
, 66
, 29
, 87
, 47
, 69
, 12
, 104
, 15
, 101
, 4
, 112
, 44
, 72
, 76
, 40
, 111
, 5
, 112
, 4
, 48
, 68
, 114
, 2
, 98
, 18
, 108
, 8
, 42
, 74
, 82
, 34
, 113
, 3
, 40
, 76
, 66
, 50
, 61
, 55
, 107
, 9
, 22
, 94
, 83
, 33
, 24
, 92
, 43
, 73
, 50
, 66
, 49
, 67
, 38
, 78
, 54
, 62
, 28
, 88
, 35
, 81
, 74
, 42
, 114
, 2
, 107
, 9
, 108
, 8
, 44
, 72
, 102
, 14
, 36
, 80
, 106
, 10
, 64
, 52
, 43
, 73
, 5
, 111
, 113
, 3
, 42
, 74
, 60
, 56
, 32
, 84
, 8
, 108
, 29
, 87
, 103
, 13
, 40
, 76
, 102
, 14
, 20
, 96
, 15
, 101
, 96
, 20
, 94
, 22
, 22
, 94
, 113
, 3
, 13
, 103
, 39
, 77
