
2380
, 121
, 102
, 59
, 164
, 145
, 78
, 38
, 185
, 32
, 191
, 100
, 123
, 46
, 177
, 86
, 137
, 198
, 25
, 44
, 179
, 100
, 123
, 28
, 195
, 84
, 139
, 188
, 35
, 196
, 27
, 117
, 106
, 64
, 159
, 35
, 188
, 55
, 168
, 54
, 169
, 58
, 165
, 131
, 92
, 182
, 41
, 5
, 218
, 186
, 37
, 41
, 182
, 153
, 70
, 182
, 41
, 65
, 158
, 142
, 81
, 52
, 171
, 101
, 122
, 156
, 67
, 39
, 184
, 207
, 16
, 101
, 122
, 76
, 147
, 107
, 116
, 173
, 50
, 9
, 214
, 60
, 163
, 33
, 190
, 198
, 25
, 215
, 8
, 16
, 207
, 159
, 64
, 170
, 53
, 125
, 98
, 127
, 96
, 22
, 201
, 20
, 203
, 22
, 201
, 3
, 220
, 8
, 215
, 163
, 60
, 164
, 59
, 62
, 161
, 77
, 146
, 193
, 30
, 9
, 214
, 54
, 169
, 154
, 69
, 178
, 45
, 75
, 148
, 211
, 12
, 20
, 203
, 217
, 6
, 170
, 53
, 166
, 57
, 144
, 79
, 149
, 74
, 25
, 198
, 215
, 8
, 212
, 11
, 68
, 155
, 44
, 179
, 184
, 39
, 44
, 179
, 122
, 101
, 190
, 33
, 40
, 183
, 88
, 135
, 85
, 138
, 174
, 49
, 23
, 200
, 185
, 38
, 3
, 220
, 117
, 106
, 90
, 133
, 124
, 99
, 104
, 119
, 110
, 113
, 200
, 23
, 85
, 138
, 90
, 133
, 192
, 31
, 123
, 100
, 183
, 40
, 209
, 14
, 218
, 5
, 107
, 116
, 205
, 18
, 131
, 92
, 170
, 53
, 118
, 105
, 126
, 97
, 130
, 93
, 177
, 46
, 17
, 206
, 197
, 26
, 215
, 8
, 51
, 172
, 73
, 150
, 78
, 145
, 204
, 19
, 116
, 107
, 204
, 19
, 88
, 135
, 58
, 165
, 173
, 50
, 79
, 144
, 82
, 141
, 27
, 196
, 87
, 136
, 87
, 136
, 151
, 72
, 83
, 140
, 89
, 134
, 117
, 106
, 47
, 176
, 200
, 23
, 3
, 220
, 72
, 151
, 78
, 145
, 86
, 137
, 12
, 211
, 107
, 116
, 107
, 116
, 60
, 163
, 181
, 42
, 106
, 117
, 140
, 83
, 141
, 82
, 46
, 177
, 24
, 199
, 20
, 203
, 194
, 29
, 96
, 127
, 34
, 189
, 216
, 7
, 219
, 4
, 93
, 130
, 211
, 12
, 120
, 103
, 205
, 18
, 34
, 189
, 216
, 7
, 17
, 206
, 176
, 47
, 105
, 118
, 43
, 180
, 106
, 117
, 66
, 157
, 202
, 21
, 150
, 73
, 159
, 64
, 26
, 197
, 88
, 135
, 49
, 174
, 9
, 214
, 41
, 182
, 219
, 4
, 179
, 44
, 11
, 212
, 86
, 137
, 41
, 182
, 149
, 74
, 147
, 76
, 207
, 16
, 156
, 67
, 184
, 39
, 184
, 39
, 183
, 40
, 207
, 16
, 57
, 166
, 120
, 103
, 124
, 99
, 131
, 92
, 8
, 215
, 11
, 212
, 116
, 107
, 80
, 143
, 83
, 140
, 29
, 194
, 181
, 42
, 164
, 59
, 153
, 70
, 85
, 138
, 12
, 211
, 195
, 28
, 132
, 91
, 66
, 157
, 180
, 43
, 67
, 156
, 170
, 53
, 195
, 28
, 169
, 54
, 24
, 199
, 193
, 30
, 64
, 159
, 152
, 71
, 56
, 167
, 47
, 176
, 87
, 136
, 40
, 183
, 117
, 106
, 128
, 95
, 12
, 211
, 63
, 160
, 8
, 215
, 195
, 28
, 113
, 110
, 73
, 150
, 98
, 125
, 38
, 185
, 54
, 169
, 82
, 141
, 187
, 36
, 94
, 129
, 135
, 88
, 65
, 158
, 110
, 113
, 147
, 76
, 70
, 153
, 203
, 20
, 3
, 220
, 190
, 33
, 131
, 92
, 156
, 67
, 198
, 25
, 175
, 48
, 158
, 65
, 44
, 179
, 155
, 68
, 140
, 83
, 160
, 63
, 213
, 10
, 192
, 31
, 208
, 15
, 53
, 170
, 94
, 129
, 144
, 79
, 108
, 115
, 14
, 209
, 146
, 77
, 150
, 73
, 86
, 137
, 199
, 24
, 213
, 10
, 126
, 97
, 7
, 216
, 197
, 26
, 148
, 75
, 151
, 72
, 213
, 10
, 7
, 216
, 117
, 106
, 50
, 173
, 8
, 215
, 122
, 101
, 192
, 31
, 193
, 30
, 197
, 26
, 8
, 215
, 94
, 129
, 39
, 184
, 3
, 220
, 175
, 48
, 60
, 163
, 182
, 41
, 101
, 122
, 74
, 149
, 20
, 203
, 53
, 170
, 34
, 189
, 163
, 60
, 72
, 151
, 141
, 82
, 124
, 99
, 82
, 141
, 204
, 19
, 58
, 165
, 181
, 42
, 221
, 2
, 33
, 190
, 8
, 215
, 197
, 26
, 18
, 205
, 20
, 203
, 202
, 21
, 186
, 37
, 79
, 144
, 62
, 161
, 117
, 106
, 209
, 14
, 6
, 217
, 99
, 124
, 112
, 111
, 29
, 194
, 177
, 46
, 167
, 56
, 37
, 186
, 86
, 137
, 87
, 136
, 20
, 203
, 37
, 186
, 206
, 17
, 154
, 69
, 164
, 59
, 203
, 20
, 132
, 91
, 47
, 176
, 151
, 72
, 95
, 128
, 173
, 50
, 55
, 168
, 157
, 66
, 118
, 105
, 161
, 62
, 36
, 187
, 10
, 213
, 183
, 40
, 143
, 80
, 2
, 221
, 182
, 41
, 39
, 184
, 98
, 125
, 219
, 4
, 34
, 189
, 174
, 49
, 124
, 99
, 81
, 142
, 23
, 200
, 99
, 124
, 26
, 197
, 157
, 66
, 208
, 15
, 211
, 12
, 136
, 87
, 28
, 195
, 14
, 209
, 152
, 71
, 131
, 92
, 205
, 18
, 35
, 188
, 5
, 218
, 221
, 2
, 137
, 86
, 11
, 212
, 199
, 24
, 107
, 116
, 100
, 123
, 103
, 120
, 12
, 211
, 71
, 152
, 36
, 187
, 202
, 21
, 108
, 115
, 213
, 10
, 44
, 179
, 25
, 198
, 72
, 151
, 63
, 160
, 8
, 215
, 35
, 188
, 121
, 102
, 100
, 123
, 28
, 195
, 137
, 86
, 133
, 90
, 178
, 45
, 150
, 73
, 105
, 118
, 113
, 110
, 87
, 136
, 205
, 18
, 213
, 10
, 112
, 111
, 210
, 13
, 71
, 152
, 194
, 29
, 39
, 184
, 64
, 159
, 185
, 38
, 143
, 80
, 70
, 153
, 117
, 106
, 6
, 217
, 54
, 169
, 148
, 75
, 72
, 151
, 202
, 21
, 88
, 135
, 204
, 19
, 30
, 193
, 115
, 108
, 3
, 220
, 11
, 212
, 163
, 60
, 1
, 222
, 5
, 218
, 37
, 186
, 200
, 23
, 125
, 98
, 9
, 214
, 142
, 81
, 43
, 180
, 18
, 205
, 55
, 168
, 104
, 119
, 3
, 220
, 172
, 51
, 187
, 36
, 84
, 139
, 31
, 192
, 203
, 20
, 130
, 93
, 22
, 201
, 158
, 65
, 20
, 203
, 207
, 16
, 93
, 130
, 88
, 135
, 76
, 147
, 95
, 128
, 108
, 115
, 168
, 55
, 151
, 72
, 101
, 122
, 18
, 205
, 37
, 186
, 124
, 99
, 182
, 41
, 29
, 194
, 13
, 210
, 201
, 22
, 13
, 210
, 60
, 163
, 177
, 46
, 36
, 187
, 212
, 11
, 90
, 133
, 215
, 8
, 201
, 22
, 205
, 18
, 107
, 116
, 12
, 211
, 133
, 90
, 35
, 188
, 64
, 159
, 24
, 199
, 190
, 33
, 154
, 69
, 1
, 222
, 185
, 38
, 49
, 174
, 12
, 211
, 41
, 182
, 100
, 123
, 136
, 87
, 152
, 71
, 82
, 141
, 192
, 31
, 22
, 201
, 54
, 169
, 5
, 218
, 12
, 211
, 43
, 180
, 34
, 189
, 87
, 136
, 60
, 163
, 105
, 118
, 143
, 80
, 154
, 69
, 27
, 196
, 144
, 79
, 35
, 188
, 130
, 93
, 137
, 86
, 26
, 197
, 131
, 92
, 49
, 174
, 58
, 165
, 1
, 222
, 22
, 201
, 3
, 220
, 49
, 174
, 172
, 51
, 55
, 168
, 174
, 49
, 89
, 134
, 57
, 166
, 134
, 89
, 35
, 188
, 168
, 55
, 194
, 29
, 197
, 26
, 191
, 32
, 200
, 23
, 8
, 215
, 184
, 39
, 42
, 181
, 184
, 39
, 64
, 159
, 112
, 111
, 25
, 198
, 73
, 150
, 130
, 93
, 159
, 64
, 17
, 206
, 43
, 180
, 9
, 214
, 88
, 135
, 147
, 76
, 97
, 126
, 11
, 212
, 164
, 59
, 102
, 121
, 63
, 160
, 148
, 75
, 97
, 126
, 207
, 16
, 56
, 167
, 43
, 180
, 154
, 69
, 194
, 29
, 98
, 125
, 154
, 69
, 7
, 216
, 215
, 8
, 12
, 211
, 36
, 187
, 37
, 186
, 28
, 195
, 140
, 83
, 112
, 111
, 116
, 107
, 157
, 66
, 105
, 118
, 23
, 200
, 59
, 164
, 144
, 79
, 27
, 196
, 125
, 98
, 188
, 35
, 139
, 84
, 169
, 54
, 153
, 70
, 200
, 23
, 52
, 171
, 149
, 74
, 177
, 46
, 66
, 157
, 81
, 142
, 20
, 203
, 100
, 123
, 67
, 156
, 71
, 152
, 44
, 179
, 196
, 27
, 1
, 222
, 204
, 19
, 176
, 47
, 98
, 125
, 38
, 185
, 89
, 134
, 114
, 109
, 30
, 193
, 205
, 18
, 98
, 125
, 40
, 183
, 91
, 132
, 56
, 167
, 158
, 65
, 171
, 52
, 221
, 2
, 147
, 76
, 116
, 107
, 62
, 161
, 65
, 158
, 34
, 189
, 154
, 69
, 87
, 136
, 104
, 119
, 199
, 24
, 166
, 57
, 129
, 94
, 56
, 167
, 153
, 70
, 17
, 206
, 217
, 6
, 198
, 25
, 33
, 190
, 98
, 125
, 98
, 125
, 92
, 131
, 74
, 149
, 128
, 95
, 188
, 35
, 81
, 142
, 51
, 172
, 2
, 221
, 146
, 77
, 130
, 93
, 89
, 134
, 105
, 118
, 134
, 89
, 85
, 138
, 44
, 179
, 185
, 38
, 130
, 93
, 151
, 72
, 206
, 17
, 78
, 145
, 175
, 48
, 95
, 128
, 56
, 167
, 44
, 179
, 116
, 107
, 216
, 7
, 215
, 8
, 221
, 2
, 41
, 182
, 66
, 157
, 24
, 199
, 191
, 32
, 155
, 68
, 119
, 104
, 63
, 160
, 206
, 17
, 188
, 35
, 185
, 38
, 140
, 83
, 220
, 3
, 121
, 102
, 179
, 44
, 140
, 83
, 35
, 188
, 58
, 165
, 29
, 194
, 155
, 68
, 66
, 157
, 134
, 89
, 77
, 146
, 139
, 84
, 54
, 169
, 92
, 131
, 203
, 20
, 62
, 161
, 177
, 46
, 117
, 106
, 210
, 13
, 128
, 95
, 77
, 146
, 195
, 28
, 211
, 12
, 100
, 123
, 121
, 102
, 51
, 172
, 164
, 59
, 49
, 174
, 187
, 36
, 140
, 83
, 120
, 103
, 172
, 51
, 59
, 164
, 142
, 81
, 76
, 147
, 13
, 210
, 122
, 101
, 25
, 198
, 135
, 88
, 197
, 26
, 25
, 198
, 112
, 111
, 122
, 101
, 33
, 190
, 66
, 157
, 118
, 105
, 173
, 50
, 78
, 145
, 136
, 87
, 9
, 214
, 217
, 6
, 106
, 117
, 22
, 201
, 201
, 22
, 49
, 174
, 169
, 54
, 19
, 204
, 187
, 36
, 72
, 151
, 210
, 13
, 1
, 222
, 182
, 41
, 79
, 144
, 38
, 185
, 124
, 99
, 79
, 144
, 10
, 213
, 207
, 16
, 112
, 111
, 203
, 20
, 206
, 17
, 14
, 209
, 11
, 212
, 124
, 99
, 48
, 175
, 200
, 23
, 197
, 26
, 178
, 45
, 209
, 14
, 44
, 179
, 47
, 176
, 104
, 119
, 60
, 163
, 65
, 158
, 215
, 8
, 126
, 97
, 62
, 161
, 146
, 77
, 89
, 134
, 55
, 168
, 173
, 50
, 64
, 159
, 187
, 36
, 170
, 53
, 29
, 194
, 90
, 133
, 190
, 33
, 78
, 145
, 78
, 145
, 17
, 206
, 86
, 137
, 202
, 21
, 133
, 90
, 116
, 107
, 125
, 98
, 1
, 222
, 185
, 38
, 146
, 77
, 157
, 66
, 40
, 183
, 25
, 198
, 106
, 117
, 163
, 60
, 125
, 98
, 183
, 40
, 171
, 52
, 43
, 180
, 47
, 176
, 9
, 214
, 37
, 186
, 97
, 126
, 27
, 196
, 118
, 105
, 43
, 180
, 23
, 200
, 27
, 196
, 65
, 158
, 181
, 42
, 102
, 121
, 211
, 12
, 135
, 88
, 62
, 161
, 77
, 146
, 154
, 69
, 97
, 126
, 134
, 89
, 148
, 75
, 21
, 202
, 32
, 191
, 116
, 107
, 172
, 51
, 189
, 34
, 80
, 143
, 208
, 15
, 77
, 146
, 82
, 141
, 2
, 221
, 169
, 54
, 122
, 101
, 4
, 219
, 24
, 199
, 128
, 95
, 206
, 17
, 201
, 22
, 185
, 38
, 195
, 28
, 176
, 47
, 183
, 40
, 170
, 53
, 157
, 66
, 215
, 8
, 87
, 136
, 73
, 150
, 215
, 8
, 216
, 7
, 198
, 25
, 56
, 167
, 137
, 86
, 173
, 50
, 207
, 16
, 103
, 120
, 155
, 68
, 95
, 128
, 52
, 171
, 124
, 99
, 37
, 186
, 208
, 15
, 120
, 103
, 208
, 15
, 18
, 205
, 161
, 62
, 38
, 185
, 61
, 162
, 66
, 157
, 185
, 38
, 90
, 133
, 190
, 33
, 142
, 81
, 200
, 23
, 118
, 105
, 161
, 62
, 86
, 137
, 180
, 43
, 41
, 182
, 132
, 91
, 87
, 136
, 24
, 199
, 61
, 162
, 123
, 100
, 97
, 126
, 206
, 17
, 88
, 135
, 100
, 123
, 147
, 76
, 207
, 16
, 108
, 115
, 193
, 30
, 6
, 217
, 23
, 200
, 146
, 77
, 89
, 134
, 93
, 130
, 135
, 88
, 71
, 152
, 30
, 193
, 103
, 120
, 40
, 183
, 190
, 33
, 174
, 49
, 179
, 44
, 113
, 110
, 201
, 22
, 26
, 197
, 6
, 217
, 88
, 135
, 141
, 82
, 70
, 153
, 215
, 8
, 74
, 149
, 70
, 153
, 151
, 72
, 41
, 182
, 199
, 24
, 193
, 30
, 131
, 92
, 168
, 55
, 135
, 88
, 155
, 68
, 191
, 32
, 12
, 211
, 82
, 141
, 173
, 50
, 48
, 175
, 6
, 217
, 76
, 147
, 139
, 84
, 39
, 184
, 104
, 119
, 35
, 188
, 29
, 194
, 184
, 39
, 123
, 100
, 155
, 68
, 132
, 91
, 17
, 206
, 98
, 125
, 185
, 38
, 68
, 155
, 32
, 191
, 170
, 53
, 208
, 15
, 51
, 172
, 100
, 123
, 178
, 45
, 38
, 185
, 56
, 167
, 163
, 60
, 107
, 116
, 202
, 21
, 84
, 139
, 147
, 76
, 219
, 4
, 11
, 212
, 164
, 59
, 210
, 13
, 132
, 91
, 18
, 205
, 158
, 65
, 162
, 61
, 154
, 69
, 49
, 174
, 24
, 199
, 165
, 58
, 207
, 16
, 32
, 191
, 99
, 124
, 94
, 129
, 18
, 205
, 26
, 197
, 194
, 29
, 172
, 51
, 17
, 206
, 35
, 188
, 181
, 42
, 82
, 141
, 80
, 143
, 89
, 134
, 153
, 70
, 33
, 190
, 141
, 82
, 29
, 194
, 134
, 89
, 110
, 113
, 120
, 103
, 7
, 216
, 100
, 123
, 142
, 81
, 192
, 31
, 112
, 111
, 45
, 178
, 162
, 61
, 134
, 89
, 10
, 213
, 179
, 44
, 5
, 218
, 16
, 207
, 217
, 6
, 151
, 72
, 5
, 218
, 106
, 117
, 215
, 8
, 194
, 29
, 168
, 55
, 42
, 181
, 203
, 20
, 168
, 55
, 117
, 106
, 132
, 91
, 158
, 65
, 126
, 97
, 78
, 145
, 106
, 117
, 102
, 121
, 32
, 191
, 108
, 115
, 35
, 188
, 164
, 59
, 152
, 71
, 150
, 73
, 64
, 159
, 96
, 127
, 161
, 62
, 3
, 220
, 35
, 188
, 100
, 123
, 62
, 161
, 158
, 65
, 124
, 99
, 174
, 49
, 137
, 86
, 178
, 45
, 57
, 166
, 176
, 47
, 201
, 22
, 50
, 173
, 30
, 193
, 181
, 42
, 122
, 101
, 124
, 99
, 57
, 166
, 120
, 103
, 116
, 107
, 54
, 169
, 111
, 112
, 4
, 219
, 76
, 147
, 178
, 45
, 205
, 18
, 137
, 86
, 89
, 134
, 68
, 155
, 102
, 121
, 14
, 209
, 39
, 184
, 79
, 144
, 135
, 88
, 175
, 48
, 150
, 73
, 21
, 202
, 119
, 104
, 109
, 114
, 99
, 124
, 52
, 171
, 61
, 162
, 193
, 30
, 101
, 122
, 82
, 141
, 36
, 187
, 79
, 144
, 170
, 53
, 62
, 161
, 61
, 162
, 15
, 208
, 4
, 219
, 41
, 182
, 67
, 156
, 94
, 129
, 180
, 43
, 189
, 34
, 76
, 147
, 156
, 67
, 59
, 164
, 115
, 108
, 9
, 214
, 6
, 217
, 23
, 200
, 195
, 28
, 15
, 208
, 18
, 205
, 145
, 78
, 101
, 122
, 23
, 200
, 107
, 116
, 68
, 155
, 22
, 201
, 29
, 194
, 25
, 198
, 161
, 62
, 101
, 122
, 30
, 193
, 147
, 76
, 196
, 27
, 167
, 56
, 67
, 156
, 117
, 106
, 5
, 218
, 210
, 13
, 141
, 82
, 32
, 191
, 100
, 123
, 89
, 134
, 175
, 48
, 144
, 79
, 54
, 169
, 38
, 185
, 132
, 91
, 208
, 15
, 19
, 204
, 174
, 49
, 84
, 139
, 77
, 146
, 163
, 60
, 148
, 75
, 13
, 210
, 197
, 26
, 80
, 143
, 79
, 144
, 8
, 215
, 195
, 28
, 16
, 207
, 45
, 178
, 162
, 61
, 132
, 91
, 154
, 69
, 158
, 65
, 3
, 220
, 176
, 47
, 38
, 185
, 175
, 48
, 50
, 173
, 143
, 80
, 201
, 22
, 40
, 183
, 162
, 61
, 26
, 197
, 57
, 166
, 144
, 79
, 176
, 47
, 53
, 170
, 23
, 200
, 159
, 64
, 127
, 96
, 43
, 180
, 120
, 103
, 24
, 199
, 80
, 143
, 30
, 193
, 7
, 216
, 70
, 153
, 175
, 48
, 14
, 209
, 117
, 106
, 42
, 181
, 95
, 128
, 215
, 8
, 43
, 180
, 61
, 162
, 41
, 182
, 188
, 35
, 132
, 91
, 9
, 214
, 32
, 191
, 82
, 141
, 148
, 75
, 95
, 128
, 16
, 207
, 162
, 61
, 65
, 158
, 218
, 5
, 164
, 59
, 133
, 90
, 78
, 145
, 129
, 94
, 45
, 178
, 108
, 115
, 82
, 141
, 90
, 133
, 94
, 129
, 25
, 198
, 67
, 156
, 20
, 203
, 196
, 27
, 128
, 95
, 192
, 31
, 190
, 33
, 195
, 28
, 94
, 129
, 163
, 60
, 86
, 137
, 213
, 10
, 10
, 213
, 178
, 45
, 29
, 194
, 143
, 80
, 95
, 128
, 178
, 45
, 144
, 79
, 189
, 34
, 219
, 4
, 159
, 64
, 186
, 37
, 110
, 113
, 58
, 165
, 172
, 51
, 47
, 176
, 221
, 2
, 197
, 26
, 191
, 32
, 37
, 186
, 55
, 168
, 113
, 110
, 221
, 2
, 54
, 169
, 172
, 51
, 149
, 74
, 81
, 142
, 13
, 210
, 211
, 12
, 197
, 26
, 221
, 2
, 68
, 155
, 153
, 70
, 195
, 28
, 137
, 86
, 6
, 217
, 62
, 161
, 58
, 165
, 48
, 175
, 83
, 140
, 82
, 141
, 102
, 121
, 186
, 37
, 203
, 20
, 198
, 25
, 12
, 211
, 60
, 163
, 15
, 208
, 48
, 175
, 57
, 166
, 112
, 111
, 16
, 207
, 115
, 108
, 125
, 98
, 144
, 79
, 21
, 202
, 196
, 27
, 94
, 129
, 113
, 110
, 216
, 7
, 146
, 77
, 155
, 68
, 26
, 197
, 2
, 221
, 149
, 74
, 81
, 142
, 49
, 174
, 60
, 163
, 196
, 27
, 7
, 216
, 180
, 43
, 45
, 178
, 6
, 217
, 209
, 14
, 23
, 200
, 109
, 114
, 105
, 118
, 157
, 66
, 188
, 35
, 44
, 179
, 167
, 56
, 203
, 20
, 71
, 152
, 194
, 29
, 10
, 213
, 71
, 152
, 72
, 151
, 142
, 81
, 94
, 129
, 178
, 45
, 21
, 202
, 63
, 160
, 214
, 9
, 152
, 71
, 177
, 46
, 4
, 219
, 192
, 31
, 37
, 186
, 37
, 186
, 126
, 97
, 84
, 139
, 142
, 81
, 189
, 34
, 69
, 154
, 54
, 169
, 191
, 32
, 141
, 82
, 171
, 52
, 158
, 65
, 168
, 55
, 153
, 70
, 74
, 149
, 6
, 217
, 60
, 163
, 65
, 158
, 87
, 136
, 138
, 85
, 127
, 96
, 181
, 42
, 179
, 44
, 66
, 157
, 67
, 156
, 36
, 187
, 38
, 185
, 188
, 35
, 57
, 166
, 157
, 66
, 72
, 151
, 174
, 49
, 52
, 171
, 23
, 200
, 200
, 23
, 196
, 27
, 151
, 72
, 52
, 171
, 111
, 112
, 220
, 3
, 188
, 35
, 211
, 12
, 181
, 42
, 15
, 208
, 102
, 121
, 164
, 59
, 132
, 91
, 66
, 157
, 93
, 130
, 114
, 109
, 86
, 137
, 138
, 85
, 151
, 72
, 106
, 117
, 144
, 79
, 184
, 39
, 97
, 126
, 187
, 36
, 166
, 57
, 16
, 207
, 98
, 125
, 156
, 67
, 140
, 83
, 74
, 149
, 95
, 128
, 23
, 200
, 128
, 95
, 62
, 161
, 77
, 146
, 193
, 30
, 64
, 159
, 148
, 75
, 61
, 162
, 29
, 194
, 15
, 208
, 14
, 209
, 79
, 144
, 147
, 76
, 220
, 3
, 131
, 92
, 79
, 144
, 177
, 46
, 100
, 123
, 81
, 142
, 138
, 85
, 57
, 166
, 43
, 180
, 149
, 74
, 216
, 7
, 218
, 5
, 59
, 164
, 55
, 168
, 104
, 119
, 74
, 149
, 200
, 23
, 33
, 190
, 132
, 91
, 72
, 151
, 31
, 192
, 13
, 210
, 67
, 156
, 174
, 49
, 193
, 30
, 212
, 11
, 104
, 119
, 48
, 175
, 12
, 211
, 114
, 109
, 85
, 138
, 126
, 97
, 129
, 94
, 48
, 175
, 184
, 39
, 27
, 196
, 16
, 207
, 115
, 108
, 210
, 13
, 80
, 143
, 176
, 47
, 52
, 171
, 72
, 151
, 86
, 137
, 161
, 62
, 221
, 2
, 37
, 186
, 1
, 222
, 97
, 126
, 64
, 159
, 149
, 74
, 196
, 27
, 137
, 86
, 101
, 122
, 196
, 27
, 121
, 102
, 190
, 33
, 68
, 155
, 181
, 42
, 207
, 16
, 72
, 151
, 147
, 76
, 111
, 112
, 99
, 124
, 33
, 190
, 169
, 54
, 19
, 204
, 102
, 121
, 76
, 147
, 162
, 61
, 156
, 67
, 143
, 80
, 215
, 8
, 77
, 146
, 99
, 124
, 112
, 111
, 213
, 10
, 162
, 61
, 51
, 172
, 16
, 207
, 23
, 200
, 32
, 191
, 55
, 168
, 1
, 222
, 11
, 212
, 41
, 182
, 186
, 37
, 221
, 2
, 48
, 175
, 54
, 169
, 161
, 62
, 53
, 170
, 85
, 138
, 19
, 204
, 60
, 163
, 141
, 82
, 149
, 74
, 112
, 111
, 168
, 55
, 25
, 198
, 206
, 17
, 54
, 169
, 200
, 23
, 70
, 153
, 180
, 43
, 114
, 109
, 121
, 102
, 41
, 182
, 216
, 7
, 117
, 106
, 48
, 175
, 198
, 25
, 192
, 31
, 14
, 209
, 99
, 124
, 184
, 39
, 42
, 181
, 4
, 219
, 7
, 216
, 30
, 193
, 52
, 171
, 157
, 66
, 10
, 213
, 129
, 94
, 154
, 69
, 165
, 58
, 150
, 73
, 38
, 185
, 164
, 59
, 120
, 103
, 89
, 134
, 161
, 62
, 116
, 107
, 202
, 21
, 72
, 151
, 172
, 51
, 199
, 24
, 13
, 210
, 47
, 176
, 149
, 74
, 106
, 117
, 202
, 21
, 89
, 134
, 202
, 21
, 93
, 130
, 205
, 18
, 89
, 134
, 165
, 58
, 129
, 94
, 213
, 10
, 173
, 50
, 52
, 171
, 148
, 75
, 44
, 179
, 181
, 42
, 132
, 91
, 50
, 173
, 167
, 56
, 101
, 122
, 88
, 135
, 163
, 60
, 209
, 14
, 86
, 137
, 173
, 50
, 87
, 136
, 48
, 175
, 2
, 221
, 113
, 110
, 5
, 218
, 7
, 216
, 134
, 89
, 51
, 172
, 89
, 134
, 206
, 17
, 179
, 44
, 152
, 71
, 93
, 130
, 101
, 122
, 185
, 38
, 58
, 165
, 3
, 220
, 125
, 98
, 164
, 59
, 128
, 95
, 11
, 212
, 19
, 204
, 103
, 120
, 193
, 30
, 187
, 36
, 34
, 189
, 165
, 58
, 54
, 169
, 69
, 154
, 28
, 195
, 142
, 81
, 210
, 13
, 148
, 75
, 9
, 214
, 78
, 145
, 103
, 120
, 9
, 214
, 166
, 57
, 156
, 67
, 163
, 60
, 40
, 183
, 112
, 111
, 133
, 90
, 125
, 98
, 64
, 159
, 71
, 152
, 145
, 78
, 21
, 202
, 160
, 63
, 184
, 39
, 219
, 4
, 165
, 58
, 182
, 41
, 33
, 190
, 188
, 35
, 207
, 16
, 106
, 117
, 35
, 188
, 43
, 180
, 104
, 119
, 215
, 8
, 105
, 118
, 74
, 149
, 31
, 192
, 121
, 102
, 60
, 163
, 76
, 147
, 195
, 28
, 85
, 138
, 20
, 203
, 169
, 54
, 92
, 131
, 173
, 50
, 45
, 178
, 88
, 135
, 124
, 99
, 30
, 193
, 127
, 96
, 34
, 189
, 170
, 53
, 55
, 168
, 92
, 131
, 150
, 73
, 166
, 57
, 203
, 20
, 176
, 47
, 48
, 175
, 172
, 51
, 4
, 219
, 45
, 178
, 49
, 174
, 174
, 49
, 5
, 218
, 147
, 76
, 129
, 94
, 168
, 55
, 110
, 113
, 200
, 23
, 202
, 21
, 172
, 51
, 52
, 171
, 128
, 95
, 21
, 202
, 46
, 177
, 108
, 115
, 113
, 110
, 147
, 76
, 19
, 204
, 104
, 119
, 193
, 30
, 187
, 36
, 90
, 133
, 20
, 203
, 104
, 119
, 214
, 9
, 45
, 178
, 200
, 23
, 24
, 199
, 120
, 103
, 66
, 157
, 211
, 12
, 121
, 102
, 151
, 72
, 101
, 122
, 215
, 8
, 53
, 170
, 88
, 135
, 216
, 7
, 205
, 18
, 137
, 86
, 47
, 176
, 2
, 221
, 194
, 29
, 122
, 101
, 187
, 36
, 127
, 96
, 145
, 78
, 94
, 129
, 142
, 81
, 82
, 141
, 179
, 44
, 2
, 221
, 216
, 7
, 125
, 98
, 71
, 152
, 163
, 60
, 48
, 175
, 4
, 219
, 169
, 54
, 14
, 209
, 215
, 8
, 51
, 172
, 83
, 140
, 154
, 69
, 57
, 166
, 76
, 147
, 215
, 8
, 197
, 26
, 200
, 23
, 13
, 210
, 84
, 139
, 33
, 190
, 74
, 149
, 37
, 186
, 65
, 158
, 185
, 38
, 166
, 57
, 201
, 22
, 167
, 56
, 216
, 7
, 22
, 201
, 163
, 60
, 79
, 144
, 67
, 156
, 69
, 154
, 17
, 206
, 137
, 86
, 163
, 60
, 70
, 153
, 9
, 214
, 86
, 137
, 41
, 182
, 138
, 85
, 102
, 121
, 188
, 35
, 89
, 134
, 95
, 128
, 84
, 139
, 207
, 16
, 96
, 127
, 115
, 108
, 136
, 87
, 178
, 45
, 84
, 139
, 3
, 220
, 146
, 77
, 134
, 89
, 40
, 183
, 204
, 19
, 205
, 18
, 219
, 4
, 143
, 80
, 126
, 97
, 8
, 215
, 104
, 119
, 163
, 60
, 160
, 63
, 62
, 161
, 185
, 38
, 40
, 183
, 100
, 123
, 220
, 3
, 208
, 15
, 100
, 123
, 67
, 156
, 56
, 167
, 141
, 82
, 71
, 152
, 37
, 186
, 160
, 63
, 66
, 157
, 23
, 200
, 88
, 135
, 105
, 118
, 151
, 72
, 202
, 21
, 221
, 2
, 58
, 165
, 195
, 28
, 72
, 151
, 209
, 14
, 148
, 75
, 211
, 12
, 159
, 64
, 142
, 81
, 62
, 161
, 165
, 58
, 36
, 187
, 184
, 39
, 9
, 214
, 154
, 69
, 53
, 170
, 63
, 160
, 192
, 31
, 45
, 178
, 218
, 5
, 127
, 96
, 128
, 95
, 137
, 86
, 178
, 45
, 205
, 18
, 107
, 116
, 196
, 27
, 36
, 187
, 142
, 81
, 102
, 121
, 10
, 213
, 38
, 185
, 119
, 104
, 31
, 192
, 162
, 61
, 36
, 187
, 39
, 184
, 214
, 9
, 172
, 51
, 201
, 22
, 29
, 194
, 79
, 144
, 61
, 162
, 105
, 118
, 179
, 44
, 112
, 111
, 83
, 140
, 176
, 47
, 48
, 175
, 33
, 190
, 75
, 148
, 63
, 160
, 32
, 191
, 185
, 38
, 198
, 25
, 131
, 92
, 86
, 137
, 206
, 17
, 193
, 30
, 9
, 214
, 89
, 134
, 186
, 37
, 215
, 8
, 207
, 16
, 135
, 88
, 67
, 156
, 1
, 222
, 61
, 162
, 15
, 208
, 95
, 128
, 97
, 126
, 218
, 5
, 165
, 58
, 206
, 17
, 79
, 144
, 87
, 136
, 45
, 178
, 23
, 200
, 202
, 21
, 50
, 173
, 216
, 7
, 23
, 200
, 184
, 39
, 81
, 142
, 194
, 29
, 116
, 107
, 39
, 184
, 109
, 114
, 210
, 13
, 110
, 113
, 82
, 141
, 16
, 207
, 110
, 113
, 143
, 80
, 98
, 125
, 39
, 184
, 4
, 219
, 183
, 40
, 163
, 60
, 17
, 206
, 26
, 197
, 58
, 165
, 156
, 67
, 148
, 75
, 201
, 22
, 63
, 160
, 102
, 121
, 107
, 116
, 31
, 192
, 211
, 12
, 44
, 179
, 106
, 117
, 153
, 70
, 203
, 20
, 98
, 125
, 31
, 192
, 109
, 114
, 32
, 191
, 70
, 153
, 164
, 59
, 52
, 171
, 106
, 117
, 161
, 62
, 146
, 77
, 95
, 128
, 19
, 204
, 174
, 49
, 55
, 168
, 209
, 14
, 82
, 141
, 33
, 190
, 150
, 73
, 37
, 186
, 56
, 167
, 107
, 116
, 118
, 105
, 31
, 192
, 170
, 53
, 34
, 189
, 16
, 207
, 61
, 162
, 19
, 204
, 170
, 53
, 5
, 218
, 72
, 151
, 44
, 179
, 197
, 26
, 121
, 102
, 1
, 222
, 216
, 7
, 18
, 205
, 92
, 131
, 186
, 37
, 180
, 43
, 37
, 186
, 92
, 131
, 49
, 174
, 201
, 22
, 99
, 124
, 99
, 124
, 138
, 85
, 141
, 82
, 83
, 140
, 192
, 31
, 18
, 205
, 215
, 8
, 219
, 4
, 49
, 174
, 184
, 39
, 16
, 207
, 144
, 79
, 53
, 170
, 139
, 84
, 217
, 6
, 169
, 54
, 76
, 147
, 138
, 85
, 166
, 57
, 145
, 78
, 188
, 35
, 122
, 101
, 183
, 40
, 112
, 111
, 57
, 166
, 28
, 195
, 43
, 180
, 15
, 208
, 174
, 49
, 38
, 185
, 211
, 12
, 86
, 137
, 196
, 27
, 10
, 213
, 20
, 203
, 200
, 23
, 76
, 147
, 80
, 143
, 177
, 46
, 184
, 39
, 185
, 38
, 121
, 102
, 67
, 156
, 101
, 122
, 193
, 30
, 108
, 115
, 122
, 101
, 196
, 27
, 12
, 211
, 202
, 21
, 36
, 187
, 140
, 83
, 105
, 118
, 66
, 157
, 204
, 19
, 77
, 146
, 20
, 203
, 126
, 97
, 145
, 78
, 191
, 32
, 32
, 191
, 15
, 208
, 72
, 151
, 55
, 168
, 5
, 218
, 123
, 100
, 30
, 193
, 193
, 30
, 125
, 98
, 105
, 118
, 118
, 105
, 37
, 186
, 74
, 149
, 104
, 119
, 152
, 71
, 169
, 54
, 141
, 82
, 99
, 124
, 71
, 152
, 215
, 8
, 218
, 5
, 2
, 221
, 19
, 204
, 217
, 6
, 137
, 86
, 158
, 65
, 175
, 48
, 149
, 74
, 112
, 111
, 13
, 210
, 38
, 185
, 2
, 221
, 158
, 65
, 152
, 71
, 111
, 112
, 119
, 104
, 211
, 12
, 68
, 155
, 198
, 25
, 147
, 76
, 176
, 47
, 155
, 68
, 170
, 53
, 22
, 201
, 62
, 161
, 159
, 64
, 185
, 38
, 124
, 99
, 152
, 71
, 4
, 219
, 177
, 46
, 169
, 54
, 142
, 81
, 95
, 128
, 13
, 210
, 220
, 3
, 76
, 147
, 158
, 65
, 118
, 105
, 37
, 186
, 174
, 49
, 108
, 115
, 152
, 71
, 1
, 222
, 145
, 78
, 135
, 88
, 136
, 87
, 60
, 163
, 156
, 67
, 212
, 11
, 74
, 149
, 12
, 211
, 87
, 136
, 51
, 172
, 100
, 123
, 80
, 143
, 153
, 70
, 80
, 143
, 76
, 147
, 30
, 193
, 212
, 11
, 85
, 138
, 58
, 165
, 100
, 123
, 42
, 181
, 174
, 49
, 104
, 119
, 197
, 26
, 43
, 180
, 3
, 220
, 57
, 166
, 61
, 162
, 207
, 16
, 219
, 4
, 92
, 131
, 134
, 89
, 194
, 29
, 66
, 157
, 99
, 124
, 190
, 33
, 200
, 23
, 38
, 185
, 89
, 134
, 208
, 15
, 36
, 187
, 57
, 166
, 116
, 107
, 172
, 51
, 195
, 28
, 127
, 96
, 205
, 18
, 144
, 79
, 170
, 53
, 138
, 85
, 197
, 26
, 79
, 144
, 209
, 14
, 136
, 87
, 84
, 139
, 106
, 117
, 36
, 187
, 69
, 154
, 119
, 104
, 121
, 102
, 76
, 147
, 216
, 7
, 215
, 8
, 200
, 23
, 92
, 131
, 2
, 221
, 219
, 4
, 220
, 3
, 23
, 200
, 115
, 108
, 106
, 117
, 87
, 136
, 113
, 110
, 168
, 55
, 186
, 37
, 167
, 56
, 46
, 177
, 72
, 151
, 218
, 5
, 10
, 213
, 198
, 25
, 101
, 122
, 191
, 32
, 215
, 8
, 32
, 191
, 132
, 91
, 109
, 114
, 215
, 8
, 125
, 98
, 194
, 29
, 149
, 74
, 185
, 38
, 89
, 134
, 195
, 28
, 120
, 103
, 92
, 131
, 71
, 152
, 72
, 151
, 137
, 86
, 124
, 99
, 202
, 21
, 11
, 212
, 162
, 61
, 10
, 213
, 78
, 145
, 188
, 35
, 106
, 117
, 141
, 82
, 219
, 4
, 1
, 222
, 117
, 106
, 15
, 208
, 65
, 158
, 46
, 177
, 14
, 209
, 56
, 167
, 90
, 133
, 13
, 210
, 69
, 154
, 53
, 170
, 63
, 160
, 56
, 167
, 151
, 72
, 170
, 53
, 9
, 214
, 78
, 145
, 130
, 93
, 14
, 209
, 131
, 92
, 114
, 109
, 121
, 102
, 54
, 169
, 94
, 129
, 86
, 137
, 200
, 23
, 128
, 95
, 142
, 81
, 64
, 159
, 22
, 201
, 214
, 9
, 10
, 213
, 149
, 74
, 66
, 157
, 87
, 136
, 176
, 47
, 201
, 22
, 89
, 134
, 180
, 43
, 42
, 181
, 1
, 222
, 75
, 148
, 142
, 81
, 145
, 78
, 221
, 2
, 92
, 131
, 97
, 126
, 136
, 87
, 111
, 112
, 131
, 92
, 81
, 142
, 202
, 21
, 188
, 35
, 158
, 65
, 67
, 156
, 186
, 37
, 130
, 93
, 201
, 22
, 140
, 83
, 136
, 87
, 73
, 150
, 39
, 184
, 177
, 46
, 174
, 49
, 135
, 88
, 18
, 205
, 35
, 188
, 180
, 43
, 189
, 34
, 50
, 173
, 208
, 15
, 165
, 58
, 159
, 64
, 107
, 116
, 191
, 32
, 168
, 55
, 73
, 150
, 33
, 190
, 72
, 151
, 20
, 203
, 71
, 152
, 206
, 17
, 4
, 219
, 105
, 118
, 30
, 193
, 43
, 180
, 50
, 173
, 96
, 127
, 96
, 127
, 192
, 31
, 51
, 172
, 76
, 147
, 150
, 73
, 25
, 198
, 164
, 59
, 22
, 201
, 132
, 91
, 196
, 27
, 164
, 59
, 203
, 20
, 211
, 12
, 218
, 5
, 69
, 154
, 56
, 167
, 91
, 132
, 41
, 182
, 55
, 168
, 206
, 17
, 175
, 48
, 204
, 19
, 140
, 83
, 188
, 35
, 12
, 211
, 201
, 22
, 82
, 141
, 212
, 11
, 12
, 211
, 141
, 82
, 202
, 21
, 115
, 108
, 143
, 80
, 7
, 216
, 22
, 201
, 181
, 42
, 178
, 45
, 1
, 222
, 154
, 69
, 214
, 9
, 52
, 171
, 172
, 51
, 129
, 94
, 21
, 202
, 18
, 205
, 98
, 125
, 21
, 202
, 3
, 220
, 188
, 35
, 106
, 117
, 110
, 113
, 117
, 106
, 141
, 82
, 34
, 189
, 85
, 138
, 192
, 31
, 177
, 46
, 157
, 66
, 13
, 210
, 64
, 159
, 112
, 111
, 179
, 44
, 111
, 112
, 213
, 10
, 182
, 41
, 62
, 161
, 137
, 86
, 36
, 187
, 140
, 83
, 56
, 167
, 27
, 196
, 9
, 214
, 113
, 110
, 80
, 143
, 58
, 165
, 121
, 102
, 71
, 152
, 84
, 139
, 172
, 51
, 91
, 132
, 49
, 174
, 12
, 211
, 102
, 121
, 16
, 207
, 103
, 120
, 165
, 58
, 145
, 78
, 44
, 179
, 171
, 52
, 78
, 145
, 150
, 73
, 216
, 7
, 84
, 139
, 134
, 89
, 211
, 12
, 159
, 64
, 182
, 41
, 113
, 110
, 63
, 160
, 95
, 128
, 64
, 159
, 169
, 54
, 42
, 181
, 201
, 22
, 123
, 100
, 135
, 88
, 73
, 150
, 115
, 108
, 189
, 34
, 199
, 24
, 102
, 121
, 134
, 89
, 33
, 190
, 23
, 200
, 5
, 218
, 20
, 203
, 40
, 183
, 121
, 102
, 111
, 112
, 83
, 140
, 144
, 79
, 143
, 80
, 74
, 149
, 3
, 220
, 119
, 104
, 86
, 137
, 164
, 59
, 210
, 13
, 27
, 196
, 20
, 203
, 81
, 142
, 163
, 60
, 144
, 79
, 201
, 22
, 165
, 58
, 108
, 115
, 73
, 150
, 77
, 146
, 136
, 87
, 150
, 73
, 1
, 222
, 3
, 220
, 76
, 147
, 116
, 107
, 177
, 46
, 212
, 11
, 101
, 122
, 34
, 189
, 109
, 114
, 95
, 128
, 216
, 7
, 182
, 41
, 48
, 175
, 53
, 170
, 50
, 173
, 154
, 69
, 162
, 61
, 64
, 159
, 124
, 99
, 155
, 68
, 125
, 98
, 117
, 106
, 77
, 146
, 67
, 156
, 107
, 116
, 158
, 65
, 122
, 101
, 176
, 47
, 213
, 10
, 220
, 3
, 11
, 212
, 25
, 198
, 206
, 17
