
2400
, 109
, 60
, 71
, 98
, 23
, 146
, 131
, 38
, 131
, 38
, 30
, 139
, 33
, 136
, 24
, 145
, 51
, 118
, 150
, 19
, 35
, 134
, 65
, 104
, 59
, 110
, 37
, 132
, 31
, 138
, 83
, 86
, 83
, 86
, 18
, 151
, 28
, 141
, 16
, 153
, 21
, 148
, 82
, 87
, 65
, 104
, 49
, 120
, 9
, 160
, 67
, 102
, 158
, 11
, 162
, 7
, 102
, 67
, 143
, 26
, 140
, 29
, 167
, 2
, 81
, 88
, 159
, 10
, 39
, 130
, 72
, 97
, 73
, 96
, 61
, 108
, 96
, 73
, 125
, 44
, 141
, 28
, 92
, 77
, 118
, 51
, 165
, 4
, 105
, 64
, 85
, 84
, 138
, 31
, 89
, 80
, 20
, 149
, 22
, 147
, 123
, 46
, 120
, 49
, 45
, 124
, 23
, 146
, 19
, 150
, 61
, 108
, 76
, 93
, 99
, 70
, 65
, 104
, 128
, 41
, 123
, 46
, 52
, 117
, 51
, 118
, 93
, 76
, 99
, 70
, 28
, 141
, 15
, 154
, 58
, 111
, 47
, 122
, 27
, 142
, 5
, 164
, 162
, 7
, 34
, 135
, 125
, 44
, 94
, 75
, 50
, 119
, 48
, 121
, 60
, 109
, 17
, 152
, 83
, 86
, 145
, 24
, 2
, 167
, 132
, 37
, 41
, 128
, 105
, 64
, 3
, 166
, 40
, 129
, 27
, 142
, 89
, 80
, 144
, 25
, 137
, 32
, 7
, 162
, 164
, 5
, 158
, 11
, 6
, 163
, 158
, 11
, 79
, 90
, 119
, 50
, 52
, 117
, 47
, 122
, 155
, 14
, 28
, 141
, 147
, 22
, 132
, 37
, 107
, 62
, 145
, 24
, 147
, 22
, 73
, 96
, 1
, 168
, 104
, 65
, 137
, 32
, 33
, 136
, 128
, 41
, 138
, 31
, 159
, 10
, 130
, 39
, 104
, 65
, 121
, 48
, 31
, 138
, 2
, 167
, 23
, 146
, 75
, 94
, 22
, 147
, 60
, 109
, 32
, 137
, 53
, 116
, 82
, 87
, 54
, 115
, 126
, 43
, 159
, 10
, 129
, 40
, 96
, 73
, 129
, 40
, 63
, 106
, 8
, 161
, 102
, 67
, 141
, 28
, 97
, 72
, 137
, 32
, 94
, 75
, 53
, 116
, 25
, 144
, 162
, 7
, 54
, 115
, 8
, 161
, 123
, 46
, 94
, 75
, 115
, 54
, 147
, 22
, 116
, 53
, 147
, 22
, 114
, 55
, 94
, 75
, 82
, 87
, 94
, 75
, 158
, 11
, 42
, 127
, 26
, 143
, 106
, 63
, 119
, 50
, 48
, 121
, 31
, 138
, 71
, 98
, 3
, 166
, 146
, 23
, 113
, 56
, 34
, 135
, 4
, 165
, 67
, 102
, 125
, 44
, 158
, 11
, 109
, 60
, 100
, 69
, 46
, 123
, 50
, 119
, 151
, 18
, 52
, 117
, 153
, 16
, 114
, 55
, 8
, 161
, 113
, 56
, 136
, 33
, 89
, 80
, 6
, 163
, 125
, 44
, 53
, 116
, 78
, 91
, 40
, 129
, 66
, 103
, 65
, 104
, 131
, 38
, 34
, 135
, 130
, 39
, 108
, 61
, 112
, 57
, 56
, 113
, 31
, 138
, 35
, 134
, 156
, 13
, 142
, 27
, 24
, 145
, 127
, 42
, 84
, 85
, 66
, 103
, 137
, 32
, 142
, 27
, 111
, 58
, 121
, 48
, 3
, 166
, 131
, 38
, 85
, 84
, 90
, 79
, 47
, 122
, 61
, 108
, 4
, 165
, 93
, 76
, 72
, 97
, 42
, 127
, 129
, 40
, 65
, 104
, 70
, 99
, 90
, 79
, 48
, 121
, 132
, 37
, 101
, 68
, 92
, 77
, 41
, 128
, 70
, 99
, 39
, 130
, 38
, 131
, 60
, 109
, 30
, 139
, 50
, 119
, 150
, 19
, 58
, 111
, 49
, 120
, 163
, 6
, 142
, 27
, 143
, 26
, 102
, 67
, 151
, 18
, 158
, 11
, 55
, 114
, 23
, 146
, 43
, 126
, 1
, 168
, 109
, 60
, 122
, 47
, 121
, 48
, 131
, 38
, 15
, 154
, 48
, 121
, 73
, 96
, 45
, 124
, 61
, 108
, 147
, 22
, 126
, 43
, 109
, 60
, 33
, 136
, 51
, 118
, 87
, 82
, 101
, 68
, 37
, 132
, 88
, 81
, 143
, 26
, 69
, 100
, 92
, 77
, 83
, 86
, 115
, 54
, 18
, 151
, 91
, 78
, 90
, 79
, 30
, 139
, 118
, 51
, 45
, 124
, 22
, 147
, 151
, 18
, 25
, 144
, 166
, 3
, 64
, 105
, 129
, 40
, 138
, 31
, 37
, 132
, 15
, 154
, 2
, 167
, 7
, 162
, 59
, 110
, 156
, 13
, 13
, 156
, 75
, 94
, 154
, 15
, 67
, 102
, 113
, 56
, 9
, 160
, 138
, 31
, 11
, 158
, 79
, 90
, 102
, 67
, 167
, 2
, 96
, 73
, 124
, 45
, 156
, 13
, 46
, 123
, 75
, 94
, 117
, 52
, 31
, 138
, 6
, 163
, 32
, 137
, 147
, 22
, 143
, 26
, 117
, 52
, 91
, 78
, 33
, 136
, 142
, 27
, 166
, 3
, 35
, 134
, 110
, 59
, 45
, 124
, 28
, 141
, 23
, 146
, 35
, 134
, 102
, 67
, 26
, 143
, 33
, 136
, 71
, 98
, 5
, 164
, 72
, 97
, 47
, 122
, 142
, 27
, 124
, 45
, 123
, 46
, 29
, 140
, 45
, 124
, 53
, 116
, 95
, 74
, 112
, 57
, 40
, 129
, 54
, 115
, 82
, 87
, 95
, 74
, 51
, 118
, 128
, 41
, 16
, 153
, 68
, 101
, 91
, 78
, 138
, 31
, 22
, 147
, 125
, 44
, 101
, 68
, 19
, 150
, 3
, 166
, 113
, 56
, 71
, 98
, 107
, 62
, 124
, 45
, 86
, 83
, 24
, 145
, 84
, 85
, 101
, 68
, 87
, 82
, 143
, 26
, 56
, 113
, 98
, 71
, 104
, 65
, 157
, 12
, 34
, 135
, 149
, 20
, 91
, 78
, 60
, 109
, 56
, 113
, 128
, 41
, 13
, 156
, 11
, 158
, 80
, 89
, 98
, 71
, 123
, 46
, 122
, 47
, 18
, 151
, 158
, 11
, 12
, 157
, 54
, 115
, 143
, 26
, 2
, 167
, 11
, 158
, 9
, 160
, 5
, 164
, 20
, 149
, 24
, 145
, 98
, 71
, 44
, 125
, 39
, 130
, 83
, 86
, 155
, 14
, 157
, 12
, 63
, 106
, 56
, 113
, 107
, 62
, 89
, 80
, 163
, 6
, 74
, 95
, 61
, 108
, 32
, 137
, 104
, 65
, 86
, 83
, 121
, 48
, 129
, 40
, 34
, 135
, 138
, 31
, 21
, 148
, 153
, 16
, 32
, 137
, 17
, 152
, 25
, 144
, 131
, 38
, 136
, 33
, 2
, 167
, 145
, 24
, 23
, 146
, 71
, 98
, 56
, 113
, 99
, 70
, 37
, 132
, 1
, 168
, 27
, 142
, 144
, 25
, 64
, 105
, 106
, 63
, 1
, 168
, 13
, 156
, 156
, 13
, 30
, 139
, 112
, 57
, 22
, 147
, 123
, 46
, 5
, 164
, 138
, 31
, 148
, 21
, 52
, 117
, 7
, 162
, 85
, 84
, 131
, 38
, 108
, 61
, 122
, 47
, 38
, 131
, 26
, 143
, 58
, 111
, 63
, 106
, 121
, 48
, 139
, 30
, 41
, 128
, 55
, 114
, 64
, 105
, 45
, 124
, 95
, 74
, 163
, 6
, 154
, 15
, 143
, 26
, 167
, 2
, 158
, 11
, 104
, 65
, 2
, 167
, 65
, 104
, 59
, 110
, 136
, 33
, 124
, 45
, 145
, 24
, 97
, 72
, 142
, 27
, 105
, 64
, 163
, 6
, 97
, 72
, 35
, 134
, 45
, 124
, 125
, 44
, 54
, 115
, 121
, 48
, 157
, 12
, 106
, 63
, 53
, 116
, 127
, 42
, 81
, 88
, 73
, 96
, 156
, 13
, 121
, 48
, 113
, 56
, 114
, 55
, 107
, 62
, 107
, 62
, 8
, 161
, 128
, 41
, 66
, 103
, 11
, 158
, 52
, 117
, 140
, 29
, 90
, 79
, 56
, 113
, 9
, 160
, 100
, 69
, 134
, 35
, 109
, 60
, 107
, 62
, 164
, 5
, 141
, 28
, 65
, 104
, 62
, 107
, 162
, 7
, 12
, 157
, 147
, 22
, 38
, 131
, 23
, 146
, 16
, 153
, 80
, 89
, 150
, 19
, 99
, 70
, 54
, 115
, 131
, 38
, 33
, 136
, 46
, 123
, 165
, 4
, 116
, 53
, 96
, 73
, 71
, 98
, 10
, 159
, 134
, 35
, 9
, 160
, 40
, 129
, 60
, 109
, 16
, 153
, 107
, 62
, 70
, 99
, 28
, 141
, 34
, 135
, 15
, 154
, 76
, 93
, 84
, 85
, 47
, 122
, 105
, 64
, 97
, 72
, 121
, 48
, 136
, 33
, 136
, 33
, 117
, 52
, 167
, 2
, 140
, 29
, 31
, 138
, 154
, 15
, 27
, 142
, 14
, 155
, 118
, 51
, 1
, 168
, 50
, 119
, 14
, 155
, 156
, 13
, 87
, 82
, 131
, 38
, 38
, 131
, 77
, 92
, 42
, 127
, 148
, 21
, 155
, 14
, 23
, 146
, 57
, 112
, 93
, 76
, 88
, 81
, 90
, 79
, 36
, 133
, 56
, 113
, 139
, 30
, 9
, 160
, 87
, 82
, 10
, 159
, 73
, 96
, 4
, 165
, 7
, 162
, 12
, 157
, 60
, 109
, 123
, 46
, 159
, 10
, 1
, 168
, 55
, 114
, 7
, 162
, 136
, 33
, 59
, 110
, 32
, 137
, 20
, 149
, 164
, 5
, 7
, 162
, 33
, 136
, 23
, 146
, 10
, 159
, 157
, 12
, 147
, 22
, 21
, 148
, 139
, 30
, 164
, 5
, 6
, 163
, 24
, 145
, 89
, 80
, 122
, 47
, 137
, 32
, 72
, 97
, 46
, 123
, 128
, 41
, 105
, 64
, 121
, 48
, 144
, 25
, 162
, 7
, 1
, 168
, 89
, 80
, 95
, 74
, 90
, 79
, 131
, 38
, 156
, 13
, 124
, 45
, 5
, 164
, 120
, 49
, 19
, 150
, 17
, 152
, 85
, 84
, 125
, 44
, 166
, 3
, 60
, 109
, 164
, 5
, 148
, 21
, 36
, 133
, 14
, 155
, 164
, 5
, 166
, 3
, 124
, 45
, 156
, 13
, 51
, 118
, 8
, 161
, 140
, 29
, 161
, 8
, 70
, 99
, 101
, 68
, 167
, 2
, 93
, 76
, 75
, 94
, 46
, 123
, 52
, 117
, 111
, 58
, 98
, 71
, 139
, 30
, 124
, 45
, 100
, 69
, 5
, 164
, 142
, 27
, 62
, 107
, 151
, 18
, 86
, 83
, 24
, 145
, 80
, 89
, 10
, 159
, 66
, 103
, 91
, 78
, 101
, 68
, 13
, 156
, 63
, 106
, 52
, 117
, 61
, 108
, 18
, 151
, 10
, 159
, 20
, 149
, 39
, 130
, 107
, 62
, 147
, 22
, 91
, 78
, 56
, 113
, 164
, 5
, 8
, 161
, 68
, 101
, 16
, 153
, 155
, 14
, 62
, 107
, 44
, 125
, 163
, 6
, 117
, 52
, 32
, 137
, 27
, 142
, 139
, 30
, 14
, 155
, 159
, 10
, 139
, 30
, 89
, 80
, 151
, 18
, 102
, 67
, 80
, 89
, 66
, 103
, 20
, 149
, 138
, 31
, 89
, 80
, 158
, 11
, 25
, 144
, 103
, 66
, 133
, 36
, 148
, 21
, 144
, 25
, 34
, 135
, 32
, 137
, 157
, 12
, 5
, 164
, 81
, 88
, 8
, 161
, 126
, 43
, 75
, 94
, 22
, 147
, 116
, 53
, 39
, 130
, 120
, 49
, 95
, 74
, 98
, 71
, 26
, 143
, 157
, 12
, 152
, 17
, 138
, 31
, 43
, 126
, 63
, 106
, 109
, 60
, 144
, 25
, 128
, 41
, 51
, 118
, 30
, 139
, 55
, 114
, 38
, 131
, 6
, 163
, 44
, 125
, 25
, 144
, 12
, 157
, 134
, 35
, 84
, 85
, 151
, 18
, 66
, 103
, 110
, 59
, 155
, 14
, 23
, 146
, 50
, 119
, 25
, 144
, 36
, 133
, 15
, 154
, 28
, 141
, 167
, 2
, 61
, 108
, 19
, 150
, 127
, 42
, 67
, 102
, 109
, 60
, 45
, 124
, 106
, 63
, 54
, 115
, 60
, 109
, 26
, 143
, 73
, 96
, 157
, 12
, 139
, 30
, 144
, 25
, 114
, 55
, 114
, 55
, 12
, 157
, 126
, 43
, 45
, 124
, 93
, 76
, 167
, 2
, 16
, 153
, 98
, 71
, 80
, 89
, 74
, 95
, 130
, 39
, 76
, 93
, 72
, 97
, 29
, 140
, 58
, 111
, 38
, 131
, 94
, 75
, 108
, 61
, 104
, 65
, 17
, 152
, 27
, 142
, 38
, 131
, 63
, 106
, 140
, 29
, 130
, 39
, 156
, 13
, 36
, 133
, 154
, 15
, 151
, 18
, 46
, 123
, 101
, 68
, 99
, 70
, 133
, 36
, 95
, 74
, 80
, 89
, 143
, 26
, 6
, 163
, 56
, 113
, 131
, 38
, 130
, 39
, 110
, 59
, 117
, 52
, 21
, 148
, 94
, 75
, 34
, 135
, 130
, 39
, 40
, 129
, 75
, 94
, 140
, 29
, 152
, 17
, 95
, 74
, 167
, 2
, 40
, 129
, 124
, 45
, 146
, 23
, 7
, 162
, 127
, 42
, 87
, 82
, 78
, 91
, 33
, 136
, 76
, 93
, 60
, 109
, 11
, 158
, 28
, 141
, 157
, 12
, 21
, 148
, 52
, 117
, 78
, 91
, 16
, 153
, 114
, 55
, 41
, 128
, 46
, 123
, 85
, 84
, 161
, 8
, 148
, 21
, 129
, 40
, 30
, 139
, 101
, 68
, 12
, 157
, 104
, 65
, 25
, 144
, 49
, 120
, 117
, 52
, 137
, 32
, 109
, 60
, 100
, 69
, 21
, 148
, 47
, 122
, 104
, 65
, 13
, 156
, 24
, 145
, 155
, 14
, 36
, 133
, 46
, 123
, 22
, 147
, 32
, 137
, 112
, 57
, 104
, 65
, 18
, 151
, 129
, 40
, 112
, 57
, 92
, 77
, 138
, 31
, 73
, 96
, 90
, 79
, 115
, 54
, 154
, 15
, 150
, 19
, 146
, 23
, 84
, 85
, 164
, 5
, 118
, 51
, 95
, 74
, 76
, 93
, 155
, 14
, 73
, 96
, 78
, 91
, 123
, 46
, 167
, 2
, 154
, 15
, 37
, 132
, 159
, 10
, 7
, 162
, 95
, 74
, 145
, 24
, 84
, 85
, 125
, 44
, 141
, 28
, 155
, 14
, 55
, 114
, 141
, 28
, 148
, 21
, 65
, 104
, 119
, 50
, 38
, 131
, 125
, 44
, 165
, 4
, 2
, 167
, 122
, 47
, 16
, 153
, 62
, 107
, 23
, 146
, 2
, 167
, 64
, 105
, 14
, 155
, 119
, 50
, 74
, 95
, 92
, 77
, 26
, 143
, 129
, 40
, 14
, 155
, 104
, 65
, 83
, 86
, 22
, 147
, 110
, 59
, 84
, 85
, 156
, 13
, 146
, 23
, 94
, 75
, 73
, 96
, 145
, 24
, 141
, 28
, 40
, 129
, 139
, 30
, 105
, 64
, 50
, 119
, 59
, 110
, 84
, 85
, 113
, 56
, 78
, 91
, 161
, 8
, 41
, 128
, 54
, 115
, 109
, 60
, 151
, 18
, 27
, 142
, 5
, 164
, 90
, 79
, 142
, 27
, 101
, 68
, 26
, 143
, 63
, 106
, 119
, 50
, 27
, 142
, 21
, 148
, 37
, 132
, 36
, 133
, 105
, 64
, 107
, 62
, 76
, 93
, 80
, 89
, 93
, 76
, 130
, 39
, 114
, 55
, 144
, 25
, 142
, 27
, 116
, 53
, 114
, 55
, 10
, 159
, 24
, 145
, 165
, 4
, 81
, 88
, 30
, 139
, 96
, 73
, 94
, 75
, 88
, 81
, 23
, 146
, 161
, 8
, 70
, 99
, 33
, 136
, 147
, 22
, 49
, 120
, 112
, 57
, 167
, 2
, 52
, 117
, 167
, 2
, 1
, 168
, 149
, 20
, 11
, 158
, 53
, 116
, 140
, 29
, 50
, 119
, 111
, 58
, 101
, 68
, 137
, 32
, 165
, 4
, 109
, 60
, 162
, 7
, 152
, 17
, 39
, 130
, 128
, 41
, 136
, 33
, 138
, 31
, 114
, 55
, 121
, 48
, 78
, 91
, 52
, 117
, 73
, 96
, 59
, 110
, 43
, 126
, 162
, 7
, 6
, 163
, 77
, 92
, 37
, 132
, 111
, 58
, 161
, 8
, 39
, 130
, 76
, 93
, 166
, 3
, 1
, 168
, 126
, 43
, 89
, 80
, 40
, 129
, 133
, 36
, 57
, 112
, 46
, 123
, 122
, 47
, 54
, 115
, 21
, 148
, 80
, 89
, 113
, 56
, 37
, 132
, 141
, 28
, 159
, 10
, 49
, 120
, 130
, 39
, 96
, 73
, 161
, 8
, 24
, 145
, 113
, 56
, 70
, 99
, 60
, 109
, 98
, 71
, 132
, 37
, 39
, 130
, 9
, 160
, 101
, 68
, 35
, 134
, 153
, 16
, 48
, 121
, 153
, 16
, 139
, 30
, 113
, 56
, 11
, 158
, 44
, 125
, 132
, 37
, 118
, 51
, 6
, 163
, 18
, 151
, 35
, 134
, 67
, 102
, 163
, 6
, 106
, 63
, 133
, 36
, 28
, 141
, 15
, 154
, 72
, 97
, 163
, 6
, 49
, 120
, 12
, 157
, 160
, 9
, 116
, 53
, 54
, 115
, 63
, 106
, 74
, 95
, 66
, 103
, 139
, 30
, 64
, 105
, 129
, 40
, 165
, 4
, 45
, 124
, 100
, 69
, 145
, 24
, 62
, 107
, 16
, 153
, 85
, 84
, 7
, 162
, 94
, 75
, 147
, 22
, 17
, 152
, 18
, 151
, 135
, 34
, 35
, 134
, 23
, 146
, 16
, 153
, 134
, 35
, 143
, 26
, 11
, 158
, 57
, 112
, 112
, 57
, 39
, 130
, 158
, 11
, 130
, 39
, 154
, 15
, 2
, 167
, 49
, 120
, 63
, 106
, 93
, 76
, 10
, 159
, 97
, 72
, 60
, 109
, 92
, 77
, 135
, 34
, 155
, 14
, 109
, 60
, 75
, 94
, 42
, 127
, 34
, 135
, 19
, 150
, 132
, 37
, 113
, 56
, 25
, 144
, 140
, 29
, 101
, 68
, 22
, 147
, 24
, 145
, 46
, 123
, 114
, 55
, 90
, 79
, 123
, 46
, 59
, 110
, 102
, 67
, 32
, 137
, 99
, 70
, 47
, 122
, 101
, 68
, 26
, 143
, 80
, 89
, 97
, 72
, 107
, 62
, 162
, 7
, 69
, 100
, 114
, 55
, 149
, 20
, 28
, 141
, 16
, 153
, 133
, 36
, 10
, 159
, 92
, 77
, 146
, 23
, 165
, 4
, 10
, 159
, 94
, 75
, 143
, 26
, 113
, 56
, 2
, 167
, 119
, 50
, 119
, 50
, 3
, 166
, 40
, 129
, 163
, 6
, 120
, 49
, 125
, 44
, 54
, 115
, 59
, 110
, 64
, 105
, 107
, 62
, 155
, 14
, 43
, 126
, 142
, 27
, 127
, 42
, 38
, 131
, 74
, 95
, 72
, 97
, 101
, 68
, 155
, 14
, 104
, 65
, 7
, 162
, 62
, 107
, 95
, 74
, 84
, 85
, 30
, 139
, 143
, 26
, 160
, 9
, 9
, 160
, 1
, 168
, 98
, 71
, 42
, 127
, 60
, 109
, 54
, 115
, 67
, 102
, 166
, 3
, 147
, 22
, 54
, 115
, 33
, 136
, 93
, 76
, 155
, 14
, 95
, 74
, 115
, 54
, 75
, 94
, 111
, 58
, 165
, 4
, 35
, 134
, 18
, 151
, 25
, 144
, 19
, 150
, 115
, 54
, 11
, 158
, 70
, 99
, 89
, 80
, 70
, 99
, 4
, 165
, 120
, 49
, 44
, 125
, 47
, 122
, 82
, 87
, 50
, 119
, 157
, 12
, 98
, 71
, 92
, 77
, 87
, 82
, 111
, 58
, 147
, 22
, 10
, 159
, 90
, 79
, 165
, 4
, 62
, 107
, 146
, 23
, 95
, 74
, 92
, 77
, 84
, 85
, 152
, 17
, 23
, 146
, 166
, 3
, 128
, 41
, 55
, 114
, 163
, 6
, 70
, 99
, 33
, 136
, 55
, 114
, 90
, 79
, 17
, 152
, 13
, 156
, 140
, 29
, 138
, 31
, 151
, 18
, 121
, 48
, 6
, 163
, 41
, 128
, 98
, 71
, 67
, 102
, 3
, 166
, 160
, 9
, 83
, 86
, 90
, 79
, 138
, 31
, 4
, 165
, 3
, 166
, 62
, 107
, 6
, 163
, 135
, 34
, 28
, 141
, 139
, 30
, 15
, 154
, 137
, 32
, 102
, 67
, 124
, 45
, 34
, 135
, 100
, 69
, 66
, 103
, 45
, 124
, 49
, 120
, 86
, 83
, 17
, 152
, 117
, 52
, 119
, 50
, 145
, 24
, 17
, 152
, 63
, 106
, 18
, 151
, 36
, 133
, 56
, 113
, 11
, 158
, 32
, 137
, 73
, 96
, 61
, 108
, 66
, 103
, 106
, 63
, 100
, 69
, 89
, 80
, 4
, 165
, 105
, 64
, 123
, 46
, 132
, 37
, 91
, 78
, 105
, 64
, 143
, 26
, 53
, 116
, 136
, 33
, 112
, 57
, 36
, 133
, 45
, 124
, 133
, 36
, 110
, 59
, 45
, 124
, 85
, 84
, 35
, 134
, 153
, 16
, 142
, 27
, 147
, 22
, 144
, 25
, 162
, 7
, 159
, 10
, 163
, 6
, 64
, 105
, 152
, 17
, 103
, 66
, 119
, 50
, 102
, 67
, 94
, 75
, 57
, 112
, 99
, 70
, 8
, 161
, 75
, 94
, 167
, 2
, 25
, 144
, 92
, 77
, 140
, 29
, 35
, 134
, 59
, 110
, 79
, 90
, 123
, 46
, 70
, 99
, 2
, 167
, 105
, 64
, 65
, 104
, 48
, 121
, 10
, 159
, 149
, 20
, 159
, 10
, 68
, 101
, 89
, 80
, 9
, 160
, 101
, 68
, 137
, 32
, 120
, 49
, 54
, 115
, 148
, 21
, 97
, 72
, 90
, 79
, 94
, 75
, 146
, 23
, 60
, 109
, 13
, 156
, 34
, 135
, 137
, 32
, 51
, 118
, 164
, 5
, 55
, 114
, 166
, 3
, 98
, 71
, 27
, 142
, 68
, 101
, 46
, 123
, 56
, 113
, 18
, 151
, 162
, 7
, 80
, 89
, 13
, 156
, 25
, 144
, 148
, 21
, 106
, 63
, 149
, 20
, 167
, 2
, 68
, 101
, 77
, 92
, 61
, 108
, 53
, 116
, 33
, 136
, 72
, 97
, 37
, 132
, 132
, 37
, 10
, 159
, 19
, 150
, 15
, 154
, 21
, 148
, 42
, 127
, 42
, 127
, 131
, 38
, 92
, 77
, 134
, 35
, 37
, 132
, 25
, 144
, 73
, 96
, 165
, 4
, 151
, 18
, 42
, 127
, 49
, 120
, 78
, 91
, 5
, 164
, 21
, 148
, 30
, 139
, 114
, 55
, 107
, 62
, 43
, 126
, 111
, 58
, 51
, 118
, 95
, 74
, 74
, 95
, 18
, 151
, 34
, 135
, 154
, 15
, 122
, 47
, 120
, 49
, 86
, 83
, 11
, 158
, 22
, 147
, 84
, 85
, 78
, 91
, 96
, 73
, 47
, 122
, 113
, 56
, 142
, 27
, 21
, 148
, 48
, 121
, 74
, 95
, 92
, 77
, 129
, 40
, 23
, 146
, 118
, 51
, 42
, 127
, 78
, 91
, 85
, 84
, 98
, 71
, 125
, 44
, 16
, 153
, 60
, 109
, 101
, 68
, 4
, 165
, 115
, 54
, 157
, 12
, 157
, 12
, 11
, 158
, 81
, 88
, 129
, 40
, 95
, 74
, 84
, 85
, 119
, 50
, 35
, 134
, 148
, 21
, 44
, 125
, 68
, 101
, 5
, 164
, 144
, 25
, 6
, 163
, 108
, 61
, 32
, 137
, 80
, 89
, 54
, 115
, 88
, 81
, 123
, 46
, 150
, 19
, 45
, 124
, 116
, 53
, 43
, 126
, 154
, 15
, 142
, 27
, 116
, 53
, 162
, 7
, 62
, 107
, 131
, 38
, 160
, 9
, 105
, 64
, 21
, 148
, 32
, 137
, 55
, 114
, 32
, 137
, 57
, 112
, 106
, 63
, 90
, 79
, 92
, 77
, 82
, 87
, 30
, 139
, 9
, 160
, 77
, 92
, 125
, 44
, 70
, 99
, 52
, 117
, 30
, 139
, 107
, 62
, 141
, 28
, 42
, 127
, 30
, 139
, 1
, 168
, 100
, 69
, 10
, 159
, 149
, 20
, 20
, 149
, 93
, 76
, 128
, 41
, 128
, 41
, 41
, 128
, 10
, 159
, 117
, 52
, 104
, 65
, 46
, 123
, 73
, 96
, 83
, 86
, 163
, 6
, 114
, 55
, 144
, 25
, 36
, 133
, 11
, 158
, 58
, 111
, 165
, 4
, 111
, 58
, 154
, 15
, 144
, 25
, 127
, 42
, 51
, 118
, 29
, 140
, 146
, 23
, 82
, 87
, 129
, 40
, 61
, 108
, 49
, 120
, 101
, 68
, 31
, 138
, 10
, 159
, 124
, 45
, 38
, 131
, 157
, 12
, 117
, 52
, 161
, 8
, 139
, 30
, 50
, 119
, 130
, 39
, 163
, 6
, 149
, 20
, 104
, 65
, 100
, 69
, 112
, 57
, 129
, 40
, 103
, 66
, 78
, 91
, 164
, 5
, 112
, 57
, 145
, 24
, 110
, 59
, 45
, 124
, 5
, 164
, 75
, 94
, 10
, 159
, 151
, 18
, 68
, 101
, 70
, 99
, 30
, 139
, 36
, 133
, 59
, 110
, 112
, 57
, 31
, 138
, 49
, 120
, 50
, 119
, 1
, 168
, 85
, 84
, 146
, 23
, 18
, 151
, 86
, 83
, 91
, 78
, 144
, 25
, 147
, 22
, 113
, 56
, 157
, 12
, 108
, 61
, 60
, 109
, 102
, 67
, 80
, 89
, 148
, 21
, 27
, 142
, 109
, 60
, 2
, 167
, 12
, 157
, 36
, 133
, 116
, 53
, 127
, 42
, 18
, 151
, 118
, 51
, 165
, 4
, 141
, 28
, 75
, 94
, 7
, 162
, 10
, 159
, 104
, 65
, 92
, 77
, 75
, 94
, 33
, 136
, 34
, 135
, 110
, 59
, 93
, 76
, 53
, 116
, 2
, 167
, 155
, 14
, 48
, 121
, 110
, 59
, 36
, 133
, 13
, 156
, 158
, 11
, 165
, 4
, 58
, 111
, 142
, 27
, 6
, 163
, 73
, 96
, 100
, 69
, 23
, 146
, 138
, 31
, 129
, 40
, 143
, 26
, 98
, 71
, 7
, 162
, 49
, 120
, 146
, 23
, 107
, 62
, 160
, 9
, 122
, 47
, 161
, 8
, 138
, 31
, 42
, 127
, 154
, 15
, 76
, 93
, 101
, 68
, 150
, 19
, 45
, 124
, 115
, 54
, 76
, 93
, 145
, 24
, 167
, 2
, 7
, 162
, 54
, 115
, 115
, 54
, 57
, 112
, 136
, 33
, 112
, 57
, 125
, 44
, 97
, 72
, 72
, 97
, 143
, 26
, 78
, 91
, 46
, 123
, 113
, 56
, 166
, 3
, 115
, 54
, 74
, 95
, 4
, 165
, 23
, 146
, 85
, 84
, 139
, 30
, 110
, 59
, 110
, 59
, 148
, 21
, 52
, 117
, 81
, 88
, 94
, 75
, 66
, 103
, 22
, 147
, 125
, 44
, 77
, 92
, 37
, 132
, 27
, 142
, 163
, 6
, 124
, 45
, 139
, 30
, 90
, 79
, 89
, 80
, 140
, 29
, 41
, 128
, 53
, 116
, 126
, 43
, 80
, 89
, 60
, 109
, 7
, 162
, 124
, 45
, 3
, 166
, 98
, 71
, 151
, 18
, 34
, 135
, 155
, 14
, 88
, 81
, 157
, 12
, 7
, 162
, 1
, 168
, 130
, 39
, 55
, 114
, 157
, 12
, 3
, 166
, 125
, 44
, 88
, 81
, 40
, 129
, 47
, 122
, 136
, 33
, 93
, 76
, 51
, 118
, 116
, 53
, 85
, 84
, 32
, 137
, 13
, 156
, 63
, 106
, 38
, 131
, 14
, 155
, 159
, 10
, 94
, 75
, 130
, 39
, 141
, 28
, 135
, 34
, 159
, 10
, 115
, 54
, 85
, 84
, 52
, 117
, 120
, 49
, 133
, 36
, 127
, 42
, 120
, 49
, 76
, 93
, 112
, 57
, 135
, 34
, 14
, 155
, 116
, 53
, 59
, 110
, 56
, 113
, 144
, 25
, 110
, 59
, 88
, 81
, 103
, 66
, 72
, 97
, 167
, 2
, 87
, 82
, 160
, 9
, 2
, 167
, 3
, 166
, 55
, 114
, 93
, 76
, 130
, 39
, 14
, 155
, 94
, 75
, 122
, 47
, 83
, 86
, 133
, 36
, 73
, 96
, 36
, 133
, 158
, 11
, 62
, 107
, 106
, 63
, 109
, 60
, 31
, 138
, 147
, 22
, 143
, 26
, 53
, 116
, 48
, 121
, 158
, 11
, 63
, 106
, 72
, 97
, 134
, 35
, 24
, 145
, 63
, 106
, 36
, 133
, 57
, 112
, 39
, 130
, 104
, 65
, 129
, 40
, 85
, 84
, 28
, 141
, 30
, 139
, 161
, 8
, 39
, 130
, 2
, 167
, 90
, 79
, 6
, 163
, 17
, 152
, 52
, 117
, 56
, 113
, 5
, 164
, 104
, 65
, 80
, 89
, 38
, 131
, 131
, 38
, 69
, 100
, 117
, 52
, 100
, 69
, 10
, 159
, 165
, 4
, 24
, 145
, 152
, 17
, 143
, 26
, 105
, 64
, 76
, 93
, 94
, 75
, 49
, 120
, 74
, 95
, 115
, 54
, 113
, 56
, 118
, 51
, 2
, 167
, 39
, 130
, 25
, 144
, 18
, 151
, 130
, 39
, 94
, 75
, 70
, 99
, 81
, 88
, 23
, 146
, 47
, 122
, 125
, 44
, 59
, 110
, 159
, 10
, 157
, 12
, 143
, 26
, 129
, 40
, 2
, 167
, 13
, 156
, 72
, 97
, 8
, 161
, 1
, 168
, 39
, 130
, 15
, 154
, 68
, 101
, 60
, 109
, 34
, 135
, 164
, 5
, 46
, 123
, 101
, 68
, 54
, 115
, 50
, 119
, 49
, 120
, 76
, 93
, 61
, 108
, 165
, 4
, 88
, 81
, 118
, 51
, 16
, 153
, 163
, 6
, 45
, 124
, 165
, 4
, 7
, 162
, 108
, 61
, 35
, 134
, 52
, 117
, 150
, 19
, 27
, 142
, 143
, 26
, 29
, 140
, 139
, 30
, 150
, 19
, 85
, 84
, 7
, 162
, 18
, 151
, 6
, 163
, 76
, 93
, 165
, 4
, 45
, 124
, 167
, 2
, 115
, 54
, 75
, 94
, 91
, 78
, 82
, 87
, 105
, 64
, 26
, 143
, 4
, 165
, 144
, 25
, 9
, 160
, 87
, 82
, 74
, 95
, 27
, 142
, 64
, 105
, 122
, 47
, 141
, 28
, 13
, 156
, 153
, 16
, 86
, 83
, 114
, 55
, 104
, 65
, 138
, 31
, 159
, 10
, 104
, 65
, 162
, 7
, 102
, 67
, 23
, 146
, 160
, 9
, 136
, 33
, 103
, 66
, 116
, 53
, 9
, 160
, 156
, 13
, 35
, 134
, 163
, 6
, 27
, 142
, 88
, 81
, 87
, 82
, 96
, 73
, 162
, 7
, 69
, 100
, 55
, 114
, 20
, 149
, 93
, 76
, 68
, 101
, 148
, 21
, 82
, 87
, 123
, 46
, 138
, 31
, 32
, 137
, 69
, 100
, 53
, 116
, 72
, 97
, 31
, 138
, 130
, 39
, 141
, 28
, 104
, 65
, 50
, 119
, 15
, 154
, 34
, 135
, 133
, 36
, 139
, 30
, 93
, 76
, 87
, 82
, 122
, 47
, 131
, 38
, 166
, 3
, 157
, 12
, 131
, 38
, 100
, 69
, 142
, 27
, 121
, 48
, 166
, 3
, 74
, 95
, 22
, 147
, 165
, 4
, 87
, 82
, 69
, 100
, 65
, 104
, 9
, 160
, 19
, 150
, 84
, 85
, 33
, 136
, 24
, 145
, 127
, 42
, 58
, 111
, 58
, 111
, 51
, 118
, 77
, 92
, 65
, 104
, 61
, 108
, 115
, 54
, 91
, 78
, 110
, 59
, 57
, 112
, 21
, 148
, 28
, 141
, 115
, 54
, 55
, 114
, 96
, 73
, 82
, 87
, 164
, 5
, 81
, 88
, 35
, 134
, 65
, 104
, 127
, 42
, 53
, 116
, 91
, 78
, 102
, 67
, 137
, 32
, 123
, 46
, 109
, 60
, 106
, 63
, 19
, 150
, 122
, 47
, 73
, 96
, 24
, 145
, 39
, 130
, 120
, 49
, 53
, 116
, 12
, 157
, 144
, 25
, 108
, 61
, 83
, 86
, 2
, 167
, 138
, 31
, 95
, 74
, 125
, 44
, 82
, 87
, 54
, 115
, 112
, 57
, 114
, 55
, 95
, 74
, 45
, 124
, 113
, 56
, 165
, 4
, 92
, 77
, 60
, 109
, 159
, 10
, 119
, 50
, 52
, 117
, 49
, 120
, 92
, 77
, 121
, 48
, 3
, 166
, 58
, 111
, 79
, 90
, 139
, 30
, 111
, 58
, 121
, 48
, 134
, 35
, 96
, 73
, 64
, 105
, 81
, 88
, 152
, 17
, 116
, 53
, 146
, 23
, 138
, 31
, 119
, 50
, 138
, 31
, 127
, 42
, 37
, 132
, 94
, 75
, 9
, 160
, 6
, 163
, 62
, 107
, 96
, 73
, 89
, 80
, 95
, 74
, 1
, 168
, 144
, 25
, 135
, 34
, 123
, 46
, 52
, 117
, 80
, 89
, 103
, 66
, 136
, 33
, 47
, 122
, 117
, 52
, 32
, 137
, 139
, 30
, 89
, 80
, 117
, 52
, 107
, 62
, 98
, 71
, 102
, 67
, 10
, 159
, 102
, 67
, 96
, 73
, 51
, 118
, 65
, 104
, 91
, 78
, 87
, 82
, 23
, 146
, 164
, 5
, 126
, 43
, 64
, 105
, 123
, 46
, 120
, 49
, 135
, 34
, 31
, 138
, 33
, 136
, 145
, 24
, 166
, 3
, 112
, 57
, 21
, 148
, 59
, 110
, 19
, 150
, 148
, 21
, 121
, 48
, 78
, 91
, 148
, 21
, 136
, 33
, 163
, 6
, 126
, 43
, 164
, 5
, 19
, 150
, 129
, 40
, 144
, 25
, 40
, 129
, 29
, 140
, 151
, 18
, 14
, 155
, 117
, 52
, 82
, 87
, 141
, 28
, 42
, 127
, 146
, 23
, 131
, 38
, 101
, 68
, 128
, 41
, 137
, 32
, 27
, 142
, 76
, 93
, 56
, 113
, 15
, 154
, 28
, 141
, 162
, 7
, 112
, 57
, 42
, 127
, 96
, 73
, 108
, 61
, 13
, 156
, 90
, 79
, 43
, 126
, 138
, 31
, 71
, 98
, 65
, 104
, 102
, 67
, 163
, 6
, 105
, 64
, 73
, 96
, 41
, 128
, 78
, 91
, 131
, 38
, 11
, 158
, 110
, 59
, 33
, 136
, 151
, 18
, 33
, 136
, 6
, 163
, 140
, 29
, 19
, 150
, 105
, 64
, 26
, 143
, 24
, 145
, 157
, 12
, 40
, 129
, 97
, 72
, 114
, 55
, 55
, 114
, 94
, 75
, 137
, 32
, 108
, 61
, 40
, 129
, 6
, 163
, 23
, 146
, 24
, 145
, 146
, 23
, 145
, 24
, 49
, 120
, 91
, 78
, 24
, 145
, 1
, 168
, 63
, 106
, 10
, 159
, 80
, 89
, 157
, 12
, 165
, 4
, 135
, 34
, 29
, 140
, 93
, 76
, 58
, 111
, 138
, 31
, 2
, 167
, 77
, 92
, 109
, 60
, 35
, 134
, 163
, 6
, 99
, 70
, 150
, 19
, 12
, 157
, 72
, 97
, 60
, 109
, 84
, 85
, 84
, 85
, 83
, 86
, 118
, 51
, 64
, 105
, 113
, 56
, 55
, 114
, 20
, 149
, 2
, 167
, 101
, 68
, 110
, 59
, 65
, 104
, 139
, 30
, 128
, 41
, 133
, 36
, 61
, 108
, 147
, 22
, 90
, 79
, 41
, 128
, 35
, 134
, 51
, 118
, 82
, 87
, 155
, 14
, 30
, 139
, 25
, 144
, 138
, 31
, 167
, 2
, 110
, 59
, 37
, 132
, 3
, 166
, 27
, 142
, 152
, 17
, 45
, 124
, 130
, 39
, 26
, 143
, 92
, 77
, 43
, 126
, 98
, 71
, 13
, 156
, 104
, 65
, 143
, 26
, 124
, 45
, 111
, 58
, 128
, 41
, 19
, 150
, 80
, 89
, 102
, 67
, 44
, 125
, 127
, 42
, 69
, 100
, 97
, 72
, 7
, 162
, 18
, 151
, 123
, 46
, 42
, 127
, 111
, 58
, 145
, 24
, 161
, 8
, 48
, 121
, 23
, 146
, 72
, 97
, 160
, 9
, 79
, 90
, 115
, 54
, 24
, 145
, 121
, 48
, 108
, 61
, 146
, 23
, 81
, 88
, 25
, 144
, 18
, 151
, 69
, 100
, 153
, 16
, 87
, 82
, 16
, 153
, 158
, 11
, 27
, 142
, 57
, 112
, 68
, 101
, 139
, 30
, 101
, 68
, 15
, 154
, 34
, 135
, 60
, 109
, 76
, 93
, 59
, 110
, 22
, 147
, 130
, 39
, 140
, 29
, 141
, 28
, 40
, 129
, 41
, 128
, 146
, 23
, 50
, 119
, 155
, 14
, 117
, 52
, 138
, 31
, 96
, 73
, 45
, 124
, 144
, 25
, 33
, 136
, 61
, 108
, 41
, 128
, 151
, 18
, 23
, 146
, 146
, 23
, 41
, 128
, 107
, 62
, 5
, 164
, 105
, 64
, 74
, 95
, 26
, 143
, 75
, 94
, 161
, 8
, 163
, 6
, 119
, 50
, 49
, 120
, 96
, 73
, 133
, 36
, 44
, 125
, 37
, 132
, 18
, 151
, 89
, 80
, 47
, 122
, 21
, 148
, 55
, 114
, 108
, 61
, 64
, 105
, 108
, 61
, 104
, 65
, 163
, 6
, 74
, 95
, 82
, 87
, 138
, 31
, 67
, 102
, 166
, 3
, 69
, 100
, 87
, 82
, 65
, 104
, 127
, 42
, 54
, 115
, 50
, 119
, 154
, 15
, 121
, 48
, 66
, 103
, 163
, 6
, 47
, 122
, 85
, 84
, 49
, 120
, 130
, 39
, 129
, 40
, 28
, 141
, 108
, 61
, 49
, 120
, 157
, 12
, 35
, 134
, 79
, 90
, 141
, 28
, 70
, 99
, 49
, 120
, 118
, 51
, 85
, 84
, 101
, 68
, 18
, 151
, 96
, 73
, 120
, 49
, 142
, 27
, 135
, 34
, 132
, 37
, 147
, 22
, 125
, 44
, 58
, 111
, 125
, 44
, 165
, 4
, 11
, 158
, 16
, 153
, 37
, 132
, 88
, 81
, 141
, 28
, 159
, 10
, 63
, 106
, 68
, 101
, 118
, 51
, 82
, 87
, 134
, 35
, 79
, 90
, 164
, 5
, 53
, 116
, 96
, 73
, 14
, 155
, 116
, 53
, 83
, 86
, 58
, 111
, 130
, 39
, 125
, 44
, 22
, 147
, 165
, 4
, 40
, 129
, 69
, 100
, 5
, 164
, 72
, 97
, 2
, 167
, 21
, 148
, 113
, 56
, 158
, 11
, 46
, 123
, 75
, 94
, 72
, 97
, 17
, 152
, 41
, 128
, 106
, 63
, 66
, 103
, 150
, 19
, 97
, 72
, 11
, 158
, 26
, 143
, 101
, 68
, 64
, 105
, 83
, 86
, 5
, 164
, 9
, 160
, 129
, 40
, 114
, 55
, 58
, 111
, 3
, 166
, 92
, 77
, 91
, 78
, 75
, 94
, 80
, 89
, 68
, 101
, 109
, 60
, 148
, 21
, 32
, 137
, 8
, 161
, 124
, 45
, 129
, 40
, 116
, 53
, 124
, 45
, 46
, 123
, 133
, 36
, 143
, 26
, 102
, 67
, 83
, 86
, 116
, 53
, 9
, 160
, 160
, 9
, 108
, 61
, 130
, 39
, 147
, 22
, 156
, 13
, 158
, 11
