
4833
560
307
498
282
852
885
212
313
252
408
222
587
417
769
200
734
704
144
447
271
855
684
610
655
251
652
537
781
265
740
869
537
152
997
951
787
426
501
531
850
534
654
331
352
759
376
297
512
381
773
437
448
910
151
841
727
329
143
593
691
817
743
988
754
259
602
682
605
269
700
242
394
263
100
482
369
928
398
790
161
860
344
514
370
741
761
304
621
830
249
615
270
255
947
928
689
388
791
470
521
863
207
516
486
713
570
186
121
906
201
529
451
356
859
240
205
513
753
175
568
801
144
533
858
420
585
905
800
992
576
589
434
568
228
186
667
400
206
404
204
405
708
796
277
999
172
658
996
708
630
412
682
163
981
181
502
492
318
146
365
761
455
129
952
828
398
338
999
631
391
263
379
276
759
899
323
635
822
540
786
380
851
553
229
784
531
746
796
227
552
191
319
990
795
925
200
382
754
207
643
680
651
316
384
390
475
470
272
349
107
194
289
732
172
507
808
377
570
409
804
894
653
554
152
265
180
314
225
314
862
300
906
741
735
548
613
934
678
783
714
512
532
714
937
898
768
739
824
843
131
188
522
736
753
127
651
705
718
709
832
989
582
284
751
966
617
688
857
823
312
208
132
982
221
715
966
870
768
382
964
607
721
269
510
706
797
718
624
290
646
892
471
866
685
918
844
914
219
247
433
197
796
286
257
764
644
970
341
771
220
201
266
986
812
558
204
940
114
289
679
102
901
900
912
674
327
656
245
521
565
945
461
601
434
169
819
175
631
737
750
994
544
349
370
661
687
882
844
152
420
481
311
588
526
841
834
132
469
306
318
312
654
800
117
243
281
163
349
624
316
935
176
342
275
453
407
491
658
144
760
397
855
372
876
637
315
383
494
351
147
479
831
880
791
854
892
956
766
158
299
570
189
738
264
746
411
764
315
810
510
143
609
460
335
181
177
743
451
493
590
214
705
668
745
697
986
847
322
152
215
116
849
217
589
685
262
381
223
243
604
451
530
297
940
680
675
485
465
453
678
681
142
754
987
200
642
237
324
270
940
846
900
976
702
172
768
936
238
848
608
909
512
357
514
309
953
626
493
719
881
211
436
734
171
715
361
552
140
384
484
944
613
612
356
267
830
216
384
979
710
151
499
960
667
198
392
300
557
325
309
628
246
669
588
361
277
856
242
419
383
130
203
676
520
889
446
923
675
679
420
461
408
671
451
651
535
230
901
978
240
322
972
187
675
438
685
865
744
736
131
963
841
359
847
875
825
855
876
251
522
516
135
616
320
739
929
922
992
785
526
636
398
730
542
363
251
130
971
590
179
818
884
738
936
850
183
956
302
499
941
297
506
681
744
604
861
167
889
503
927
466
388
805
377
302
262
571
602
443
720
629
809
597
601
996
959
488
160
106
177
125
350
341
608
216
149
745
108
147
419
198
889
168
572
720
719
591
577
463
797
748
849
440
596
739
766
769
180
264
543
211
608
689
762
641
496
139
156
734
425
130
542
140
712
655
563
926
925
365
132
927
737
962
279
533
730
221
522
144
254
125
357
480
336
865
978
682
231
606
230
258
854
136
174
394
616
308
489
369
594
904
730
953
669
463
287
396
937
703
950
834
749
858
876
462
745
285
629
967
845
883
415
934
487
201
913
528
279
667
100
711
497
698
270
309
771
710
655
895
811
604
459
258
607
480
744
332
415
764
540
339
236
394
227
581
259
295
321
797
358
303
646
718
432
136
150
422
431
776
850
796
102
212
127
508
204
586
188
484
915
151
313
317
666
560
169
266
466
539
629
230
756
570
101
595
710
659
913
932
555
231
325
670
264
789
530
906
889
414
272
428
647
574
107
818
152
127
643
921
676
506
226
445
156
171
379
953
483
150
116
706
783
210
883
996
101
702
438
516
888
326
152
463
311
538
122
488
921
794
850
276
287
498
238
344
855
773
432
183
584
206
646
381
974
130
308
858
988
798
954
943
507
778
745
948
347
685
250
633
357
478
872
421
960
171
393
905
762
233
994
372
170
969
381
761
998
255
298
619
470
941
978
182
900
583
593
771
862
452
686
934
817
461
419
479
159
151
168
529
921
285
411
703
118
478
140
319
881
848
830
967
387
156
748
672
660
421
779
898
122
814
798
597
745
645
780
528
733
144
983
593
830
853
100
378
945
677
990
208
688
352
737
213
122
664
668
418
738
188
707
881
145
316
507
699
485
976
193
707
316
709
954
266
498
911
586
668
717
621
718
625
691
217
220
338
438
995
854
394
670
286
224
919
971
185
387
235
723
255
259
679
614
509
258
452
105
509
988
514
516
601
657
238
463
793
164
734
531
246
245
136
854
947
581
108
600
710
961
956
377
423
106
920
590
203
412
586
838
288
538
804
593
872
674
781
536
401
916
220
993
512
298
202
741
897
864
522
834
599
688
447
280
594
429
284
215
983
611
598
538
761
672
163
278
106
390
723
366
399
486
660
953
642
768
441
118
441
510
179
678
449
534
486
166
303
461
300
711
293
807
263
100
656
482
900
998
470
210
836
633
578
760
117
333
239
957
768
987
593
456
656
571
755
462
482
255
279
958
199
329
667
825
959
465
841
978
697
171
599
619
584
854
382
548
172
652
962
551
904
517
546
255
867
823
127
164
121
175
549
819
319
354
139
380
433
119
985
715
838
664
519
593
678
393
200
114
523
888
987
857
671
484
309
885
689
654
773
600
806
541
758
714
765
163
487
918
899
482
364
736
981
452
304
151
109
661
237
200
354
526
485
356
686
215
277
321
213
181
509
397
605
141
184
277
289
532
383
954
679
524
757
730
825
578
142
919
306
106
223
578
907
847
140
668
772
376
920
749
607
592
167
351
354
657
815
795
868
112
598
999
221
975
364
907
346
282
229
207
929
891
833
682
313
662
717
461
629
700
244
808
627
400
472
325
508
287
399
791
168
295
645
495
279
526
160
507
352
129
209
427
180
491
181
545
478
281
490
839
825
877
671
116
299
143
433
734
385
422
675
203
267
727
908
229
398
157
124
514
418
646
525
106
309
674
458
461
448
473
269
377
988
331
411
755
740
275
922
754
985
933
796
682
526
278
807
473
498
674
307
613
905
139
723
794
706
763
261
767
679
901
166
901
455
196
536
727
280
722
764
532
812
136
215
497
642
542
448
838
277
992
508
252
560
311
421
475
220
770
446
338
589
865
144
635
803
291
725
393
384
793
566
556
972
131
829
668
238
942
250
523
752
241
215
193
210
429
368
374
689
419
234
775
882
915
677
362
643
796
554
292
836
412
836
267
109
835
973
543
257
202
968
241
682
475
246
184
589
513
589
260
400
518
197
900
327
739
866
259
521
527
873
402
257
338
936
380
406
286
518
192
786
265
100
625
382
256
605
767
707
815
310
712
726
476
990
996
596
778
219
585
855
611
484
527
520
831
455
251
383
180
786
112
620
273
792
101
263
143
643
290
888
953
326
328
239
749
336
799
750
201
790
491
304
863
641
345
288
178
917
571
770
288
451
761
650
665
870
798
896
307
898
512
373
814
570
638
881
943
627
646
197
740
834
299
962
849
652
675
345
509
100
796
139
960
346
358
121
776
205
198
976
427
180
963
676
507
934
394
373
505
452
878
310
562
327
776
622
895
753
657
994
484
598
633
434
190
249
353
247
773
493
466
761
926
111
327
322
193
123
418
316
946
606
154
553
949
943
586
600
790
110
112
502
518
551
943
977
662
953
421
111
763
982
401
948
736
703
484
944
137
472
743
622
148
725
689
988
829
651
410
206
948
402
559
439
778
406
212
562
230
371
440
341
596
585
745
282
186
642
765
241
514
214
864
522
735
173
963
867
341
962
769
229
299
523
511
902
486
233
968
749
677
807
468
278
296
502
218
667
309
315
454
291
417
571
798
238
400
698
511
833
722
471
673
383
903
557
815
748
633
321
399
917
638
894
851
241
259
327
518
312
347
492
632
948
869
148
100
334
432
126
647
904
639
720
393
558
180
362
115
492
851
806
900
374
708
175
237
896
743
843
454
402
585
473
517
803
467
897
852
274
636
728
367
598
689
665
116
937
493
934
361
613
411
491
442
802
484
874
924
973
911
232
289
652
726
279
814
268
967
982
130
729
379
235
213
227
918
498
861
471
532
541
588
798
784
223
868
221
164
943
314
797
192
140
555
261
741
862
567
203
174
459
669
735
541
258
983
573
817
577
785
120
538
941
749
748
468
764
625
809
995
174
407
355
101
653
618
141
656
605
977
436
695
178
864
849
939
167
464
414
170
191
869
329
111
213
316
924
743
741
137
983
819
112
755
791
358
320
767
785
273
362
804
540
985
604
124
659
651
225
747
549
107
793
532
914
510
970
205
883
924
971
644
976
456
446
763
577
558
692
740
685
599
153
704
980
267
232
457
149
342
865
158
945
659
560
905
934
608
829
920
431
499
855
178
519
856
475
424
965
528
373
475
873
473
375
980
200
263
678
121
837
659
962
581
321
418
926
929
223
480
332
607
505
386
615
461
122
515
793
713
602
479
561
109
111
247
188
776
285
220
425
750
851
841
726
811
861
151
472
750
980
726
745
710
836
846
435
210
643
502
774
933
794
627
102
729
732
327
151
486
819
473
413
714
851
851
152
117
734
407
202
992
752
856
881
281
585
861
591
578
761
972
805
440
878
802
114
234
594
413
799
751
412
510
386
362
477
569
463
852
771
634
525
804
544
975
495
548
613
773
755
233
564
738
767
182
401
109
848
965
825
939
883
267
206
158
632
763
837
185
207
415
430
155
407
391
110
813
374
241
440
309
287
102
263
256
307
804
593
759
408
562
446
459
736
557
193
277
895
776
585
509
813
170
717
400
699
836
174
725
863
476
505
509
725
145
378
333
995
638
241
690
410
321
958
604
670
622
456
401
489
825
503
443
537
913
560
643
761
828
604
902
391
254
371
531
908
828
314
674
590
789
719
435
452
873
517
177
582
232
972
919
755
517
659
923
978
113
355
651
823
570
706
542
830
555
339
472
901
853
742
648
723
942
538
370
461
490
181
827
510
628
708
873
883
325
476
504
884
606
585
389
320
449
297
770
765
421
303
847
353
521
727
757
680
504
614
138
831
192
810
955
742
458
328
746
641
208
663
897
552
870
360
431
743
874
411
157
696
451
656
979
761
625
184
640
519
896
476
599
203
627
650
424
414
884
231
789
798
721
491
591
852
737
712
271
943
681
341
486
919
410
397
706
357
293
910
767
348
449
604
190
447
213
954
718
971
640
998
160
991
556
590
984
344
428
974
164
233
834
307
828
698
472
185
498
589
832
958
769
756
876
477
145
155
516
544
563
427
629
241
252
649
756
827
914
409
685
401
349
375
292
937
676
658
547
290
441
427
301
701
618
466
117
725
497
133
233
858
641
171
341
508
716
198
307
163
228
529
361
806
813
146
433
734
363
900
590
498
598
265
824
138
307
410
405
282
747
525
237
520
936
577
551
844
667
334
328
220
719
984
796
671
996
283
617
247
214
380
904
224
347
954
421
181
156
735
476
213
876
173
930
823
165
943
358
760
912
136
787
417
628
653
639
313
917
739
253
137
767
945
342
247
158
256
664
486
842
425
176
294
230
652
346
534
540
958
877
320
927
881
723
153
837
558
319
551
181
759
778
163
569
276
105
588
394
668
796
804
188
916
341
736
392
944
971
440
105
374
145
884
488
806
631
311
370
405
128
784
212
598
809
783
671
865
134
814
966
114
479
247
125
632
465
307
637
820
760
559
671
187
706
961
308
285
676
452
505
532
571
602
351
855
581
369
895
965
952
456
579
919
365
765
872
142
389
449
310
678
571
457
305
800
961
291
198
174
674
932
972
761
816
212
191
532
791
590
609
770
613
446
778
740
385
522
619
270
922
903
231
289
883
974
959
308
246
708
198
467
733
443
213
458
821
871
587
730
950
614
380
427
250
770
387
624
660
531
171
110
759
303
218
505
844
567
774
511
784
987
530
345
219
682
700
980
824
311
337
788
750
829
810
496
572
382
215
326
207
343
580
212
154
223
959
888
889
324
197
538
113
220
172
513
382
365
644
429
148
734
930
345
262
968
474
449
865
882
849
937
624
913
100
746
645
928
541
866
452
932
621
840
559
904
433
863
269
218
681
614
614
202
886
199
372
376
457
788
999
720
184
719
919
882
816
177
366
349
936
385
528
825
453
300
859
916
426
166
300
607
510
441
639
873
887
903
512
311
925
904
850
550
180
656
772
751
633
472
191
693
324
459
105
989
323
117
956
976
496
830
694
173
692
825
973
204
341
760
547
633
173
589
544
103
619
853
475
383
927
447
196
360
739
470
763
359
118
700
449
973
924
579
379
718
217
267
807
767
598
627
726
501
875
261
715
893
539
927
742
969
630
501
245
322
756
722
967
869
131
770
904
122
523
569
452
710
348
810
766
486
912
133
358
679
858
340
610
285
605
224
195
909
373
559
729
187
609
815
863
499
216
334
476
294
872
221
677
743
499
932
197
534
906
329
736
199
721
780
193
317
390
888
865
136
728
132
205
648
919
787
300
701
626
734
141
257
681
987
923
916
758
750
938
303
668
751
159
813
472
726
398
999
690
336
407
234
937
974
829
863
534
679
915
157
324
270
632
681
958
904
340
686
706
940
192
105
115
162
727
358
309
189
581
392
407
692
594
536
446
845
186
217
958
796
700
624
571
711
897
222
513
762
577
947
273
122
255
745
790
510
331
757
461
188
105
863
552
978
439
806
299
955
282
399
427
302
656
424
634
108
445
708
340
661
562
869
478
570
742
852
922
874
292
783
412
530
238
835
133
940
699
308
806
354
318
822
345
787
550
424
435
154
854
799
898
690
147
799
763
142
165
944
327
490
397
357
929
395
313
805
678
337
977
897
175
909
593
852
162
847
934
658
501
258
107
369
874
251
147
737
216
833
398
753
296
903
478
930
557
556
258
447
854
893
817
807
921
159
841
234
443
320
690
348
926
619
361
920
335
590
528
776
620
145
357
637
829
418
585
344
214
318
844
436
661
412
743
846
368
445
947
315
840
348
994
318
335
783
711
725
204
973
655
842
540
745
505
188
649
266
798
535
196
177
988
981
758
940
960
227
573
595
700
672
937
257
883
664
410
337
182
460
673
300
309
699
896
253
906
897
952
761
200
202
604
395
683
690
510
842
368
767
212
253
306
665
364
536
686
840
598
591
220
780
868
318
726
114
899
429
190
743
651
841
702
923
846
214
127
392
649
482
580
778
618
684
452
741
844
240
270
987
325
879
248
634
882
584
770
160
717
257
774
257
455
497
104
529
477
863
434
821
774
692
340
208
766
892
391
405
569
364
170
839
244
684
301
279
570
542
846
325
358
974
164
972
647
550
663
991
167
856
458
712
544
506
551
447
314
864
634
256
655
878
146
431
724
230
385
622
791
873
513
713
671
106
322
543
614
967
127
594
872
177
494
727
876
353
295
684
714
172
837
348
569
875
423
681
903
334
741
612
599
428
630
819
953
571
710
419
164
563
973
355
241
667
514
239
506
321
497
771
413
439
580
521
344
407
829
164
954
625
166
953
166
974
278
729
851
138
657
431
256
918
128
865
431
582
571
705
112
279
388
859
646
541
613
619
364
987
652
989
239
134
317
487
616
756
385
284
561
530
658
500
890
130
144
951
788
287
605
127
500
126
246
939
363
792
353
894
944
301
689
590
328
791
971
244
311
504
403
185
877
329
353
739
431
910
841
169
321
699
632
780
129
515
362
729
945
193
563
509
830
431
931
352
507
277
297
909
932
834
251
223
814
337
924
583
525
807
799
335
486
111
115
420
104
926
585
687
256
135
327
399
544
481
538
703
527
184
931
807
373
679
741
309
925
338
410
376
433
697
740
250
254
319
893
578
468
230
976
670
546
927
764
163
685
653
743
410
522
904
318
357
296
602
708
874
856
254
603
701
491
503
144
313
944
608
731
933
144
627
185
836
133
946
312
688
580
803
295
492
879
802
122
221
404
222
121
505
310
912
771
275
885
553
511
823
541
447
554
909
817
396
719
280
338
936
194
142
794
592
605
707
321
722
910
473
166
334
103
245
877
935
953
534
149
628
553
180
695
840
280
483
957
574
359
695
192
266
894
382
333
505
874
519
211
647
544
354
102
568
915
819
709
202
821
781
205
427
950
716
833
494
100
317
640
302
158
159
721
791
909
711
948
611
837
539
325
338
124
358
445
640
624
556
980
928
594
343
998
792
192
698
654
475
156
527
268
275
420
310
199
868
145
471
420
622
167
472
434
732
881
960
221
358
286
741
338
210
273
198
282
380
343
599
105
667
376
564
788
943
383
947
530
172
148
189
183
313
497
641
724
992
471
300
202
976
521
396
311
733
418
593
475
639
550
116
249
690
635
1000
204
536
402
673
908
110
850
619
645
559
709
850
846
223
724
758
242
714
329
565
456
237
657
973
263
318
512
943
967
602
527
286
441
909
720
237
216
143
852
121
621
627
389
150
662
480
573
171
261
588
529
111
415
763
851
372
129
203
970
372
838
893
653
337
430
398
891
249
506
220
124
768
221
509
555
942
502
621
488
603
332
454
685
952
301
358
316
119
777
716
575
310
362
371
697
434
534
419
225
648
848
762
367
895
315
227
770
478
674
164
363
418
212
866
255
716
220
340
171
578
716
211
601
401
535
491
992
552
973
637
289
153
893
392
261
656
311
507
758
388
249
774
468
283
478
396
593
472
918
857
746
526
521
562
594
962
739
130
374
189
469
664
149
763
397
602
540
840
661
325
860
252
590
829
978
705
845
780
307
995
340
825
666
583
851
855
775
668
171
182
926
181
747
789
442
327
418
244
262
904
117
918
238
911
417
293
891
813
126
358
730
935
848
635
569
375
983
229
168
968
917
204
174
194
114
784
850
721
216
157
768
220
379
469
375
873
859
402
572
338
416
393
769
111
625
308
216
931
782
701
739
384
911
544
110
166
674
113
869
638
547
335
317
460
476
292
597
287
165
236
268
542
682
651
237
627
174
115
643
186
683
276
794
273
832
111
636
752
653
277
629
261
383
522
803
307
810
991
850
771
874
997
980
353
277
132
420
905
682
794
274
490
149
234
814
162
783
413
238
997
225
737
215
272
488
572
658
960
126
716
517
380
972
738
951
855
205
581
871
768
158
980
151
328
344
953
571
270
440
713
505
204
716
356
397
478
232
476
900
475
103
917
379
324
332
501
262
411
269
591
793
369
948
401
494
264
742
848
432
773
144
254
497
375
261
211
280
872
541
713
301
389
577
368
341
205
825
840
385
421
715
684
294
107
883
755
153
197
282
551
777
307
195
249
487
880
552
551
509
403
639
706
779
693
112
449
713
274
821
634
803
127
514
598
576
928
543
107
592
250
532
152
141
553
473
848
456
164
855
598
685
453
419
237
407
436
736
872
530
883
210
934
175
243
954
994
376
746
683
884
462
614
168
458
322
556
459
802
903
293
702
152
353
370
583
337
837
264
355
641
349
310
647
593
481
253
532
324
252
721
870
971
548
906
734
126
262
798
647
197
766
608
401
995
773
318
331
411
368
938
640
407
259
281
702
433
198
119
421
774
604
955
380
248
388
135
566
103
824
524
299
645
391
553
167
663
509
402
468
300
710
138
109
686
864
412
919
232
275
552
143
283
257
862
658
264
950
916
411
826
133
143
231
379
813
204
722
613
237
275
220
427
166
738
160
317
553
825
513
945
158
340
348
593
746
679
259
135
116
184
194
492
112
971
774
179
828
302
569
415
429
840
769
671
927
523
890
437
929
989
887
901
253
303
998
674
777
648
665
712
749
394
278
379
706
275
457
839
416
219
522
290
119
359
953
919
891
121
842
817
724
973
546
908
632
209
552
602
869
473
696
406
653
630
477
752
934
445
642
378
837
214
938
749
898
560
386
428
684
983
912
415
645
847
902
590
324
979
788
168
388
798
512
884
388
187
968
675
471
809
503
474
181
645
521
648
990
383
433
863
197
646
420
146
309
805
317
374
134
482
476
230
830
460
272
754
775
340
723
484
998
970
161
769
489
160
979
508
977
607
584
988
446
486
713
494
470
150
699
467
763
521
778
242
433
939
356
835
528
435
549
465
869
788
258
637
117
526
378
583
124
211
165
999
1000
351
260
974
685
189
111
617
525
981
149
468
252
875
372
790
640
643
235
893
314
463
413
860
224
293
129
364
940
648
978
572
474
277
254
301
769
320
118
349
239
938
365
506
994
381
362
692
306
968
381
768
923
895
464
877
323
698
538
250
175
676
972
937
155
479
682
644
255
796
998
966
227
942
815
815
284
524
557
390
190
898
729
105
934
831
697
887
559
491
295
611
698
144
220
131
1000
258
925
394
290
520
297
330
423
411
257
604
626
785
861
566
176
458
812
260
240
398
937
660
469
881
854
325
404
514
379
849
614
876
307
593
922
888
663
901
602
280
586
849
408
223
714
458
616
728
565
850
650
859
791
428
704
850
111
814
682
131
653
293
946
144
477
352
828
909
392
565
981
977
132
594
332
767
331
348
801
228
100
410
138
525
359
556
626
285
529
932
923
387
770
719
155
826
641
156
474
717
479
167
599
990
260
937
172
755
486
653
548
227
933
691
333
865
924
238
495
108
107
865
739
516
779
373
963
976
503
756
648
577
613
719
656
597
615
818
681
124
820
450
595
669
298
365
875
682
374
476
720
120
605
979
131
145
746
323
894
311
690
997
202
958
854
660
314
958
498
847
449
212
406
814
420
535
466
571
763
102
771
491
794
774
262
836
974
723
675
502
820
119
673
684
656
261
910
651
712
411
178
440
195
238
308
517
368
401
248
381
958
753
674
533
712
493
591
536
522
635
419
846
296
515
590
435
462
833
149
209
767
405
938
433
283
632
614
285
50
50
50
50
51
51
52
52
53
53
54
54
54
54
54
54
54
55
55
55
56
56
57
57
57
58
58
58
58
59
61
62
62
62
62
62
63
63
63
63
64
64
64
65
66
67
67
68
69
69
69
69
71
71
71
72
72
72
73
73
73
73
75
75
75
76
77
77
78
78
79
79
80
80
81
81
81
82
82
83
83
83
83
84
84
84
84
84
85
85
86
86
86
86
86
86
87
87
87
87
87
87
87
88
88
88
89
89
89
90
91
92
93
93
93
93
94
95
95
95
95
96
96
96
96
96
96
97
97
97
97
97
98
98
99
99
99
99
99
100
102
102
102
102
103
103
103
103
103
103
104
104
105
105
105
105
106
106
107
107
107
108
108
108
108
108
108
109
109
110
110
112
112
113
113
114
114
114
114
115
115
115
115
115
115
116
116
116
117
118
118
119
119
120
120
121
121
121
122
122
123
123
124
124
125
125
125
125
125
126
126
127
127
127
128
128
128
128
129
129
129
130
131
131
132
132
132
132
132
134
134
135
136
136
136
137
137
137
138
138
139
139
139
139
140
140
140
141
141
141
141
141
142
142
143
145
145
146
146
146
146
148
148
149
150
150
150
150
151
153
153
153
153
153
155
155
155
155
156
156
157
157
157
157
158
158
158
158
158
158
158
159
160
160
161
161
161
162
162
162
162
163
163
164
164
164
164
164
164
165
165
165
165
166
166
166
168
168
169
169
169
169
171
171
171
172
173
173
173
173
174
174
174
174
174
175
175
176
176
176
177
177
177
177
178
178
178
178
178
179
179
179
179
180
180
181
181
181
182
182
183
183
183
183
185
185
187
187
188
189
189
189
190
190
190
191
191
191
191
191
192
192
192
192
193
193
194
194
194
195
195
195
196
196
197
197
198
199
201
201
201
202
202
202
203
203
203
203
206
206
206
206
206
206
206
209
209
209
210
211
211
211
212
213
214
214
215
215
215
216
216
216
216
216
217
218
218
218
218
219
220
220
220
220
221
221
221
222
223
223
223
224
224
224
226
226
227
227
228
228
228
230
230
230
230
230
230
231
231
231
231
232
232
232
232
233
233
234
234
235
235
235
236
237
238
239
240
240
240
241
241
241
241
242
243
243
243
243
243
244
245
246
246
246
247
247
247
247
247
247
248
248
248
248
249
249
250
250
250
251
251
251
252
253
253
253
253
255
255
255
255
256
256
257
257
257
257
258
258
258
259
259
259
259
260
260
260
261
261
261
261
262
262
262
262
262
263
263
263
263
263
263
264
264
265
266
266
266
267
267
267
268
268
268
269
269
270
270
270
270
270
271
272
272
272
273
273
273
274
274
274
274
274
275
275
275
276
276
276
276
276
277
277
277
277
278
279
280
280
280
281
281
281
282
282
283
283
284
284
284
284
284
285
285
285
285
285
286
286
286
287
287
287
287
287
288
288
290
291
292
292
292
293
293
293
293
293
293
293
293
294
295
295
295
296
296
297
297
297
297
297
297
297
298
298
299
299
299
299
299
300
301
301
302
302
303
304
304
304
305
306
306
306
308
308
308
309
310
311
311
312
312
312
313
313
313
313
314
314
314
314
315
315
316
316
316
316
317
317
317
317
318
319
320
320
321
321
321
322
322
323
323
323
323
324
324
325
325
326
326
327
327
327
328
328
328
329
329
329
329
330
331
333
333
333
334
334
334
334
335
335
336
336
340
340
341
341
342
342
342
342
342
342
343
344
344
344
344
344
345
345
345
347
348
348
348
348
349
349
349
350
350
351
351
352
353
354
354
355
355
355
356
356
357
358
358
359
359
360
361
361
362
362
362
362
362
363
363
364
364
364
364
364
365
365
366
367
367
368
369
369
370
370
371
371
372
372
372
373
374
374
374
374
374
375
376
377
378
378
379
379
380
380
380
381
381
381
382
383
383
383
383
384
384
384
384
385
385
386
386
386
386
386
387
387
387
389
389
390
390
390
391
391
392
392
393
394
394
395
396
396
396
396
396
397
398
399
399
399
399
400
400
400
401
401
401
402
402
402
402
402
403
403
403
403
403
404
405
405
405
406
406
406
406
407
407
407
409
409
409
410
410
410
411
411
411
411
412
412
412
412
414
415
416
416
417
419
419
420
420
421
421
421
422
422
423
423
424
424
424
424
425
425
426
426
428
428
428
429
429
430
430
430
430
431
431
431
433
433
435
435
436
437
437
438
438
439
439
439
440
440
441
441
442
442
442
442
443
443
444
444
444
445
446
446
446
447
447
447
447
447
448
448
448
448
449
449
450
451
451
451
452
452
452
453
453
453
453
455
455
455
456
456
456
456
457
457
458
458
461
461
461
462
462
462
462
463
464
464
464
465
466
466
466
467
467
467
468
468
468
470
470
471
471
471
472
472
473
473
473
474
474
475
475
476
476
476
476
476
477
478
478
478
478
479
480
480
482
483
483
483
484
484
484
484
484
484
485
486
486
486
487
487
488
488
489
489
490
490
490
490
491
491
492
492
492
493
494
494
494
494
494
494
495
496
496
496
496
497
497
497
497
497
498
499
499
500
500
501
501
501
501
502
502
502
503
503
504
504
504
505
506
506
506
506
506
506
506
507
507
508
508
508
508
508
509
510
510
510
511
511
512
512
513
513
513
514
514
514
515
515
515
515
516
516
516
517
520
520
522
523
523
523
525
525
526
527
527
527
527
527
528
528
528
530
531
532
532
532
533
534
534
535
535
536
536
537
537
537
538
539
539
541
541
541
542
542
543
543
543
544
544
544
546
546
546
546
547
547
547
547
547
548
549
550
551
551
552
552
552
553
553
553
554
554
554
556
556
556
556
557
557
558
558
558
559
559
559
559
560
560
560
560
561
561
561
562
562
563
563
563
564
565
565
565
566
566
566
566
566
567
567
568
568
569
569
570
570
570
570
571
571
571
572
573
573
574
574
575
575
575
575
575
576
576
576
577
577
577
577
577
577
578
578
579
579
579
579
579
579
580
580
580
580
580
582
582
582
582
583
584
584
584
586
586
587
587
587
589
589
591
591
591
591
591
592
593
593
593
594
594
594
594
594
595
595
595
596
597
598
598
598
598
599
599
599
600
600
600
600
600
600
600
602
602
602
603
603
603
603
603
603
603
604
605
605
605
606
606
607
607
608
608
608
608
608
608
608
609
609
609
610
611
611
611
612
612
613
613
613
614
614
615
616
616
617
619
620
620
620
621
621
622
622
622
622
622
622
623
623
623
624
624
624
624
624
625
625
625
626
626
626
626
627
627
627
628
628
628
629
629
630
632
633
633
634
635
636
637
638
638
638
639
639
639
639
639
640
640
640
641
641
641
642
644
644
645
645
645
645
646
646
647
647
648
648
649
649
649
649
649
650
650
651
651
651
652
653
653
653
654
654
655
655
655
656
656
657
657
658
658
659
659
660
660
661
661
661
661
663
663
663
664
664
665
666
666
667
667
667
668
668
669
669
669
670
670
670
671
671
672
672
673
673
673
673
675
676
676
676
676
677
677
678
678
679
679
680
680
680
681
682
682
682
682
682
682
683
683
683
683
684
684
684
684
685
685
686
686
687
687
687
688
688
688
688
689
689
689
690
690
690
690
690
690
691
691
691
691
691
692
692
693
695
696
696
697
697
698
699
699
700
702
703
704
704
704
705
705
706
706
707
707
709
710
710
710
710
711
711
711
712
712
713
713
713
714
714
715
715
715
715
716
716
716
716
716
717
719
719
719
719
720
720
721
722
723
723
723
723
724
725
725
725
726
728
728
728
728
728
729
729
730
730
731
731
732
732
732
732
732
733
734
734
735
735
735
736
736
738
738
738
738
738
739
739
740
740
741
741
742
742
743
743
744
744
744
745
745
745
746
747
747
747
747
747
748
748
749
750
750
751
751
751
752
752
752
752
752
752
752
753
753
753
753
753
754
756
757
757
757
757
757
758
759
759
760
760
761
761
761
761
762
763
763
763
763
763
763
764
765
765
765
765
765
766
767
767
767
767
768
768
769
769
770
770
770
770
770
771
771
771
771
771
771
772
772
773
774
774
774
774
775
775
776
776
777
777
777
777
777
778
778
778
779
779
779
780
780
781
781
781
781
782
782
782
782
783
783
783
784
784
785
786
786
786
787
788
789
789
790
790
790
790
791
791
791
791
791
791
792
792
792
793
793
794
794
795
796
796
797
797
797
798
798
798
798
798
798
799
799
799
801
802
802
802
803
803
804
804
804
805
806
806
807
807
808
808
808
809
809
809
810
810
810
811
811
813
814
815
815
815
816
816
816
816
817
817
817
817
817
818
818
818
819
819
819
821
821
822
822
822
822
823
823
823
825
825
825
825
826
826
827
827
827
827
827
828
828
829
829
829
829
830
830
830
830
831
831
832
832
833
834
835
836
837
837
837
839
841
841
841
842
842
843
843
843
844
844
844
844
844
844
845
845
845
845
846
846
847
847
847
847
849
849
849
849
851
851
851
852
855
855
857
857
857
857
858
858
859
859
859
859
860
860
861
861
861
861
862
863
863
863
863
863
865
866
866
866
867
869
869
870
870
870
870
871
871
872
873
873
873
873
873
874
874
874
875
876
876
876
878
878
878
878
878
878
879
879
879
879
880
880
881
881
881
881
882
882
882
883
884
884
884
885
885
886
886
887
887
889
889
890
890
890
890
890
890
890
891
892
892
892
893
893
894
894
894
894
895
895
897
897
898
898
899
899
900
900
900
900
900
900
901
901
902
902
902
902
903
903
903
903
903
904
905
905
905
906
906
907
907
908
908
908
909
910
910
911
912
913
913
913
913
914
914
915
915
915
915
916
917
917
918
918
918
918
919
919
920
921
921
921
921
922
923
923
924
925
926
926
926
926
926
927
927
927
928
929
929
930
930
931
931
931
932
933
933
933
935
935
936
937
937
938
938
938
939
939
940
940
940
941
941
941
942
942
942
942
942
943
943
943
944
944
944
945
946
946
946
946
946
947
947
947
948
948
949
950
951
951
951
951
951
952
952
952
952
952
952
953
953
954
954
954
955
955
955
955
955
956
956
956
957
957
958
958
958
958
958
959
959
960
960
961
961
961
963
963
964
964
965
965
966
967
967
968
968
968
969
969
969
970
970
971
971
971
972
972
972
972
973
973
973
973
973
974
974
974
975
975
975
976
976
976
977
978
978
978
979
980
980
980
981
981
982
982
982
983
983
983
983
984
984
984
984
985
985
985
985
986
986
987
987
988
988
989
989
989
990
990
990
990
990
990
990
991
992
992
992
992
993
993
993
994
995
997
998
999
1000
1000
1000
1000
1001
1001
1002
1002
1003
1003
1004
1004
1004
1004
1004
1004
1004
1004
1005
1005
1005
1005
1005
1005
1006
1006
1007
1007
1007
1007
1007
1007
1007
1008
1008
1008
1008
1008
1009
1009
1009
1010
1010
1011
1011
1011
1012
1012
1012
1012
1013
1013
1014
1015
1015
1016
1016
1017
1017
1017
1017
1018
1018
1019
1019
1020
1020
1020
1021
1021
1022
1022
1022
1022
1022
1023
1023
1024
1024
1024
1025
1025
1025
1025
1026
1026
1027
1028
1028
1028
1029
1029
1030
1030
1030
1030
1032
1032
1033
1033
1033
1034
1035
1035
1036
1036
1036
1036
1037
1037
1037
1038
1038
1038
1038
1038
1039
1039
1039
1040
1040
1040
1041
1041
1041
1041
1041
1042
1042
1043
1043
1043
1043
1044
1044
1045
1045
1045
1045
1046
1047
1047
1047
1048
1048
1049
1049
1050
1051
1051
1051
1052
1053
1053
1053
1053
1054
1055
1055
1055
1056
1056
1056
1056
1056
1056
1057
1057
1058
1058
1058
1058
1058
1058
1059
1059
1059
1060
1061
1061
1061
1062
1062
1063
1063
1064
1064
1065
1066
1066
1066
1067
1067
1067
1068
1068
1068
1069
1069
1069
1069
1069
1069
1070
1070
1070
1070
1070
1070
1071
1071
1071
1072
1072
1072
1073
1074
1075
1076
1076
1076
1076
1077
1077
1077
1077
1077
1078
1079
1079
1079
1079
1080
1080
1081
1081
1081
1081
1082
1082
1083
1084
1084
1085
1085
1085
1085
1085
1085
1086
1086
1087
1088
1088
1088
1089
1089
1089
1089
1090
1091
1091
1091
1091
1091
1092
1092
1092
1093
1093
1093
1094
1095
1095
1095
1095
1096
1096
1097
1097
1097
1097
1097
1098
1098
1099
1099
1099
1099
1100
1100
1102
1102
1103
1104
1104
1104
1105
1105
1106
1106
1106
1106
1106
1106
1106
1107
1107
1107
1108
1108
1108
1108
1108
1109
1110
1112
1113
1113
1114
1115
1115
1116
1116
1116
1119
1119
1121
1121
1121
1121
1121
1122
1122
1123
1124
1124
1124
1125
1126
1126
1126
1126
1126
1126
1127
1129
1129
1129
1129
1129
1130
1130
1130
1131
1131
1131
1132
1132
1132
1132
1132
1133
1133
1133
1135
1135
1135
1136
1136
1136
1137
1137
1138
1139
1139
1141
1141
1141
1142
1142
1142
1142
1143
1144
1144
1145
1146
1146
1146
1146
1147
1147
1147
1148
1148
1148
1148
1148
1149
1149
1150
1150
1150
1151
1151
1151
1152
1153
1154
1155
1155
1156
1156
1156
1156
1156
1157
1157
1157
1157
1157
1157
1158
1158
1158
1159
1159
1160
1160
1160
1160
1160
1160
1161
1161
1161
1163
1163
1163
1163
1164
1164
1164
1164
1164
1164
1165
1165
1165
1165
1165
1166
1167
1167
1167
1168
1168
1168
1169
1169
1170
1171
1172
1173
1174
1174
1174
1174
1175
1175
1176
1177
1177
1177
1177
1177
1178
1178
1178
1178
1180
1180
1180
1182
1182
1183
1183
1183
1184
1185
1186
1186
1186
1187
1187
1187
1188
1188
1188
1189
1189
1190
1190
1190
1191
1191
1191
1192
1192
1192
1192
1194
1195
1195
1195
1195
1196
1197
1197
1197
1198
1198
1198
1198
1198
1199
1199
1199
1200
1200
1201
1202
1202
1203
1203
1203
1203
1204
1204
1204
1205
1205
1205
1205
1205
1206
1207
1207
1207
1207
1207
1208
1209
1209
1209
1209
1211
1212
1212
1213
1215
1215
1216
1216
1216
1217
1217
1217
1218
1219
1220
1220
1220
1221
1221
1221
1222
1222
1222
1223
1223
1224
1225
1226
1227
1227
1227
1228
1228
1228
1229
1229
1230
1231
1231
1231
1231
1231
1231
1232
1233
1233
1233
1236
1236
1236
1237
1237
1238
1239
1239
1239
1239
1239
1240
1240
1240
1241
1241
1241
1242
1242
1242
1243
1243
1244
1245
1245
1246
1246
1246
1246
1246
1246
1247
1247
1247
1247
1248
1249
1249
1249
1250
1250
1250
1251
1251
1251
1251
1253
1253
1253
1254
1254
1255
1255
1255
1255
1256
1256
1256
1257
1257
1258
1258
1258
1259
1260
1260
1261
1262
1263
1264
1264
1264
1264
1265
1265
1265
1265
1265
1265
1266
1266
1267
1268
1268
1268
1269
1269
1269
1270
1270
1271
1271
1272
1272
1272
1272
1272
1273
1273
1273
1273
1273
1274
1275
1275
1276
1276
1277
1277
1277
1277
1277
1278
1278
1278
1279
1279
1279
1279
1280
1280
1280
1281
1281
1281
1281
1281
1281
1281
1282
1282
1282
1283
1284
1284
1284
1284
1285
1285
1285
1286
1286
1286
1287
1287
1288
1288
1289
1289
1289
1291
1291
1291
1292
1293
1293
1294
1294
1295
1295
1297
1298
1298
1298
1299
1299
1299
1299
1299
1300
1300
1300
1300
1301
1301
1302
1302
1303
1303
1303
1303
1304
1304
1304
1304
1306
1306
1306
1306
1306
1306
1307
1307
1307
1307
1307
1307
1307
1308
1309
1309
1310
1310
1310
1310
1311
1312
1313
1313
1314
1314
1315
1315
1316
1316
1317
1317
1317
1317
1318
1318
1318
1318
1318
1320
1320
1320
1321
1321
1321
1321
1322
1322
1322
1324
1324
1324
1325
1326
1326
1327
1327
1327
1327
1328
1328
1328
1329
1329
1329
1330
1330
1330
1330
1332
1332
1332
1333
1333
1333
1333
1334
1334
1334
1335
1336
1336
1337
1337
1337
1338
1338
1338
1339
1339
1341
1342
1342
1342
1342
1343
1343
1344
1344
1344
1344
1344
1345
1347
1347
1347
1348
1348
1348
1351
1351
1352
1353
1354
1354
1356
1356
1357
1358
1358
1358
1358
1359
1359
1359
1360
1360
1360
1360
1360
1360
1362
1362
1362
1362
1362
1363
1363
1363
1364
1364
1364
1365
1365
1366
1366
1366
1366
1367
1368
1368
1368
1368
1369
1370
1370
1373
1375
1376
1377
1377
1378
1378
1378
1379
1379
1379
1379
1379
1379
1379
1379
1380
1380
1380
1380
1381
1381
1381
1381
1382
1383
1384
1384
1384
1385
1385
1386
1386
1386
1389
1389
1389
1390
1390
1390
1391
1391
1391
1391
1391
1392
1392
1392
1393
1394
1394
1395
1396
1396
1397
1397
1398
1398
1398
1398
1398
1398
1399
1399
1399
1399
1400
1400
1402
1402
1402
1403
1403
1405
1406
1406
1406
1406
1407
1407
1407
1407
1407
1407
1408
1408
1408
1409
1410
1411
1412
1412
1412
1413
1413
1413
1413
1413
1414
1414
1414
1414
1414
1415
1415
1417
1417
1417
1417
1418
1418
1418
1418
1419
1419
1419
1419
1419
1420
1420
1420
1421
1422
1422
1422
1422
1422
1423
1423
1424
1424
1424
1424
1425
1425
1425
1425
1426
1426
1426
1427
1427
1427
1427
1427
1428
1428
1428
1428
1429
1429
1430
1431
1431
1431
1432
1432
1432
1433
1434
1434
1435
1436
1436
1436
1437
1437
1437
1437
1438
1438
1438
1438
1439
1439
1439
1440
1441
1441
1441
1442
1443
1443
1443
1444
1444
1444
1445
1446
1446
1446
1446
1446
1447
1449
1449
1449
1449
1449
1450
1450
1450
1450
1450
1451
1451
1451
1451
1452
1452
1452
1452
1454
1454
1455
1455
1455
1455
1455
1456
1456
1457
1458
1460
1461
1462
1463
1463
1464
1464
1465
1465
1465
1465
1465
1466
1466
1466
1466
1467
1467
1468
1468
1468
1469
1469
1469
1469
1470
1470
1471
1471
1471
1472
1472
1473
1474
1474
1474
1475
1475
1475
1476
1476
1477
1477
1477
1477
1479
1479
1479
1480
1480
1481
1481
1481
1482
1482
1482
1483
1484
1484
1485
1485
1485
1486
1486
1487
1487
1487
1488
1488
1488
1488
1488
1489
1489
1489
1489
1489
1489
1490
1490
1490
1490
1491
1491
1491
1493
1493
1494
1494
1494
1494
1494
1494
1495
1495
1495
1496
1497
1497
1498
1499
1499
1499
1500
1500
1501
1502
1502
1503
1503
1504
1505
1505
1505
1505
1505
1506
1507
1508
1508
1509
1509
1510
1510
1510
1510
1511
1511
1512
1512
1513
1513
1513
1514
1515
1515
1517
1517
1518
1518
1519
1519
1519
1519
1520
1520
1521
1521
1521
1522
1522
1522
1522
1522
1522
1522
1523
1523
1524
1524
1525
1525
1525
1525
1526
1526
1526
1526
1526
1527
1527
1528
1528
1529
1530
1530
1531
1532
1533
1533
1533
1533
1533
1534
1534
1535
1536
1537
1537
1537
1537
1538
1538
1538
1539
1539
1539
1540
1541
1541
1541
1541
1541
1542
1543
1543
1543
1543
1543
1544
1545
1545
1545
1546
1546
1547
1547
1548
1550
1550
1550
1551
1551
1551
1552
1552
1552
1553
1553
1554
1554
1554
1555
1556
1556
1557
1557
1558
1559
1559
1559
1560
1560
1560
1561
1561
1562
1562
1563
1563
1563
1564
1564
1564
1564
1565
1565
1565
1566
1566
1567
1567
1568
1568
1568
1568
1568
1569
1569
1569
1569
1570
1571
1571
1572
1572
1572
1572
1572
1572
1573
1573
1573
1573
1574
1574
1576
1576
1576
1576
1576
1577
1577
1577
1578
1578
1578
1579
1579
1580
1581
1583
1583
1583
1584
1584
1585
1585
1585
1586
1586
1587
1587
1587
1587
1588
1588
1589
1589
1589
1589
1589
1589
1589
1590
1590
1590
1591
1591
1592
1592
1592
1593
1593
1594
1594
1594
1594
1595
1595
1595
1596
1596
1597
1597
1598
1598
1599
1600
1602
1602
1602
1603
1604
1605
1605
1605
1606
1606
1607
1607
1608
1608
1608
1609
1610
1610
1611
1611
1611
1611
1611
1612
1612
1612
1612
1613
1614
1614
1615
1615
1615
1615
1616
1618
1618
1619
1619
1619
1620
1620
1622
1622
1622
1622
1623
1624
1624
1624
1624
1625
1625
1626
1626
1627
1627
1627
1627
1628
1629
1629
1630
1631
1632
1632
1632
1632
1634
1636
1636
1637
1637
1637
1638
1638
1639
1639
1639
1639
1640
1640
1641
1641
1642
1643
1644
1644
1645
1645
1646
1646
1646
1647
1649
1650
1652
1652
1652
1652
1652
1652
1653
1654
1654
1654
1655
1655
1656
1656
1656
1657
1659
1659
1661
1661
1661
1661
1662
1663
1663
1663
1663
1663
1663
1664
1664
1665
1666
1666
1666
1666
1667
1667
1667
1668
1670
1671
1671
1672
1672
1673
1673
1673
1674
1674
1675
1676
1676
1676
1676
1676
1676
1676
1677
1677
1677
1677
1677
1678
1678
1678
1678
1678
1678
1679
1679
1679
1679
1680
1680
1680
1681
1682
1682
1683
1684
1684
1684
1685
1685
1686
1686
1687
1687
1687
1687
1687
1687
1689
1690
1690
1691
1691
1692
1692
1692
1693
1693
1693
1693
1694
1694
1694
1696
1696
1696
1697
1697
1698
1698
1698
1699
1699
1699
1699
1701
1701
1701
1701
1703
1703
1703
1704
1705
1705
1706
1707
1707
1708
1708
1708
1709
1710
1710
1710
1711
1711
1711
1712
1712
1712
1713
1713
1713
1714
1715
1715
1715
1716
1716
1716
1716
1717
1717
1718
1718
1719
1719
1719
1719
1720
1720
1721
1722
1723
1723
1724
1724
1725
1725
1725
1728
1728
1729
1729
1730
1730
1731
1731
1732
1732
1733
1733
1733
1733
1734
1734
1734
1735
1735
1735
1736
1737
1737
1738
1738
1738
1738
1738
1740
1740
1740
1740
1742
1743
1743
1743
1744
1745
1745
1746
1746
1746
1746
1747
1747
1748
1748
1748
1749
1749
1749
1749
1750
1750
1751
1751
1752
1752
1753
1753
1755
1755
1755
1756
1756
1756
1757
1757
1758
1758
1759
1760
1761
1761
1762
1762
1762
1763
1763
1764
1764
1764
1765
1765
1766
1766
1767
1768
1768
1768
1769
1769
1770
1770
1770
1771
1771
1772
1772
1773
1773
1773
1774
1774
1774
1774
1774
1775
1775
1775
1775
1775
1776
1777
1778
1778
1778
1778
1778
1779
1779
1779
1780
1781
1781
1781
1782
1782
1782
1782
1783
1783
1783
1784
1785
1785
1786
1786
1786
1786
1787
1787
1787
1788
1788
1788
1789
1790
1790
1790
1791
1791
1791
1791
1792
1792
1793
1794
1794
1794
1794
1794
1794
1795
1795
1795
1795
1796
1796
1796
1796
1797
1797
1798
1798
1798
1798
1799
1799
1800
1800
1801
1801
1801
1802
1802
1803
1803
1803
1804
1804
1804
1804
1805
1805
1805
1805
1806
1806
1807
1807
1808
1808
1808
1808
1810
1810
1810
1810
1811
1811
1811
1811
1812
1812
1812
1812
1813
1813
1813
1813
1813
1813
1813
1813
1813
1813
1813
1814
1814
1814
1815
1815
1815
1815
1815
1816
1818
1818
1818
1819
1819
1820
1820
1820
1821
1821
1821
1821
1821
1822
1823
1823
1823
1823
1824
1824
1824
1824
1825
1825
1826
1826
1827
1828
1829
1829
1829
1829
1830
1830
1831
1832
1832
1833
1833
1833
1834
1835
1835
1836
1837
1837
1838
1839
1839
1840
1840
1840
1840
1841
1841
1841
1842
1842
1842
1843
1844
1844
1844
1844
1844
1845
1845
1846
1846
1847
1848
1848
1848
1848
1848
1848
1849
1850
1850
1851
1851
1852
1852
1852
1853
1853
1854
1854
1855
1855
1856
1856
1856
1857
1857
1857
1857
1858
1858
1858
1858
1858
1859
1859
1859
1860
1860
1860
1861
1861
1861
1861
1862
1862
1863
1864
1864
1864
1866
1866
1866
1866
1866
1867
1868
1868
1868
1868
1869
1869
1870
1870
1871
1872
1873
1873
1874
1874
1874
1875
1875
1876
1876
1877
1877
1877
1878
1878
1878
1878
1878
1878
1879
1879
1879
1879
1880
1880
1882
1882
1882
1883
1883
1883
1884
1884
1885
1885
1886
1886
1887
1887
1887
1887
1888
1888
1888
1889
1889
1889
1889
1889
1889
1890
1890
1890
1891
1891
1891
1892
1892
1892
1892
1893
1893
1893
1894
1894
1894
1894
1895
1896
1896
1897
1897
1897
1897
1897
1898
1898
1898
1898
1898
1899
1899
1900
1900
1900
1901
1901
1901
1901
1901
1902
1902
1903
1905
1905
1905
1905
1906
1907
1907
1907
1907
1909
1910
1911
1911
1912
1912
1912
1912
1913
1913
1913
1914
1915
1915
1915
1915
1916
1916
1916
1916
1916
1917
1918
1918
1918
1918
1918
1919
1919
1919
1919
1920
1922
1922
1922
1924
1924
1925
1925
1926
1926
1926
1927
1927
1928
1929
1931
1931
1931
1932
1932
1932
1932
1934
1934
1935
1936
1936
1936
1936
1938
1938
1938
1939
1939
1939
1939
1940
1941
1941
1941
1941
1941
1942
1943
1943
1943
1943
1943
1944
1944
1945
1945
1946
1946
1946
1946
1946
1946
1946
1947
1947
1947
1947
1947
1947
1948
1948
1948
1948
1948
1949
1949
1949
1950
1951
1951
1952
1952
1952
1952
1952
1952
1952
1953
1953
1953
1954
1954
1954
1954
1954
1954
1955
1955
1955
1956
1956
1957
1958
1958
1959
1959
1960
1960
1961
1961
1962
1963
1963
1963
1963
1963
1964
1965
1966
1966
1966
1966
1967
1968
1968
1970
1970
1970
1971
1971
1971
1971
1972
1973
1974
1974
1974
1975
1976
1976
1976
1976
1976
1976
1977
1977
1978
1978
1978
1978
1979
1979
1980
1980
1980
1981
1981
1982
1983
1983
1983
1983
1984
1984
1985
1985
1985
1985
1985
1985
1986
1986
1986
1986
1987
1987
1987
1988
1988
1989
1989
1990
1990
1990
1991
1991
1991
1992
1993
1994
1994
1995
1995
1995
1995
1996
1996
1997
1998
1998
1998
1999
2000
2000
2000
2000
