
2430
, 18
, 180
, 101
, 97
, 97
, 101
, 40
, 158
, 14
, 184
, 64
, 134
, 164
, 34
, 51
, 147
, 62
, 136
, 9
, 189
, 134
, 64
, 88
, 110
, 108
, 90
, 182
, 16
, 139
, 59
, 156
, 42
, 57
, 141
, 21
, 177
, 186
, 12
, 141
, 57
, 67
, 131
, 131
, 67
, 194
, 4
, 177
, 21
, 58
, 140
, 135
, 63
, 140
, 58
, 147
, 51
, 97
, 101
, 1
, 197
, 69
, 129
, 167
, 31
, 103
, 95
, 90
, 108
, 129
, 69
, 143
, 55
, 112
, 86
, 62
, 136
, 48
, 150
, 86
, 112
, 52
, 146
, 23
, 175
, 104
, 94
, 175
, 23
, 188
, 10
, 125
, 73
, 104
, 94
, 60
, 138
, 15
, 183
, 117
, 81
, 19
, 179
, 21
, 177
, 83
, 115
, 115
, 83
, 109
, 89
, 184
, 14
, 77
, 121
, 193
, 5
, 31
, 167
, 103
, 95
, 70
, 128
, 87
, 111
, 63
, 135
, 138
, 60
, 15
, 183
, 59
, 139
, 80
, 118
, 120
, 78
, 113
, 85
, 85
, 113
, 114
, 84
, 28
, 170
, 189
, 9
, 12
, 186
, 178
, 20
, 22
, 176
, 81
, 117
, 149
, 49
, 185
, 13
, 65
, 133
, 23
, 175
, 8
, 190
, 30
, 168
, 115
, 83
, 163
, 35
, 120
, 78
, 107
, 91
, 96
, 102
, 170
, 28
, 135
, 63
, 36
, 162
, 44
, 154
, 192
, 6
, 123
, 75
, 56
, 142
, 147
, 51
, 106
, 92
, 146
, 52
, 192
, 6
, 196
, 2
, 74
, 124
, 17
, 181
, 79
, 119
, 190
, 8
, 109
, 89
, 62
, 136
, 160
, 38
, 41
, 157
, 75
, 123
, 131
, 67
, 68
, 130
, 63
, 135
, 108
, 90
, 54
, 144
, 50
, 148
, 146
, 52
, 59
, 139
, 45
, 153
, 45
, 153
, 160
, 38
, 165
, 33
, 34
, 164
, 143
, 55
, 179
, 19
, 32
, 166
, 180
, 18
, 185
, 13
, 87
, 111
, 79
, 119
, 18
, 180
, 7
, 191
, 12
, 186
, 55
, 143
, 127
, 71
, 12
, 186
, 20
, 178
, 36
, 162
, 182
, 16
, 100
, 98
, 123
, 75
, 24
, 174
, 166
, 32
, 148
, 50
, 46
, 152
, 65
, 133
, 181
, 17
, 40
, 158
, 108
, 90
, 145
, 53
, 152
, 46
, 109
, 89
, 128
, 70
, 3
, 195
, 124
, 74
, 185
, 13
, 22
, 176
, 129
, 69
, 1
, 197
, 162
, 36
, 183
, 15
, 112
, 86
, 39
, 159
, 126
, 72
, 67
, 131
, 13
, 185
, 41
, 157
, 182
, 16
, 182
, 16
, 170
, 28
, 123
, 75
, 131
, 67
, 20
, 178
, 180
, 18
, 109
, 89
, 21
, 177
, 79
, 119
, 178
, 20
, 131
, 67
, 43
, 155
, 9
, 189
, 71
, 127
, 49
, 149
, 131
, 67
, 53
, 145
, 94
, 104
, 134
, 64
, 115
, 83
, 29
, 169
, 93
, 105
, 124
, 74
, 29
, 169
, 28
, 170
, 182
, 16
, 78
, 120
, 72
, 126
, 45
, 153
, 67
, 131
, 183
, 15
, 162
, 36
, 139
, 59
, 5
, 193
, 106
, 92
, 162
, 36
, 81
, 117
, 169
, 29
, 17
, 181
, 113
, 85
, 77
, 121
, 77
, 121
, 133
, 65
, 143
, 55
, 196
, 2
, 90
, 108
, 188
, 10
, 23
, 175
, 159
, 39
, 132
, 66
, 141
, 57
, 54
, 144
, 112
, 86
, 182
, 16
, 65
, 133
, 135
, 63
, 103
, 95
, 69
, 129
, 63
, 135
, 1
, 197
, 46
, 152
, 95
, 103
, 88
, 110
, 72
, 126
, 160
, 38
, 44
, 154
, 125
, 73
, 159
, 39
, 36
, 162
, 99
, 99
, 92
, 106
, 17
, 181
, 20
, 178
, 156
, 42
, 42
, 156
, 91
, 107
, 42
, 156
, 136
, 62
, 125
, 73
, 49
, 149
, 175
, 23
, 53
, 145
, 87
, 111
, 56
, 142
, 157
, 41
, 153
, 45
, 113
, 85
, 149
, 49
, 81
, 117
, 88
, 110
, 37
, 161
, 38
, 160
, 30
, 168
, 74
, 124
, 123
, 75
, 156
, 42
, 27
, 171
, 67
, 131
, 148
, 50
, 161
, 37
, 156
, 42
, 136
, 62
, 124
, 74
, 186
, 12
, 150
, 48
, 79
, 119
, 76
, 122
, 42
, 156
, 95
, 103
, 195
, 3
, 58
, 140
, 135
, 63
, 162
, 36
, 131
, 67
, 169
, 29
, 187
, 11
, 2
, 196
, 130
, 68
, 9
, 189
, 18
, 180
, 50
, 148
, 10
, 188
, 27
, 171
, 69
, 129
, 196
, 2
, 84
, 114
, 48
, 150
, 100
, 98
, 55
, 143
, 172
, 26
, 196
, 2
, 120
, 78
, 114
, 84
, 80
, 118
, 124
, 74
, 47
, 151
, 161
, 37
, 45
, 153
, 69
, 129
, 180
, 18
, 191
, 7
, 156
, 42
, 175
, 23
, 26
, 172
, 194
, 4
, 137
, 61
, 189
, 9
, 47
, 151
, 154
, 44
, 74
, 124
, 85
, 113
, 94
, 104
, 27
, 171
, 19
, 179
, 28
, 170
, 16
, 182
, 56
, 142
, 130
, 68
, 190
, 8
, 18
, 180
, 184
, 14
, 48
, 150
, 15
, 183
, 174
, 24
, 175
, 23
, 102
, 96
, 28
, 170
, 145
, 53
, 4
, 194
, 79
, 119
, 97
, 101
, 2
, 196
, 49
, 149
, 98
, 100
, 176
, 22
, 156
, 42
, 130
, 68
, 183
, 15
, 14
, 184
, 104
, 94
, 185
, 13
, 191
, 7
, 189
, 9
, 81
, 117
, 168
, 30
, 4
, 194
, 167
, 31
, 26
, 172
, 52
, 146
, 65
, 133
, 158
, 40
, 78
, 120
, 88
, 110
, 141
, 57
, 173
, 25
, 79
, 119
, 116
, 82
, 13
, 185
, 108
, 90
, 143
, 55
, 144
, 54
, 126
, 72
, 172
, 26
, 43
, 155
, 177
, 21
, 78
, 120
, 31
, 167
, 110
, 88
, 108
, 90
, 67
, 131
, 179
, 19
, 81
, 117
, 19
, 179
, 76
, 122
, 64
, 134
, 78
, 120
, 95
, 103
, 175
, 23
, 6
, 192
, 189
, 9
, 63
, 135
, 62
, 136
, 66
, 132
, 194
, 4
, 121
, 77
, 189
, 9
, 98
, 100
, 79
, 119
, 126
, 72
, 16
, 182
, 66
, 132
, 193
, 5
, 176
, 22
, 118
, 80
, 111
, 87
, 89
, 109
, 15
, 183
, 149
, 49
, 147
, 51
, 89
, 109
, 53
, 145
, 88
, 110
, 190
, 8
, 88
, 110
, 188
, 10
, 100
, 98
, 117
, 81
, 132
, 66
, 176
, 22
, 54
, 144
, 144
, 54
, 159
, 39
, 189
, 9
, 146
, 52
, 183
, 15
, 6
, 192
, 104
, 94
, 152
, 46
, 55
, 143
, 27
, 171
, 69
, 129
, 106
, 92
, 196
, 2
, 189
, 9
, 131
, 67
, 139
, 59
, 133
, 65
, 70
, 128
, 3
, 195
, 28
, 170
, 94
, 104
, 100
, 98
, 148
, 50
, 188
, 10
, 52
, 146
, 100
, 98
, 80
, 118
, 64
, 134
, 9
, 189
, 86
, 112
, 180
, 18
, 19
, 179
, 128
, 70
, 140
, 58
, 138
, 60
, 3
, 195
, 188
, 10
, 74
, 124
, 17
, 181
, 44
, 154
, 140
, 58
, 135
, 63
, 123
, 75
, 111
, 87
, 135
, 63
, 43
, 155
, 186
, 12
, 69
, 129
, 165
, 33
, 32
, 166
, 72
, 126
, 66
, 132
, 100
, 98
, 91
, 107
, 25
, 173
, 10
, 188
, 178
, 20
, 51
, 147
, 175
, 23
, 22
, 176
, 63
, 135
, 58
, 140
, 113
, 85
, 127
, 71
, 170
, 28
, 186
, 12
, 186
, 12
, 60
, 138
, 144
, 54
, 1
, 197
, 35
, 163
, 156
, 42
, 57
, 141
, 118
, 80
, 129
, 69
, 190
, 8
, 135
, 63
, 63
, 135
, 20
, 178
, 56
, 142
, 189
, 9
, 194
, 4
, 54
, 144
, 85
, 113
, 149
, 49
, 157
, 41
, 33
, 165
, 45
, 153
, 23
, 175
, 148
, 50
, 122
, 76
, 164
, 34
, 68
, 130
, 55
, 143
, 53
, 145
, 135
, 63
, 148
, 50
, 143
, 55
, 127
, 71
, 94
, 104
, 158
, 40
, 159
, 39
, 134
, 64
, 54
, 144
, 34
, 164
, 62
, 136
, 128
, 70
, 103
, 95
, 68
, 130
, 48
, 150
, 38
, 160
, 17
, 181
, 49
, 149
, 86
, 112
, 71
, 127
, 35
, 163
, 32
, 166
, 57
, 141
, 136
, 62
, 169
, 29
, 148
, 50
, 52
, 146
, 4
, 194
, 71
, 127
, 27
, 171
, 74
, 124
, 15
, 183
, 156
, 42
, 27
, 171
, 180
, 18
, 63
, 135
, 76
, 122
, 107
, 91
, 65
, 133
, 103
, 95
, 2
, 196
, 99
, 99
, 33
, 165
, 42
, 156
, 67
, 131
, 193
, 5
, 49
, 149
, 106
, 92
, 2
, 196
, 32
, 166
, 33
, 165
, 183
, 15
, 65
, 133
, 83
, 115
, 122
, 76
, 36
, 162
, 122
, 76
, 59
, 139
, 94
, 104
, 130
, 68
, 50
, 148
, 46
, 152
, 81
, 117
, 36
, 162
, 7
, 191
, 80
, 118
, 21
, 177
, 54
, 144
, 110
, 88
, 56
, 142
, 73
, 125
, 182
, 16
, 103
, 95
, 124
, 74
, 62
, 136
, 85
, 113
, 160
, 38
, 88
, 110
, 48
, 150
, 120
, 78
, 17
, 181
, 11
, 187
, 127
, 71
, 78
, 120
, 114
, 84
, 101
, 97
, 20
, 178
, 144
, 54
, 184
, 14
, 79
, 119
, 72
, 126
, 63
, 135
, 170
, 28
, 17
, 181
, 27
, 171
, 179
, 19
, 91
, 107
, 53
, 145
, 97
, 101
, 172
, 26
, 107
, 91
, 81
, 117
, 180
, 18
, 76
, 122
, 133
, 65
, 58
, 140
, 106
, 92
, 4
, 194
, 3
, 195
, 116
, 82
, 195
, 3
, 93
, 105
, 134
, 64
, 17
, 181
, 174
, 24
, 95
, 103
, 88
, 110
, 5
, 193
, 163
, 35
, 27
, 171
, 62
, 136
, 175
, 23
, 54
, 144
, 146
, 52
, 176
, 22
, 192
, 6
, 179
, 19
, 79
, 119
, 103
, 95
, 45
, 153
, 187
, 11
, 115
, 83
, 32
, 166
, 56
, 142
, 169
, 29
, 120
, 78
, 5
, 193
, 39
, 159
, 47
, 151
, 47
, 151
, 118
, 80
, 10
, 188
, 159
, 39
, 182
, 16
, 53
, 145
, 78
, 120
, 185
, 13
, 3
, 195
, 127
, 71
, 167
, 31
, 128
, 70
, 81
, 117
, 87
, 111
, 122
, 76
, 9
, 189
, 74
, 124
, 99
, 99
, 159
, 39
, 31
, 167
, 146
, 52
, 166
, 32
, 175
, 23
, 188
, 10
, 147
, 51
, 152
, 46
, 8
, 190
, 17
, 181
, 48
, 150
, 121
, 77
, 125
, 73
, 166
, 32
, 29
, 169
, 26
, 172
, 15
, 183
, 9
, 189
, 140
, 58
, 95
, 103
, 166
, 32
, 122
, 76
, 51
, 147
, 8
, 190
, 20
, 178
, 152
, 46
, 105
, 93
, 58
, 140
, 2
, 196
, 124
, 74
, 57
, 141
, 157
, 41
, 69
, 129
, 158
, 40
, 48
, 150
, 142
, 56
, 184
, 14
, 170
, 28
, 63
, 135
, 44
, 154
, 66
, 132
, 159
, 39
, 48
, 150
, 51
, 147
, 3
, 195
, 21
, 177
, 8
, 190
, 12
, 186
, 154
, 44
, 95
, 103
, 159
, 39
, 41
, 157
, 78
, 120
, 65
, 133
, 56
, 142
, 184
, 14
, 45
, 153
, 129
, 69
, 33
, 165
, 153
, 45
, 144
, 54
, 180
, 18
, 180
, 18
, 132
, 66
, 68
, 130
, 185
, 13
, 32
, 166
, 93
, 105
, 186
, 12
, 19
, 179
, 41
, 157
, 82
, 116
, 185
, 13
, 167
, 31
, 49
, 149
, 144
, 54
, 165
, 33
, 95
, 103
, 167
, 31
, 113
, 85
, 48
, 150
, 195
, 3
, 101
, 97
, 25
, 173
, 128
, 70
, 79
, 119
, 5
, 193
, 52
, 146
, 143
, 55
, 90
, 108
, 76
, 122
, 69
, 129
, 192
, 6
, 55
, 143
, 8
, 190
, 68
, 130
, 22
, 176
, 144
, 54
, 145
, 53
, 151
, 47
, 161
, 37
, 55
, 143
, 97
, 101
, 65
, 133
, 78
, 120
, 73
, 125
, 74
, 124
, 193
, 5
, 110
, 88
, 131
, 67
, 126
, 72
, 116
, 82
, 81
, 117
, 21
, 177
, 171
, 27
, 8
, 190
, 5
, 193
, 44
, 154
, 4
, 194
, 83
, 115
, 115
, 83
, 151
, 47
, 134
, 64
, 106
, 92
, 48
, 150
, 83
, 115
, 32
, 166
, 14
, 184
, 5
, 193
, 139
, 59
, 122
, 76
, 44
, 154
, 46
, 152
, 48
, 150
, 4
, 194
, 138
, 60
, 185
, 13
, 57
, 141
, 136
, 62
, 150
, 48
, 71
, 127
, 170
, 28
, 77
, 121
, 120
, 78
, 4
, 194
, 57
, 141
, 174
, 24
, 153
, 45
, 105
, 93
, 16
, 182
, 148
, 50
, 55
, 143
, 71
, 127
, 92
, 106
, 117
, 81
, 53
, 145
, 60
, 138
, 86
, 112
, 1
, 197
, 108
, 90
, 167
, 31
, 122
, 76
, 57
, 141
, 149
, 49
, 63
, 135
, 133
, 65
, 127
, 71
, 169
, 29
, 191
, 7
, 162
, 36
, 43
, 155
, 5
, 193
, 55
, 143
, 129
, 69
, 140
, 58
, 179
, 19
, 52
, 146
, 45
, 153
, 69
, 129
, 148
, 50
, 79
, 119
, 135
, 63
, 12
, 186
, 119
, 79
, 96
, 102
, 121
, 77
, 49
, 149
, 103
, 95
, 90
, 108
, 14
, 184
, 182
, 16
, 38
, 160
, 138
, 60
, 11
, 187
, 49
, 149
, 75
, 123
, 83
, 115
, 184
, 14
, 162
, 36
, 135
, 63
, 50
, 148
, 48
, 150
, 15
, 183
, 109
, 89
, 146
, 52
, 84
, 114
, 74
, 124
, 100
, 98
, 123
, 75
, 163
, 35
, 56
, 142
, 110
, 88
, 34
, 164
, 88
, 110
, 119
, 79
, 92
, 106
, 175
, 23
, 70
, 128
, 191
, 7
, 89
, 109
, 48
, 150
, 48
, 150
, 81
, 117
, 93
, 105
, 181
, 17
, 138
, 60
, 104
, 94
, 1
, 197
, 71
, 127
, 84
, 114
, 122
, 76
, 41
, 157
, 87
, 111
, 178
, 20
, 48
, 150
, 90
, 108
, 43
, 155
, 176
, 22
, 2
, 196
, 23
, 175
, 127
, 71
, 15
, 183
, 104
, 94
, 14
, 184
, 71
, 127
, 107
, 91
, 84
, 114
, 33
, 165
, 178
, 20
, 96
, 102
, 167
, 31
, 187
, 11
, 157
, 41
, 93
, 105
, 21
, 177
, 59
, 139
, 92
, 106
, 103
, 95
, 10
, 188
, 127
, 71
, 9
, 189
, 135
, 63
, 169
, 29
, 10
, 188
, 169
, 29
, 109
, 89
, 162
, 36
, 126
, 72
, 83
, 115
, 64
, 134
, 127
, 71
, 99
, 99
, 174
, 24
, 96
, 102
, 50
, 148
, 142
, 56
, 35
, 163
, 6
, 192
, 164
, 34
, 158
, 40
, 142
, 56
, 93
, 105
, 108
, 90
, 62
, 136
, 166
, 32
, 21
, 177
, 97
, 101
, 164
, 34
, 39
, 159
, 149
, 49
, 33
, 165
, 56
, 142
, 16
, 182
, 152
, 46
, 155
, 43
, 73
, 125
, 172
, 26
, 34
, 164
, 22
, 176
, 160
, 38
, 166
, 32
, 174
, 24
, 35
, 163
, 142
, 56
, 35
, 163
, 176
, 22
, 194
, 4
, 126
, 72
, 72
, 126
, 7
, 191
, 106
, 92
, 117
, 81
, 81
, 117
, 108
, 90
, 124
, 74
, 52
, 146
, 16
, 182
, 172
, 26
, 60
, 138
, 120
, 78
, 90
, 108
, 62
, 136
, 144
, 54
, 31
, 167
, 71
, 127
, 156
, 42
, 53
, 145
, 126
, 72
, 37
, 161
, 105
, 93
, 165
, 33
, 94
, 104
, 62
, 136
, 171
, 27
, 41
, 157
, 147
, 51
, 164
, 34
, 96
, 102
, 133
, 65
, 28
, 170
, 68
, 130
, 62
, 136
, 7
, 191
, 195
, 3
, 146
, 52
, 175
, 23
, 62
, 136
, 102
, 96
, 157
, 41
, 56
, 142
, 85
, 113
, 80
, 118
, 83
, 115
, 129
, 69
, 144
, 54
, 189
, 9
, 67
, 131
, 27
, 171
, 162
, 36
, 18
, 180
, 88
, 110
, 125
, 73
, 167
, 31
, 187
, 11
, 127
, 71
, 158
, 40
, 126
, 72
, 80
, 118
, 118
, 80
, 183
, 15
, 170
, 28
, 151
, 47
, 183
, 15
, 132
, 66
, 97
, 101
, 108
, 90
, 95
, 103
, 33
, 165
, 89
, 109
, 174
, 24
, 59
, 139
, 131
, 67
, 30
, 168
, 46
, 152
, 73
, 125
, 9
, 189
, 164
, 34
, 80
, 118
, 149
, 49
, 119
, 79
, 60
, 138
, 188
, 10
, 41
, 157
, 9
, 189
, 48
, 150
, 72
, 126
, 135
, 63
, 9
, 189
, 17
, 181
, 46
, 152
, 174
, 24
, 131
, 67
, 49
, 149
, 155
, 43
, 131
, 67
, 193
, 5
, 134
, 64
, 183
, 15
, 195
, 3
, 58
, 140
, 12
, 186
, 104
, 94
, 162
, 36
, 96
, 102
, 30
, 168
, 32
, 166
, 20
, 178
, 109
, 89
, 112
, 86
, 17
, 181
, 168
, 30
, 89
, 109
, 25
, 173
, 183
, 15
, 151
, 47
, 155
, 43
, 161
, 37
, 171
, 27
, 55
, 143
, 73
, 125
, 16
, 182
, 102
, 96
, 174
, 24
, 74
, 124
, 105
, 93
, 13
, 185
, 53
, 145
, 108
, 90
, 150
, 48
, 180
, 18
, 23
, 175
, 195
, 3
, 141
, 57
, 181
, 17
, 52
, 146
, 59
, 139
, 114
, 84
, 149
, 49
, 24
, 174
, 182
, 16
, 47
, 151
, 47
, 151
, 39
, 159
, 188
, 10
, 146
, 52
, 18
, 180
, 40
, 158
, 82
, 116
, 38
, 160
, 144
, 54
, 21
, 177
, 78
, 120
, 77
, 121
, 7
, 191
, 25
, 173
, 53
, 145
, 132
, 66
, 65
, 133
, 75
, 123
, 14
, 184
, 167
, 31
, 53
, 145
, 89
, 109
, 108
, 90
, 47
, 151
, 25
, 173
, 128
, 70
, 124
, 74
, 6
, 192
, 113
, 85
, 89
, 109
, 51
, 147
, 106
, 92
, 123
, 75
, 31
, 167
, 3
, 195
, 77
, 121
, 73
, 125
, 138
, 60
, 155
, 43
, 67
, 131
, 192
, 6
, 167
, 31
, 77
, 121
, 45
, 153
, 183
, 15
, 151
, 47
, 25
, 173
, 169
, 29
, 5
, 193
, 48
, 150
, 75
, 123
, 97
, 101
, 161
, 37
, 38
, 160
, 5
, 193
, 98
, 100
, 142
, 56
, 196
, 2
, 57
, 141
, 41
, 157
, 141
, 57
, 141
, 57
, 64
, 134
, 50
, 148
, 114
, 84
, 19
, 179
, 57
, 141
, 92
, 106
, 170
, 28
, 12
, 186
, 156
, 42
, 51
, 147
, 36
, 162
, 20
, 178
, 168
, 30
, 134
, 64
, 134
, 64
, 63
, 135
, 137
, 61
, 99
, 99
, 58
, 140
, 142
, 56
, 22
, 176
, 31
, 167
, 166
, 32
, 121
, 77
, 114
, 84
, 138
, 60
, 68
, 130
, 185
, 13
, 29
, 169
, 157
, 41
, 20
, 178
, 133
, 65
, 64
, 134
, 6
, 192
, 41
, 157
, 4
, 194
, 131
, 67
, 160
, 38
, 61
, 137
, 31
, 167
, 155
, 43
, 28
, 170
, 66
, 132
, 176
, 22
, 71
, 127
, 168
, 30
, 158
, 40
, 162
, 36
, 76
, 122
, 144
, 54
, 25
, 173
, 114
, 84
, 104
, 94
, 191
, 7
, 35
, 163
, 85
, 113
, 40
, 158
, 102
, 96
, 183
, 15
, 191
, 7
, 52
, 146
, 125
, 73
, 180
, 18
, 81
, 117
, 5
, 193
, 57
, 141
, 94
, 104
, 192
, 6
, 27
, 171
, 89
, 109
, 116
, 82
, 154
, 44
, 52
, 146
, 177
, 21
, 48
, 150
, 160
, 38
, 144
, 54
, 135
, 63
, 60
, 138
, 151
, 47
, 119
, 79
, 152
, 46
, 160
, 38
, 90
, 108
, 39
, 159
, 85
, 113
, 119
, 79
, 107
, 91
, 67
, 131
, 195
, 3
, 175
, 23
, 153
, 45
, 158
, 40
, 185
, 13
, 116
, 82
, 129
, 69
, 134
, 64
, 22
, 176
, 171
, 27
, 132
, 66
, 151
, 47
, 110
, 88
, 91
, 107
, 109
, 89
, 85
, 113
, 164
, 34
, 113
, 85
, 62
, 136
, 50
, 148
, 6
, 192
, 148
, 50
, 182
, 16
, 80
, 118
, 20
, 178
, 36
, 162
, 11
, 187
, 90
, 108
, 54
, 144
, 37
, 161
, 117
, 81
, 60
, 138
, 182
, 16
, 83
, 115
, 41
, 157
, 55
, 143
, 120
, 78
, 128
, 70
, 157
, 41
, 133
, 65
, 62
, 136
, 135
, 63
, 181
, 17
, 25
, 173
, 178
, 20
, 132
, 66
, 77
, 121
, 174
, 24
, 193
, 5
, 15
, 183
, 127
, 71
, 102
, 96
, 76
, 122
, 71
, 127
, 44
, 154
, 181
, 17
, 129
, 69
, 9
, 189
, 145
, 53
, 118
, 80
, 41
, 157
, 19
, 179
, 51
, 147
, 25
, 173
, 30
, 168
, 1
, 197
, 16
, 182
, 71
, 127
, 147
, 51
, 117
, 81
, 64
, 134
, 97
, 101
, 165
, 33
, 19
, 179
, 187
, 11
, 157
, 41
, 96
, 102
, 153
, 45
, 99
, 99
, 72
, 126
, 184
, 14
, 136
, 62
, 22
, 176
, 76
, 122
, 56
, 142
, 35
, 163
, 159
, 39
, 155
, 43
, 129
, 69
, 185
, 13
, 141
, 57
, 32
, 166
, 25
, 173
, 34
, 164
, 84
, 114
, 2
, 196
, 47
, 151
, 49
, 149
, 38
, 160
, 32
, 166
, 3
, 195
, 98
, 100
, 29
, 169
, 77
, 121
, 193
, 5
, 102
, 96
, 15
, 183
, 151
, 47
, 130
, 68
, 143
, 55
, 2
, 196
, 32
, 166
, 134
, 64
, 50
, 148
, 190
, 8
, 97
, 101
, 86
, 112
, 155
, 43
, 91
, 107
, 84
, 114
, 8
, 190
, 135
, 63
, 156
, 42
, 149
, 49
, 170
, 28
, 141
, 57
, 5
, 193
, 175
, 23
, 119
, 79
, 153
, 45
, 115
, 83
, 19
, 179
, 102
, 96
, 84
, 114
, 188
, 10
, 45
, 153
, 23
, 175
, 49
, 149
, 32
, 166
, 38
, 160
, 145
, 53
, 192
, 6
, 192
, 6
, 36
, 162
, 73
, 125
, 74
, 124
, 78
, 120
, 23
, 175
, 53
, 145
, 196
, 2
, 124
, 74
, 186
, 12
, 103
, 95
, 49
, 149
, 170
, 28
, 170
, 28
, 176
, 22
, 2
, 196
, 100
, 98
, 39
, 159
, 85
, 113
, 93
, 105
, 68
, 130
, 74
, 124
, 78
, 120
, 148
, 50
, 63
, 135
, 13
, 185
, 156
, 42
, 1
, 197
, 57
, 141
, 5
, 193
, 96
, 102
, 65
, 133
, 192
, 6
, 71
, 127
, 23
, 175
, 181
, 17
, 60
, 138
, 189
, 9
, 177
, 21
, 105
, 93
, 25
, 173
, 45
, 153
, 41
, 157
, 81
, 117
, 147
, 51
, 121
, 77
, 176
, 22
, 33
, 165
, 155
, 43
, 181
, 17
, 82
, 116
, 190
, 8
, 147
, 51
, 112
, 86
, 188
, 10
, 152
, 46
, 90
, 108
, 129
, 69
, 135
, 63
, 92
, 106
, 154
, 44
, 109
, 89
, 176
, 22
, 140
, 58
, 115
, 83
, 86
, 112
, 17
, 181
, 1
, 197
, 44
, 154
, 32
, 166
, 28
, 170
, 40
, 158
, 20
, 178
, 24
, 174
, 8
, 190
, 49
, 149
, 159
, 39
, 7
, 191
, 8
, 190
, 50
, 148
, 113
, 85
, 14
, 184
, 49
, 149
, 93
, 105
, 53
, 145
, 43
, 155
, 44
, 154
, 143
, 55
, 72
, 126
, 177
, 21
, 152
, 46
, 55
, 143
, 101
, 97
, 89
, 109
, 187
, 11
, 13
, 185
, 140
, 58
, 138
, 60
, 115
, 83
, 23
, 175
, 185
, 13
, 17
, 181
, 44
, 154
, 43
, 155
, 58
, 140
, 25
, 173
, 15
, 183
, 109
, 89
, 41
, 157
, 30
, 168
, 18
, 180
, 153
, 45
, 78
, 120
, 37
, 161
, 167
, 31
, 55
, 143
, 176
, 22
, 2
, 196
, 195
, 3
, 17
, 181
, 38
, 160
, 180
, 18
, 61
, 137
, 147
, 51
, 80
, 118
, 186
, 12
, 32
, 166
, 106
, 92
, 46
, 152
, 79
, 119
, 181
, 17
, 124
, 74
, 110
, 88
, 88
, 110
, 191
, 7
, 147
, 51
, 154
, 44
, 194
, 4
, 97
, 101
, 71
, 127
, 132
, 66
, 46
, 152
, 132
, 66
, 67
, 131
, 18
, 180
, 96
, 102
, 67
, 131
, 154
, 44
, 108
, 90
, 25
, 173
, 154
, 44
, 8
, 190
, 82
, 116
, 179
, 19
, 76
, 122
, 93
, 105
, 49
, 149
, 63
, 135
, 8
, 190
, 15
, 183
, 52
, 146
, 82
, 116
, 3
, 195
, 193
, 5
, 6
, 192
, 74
, 124
, 90
, 108
, 51
, 147
, 165
, 33
, 129
, 69
, 70
, 128
, 192
, 6
, 20
, 178
, 111
, 87
, 160
, 38
, 140
, 58
, 27
, 171
, 110
, 88
, 135
, 63
, 132
, 66
, 177
, 21
, 129
, 69
, 116
, 82
, 22
, 176
, 97
, 101
, 38
, 160
, 94
, 104
, 173
, 25
, 12
, 186
, 18
, 180
, 148
, 50
, 151
, 47
, 100
, 98
, 15
, 183
, 41
, 157
, 9
, 189
, 139
, 59
, 63
, 135
, 180
, 18
, 104
, 94
, 27
, 171
, 34
, 164
, 177
, 21
, 17
, 181
, 46
, 152
, 82
, 116
, 130
, 68
, 83
, 115
, 29
, 169
, 138
, 60
, 99
, 99
, 107
, 91
, 95
, 103
, 58
, 140
, 86
, 112
, 123
, 75
, 36
, 162
, 11
, 187
, 71
, 127
, 161
, 37
, 153
, 45
, 180
, 18
, 101
, 97
, 136
, 62
, 65
, 133
, 179
, 19
, 129
, 69
, 114
, 84
, 167
, 31
, 134
, 64
, 166
, 32
, 69
, 129
, 186
, 12
, 5
, 193
, 68
, 130
, 50
, 148
, 170
, 28
, 184
, 14
, 144
, 54
, 77
, 121
, 109
, 89
, 158
, 40
, 166
, 32
, 52
, 146
, 57
, 141
, 96
, 102
, 53
, 145
, 175
, 23
, 47
, 151
, 62
, 136
, 127
, 71
, 22
, 176
, 156
, 42
, 82
, 116
, 127
, 71
, 7
, 191
, 46
, 152
, 16
, 182
, 94
, 104
, 188
, 10
, 65
, 133
, 124
, 74
, 111
, 87
, 178
, 20
, 44
, 154
, 114
, 84
, 92
, 106
, 50
, 148
, 64
, 134
, 68
, 130
, 39
, 159
, 175
, 23
, 73
, 125
, 85
, 113
, 108
, 90
, 94
, 104
, 24
, 174
, 48
, 150
, 194
, 4
, 123
, 75
, 147
, 51
, 146
, 52
, 100
, 98
, 28
, 170
, 80
, 118
, 142
, 56
, 108
, 90
, 39
, 159
, 161
, 37
, 58
, 140
, 9
, 189
, 62
, 136
, 183
, 15
, 1
, 197
, 168
, 30
, 137
, 61
, 186
, 12
, 162
, 36
, 1
, 197
, 173
, 25
, 141
, 57
, 184
, 14
, 18
, 180
, 180
, 18
, 171
, 27
, 64
, 134
, 57
, 141
, 107
, 91
, 151
, 47
, 176
, 22
, 53
, 145
, 114
, 84
, 172
, 26
, 77
, 121
, 106
, 92
, 25
, 173
, 82
, 116
, 11
, 187
, 182
, 16
, 72
, 126
, 126
, 72
, 28
, 170
, 85
, 113
, 52
, 146
, 75
, 123
, 138
, 60
, 135
, 63
, 68
, 130
, 39
, 159
, 190
, 8
, 146
, 52
, 46
, 152
, 169
, 29
, 43
, 155
, 182
, 16
, 190
, 8
, 24
, 174
, 180
, 18
, 66
, 132
, 159
, 39
, 151
, 47
, 124
, 74
, 5
, 193
, 128
, 70
, 103
, 95
, 127
, 71
, 159
, 39
, 166
, 32
, 121
, 77
, 113
, 85
, 168
, 30
, 165
, 33
, 183
, 15
, 157
, 41
, 144
, 54
, 12
, 186
, 21
, 177
, 112
, 86
, 158
, 40
, 137
, 61
, 120
, 78
, 124
, 74
, 194
, 4
, 8
, 190
, 119
, 79
, 34
, 164
, 147
, 51
, 30
, 168
, 46
, 152
, 6
, 192
, 31
, 167
, 173
, 25
, 17
, 181
, 61
, 137
, 73
, 125
, 11
, 187
, 115
, 83
, 166
, 32
, 187
, 11
, 98
, 100
, 63
, 135
, 130
, 68
, 138
, 60
, 92
, 106
, 175
, 23
, 123
, 75
, 60
, 138
, 90
, 108
, 59
, 139
, 88
, 110
, 122
, 76
, 97
, 101
, 31
, 167
, 184
, 14
, 148
, 50
, 107
, 91
, 96
, 102
, 89
, 109
, 29
, 169
, 9
, 189
, 105
, 93
, 176
, 22
, 21
, 177
, 186
, 12
, 190
, 8
, 169
, 29
, 106
, 92
, 23
, 175
, 107
, 91
, 14
, 184
, 98
, 100
, 52
, 146
, 81
, 117
, 119
, 79
, 153
, 45
, 9
, 189
, 114
, 84
, 151
, 47
, 148
, 50
, 171
, 27
, 132
, 66
, 37
, 161
, 95
, 103
, 140
, 58
, 83
, 115
, 138
, 60
, 190
, 8
, 71
, 127
, 195
, 3
, 138
, 60
, 175
, 23
, 20
, 178
, 171
, 27
, 151
, 47
, 165
, 33
, 77
, 121
, 8
, 190
, 27
, 171
, 9
, 189
, 143
, 55
, 109
, 89
, 115
, 83
, 157
, 41
, 34
, 164
, 3
, 195
, 176
, 22
, 74
, 124
, 93
, 105
, 181
, 17
, 10
, 188
, 37
, 161
, 135
, 63
, 55
, 143
, 23
, 175
, 88
, 110
, 73
, 125
, 161
, 37
, 5
, 193
, 60
, 138
, 119
, 79
, 1
, 197
, 119
, 79
, 48
, 150
, 113
, 85
, 87
, 111
, 12
, 186
, 183
, 15
, 158
, 40
, 149
, 49
, 158
, 40
, 187
, 11
, 91
, 107
, 157
, 41
, 104
, 94
, 11
, 187
, 55
, 143
, 159
, 39
, 84
, 114
, 73
, 125
, 139
, 59
, 164
, 34
, 168
, 30
, 38
, 160
, 34
, 164
, 151
, 47
, 85
, 113
, 182
, 16
, 99
, 99
, 78
, 120
, 96
, 102
, 14
, 184
, 110
, 88
, 77
, 121
, 128
, 70
, 164
, 34
, 79
, 119
, 38
, 160
, 99
, 99
, 56
, 142
, 56
, 142
, 76
, 122
, 87
, 111
, 89
, 109
, 1
, 197
, 42
, 156
, 178
, 20
, 189
, 9
, 163
, 35
, 3
, 195
, 167
, 31
, 85
, 113
, 145
, 53
, 2
, 196
, 178
, 20
, 167
, 31
, 192
, 6
, 143
, 55
, 113
, 85
, 29
, 169
, 9
, 189
, 158
, 40
, 116
, 82
, 128
, 70
, 108
, 90
, 66
, 132
, 77
, 121
, 14
, 184
, 58
, 140
, 88
, 110
, 106
, 92
, 171
, 27
, 19
, 179
, 68
, 130
, 82
, 116
, 99
, 99
, 6
, 192
, 30
, 168
, 119
, 79
, 128
, 70
, 195
, 3
, 162
, 36
, 26
, 172
, 150
, 48
, 141
, 57
, 103
, 95
, 52
, 146
, 75
, 123
, 130
, 68
, 48
, 150
, 139
, 59
, 88
, 110
, 154
, 44
, 78
, 120
, 192
, 6
, 52
, 146
, 181
, 17
, 80
, 118
, 18
, 180
, 148
, 50
, 163
, 35
, 44
, 154
, 23
, 175
, 35
, 163
, 190
, 8
, 153
, 45
, 70
, 128
, 123
, 75
, 105
, 93
, 107
, 91
, 139
, 59
, 105
, 93
, 3
, 195
, 74
, 124
, 162
, 36
, 191
, 7
, 30
, 168
, 69
, 129
, 107
, 91
, 60
, 138
, 4
, 194
, 24
, 174
, 28
, 170
, 145
, 53
, 59
, 139
, 33
, 165
, 71
, 127
, 52
, 146
, 161
, 37
, 177
, 21
, 156
, 42
, 98
, 100
, 107
, 91
, 135
, 63
, 75
, 123
, 99
, 99
, 117
, 81
, 161
, 37
, 129
, 69
, 7
, 191
, 175
, 23
, 12
, 186
, 114
, 84
, 105
, 93
, 51
, 147
, 126
, 72
, 26
, 172
, 195
, 3
, 138
, 60
, 21
, 177
, 149
, 49
, 34
, 164
, 174
, 24
, 64
, 134
, 156
, 42
, 103
, 95
, 56
, 142
, 7
, 191
, 16
, 182
, 2
, 196
, 108
, 90
, 83
, 115
, 95
, 103
, 172
, 26
, 25
, 173
, 112
, 86
, 19
, 179
, 179
, 19
, 145
, 53
, 136
, 62
, 68
, 130
, 110
, 88
, 150
, 48
, 51
, 147
, 59
, 139
, 95
, 103
, 56
, 142
, 81
, 117
, 104
, 94
, 81
, 117
, 39
, 159
, 139
, 59
, 7
, 191
, 80
, 118
, 158
, 40
, 5
, 193
, 74
, 124
, 106
, 92
, 151
, 47
, 178
, 20
, 51
, 147
, 112
, 86
, 37
, 161
, 182
, 16
, 171
, 27
, 133
, 65
, 110
, 88
, 162
, 36
, 70
, 128
, 129
, 69
, 155
, 43
, 76
, 122
, 42
, 156
, 60
, 138
, 24
, 174
, 89
, 109
, 157
, 41
, 89
, 109
, 20
, 178
, 139
, 59
, 135
, 63
, 129
, 69
, 98
, 100
, 72
, 126
, 126
, 72
, 57
, 141
, 22
, 176
, 30
, 168
, 140
, 58
, 77
, 121
, 186
, 12
, 27
, 171
, 166
, 32
, 90
, 108
, 110
, 88
, 17
, 181
, 99
, 99
, 51
, 147
, 14
, 184
, 127
, 71
, 79
, 119
, 56
, 142
, 106
, 92
, 8
, 190
, 8
, 190
, 177
, 21
, 99
, 99
, 160
, 38
, 164
, 34
, 43
, 155
, 170
, 28
, 155
, 43
, 194
, 4
, 178
, 20
, 21
, 177
, 139
, 59
, 115
, 83
, 23
, 175
, 160
, 38
, 106
, 92
, 130
, 68
, 60
, 138
, 26
, 172
, 192
, 6
, 168
, 30
, 33
, 165
, 30
, 168
, 187
, 11
, 102
, 96
, 93
, 105
, 22
, 176
, 148
, 50
, 77
, 121
, 98
, 100
, 172
, 26
, 147
, 51
, 151
, 47
, 90
, 108
, 144
, 54
, 120
, 78
, 29
, 169
, 37
, 161
, 94
, 104
, 167
, 31
, 102
, 96
, 109
, 89
, 10
, 188
, 153
, 45
, 66
, 132
, 137
, 61
, 149
, 49
, 26
, 172
, 162
, 36
, 95
, 103
, 53
, 145
, 124
, 74
, 139
, 59
, 185
, 13
, 34
, 164
, 154
, 44
, 99
, 99
, 43
, 155
, 109
, 89
, 58
, 140
, 52
, 146
, 76
, 122
, 30
, 168
, 189
, 9
, 38
, 160
, 173
, 25
, 170
, 28
, 22
, 176
, 88
, 110
, 54
, 144
, 95
, 103
, 106
, 92
, 158
, 40
, 33
, 165
, 117
, 81
, 160
, 38
, 35
, 163
, 158
, 40
, 128
, 70
, 133
, 65
, 79
, 119
, 125
, 73
, 166
, 32
, 104
, 94
, 121
, 77
, 136
, 62
, 22
, 176
, 41
, 157
, 175
, 23
, 60
, 138
, 132
, 66
, 5
, 193
, 82
, 116
, 9
, 189
, 121
, 77
, 172
, 26
, 152
, 46
, 185
, 13
, 47
, 151
, 73
, 125
, 134
, 64
, 87
, 111
, 126
, 72
, 58
, 140
, 38
, 160
, 43
, 155
, 142
, 56
, 195
, 3
, 103
, 95
, 37
, 161
, 159
, 39
, 194
, 4
, 116
, 82
, 21
, 177
, 13
, 185
, 173
, 25
, 114
, 84
, 88
, 110
, 40
, 158
, 138
, 60
, 26
, 172
, 62
, 136
, 51
, 147
, 147
, 51
, 100
, 98
, 130
, 68
, 139
, 59
, 101
, 97
, 191
, 7
, 166
, 32
, 17
, 181
, 130
, 68
, 64
, 134
, 127
, 71
, 15
, 183
, 37
, 161
, 94
, 104
, 129
, 69
, 123
, 75
, 119
, 79
, 151
, 47
, 45
, 153
, 140
, 58
, 193
, 5
, 22
, 176
, 104
, 94
, 114
, 84
, 89
, 109
, 176
, 22
, 69
, 129
, 195
, 3
, 93
, 105
, 95
, 103
, 143
, 55
, 143
, 55
, 185
, 13
, 178
, 20
, 97
, 101
, 180
, 18
, 77
, 121
, 49
, 149
, 85
, 113
, 191
, 7
, 69
, 129
, 48
, 150
, 39
, 159
, 43
, 155
, 46
, 152
, 25
, 173
, 188
, 10
, 76
, 122
, 119
, 79
, 33
, 165
, 133
, 65
, 183
, 15
, 125
, 73
, 118
, 80
, 162
, 36
, 56
, 142
, 171
, 27
, 50
, 148
, 188
, 10
, 82
, 116
, 179
, 19
, 194
, 4
, 12
, 186
, 133
, 65
, 68
, 130
, 161
, 37
, 2
, 196
, 103
, 95
, 23
, 175
, 68
, 130
, 160
, 38
, 52
, 146
, 141
, 57
, 30
, 168
, 38
, 160
, 106
, 92
, 37
, 161
, 137
, 61
, 81
, 117
, 159
, 39
, 59
, 139
, 76
, 122
, 116
, 82
, 14
, 184
, 123
, 75
, 118
, 80
, 92
, 106
, 36
, 162
, 57
, 141
, 8
, 190
, 32
, 166
, 110
, 88
, 25
, 173
, 53
, 145
, 194
, 4
, 78
, 120
, 36
, 162
, 101
, 97
, 80
, 118
, 135
, 63
, 176
, 22
, 131
, 67
, 28
, 170
, 36
, 162
, 155
, 43
, 124
, 74
, 130
, 68
, 107
, 91
, 77
, 121
, 162
, 36
, 134
, 64
, 11
, 187
, 33
, 165
, 188
, 10
, 2
, 196
, 169
, 29
, 5
, 193
, 158
, 40
, 133
, 65
, 15
, 183
, 46
, 152
, 78
, 120
, 165
, 33
, 86
, 112
, 25
, 173
, 152
, 46
, 69
, 129
, 149
, 49
, 10
, 188
, 63
, 135
, 125
, 73
, 42
, 156
, 112
, 86
, 51
, 147
, 41
, 157
, 113
, 85
, 58
, 140
, 133
, 65
, 11
, 187
, 160
, 38
, 38
, 160
, 20
, 178
, 192
, 6
, 190
, 8
, 18
, 180
, 74
, 124
, 169
, 29
, 59
, 139
, 72
, 126
, 133
, 65
, 180
, 18
, 117
, 81
, 115
, 83
, 167
, 31
, 72
, 126
, 114
, 84
, 22
, 176
, 55
, 143
, 48
, 150
, 29
, 169
, 57
, 141
, 101
, 97
, 57
, 141
, 51
, 147
, 166
, 32
, 165
, 33
, 119
, 79
, 192
, 6
, 45
, 153
, 10
, 188
, 7
, 191
, 15
, 183
, 165
, 33
, 52
, 146
, 194
, 4
, 170
, 28
, 89
, 109
, 64
, 134
, 117
, 81
, 35
, 163
, 14
, 184
, 122
, 76
, 5
, 193
, 157
, 41
, 68
, 130
, 51
, 147
, 106
, 92
, 114
, 84
, 172
, 26
, 142
, 56
, 98
, 100
, 2
, 196
, 113
, 85
, 170
, 28
, 85
, 113
, 147
, 51
, 51
, 147
, 169
, 29
, 106
, 92
, 170
, 28
, 77
, 121
