
2490
, 251
, 16
, 65
, 202
, 237
, 30
, 112
, 155
, 116
, 151
, 250
, 17
, 24
, 243
, 46
, 221
, 149
, 118
, 257
, 10
, 6
, 261
, 133
, 134
, 171
, 96
, 136
, 131
, 112
, 155
, 181
, 86
, 129
, 138
, 103
, 164
, 171
, 96
, 13
, 254
, 90
, 177
, 82
, 185
, 257
, 10
, 203
, 64
, 184
, 83
, 127
, 140
, 112
, 155
, 183
, 84
, 136
, 131
, 144
, 123
, 126
, 141
, 156
, 111
, 244
, 23
, 100
, 167
, 147
, 120
, 77
, 190
, 5
, 262
, 236
, 31
, 123
, 144
, 233
, 34
, 115
, 152
, 248
, 19
, 61
, 206
, 255
, 12
, 47
, 220
, 157
, 110
, 197
, 70
, 87
, 180
, 195
, 72
, 207
, 60
, 95
, 172
, 47
, 220
, 49
, 218
, 195
, 72
, 112
, 155
, 165
, 102
, 201
, 66
, 156
, 111
, 199
, 68
, 137
, 130
, 199
, 68
, 239
, 28
, 252
, 15
, 260
, 7
, 46
, 221
, 52
, 215
, 48
, 219
, 251
, 16
, 84
, 183
, 128
, 139
, 224
, 43
, 79
, 188
, 153
, 114
, 1
, 266
, 161
, 106
, 198
, 69
, 78
, 189
, 28
, 239
, 197
, 70
, 163
, 104
, 8
, 259
, 240
, 27
, 14
, 253
, 234
, 33
, 158
, 109
, 202
, 65
, 44
, 223
, 230
, 37
, 42
, 225
, 42
, 225
, 139
, 128
, 3
, 264
, 254
, 13
, 45
, 222
, 132
, 135
, 178
, 89
, 61
, 206
, 55
, 212
, 116
, 151
, 31
, 236
, 47
, 220
, 50
, 217
, 145
, 122
, 220
, 47
, 58
, 209
, 132
, 135
, 27
, 240
, 232
, 35
, 89
, 178
, 245
, 22
, 2
, 265
, 222
, 45
, 129
, 138
, 98
, 169
, 257
, 10
, 72
, 195
, 229
, 38
, 99
, 168
, 158
, 109
, 16
, 251
, 174
, 93
, 112
, 155
, 35
, 232
, 148
, 119
, 46
, 221
, 123
, 144
, 193
, 74
, 152
, 115
, 192
, 75
, 226
, 41
, 72
, 195
, 12
, 255
, 239
, 28
, 237
, 30
, 223
, 44
, 141
, 126
, 209
, 58
, 249
, 18
, 11
, 256
, 146
, 121
, 177
, 90
, 51
, 216
, 116
, 151
, 76
, 191
, 111
, 156
, 245
, 22
, 73
, 194
, 156
, 111
, 7
, 260
, 48
, 219
, 12
, 255
, 12
, 255
, 117
, 150
, 118
, 149
, 68
, 199
, 29
, 238
, 171
, 96
, 61
, 206
, 83
, 184
, 27
, 240
, 113
, 154
, 86
, 181
, 14
, 253
, 229
, 38
, 170
, 97
, 144
, 123
, 164
, 103
, 114
, 153
, 180
, 87
, 172
, 95
, 133
, 134
, 167
, 100
, 3
, 264
, 103
, 164
, 259
, 8
, 255
, 12
, 265
, 2
, 154
, 113
, 85
, 182
, 78
, 189
, 49
, 218
, 9
, 258
, 207
, 60
, 172
, 95
, 18
, 249
, 57
, 210
, 204
, 63
, 11
, 256
, 52
, 215
, 128
, 139
, 244
, 23
, 224
, 43
, 247
, 20
, 45
, 222
, 236
, 31
, 151
, 116
, 50
, 217
, 65
, 202
, 91
, 176
, 24
, 243
, 234
, 33
, 60
, 207
, 172
, 95
, 83
, 184
, 204
, 63
, 42
, 225
, 36
, 231
, 208
, 59
, 221
, 46
, 135
, 132
, 39
, 228
, 67
, 200
, 130
, 137
, 72
, 195
, 75
, 192
, 225
, 42
, 102
, 165
, 44
, 223
, 258
, 9
, 52
, 215
, 81
, 186
, 37
, 230
, 144
, 123
, 41
, 226
, 115
, 152
, 121
, 146
, 243
, 24
, 121
, 146
, 184
, 83
, 224
, 43
, 127
, 140
, 25
, 242
, 52
, 215
, 165
, 102
, 228
, 39
, 244
, 23
, 253
, 14
, 98
, 169
, 149
, 118
, 208
, 59
, 176
, 91
, 75
, 192
, 2
, 265
, 168
, 99
, 16
, 251
, 53
, 214
, 76
, 191
, 258
, 9
, 224
, 43
, 181
, 86
, 28
, 239
, 61
, 206
, 194
, 73
, 18
, 249
, 226
, 41
, 103
, 164
, 11
, 256
, 95
, 172
, 72
, 195
, 128
, 139
, 41
, 226
, 160
, 107
, 203
, 64
, 52
, 215
, 176
, 91
, 148
, 119
, 172
, 95
, 66
, 201
, 78
, 189
, 220
, 47
, 72
, 195
, 69
, 198
, 232
, 35
, 78
, 189
, 4
, 263
, 24
, 243
, 137
, 130
, 55
, 212
, 106
, 161
, 101
, 166
, 230
, 37
, 133
, 134
, 80
, 187
, 106
, 161
, 79
, 188
, 198
, 69
, 109
, 158
, 131
, 136
, 142
, 125
, 205
, 62
, 195
, 72
, 36
, 231
, 199
, 68
, 173
, 94
, 226
, 41
, 192
, 75
, 127
, 140
, 24
, 243
, 102
, 165
, 167
, 100
, 153
, 114
, 44
, 223
, 153
, 114
, 112
, 155
, 101
, 166
, 111
, 156
, 126
, 141
, 33
, 234
, 210
, 57
, 102
, 165
, 95
, 172
, 224
, 43
, 150
, 117
, 47
, 220
, 231
, 36
, 256
, 11
, 41
, 226
, 248
, 19
, 83
, 184
, 106
, 161
, 166
, 101
, 255
, 12
, 29
, 238
, 256
, 11
, 31
, 236
, 152
, 115
, 188
, 79
, 35
, 232
, 16
, 251
, 104
, 163
, 200
, 67
, 84
, 183
, 120
, 147
, 179
, 88
, 226
, 41
, 38
, 229
, 71
, 196
, 120
, 147
, 29
, 238
, 134
, 133
, 146
, 121
, 208
, 59
, 77
, 190
, 92
, 175
, 182
, 85
, 254
, 13
, 150
, 117
, 13
, 254
, 63
, 204
, 265
, 2
, 27
, 240
, 34
, 233
, 71
, 196
, 134
, 133
, 138
, 129
, 87
, 180
, 97
, 170
, 38
, 229
, 98
, 169
, 94
, 173
, 98
, 169
, 196
, 71
, 58
, 209
, 138
, 129
, 39
, 228
, 229
, 38
, 53
, 214
, 109
, 158
, 76
, 191
, 27
, 240
, 86
, 181
, 57
, 210
, 127
, 140
, 253
, 14
, 219
, 48
, 229
, 38
, 187
, 80
, 247
, 20
, 264
, 3
, 219
, 48
, 26
, 241
, 101
, 166
, 58
, 209
, 243
, 24
, 245
, 22
, 75
, 192
, 50
, 217
, 207
, 60
, 104
, 163
, 16
, 251
, 181
, 86
, 32
, 235
, 251
, 16
, 24
, 243
, 53
, 214
, 237
, 30
, 187
, 80
, 113
, 154
, 175
, 92
, 92
, 175
, 12
, 255
, 264
, 3
, 152
, 115
, 105
, 162
, 232
, 35
, 10
, 257
, 264
, 3
, 239
, 28
, 153
, 114
, 19
, 248
, 255
, 12
, 36
, 231
, 209
, 58
, 54
, 213
, 41
, 226
, 108
, 159
, 253
, 14
, 31
, 236
, 146
, 121
, 157
, 110
, 10
, 257
, 213
, 54
, 104
, 163
, 103
, 164
, 226
, 41
, 57
, 210
, 93
, 174
, 47
, 220
, 79
, 188
, 61
, 206
, 161
, 106
, 257
, 10
, 163
, 104
, 14
, 253
, 55
, 212
, 5
, 262
, 106
, 161
, 129
, 138
, 255
, 12
, 261
, 6
, 143
, 124
, 218
, 49
, 189
, 78
, 89
, 178
, 154
, 113
, 76
, 191
, 124
, 143
, 50
, 217
, 30
, 237
, 233
, 34
, 30
, 237
, 68
, 199
, 211
, 56
, 259
, 8
, 231
, 36
, 240
, 27
, 84
, 183
, 237
, 30
, 19
, 248
, 77
, 190
, 5
, 262
, 30
, 237
, 167
, 100
, 56
, 211
, 69
, 198
, 18
, 249
, 229
, 38
, 229
, 38
, 20
, 247
, 135
, 132
, 23
, 244
, 182
, 85
, 229
, 38
, 165
, 102
, 42
, 225
, 101
, 166
, 245
, 22
, 194
, 73
, 33
, 234
, 220
, 47
, 63
, 204
, 16
, 251
, 195
, 72
, 140
, 127
, 86
, 181
, 34
, 233
, 172
, 95
, 190
, 77
, 187
, 80
, 166
, 101
, 57
, 210
, 214
, 53
, 190
, 77
, 180
, 87
, 9
, 258
, 190
, 77
, 183
, 84
, 56
, 211
, 208
, 59
, 81
, 186
, 95
, 172
, 37
, 230
, 147
, 120
, 91
, 176
, 145
, 122
, 197
, 70
, 150
, 117
, 56
, 211
, 219
, 48
, 36
, 231
, 51
, 216
, 263
, 4
, 18
, 249
, 57
, 210
, 167
, 100
, 119
, 148
, 43
, 224
, 103
, 164
, 161
, 106
, 197
, 70
, 122
, 145
, 102
, 165
, 183
, 84
, 159
, 108
, 174
, 93
, 68
, 199
, 190
, 77
, 186
, 81
, 192
, 75
, 199
, 68
, 122
, 145
, 151
, 116
, 236
, 31
, 39
, 228
, 126
, 141
, 40
, 227
, 144
, 123
, 245
, 22
, 172
, 95
, 169
, 98
, 138
, 129
, 73
, 194
, 15
, 252
, 76
, 191
, 58
, 209
, 205
, 62
, 233
, 34
, 253
, 14
, 260
, 7
, 91
, 176
, 32
, 235
, 150
, 117
, 130
, 137
, 127
, 140
, 124
, 143
, 172
, 95
, 162
, 105
, 248
, 19
, 173
, 94
, 192
, 75
, 262
, 5
, 230
, 37
, 176
, 91
, 250
, 17
, 60
, 207
, 94
, 173
, 165
, 102
, 87
, 180
, 8
, 259
, 98
, 169
, 36
, 231
, 87
, 180
, 213
, 54
, 61
, 206
, 95
, 172
, 22
, 245
, 99
, 168
, 25
, 242
, 154
, 113
, 45
, 222
, 245
, 22
, 21
, 246
, 248
, 19
, 46
, 221
, 205
, 62
, 160
, 107
, 254
, 13
, 235
, 32
, 240
, 27
, 30
, 237
, 177
, 90
, 198
, 69
, 73
, 194
, 98
, 169
, 75
, 192
, 184
, 83
, 61
, 206
, 197
, 70
, 38
, 229
, 224
, 43
, 61
, 206
, 237
, 30
, 69
, 198
, 133
, 134
, 220
, 47
, 262
, 5
, 24
, 243
, 228
, 39
, 94
, 173
, 98
, 169
, 193
, 74
, 182
, 85
, 237
, 30
, 84
, 183
, 13
, 254
, 28
, 239
, 207
, 60
, 254
, 13
, 202
, 65
, 185
, 82
, 134
, 133
, 56
, 211
, 183
, 84
, 63
, 204
, 256
, 11
, 171
, 96
, 45
, 222
, 95
, 172
, 247
, 20
, 169
, 98
, 22
, 245
, 20
, 247
, 76
, 191
, 12
, 255
, 164
, 103
, 45
, 222
, 178
, 89
, 126
, 141
, 27
, 240
, 57
, 210
, 95
, 172
, 81
, 186
, 102
, 165
, 217
, 50
, 238
, 29
, 84
, 183
, 221
, 46
, 116
, 151
, 264
, 3
, 150
, 117
, 79
, 188
, 188
, 79
, 161
, 106
, 203
, 64
, 144
, 123
, 150
, 117
, 177
, 90
, 186
, 81
, 80
, 187
, 263
, 4
, 243
, 24
, 110
, 157
, 228
, 39
, 131
, 136
, 143
, 124
, 195
, 72
, 32
, 235
, 162
, 105
, 71
, 196
, 263
, 4
, 173
, 94
, 224
, 43
, 244
, 23
, 174
, 93
, 14
, 253
, 82
, 185
, 168
, 99
, 9
, 258
, 139
, 128
, 216
, 51
, 128
, 139
, 247
, 20
, 191
, 76
, 169
, 98
, 179
, 88
, 195
, 72
, 243
, 24
, 50
, 217
, 154
, 113
, 180
, 87
, 246
, 21
, 122
, 145
, 257
, 10
, 73
, 194
, 34
, 233
, 130
, 137
, 204
, 63
, 236
, 31
, 204
, 63
, 244
, 23
, 171
, 96
, 9
, 258
, 226
, 41
, 99
, 168
, 17
, 250
, 148
, 119
, 156
, 111
, 66
, 201
, 140
, 127
, 253
, 14
, 214
, 53
, 178
, 89
, 94
, 173
, 69
, 198
, 239
, 28
, 137
, 130
, 160
, 107
, 45
, 222
, 158
, 109
, 78
, 189
, 15
, 252
, 177
, 90
, 111
, 156
, 32
, 235
, 99
, 168
, 223
, 44
, 96
, 171
, 221
, 46
, 209
, 58
, 50
, 217
, 222
, 45
, 127
, 140
, 197
, 70
, 64
, 203
, 174
, 93
, 116
, 151
, 154
, 113
, 163
, 104
, 139
, 128
, 38
, 229
, 205
, 62
, 137
, 130
, 20
, 247
, 74
, 193
, 158
, 109
, 110
, 157
, 244
, 23
, 98
, 169
, 10
, 257
, 230
, 37
, 177
, 90
, 39
, 228
, 160
, 107
, 218
, 49
, 29
, 238
, 16
, 251
, 140
, 127
, 184
, 83
, 206
, 61
, 184
, 83
, 223
, 44
, 167
, 100
, 16
, 251
, 194
, 73
, 204
, 63
, 28
, 239
, 109
, 158
, 119
, 148
, 107
, 160
, 54
, 213
, 132
, 135
, 137
, 130
, 231
, 36
, 15
, 252
, 21
, 246
, 224
, 43
, 252
, 15
, 162
, 105
, 145
, 122
, 114
, 153
, 232
, 35
, 139
, 128
, 213
, 54
, 55
, 212
, 57
, 210
, 175
, 92
, 209
, 58
, 60
, 207
, 85
, 182
, 116
, 151
, 23
, 244
, 227
, 40
, 74
, 193
, 132
, 135
, 265
, 2
, 65
, 202
, 119
, 148
, 53
, 214
, 98
, 169
, 219
, 48
, 16
, 251
, 37
, 230
, 30
, 237
, 229
, 38
, 222
, 45
, 164
, 103
, 101
, 166
, 108
, 159
, 46
, 221
, 246
, 21
, 219
, 48
, 192
, 75
, 44
, 223
, 58
, 209
, 176
, 91
, 170
, 97
, 224
, 43
, 208
, 59
, 19
, 248
, 249
, 18
, 49
, 218
, 103
, 164
, 89
, 178
, 254
, 13
, 100
, 167
, 108
, 159
, 133
, 134
, 258
, 9
, 179
, 88
, 13
, 254
, 19
, 248
, 16
, 251
, 53
, 214
, 86
, 181
, 87
, 180
, 127
, 140
, 98
, 169
, 48
, 219
, 45
, 222
, 91
, 176
, 162
, 105
, 228
, 39
, 71
, 196
, 158
, 109
, 244
, 23
, 87
, 180
, 208
, 59
, 7
, 260
, 44
, 223
, 141
, 126
, 150
, 117
, 104
, 163
, 222
, 45
, 142
, 125
, 150
, 117
, 135
, 132
, 180
, 87
, 142
, 125
, 132
, 135
, 60
, 207
, 40
, 227
, 3
, 264
, 147
, 120
, 24
, 243
, 167
, 100
, 4
, 263
, 227
, 40
, 97
, 170
, 23
, 244
, 179
, 88
, 171
, 96
, 179
, 88
, 150
, 117
, 156
, 111
, 74
, 193
, 181
, 86
, 56
, 211
, 136
, 131
, 90
, 177
, 44
, 223
, 245
, 22
, 40
, 227
, 235
, 32
, 254
, 13
, 87
, 180
, 198
, 69
, 201
, 66
, 265
, 2
, 65
, 202
, 122
, 145
, 98
, 169
, 118
, 149
, 168
, 99
, 259
, 8
, 259
, 8
, 122
, 145
, 167
, 100
, 164
, 103
, 265
, 2
, 223
, 44
, 143
, 124
, 157
, 110
, 110
, 157
, 171
, 96
, 180
, 87
, 207
, 60
, 124
, 143
, 225
, 42
, 168
, 99
, 241
, 26
, 113
, 154
, 20
, 247
, 84
, 183
, 181
, 86
, 112
, 155
, 139
, 128
, 52
, 215
, 132
, 135
, 10
, 257
, 107
, 160
, 67
, 200
, 21
, 246
, 44
, 223
, 105
, 162
, 217
, 50
, 47
, 220
, 52
, 215
, 247
, 20
, 225
, 42
, 191
, 76
, 258
, 9
, 131
, 136
, 64
, 203
, 239
, 28
, 64
, 203
, 1
, 266
, 130
, 137
, 229
, 38
, 46
, 221
, 172
, 95
, 156
, 111
, 11
, 256
, 59
, 208
, 178
, 89
, 208
, 59
, 214
, 53
, 215
, 52
, 233
, 34
, 208
, 59
, 76
, 191
, 217
, 50
, 228
, 39
, 213
, 54
, 47
, 220
, 15
, 252
, 60
, 207
, 134
, 133
, 137
, 130
, 83
, 184
, 7
, 260
, 19
, 248
, 120
, 147
, 51
, 216
, 53
, 214
, 156
, 111
, 199
, 68
, 94
, 173
, 19
, 248
, 167
, 100
, 193
, 74
, 134
, 133
, 101
, 166
, 231
, 36
, 88
, 179
, 256
, 11
, 239
, 28
, 130
, 137
, 121
, 146
, 138
, 129
, 144
, 123
, 194
, 73
, 137
, 130
, 203
, 64
, 83
, 184
, 167
, 100
, 262
, 5
, 166
, 101
, 247
, 20
, 231
, 36
, 30
, 237
, 150
, 117
, 193
, 74
, 7
, 260
, 236
, 31
, 170
, 97
, 46
, 221
, 47
, 220
, 106
, 161
, 185
, 82
, 154
, 113
, 71
, 196
, 126
, 141
, 38
, 229
, 36
, 231
, 4
, 263
, 167
, 100
, 210
, 57
, 161
, 106
, 89
, 178
, 21
, 246
, 217
, 50
, 243
, 24
, 98
, 169
, 235
, 32
, 183
, 84
, 192
, 75
, 133
, 134
, 175
, 92
, 9
, 258
, 194
, 73
, 8
, 259
, 173
, 94
, 204
, 63
, 61
, 206
, 176
, 91
, 237
, 30
, 12
, 255
, 243
, 24
, 202
, 65
, 32
, 235
, 147
, 120
, 107
, 160
, 74
, 193
, 224
, 43
, 239
, 28
, 96
, 171
, 138
, 129
, 33
, 234
, 34
, 233
, 51
, 216
, 165
, 102
, 73
, 194
, 4
, 263
, 52
, 215
, 252
, 15
, 156
, 111
, 239
, 28
, 228
, 39
, 50
, 217
, 107
, 160
, 128
, 139
, 95
, 172
, 245
, 22
, 138
, 129
, 131
, 136
, 121
, 146
, 134
, 133
, 181
, 86
, 246
, 21
, 54
, 213
, 145
, 122
, 20
, 247
, 178
, 89
, 244
, 23
, 34
, 233
, 189
, 78
, 226
, 41
, 110
, 157
, 197
, 70
, 234
, 33
, 138
, 129
, 31
, 236
, 107
, 160
, 44
, 223
, 127
, 140
, 256
, 11
, 27
, 240
, 55
, 212
, 57
, 210
, 168
, 99
, 19
, 248
, 133
, 134
, 246
, 21
, 34
, 233
, 57
, 210
, 235
, 32
, 53
, 214
, 185
, 82
, 9
, 258
, 214
, 53
, 184
, 83
, 211
, 56
, 195
, 72
, 53
, 214
, 159
, 108
, 194
, 73
, 32
, 235
, 94
, 173
, 65
, 202
, 136
, 131
, 99
, 168
, 205
, 62
, 109
, 158
, 224
, 43
, 256
, 11
, 112
, 155
, 79
, 188
, 117
, 150
, 176
, 91
, 112
, 155
, 93
, 174
, 256
, 11
, 73
, 194
, 204
, 63
, 11
, 256
, 245
, 22
, 142
, 125
, 144
, 123
, 16
, 251
, 237
, 30
, 251
, 16
, 169
, 98
, 262
, 5
, 68
, 199
, 199
, 68
, 73
, 194
, 20
, 247
, 14
, 253
, 144
, 123
, 47
, 220
, 182
, 85
, 20
, 247
, 92
, 175
, 22
, 245
, 2
, 265
, 134
, 133
, 55
, 212
, 112
, 155
, 75
, 192
, 129
, 138
, 173
, 94
, 152
, 115
, 259
, 8
, 125
, 142
, 142
, 125
, 185
, 82
, 19
, 248
, 39
, 228
, 119
, 148
, 166
, 101
, 191
, 76
, 113
, 154
, 175
, 92
, 195
, 72
, 119
, 148
, 39
, 228
, 181
, 86
, 121
, 146
, 79
, 188
, 9
, 258
, 2
, 265
, 52
, 215
, 219
, 48
, 51
, 216
, 110
, 157
, 228
, 39
, 149
, 118
, 198
, 69
, 237
, 30
, 42
, 225
, 128
, 139
, 214
, 53
, 30
, 237
, 162
, 105
, 57
, 210
, 220
, 47
, 246
, 21
, 30
, 237
, 166
, 101
, 137
, 130
, 155
, 112
, 157
, 110
, 30
, 237
, 101
, 166
, 7
, 260
, 233
, 34
, 238
, 29
, 194
, 73
, 150
, 117
, 53
, 214
, 184
, 83
, 186
, 81
, 142
, 125
, 73
, 194
, 113
, 154
, 116
, 151
, 145
, 122
, 70
, 197
, 21
, 246
, 125
, 142
, 214
, 53
, 245
, 22
, 257
, 10
, 127
, 140
, 135
, 132
, 7
, 260
, 241
, 26
, 231
, 36
, 133
, 134
, 256
, 11
, 214
, 53
, 226
, 41
, 107
, 160
, 70
, 197
, 37
, 230
, 222
, 45
, 252
, 15
, 164
, 103
, 149
, 118
, 224
, 43
, 128
, 139
, 184
, 83
, 28
, 239
, 105
, 162
, 12
, 255
, 14
, 253
, 173
, 94
, 123
, 144
, 136
, 131
, 89
, 178
, 184
, 83
, 239
, 28
, 110
, 157
, 44
, 223
, 105
, 162
, 215
, 52
, 137
, 130
, 201
, 66
, 131
, 136
, 164
, 103
, 201
, 66
, 31
, 236
, 55
, 212
, 163
, 104
, 180
, 87
, 15
, 252
, 90
, 177
, 114
, 153
, 30
, 237
, 250
, 17
, 52
, 215
, 109
, 158
, 98
, 169
, 165
, 102
, 150
, 117
, 137
, 130
, 118
, 149
, 191
, 76
, 238
, 29
, 252
, 15
, 213
, 54
, 96
, 171
, 145
, 122
, 179
, 88
, 98
, 169
, 189
, 78
, 49
, 218
, 182
, 85
, 193
, 74
, 116
, 151
, 174
, 93
, 102
, 165
, 95
, 172
, 99
, 168
, 262
, 5
, 58
, 209
, 256
, 11
, 37
, 230
, 179
, 88
, 253
, 14
, 133
, 134
, 184
, 83
, 1
, 266
, 140
, 127
, 191
, 76
, 168
, 99
, 235
, 32
, 264
, 3
, 48
, 219
, 105
, 162
, 71
, 196
, 202
, 65
, 8
, 259
, 60
, 207
, 198
, 69
, 29
, 238
, 35
, 232
, 142
, 125
, 10
, 257
, 161
, 106
, 35
, 232
, 2
, 265
, 161
, 106
, 107
, 160
, 176
, 91
, 209
, 58
, 170
, 97
, 244
, 23
, 149
, 118
, 186
, 81
, 78
, 189
, 122
, 145
, 76
, 191
, 116
, 151
, 135
, 132
, 119
, 148
, 75
, 192
, 258
, 9
, 5
, 262
, 218
, 49
, 208
, 59
, 40
, 227
, 14
, 253
, 183
, 84
, 261
, 6
, 67
, 200
, 91
, 176
, 149
, 118
, 6
, 261
, 95
, 172
, 123
, 144
, 67
, 200
, 196
, 71
, 260
, 7
, 228
, 39
, 233
, 34
, 180
, 87
, 251
, 16
, 216
, 51
, 33
, 234
, 145
, 122
, 254
, 13
, 28
, 239
, 88
, 179
, 44
, 223
, 4
, 263
, 82
, 185
, 237
, 30
, 255
, 12
, 73
, 194
, 150
, 117
, 12
, 255
, 219
, 48
, 102
, 165
, 60
, 207
, 110
, 157
, 221
, 46
, 198
, 69
, 191
, 76
, 234
, 33
, 223
, 44
, 126
, 141
, 41
, 226
, 123
, 144
, 127
, 140
, 68
, 199
, 65
, 202
, 117
, 150
, 106
, 161
, 35
, 232
, 174
, 93
, 134
, 133
, 162
, 105
, 216
, 51
, 229
, 38
, 34
, 233
, 220
, 47
, 48
, 219
, 177
, 90
, 239
, 28
, 107
, 160
, 252
, 15
, 107
, 160
, 249
, 18
, 174
, 93
, 229
, 38
, 206
, 61
, 185
, 82
, 86
, 181
, 29
, 238
, 200
, 67
, 26
, 241
, 245
, 22
, 32
, 235
, 75
, 192
, 162
, 105
, 142
, 125
, 93
, 174
, 19
, 248
, 231
, 36
, 163
, 104
, 239
, 28
, 127
, 140
, 66
, 201
, 25
, 242
, 136
, 131
, 154
, 113
, 91
, 176
, 208
, 59
, 167
, 100
, 247
, 20
, 189
, 78
, 246
, 21
, 183
, 84
, 2
, 265
, 190
, 77
, 162
, 105
, 245
, 22
, 27
, 240
, 246
, 21
, 238
, 29
, 219
, 48
, 234
, 33
, 41
, 226
, 264
, 3
, 109
, 158
, 8
, 259
, 208
, 59
, 8
, 259
, 265
, 2
, 200
, 67
, 46
, 221
, 120
, 147
, 9
, 258
, 243
, 24
, 137
, 130
, 145
, 122
, 134
, 133
, 258
, 9
, 241
, 26
, 36
, 231
, 3
, 264
, 40
, 227
, 254
, 13
, 26
, 241
, 35
, 232
, 29
, 238
, 65
, 202
, 264
, 3
, 59
, 208
, 102
, 165
, 132
, 135
, 132
, 135
, 256
, 11
, 264
, 3
, 36
, 231
, 35
, 232
, 71
, 196
, 34
, 233
, 87
, 180
, 264
, 3
, 137
, 130
, 261
, 6
, 32
, 235
, 141
, 126
, 197
, 70
, 150
, 117
, 13
, 254
, 169
, 98
, 211
, 56
, 81
, 186
, 203
, 64
, 24
, 243
, 175
, 92
, 65
, 202
, 17
, 250
, 163
, 104
, 14
, 253
, 112
, 155
, 190
, 77
, 197
, 70
, 66
, 201
, 80
, 187
, 56
, 211
, 231
, 36
, 29
, 238
, 215
, 52
, 256
, 11
, 213
, 54
, 159
, 108
, 92
, 175
, 169
, 98
, 65
, 202
, 218
, 49
, 23
, 244
, 138
, 129
, 138
, 129
, 129
, 138
, 205
, 62
, 221
, 46
, 208
, 59
, 248
, 19
, 30
, 237
, 254
, 13
, 77
, 190
, 59
, 208
, 161
, 106
, 133
, 134
, 188
, 79
, 188
, 79
, 120
, 147
, 99
, 168
, 108
, 159
, 40
, 227
, 28
, 239
, 12
, 255
, 48
, 219
, 202
, 65
, 14
, 253
, 265
, 2
, 156
, 111
, 162
, 105
, 181
, 86
, 54
, 213
, 140
, 127
, 44
, 223
, 229
, 38
, 142
, 125
, 163
, 104
, 141
, 126
, 213
, 54
, 61
, 206
, 127
, 140
, 200
, 67
, 201
, 66
, 230
, 37
, 35
, 232
, 51
, 216
, 263
, 4
, 125
, 142
, 23
, 244
, 75
, 192
, 220
, 47
, 122
, 145
, 135
, 132
, 66
, 201
, 133
, 134
, 69
, 198
, 198
, 69
, 264
, 3
, 183
, 84
, 122
, 145
, 65
, 202
, 235
, 32
, 257
, 10
, 129
, 138
, 183
, 84
, 64
, 203
, 164
, 103
, 162
, 105
, 227
, 40
, 99
, 168
, 98
, 169
, 27
, 240
, 61
, 206
, 147
, 120
, 110
, 157
, 91
, 176
, 79
, 188
, 137
, 130
, 78
, 189
, 259
, 8
, 98
, 169
, 33
, 234
, 41
, 226
, 260
, 7
, 156
, 111
, 1
, 266
, 82
, 185
, 228
, 39
, 93
, 174
, 186
, 81
, 152
, 115
, 127
, 140
, 12
, 255
, 172
, 95
, 101
, 166
, 39
, 228
, 241
, 26
, 134
, 133
, 14
, 253
, 207
, 60
, 177
, 90
, 127
, 140
, 139
, 128
, 155
, 112
, 116
, 151
, 226
, 41
, 160
, 107
, 210
, 57
, 226
, 41
, 49
, 218
, 118
, 149
, 68
, 199
, 262
, 5
, 75
, 192
, 100
, 167
, 174
, 93
, 264
, 3
, 13
, 254
, 53
, 214
, 240
, 27
, 204
, 63
, 133
, 134
, 63
, 204
, 26
, 241
, 184
, 83
, 46
, 221
, 43
, 224
, 163
, 104
, 240
, 27
, 82
, 185
, 197
, 70
, 137
, 130
, 193
, 74
, 116
, 151
, 160
, 107
, 231
, 36
, 141
, 126
, 38
, 229
, 25
, 242
, 161
, 106
, 211
, 56
, 57
, 210
, 120
, 147
, 26
, 241
, 205
, 62
, 189
, 78
, 168
, 99
, 62
, 205
, 36
, 231
, 36
, 231
, 181
, 86
, 132
, 135
, 151
, 116
, 38
, 229
, 49
, 218
, 19
, 248
, 11
, 256
, 25
, 242
, 29
, 238
, 228
, 39
, 44
, 223
, 148
, 119
, 167
, 100
, 210
, 57
, 97
, 170
, 207
, 60
, 144
, 123
, 154
, 113
, 182
, 85
, 212
, 55
, 92
, 175
, 219
, 48
, 158
, 109
, 112
, 155
, 151
, 116
, 36
, 231
, 9
, 258
, 164
, 103
, 32
, 235
, 26
, 241
, 242
, 25
, 245
, 22
, 16
, 251
, 260
, 7
, 146
, 121
, 246
, 21
, 55
, 212
, 5
, 262
, 152
, 115
, 123
, 144
, 198
, 69
, 148
, 119
, 242
, 25
, 35
, 232
, 158
, 109
, 40
, 227
, 200
, 67
, 152
, 115
, 57
, 210
, 61
, 206
, 224
, 43
, 148
, 119
, 56
, 211
, 12
, 255
, 144
, 123
, 203
, 64
, 235
, 32
, 235
, 32
, 83
, 184
, 53
, 214
, 37
, 230
, 154
, 113
, 18
, 249
, 234
, 33
, 15
, 252
, 233
, 34
, 32
, 235
, 256
, 11
, 254
, 13
, 62
, 205
, 239
, 28
, 152
, 115
, 184
, 83
, 180
, 87
, 71
, 196
, 40
, 227
, 220
, 47
, 200
, 67
, 126
, 141
, 88
, 179
, 120
, 147
, 91
, 176
, 76
, 191
, 259
, 8
, 27
, 240
, 51
, 216
, 250
, 17
, 251
, 16
, 175
, 92
, 136
, 131
, 20
, 247
, 174
, 93
, 233
, 34
, 29
, 238
, 32
, 235
, 186
, 81
, 64
, 203
, 186
, 81
, 162
, 105
, 4
, 263
, 207
, 60
, 77
, 190
, 203
, 64
, 193
, 74
, 93
, 174
, 108
, 159
, 26
, 241
, 206
, 61
, 212
, 55
, 123
, 144
, 173
, 94
, 230
, 37
, 139
, 128
, 33
, 234
, 77
, 190
, 57
, 210
, 177
, 90
, 34
, 233
, 75
, 192
, 207
, 60
, 41
, 226
, 212
, 55
, 21
, 246
, 7
, 260
, 133
, 134
, 133
, 134
, 98
, 169
, 105
, 162
, 170
, 97
, 192
, 75
, 195
, 72
, 149
, 118
, 153
, 114
, 24
, 243
, 227
, 40
, 87
, 180
, 113
, 154
, 204
, 63
, 161
, 106
, 175
, 92
, 117
, 150
, 235
, 32
, 110
, 157
, 256
, 11
, 5
, 262
, 258
, 9
, 107
, 160
, 36
, 231
, 55
, 212
, 212
, 55
, 183
, 84
, 88
, 179
, 5
, 262
, 186
, 81
, 215
, 52
, 235
, 32
, 139
, 128
, 226
, 41
, 34
, 233
, 69
, 198
, 129
, 138
, 44
, 223
, 203
, 64
, 249
, 18
, 182
, 85
, 217
, 50
, 194
, 73
, 210
, 57
, 127
, 140
, 174
, 93
, 105
, 162
, 38
, 229
, 252
, 15
, 27
, 240
, 216
, 51
, 203
, 64
, 237
, 30
, 153
, 114
, 176
, 91
, 46
, 221
, 51
, 216
, 169
, 98
, 25
, 242
, 93
, 174
, 48
, 219
, 186
, 81
, 22
, 245
, 224
, 43
, 121
, 146
, 238
, 29
, 164
, 103
, 175
, 92
, 125
, 142
, 32
, 235
, 23
, 244
, 262
, 5
, 235
, 32
, 211
, 56
, 26
, 241
, 2
, 265
, 72
, 195
, 91
, 176
, 15
, 252
, 124
, 143
, 204
, 63
, 45
, 222
, 39
, 228
, 259
, 8
, 36
, 231
, 27
, 240
, 234
, 33
, 185
, 82
, 119
, 148
, 163
, 104
, 240
, 27
, 98
, 169
, 174
, 93
, 108
, 159
, 94
, 173
, 245
, 22
, 186
, 81
, 245
, 22
, 209
, 58
, 148
, 119
, 89
, 178
, 53
, 214
, 25
, 242
, 217
, 50
, 28
, 239
, 18
, 249
, 202
, 65
, 76
, 191
, 73
, 194
, 100
, 167
, 134
, 133
, 89
, 178
, 90
, 177
, 132
, 135
, 8
, 259
, 213
, 54
, 180
, 87
, 249
, 18
, 202
, 65
, 125
, 142
, 98
, 169
, 21
, 246
, 85
, 182
, 244
, 23
, 160
, 107
, 182
, 85
, 79
, 188
, 166
, 101
, 86
, 181
, 182
, 85
, 242
, 25
, 68
, 199
, 183
, 84
, 66
, 201
, 261
, 6
, 173
, 94
, 167
, 100
, 82
, 185
, 25
, 242
, 225
, 42
, 118
, 149
, 8
, 259
, 70
, 197
, 183
, 84
, 143
, 124
, 164
, 103
, 261
, 6
, 38
, 229
, 265
, 2
, 113
, 154
, 59
, 208
, 205
, 62
, 40
, 227
, 99
, 168
, 219
, 48
, 123
, 144
, 80
, 187
, 83
, 184
, 31
, 236
, 14
, 253
, 175
, 92
, 183
, 84
, 110
, 157
, 20
, 247
, 233
, 34
, 54
, 213
, 68
, 199
, 238
, 29
, 206
, 61
, 14
, 253
, 92
, 175
, 116
, 151
, 81
, 186
, 258
, 9
, 7
, 260
, 96
, 171
, 59
, 208
, 92
, 175
, 143
, 124
, 70
, 197
, 133
, 134
, 212
, 55
, 258
, 9
, 85
, 182
, 239
, 28
, 147
, 120
, 122
, 145
, 135
, 132
, 221
, 46
, 133
, 134
, 134
, 133
, 41
, 226
, 141
, 126
, 227
, 40
, 140
, 127
, 22
, 245
, 141
, 126
, 151
, 116
, 122
, 145
, 86
, 181
, 89
, 178
, 87
, 180
, 113
, 154
, 236
, 31
, 87
, 180
, 39
, 228
, 184
, 83
, 237
, 30
, 265
, 2
, 172
, 95
, 66
, 201
, 235
, 32
, 242
, 25
, 46
, 221
, 55
, 212
, 265
, 2
, 199
, 68
, 80
, 187
, 129
, 138
, 133
, 134
, 6
, 261
, 26
, 241
, 99
, 168
, 101
, 166
, 71
, 196
, 126
, 141
, 36
, 231
, 120
, 147
, 257
, 10
, 99
, 168
, 131
, 136
, 25
, 242
, 156
, 111
, 10
, 257
, 143
, 124
, 26
, 241
, 151
, 116
, 32
, 235
, 111
, 156
, 160
, 107
, 194
, 73
, 63
, 204
, 83
, 184
, 249
, 18
, 68
, 199
, 193
, 74
, 152
, 115
, 263
, 4
, 216
, 51
, 40
, 227
, 213
, 54
, 244
, 23
, 3
, 264
, 124
, 143
, 16
, 251
, 10
, 257
, 132
, 135
, 138
, 129
, 76
, 191
, 17
, 250
, 248
, 19
, 182
, 85
, 210
, 57
, 225
, 42
, 136
, 131
, 58
, 209
, 140
, 127
, 113
, 154
, 244
, 23
, 186
, 81
, 253
, 14
, 56
, 211
, 101
, 166
, 167
, 100
, 3
, 264
, 185
, 82
, 190
, 77
, 118
, 149
, 231
, 36
, 158
, 109
, 184
, 83
, 51
, 216
, 13
, 254
, 248
, 19
, 17
, 250
, 20
, 247
, 146
, 121
, 255
, 12
, 127
, 140
, 125
, 142
, 87
, 180
, 263
, 4
, 207
, 60
, 46
, 221
, 239
, 28
, 95
, 172
, 209
, 58
, 216
, 51
, 164
, 103
, 46
, 221
, 202
, 65
, 99
, 168
, 47
, 220
, 176
, 91
, 16
, 251
, 193
, 74
, 197
, 70
, 146
, 121
, 212
, 55
, 253
, 14
, 7
, 260
, 138
, 129
, 19
, 248
, 250
, 17
, 190
, 77
, 235
, 32
, 118
, 149
, 192
, 75
, 1
, 266
, 20
, 247
, 186
, 81
, 257
, 10
, 207
, 60
, 122
, 145
, 83
, 184
, 154
, 113
, 135
, 132
, 264
, 3
, 50
, 217
, 134
, 133
, 246
, 21
, 213
, 54
, 173
, 94
, 196
, 71
, 222
, 45
, 57
, 210
, 224
, 43
, 24
, 243
, 62
, 205
, 237
, 30
, 116
, 151
, 127
, 140
, 49
, 218
, 33
, 234
, 219
, 48
, 92
, 175
, 191
, 76
, 191
, 76
, 164
, 103
, 196
, 71
, 200
, 67
, 3
, 264
, 151
, 116
, 145
, 122
, 10
, 257
, 187
, 80
, 253
, 14
, 210
, 57
, 80
, 187
, 43
, 224
, 2
, 265
, 192
, 75
, 123
, 144
, 65
, 202
, 86
, 181
, 149
, 118
, 133
, 134
, 62
, 205
, 259
, 8
, 242
, 25
, 128
, 139
, 43
, 224
, 103
, 164
, 60
, 207
, 202
, 65
, 11
, 256
, 77
, 190
, 226
, 41
, 80
, 187
, 152
, 115
, 214
, 53
, 260
, 7
, 75
, 192
, 88
, 179
, 247
, 20
, 67
, 200
, 240
, 27
, 146
, 121
, 42
, 225
, 249
, 18
, 14
, 253
, 208
, 59
, 141
, 126
, 166
, 101
, 94
, 173
, 93
, 174
, 264
, 3
, 260
, 7
, 136
, 131
, 212
, 55
, 259
, 8
, 195
, 72
, 67
, 200
, 220
, 47
, 5
, 262
, 107
, 160
, 11
, 256
, 16
, 251
, 216
, 51
, 103
, 164
, 7
, 260
, 99
, 168
, 26
, 241
, 173
, 94
, 202
, 65
, 196
, 71
, 30
, 237
, 177
, 90
, 228
, 39
, 202
, 65
, 199
, 68
, 33
, 234
, 91
, 176
, 167
, 100
, 130
, 137
, 241
, 26
, 24
, 243
, 194
, 73
, 106
, 161
, 155
, 112
, 75
, 192
, 34
, 233
, 17
, 250
, 118
, 149
, 196
, 71
, 152
, 115
, 191
, 76
, 152
, 115
, 81
, 186
, 49
, 218
, 222
, 45
, 163
, 104
, 99
, 168
, 45
, 222
, 130
, 137
, 70
, 197
, 227
, 40
, 195
, 72
, 21
, 246
, 183
, 84
, 264
, 3
, 11
, 256
, 244
, 23
, 84
, 183
, 221
, 46
, 40
, 227
, 11
, 256
, 202
, 65
, 202
, 65
, 204
, 63
, 23
, 244
, 206
, 61
, 106
, 161
, 26
, 241
, 163
, 104
, 64
, 203
, 176
, 91
, 17
, 250
, 100
, 167
, 107
, 160
, 119
, 148
, 114
, 153
, 248
, 19
, 47
, 220
, 155
, 112
, 84
, 183
, 32
, 235
, 253
, 14
, 20
, 247
, 146
, 121
, 45
, 222
, 3
, 264
, 234
, 33
, 196
, 71
, 177
, 90
, 164
, 103
, 183
, 84
, 52
, 215
, 138
, 129
, 112
, 155
, 246
, 21
, 69
, 198
, 102
, 165
, 217
, 50
, 127
, 140
, 103
, 164
, 120
, 147
, 1
, 266
, 130
, 137
, 203
, 64
, 209
, 58
, 41
, 226
, 155
, 112
, 209
, 58
, 14
, 253
, 174
, 93
, 262
, 5
, 251
, 16
, 123
, 144
, 54
, 213
, 201
, 66
, 98
, 169
, 207
, 60
, 113
, 154
, 53
, 214
, 81
, 186
, 228
, 39
, 62
, 205
, 138
, 129
, 146
, 121
, 149
, 118
, 168
, 99
, 23
, 244
, 56
, 211
, 210
, 57
, 67
, 200
, 163
, 104
, 212
, 55
, 28
, 239
, 239
, 28
, 239
, 28
, 193
, 74
, 126
, 141
, 120
, 147
, 75
, 192
, 60
, 207
, 178
, 89
, 141
, 126
, 190
, 77
, 173
, 94
, 69
, 198
, 29
, 238
, 241
, 26
, 186
, 81
, 86
, 181
, 260
, 7
, 144
, 123
, 35
, 232
, 110
, 157
, 1
, 266
, 106
, 161
, 169
, 98
, 219
, 48
, 231
, 36
, 202
, 65
, 210
, 57
, 261
, 6
, 248
, 19
, 197
, 70
, 115
, 152
, 152
, 115
, 188
, 79
, 69
, 198
, 29
, 238
, 131
, 136
, 4
, 263
, 242
, 25
, 198
, 69
, 212
, 55
, 215
, 52
, 216
, 51
, 100
, 167
, 101
, 166
, 10
, 257
, 175
, 92
, 111
, 156
, 130
, 137
, 140
, 127
, 49
, 218
, 251
, 16
, 159
, 108
, 85
, 182
, 25
, 242
, 246
, 21
, 172
, 95
, 13
, 254
, 209
, 58
, 108
, 159
, 178
, 89
, 150
, 117
, 72
, 195
, 265
, 2
, 240
, 27
, 22
, 245
, 43
, 224
, 108
, 159
, 156
, 111
, 138
, 129
, 113
, 154
, 88
, 179
, 221
, 46
, 180
, 87
, 194
, 73
, 26
, 241
, 130
, 137
, 142
, 125
, 213
, 54
, 262
, 5
, 22
, 245
, 234
, 33
, 23
, 244
, 170
, 97
, 104
, 163
, 14
, 253
, 48
, 219
, 34
, 233
, 33
, 234
, 214
, 53
, 106
, 161
, 184
, 83
, 264
, 3
, 197
, 70
, 136
, 131
, 223
, 44
, 75
, 192
, 156
, 111
, 173
, 94
, 228
, 39
, 206
, 61
, 82
, 185
, 241
, 26
, 205
, 62
, 5
, 262
, 61
, 206
, 142
, 125
, 245
, 22
, 39
, 228
, 234
, 33
, 168
, 99
, 176
, 91
, 2
, 265
, 252
, 15
, 189
, 78
, 73
, 194
, 174
, 93
, 198
, 69
, 35
, 232
, 98
, 169
, 242
, 25
, 204
, 63
, 15
, 252
, 218
, 49
, 50
, 217
, 84
, 183
, 190
, 77
, 151
, 116
, 109
, 158
, 171
, 96
, 174
, 93
, 253
, 14
, 121
, 146
, 16
, 251
, 129
, 138
, 166
, 101
, 252
, 15
, 251
, 16
, 248
, 19
, 256
, 11
, 233
, 34
, 54
, 213
, 60
, 207
, 172
, 95
, 5
, 262
, 222
, 45
, 132
, 135
, 261
, 6
, 95
, 172
, 112
, 155
, 254
, 13
, 61
, 206
, 71
, 196
, 231
, 36
, 240
, 27
, 1
, 266
, 24
, 243
, 163
, 104
, 208
, 59
, 239
, 28
, 211
, 56
, 171
, 96
, 24
, 243
, 116
, 151
, 188
, 79
, 200
, 67
, 245
, 22
, 201
, 66
, 34
, 233
, 23
, 244
, 159
, 108
, 262
, 5
, 171
, 96
, 11
, 256
, 194
, 73
, 249
, 18
, 111
, 156
, 123
, 144
, 177
, 90
, 150
, 117
, 131
, 136
, 134
, 133
, 44
, 223
, 156
, 111
, 44
, 223
, 156
, 111
, 173
, 94
, 179
, 88
, 134
, 133
, 47
, 220
, 9
, 258
, 170
, 97
, 236
, 31
, 1
, 266
, 29
, 238
, 213
, 54
