
2500
, 141
, 71
, 72
, 140
, 206
, 6
, 123
, 89
, 149
, 63
, 178
, 34
, 168
, 44
, 19
, 193
, 152
, 60
, 6
, 206
, 167
, 45
, 85
, 127
, 68
, 144
, 140
, 72
, 131
, 81
, 78
, 134
, 197
, 15
, 154
, 58
, 9
, 203
, 24
, 188
, 62
, 150
, 5
, 207
, 44
, 168
, 131
, 81
, 134
, 78
, 77
, 135
, 188
, 24
, 8
, 204
, 23
, 189
, 187
, 25
, 18
, 194
, 161
, 51
, 36
, 176
, 146
, 66
, 184
, 28
, 142
, 70
, 28
, 184
, 15
, 197
, 193
, 19
, 90
, 122
, 174
, 38
, 169
, 43
, 120
, 92
, 49
, 163
, 23
, 189
, 115
, 97
, 52
, 160
, 7
, 205
, 157
, 55
, 159
, 53
, 147
, 65
, 40
, 172
, 109
, 103
, 75
, 137
, 209
, 3
, 53
, 159
, 143
, 69
, 111
, 101
, 97
, 115
, 120
, 92
, 194
, 18
, 15
, 197
, 208
, 4
, 123
, 89
, 50
, 162
, 34
, 178
, 27
, 185
, 117
, 95
, 101
, 111
, 176
, 36
, 42
, 170
, 3
, 209
, 43
, 169
, 79
, 133
, 140
, 72
, 110
, 102
, 124
, 88
, 27
, 185
, 134
, 78
, 132
, 80
, 205
, 7
, 120
, 92
, 78
, 134
, 30
, 182
, 160
, 52
, 162
, 50
, 69
, 143
, 204
, 8
, 170
, 42
, 209
, 3
, 179
, 33
, 193
, 19
, 115
, 97
, 146
, 66
, 48
, 164
, 67
, 145
, 1
, 211
, 203
, 9
, 172
, 40
, 98
, 114
, 178
, 34
, 118
, 94
, 61
, 151
, 176
, 36
, 25
, 187
, 32
, 180
, 109
, 103
, 133
, 79
, 74
, 138
, 151
, 61
, 68
, 144
, 2
, 210
, 85
, 127
, 184
, 28
, 141
, 71
, 21
, 191
, 35
, 177
, 145
, 67
, 122
, 90
, 169
, 43
, 63
, 149
, 184
, 28
, 202
, 10
, 44
, 168
, 144
, 68
, 209
, 3
, 68
, 144
, 137
, 75
, 178
, 34
, 131
, 81
, 56
, 156
, 37
, 175
, 101
, 111
, 55
, 157
, 83
, 129
, 117
, 95
, 15
, 197
, 113
, 99
, 39
, 173
, 71
, 141
, 180
, 32
, 163
, 49
, 161
, 51
, 170
, 42
, 162
, 50
, 64
, 148
, 55
, 157
, 160
, 52
, 82
, 130
, 49
, 163
, 153
, 59
, 126
, 86
, 68
, 144
, 72
, 140
, 61
, 151
, 101
, 111
, 166
, 46
, 107
, 105
, 111
, 101
, 181
, 31
, 79
, 133
, 139
, 73
, 173
, 39
, 126
, 86
, 24
, 188
, 152
, 60
, 198
, 14
, 176
, 36
, 187
, 25
, 43
, 169
, 8
, 204
, 53
, 159
, 132
, 80
, 148
, 64
, 129
, 83
, 51
, 161
, 3
, 209
, 188
, 24
, 175
, 37
, 148
, 64
, 202
, 10
, 4
, 208
, 12
, 200
, 50
, 162
, 2
, 210
, 155
, 57
, 82
, 130
, 86
, 126
, 93
, 119
, 104
, 108
, 116
, 96
, 77
, 135
, 184
, 28
, 112
, 100
, 82
, 130
, 7
, 205
, 39
, 173
, 17
, 195
, 25
, 187
, 74
, 138
, 131
, 81
, 83
, 129
, 132
, 80
, 129
, 83
, 158
, 54
, 70
, 142
, 131
, 81
, 154
, 58
, 93
, 119
, 60
, 152
, 66
, 146
, 99
, 113
, 82
, 130
, 2
, 210
, 175
, 37
, 65
, 147
, 22
, 190
, 210
, 2
, 198
, 14
, 44
, 168
, 199
, 13
, 186
, 26
, 145
, 67
, 79
, 133
, 186
, 26
, 189
, 23
, 38
, 174
, 34
, 178
, 101
, 111
, 202
, 10
, 144
, 68
, 194
, 18
, 16
, 196
, 110
, 102
, 138
, 74
, 84
, 128
, 7
, 205
, 109
, 103
, 156
, 56
, 117
, 95
, 6
, 206
, 10
, 202
, 57
, 155
, 203
, 9
, 11
, 201
, 46
, 166
, 159
, 53
, 190
, 22
, 201
, 11
, 111
, 101
, 200
, 12
, 201
, 11
, 133
, 79
, 33
, 179
, 76
, 136
, 72
, 140
, 52
, 160
, 162
, 50
, 198
, 14
, 154
, 58
, 6
, 206
, 64
, 148
, 142
, 70
, 24
, 188
, 6
, 206
, 95
, 117
, 49
, 163
, 97
, 115
, 83
, 129
, 69
, 143
, 108
, 104
, 64
, 148
, 23
, 189
, 116
, 96
, 64
, 148
, 54
, 158
, 40
, 172
, 120
, 92
, 191
, 21
, 10
, 202
, 176
, 36
, 9
, 203
, 184
, 28
, 68
, 144
, 196
, 16
, 156
, 56
, 201
, 11
, 29
, 183
, 22
, 190
, 28
, 184
, 47
, 165
, 32
, 180
, 140
, 72
, 11
, 201
, 74
, 138
, 181
, 31
, 202
, 10
, 12
, 200
, 72
, 140
, 75
, 137
, 125
, 87
, 74
, 138
, 139
, 73
, 120
, 92
, 64
, 148
, 74
, 138
, 191
, 21
, 106
, 106
, 186
, 26
, 95
, 117
, 197
, 15
, 73
, 139
, 172
, 40
, 121
, 91
, 49
, 163
, 66
, 146
, 41
, 171
, 135
, 77
, 120
, 92
, 50
, 162
, 66
, 146
, 27
, 185
, 58
, 154
, 133
, 79
, 101
, 111
, 148
, 64
, 78
, 134
, 49
, 163
, 73
, 139
, 161
, 51
, 205
, 7
, 6
, 206
, 72
, 140
, 5
, 207
, 207
, 5
, 26
, 186
, 86
, 126
, 58
, 154
, 13
, 199
, 19
, 193
, 99
, 113
, 194
, 18
, 17
, 195
, 142
, 70
, 19
, 193
, 147
, 65
, 164
, 48
, 146
, 66
, 10
, 202
, 168
, 44
, 107
, 105
, 205
, 7
, 22
, 190
, 84
, 128
, 50
, 162
, 23
, 189
, 117
, 95
, 177
, 35
, 30
, 182
, 142
, 70
, 91
, 121
, 187
, 25
, 188
, 24
, 1
, 211
, 131
, 81
, 127
, 85
, 83
, 129
, 151
, 61
, 204
, 8
, 87
, 125
, 48
, 164
, 105
, 107
, 209
, 3
, 165
, 47
, 40
, 172
, 184
, 28
, 32
, 180
, 64
, 148
, 158
, 54
, 204
, 8
, 195
, 17
, 69
, 143
, 93
, 119
, 150
, 62
, 119
, 93
, 105
, 107
, 17
, 195
, 86
, 126
, 2
, 210
, 146
, 66
, 62
, 150
, 169
, 43
, 101
, 111
, 38
, 174
, 54
, 158
, 127
, 85
, 125
, 87
, 75
, 137
, 134
, 78
, 165
, 47
, 161
, 51
, 26
, 186
, 202
, 10
, 186
, 26
, 24
, 188
, 132
, 80
, 189
, 23
, 5
, 207
, 23
, 189
, 50
, 162
, 118
, 94
, 166
, 46
, 40
, 172
, 36
, 176
, 4
, 208
, 55
, 157
, 139
, 73
, 85
, 127
, 99
, 113
, 171
, 41
, 178
, 34
, 44
, 168
, 158
, 54
, 30
, 182
, 136
, 76
, 15
, 197
, 194
, 18
, 123
, 89
, 4
, 208
, 2
, 210
, 68
, 144
, 83
, 129
, 185
, 27
, 166
, 46
, 107
, 105
, 7
, 205
, 173
, 39
, 105
, 107
, 201
, 11
, 108
, 104
, 63
, 149
, 104
, 108
, 67
, 145
, 153
, 59
, 53
, 159
, 6
, 206
, 113
, 99
, 65
, 147
, 154
, 58
, 71
, 141
, 181
, 31
, 197
, 15
, 47
, 165
, 72
, 140
, 151
, 61
, 146
, 66
, 4
, 208
, 201
, 11
, 28
, 184
, 188
, 24
, 94
, 118
, 190
, 22
, 128
, 84
, 167
, 45
, 181
, 31
, 159
, 53
, 93
, 119
, 132
, 80
, 197
, 15
, 181
, 31
, 178
, 34
, 8
, 204
, 164
, 48
, 166
, 46
, 55
, 157
, 41
, 171
, 38
, 174
, 191
, 21
, 149
, 63
, 144
, 68
, 80
, 132
, 38
, 174
, 122
, 90
, 154
, 58
, 116
, 96
, 23
, 189
, 163
, 49
, 169
, 43
, 104
, 108
, 109
, 103
, 91
, 121
, 32
, 180
, 41
, 171
, 74
, 138
, 2
, 210
, 126
, 86
, 142
, 70
, 182
, 30
, 190
, 22
, 197
, 15
, 183
, 29
, 125
, 87
, 112
, 100
, 163
, 49
, 92
, 120
, 27
, 185
, 81
, 131
, 30
, 182
, 71
, 141
, 207
, 5
, 19
, 193
, 197
, 15
, 186
, 26
, 175
, 37
, 130
, 82
, 194
, 18
, 39
, 173
, 4
, 208
, 191
, 21
, 118
, 94
, 63
, 149
, 201
, 11
, 30
, 182
, 198
, 14
, 31
, 181
, 75
, 137
, 114
, 98
, 18
, 194
, 20
, 192
, 54
, 158
, 21
, 191
, 164
, 48
, 200
, 12
, 86
, 126
, 191
, 21
, 191
, 21
, 95
, 117
, 106
, 106
, 185
, 27
, 149
, 63
, 89
, 123
, 2
, 210
, 40
, 172
, 86
, 126
, 86
, 126
, 161
, 51
, 47
, 165
, 79
, 133
, 173
, 39
, 108
, 104
, 78
, 134
, 45
, 167
, 68
, 144
, 20
, 192
, 86
, 126
, 133
, 79
, 177
, 35
, 22
, 190
, 165
, 47
, 158
, 54
, 85
, 127
, 3
, 209
, 204
, 8
, 18
, 194
, 58
, 154
, 64
, 148
, 11
, 201
, 206
, 6
, 50
, 162
, 109
, 103
, 159
, 53
, 171
, 41
, 22
, 190
, 103
, 109
, 179
, 33
, 140
, 72
, 91
, 121
, 76
, 136
, 74
, 138
, 42
, 170
, 33
, 179
, 26
, 186
, 136
, 76
, 202
, 10
, 72
, 140
, 176
, 36
, 69
, 143
, 31
, 181
, 55
, 157
, 94
, 118
, 95
, 117
, 158
, 54
, 208
, 4
, 163
, 49
, 162
, 50
, 168
, 44
, 130
, 82
, 46
, 166
, 29
, 183
, 192
, 20
, 81
, 131
, 194
, 18
, 143
, 69
, 96
, 116
, 112
, 100
, 137
, 75
, 136
, 76
, 2
, 210
, 189
, 23
, 171
, 41
, 203
, 9
, 19
, 193
, 41
, 171
, 17
, 195
, 51
, 161
, 5
, 207
, 84
, 128
, 35
, 177
, 73
, 139
, 114
, 98
, 125
, 87
, 133
, 79
, 4
, 208
, 209
, 3
, 84
, 128
, 142
, 70
, 90
, 122
, 74
, 138
, 7
, 205
, 151
, 61
, 99
, 113
, 207
, 5
, 161
, 51
, 107
, 105
, 144
, 68
, 29
, 183
, 13
, 199
, 192
, 20
, 73
, 139
, 142
, 70
, 30
, 182
, 145
, 67
, 110
, 102
, 189
, 23
, 188
, 24
, 4
, 208
, 70
, 142
, 192
, 20
, 57
, 155
, 167
, 45
, 23
, 189
, 19
, 193
, 15
, 197
, 203
, 9
, 159
, 53
, 193
, 19
, 28
, 184
, 28
, 184
, 78
, 134
, 95
, 117
, 201
, 11
, 168
, 44
, 16
, 196
, 52
, 160
, 179
, 33
, 10
, 202
, 46
, 166
, 38
, 174
, 36
, 176
, 86
, 126
, 40
, 172
, 32
, 180
, 83
, 129
, 171
, 41
, 65
, 147
, 9
, 203
, 195
, 17
, 114
, 98
, 177
, 35
, 180
, 32
, 63
, 149
, 122
, 90
, 101
, 111
, 15
, 197
, 147
, 65
, 168
, 44
, 57
, 155
, 43
, 169
, 53
, 159
, 201
, 11
, 171
, 41
, 96
, 116
, 147
, 65
, 19
, 193
, 130
, 82
, 208
, 4
, 206
, 6
, 112
, 100
, 2
, 210
, 16
, 196
, 17
, 195
, 125
, 87
, 18
, 194
, 20
, 192
, 137
, 75
, 3
, 209
, 38
, 174
, 51
, 161
, 115
, 97
, 119
, 93
, 65
, 147
, 164
, 48
, 193
, 19
, 27
, 185
, 199
, 13
, 145
, 67
, 157
, 55
, 184
, 28
, 77
, 135
, 74
, 138
, 135
, 77
, 108
, 104
, 166
, 46
, 205
, 7
, 84
, 128
, 32
, 180
, 156
, 56
, 31
, 181
, 94
, 118
, 20
, 192
, 136
, 76
, 201
, 11
, 18
, 194
, 43
, 169
, 80
, 132
, 192
, 20
, 191
, 21
, 151
, 61
, 140
, 72
, 169
, 43
, 165
, 47
, 183
, 29
, 185
, 27
, 39
, 173
, 113
, 99
, 146
, 66
, 157
, 55
, 51
, 161
, 142
, 70
, 209
, 3
, 35
, 177
, 58
, 154
, 69
, 143
, 182
, 30
, 147
, 65
, 201
, 11
, 12
, 200
, 57
, 155
, 63
, 149
, 30
, 182
, 139
, 73
, 8
, 204
, 61
, 151
, 34
, 178
, 130
, 82
, 142
, 70
, 205
, 7
, 48
, 164
, 202
, 10
, 35
, 177
, 77
, 135
, 50
, 162
, 22
, 190
, 20
, 192
, 205
, 7
, 133
, 79
, 79
, 133
, 88
, 124
, 195
, 17
, 132
, 80
, 197
, 15
, 45
, 167
, 171
, 41
, 156
, 56
, 91
, 121
, 182
, 30
, 116
, 96
, 81
, 131
, 126
, 86
, 41
, 171
, 33
, 179
, 101
, 111
, 176
, 36
, 150
, 62
, 140
, 72
, 129
, 83
, 90
, 122
, 151
, 61
, 121
, 91
, 202
, 10
, 81
, 131
, 135
, 77
, 115
, 97
, 40
, 172
, 137
, 75
, 137
, 75
, 93
, 119
, 126
, 86
, 64
, 148
, 68
, 144
, 112
, 100
, 197
, 15
, 62
, 150
, 6
, 206
, 179
, 33
, 132
, 80
, 14
, 198
, 40
, 172
, 119
, 93
, 67
, 145
, 92
, 120
, 57
, 155
, 121
, 91
, 66
, 146
, 152
, 60
, 176
, 36
, 208
, 4
, 66
, 146
, 179
, 33
, 132
, 80
, 184
, 28
, 10
, 202
, 57
, 155
, 43
, 169
, 69
, 143
, 14
, 198
, 37
, 175
, 40
, 172
, 131
, 81
, 171
, 41
, 125
, 87
, 118
, 94
, 196
, 16
, 25
, 187
, 184
, 28
, 6
, 206
, 123
, 89
, 121
, 91
, 17
, 195
, 206
, 6
, 155
, 57
, 29
, 183
, 204
, 8
, 180
, 32
, 1
, 211
, 109
, 103
, 182
, 30
, 66
, 146
, 63
, 149
, 146
, 66
, 139
, 73
, 133
, 79
, 17
, 195
, 120
, 92
, 191
, 21
, 106
, 106
, 133
, 79
, 38
, 174
, 153
, 59
, 186
, 26
, 3
, 209
, 18
, 194
, 130
, 82
, 101
, 111
, 15
, 197
, 29
, 183
, 125
, 87
, 127
, 85
, 104
, 108
, 193
, 19
, 165
, 47
, 170
, 42
, 102
, 110
, 175
, 37
, 3
, 209
, 71
, 141
, 198
, 14
, 64
, 148
, 30
, 182
, 122
, 90
, 39
, 173
, 28
, 184
, 199
, 13
, 126
, 86
, 99
, 113
, 139
, 73
, 165
, 47
, 75
, 137
, 177
, 35
, 201
, 11
, 10
, 202
, 123
, 89
, 23
, 189
, 110
, 102
, 14
, 198
, 27
, 185
, 8
, 204
, 35
, 177
, 126
, 86
, 78
, 134
, 109
, 103
, 168
, 44
, 203
, 9
, 156
, 56
, 157
, 55
, 18
, 194
, 6
, 206
, 160
, 52
, 207
, 5
, 46
, 166
, 171
, 41
, 114
, 98
, 163
, 49
, 204
, 8
, 73
, 139
, 179
, 33
, 117
, 95
, 52
, 160
, 122
, 90
, 45
, 167
, 131
, 81
, 72
, 140
, 153
, 59
, 158
, 54
, 159
, 53
, 48
, 164
, 162
, 50
, 27
, 185
, 30
, 182
, 156
, 56
, 117
, 95
, 90
, 122
, 65
, 147
, 200
, 12
, 120
, 92
, 75
, 137
, 59
, 153
, 141
, 71
, 78
, 134
, 76
, 136
, 81
, 131
, 18
, 194
, 98
, 114
, 14
, 198
, 147
, 65
, 48
, 164
, 170
, 42
, 114
, 98
, 36
, 176
, 27
, 185
, 10
, 202
, 119
, 93
, 106
, 106
, 47
, 165
, 47
, 165
, 85
, 127
, 56
, 156
, 168
, 44
, 181
, 31
, 19
, 193
, 171
, 41
, 87
, 125
, 71
, 141
, 199
, 13
, 95
, 117
, 15
, 197
, 168
, 44
, 138
, 74
, 60
, 152
, 144
, 68
, 161
, 51
, 18
, 194
, 56
, 156
, 65
, 147
, 200
, 12
, 199
, 13
, 116
, 96
, 192
, 20
, 143
, 69
, 14
, 198
, 193
, 19
, 21
, 191
, 49
, 163
, 144
, 68
, 161
, 51
, 20
, 192
, 148
, 64
, 5
, 207
, 80
, 132
, 125
, 87
, 29
, 183
, 49
, 163
, 86
, 126
, 126
, 86
, 38
, 174
, 184
, 28
, 116
, 96
, 13
, 199
, 50
, 162
, 143
, 69
, 133
, 79
, 58
, 154
, 107
, 105
, 8
, 204
, 116
, 96
, 145
, 67
, 86
, 126
, 131
, 81
, 32
, 180
, 44
, 168
, 178
, 34
, 174
, 38
, 10
, 202
, 51
, 161
, 70
, 142
, 200
, 12
, 99
, 113
, 35
, 177
, 25
, 187
, 98
, 114
, 128
, 84
, 97
, 115
, 18
, 194
, 41
, 171
, 21
, 191
, 92
, 120
, 25
, 187
, 84
, 128
, 94
, 118
, 177
, 35
, 137
, 75
, 14
, 198
, 152
, 60
, 197
, 15
, 154
, 58
, 29
, 183
, 7
, 205
, 176
, 36
, 209
, 3
, 123
, 89
, 20
, 192
, 35
, 177
, 155
, 57
, 170
, 42
, 113
, 99
, 201
, 11
, 162
, 50
, 166
, 46
, 147
, 65
, 44
, 168
, 170
, 42
, 193
, 19
, 112
, 100
, 150
, 62
, 68
, 144
, 167
, 45
, 205
, 7
, 121
, 91
, 200
, 12
, 46
, 166
, 185
, 27
, 18
, 194
, 8
, 204
, 97
, 115
, 187
, 25
, 5
, 207
, 52
, 160
, 27
, 185
, 159
, 53
, 60
, 152
, 20
, 192
, 90
, 122
, 171
, 41
, 159
, 53
, 37
, 175
, 187
, 25
, 17
, 195
, 45
, 167
, 14
, 198
, 173
, 39
, 157
, 55
, 123
, 89
, 99
, 113
, 123
, 89
, 141
, 71
, 79
, 133
, 113
, 99
, 179
, 33
, 70
, 142
, 161
, 51
, 148
, 64
, 57
, 155
, 34
, 178
, 131
, 81
, 74
, 138
, 166
, 46
, 153
, 59
, 50
, 162
, 84
, 128
, 73
, 139
, 80
, 132
, 124
, 88
, 191
, 21
, 113
, 99
, 81
, 131
, 54
, 158
, 47
, 165
, 111
, 101
, 187
, 25
, 44
, 168
, 56
, 156
, 128
, 84
, 186
, 26
, 164
, 48
, 203
, 9
, 165
, 47
, 100
, 112
, 173
, 39
, 176
, 36
, 165
, 47
, 105
, 107
, 170
, 42
, 198
, 14
, 111
, 101
, 26
, 186
, 173
, 39
, 187
, 25
, 125
, 87
, 5
, 207
, 172
, 40
, 40
, 172
, 64
, 148
, 114
, 98
, 155
, 57
, 111
, 101
, 154
, 58
, 93
, 119
, 64
, 148
, 136
, 76
, 195
, 17
, 24
, 188
, 169
, 43
, 168
, 44
, 20
, 192
, 194
, 18
, 29
, 183
, 172
, 40
, 130
, 82
, 51
, 161
, 119
, 93
, 144
, 68
, 133
, 79
, 193
, 19
, 179
, 33
, 93
, 119
, 193
, 19
, 114
, 98
, 56
, 156
, 70
, 142
, 60
, 152
, 50
, 162
, 85
, 127
, 59
, 153
, 155
, 57
, 68
, 144
, 127
, 85
, 145
, 67
, 29
, 183
, 176
, 36
, 91
, 121
, 197
, 15
, 36
, 176
, 179
, 33
, 73
, 139
, 170
, 42
, 108
, 104
, 130
, 82
, 104
, 108
, 18
, 194
, 8
, 204
, 207
, 5
, 199
, 13
, 16
, 196
, 105
, 107
, 93
, 119
, 170
, 42
, 76
, 136
, 191
, 21
, 173
, 39
, 134
, 78
, 130
, 82
, 117
, 95
, 28
, 184
, 103
, 109
, 36
, 176
, 94
, 118
, 176
, 36
, 75
, 137
, 113
, 99
, 102
, 110
, 169
, 43
, 122
, 90
, 97
, 115
, 193
, 19
, 51
, 161
, 73
, 139
, 102
, 110
, 26
, 186
, 54
, 158
, 92
, 120
, 23
, 189
, 156
, 56
, 83
, 129
, 79
, 133
, 145
, 67
, 200
, 12
, 43
, 169
, 45
, 167
, 165
, 47
, 203
, 9
, 36
, 176
, 49
, 163
, 203
, 9
, 114
, 98
, 54
, 158
, 168
, 44
, 100
, 112
, 204
, 8
, 168
, 44
, 72
, 140
, 164
, 48
, 136
, 76
, 209
, 3
, 82
, 130
, 208
, 4
, 200
, 12
, 41
, 171
, 67
, 145
, 96
, 116
, 148
, 64
, 171
, 41
, 181
, 31
, 78
, 134
, 59
, 153
, 57
, 155
, 189
, 23
, 154
, 58
, 86
, 126
, 71
, 141
, 205
, 7
, 6
, 206
, 22
, 190
, 36
, 176
, 125
, 87
, 64
, 148
, 119
, 93
, 198
, 14
, 196
, 16
, 130
, 82
, 22
, 190
, 134
, 78
, 161
, 51
, 82
, 130
, 129
, 83
, 106
, 106
, 122
, 90
, 62
, 150
, 90
, 122
, 157
, 55
, 56
, 156
, 43
, 169
, 128
, 84
, 132
, 80
, 155
, 57
, 204
, 8
, 4
, 208
, 42
, 170
, 108
, 104
, 39
, 173
, 128
, 84
, 172
, 40
, 158
, 54
, 177
, 35
, 23
, 189
, 179
, 33
, 82
, 130
, 152
, 60
, 131
, 81
, 45
, 167
, 117
, 95
, 73
, 139
, 159
, 53
, 201
, 11
, 154
, 58
, 126
, 86
, 101
, 111
, 35
, 177
, 119
, 93
, 125
, 87
, 97
, 115
, 201
, 11
, 12
, 200
, 78
, 134
, 24
, 188
, 115
, 97
, 100
, 112
, 167
, 45
, 176
, 36
, 4
, 208
, 31
, 181
, 84
, 128
, 22
, 190
, 107
, 105
, 163
, 49
, 97
, 115
, 138
, 74
, 169
, 43
, 107
, 105
, 12
, 200
, 107
, 105
, 30
, 182
, 41
, 171
, 8
, 204
, 180
, 32
, 49
, 163
, 172
, 40
, 68
, 144
, 96
, 116
, 129
, 83
, 51
, 161
, 41
, 171
, 101
, 111
, 68
, 144
, 206
, 6
, 107
, 105
, 151
, 61
, 150
, 62
, 196
, 16
, 174
, 38
, 111
, 101
, 93
, 119
, 188
, 24
, 54
, 158
, 57
, 155
, 56
, 156
, 199
, 13
, 148
, 64
, 174
, 38
, 131
, 81
, 202
, 10
, 51
, 161
, 90
, 122
, 7
, 205
, 205
, 7
, 116
, 96
, 49
, 163
, 83
, 129
, 23
, 189
, 206
, 6
, 84
, 128
, 64
, 148
, 108
, 104
, 13
, 199
, 93
, 119
, 4
, 208
, 175
, 37
, 18
, 194
, 127
, 85
, 80
, 132
, 178
, 34
, 206
, 6
, 92
, 120
, 116
, 96
, 113
, 99
, 60
, 152
, 72
, 140
, 141
, 71
, 51
, 161
, 157
, 55
, 97
, 115
, 41
, 171
, 88
, 124
, 186
, 26
, 36
, 176
, 108
, 104
, 166
, 46
, 35
, 177
, 171
, 41
, 153
, 59
, 84
, 128
, 144
, 68
, 194
, 18
, 205
, 7
, 101
, 111
, 12
, 200
, 94
, 118
, 43
, 169
, 89
, 123
, 209
, 3
, 42
, 170
, 128
, 84
, 152
, 60
, 198
, 14
, 40
, 172
, 189
, 23
, 203
, 9
, 199
, 13
, 30
, 182
, 165
, 47
, 116
, 96
, 178
, 34
, 84
, 128
, 139
, 73
, 47
, 165
, 173
, 39
, 23
, 189
, 115
, 97
, 204
, 8
, 29
, 183
, 117
, 95
, 24
, 188
, 39
, 173
, 185
, 27
, 168
, 44
, 65
, 147
, 148
, 64
, 46
, 166
, 124
, 88
, 172
, 40
, 171
, 41
, 172
, 40
, 88
, 124
, 203
, 9
, 158
, 54
, 69
, 143
, 201
, 11
, 182
, 30
, 1
, 211
, 144
, 68
, 203
, 9
, 209
, 3
, 161
, 51
, 58
, 154
, 141
, 71
, 197
, 15
, 142
, 70
, 89
, 123
, 143
, 69
, 158
, 54
, 117
, 95
, 182
, 30
, 190
, 22
, 52
, 160
, 23
, 189
, 182
, 30
, 145
, 67
, 1
, 211
, 97
, 115
, 173
, 39
, 208
, 4
, 68
, 144
, 103
, 109
, 23
, 189
, 72
, 140
, 58
, 154
, 75
, 137
, 59
, 153
, 157
, 55
, 200
, 12
, 53
, 159
, 120
, 92
, 170
, 42
, 121
, 91
, 163
, 49
, 114
, 98
, 100
, 112
, 165
, 47
, 21
, 191
, 152
, 60
, 52
, 160
, 10
, 202
, 24
, 188
, 100
, 112
, 91
, 121
, 197
, 15
, 60
, 152
, 190
, 22
, 151
, 61
, 172
, 40
, 125
, 87
, 134
, 78
, 88
, 124
, 170
, 42
, 200
, 12
, 95
, 117
, 41
, 171
, 45
, 167
, 96
, 116
, 176
, 36
, 95
, 117
, 73
, 139
, 46
, 166
, 39
, 173
, 17
, 195
, 99
, 113
, 58
, 154
, 14
, 198
, 164
, 48
, 147
, 65
, 195
, 17
, 14
, 198
, 177
, 35
, 119
, 93
, 157
, 55
, 35
, 177
, 140
, 72
, 89
, 123
, 185
, 27
, 12
, 200
, 194
, 18
, 102
, 110
, 105
, 107
, 138
, 74
, 39
, 173
, 165
, 47
, 33
, 179
, 210
, 2
, 133
, 79
, 29
, 183
, 164
, 48
, 60
, 152
, 130
, 82
, 191
, 21
, 160
, 52
, 210
, 2
, 64
, 148
, 42
, 170
, 108
, 104
, 209
, 3
, 181
, 31
, 106
, 106
, 8
, 204
, 162
, 50
, 107
, 105
, 54
, 158
, 172
, 40
, 34
, 178
, 200
, 12
, 142
, 70
, 38
, 174
, 191
, 21
, 180
, 32
, 90
, 122
, 111
, 101
, 131
, 81
, 124
, 88
, 175
, 37
, 139
, 73
, 15
, 197
, 66
, 146
, 98
, 114
, 169
, 43
, 63
, 149
, 132
, 80
, 109
, 103
, 48
, 164
, 12
, 200
, 139
, 73
, 8
, 204
, 104
, 108
, 27
, 185
, 177
, 35
, 135
, 77
, 102
, 110
, 100
, 112
, 129
, 83
, 52
, 160
, 97
, 115
, 56
, 156
, 32
, 180
, 120
, 92
, 1
, 211
, 11
, 201
, 80
, 132
, 158
, 54
, 61
, 151
, 101
, 111
, 81
, 131
, 88
, 124
, 79
, 133
, 155
, 57
, 166
, 46
, 66
, 146
, 161
, 51
, 119
, 93
, 40
, 172
, 110
, 102
, 73
, 139
, 82
, 130
, 29
, 183
, 136
, 76
, 124
, 88
, 180
, 32
, 95
, 117
, 159
, 53
, 100
, 112
, 185
, 27
, 196
, 16
, 137
, 75
, 10
, 202
, 43
, 169
, 23
, 189
, 181
, 31
, 50
, 162
, 204
, 8
, 30
, 182
, 1
, 211
, 184
, 28
, 49
, 163
, 48
, 164
, 17
, 195
, 99
, 113
, 54
, 158
, 130
, 82
, 143
, 69
, 6
, 206
, 163
, 49
, 150
, 62
, 70
, 142
, 128
, 84
, 101
, 111
, 135
, 77
, 15
, 197
, 50
, 162
, 206
, 6
, 154
, 58
, 115
, 97
, 182
, 30
, 180
, 32
, 29
, 183
, 138
, 74
, 209
, 3
, 169
, 43
, 44
, 168
, 210
, 2
, 40
, 172
, 69
, 143
, 5
, 207
, 167
, 45
, 150
, 62
, 73
, 139
, 63
, 149
, 99
, 113
, 61
, 151
, 88
, 124
, 116
, 96
, 20
, 192
, 187
, 25
, 207
, 5
, 103
, 109
, 209
, 3
, 1
, 211
, 141
, 71
, 146
, 66
, 126
, 86
, 77
, 135
, 54
, 158
, 19
, 193
, 163
, 49
, 66
, 146
, 117
, 95
, 55
, 157
, 155
, 57
, 101
, 111
, 78
, 134
, 34
, 178
, 171
, 41
, 37
, 175
, 121
, 91
, 132
, 80
, 75
, 137
, 27
, 185
, 20
, 192
, 125
, 87
, 69
, 143
, 180
, 32
, 91
, 121
, 22
, 190
, 190
, 22
, 100
, 112
, 183
, 29
, 11
, 201
, 17
, 195
, 42
, 170
, 159
, 53
, 3
, 209
, 157
, 55
, 98
, 114
, 106
, 106
, 165
, 47
, 88
, 124
, 170
, 42
, 12
, 200
, 4
, 208
, 143
, 69
, 113
, 99
, 62
, 150
, 175
, 37
, 8
, 204
, 163
, 49
, 54
, 158
, 27
, 185
, 132
, 80
, 40
, 172
, 126
, 86
, 139
, 73
, 207
, 5
, 44
, 168
, 157
, 55
, 53
, 159
, 56
, 156
, 204
, 8
, 121
, 91
, 76
, 136
, 111
, 101
, 185
, 27
, 40
, 172
, 163
, 49
, 137
, 75
, 30
, 182
, 122
, 90
, 139
, 73
, 189
, 23
, 156
, 56
, 157
, 55
, 47
, 165
, 167
, 45
, 165
, 47
, 28
, 184
, 74
, 138
, 122
, 90
, 114
, 98
, 112
, 100
, 83
, 129
, 27
, 185
, 124
, 88
, 196
, 16
, 32
, 180
, 65
, 147
, 101
, 111
, 183
, 29
, 186
, 26
, 25
, 187
, 75
, 137
, 8
, 204
, 210
, 2
, 107
, 105
, 141
, 71
, 34
, 178
, 166
, 46
, 141
, 71
, 115
, 97
, 42
, 170
, 196
, 16
, 135
, 77
, 177
, 35
, 158
, 54
, 127
, 85
, 205
, 7
, 60
, 152
, 13
, 199
, 32
, 180
, 189
, 23
, 160
, 52
, 160
, 52
, 150
, 62
, 69
, 143
, 189
, 23
, 206
, 6
, 76
, 136
, 44
, 168
, 73
, 139
, 105
, 107
, 74
, 138
, 190
, 22
, 111
, 101
, 45
, 167
, 75
, 137
, 203
, 9
, 68
, 144
, 192
, 20
, 69
, 143
, 83
, 129
, 199
, 13
, 107
, 105
, 28
, 184
, 76
, 136
, 121
, 91
, 65
, 147
, 164
, 48
, 94
, 118
, 112
, 100
, 106
, 106
, 149
, 63
, 19
, 193
, 55
, 157
, 195
, 17
, 134
, 78
, 60
, 152
, 12
, 200
, 23
, 189
, 42
, 170
, 194
, 18
, 59
, 153
, 60
, 152
, 123
, 89
, 42
, 170
, 89
, 123
, 157
, 55
, 27
, 185
, 79
, 133
, 132
, 80
, 193
, 19
, 192
, 20
, 100
, 112
, 110
, 102
, 172
, 40
, 1
, 211
, 204
, 8
, 163
, 49
, 19
, 193
, 49
, 163
, 24
, 188
, 136
, 76
, 75
, 137
, 104
, 108
, 56
, 156
, 35
, 177
, 9
, 203
, 209
, 3
, 48
, 164
, 92
, 120
, 136
, 76
, 19
, 193
, 42
, 170
, 133
, 79
, 206
, 6
, 148
, 64
, 182
, 30
, 35
, 177
, 36
, 176
, 16
, 196
, 80
, 132
, 134
, 78
, 57
, 155
, 124
, 88
, 97
, 115
, 46
, 166
, 147
, 65
, 81
, 131
, 40
, 172
, 162
, 50
, 85
, 127
, 3
, 209
, 58
, 154
, 18
, 194
, 79
, 133
, 202
, 10
, 37
, 175
, 156
, 56
, 48
, 164
, 108
, 104
, 24
, 188
, 32
, 180
, 8
, 204
, 8
, 204
, 16
, 196
, 2
, 210
, 87
, 125
, 111
, 101
, 29
, 183
, 127
, 85
, 44
, 168
, 9
, 203
, 151
, 61
, 210
, 2
, 179
, 33
, 63
, 149
, 94
, 118
, 153
, 59
, 192
, 20
, 32
, 180
, 187
, 25
, 40
, 172
, 80
, 132
, 204
, 8
, 21
, 191
, 197
, 15
, 18
, 194
, 98
, 114
, 169
, 43
, 140
, 72
, 74
, 138
, 56
, 156
, 86
, 126
, 12
, 200
, 149
, 63
, 32
, 180
, 172
, 40
, 134
, 78
, 122
, 90
, 177
, 35
, 203
, 9
, 198
, 14
, 182
, 30
, 105
, 107
, 44
, 168
, 87
, 125
, 62
, 150
, 72
, 140
, 63
, 149
, 138
, 74
, 132
, 80
, 44
, 168
, 148
, 64
, 90
, 122
, 154
, 58
, 197
, 15
, 125
, 87
, 112
, 100
, 194
, 18
, 152
, 60
, 151
, 61
, 159
, 53
, 202
, 10
, 166
, 46
, 129
, 83
, 162
, 50
, 10
, 202
, 53
, 159
, 40
, 172
, 201
, 11
, 133
, 79
, 82
, 130
, 109
, 103
, 70
, 142
, 114
, 98
, 163
, 49
, 95
, 117
, 51
, 161
, 30
, 182
, 45
, 167
, 1
, 211
, 44
, 168
, 188
, 24
, 172
, 40
, 128
, 84
, 11
, 201
, 63
, 149
, 126
, 86
, 146
, 66
, 76
, 136
, 5
, 207
, 155
, 57
, 133
, 79
, 63
, 149
, 196
, 16
, 188
, 24
, 49
, 163
, 151
, 61
, 120
, 92
, 190
, 22
, 25
, 187
, 146
, 66
, 120
, 92
, 104
, 108
, 135
, 77
, 98
, 114
, 19
, 193
, 6
, 206
, 182
, 30
, 71
, 141
, 94
, 118
, 6
, 206
, 208
, 4
, 30
, 182
, 68
, 144
, 124
, 88
, 133
, 79
, 175
, 37
, 159
, 53
, 5
, 207
, 203
, 9
, 53
, 159
, 110
, 102
, 128
, 84
, 88
, 124
, 61
, 151
, 170
, 42
, 205
, 7
, 165
, 47
, 3
, 209
, 165
, 47
, 189
, 23
, 45
, 167
, 92
, 120
, 205
, 7
, 200
, 12
, 43
, 169
, 136
, 76
, 77
, 135
, 203
, 9
, 133
, 79
, 81
, 131
, 188
, 24
, 160
, 52
, 117
, 95
, 107
, 105
, 53
, 159
, 102
, 110
, 105
, 107
, 119
, 93
, 94
, 118
, 156
, 56
, 102
, 110
, 129
, 83
, 190
, 22
, 106
, 106
, 12
, 200
, 72
, 140
, 158
, 54
, 153
, 59
, 21
, 191
, 87
, 125
, 90
, 122
, 37
, 175
, 157
, 55
, 34
, 178
, 102
, 110
, 197
, 15
, 115
, 97
, 161
, 51
, 85
, 127
, 206
, 6
, 32
, 180
, 7
, 205
, 157
, 55
, 54
, 158
, 60
, 152
, 75
, 137
, 29
, 183
, 48
, 164
, 157
, 55
, 192
, 20
, 206
, 6
, 174
, 38
, 138
, 74
, 182
, 30
, 165
, 47
, 35
, 177
, 3
, 209
, 103
, 109
, 86
, 126
, 50
, 162
, 10
, 202
, 172
, 40
, 129
, 83
, 91
, 121
, 97
, 115
, 205
, 7
, 69
, 143
, 53
, 159
, 25
, 187
, 16
, 196
, 115
, 97
, 205
, 7
, 208
, 4
, 10
, 202
, 94
, 118
, 97
, 115
, 154
, 58
, 107
, 105
, 146
, 66
, 196
, 16
, 105
, 107
, 203
, 9
, 103
, 109
, 186
, 26
, 76
, 136
, 3
, 209
, 4
, 208
, 160
, 52
, 190
, 22
, 48
, 164
, 24
, 188
, 46
, 166
, 86
, 126
, 152
, 60
, 146
, 66
, 168
, 44
, 151
, 61
, 123
, 89
, 203
, 9
, 84
, 128
, 62
, 150
, 11
, 201
, 49
, 163
, 164
, 48
, 133
, 79
, 122
, 90
, 164
, 48
, 48
, 164
, 161
, 51
, 58
, 154
, 107
, 105
, 145
, 67
, 111
, 101
, 46
, 166
, 19
, 193
, 66
, 146
, 97
, 115
, 192
, 20
, 159
, 53
, 23
, 189
, 113
, 99
, 198
, 14
, 92
, 120
, 146
, 66
, 47
, 165
, 167
, 45
, 49
, 163
, 98
, 114
, 92
, 120
, 121
, 91
, 145
, 67
, 86
, 126
, 156
, 56
, 70
, 142
, 58
, 154
, 154
, 58
, 33
, 179
, 42
, 170
, 108
, 104
, 32
, 180
, 113
, 99
, 94
, 118
, 66
, 146
, 129
, 83
, 206
, 6
, 106
, 106
, 116
, 96
, 90
, 122
, 132
, 80
, 12
, 200
, 120
, 92
, 185
, 27
, 199
, 13
, 94
, 118
, 159
, 53
, 97
, 115
, 38
, 174
, 185
, 27
, 133
, 79
, 44
, 168
, 103
, 109
, 30
, 182
, 28
, 184
, 127
, 85
, 23
, 189
, 118
, 94
, 111
, 101
, 197
, 15
, 57
, 155
, 54
, 158
, 63
, 149
, 19
, 193
, 137
, 75
, 178
, 34
, 35
, 177
, 140
, 72
, 2
, 210
, 36
, 176
, 6
, 206
, 52
, 160
, 198
, 14
, 40
, 172
, 82
, 130
, 194
, 18
, 77
, 135
, 52
, 160
, 210
, 2
, 109
, 103
, 40
, 172
, 58
, 154
, 193
, 19
, 69
, 143
, 169
, 43
, 88
, 124
, 104
, 108
, 180
, 32
, 158
, 54
, 6
, 206
, 200
, 12
, 5
, 207
, 131
, 81
, 156
, 56
, 209
, 3
, 127
, 85
, 97
, 115
, 189
, 23
, 112
, 100
, 182
, 30
, 68
, 144
, 185
, 27
, 44
, 168
, 181
, 31
, 115
, 97
, 185
, 27
, 130
, 82
, 210
, 2
, 37
, 175
, 15
, 197
, 150
, 62
, 62
, 150
, 8
, 204
, 205
, 7
, 109
, 103
, 50
, 162
, 113
, 99
, 61
, 151
, 110
, 102
, 43
, 169
, 140
, 72
, 6
, 206
, 107
, 105
, 100
, 112
, 12
, 200
, 149
, 63
, 149
, 63
, 179
, 33
, 193
, 19
, 152
, 60
, 98
, 114
, 46
, 166
, 21
, 191
, 102
, 110
, 38
, 174
, 130
, 82
, 56
, 156
, 11
, 201
, 50
, 162
, 34
, 178
, 183
, 29
, 193
, 19
, 117
, 95
, 136
, 76
, 20
, 192
, 120
, 92
, 178
, 34
, 13
, 199
, 64
, 148
, 112
, 100
, 171
, 41
, 187
, 25
, 59
, 153
, 48
, 164
, 22
, 190
, 93
, 119
, 107
, 105
, 94
, 118
, 6
, 206
, 174
, 38
, 108
, 104
, 190
, 22
, 137
, 75
, 49
, 163
, 183
, 29
, 127
, 85
, 90
, 122
, 180
, 32
, 132
, 80
, 200
, 12
, 116
, 96
, 162
, 50
, 5
, 207
, 140
, 72
, 167
, 45
, 92
, 120
, 115
, 97
, 116
, 96
, 141
, 71
, 12
, 200
, 118
, 94
, 112
, 100
, 104
, 108
, 124
, 88
, 141
, 71
, 88
, 124
, 74
, 138
, 145
, 67
, 100
, 112
, 57
, 155
, 57
, 155
, 37
, 175
, 9
, 203
, 166
, 46
, 57
, 155
, 66
, 146
, 75
, 137
, 94
, 118
, 2
, 210
, 195
, 17
, 138
, 74
, 72
, 140
, 18
, 194
, 12
, 200
, 41
, 171
, 206
, 6
, 123
, 89
, 96
, 116
, 209
, 3
, 180
, 32
, 11
, 201
, 152
, 60
, 153
, 59
, 102
, 110
, 1
, 211
, 116
, 96
, 158
, 54
, 149
, 63
, 156
, 56
, 10
, 202
, 200
, 12
, 132
, 80
, 22
, 190
, 137
, 75
, 13
, 199
, 25
, 187
, 92
, 120
, 131
, 81
, 133
, 79
, 83
, 129
, 27
, 185
, 117
, 95
, 74
, 138
, 19
, 193
, 208
, 4
, 19
, 193
, 111
, 101
, 128
, 84
, 97
, 115
, 42
, 170
, 99
, 113
, 101
, 111
, 159
, 53
, 115
, 97
, 121
, 91
, 43
, 169
, 181
, 31
, 119
, 93
, 201
, 11
, 177
, 35
, 34
, 178
, 203
, 9
, 73
, 139
, 82
, 130
, 65
, 147
, 5
, 207
, 115
, 97
, 84
, 128
, 47
, 165
, 121
, 91
, 93
, 119
, 147
, 65
, 84
, 128
, 147
, 65
, 16
, 196
, 8
, 204
, 115
, 97
, 137
, 75
, 163
, 49
, 45
, 167
, 186
, 26
, 120
, 92
, 155
, 57
, 61
, 151
, 208
, 4
, 209
, 3
, 155
, 57
, 206
, 6
, 141
, 71
, 13
, 199
, 185
, 27
, 79
, 133
, 92
, 120
, 176
, 36
, 179
, 33
, 101
, 111
, 176
, 36
, 55
, 157
, 82
, 130
, 6
, 206
, 67
, 145
, 93
, 119
, 117
, 95
, 202
, 10
, 146
, 66
, 103
, 109
, 97
, 115
, 103
, 109
, 194
, 18
, 34
, 178
, 112
, 100
, 119
, 93
, 203
, 9
, 79
, 133
, 199
, 13
, 2
, 210
, 78
, 134
, 12
, 200
, 188
, 24
, 178
, 34
, 157
, 55
, 118
, 94
, 72
, 140
, 30
, 182
, 49
, 163
, 208
, 4
, 9
, 203
, 133
, 79
, 100
, 112
, 205
, 7
, 27
, 185
, 180
, 32
, 166
, 46
, 177
, 35
, 171
, 41
, 28
, 184
, 114
, 98
, 37
, 175
, 159
, 53
, 179
, 33
, 120
, 92
, 166
, 46
, 117
, 95
, 160
, 52
, 108
, 104
, 106
, 106
, 181
, 31
, 53
, 159
, 131
, 81
, 26
, 186
, 143
, 69
, 34
, 178
, 41
, 171
, 110
, 102
, 132
, 80
, 131
, 81
, 28
, 184
, 180
, 32
, 183
, 29
, 184
, 28
, 5
, 207
, 87
, 125
, 125
, 87
, 128
, 84
, 102
, 110
, 159
, 53
, 167
, 45
, 120
, 92
, 66
, 146
, 49
, 163
, 99
, 113
, 86
, 126
, 98
, 114
, 137
, 75
, 208
, 4
, 207
, 5
, 155
, 57
, 17
, 195
, 191
, 21
, 128
, 84
, 53
, 159
, 18
, 194
, 86
, 126
, 165
, 47
, 127
, 85
, 37
, 175
, 94
, 118
, 148
, 64
