
2560
, 92
, 67
, 145
, 14
, 96
, 63
, 125
, 34
, 150
, 9
, 81
, 78
, 141
, 18
, 78
, 81
, 93
, 66
, 36
, 123
, 151
, 8
, 78
, 81
, 118
, 41
, 73
, 86
, 7
, 152
, 104
, 55
, 79
, 80
, 22
, 137
, 30
, 129
, 55
, 104
, 84
, 75
, 20
, 139
, 31
, 128
, 19
, 140
, 13
, 146
, 133
, 26
, 37
, 122
, 104
, 55
, 23
, 136
, 27
, 132
, 31
, 128
, 155
, 4
, 34
, 125
, 143
, 16
, 152
, 7
, 7
, 152
, 134
, 25
, 36
, 123
, 132
, 27
, 46
, 113
, 102
, 57
, 41
, 118
, 128
, 31
, 45
, 114
, 24
, 135
, 149
, 10
, 101
, 58
, 90
, 69
, 31
, 128
, 155
, 4
, 79
, 80
, 114
, 45
, 79
, 80
, 105
, 54
, 35
, 124
, 120
, 39
, 82
, 77
, 79
, 80
, 137
, 22
, 57
, 102
, 19
, 140
, 66
, 93
, 134
, 25
, 26
, 133
, 49
, 110
, 81
, 78
, 74
, 85
, 20
, 139
, 23
, 136
, 20
, 139
, 132
, 27
, 152
, 7
, 77
, 82
, 114
, 45
, 65
, 94
, 17
, 142
, 103
, 56
, 69
, 90
, 55
, 104
, 19
, 140
, 14
, 145
, 85
, 74
, 132
, 27
, 77
, 82
, 8
, 151
, 79
, 80
, 1
, 158
, 50
, 109
, 98
, 61
, 17
, 142
, 129
, 30
, 139
, 20
, 39
, 120
, 130
, 29
, 83
, 76
, 98
, 61
, 16
, 143
, 140
, 19
, 41
, 118
, 132
, 27
, 143
, 16
, 116
, 43
, 115
, 44
, 139
, 20
, 58
, 101
, 52
, 107
, 61
, 98
, 35
, 124
, 64
, 95
, 30
, 129
, 82
, 77
, 103
, 56
, 116
, 43
, 31
, 128
, 58
, 101
, 79
, 80
, 33
, 126
, 140
, 19
, 46
, 113
, 119
, 40
, 29
, 130
, 141
, 18
, 99
, 60
, 150
, 9
, 151
, 8
, 102
, 57
, 102
, 57
, 88
, 71
, 74
, 85
, 146
, 13
, 58
, 101
, 144
, 15
, 130
, 29
, 100
, 59
, 56
, 103
, 43
, 116
, 116
, 43
, 150
, 9
, 60
, 99
, 75
, 84
, 91
, 68
, 73
, 86
, 93
, 66
, 107
, 52
, 78
, 81
, 117
, 42
, 120
, 39
, 101
, 58
, 60
, 99
, 105
, 54
, 22
, 137
, 140
, 19
, 60
, 99
, 80
, 79
, 9
, 150
, 38
, 121
, 10
, 149
, 31
, 128
, 77
, 82
, 7
, 152
, 67
, 92
, 11
, 148
, 110
, 49
, 43
, 116
, 136
, 23
, 132
, 27
, 119
, 40
, 86
, 73
, 115
, 44
, 36
, 123
, 45
, 114
, 17
, 142
, 7
, 152
, 85
, 74
, 105
, 54
, 121
, 38
, 16
, 143
, 118
, 41
, 58
, 101
, 4
, 155
, 12
, 147
, 117
, 42
, 4
, 155
, 99
, 60
, 27
, 132
, 112
, 47
, 125
, 34
, 96
, 63
, 31
, 128
, 131
, 28
, 155
, 4
, 144
, 15
, 16
, 143
, 88
, 71
, 35
, 124
, 29
, 130
, 134
, 25
, 29
, 130
, 82
, 77
, 30
, 129
, 93
, 66
, 24
, 135
, 138
, 21
, 32
, 127
, 12
, 147
, 120
, 39
, 121
, 38
, 72
, 87
, 73
, 86
, 24
, 135
, 36
, 123
, 46
, 113
, 127
, 32
, 81
, 78
, 81
, 78
, 68
, 91
, 153
, 6
, 6
, 153
, 123
, 36
, 34
, 125
, 41
, 118
, 55
, 104
, 91
, 68
, 82
, 77
, 105
, 54
, 99
, 60
, 50
, 109
, 142
, 17
, 7
, 152
, 56
, 103
, 25
, 134
, 110
, 49
, 129
, 30
, 65
, 94
, 29
, 130
, 87
, 72
, 21
, 138
, 38
, 121
, 122
, 37
, 5
, 154
, 4
, 155
, 73
, 86
, 137
, 22
, 16
, 143
, 143
, 16
, 143
, 16
, 64
, 95
, 111
, 48
, 104
, 55
, 102
, 57
, 29
, 130
, 6
, 153
, 32
, 127
, 110
, 49
, 58
, 101
, 56
, 103
, 95
, 64
, 24
, 135
, 100
, 59
, 122
, 37
, 136
, 23
, 41
, 118
, 66
, 93
, 137
, 22
, 31
, 128
, 102
, 57
, 32
, 127
, 85
, 74
, 120
, 39
, 23
, 136
, 76
, 83
, 19
, 140
, 65
, 94
, 19
, 140
, 27
, 132
, 104
, 55
, 28
, 131
, 129
, 30
, 85
, 74
, 113
, 46
, 137
, 22
, 117
, 42
, 53
, 106
, 111
, 48
, 133
, 26
, 129
, 30
, 143
, 16
, 109
, 50
, 100
, 59
, 75
, 84
, 144
, 15
, 60
, 99
, 146
, 13
, 111
, 48
, 93
, 66
, 61
, 98
, 131
, 28
, 88
, 71
, 33
, 126
, 33
, 126
, 64
, 95
, 84
, 75
, 2
, 157
, 133
, 26
, 75
, 84
, 40
, 119
, 35
, 124
, 127
, 32
, 152
, 7
, 7
, 152
, 54
, 105
, 59
, 100
, 117
, 42
, 107
, 52
, 84
, 75
, 65
, 94
, 17
, 142
, 123
, 36
, 33
, 126
, 151
, 8
, 133
, 26
, 94
, 65
, 111
, 48
, 31
, 128
, 138
, 21
, 28
, 131
, 6
, 153
, 142
, 17
, 57
, 102
, 16
, 143
, 78
, 81
, 60
, 99
, 5
, 154
, 19
, 140
, 45
, 114
, 148
, 11
, 100
, 59
, 40
, 119
, 62
, 97
, 129
, 30
, 146
, 13
, 134
, 25
, 65
, 94
, 123
, 36
, 124
, 35
, 56
, 103
, 143
, 16
, 90
, 69
, 105
, 54
, 12
, 147
, 156
, 3
, 79
, 80
, 155
, 4
, 103
, 56
, 87
, 72
, 29
, 130
, 32
, 127
, 155
, 4
, 105
, 54
, 73
, 86
, 98
, 61
, 13
, 146
, 113
, 46
, 70
, 89
, 62
, 97
, 7
, 152
, 101
, 58
, 142
, 17
, 1
, 158
, 139
, 20
, 68
, 91
, 56
, 103
, 114
, 45
, 98
, 61
, 37
, 122
, 143
, 16
, 73
, 86
, 110
, 49
, 11
, 148
, 14
, 145
, 86
, 73
, 55
, 104
, 84
, 75
, 99
, 60
, 32
, 127
, 135
, 24
, 49
, 110
, 135
, 24
, 129
, 30
, 62
, 97
, 39
, 120
, 53
, 106
, 2
, 157
, 22
, 137
, 84
, 75
, 149
, 10
, 16
, 143
, 149
, 10
, 60
, 99
, 80
, 79
, 132
, 27
, 132
, 27
, 114
, 45
, 153
, 6
, 110
, 49
, 14
, 145
, 58
, 101
, 111
, 48
, 42
, 117
, 81
, 78
, 14
, 145
, 71
, 88
, 19
, 140
, 118
, 41
, 26
, 133
, 133
, 26
, 119
, 40
, 66
, 93
, 12
, 147
, 73
, 86
, 115
, 44
, 6
, 153
, 37
, 122
, 122
, 37
, 78
, 81
, 95
, 64
, 106
, 53
, 12
, 147
, 66
, 93
, 116
, 43
, 100
, 59
, 33
, 126
, 153
, 6
, 143
, 16
, 68
, 91
, 130
, 29
, 24
, 135
, 86
, 73
, 4
, 155
, 145
, 14
, 94
, 65
, 74
, 85
, 111
, 48
, 143
, 16
, 128
, 31
, 58
, 101
, 71
, 88
, 126
, 33
, 157
, 2
, 58
, 101
, 33
, 126
, 92
, 67
, 27
, 132
, 36
, 123
, 39
, 120
, 11
, 148
, 41
, 118
, 31
, 128
, 137
, 22
, 104
, 55
, 33
, 126
, 123
, 36
, 134
, 25
, 145
, 14
, 84
, 75
, 131
, 28
, 149
, 10
, 124
, 35
, 103
, 56
, 66
, 93
, 155
, 4
, 134
, 25
, 84
, 75
, 59
, 100
, 44
, 115
, 29
, 130
, 33
, 126
, 18
, 141
, 91
, 68
, 63
, 96
, 123
, 36
, 33
, 126
, 157
, 2
, 127
, 32
, 110
, 49
, 5
, 154
, 27
, 132
, 63
, 96
, 119
, 40
, 68
, 91
, 95
, 64
, 105
, 54
, 126
, 33
, 64
, 95
, 97
, 62
, 12
, 147
, 66
, 93
, 124
, 35
, 127
, 32
, 134
, 25
, 27
, 132
, 47
, 112
, 45
, 114
, 142
, 17
, 37
, 122
, 10
, 149
, 145
, 14
, 91
, 68
, 140
, 19
, 138
, 21
, 112
, 47
, 89
, 70
, 125
, 34
, 136
, 23
, 50
, 109
, 100
, 59
, 139
, 20
, 121
, 38
, 48
, 111
, 66
, 93
, 35
, 124
, 132
, 27
, 42
, 117
, 80
, 79
, 58
, 101
, 136
, 23
, 153
, 6
, 89
, 70
, 76
, 83
, 96
, 63
, 71
, 88
, 69
, 90
, 141
, 18
, 132
, 27
, 131
, 28
, 68
, 91
, 18
, 141
, 92
, 67
, 25
, 134
, 26
, 133
, 57
, 102
, 124
, 35
, 14
, 145
, 2
, 157
, 62
, 97
, 131
, 28
, 32
, 127
, 12
, 147
, 67
, 92
, 90
, 69
, 43
, 116
, 87
, 72
, 142
, 17
, 126
, 33
, 70
, 89
, 156
, 3
, 33
, 126
, 5
, 154
, 57
, 102
, 143
, 16
, 35
, 124
, 81
, 78
, 26
, 133
, 47
, 112
, 46
, 113
, 26
, 133
, 57
, 102
, 44
, 115
, 71
, 88
, 154
, 5
, 86
, 73
, 68
, 91
, 126
, 33
, 25
, 134
, 85
, 74
, 53
, 106
, 44
, 115
, 153
, 6
, 138
, 21
, 128
, 31
, 72
, 87
, 43
, 116
, 75
, 84
, 127
, 32
, 151
, 8
, 103
, 56
, 102
, 57
, 83
, 76
, 19
, 140
, 19
, 140
, 44
, 115
, 90
, 69
, 78
, 81
, 105
, 54
, 84
, 75
, 75
, 84
, 134
, 25
, 144
, 15
, 100
, 59
, 82
, 77
, 38
, 121
, 70
, 89
, 134
, 25
, 59
, 100
, 77
, 82
, 143
, 16
, 142
, 17
, 115
, 44
, 138
, 21
, 23
, 136
, 123
, 36
, 90
, 69
, 33
, 126
, 41
, 118
, 62
, 97
, 69
, 90
, 144
, 15
, 30
, 129
, 67
, 92
, 12
, 147
, 22
, 137
, 73
, 86
, 112
, 47
, 114
, 45
, 52
, 107
, 18
, 141
, 130
, 29
, 84
, 75
, 118
, 41
, 128
, 31
, 99
, 60
, 67
, 92
, 96
, 63
, 72
, 87
, 33
, 126
, 138
, 21
, 119
, 40
, 28
, 131
, 24
, 135
, 109
, 50
, 147
, 12
, 79
, 80
, 16
, 143
, 136
, 23
, 77
, 82
, 3
, 156
, 99
, 60
, 67
, 92
, 133
, 26
, 110
, 49
, 136
, 23
, 63
, 96
, 98
, 61
, 29
, 130
, 11
, 148
, 19
, 140
, 116
, 43
, 42
, 117
, 103
, 56
, 8
, 151
, 157
, 2
, 39
, 120
, 104
, 55
, 77
, 82
, 138
, 21
, 23
, 136
, 76
, 83
, 124
, 35
, 78
, 81
, 19
, 140
, 157
, 2
, 155
, 4
, 78
, 81
, 23
, 136
, 5
, 154
, 115
, 44
, 40
, 119
, 149
, 10
, 130
, 29
, 1
, 158
, 26
, 133
, 151
, 8
, 28
, 131
, 154
, 5
, 97
, 62
, 157
, 2
, 77
, 82
, 76
, 83
, 144
, 15
, 115
, 44
, 37
, 122
, 107
, 52
, 106
, 53
, 46
, 113
, 44
, 115
, 126
, 33
, 22
, 137
, 100
, 59
, 99
, 60
, 23
, 136
, 108
, 51
, 124
, 35
, 18
, 141
, 15
, 144
, 47
, 112
, 39
, 120
, 54
, 105
, 48
, 111
, 17
, 142
, 157
, 2
, 28
, 131
, 78
, 81
, 53
, 106
, 142
, 17
, 27
, 132
, 86
, 73
, 86
, 73
, 59
, 100
, 108
, 51
, 87
, 72
, 122
, 37
, 37
, 122
, 14
, 145
, 156
, 3
, 103
, 56
, 2
, 157
, 60
, 99
, 7
, 152
, 78
, 81
, 7
, 152
, 67
, 92
, 52
, 107
, 31
, 128
, 110
, 49
, 135
, 24
, 104
, 55
, 26
, 133
, 75
, 84
, 150
, 9
, 121
, 38
, 57
, 102
, 30
, 129
, 17
, 142
, 144
, 15
, 106
, 53
, 42
, 117
, 96
, 63
, 29
, 130
, 5
, 154
, 115
, 44
, 40
, 119
, 39
, 120
, 120
, 39
, 121
, 38
, 39
, 120
, 72
, 87
, 25
, 134
, 67
, 92
, 80
, 79
, 78
, 81
, 37
, 122
, 28
, 131
, 153
, 6
, 142
, 17
, 4
, 155
, 140
, 19
, 44
, 115
, 68
, 91
, 38
, 121
, 25
, 134
, 15
, 144
, 109
, 50
, 52
, 107
, 54
, 105
, 109
, 50
, 84
, 75
, 1
, 158
, 118
, 41
, 50
, 109
, 61
, 98
, 2
, 157
, 110
, 49
, 41
, 118
, 121
, 38
, 60
, 99
, 146
, 13
, 144
, 15
, 23
, 136
, 124
, 35
, 29
, 130
, 23
, 136
, 72
, 87
, 16
, 143
, 43
, 116
, 118
, 41
, 137
, 22
, 149
, 10
, 14
, 145
, 61
, 98
, 118
, 41
, 72
, 87
, 96
, 63
, 121
, 38
, 90
, 69
, 63
, 96
, 20
, 139
, 122
, 37
, 87
, 72
, 88
, 71
, 5
, 154
, 156
, 3
, 41
, 118
, 152
, 7
, 63
, 96
, 66
, 93
, 77
, 82
, 7
, 152
, 19
, 140
, 103
, 56
, 59
, 100
, 53
, 106
, 102
, 57
, 120
, 39
, 15
, 144
, 69
, 90
, 55
, 104
, 153
, 6
, 105
, 54
, 35
, 124
, 74
, 85
, 109
, 50
, 92
, 67
, 132
, 27
, 30
, 129
, 32
, 127
, 126
, 33
, 34
, 125
, 155
, 4
, 130
, 29
, 119
, 40
, 55
, 104
, 78
, 81
, 45
, 114
, 149
, 10
, 150
, 9
, 118
, 41
, 122
, 37
, 106
, 53
, 117
, 42
, 70
, 89
, 10
, 149
, 96
, 63
, 155
, 4
, 153
, 6
, 46
, 113
, 116
, 43
, 72
, 87
, 43
, 116
, 30
, 129
, 30
, 129
, 51
, 108
, 148
, 11
, 26
, 133
, 112
, 47
, 55
, 104
, 89
, 70
, 156
, 3
, 31
, 128
, 11
, 148
, 154
, 5
, 82
, 77
, 102
, 57
, 8
, 151
, 145
, 14
, 123
, 36
, 140
, 19
, 77
, 82
, 114
, 45
, 133
, 26
, 145
, 14
, 96
, 63
, 123
, 36
, 65
, 94
, 59
, 100
, 147
, 12
, 19
, 140
, 111
, 48
, 53
, 106
, 114
, 45
, 118
, 41
, 58
, 101
, 50
, 109
, 136
, 23
, 105
, 54
, 24
, 135
, 65
, 94
, 103
, 56
, 61
, 98
, 47
, 112
, 53
, 106
, 42
, 117
, 5
, 154
, 139
, 20
, 114
, 45
, 153
, 6
, 144
, 15
, 74
, 85
, 44
, 115
, 21
, 138
, 20
, 139
, 69
, 90
, 129
, 30
, 94
, 65
, 90
, 69
, 127
, 32
, 132
, 27
, 46
, 113
, 44
, 115
, 47
, 112
, 31
, 128
, 139
, 20
, 87
, 72
, 41
, 118
, 103
, 56
, 154
, 5
, 49
, 110
, 73
, 86
, 93
, 66
, 118
, 41
, 79
, 80
, 70
, 89
, 47
, 112
, 38
, 121
, 103
, 56
, 150
, 9
, 146
, 13
, 139
, 20
, 44
, 115
, 56
, 103
, 15
, 144
, 119
, 40
, 57
, 102
, 154
, 5
, 88
, 71
, 105
, 54
, 115
, 44
, 39
, 120
, 114
, 45
, 126
, 33
, 98
, 61
, 138
, 21
, 154
, 5
, 20
, 139
, 51
, 108
, 94
, 65
, 145
, 14
, 54
, 105
, 3
, 156
, 152
, 7
, 82
, 77
, 39
, 120
, 24
, 135
, 133
, 26
, 27
, 132
, 66
, 93
, 62
, 97
, 136
, 23
, 63
, 96
, 67
, 92
, 1
, 158
, 72
, 87
, 20
, 139
, 63
, 96
, 61
, 98
, 10
, 149
, 38
, 121
, 129
, 30
, 5
, 154
, 129
, 30
, 5
, 154
, 57
, 102
, 69
, 90
, 22
, 137
, 147
, 12
, 6
, 153
, 87
, 72
, 57
, 102
, 23
, 136
, 83
, 76
, 12
, 147
, 73
, 86
, 144
, 15
, 37
, 122
, 99
, 60
, 49
, 110
, 129
, 30
, 58
, 101
, 46
, 113
, 135
, 24
, 84
, 75
, 46
, 113
, 24
, 135
, 52
, 107
, 42
, 117
, 68
, 91
, 91
, 68
, 76
, 83
, 12
, 147
, 75
, 84
, 120
, 39
, 43
, 116
, 122
, 37
, 128
, 31
, 63
, 96
, 108
, 51
, 150
, 9
, 29
, 130
, 56
, 103
, 131
, 28
, 130
, 29
, 10
, 149
, 70
, 89
, 144
, 15
, 25
, 134
, 30
, 129
, 76
, 83
, 116
, 43
, 134
, 25
, 98
, 61
, 57
, 102
, 45
, 114
, 24
, 135
, 99
, 60
, 20
, 139
, 36
, 123
, 152
, 7
, 42
, 117
, 16
, 143
, 61
, 98
, 37
, 122
, 13
, 146
, 34
, 125
, 38
, 121
, 63
, 96
, 30
, 129
, 97
, 62
, 155
, 4
, 101
, 58
, 135
, 24
, 14
, 145
, 117
, 42
, 56
, 103
, 3
, 156
, 3
, 156
, 39
, 120
, 49
, 110
, 25
, 134
, 55
, 104
, 99
, 60
, 99
, 60
, 8
, 151
, 156
, 3
, 104
, 55
, 83
, 76
, 45
, 114
, 17
, 142
, 121
, 38
, 39
, 120
, 154
, 5
, 142
, 17
, 151
, 8
, 151
, 8
, 34
, 125
, 15
, 144
, 4
, 155
, 33
, 126
, 75
, 84
, 20
, 139
, 59
, 100
, 33
, 126
, 73
, 86
, 28
, 131
, 143
, 16
, 150
, 9
, 121
, 38
, 72
, 87
, 125
, 34
, 79
, 80
, 145
, 14
, 11
, 148
, 92
, 67
, 76
, 83
, 99
, 60
, 43
, 116
, 62
, 97
, 12
, 147
, 75
, 84
, 120
, 39
, 26
, 133
, 48
, 111
, 48
, 111
, 99
, 60
, 99
, 60
, 83
, 76
, 36
, 123
, 129
, 30
, 31
, 128
, 23
, 136
, 124
, 35
, 27
, 132
, 9
, 150
, 126
, 33
, 119
, 40
, 146
, 13
, 71
, 88
, 146
, 13
, 149
, 10
, 133
, 26
, 150
, 9
, 5
, 154
, 114
, 45
, 16
, 143
, 42
, 117
, 91
, 68
, 99
, 60
, 138
, 21
, 113
, 46
, 57
, 102
, 149
, 10
, 118
, 41
, 49
, 110
, 15
, 144
, 86
, 73
, 2
, 157
, 22
, 137
, 123
, 36
, 139
, 20
, 135
, 24
, 113
, 46
, 81
, 78
, 98
, 61
, 24
, 135
, 30
, 129
, 24
, 135
, 102
, 57
, 103
, 56
, 126
, 33
, 100
, 59
, 32
, 127
, 33
, 126
, 103
, 56
, 123
, 36
, 83
, 76
, 88
, 71
, 86
, 73
, 98
, 61
, 98
, 61
, 50
, 109
, 77
, 82
, 96
, 63
, 1
, 158
, 93
, 66
, 29
, 130
, 14
, 145
, 26
, 133
, 3
, 156
, 33
, 126
, 63
, 96
, 90
, 69
, 40
, 119
, 9
, 150
, 120
, 39
, 56
, 103
, 74
, 85
, 109
, 50
, 121
, 38
, 100
, 59
, 58
, 101
, 6
, 153
, 137
, 22
, 135
, 24
, 60
, 99
, 66
, 93
, 127
, 32
, 118
, 41
, 21
, 138
, 29
, 130
, 152
, 7
, 14
, 145
, 14
, 145
, 51
, 108
, 86
, 73
, 3
, 156
, 32
, 127
, 143
, 16
, 46
, 113
, 122
, 37
, 85
, 74
, 13
, 146
, 55
, 104
, 96
, 63
, 114
, 45
, 8
, 151
, 129
, 30
, 87
, 72
, 17
, 142
, 122
, 37
, 39
, 120
, 35
, 124
, 22
, 137
, 93
, 66
, 60
, 99
, 100
, 59
, 23
, 136
, 102
, 57
, 36
, 123
, 147
, 12
, 144
, 15
, 52
, 107
, 92
, 67
, 98
, 61
, 144
, 15
, 117
, 42
, 58
, 101
, 108
, 51
, 49
, 110
, 92
, 67
, 115
, 44
, 58
, 101
, 143
, 16
, 91
, 68
, 124
, 35
, 35
, 124
, 113
, 46
, 3
, 156
, 73
, 86
, 35
, 124
, 6
, 153
, 1
, 158
, 14
, 145
, 1
, 158
, 65
, 94
, 16
, 143
, 39
, 120
, 17
, 142
, 122
, 37
, 75
, 84
, 34
, 125
, 87
, 72
, 76
, 83
, 14
, 145
, 65
, 94
, 87
, 72
, 136
, 23
, 147
, 12
, 21
, 138
, 117
, 42
, 136
, 23
, 60
, 99
, 1
, 158
, 157
, 2
, 109
, 50
, 83
, 76
, 1
, 158
, 146
, 13
, 26
, 133
, 105
, 54
, 127
, 32
, 56
, 103
, 94
, 65
, 147
, 12
, 65
, 94
, 58
, 101
, 88
, 71
, 139
, 20
, 21
, 138
, 157
, 2
, 30
, 129
, 65
, 94
, 99
, 60
, 18
, 141
, 93
, 66
, 46
, 113
, 37
, 122
, 156
, 3
, 101
, 58
, 98
, 61
, 26
, 133
, 142
, 17
, 142
, 17
, 86
, 73
, 89
, 70
, 38
, 121
, 56
, 103
, 96
, 63
, 95
, 64
, 139
, 20
, 47
, 112
, 45
, 114
, 74
, 85
, 121
, 38
, 59
, 100
, 145
, 14
, 45
, 114
, 102
, 57
, 102
, 57
, 110
, 49
, 141
, 18
, 39
, 120
, 152
, 7
, 45
, 114
, 140
, 19
, 142
, 17
, 41
, 118
, 39
, 120
, 11
, 148
, 104
, 55
, 59
, 100
, 9
, 150
, 107
, 52
, 98
, 61
, 74
, 85
, 45
, 114
, 44
, 115
, 60
, 99
, 87
, 72
, 48
, 111
, 3
, 156
, 66
, 93
, 96
, 63
, 152
, 7
, 22
, 137
, 43
, 116
, 122
, 37
, 24
, 135
, 42
, 117
, 4
, 155
, 9
, 150
, 94
, 65
, 76
, 83
, 64
, 95
, 124
, 35
, 73
, 86
, 151
, 8
, 155
, 4
, 151
, 8
, 13
, 146
, 25
, 134
, 143
, 16
, 127
, 32
, 59
, 100
, 19
, 140
, 92
, 67
, 132
, 27
, 5
, 154
, 96
, 63
, 142
, 17
, 115
, 44
, 56
, 103
, 122
, 37
, 119
, 40
, 37
, 122
, 139
, 20
, 82
, 77
, 120
, 39
, 47
, 112
, 69
, 90
, 42
, 117
, 69
, 90
, 11
, 148
, 21
, 138
, 41
, 118
, 37
, 122
, 63
, 96
, 19
, 140
, 47
, 112
, 152
, 7
, 47
, 112
, 33
, 126
, 50
, 109
, 44
, 115
, 62
, 97
, 145
, 14
, 32
, 127
, 13
, 146
, 9
, 150
, 151
, 8
, 62
, 97
, 7
, 152
, 152
, 7
, 14
, 145
, 8
, 151
, 106
, 53
, 90
, 69
, 96
, 63
, 8
, 151
, 116
, 43
, 68
, 91
, 32
, 127
, 124
, 35
, 96
, 63
, 150
, 9
, 93
, 66
, 74
, 85
, 106
, 53
, 4
, 155
, 64
, 95
, 9
, 150
, 81
, 78
, 72
, 87
, 103
, 56
, 59
, 100
, 142
, 17
, 21
, 138
, 120
, 39
, 3
, 156
, 27
, 132
, 65
, 94
, 80
, 79
, 25
, 134
, 25
, 134
, 152
, 7
, 39
, 120
, 53
, 106
, 132
, 27
, 87
, 72
, 69
, 90
, 155
, 4
, 9
, 150
, 4
, 155
, 45
, 114
, 21
, 138
, 75
, 84
, 105
, 54
, 145
, 14
, 156
, 3
, 2
, 157
, 2
, 157
, 46
, 113
, 83
, 76
, 137
, 22
, 56
, 103
, 29
, 130
, 66
, 93
, 131
, 28
, 31
, 128
, 117
, 42
, 85
, 74
, 141
, 18
, 94
, 65
, 31
, 128
, 130
, 29
, 127
, 32
, 17
, 142
, 111
, 48
, 27
, 132
, 21
, 138
, 63
, 96
, 13
, 146
, 47
, 112
, 71
, 88
, 41
, 118
, 117
, 42
, 85
, 74
, 40
, 119
, 65
, 94
, 44
, 115
, 110
, 49
, 156
, 3
, 119
, 40
, 38
, 121
, 17
, 142
, 35
, 124
, 41
, 118
, 103
, 56
, 27
, 132
, 4
, 155
, 13
, 146
, 56
, 103
, 69
, 90
, 74
, 85
, 7
, 152
, 77
, 82
, 143
, 16
, 103
, 56
, 85
, 74
, 142
, 17
, 5
, 154
, 27
, 132
, 150
, 9
, 73
, 86
, 122
, 37
, 107
, 52
, 52
, 107
, 147
, 12
, 3
, 156
, 48
, 111
, 145
, 14
, 94
, 65
, 100
, 59
, 76
, 83
, 122
, 37
, 112
, 47
, 1
, 158
, 17
, 142
, 19
, 140
, 39
, 120
, 49
, 110
, 50
, 109
, 57
, 102
, 35
, 124
, 133
, 26
, 87
, 72
, 80
, 79
, 156
, 3
, 99
, 60
, 83
, 76
, 81
, 78
, 108
, 51
, 20
, 139
, 35
, 124
, 15
, 144
, 76
, 83
, 113
, 46
, 155
, 4
, 74
, 85
, 32
, 127
, 62
, 97
, 122
, 37
, 29
, 130
, 136
, 23
, 115
, 44
, 121
, 38
, 122
, 37
, 78
, 81
, 85
, 74
, 102
, 57
, 65
, 94
, 76
, 83
, 145
, 14
, 31
, 128
, 71
, 88
, 98
, 61
, 57
, 102
, 97
, 62
, 134
, 25
, 85
, 74
, 72
, 87
, 135
, 24
, 106
, 53
, 27
, 132
, 34
, 125
, 24
, 135
, 36
, 123
, 53
, 106
, 95
, 64
, 104
, 55
, 35
, 124
, 89
, 70
, 110
, 49
, 102
, 57
, 137
, 22
, 34
, 125
, 15
, 144
, 157
, 2
, 112
, 47
, 31
, 128
, 92
, 67
, 89
, 70
, 9
, 150
, 75
, 84
, 124
, 35
, 69
, 90
, 21
, 138
, 65
, 94
, 92
, 67
, 17
, 142
, 72
, 87
, 157
, 2
, 65
, 94
, 73
, 86
, 59
, 100
, 69
, 90
, 34
, 125
, 66
, 93
, 102
, 57
, 6
, 153
, 134
, 25
, 62
, 97
, 32
, 127
, 18
, 141
, 133
, 26
, 154
, 5
, 82
, 77
, 148
, 11
, 95
, 64
, 38
, 121
, 120
, 39
, 15
, 144
, 29
, 130
, 124
, 35
, 24
, 135
, 6
, 153
, 7
, 152
, 17
, 142
, 124
, 35
, 75
, 84
, 140
, 19
, 23
, 136
, 22
, 137
, 86
, 73
, 67
, 92
, 63
, 96
, 79
, 80
, 61
, 98
, 58
, 101
, 101
, 58
, 135
, 24
, 115
, 44
, 144
, 15
, 108
, 51
, 69
, 90
, 69
, 90
, 157
, 2
, 31
, 128
, 97
, 62
, 139
, 20
, 95
, 64
, 4
, 155
, 51
, 108
, 66
, 93
, 87
, 72
, 117
, 42
, 31
, 128
, 26
, 133
, 59
, 100
, 144
, 15
, 37
, 122
, 95
, 64
, 26
, 133
, 111
, 48
, 56
, 103
, 120
, 39
, 50
, 109
, 142
, 17
, 66
, 93
, 103
, 56
, 146
, 13
, 62
, 97
, 83
, 76
, 26
, 133
, 87
, 72
, 74
, 85
, 5
, 154
, 1
, 158
, 91
, 68
, 114
, 45
, 30
, 129
, 27
, 132
, 2
, 157
, 115
, 44
, 37
, 122
, 127
, 32
, 42
, 117
, 34
, 125
, 18
, 141
, 56
, 103
, 111
, 48
, 74
, 85
, 152
, 7
, 94
, 65
, 51
, 108
, 64
, 95
, 135
, 24
, 23
, 136
, 47
, 112
, 51
, 108
, 43
, 116
, 153
, 6
, 30
, 129
, 132
, 27
, 139
, 20
, 60
, 99
, 134
, 25
, 41
, 118
, 131
, 28
, 44
, 115
, 124
, 35
, 5
, 154
, 13
, 146
, 154
, 5
, 59
, 100
, 51
, 108
, 134
, 25
, 156
, 3
, 135
, 24
, 120
, 39
, 134
, 25
, 114
, 45
, 22
, 137
, 144
, 15
, 119
, 40
, 42
, 117
, 51
, 108
, 66
, 93
, 15
, 144
, 68
, 91
, 68
, 91
, 5
, 154
, 61
, 98
, 64
, 95
, 28
, 131
, 108
, 51
, 26
, 133
, 18
, 141
, 92
, 67
, 32
, 127
, 108
, 51
, 125
, 34
, 82
, 77
, 83
, 76
, 30
, 129
, 100
, 59
, 121
, 38
, 152
, 7
, 109
, 50
, 52
, 107
, 93
, 66
, 139
, 20
, 52
, 107
, 132
, 27
, 115
, 44
, 56
, 103
, 125
, 34
, 108
, 51
, 31
, 128
, 42
, 117
, 79
, 80
, 74
, 85
, 149
, 10
, 52
, 107
, 21
, 138
, 8
, 151
, 24
, 135
, 39
, 120
, 10
, 149
, 95
, 64
, 100
, 59
, 117
, 42
, 60
, 99
, 119
, 40
, 84
, 75
, 33
, 126
, 63
, 96
, 128
, 31
, 80
, 79
, 22
, 137
, 94
, 65
, 70
, 89
, 83
, 76
, 149
, 10
, 104
, 55
, 70
, 89
, 134
, 25
, 22
, 137
, 25
, 134
, 3
, 156
, 110
, 49
, 66
, 93
, 30
, 129
, 145
, 14
, 132
, 27
, 21
, 138
, 120
, 39
, 86
, 73
, 155
, 4
, 110
, 49
, 82
, 77
, 114
, 45
, 64
, 95
, 87
, 72
, 80
, 79
, 3
, 156
, 38
, 121
, 124
, 35
, 4
, 155
, 146
, 13
, 67
, 92
, 63
, 96
, 19
, 140
, 79
, 80
, 91
, 68
, 96
, 63
, 13
, 146
, 142
, 17
, 94
, 65
, 56
, 103
, 130
, 29
, 52
, 107
, 47
, 112
, 3
, 156
, 65
, 94
, 22
, 137
, 20
, 139
, 37
, 122
, 30
, 129
, 68
, 91
, 152
, 7
, 52
, 107
, 23
, 136
, 84
, 75
, 76
, 83
, 32
, 127
, 43
, 116
, 116
, 43
, 112
, 47
, 96
, 63
, 150
, 9
, 61
, 98
, 84
, 75
, 30
, 129
, 68
, 91
, 22
, 137
, 109
, 50
, 109
, 50
, 109
, 50
, 151
, 8
, 63
, 96
, 100
, 59
, 35
, 124
, 129
, 30
, 33
, 126
, 76
, 83
, 108
, 51
, 117
, 42
, 9
, 150
, 103
, 56
, 75
, 84
, 130
, 29
, 117
, 42
, 108
, 51
, 68
, 91
, 28
, 131
, 120
, 39
, 118
, 41
, 136
, 23
, 91
, 68
, 13
, 146
, 100
, 59
, 137
, 22
, 136
, 23
, 99
, 60
, 23
, 136
, 125
, 34
, 116
, 43
, 53
, 106
, 13
, 146
, 144
, 15
, 84
, 75
, 151
, 8
, 2
, 157
, 29
, 130
, 146
, 13
, 109
, 50
, 62
, 97
, 140
, 19
, 126
, 33
, 4
, 155
, 27
, 132
, 110
, 49
, 137
, 22
, 83
, 76
, 142
, 17
, 90
, 69
, 71
, 88
, 152
, 7
, 151
, 8
, 88
, 71
, 44
, 115
, 32
, 127
, 126
, 33
, 51
, 108
, 142
, 17
, 11
, 148
, 156
, 3
, 84
, 75
, 114
, 45
, 123
, 36
, 103
, 56
, 31
, 128
, 124
, 35
, 143
, 16
, 53
, 106
, 60
, 99
, 52
, 107
, 107
, 52
, 134
, 25
, 19
, 140
, 58
, 101
, 85
, 74
, 85
, 74
, 40
, 119
, 126
, 33
, 73
, 86
, 82
, 77
, 156
, 3
, 15
, 144
, 92
, 67
, 157
, 2
, 85
, 74
, 57
, 102
, 17
, 142
, 4
, 155
, 127
, 32
, 126
, 33
, 89
, 70
, 148
, 11
, 46
, 113
, 145
, 14
, 93
, 66
, 111
, 48
, 148
, 11
, 10
, 149
, 121
, 38
, 149
, 10
, 74
, 85
, 53
, 106
, 19
, 140
, 126
, 33
, 73
, 86
, 122
, 37
, 95
, 64
, 42
, 117
, 95
, 64
, 150
, 9
, 31
, 128
, 115
, 44
, 124
, 35
, 18
, 141
, 123
, 36
, 101
, 58
, 3
, 156
, 58
, 101
, 62
, 97
, 26
, 133
, 116
, 43
, 40
, 119
, 76
, 83
, 117
, 42
, 42
, 117
, 62
, 97
, 117
, 42
, 21
, 138
, 31
, 128
, 61
, 98
, 130
, 29
, 83
, 76
, 123
, 36
, 145
, 14
, 15
, 144
, 115
, 44
, 41
, 118
, 11
, 148
, 44
, 115
, 82
, 77
, 133
, 26
, 133
, 26
, 114
, 45
, 29
, 130
, 116
, 43
, 49
, 110
, 118
, 41
, 16
, 143
, 61
, 98
, 3
, 156
, 6
, 153
, 126
, 33
, 70
, 89
, 88
, 71
, 3
, 156
, 4
, 155
, 3
, 156
, 135
, 24
, 61
, 98
, 77
, 82
, 121
, 38
, 10
, 149
, 51
, 108
, 116
, 43
, 21
, 138
, 133
, 26
, 53
, 106
, 73
, 86
, 65
, 94
, 23
, 136
, 119
, 40
, 92
, 67
, 84
, 75
, 11
, 148
, 5
, 154
, 41
, 118
, 69
, 90
, 146
, 13
, 33
, 126
, 108
, 51
, 101
, 58
, 153
, 6
, 68
, 91
, 20
, 139
, 96
, 63
, 79
, 80
, 98
, 61
, 18
, 141
, 136
, 23
, 73
, 86
, 67
, 92
, 101
, 58
, 64
, 95
, 153
, 6
, 78
, 81
, 106
, 53
, 45
, 114
, 157
, 2
, 53
, 106
, 50
, 109
, 40
, 119
, 45
, 114
, 3
, 156
, 34
, 125
, 121
, 38
, 23
, 136
, 113
, 46
, 104
, 55
, 136
, 23
, 156
, 3
, 13
, 146
, 79
, 80
, 75
, 84
, 19
, 140
, 130
, 29
, 95
, 64
, 76
, 83
, 60
, 99
, 69
, 90
, 43
, 116
, 72
, 87
, 52
, 107
, 141
, 18
, 101
, 58
, 99
, 60
, 95
, 64
, 51
, 108
, 57
, 102
, 30
, 129
, 29
, 130
, 58
, 101
, 69
, 90
, 105
, 54
, 26
, 133
, 22
, 137
, 60
, 99
, 149
, 10
, 149
, 10
, 144
, 15
, 112
, 47
, 116
, 43
, 2
, 157
, 81
, 78
, 97
, 62
, 37
, 122
, 66
, 93
, 59
, 100
, 66
, 93
, 84
, 75
, 2
, 157
, 21
, 138
, 124
, 35
, 36
, 123
, 85
, 74
, 54
, 105
, 21
, 138
, 33
, 126
, 27
, 132
, 109
, 50
, 24
, 135
, 68
, 91
, 22
, 137
, 75
, 84
, 114
, 45
, 56
, 103
, 87
, 72
, 12
, 147
, 38
, 121
, 98
, 61
, 144
, 15
, 7
, 152
, 142
, 17
, 2
, 157
, 58
, 101
, 104
, 55
, 6
, 153
, 115
, 44
, 19
, 140
, 56
, 103
, 70
, 89
, 141
, 18
, 65
, 94
, 39
, 120
, 29
, 130
, 133
, 26
, 6
, 153
, 149
, 10
, 10
, 149
, 102
, 57
, 33
, 126
, 138
, 21
, 150
, 9
, 35
, 124
, 109
, 50
, 127
, 32
, 79
, 80
, 112
, 47
, 21
, 138
, 130
, 29
, 116
, 43
, 64
, 95
, 101
, 58
, 73
, 86
, 14
, 145
, 122
, 37
, 2
, 157
, 84
, 75
, 128
, 31
, 137
, 22
, 153
, 6
, 31
, 128
, 28
, 131
, 134
, 25
, 15
, 144
, 18
, 141
, 154
, 5
, 3
, 156
, 109
, 50
, 56
, 103
, 74
, 85
, 43
, 116
, 54
, 105
, 68
, 91
, 124
, 35
, 10
, 149
, 146
, 13
, 134
, 25
, 80
, 79
, 20
, 139
, 27
, 132
, 135
, 24
, 52
, 107
, 22
, 137
, 122
, 37
, 141
, 18
, 139
, 20
, 68
, 91
, 36
, 123
, 52
, 107
, 8
, 151
, 12
, 147
, 77
, 82
, 115
, 44
, 105
, 54
, 21
, 138
, 72
, 87
, 15
, 144
, 44
, 115
, 127
, 32
, 145
, 14
, 24
, 135
, 143
, 16
, 104
, 55
, 69
, 90
, 101
, 58
, 151
, 8
, 74
, 85
, 142
, 17
, 20
, 139
, 23
, 136
, 60
, 99
, 3
, 156
, 70
, 89
, 98
, 61
, 148
, 11
, 39
, 120
, 81
, 78
, 94
, 65
, 141
, 18
, 65
, 94
, 58
, 101
, 7
, 152
, 5
, 154
, 27
, 132
, 26
, 133
, 110
, 49
, 65
, 94
, 45
, 114
, 51
, 108
, 30
, 129
, 86
, 73
, 40
, 119
, 116
, 43
, 44
, 115
, 113
, 46
, 30
, 129
, 54
, 105
, 10
, 149
, 31
, 128
, 51
, 108
, 80
, 79
, 145
, 14
, 64
, 95
, 98
, 61
, 144
, 15
, 157
, 2
, 147
, 12
, 110
, 49
, 32
, 127
, 116
, 43
, 52
, 107
, 134
, 25
, 93
, 66
, 99
, 60
, 23
, 136
, 131
, 28
, 67
, 92
, 7
, 152
, 62
, 97
, 116
, 43
, 33
, 126
, 10
, 149
, 153
, 6
, 1
, 158
, 99
, 60
, 138
, 21
, 141
, 18
, 151
, 8
, 37
, 122
, 131
, 28
, 3
, 156
, 21
, 138
, 34
, 125
, 73
, 86
, 134
, 25
, 66
, 93
, 10
, 149
, 118
, 41
, 136
, 23
, 91
, 68
, 31
, 128
, 101
, 58
, 109
, 50
, 86
, 73
, 47
, 112
, 145
, 14
, 2
, 157
, 40
, 119
, 2
, 157
, 50
, 109
, 83
, 76
, 90
, 69
, 154
, 5
, 95
, 64
, 23
, 136
, 76
, 83
, 156
, 3
, 156
, 3
, 14
, 145
, 146
, 13
, 85
, 74
, 44
, 115
, 41
, 118
, 96
, 63
, 154
, 5
, 11
, 148
, 112
, 47
, 61
, 98
, 123
, 36
, 100
, 59
, 66
, 93
, 96
, 63
, 48
, 111
, 149
, 10
, 140
, 19
, 68
, 91
, 72
, 87
, 140
, 19
, 152
, 7
, 128
, 31
, 95
, 64
, 100
, 59
, 130
, 29
, 135
, 24
, 104
, 55
, 130
, 29
, 12
, 147
, 140
, 19
, 97
, 62
, 93
, 66
, 92
, 67
, 67
, 92
, 100
, 59
, 120
, 39
, 66
, 93
, 77
, 82
, 29
, 130
, 53
, 106
, 149
, 10
, 147
, 12
, 136
, 23
, 2
, 157
, 116
, 43
, 116
, 43
, 143
, 16
, 40
, 119
, 81
, 78
, 48
, 111
, 155
, 4
, 155
, 4
, 137
, 22
, 14
, 145
, 157
, 2
, 88
, 71
, 133
, 26
, 43
, 116
, 88
, 71
, 156
, 3
, 52
, 107
, 14
, 145
, 33
, 126
, 32
, 127
, 98
, 61
, 82
, 77
, 81
, 78
, 115
, 44
, 149
, 10
, 107
, 52
, 38
, 121
, 41
, 118
, 97
, 62
, 90
, 69
, 55
, 104
, 108
, 51
, 50
, 109
, 147
, 12
, 30
, 129
, 126
, 33
, 134
, 25
, 116
, 43
, 117
, 42
, 39
, 120
, 74
, 85
, 60
, 99
, 37
, 122
, 137
, 22
, 53
, 106
, 128
, 31
, 16
, 143
, 102
, 57
, 150
, 9
, 61
, 98
, 51
, 108
, 75
, 84
, 69
, 90
, 90
, 69
, 47
, 112
, 33
, 126
, 58
, 101
, 76
, 83
, 4
, 155
, 40
, 119
, 76
, 83
, 49
, 110
, 115
, 44
, 123
, 36
, 156
, 3
, 18
, 141
, 65
, 94
, 116
, 43
, 155
, 4
, 104
, 55
, 45
, 114
, 20
, 139
, 6
, 153
, 86
, 73
, 106
, 53
, 50
, 109
, 124
, 35
, 116
, 43
, 32
, 127
, 60
, 99
, 93
, 66
, 36
, 123
, 14
, 145
, 29
, 130
, 44
, 115
, 142
, 17
, 46
, 113
, 28
, 131
, 4
, 155
, 114
, 45
, 73
, 86
, 140
, 19
, 129
, 30
, 150
, 9
, 78
, 81
, 64
, 95
, 42
, 117
, 104
, 55
, 64
, 95
, 135
, 24
, 91
, 68
, 121
, 38
, 17
, 142
, 39
, 120
, 90
, 69
, 86
, 73
, 132
, 27
, 62
, 97
, 57
, 102
, 43
, 116
, 62
, 97
, 77
, 82
, 9
, 150
, 114
, 45
, 118
, 41
, 36
, 123
, 108
, 51
, 15
, 144
, 101
, 58
, 96
, 63
, 1
, 158
, 146
, 13
, 102
, 57
, 45
, 114
, 24
, 135
, 68
, 91
, 151
, 8
, 52
, 107
, 113
, 46
, 113
, 46
, 62
, 97
, 105
, 54
, 91
, 68
, 134
, 25
, 112
, 47
, 153
, 6
, 10
, 149
, 53
, 106
, 23
, 136
, 9
, 150
, 109
, 50
, 70
, 89
, 25
, 134
, 46
, 113
, 72
, 87
, 41
, 118
, 118
, 41
, 26
, 133
, 85
, 74
, 60
, 99
, 104
, 55
, 31
, 128
, 42
, 117
, 98
, 61
, 128
, 31
, 86
, 73
, 115
, 44
, 64
, 95
, 152
, 7
, 4
, 155
, 34
, 125
, 20
, 139
, 117
, 42
, 6
, 153
, 59
, 100
, 62
, 97
, 46
, 113
, 8
, 151
, 96
, 63
, 37
, 122
, 22
, 137
, 87
, 72
, 149
, 10
, 120
, 39
, 132
, 27
, 142
, 17
, 22
, 137
, 70
, 89
, 146
, 13
, 109
, 50
, 39
, 120
, 77
, 82
, 13
, 146
, 149
, 10
, 126
, 33
, 66
, 93
, 150
, 9
, 144
, 15
, 99
, 60
, 52
, 107
, 102
, 57
, 88
, 71
, 149
, 10
, 125
, 34
, 4
, 155
, 92
, 67
, 145
, 14
, 57
, 102
, 96
, 63
, 100
, 59
, 137
, 22
, 108
, 51
, 38
, 121
, 133
, 26
, 35
, 124
, 111
, 48
, 44
, 115
, 110
, 49
, 89
, 70
, 31
, 128
, 33
, 126
, 53
, 106
, 100
, 59
, 18
, 141
, 104
, 55
, 113
, 46
, 24
, 135
, 88
, 71
, 133
, 26
, 127
, 32
, 82
, 77
, 148
, 11
, 114
, 45
, 98
, 61
, 147
, 12
, 135
, 24
, 76
, 83
, 50
, 109
, 148
, 11
, 87
, 72
, 16
, 143
, 140
, 19
, 24
, 135
, 142
, 17
, 99
, 60
, 41
, 118
, 149
, 10
, 33
, 126
, 63
, 96
, 102
, 57
, 8
, 151
, 20
, 139
, 26
, 133
