
2570
, 2
, 118
, 41
, 79
, 114
, 6
, 9
, 111
, 100
, 20
, 31
, 89
, 54
, 66
, 98
, 22
, 70
, 50
, 13
, 107
, 63
, 57
, 73
, 47
, 25
, 95
, 103
, 17
, 79
, 41
, 13
, 107
, 54
, 66
, 64
, 56
, 8
, 112
, 18
, 102
, 36
, 84
, 66
, 54
, 34
, 86
, 12
, 108
, 64
, 56
, 95
, 25
, 103
, 17
, 43
, 77
, 34
, 86
, 116
, 4
, 93
, 27
, 110
, 10
, 42
, 78
, 108
, 12
, 64
, 56
, 80
, 40
, 21
, 99
, 97
, 23
, 58
, 62
, 47
, 73
, 11
, 109
, 82
, 38
, 73
, 47
, 59
, 61
, 92
, 28
, 78
, 42
, 49
, 71
, 34
, 86
, 12
, 108
, 83
, 37
, 52
, 68
, 77
, 43
, 117
, 3
, 55
, 65
, 76
, 44
, 94
, 26
, 30
, 90
, 69
, 51
, 101
, 19
, 14
, 106
, 5
, 115
, 46
, 74
, 36
, 84
, 63
, 57
, 13
, 107
, 89
, 31
, 39
, 81
, 35
, 85
, 67
, 53
, 113
, 7
, 22
, 98
, 104
, 16
, 102
, 18
, 5
, 115
, 2
, 118
, 61
, 59
, 88
, 32
, 88
, 32
, 73
, 47
, 5
, 115
, 47
, 73
, 59
, 61
, 2
, 118
, 82
, 38
, 60
, 60
, 64
, 56
, 20
, 100
, 15
, 105
, 47
, 73
, 56
, 64
, 44
, 76
, 38
, 82
, 48
, 72
, 5
, 115
, 89
, 31
, 20
, 100
, 101
, 19
, 81
, 39
, 37
, 83
, 50
, 70
, 77
, 43
, 10
, 110
, 66
, 54
, 88
, 32
, 10
, 110
, 92
, 28
, 84
, 36
, 77
, 43
, 68
, 52
, 29
, 91
, 96
, 24
, 113
, 7
, 101
, 19
, 77
, 43
, 51
, 69
, 117
, 3
, 36
, 84
, 40
, 80
, 10
, 110
, 104
, 16
, 19
, 101
, 23
, 97
, 41
, 79
, 88
, 32
, 8
, 112
, 90
, 30
, 41
, 79
, 10
, 110
, 1
, 119
, 26
, 94
, 84
, 36
, 50
, 70
, 12
, 108
, 46
, 74
, 42
, 78
, 84
, 36
, 94
, 26
, 27
, 93
, 1
, 119
, 3
, 117
, 112
, 8
, 6
, 114
, 12
, 108
, 21
, 99
, 94
, 26
, 69
, 51
, 73
, 47
, 117
, 3
, 22
, 98
, 3
, 117
, 114
, 6
, 7
, 113
, 41
, 79
, 87
, 33
, 9
, 111
, 114
, 6
, 83
, 37
, 7
, 113
, 115
, 5
, 75
, 45
, 53
, 67
, 66
, 54
, 75
, 45
, 89
, 31
, 19
, 101
, 51
, 69
, 25
, 95
, 46
, 74
, 106
, 14
, 78
, 42
, 83
, 37
, 28
, 92
, 75
, 45
, 1
, 119
, 63
, 57
, 66
, 54
, 84
, 36
, 84
, 36
, 68
, 52
, 68
, 52
, 54
, 66
, 46
, 74
, 104
, 16
, 72
, 48
, 96
, 24
, 35
, 85
, 19
, 101
, 43
, 77
, 99
, 21
, 39
, 81
, 115
, 5
, 93
, 27
, 74
, 46
, 36
, 84
, 24
, 96
, 72
, 48
, 23
, 97
, 49
, 71
, 44
, 76
, 10
, 110
, 28
, 92
, 108
, 12
, 7
, 113
, 51
, 69
, 47
, 73
, 15
, 105
, 5
, 115
, 4
, 116
, 112
, 8
, 93
, 27
, 78
, 42
, 63
, 57
, 38
, 82
, 106
, 14
, 8
, 112
, 62
, 58
, 63
, 57
, 73
, 47
, 101
, 19
, 90
, 30
, 75
, 45
, 26
, 94
, 60
, 60
, 118
, 2
, 64
, 56
, 93
, 27
, 47
, 73
, 29
, 91
, 65
, 55
, 54
, 66
, 24
, 96
, 64
, 56
, 32
, 88
, 78
, 42
, 103
, 17
, 49
, 71
, 60
, 60
, 106
, 14
, 107
, 13
, 17
, 103
, 87
, 33
, 13
, 107
, 88
, 32
, 29
, 91
, 88
, 32
, 94
, 26
, 66
, 54
, 103
, 17
, 68
, 52
, 24
, 96
, 95
, 25
, 38
, 82
, 16
, 104
, 55
, 65
, 92
, 28
, 9
, 111
, 7
, 113
, 100
, 20
, 93
, 27
, 97
, 23
, 85
, 35
, 23
, 97
, 112
, 8
, 39
, 81
, 59
, 61
, 55
, 65
, 76
, 44
, 59
, 61
, 102
, 18
, 70
, 50
, 1
, 119
, 13
, 107
, 47
, 73
, 12
, 108
, 108
, 12
, 15
, 105
, 63
, 57
, 102
, 18
, 102
, 18
, 84
, 36
, 56
, 64
, 100
, 20
, 74
, 46
, 15
, 105
, 87
, 33
, 106
, 14
, 14
, 106
, 1
, 119
, 12
, 108
, 25
, 95
, 105
, 15
, 31
, 89
, 49
, 71
, 24
, 96
, 3
, 117
, 36
, 84
, 48
, 72
, 59
, 61
, 8
, 112
, 56
, 64
, 116
, 4
, 8
, 112
, 102
, 18
, 93
, 27
, 88
, 32
, 50
, 70
, 68
, 52
, 10
, 110
, 64
, 56
, 6
, 114
, 102
, 18
, 29
, 91
, 36
, 84
, 97
, 23
, 44
, 76
, 25
, 95
, 29
, 91
, 57
, 63
, 99
, 21
, 72
, 48
, 86
, 34
, 80
, 40
, 60
, 60
, 80
, 40
, 98
, 22
, 7
, 113
, 85
, 35
, 113
, 7
, 51
, 69
, 86
, 34
, 28
, 92
, 3
, 117
, 70
, 50
, 7
, 113
, 57
, 63
, 17
, 103
, 52
, 68
, 76
, 44
, 15
, 105
, 76
, 44
, 75
, 45
, 99
, 21
, 77
, 43
, 11
, 109
, 106
, 14
, 102
, 18
, 112
, 8
, 29
, 91
, 16
, 104
, 86
, 34
, 46
, 74
, 5
, 115
, 99
, 21
, 105
, 15
, 38
, 82
, 39
, 81
, 34
, 86
, 98
, 22
, 39
, 81
, 105
, 15
, 40
, 80
, 83
, 37
, 40
, 80
, 76
, 44
, 110
, 10
, 20
, 100
, 66
, 54
, 50
, 70
, 18
, 102
, 76
, 44
, 92
, 28
, 72
, 48
, 111
, 9
, 27
, 93
, 111
, 9
, 62
, 58
, 43
, 77
, 55
, 65
, 51
, 69
, 56
, 64
, 7
, 113
, 48
, 72
, 95
, 25
, 80
, 40
, 12
, 108
, 73
, 47
, 36
, 84
, 29
, 91
, 116
, 4
, 34
, 86
, 79
, 41
, 79
, 41
, 36
, 84
, 109
, 11
, 71
, 49
, 96
, 24
, 66
, 54
, 76
, 44
, 109
, 11
, 74
, 46
, 41
, 79
, 71
, 49
, 13
, 107
, 83
, 37
, 41
, 79
, 71
, 49
, 86
, 34
, 91
, 29
, 95
, 25
, 8
, 112
, 5
, 115
, 37
, 83
, 63
, 57
, 114
, 6
, 24
, 96
, 102
, 18
, 29
, 91
, 42
, 78
, 69
, 51
, 13
, 107
, 84
, 36
, 12
, 108
, 115
, 5
, 57
, 63
, 39
, 81
, 41
, 79
, 115
, 5
, 84
, 36
, 73
, 47
, 14
, 106
, 54
, 66
, 27
, 93
, 66
, 54
, 37
, 83
, 47
, 73
, 111
, 9
, 41
, 79
, 96
, 24
, 28
, 92
, 59
, 61
, 63
, 57
, 26
, 94
, 6
, 114
, 102
, 18
, 10
, 110
, 103
, 17
, 60
, 60
, 65
, 55
, 90
, 30
, 34
, 86
, 17
, 103
, 86
, 34
, 90
, 30
, 41
, 79
, 15
, 105
, 46
, 74
, 31
, 89
, 86
, 34
, 116
, 4
, 52
, 68
, 13
, 107
, 106
, 14
, 84
, 36
, 100
, 20
, 102
, 18
, 79
, 41
, 74
, 46
, 67
, 53
, 85
, 35
, 55
, 65
, 63
, 57
, 101
, 19
, 28
, 92
, 88
, 32
, 83
, 37
, 86
, 34
, 76
, 44
, 84
, 36
, 4
, 116
, 9
, 111
, 54
, 66
, 10
, 110
, 31
, 89
, 43
, 77
, 51
, 69
, 2
, 118
, 110
, 10
, 67
, 53
, 103
, 17
, 92
, 28
, 49
, 71
, 57
, 63
, 61
, 59
, 7
, 113
, 88
, 32
, 7
, 113
, 45
, 75
, 92
, 28
, 108
, 12
, 35
, 85
, 59
, 61
, 8
, 112
, 17
, 103
, 9
, 111
, 46
, 74
, 13
, 107
, 85
, 35
, 87
, 33
, 66
, 54
, 41
, 79
, 87
, 33
, 87
, 33
, 22
, 98
, 50
, 70
, 99
, 21
, 113
, 7
, 13
, 107
, 8
, 112
, 104
, 16
, 115
, 5
, 59
, 61
, 52
, 68
, 27
, 93
, 42
, 78
, 15
, 105
, 46
, 74
, 89
, 31
, 115
, 5
, 33
, 87
, 22
, 98
, 88
, 32
, 45
, 75
, 96
, 24
, 23
, 97
, 45
, 75
, 117
, 3
, 85
, 35
, 41
, 79
, 70
, 50
, 102
, 18
, 61
, 59
, 6
, 114
, 37
, 83
, 14
, 106
, 22
, 98
, 5
, 115
, 11
, 109
, 100
, 20
, 52
, 68
, 9
, 111
, 33
, 87
, 39
, 81
, 23
, 97
, 9
, 111
, 56
, 64
, 102
, 18
, 66
, 54
, 47
, 73
, 1
, 119
, 100
, 20
, 62
, 58
, 86
, 34
, 41
, 79
, 91
, 29
, 92
, 28
, 16
, 104
, 82
, 38
, 90
, 30
, 75
, 45
, 26
, 94
, 88
, 32
, 18
, 102
, 98
, 22
, 109
, 11
, 70
, 50
, 89
, 31
, 95
, 25
, 53
, 67
, 106
, 14
, 80
, 40
, 29
, 91
, 63
, 57
, 109
, 11
, 39
, 81
, 84
, 36
, 79
, 41
, 105
, 15
, 68
, 52
, 80
, 40
, 55
, 65
, 34
, 86
, 3
, 117
, 109
, 11
, 8
, 112
, 93
, 27
, 12
, 108
, 46
, 74
, 30
, 90
, 3
, 117
, 38
, 82
, 7
, 113
, 90
, 30
, 65
, 55
, 52
, 68
, 111
, 9
, 68
, 52
, 69
, 51
, 47
, 73
, 88
, 32
, 89
, 31
, 96
, 24
, 26
, 94
, 78
, 42
, 3
, 117
, 32
, 88
, 28
, 92
, 42
, 78
, 40
, 80
, 94
, 26
, 82
, 38
, 66
, 54
, 30
, 90
, 12
, 108
, 108
, 12
, 44
, 76
, 31
, 89
, 26
, 94
, 20
, 100
, 70
, 50
, 113
, 7
, 59
, 61
, 42
, 78
, 108
, 12
, 17
, 103
, 99
, 21
, 5
, 115
, 95
, 25
, 57
, 63
, 30
, 90
, 61
, 59
, 8
, 112
, 95
, 25
, 20
, 100
, 13
, 107
, 73
, 47
, 25
, 95
, 99
, 21
, 6
, 114
, 51
, 69
, 72
, 48
, 9
, 111
, 74
, 46
, 34
, 86
, 16
, 104
, 72
, 48
, 101
, 19
, 44
, 76
, 110
, 10
, 51
, 69
, 81
, 39
, 82
, 38
, 38
, 82
, 5
, 115
, 114
, 6
, 84
, 36
, 94
, 26
, 35
, 85
, 100
, 20
, 110
, 10
, 100
, 20
, 101
, 19
, 8
, 112
, 37
, 83
, 30
, 90
, 50
, 70
, 82
, 38
, 82
, 38
, 72
, 48
, 19
, 101
, 55
, 65
, 79
, 41
, 14
, 106
, 91
, 29
, 100
, 20
, 8
, 112
, 94
, 26
, 85
, 35
, 111
, 9
, 25
, 95
, 83
, 37
, 24
, 96
, 22
, 98
, 110
, 10
, 73
, 47
, 86
, 34
, 22
, 98
, 95
, 25
, 39
, 81
, 83
, 37
, 22
, 98
, 85
, 35
, 62
, 58
, 53
, 67
, 111
, 9
, 115
, 5
, 4
, 116
, 12
, 108
, 99
, 21
, 39
, 81
, 36
, 84
, 52
, 68
, 90
, 30
, 30
, 90
, 98
, 22
, 12
, 108
, 14
, 106
, 1
, 119
, 37
, 83
, 18
, 102
, 70
, 50
, 43
, 77
, 56
, 64
, 55
, 65
, 59
, 61
, 58
, 62
, 34
, 86
, 37
, 83
, 83
, 37
, 11
, 109
, 90
, 30
, 45
, 75
, 99
, 21
, 2
, 118
, 41
, 79
, 29
, 91
, 42
, 78
, 14
, 106
, 50
, 70
, 50
, 70
, 57
, 63
, 75
, 45
, 45
, 75
, 113
, 7
, 30
, 90
, 77
, 43
, 118
, 2
, 94
, 26
, 11
, 109
, 32
, 88
, 42
, 78
, 37
, 83
, 56
, 64
, 34
, 86
, 118
, 2
, 54
, 66
, 85
, 35
, 51
, 69
, 23
, 97
, 19
, 101
, 31
, 89
, 80
, 40
, 28
, 92
, 19
, 101
, 72
, 48
, 13
, 107
, 61
, 59
, 87
, 33
, 87
, 33
, 58
, 62
, 118
, 2
, 63
, 57
, 104
, 16
, 72
, 48
, 103
, 17
, 17
, 103
, 66
, 54
, 37
, 83
, 80
, 40
, 45
, 75
, 59
, 61
, 35
, 85
, 84
, 36
, 111
, 9
, 103
, 17
, 1
, 119
, 101
, 19
, 113
, 7
, 86
, 34
, 90
, 30
, 10
, 110
, 6
, 114
, 73
, 47
, 7
, 113
, 63
, 57
, 87
, 33
, 28
, 92
, 12
, 108
, 82
, 38
, 15
, 105
, 64
, 56
, 28
, 92
, 115
, 5
, 81
, 39
, 90
, 30
, 17
, 103
, 84
, 36
, 111
, 9
, 72
, 48
, 92
, 28
, 9
, 111
, 81
, 39
, 52
, 68
, 65
, 55
, 116
, 4
, 77
, 43
, 40
, 80
, 79
, 41
, 13
, 107
, 80
, 40
, 47
, 73
, 68
, 52
, 39
, 81
, 113
, 7
, 103
, 17
, 65
, 55
, 76
, 44
, 53
, 67
, 79
, 41
, 36
, 84
, 76
, 44
, 24
, 96
, 70
, 50
, 91
, 29
, 15
, 105
, 32
, 88
, 91
, 29
, 101
, 19
, 87
, 33
, 87
, 33
, 93
, 27
, 51
, 69
, 50
, 70
, 43
, 77
, 26
, 94
, 108
, 12
, 84
, 36
, 54
, 66
, 9
, 111
, 118
, 2
, 51
, 69
, 8
, 112
, 29
, 91
, 65
, 55
, 108
, 12
, 62
, 58
, 57
, 63
, 89
, 31
, 32
, 88
, 94
, 26
, 8
, 112
, 100
, 20
, 66
, 54
, 73
, 47
, 12
, 108
, 105
, 15
, 4
, 116
, 75
, 45
, 100
, 20
, 105
, 15
, 92
, 28
, 62
, 58
, 86
, 34
, 5
, 115
, 35
, 85
, 104
, 16
, 12
, 108
, 93
, 27
, 49
, 71
, 105
, 15
, 52
, 68
, 86
, 34
, 40
, 80
, 95
, 25
, 100
, 20
, 66
, 54
, 10
, 110
, 24
, 96
, 96
, 24
, 6
, 114
, 39
, 81
, 109
, 11
, 25
, 95
, 23
, 97
, 48
, 72
, 77
, 43
, 60
, 60
, 46
, 74
, 63
, 57
, 5
, 115
, 31
, 89
, 100
, 20
, 5
, 115
, 11
, 109
, 26
, 94
, 55
, 65
, 96
, 24
, 32
, 88
, 89
, 31
, 74
, 46
, 62
, 58
, 6
, 114
, 99
, 21
, 4
, 116
, 36
, 84
, 30
, 90
, 84
, 36
, 109
, 11
, 64
, 56
, 35
, 85
, 34
, 86
, 8
, 112
, 101
, 19
, 73
, 47
, 117
, 3
, 39
, 81
, 51
, 69
, 87
, 33
, 17
, 103
, 63
, 57
, 4
, 116
, 95
, 25
, 88
, 32
, 27
, 93
, 31
, 89
, 38
, 82
, 35
, 85
, 55
, 65
, 57
, 63
, 74
, 46
, 107
, 13
, 17
, 103
, 72
, 48
, 16
, 104
, 24
, 96
, 30
, 90
, 57
, 63
, 78
, 42
, 74
, 46
, 111
, 9
, 100
, 20
, 63
, 57
, 36
, 84
, 58
, 62
, 29
, 91
, 46
, 74
, 41
, 79
, 111
, 9
, 51
, 69
, 66
, 54
, 50
, 70
, 19
, 101
, 62
, 58
, 66
, 54
, 10
, 110
, 35
, 85
, 98
, 22
, 45
, 75
, 104
, 16
, 38
, 82
, 36
, 84
, 38
, 82
, 1
, 119
, 105
, 15
, 90
, 30
, 70
, 50
, 81
, 39
, 61
, 59
, 70
, 50
, 81
, 39
, 32
, 88
, 24
, 96
, 55
, 65
, 61
, 59
, 98
, 22
, 53
, 67
, 63
, 57
, 39
, 81
, 110
, 10
, 107
, 13
, 43
, 77
, 90
, 30
, 15
, 105
, 94
, 26
, 70
, 50
, 89
, 31
, 79
, 41
, 43
, 77
, 32
, 88
, 16
, 104
, 71
, 49
, 86
, 34
, 11
, 109
, 35
, 85
, 83
, 37
, 43
, 77
, 67
, 53
, 40
, 80
, 78
, 42
, 20
, 100
, 52
, 68
, 72
, 48
, 43
, 77
, 68
, 52
, 1
, 119
, 96
, 24
, 53
, 67
, 51
, 69
, 22
, 98
, 12
, 108
, 96
, 24
, 94
, 26
, 79
, 41
, 68
, 52
, 41
, 79
, 7
, 113
, 1
, 119
, 39
, 81
, 114
, 6
, 79
, 41
, 86
, 34
, 26
, 94
, 35
, 85
, 91
, 29
, 61
, 59
, 20
, 100
, 94
, 26
, 1
, 119
, 48
, 72
, 3
, 117
, 50
, 70
, 16
, 104
, 74
, 46
, 73
, 47
, 116
, 4
, 83
, 37
, 64
, 56
, 96
, 24
, 75
, 45
, 4
, 116
, 27
, 93
, 26
, 94
, 46
, 74
, 93
, 27
, 89
, 31
, 88
, 32
, 75
, 45
, 73
, 47
, 60
, 60
, 101
, 19
, 30
, 90
, 9
, 111
, 97
, 23
, 67
, 53
, 61
, 59
, 38
, 82
, 83
, 37
, 39
, 81
, 76
, 44
, 63
, 57
, 8
, 112
, 27
, 93
, 25
, 95
, 38
, 82
, 94
, 26
, 55
, 65
, 60
, 60
, 37
, 83
, 15
, 105
, 55
, 65
, 25
, 95
, 14
, 106
, 67
, 53
, 83
, 37
, 53
, 67
, 114
, 6
, 29
, 91
, 33
, 87
, 36
, 84
, 92
, 28
, 30
, 90
, 32
, 88
, 117
, 3
, 38
, 82
, 68
, 52
, 58
, 62
, 109
, 11
, 76
, 44
, 56
, 64
, 13
, 107
, 20
, 100
, 20
, 100
, 10
, 110
, 71
, 49
, 109
, 11
, 27
, 93
, 3
, 117
, 6
, 114
, 88
, 32
, 13
, 107
, 92
, 28
, 114
, 6
, 58
, 62
, 47
, 73
, 109
, 11
, 75
, 45
, 14
, 106
, 97
, 23
, 109
, 11
, 71
, 49
, 111
, 9
, 40
, 80
, 75
, 45
, 88
, 32
, 113
, 7
, 45
, 75
, 72
, 48
, 3
, 117
, 99
, 21
, 28
, 92
, 45
, 75
, 65
, 55
, 21
, 99
, 107
, 13
, 83
, 37
, 83
, 37
, 29
, 91
, 89
, 31
, 98
, 22
, 32
, 88
, 106
, 14
, 85
, 35
, 102
, 18
, 13
, 107
, 83
, 37
, 1
, 119
, 26
, 94
, 81
, 39
, 21
, 99
, 65
, 55
, 13
, 107
, 114
, 6
, 77
, 43
, 82
, 38
, 66
, 54
, 13
, 107
, 19
, 101
, 67
, 53
, 111
, 9
, 53
, 67
, 88
, 32
, 38
, 82
, 12
, 108
, 96
, 24
, 118
, 2
, 13
, 107
, 50
, 70
, 82
, 38
, 92
, 28
, 109
, 11
, 68
, 52
, 106
, 14
, 81
, 39
, 34
, 86
, 30
, 90
, 29
, 91
, 66
, 54
, 9
, 111
, 46
, 74
, 43
, 77
, 62
, 58
, 59
, 61
, 64
, 56
, 60
, 60
, 91
, 29
, 51
, 69
, 110
, 10
, 96
, 24
, 88
, 32
, 69
, 51
, 93
, 27
, 97
, 23
, 93
, 27
, 18
, 102
, 68
, 52
, 110
, 10
, 4
, 116
, 88
, 32
, 51
, 69
, 86
, 34
, 107
, 13
, 51
, 69
, 94
, 26
, 24
, 96
, 13
, 107
, 7
, 113
, 2
, 118
, 67
, 53
, 4
, 116
, 24
, 96
, 31
, 89
, 39
, 81
, 112
, 8
, 77
, 43
, 76
, 44
, 13
, 107
, 56
, 64
, 68
, 52
, 16
, 104
, 70
, 50
, 109
, 11
, 38
, 82
, 73
, 47
, 12
, 108
, 87
, 33
, 27
, 93
, 41
, 79
, 50
, 70
, 18
, 102
, 85
, 35
, 22
, 98
, 79
, 41
, 82
, 38
, 51
, 69
, 61
, 59
, 28
, 92
, 82
, 38
, 51
, 69
, 78
, 42
, 89
, 31
, 36
, 84
, 1
, 119
, 50
, 70
, 38
, 82
, 93
, 27
, 117
, 3
, 29
, 91
, 74
, 46
, 83
, 37
, 12
, 108
, 38
, 82
, 57
, 63
, 43
, 77
, 76
, 44
, 68
, 52
, 39
, 81
, 15
, 105
, 4
, 116
, 87
, 33
, 56
, 64
, 106
, 14
, 11
, 109
, 110
, 10
, 65
, 55
, 101
, 19
, 107
, 13
, 110
, 10
, 79
, 41
, 2
, 118
, 11
, 109
, 65
, 55
, 29
, 91
, 74
, 46
, 111
, 9
, 118
, 2
, 50
, 70
, 89
, 31
, 30
, 90
, 105
, 15
, 93
, 27
, 84
, 36
, 50
, 70
, 106
, 14
, 7
, 113
, 115
, 5
, 42
, 78
, 35
, 85
, 39
, 81
, 23
, 97
, 98
, 22
, 22
, 98
, 108
, 12
, 48
, 72
, 85
, 35
, 96
, 24
, 104
, 16
, 7
, 113
, 13
, 107
, 42
, 78
, 104
, 16
, 19
, 101
, 107
, 13
, 88
, 32
, 94
, 26
, 1
, 119
, 64
, 56
, 9
, 111
, 47
, 73
, 25
, 95
, 90
, 30
, 60
, 60
, 12
, 108
, 30
, 90
, 70
, 50
, 93
, 27
, 8
, 112
, 28
, 92
, 49
, 71
, 78
, 42
, 44
, 76
, 16
, 104
, 37
, 83
, 93
, 27
, 1
, 119
, 14
, 106
, 26
, 94
, 17
, 103
, 47
, 73
, 15
, 105
, 93
, 27
, 47
, 73
, 33
, 87
, 13
, 107
, 105
, 15
, 109
, 11
, 14
, 106
, 117
, 3
, 45
, 75
, 79
, 41
, 27
, 93
, 53
, 67
, 13
, 107
, 83
, 37
, 118
, 2
, 108
, 12
, 3
, 117
, 42
, 78
, 48
, 72
, 26
, 94
, 90
, 30
, 117
, 3
, 3
, 117
, 41
, 79
, 97
, 23
, 100
, 20
, 6
, 114
, 65
, 55
, 54
, 66
, 98
, 22
, 18
, 102
, 92
, 28
, 85
, 35
, 94
, 26
, 12
, 108
, 82
, 38
, 67
, 53
, 96
, 24
, 93
, 27
, 70
, 50
, 75
, 45
, 42
, 78
, 60
, 60
, 111
, 9
, 75
, 45
, 94
, 26
, 53
, 67
, 28
, 92
, 38
, 82
, 105
, 15
, 95
, 25
, 6
, 114
, 35
, 85
, 43
, 77
, 39
, 81
, 21
, 99
, 17
, 103
, 76
, 44
, 1
, 119
, 66
, 54
, 48
, 72
, 30
, 90
, 11
, 109
, 21
, 99
, 42
, 78
, 10
, 110
, 27
, 93
, 110
, 10
, 24
, 96
, 66
, 54
, 71
, 49
, 90
, 30
, 79
, 41
, 108
, 12
, 47
, 73
, 44
, 76
, 36
, 84
, 25
, 95
, 37
, 83
, 24
, 96
, 66
, 54
, 22
, 98
, 104
, 16
, 38
, 82
, 108
, 12
, 100
, 20
, 10
, 110
, 17
, 103
, 28
, 92
, 89
, 31
, 10
, 110
, 44
, 76
, 63
, 57
, 7
, 113
, 11
, 109
, 46
, 74
, 44
, 76
, 3
, 117
, 32
, 88
, 18
, 102
, 10
, 110
, 113
, 7
, 86
, 34
, 95
, 25
, 5
, 115
, 40
, 80
, 71
, 49
, 43
, 77
, 109
, 11
, 25
, 95
, 77
, 43
, 72
, 48
, 90
, 30
, 64
, 56
, 41
, 79
, 26
, 94
, 106
, 14
, 50
, 70
, 35
, 85
, 54
, 66
, 41
, 79
, 87
, 33
, 63
, 57
, 85
, 35
, 65
, 55
, 10
, 110
, 76
, 44
, 4
, 116
, 45
, 75
, 110
, 10
, 18
, 102
, 20
, 100
, 75
, 45
, 76
, 44
, 72
, 48
, 3
, 117
, 21
, 99
, 96
, 24
, 26
, 94
, 59
, 61
, 93
, 27
, 80
, 40
, 110
, 10
, 67
, 53
, 28
, 92
, 112
, 8
, 4
, 116
, 86
, 34
, 16
, 104
, 92
, 28
, 85
, 35
, 105
, 15
, 103
, 17
, 117
, 3
, 103
, 17
, 89
, 31
, 94
, 26
, 60
, 60
, 53
, 67
, 88
, 32
, 93
, 27
, 105
, 15
, 17
, 103
, 78
, 42
, 59
, 61
, 61
, 59
, 50
, 70
, 27
, 93
, 101
, 19
, 101
, 19
, 91
, 29
, 95
, 25
, 114
, 6
, 117
, 3
, 114
, 6
, 26
, 94
, 51
, 69
, 72
, 48
, 23
, 97
, 7
, 113
, 52
, 68
, 21
, 99
, 36
, 84
, 63
, 57
, 27
, 93
, 83
, 37
, 25
, 95
, 10
, 110
, 76
, 44
, 113
, 7
, 42
, 78
, 20
, 100
, 3
, 117
, 60
, 60
, 111
, 9
, 92
, 28
, 12
, 108
, 24
, 96
, 107
, 13
, 98
, 22
, 5
, 115
, 57
, 63
, 65
, 55
, 76
, 44
, 75
, 45
, 13
, 107
, 43
, 77
, 13
, 107
, 47
, 73
, 34
, 86
, 53
, 67
, 89
, 31
, 37
, 83
, 56
, 64
, 59
, 61
, 8
, 112
, 43
, 77
, 96
, 24
, 42
, 78
, 92
, 28
, 108
, 12
, 50
, 70
, 52
, 68
, 77
, 43
, 8
, 112
, 53
, 67
, 25
, 95
, 51
, 69
, 88
, 32
, 72
, 48
, 39
, 81
, 13
, 107
, 49
, 71
, 92
, 28
, 82
, 38
, 108
, 12
, 66
, 54
, 81
, 39
, 13
, 107
, 58
, 62
, 21
, 99
, 42
, 78
, 5
, 115
, 47
, 73
, 70
, 50
, 59
, 61
, 13
, 107
, 4
, 116
, 37
, 83
, 48
, 72
, 45
, 75
, 111
, 9
, 96
, 24
, 92
, 28
, 54
, 66
, 71
, 49
, 10
, 110
, 4
, 116
, 69
, 51
, 20
, 100
, 1
, 119
, 66
, 54
, 106
, 14
, 38
, 82
, 73
, 47
, 21
, 99
, 27
, 93
, 70
, 50
, 29
, 91
, 22
, 98
, 85
, 35
, 82
, 38
, 89
, 31
, 30
, 90
, 76
, 44
, 12
, 108
, 29
, 91
, 30
, 90
, 11
, 109
, 60
, 60
, 40
, 80
, 22
, 98
, 44
, 76
, 90
, 30
, 29
, 91
, 37
, 83
, 56
, 64
, 112
, 8
, 3
, 117
, 42
, 78
, 55
, 65
, 58
, 62
, 32
, 88
, 85
, 35
, 64
, 56
, 34
, 86
, 23
, 97
, 101
, 19
, 11
, 109
, 56
, 64
, 82
, 38
, 105
, 15
, 56
, 64
, 39
, 81
, 1
, 119
, 15
, 105
, 23
, 97
, 28
, 92
, 40
, 80
, 64
, 56
, 61
, 59
, 42
, 78
, 7
, 113
, 91
, 29
, 54
, 66
, 105
, 15
, 56
, 64
, 62
, 58
, 68
, 52
, 10
, 110
, 95
, 25
, 16
, 104
, 40
, 80
, 66
, 54
, 44
, 76
, 85
, 35
, 2
, 118
, 80
, 40
, 49
, 71
, 42
, 78
, 89
, 31
, 70
, 50
, 16
, 104
, 18
, 102
, 60
, 60
, 98
, 22
, 20
, 100
, 82
, 38
, 29
, 91
, 69
, 51
, 31
, 89
, 79
, 41
, 46
, 74
, 14
, 106
, 105
, 15
, 32
, 88
, 27
, 93
, 116
, 4
, 10
, 110
, 7
, 113
, 29
, 91
, 56
, 64
, 44
, 76
, 104
, 16
, 40
, 80
, 117
, 3
, 109
, 11
, 10
, 110
, 43
, 77
, 12
, 108
, 47
, 73
, 103
, 17
, 18
, 102
, 82
, 38
, 79
, 41
, 36
, 84
, 3
, 117
, 55
, 65
, 18
, 102
, 13
, 107
, 9
, 111
, 108
, 12
, 96
, 24
, 71
, 49
, 49
, 71
, 33
, 87
, 91
, 29
, 46
, 74
, 83
, 37
, 86
, 34
, 21
, 99
, 11
, 109
, 64
, 56
, 24
, 96
, 72
, 48
, 17
, 103
, 80
, 40
, 77
, 43
, 26
, 94
, 96
, 24
, 91
, 29
, 13
, 107
, 91
, 29
, 10
, 110
, 59
, 61
, 1
, 119
, 5
, 115
, 60
, 60
, 34
, 86
, 99
, 21
, 112
, 8
, 93
, 27
, 68
, 52
, 27
, 93
, 114
, 6
, 76
, 44
, 35
, 85
, 9
, 111
, 84
, 36
, 7
, 113
, 31
, 89
, 90
, 30
, 26
, 94
, 93
, 27
, 41
, 79
, 75
, 45
, 34
, 86
, 49
, 71
, 45
, 75
, 86
, 34
, 56
, 64
, 88
, 32
, 82
, 38
, 44
, 76
, 6
, 114
, 87
, 33
, 9
, 111
, 64
, 56
, 4
, 116
, 46
, 74
, 32
, 88
, 81
, 39
, 24
, 96
, 2
, 118
, 44
, 76
, 30
, 90
, 37
, 83
, 46
, 74
, 40
, 80
, 101
, 19
, 85
, 35
, 18
, 102
, 80
, 40
, 5
, 115
, 103
, 17
, 52
, 68
, 108
, 12
, 100
, 20
, 62
, 58
, 3
, 117
, 14
, 106
, 1
, 119
, 27
, 93
, 14
, 106
, 27
, 93
, 87
, 33
, 37
, 83
, 60
, 60
, 53
, 67
, 68
, 52
, 39
, 81
, 113
, 7
, 48
, 72
, 115
, 5
, 26
, 94
, 12
, 108
, 87
, 33
, 101
, 19
, 44
, 76
, 94
, 26
, 56
, 64
, 18
, 102
, 40
, 80
, 38
, 82
, 3
, 117
, 96
, 24
, 15
, 105
, 21
, 99
, 62
, 58
, 5
, 115
, 78
, 42
, 31
, 89
, 87
, 33
, 52
, 68
, 85
, 35
, 44
, 76
, 22
, 98
, 23
, 97
, 58
, 62
, 115
, 5
, 57
, 63
, 108
, 12
, 96
, 24
, 71
, 49
, 113
, 7
, 75
, 45
, 35
, 85
, 15
, 105
, 115
, 5
, 83
, 37
, 20
, 100
, 39
, 81
, 48
, 72
, 92
, 28
, 68
, 52
, 56
, 64
, 86
, 34
, 90
, 30
, 71
, 49
, 80
, 40
, 27
, 93
, 96
, 24
, 9
, 111
, 36
, 84
, 90
, 30
, 51
, 69
, 26
, 94
, 29
, 91
, 94
, 26
, 111
, 9
, 50
, 70
, 69
, 51
, 7
, 113
, 28
, 92
, 69
, 51
, 46
, 74
, 111
, 9
, 43
, 77
, 87
, 33
, 53
, 67
, 78
, 42
, 90
, 30
, 37
, 83
, 115
, 5
, 113
, 7
, 117
, 3
, 18
, 102
, 113
, 7
, 72
, 48
, 117
, 3
, 6
, 114
, 33
, 87
, 73
, 47
, 114
, 6
, 78
, 42
, 66
, 54
, 103
, 17
, 22
, 98
, 77
, 43
, 58
, 62
, 39
, 81
, 29
, 91
, 58
, 62
, 35
, 85
, 97
, 23
, 77
, 43
, 34
, 86
, 1
, 119
, 73
, 47
, 109
, 11
, 69
, 51
, 109
, 11
, 69
, 51
, 110
, 10
, 2
, 118
, 20
, 100
, 102
, 18
, 73
, 47
, 39
, 81
, 24
, 96
, 24
, 96
, 73
, 47
, 3
, 117
, 34
, 86
, 7
, 113
, 21
, 99
, 5
, 115
, 22
, 98
, 110
, 10
, 20
, 100
, 53
, 67
, 101
, 19
, 109
, 11
, 59
, 61
, 45
, 75
, 90
, 30
, 24
, 96
, 71
, 49
, 35
, 85
, 54
, 66
, 115
, 5
, 104
, 16
, 48
, 72
, 4
, 116
, 62
, 58
, 25
, 95
, 108
, 12
, 5
, 115
, 60
, 60
, 35
, 85
, 62
, 58
, 94
, 26
, 31
, 89
, 92
, 28
, 10
, 110
, 73
, 47
, 42
, 78
, 54
, 66
, 17
, 103
, 12
, 108
, 109
, 11
, 74
, 46
, 16
, 104
, 14
, 106
, 52
, 68
, 53
, 67
, 73
, 47
, 110
, 10
, 102
, 18
, 71
, 49
, 111
, 9
, 118
, 2
, 32
, 88
, 28
, 92
, 34
, 86
, 34
, 86
, 13
, 107
, 6
, 114
, 85
, 35
, 10
, 110
, 39
, 81
, 15
, 105
, 28
, 92
, 104
, 16
, 90
, 30
, 44
, 76
, 98
, 22
, 5
, 115
, 5
, 115
, 112
, 8
, 94
, 26
, 103
, 17
, 27
, 93
, 116
, 4
, 32
, 88
, 55
, 65
, 56
, 64
, 42
, 78
, 79
, 41
, 82
, 38
, 70
, 50
, 47
, 73
, 56
, 64
, 104
, 16
, 72
, 48
, 77
, 43
, 47
, 73
, 77
, 43
, 92
, 28
, 30
, 90
, 41
, 79
, 46
, 74
, 79
, 41
, 40
, 80
, 15
, 105
, 101
, 19
, 99
, 21
, 102
, 18
, 85
, 35
, 3
, 117
, 56
, 64
, 109
, 11
, 66
, 54
, 91
, 29
, 90
, 30
, 89
, 31
, 67
, 53
, 116
, 4
, 95
, 25
, 75
, 45
, 90
, 30
, 78
, 42
, 106
, 14
, 61
, 59
, 2
, 118
, 71
, 49
, 42
, 78
, 116
, 4
, 27
, 93
, 89
, 31
, 63
, 57
, 78
, 42
, 78
, 42
, 22
, 98
, 91
, 29
, 19
, 101
, 91
, 29
, 47
, 73
, 48
, 72
, 72
, 48
, 96
, 24
, 44
, 76
, 107
, 13
, 109
, 11
, 84
, 36
, 102
, 18
, 65
, 55
, 21
, 99
, 91
, 29
, 5
, 115
, 90
, 30
, 113
, 7
, 66
, 54
, 106
, 14
, 96
, 24
, 42
, 78
, 6
, 114
, 103
, 17
, 99
, 21
, 83
, 37
, 68
, 52
, 28
, 92
, 107
, 13
, 88
, 32
, 84
, 36
, 69
, 51
, 52
, 68
, 103
, 17
, 47
, 73
, 110
, 10
, 79
, 41
, 9
, 111
, 12
, 108
, 55
, 65
, 31
, 89
, 18
, 102
, 27
, 93
, 31
, 89
, 109
, 11
, 104
, 16
, 36
, 84
, 42
, 78
, 115
, 5
, 102
, 18
, 99
, 21
, 108
, 12
, 22
, 98
, 10
, 110
, 24
, 96
, 104
, 16
, 106
, 14
, 75
, 45
, 107
, 13
, 70
, 50
, 33
, 87
, 25
, 95
, 40
, 80
, 26
, 94
, 100
, 20
, 19
, 101
, 49
, 71
, 9
, 111
, 40
, 80
, 13
, 107
, 46
, 74
, 20
, 100
, 88
, 32
, 45
, 75
, 93
, 27
, 91
, 29
, 75
, 45
, 25
, 95
, 34
, 86
, 79
, 41
, 8
, 112
, 87
, 33
, 78
, 42
, 35
, 85
, 24
, 96
, 105
, 15
, 79
, 41
, 31
, 89
, 55
, 65
, 19
, 101
, 17
, 103
, 1
, 119
, 12
, 108
, 25
, 95
, 85
, 35
, 9
, 111
, 71
, 49
, 118
, 2
, 47
, 73
, 104
, 16
, 95
, 25
, 101
, 19
, 82
, 38
, 70
, 50
, 9
, 111
, 22
, 98
, 16
, 104
, 1
, 119
, 114
, 6
, 37
, 83
, 95
, 25
, 95
, 25
, 47
, 73
, 1
, 119
, 72
, 48
, 87
, 33
, 118
, 2
, 42
, 78
, 65
, 55
, 98
, 22
, 32
, 88
, 68
, 52
, 55
, 65
, 42
, 78
, 23
, 97
, 50
, 70
, 49
, 71
, 73
, 47
, 91
, 29
, 59
, 61
, 53
, 67
, 35
, 85
, 47
, 73
, 87
, 33
, 82
, 38
, 16
, 104
, 47
, 73
, 40
, 80
, 41
, 79
, 23
, 97
, 66
, 54
, 42
, 78
, 44
, 76
, 81
, 39
, 116
, 4
, 91
, 29
, 24
, 96
, 53
, 67
, 27
, 93
, 75
, 45
, 56
, 64
, 112
, 8
, 102
, 18
, 64
, 56
, 91
, 29
, 19
, 101
, 8
, 112
, 78
, 42
, 100
, 20
, 25
, 95
, 66
, 54
, 56
, 64
, 39
, 81
, 61
, 59
, 33
, 87
, 93
, 27
, 72
, 48
, 15
, 105
, 9
, 111
, 88
, 32
, 46
, 74
, 75
, 45
, 89
, 31
, 89
, 31
, 70
, 50
, 4
, 116
, 101
, 19
, 68
, 52
, 5
, 115
, 50
, 70
, 58
, 62
, 13
, 107
, 54
, 66
, 49
, 71
, 19
, 101
, 6
, 114
, 96
, 24
, 59
, 61
, 118
, 2
, 68
, 52
, 64
, 56
, 67
, 53
, 66
, 54
, 39
, 81
, 63
, 57
, 6
, 114
, 17
, 103
, 66
, 54
, 3
, 117
, 71
, 49
, 19
, 101
, 101
, 19
, 56
, 64
, 86
, 34
, 77
, 43
, 25
, 95
, 109
, 11
, 113
, 7
, 7
, 113
, 25
, 95
, 50
, 70
, 113
, 7
, 107
, 13
, 29
, 91
, 93
, 27
, 32
, 88
, 107
, 13
, 68
, 52
, 98
, 22
, 36
, 84
, 79
, 41
, 39
, 81
, 59
, 61
, 115
, 5
, 52
, 68
, 31
, 89
, 14
, 106
, 38
, 82
, 77
, 43
, 8
, 112
, 47
, 73
, 38
, 82
, 100
, 20
, 42
, 78
, 55
, 65
, 38
, 82
, 110
, 10
, 58
, 62
, 116
, 4
, 65
, 55
, 28
, 92
, 56
, 64
, 30
, 90
, 30
, 90
, 100
, 20
, 17
, 103
, 24
, 96
, 54
, 66
, 111
, 9
, 21
, 99
, 81
, 39
, 44
, 76
, 89
, 31
, 24
, 96
, 36
, 84
, 4
, 116
, 96
, 24
, 10
, 110
, 118
, 2
, 111
, 9
, 22
, 98
, 97
, 23
, 14
, 106
, 23
, 97
, 97
, 23
, 13
, 107
, 2
, 118
, 74
, 46
, 117
, 3
, 37
, 83
, 82
, 38
, 48
, 72
, 15
, 105
, 56
, 64
, 67
, 53
, 2
, 118
, 65
, 55
, 22
, 98
, 46
, 74
, 113
, 7
, 85
, 35
, 98
, 22
, 67
, 53
, 31
, 89
, 85
, 35
, 85
, 35
, 72
, 48
, 23
, 97
, 10
, 110
, 58
, 62
, 104
, 16
, 82
, 38
, 107
, 13
, 77
, 43
, 13
, 107
, 51
, 69
, 6
, 114
, 66
, 54
, 81
, 39
, 88
, 32
, 51
, 69
, 12
, 108
, 46
, 74
, 98
, 22
, 99
, 21
, 73
, 47
, 8
, 112
, 52
, 68
, 14
, 106
, 4
, 116
, 89
, 31
, 78
, 42
, 36
, 84
, 84
, 36
, 19
, 101
, 108
, 12
, 91
, 29
, 52
, 68
, 66
, 54
, 33
, 87
, 106
, 14
, 77
, 43
, 103
, 17
, 64
, 56
, 28
, 92
, 25
, 95
, 77
, 43
, 80
, 40
, 63
, 57
, 30
, 90
, 32
, 88
, 102
, 18
, 38
, 82
, 12
, 108
, 104
, 16
, 74
, 46
, 80
, 40
, 113
, 7
, 44
, 76
, 23
, 97
, 49
, 71
, 24
, 96
, 54
, 66
, 39
, 81
, 68
, 52
, 62
, 58
, 88
, 32
, 99
, 21
, 86
, 34
, 108
, 12
, 3
, 117
, 12
, 108
, 72
, 48
, 2
, 118
, 32
, 88
, 41
, 79
, 29
, 91
, 108
, 12
, 61
, 59
, 23
, 97
, 25
, 95
, 36
, 84
, 32
, 88
, 17
, 103
, 40
, 80
, 56
, 64
, 92
, 28
, 47
, 73
, 37
, 83
, 37
, 83
, 76
, 44
, 45
, 75
, 20
, 100
, 68
, 52
, 117
, 3
, 103
, 17
, 87
, 33
, 33
, 87
, 86
, 34
, 85
, 35
, 97
, 23
, 91
, 29
, 109
, 11
, 67
, 53
, 37
, 83
, 20
, 100
, 39
, 81
, 81
, 39
, 46
, 74
, 66
, 54
, 65
, 55
, 52
, 68
, 42
, 78
, 17
, 103
, 25
, 95
, 23
, 97
, 42
, 78
, 53
, 67
, 4
, 116
, 27
, 93
, 32
, 88
, 91
, 29
, 36
, 84
, 91
, 29
, 46
, 74
, 74
, 46
, 52
, 68
, 16
, 104
, 80
, 40
, 71
, 49
, 118
, 2
, 116
, 4
, 1
, 119
, 56
, 64
, 102
, 18
, 82
, 38
, 88
, 32
, 73
, 47
, 76
, 44
, 87
, 33
, 26
, 94
, 6
, 114
, 50
, 70
, 88
, 32
, 1
, 119
, 40
, 80
, 114
, 6
, 53
, 67
, 112
, 8
, 111
, 9
, 79
, 41
, 59
, 61
, 61
, 59
, 90
, 30
, 88
, 32
, 101
, 19
, 115
, 5
, 41
, 79
, 36
, 84
, 54
, 66
, 117
, 3
, 73
, 47
, 45
, 75
, 80
, 40
, 27
, 93
, 103
, 17
, 74
, 46
, 97
, 23
, 73
, 47
, 97
, 23
, 95
, 25
, 72
, 48
, 85
, 35
, 40
, 80
, 35
, 85
, 76
, 44
, 6
, 114
, 83
, 37
, 94
, 26
, 93
, 27
, 103
, 17
, 44
, 76
, 18
, 102
, 70
, 50
, 83
, 37
, 37
, 83
, 33
, 87
, 54
, 66
, 10
, 110
, 89
, 31
, 57
, 63
, 98
, 22
, 26
, 94
, 59
, 61
, 9
, 111
, 99
, 21
, 30
, 90
, 58
, 62
, 69
, 51
, 53
, 67
, 100
, 20
, 3
, 117
, 3
, 117
, 30
, 90
, 90
, 30
, 43
, 77
, 87
, 33
, 93
, 27
, 7
, 113
, 63
, 57
, 35
, 85
, 17
, 103
, 29
, 91
, 87
, 33
, 28
, 92
, 63
, 57
, 54
, 66
, 85
, 35
, 87
, 33
, 67
, 53
, 71
, 49
, 2
, 118
, 56
, 64
, 9
, 111
, 90
, 30
, 108
, 12
, 59
, 61
, 87
, 33
, 41
, 79
, 6
, 114
, 57
, 63
, 75
, 45
, 97
, 23
, 8
, 112
, 115
, 5
, 104
, 16
, 103
, 17
, 113
, 7
, 66
, 54
, 84
, 36
, 13
, 107
, 5
, 115
, 29
, 91
, 85
, 35
, 27
, 93
, 82
, 38
, 53
, 67
, 38
, 82
, 52
, 68
, 79
, 41
, 16
, 104
, 99
, 21
, 64
, 56
, 38
, 82
, 1
, 119
, 46
, 74
, 117
, 3
, 98
, 22
, 83
, 37
, 42
, 78
, 91
, 29
, 74
, 46
, 62
, 58
, 40
, 80
, 49
, 71
, 32
, 88
, 83
, 37
, 114
, 6
