
533
306
665
611
421
388
398
306
305
562
311
385
719
539
905
702
891
185
425
804
733
937
679
889
905
136
727
127
736
224
778
290
209
900
897
742
674
267
335
618
967
892
375
324
428
877
482
536
682
190
606
219
820
360
769
440
349
708
745
445
973
944
895
960
367
871
909
522
214
974
243
290
415
333
176
496
248
927
802
648
312
918
906
628
467
745
695
698
892
539
625
657
359
155
813
676
917
488
915
997
776
836
566
676
521
558
811
727
364
633
727
349
527
728
934
102
272
172
439
775
825
318
694
954
428
247
144
897
860
863
798
504
839
623
807
217
578
471
581
627
570
686
581
809
395
669
782
702
875
695
646
164
593
637
183
833
716
123
722
110
247
378
916
739
101
785
359
662
616
772
980
509
114
955
593
396
695
547
644
441
266
442
644
347
912
751
263
303
199
117
886
101
678
310
915
310
783
370
628
223
688
675
475
577
874
237
126
417
872
332
172
784
127
480
283
967
187
152
517
180
788
238
450
737
363
553
436
139
399
103
997
708
627
259
667
964
416
505
594
638
267
573
865
537
721
147
692
951
930
411
281
961
829
550
938
715
769
792
190
196
446
622
548
548
195
548
840
236
642
766
466
168
100
413
752
718
819
173
876
991
652
675
128
883
686
714
692
746
878
263
562
143
839
142
752
970
358
989
551
355
503
765
137
423
941
927
802
827
593
206
266
149
740
382
275
831
894
733
512
230
794
696
427
109
532
205
127
110
879
764
676
882
335
682
144
310
147
542
851
508
627
328
926
709
631
802
681
315
591
864
674
349
838
390
848
369
889
251
148
320
821
227
104
634
634
605
984
733
121
292
177
356
519
694
547
826
942
877
294
323
788
262
764
116
215
654
142
322
614
215
916
858
446
626
178
375
652
712
123
918
146
328
197
335
674
223
954
911
971
861
597
907
428
453
495
194
342
289
734
449
934
714
342
263
380
822
396
175
279
832
111
343
762
148
639
877
761
222
723
958
835
179
836
325
850
581
776
882
783
677
805
211
154
411
293
374
208
273
944
748
933
166
656
345
959
475
891
498
122
530
845
746
591
153
947
870
384
158
844
851
250
411
671
183
631
500
190
417
945
943
657
407
904
327
798
747
147
795
227
364
392
881
347
728
798
616
327
426
882
369
333
603
349
371
448
638
608
925
747
284
725
154
734
454
455
474
130
559
363
764
148
238
615
989
54
56
61
64
69
75
79
80
83
86
89
91
98
102
110
111
114
117
118
118
120
120
121
133
134
147
151
157
157
166
168
171
173
175
178
180
187
191
191
195
196
199
199
199
200
200
201
203
203
213
215
216
217
218
229
239
239
248
250
253
255
268
274
275
279
281
284
286
286
286
292
296
297
298
306
308
308
311
318
319
321
323
327
341
342
347
349
350
351
352
360
363
367
370
374
380
382
387
391
393
394
401
403
407
408
409
410
418
425
427
428
432
433
437
441
447
456
459
469
473
474
474
483
486
493
495
498
499
519
527
534
535
537
545
554
555
560
562
563
565
569
569
575
577
578
581
582
585
593
596
598
604
607
607
609
615
615
636
637
638
643
644
663
681
688
692
692
697
698
720
726
729
730
733
733
736
736
740
744
745
757
760
760
767
771
771
776
777
779
779
779
779
797
798
798
798
802
806
811
817
828
830
843
843
848
851
851
863
864
867
868
878
883
891
893
904
905
908
909
911
914
928
928
930
932
933
935
937
938
947
948
948
948
950
954
954
956
957
966
983
987
991
998
1006
1007
1011
1016
1016
1024
1024
1039
1044
1045
1051
1052
1054
1054
1056
1057
1058
1059
1059
1060
1061
1067
1071
1074
1075
1075
1080
1090
1092
1095
1098
1101
1108
1109
1112
1112
1113
1114
1115
1149
1150
1150
1159
1162
1165
1169
1170
1171
1176
1178
1190
1193
1198
1200
1201
1201
1202
1207
1215
1216
1217
1219
1228
1229
1232
1241
1244
1251
1254
1255
1265
1268
1270
1279
1281
1284
1285
1285
1292
1293
1294
1294
1295
1299
1299
1308
1310
1312
1314
1315
1321
1321
1326
1327
1331
1332
1338
1341
1342
1348
1348
1360
1361
1369
1374
1376
1378
1380
1384
1386
1387
1390
1390
1391
1395
1397
1399
1400
1401
1405
1406
1408
1413
1419
1433
1435
1439
1444
1445
1446
1447
1448
1454
1455
1458
1459
1461
1475
1480
1487
1489
1510
1523
1542
1543
1546
1549
1549
1549
1551
1552
1562
1565
1567
1568
1574
1575
1575
1576
1580
1581
1584
1592
1592
1595
1609
1610
1611
1613
1614
1615
1618
1621
1624
1624
1625
1626
1628
1628
1636
1637
1643
1649
1652
1656
1656
1658
1661
1666
1669
1672
1672
1686
1687
1688
1689
1698
1707
1715
1719
1719
1720
1720
1723
1729
1733
1741
1745
1745
1748
1756
1757
1759
1759
1760
1764
1773
1776
1779
1782
1787
1788
1789
1789
1791
1793
1793
1794
1799
1802
1802
1809
1810
1813
1813
1817
1817
1821
1822
1823
1832
1833
1834
1837
1841
1850
1852
1853
1855
1855
1858
1860
1870
1874
1884
1887
1895
1896
1901
1901
1919
1927
1929
1933
1935
1943
1954
1956
1956
1957
1959
1960
1965
1965
1965
1966
1967
1969
1970
1977
1977
1978
1980
1980
1982
1988
1989
1996
1996
2000
