
2670
, 74
, 35
, 25
, 84
, 24
, 85
, 74
, 35
, 27
, 82
, 91
, 18
, 33
, 76
, 18
, 91
, 15
, 94
, 21
, 88
, 106
, 3
, 5
, 104
, 83
, 26
, 101
, 8
, 20
, 89
, 60
, 49
, 57
, 52
, 30
, 79
, 3
, 106
, 16
, 93
, 105
, 4
, 1
, 108
, 74
, 35
, 47
, 62
, 65
, 44
, 72
, 37
, 25
, 84
, 27
, 82
, 6
, 103
, 10
, 99
, 99
, 10
, 43
, 66
, 9
, 100
, 14
, 95
, 43
, 66
, 2
, 107
, 99
, 10
, 98
, 11
, 36
, 73
, 41
, 68
, 2
, 107
, 69
, 40
, 16
, 93
, 45
, 64
, 95
, 14
, 38
, 71
, 59
, 50
, 90
, 19
, 106
, 3
, 93
, 16
, 96
, 13
, 17
, 92
, 104
, 5
, 43
, 66
, 61
, 48
, 102
, 7
, 67
, 42
, 33
, 76
, 93
, 16
, 64
, 45
, 10
, 99
, 47
, 62
, 10
, 99
, 88
, 21
, 79
, 30
, 17
, 92
, 67
, 42
, 36
, 73
, 92
, 17
, 2
, 107
, 34
, 75
, 86
, 23
, 76
, 33
, 102
, 7
, 31
, 78
, 49
, 60
, 81
, 28
, 33
, 76
, 87
, 22
, 65
, 44
, 92
, 17
, 13
, 96
, 99
, 10
, 100
, 9
, 32
, 77
, 17
, 92
, 49
, 60
, 45
, 64
, 7
, 102
, 106
, 3
, 102
, 7
, 59
, 50
, 81
, 28
, 9
, 100
, 82
, 27
, 23
, 86
, 18
, 91
, 31
, 78
, 61
, 48
, 69
, 40
, 19
, 90
, 49
, 60
, 17
, 92
, 32
, 77
, 37
, 72
, 104
, 5
, 7
, 102
, 58
, 51
, 62
, 47
, 99
, 10
, 18
, 91
, 93
, 16
, 45
, 64
, 105
, 4
, 101
, 8
, 32
, 77
, 54
, 55
, 93
, 16
, 58
, 51
, 74
, 35
, 36
, 73
, 34
, 75
, 85
, 24
, 35
, 74
, 30
, 79
, 25
, 84
, 66
, 43
, 107
, 2
, 63
, 46
, 53
, 56
, 4
, 105
, 19
, 90
, 4
, 105
, 83
, 26
, 97
, 12
, 25
, 84
, 25
, 84
, 58
, 51
, 81
, 28
, 22
, 87
, 84
, 25
, 85
, 24
, 73
, 36
, 3
, 106
, 75
, 34
, 100
, 9
, 56
, 53
, 93
, 16
, 58
, 51
, 93
, 16
, 51
, 58
, 29
, 80
, 72
, 37
, 25
, 84
, 102
, 7
, 14
, 95
, 89
, 20
, 25
, 84
, 37
, 72
, 99
, 10
, 62
, 47
, 9
, 100
, 38
, 71
, 33
, 76
, 105
, 4
, 6
, 103
, 78
, 31
, 56
, 53
, 99
, 10
, 17
, 92
, 80
, 29
, 80
, 29
, 3
, 106
, 69
, 40
, 82
, 27
, 58
, 51
, 69
, 40
, 57
, 52
, 39
, 70
, 15
, 94
, 42
, 67
, 57
, 52
, 49
, 60
, 16
, 93
, 26
, 83
, 78
, 31
, 93
, 16
, 3
, 106
, 49
, 60
, 5
, 104
, 78
, 31
, 102
, 7
, 74
, 35
, 43
, 66
, 38
, 71
, 76
, 33
, 59
, 50
, 91
, 18
, 54
, 55
, 22
, 87
, 49
, 60
, 25
, 84
, 3
, 106
, 13
, 96
, 71
, 38
, 69
, 40
, 4
, 105
, 55
, 54
, 35
, 74
, 25
, 84
, 81
, 28
, 45
, 64
, 25
, 84
, 39
, 70
, 46
, 63
, 27
, 82
, 50
, 59
, 60
, 49
, 103
, 6
, 46
, 63
, 87
, 22
, 47
, 62
, 57
, 52
, 66
, 43
, 61
, 48
, 99
, 10
, 35
, 74
, 107
, 2
, 9
, 100
, 41
, 68
, 68
, 41
, 11
, 98
, 16
, 93
, 17
, 92
, 48
, 61
, 38
, 71
, 93
, 16
, 18
, 91
, 3
, 106
, 62
, 47
, 72
, 37
, 15
, 94
, 91
, 18
, 107
, 2
, 47
, 62
, 27
, 82
, 71
, 38
, 70
, 39
, 68
, 41
, 66
, 43
, 77
, 32
, 84
, 25
, 92
, 17
, 23
, 86
, 30
, 79
, 33
, 76
, 2
, 107
, 50
, 59
, 99
, 10
, 30
, 79
, 16
, 93
, 24
, 85
, 83
, 26
, 1
, 108
, 103
, 6
, 32
, 77
, 78
, 31
, 58
, 51
, 17
, 92
, 59
, 50
, 94
, 15
, 107
, 2
, 70
, 39
, 40
, 69
, 7
, 102
, 45
, 64
, 8
, 101
, 36
, 73
, 32
, 77
, 91
, 18
, 65
, 44
, 84
, 25
, 22
, 87
, 60
, 49
, 42
, 67
, 56
, 53
, 52
, 57
, 34
, 75
, 16
, 93
, 57
, 52
, 59
, 50
, 13
, 96
, 25
, 84
, 56
, 53
, 47
, 62
, 86
, 23
, 53
, 56
, 93
, 16
, 45
, 64
, 99
, 10
, 49
, 60
, 56
, 53
, 20
, 89
, 76
, 33
, 14
, 95
, 89
, 20
, 40
, 69
, 42
, 67
, 76
, 33
, 67
, 42
, 55
, 54
, 51
, 58
, 77
, 32
, 6
, 103
, 76
, 33
, 4
, 105
, 96
, 13
, 5
, 104
, 69
, 40
, 39
, 70
, 104
, 5
, 96
, 13
, 18
, 91
, 56
, 53
, 20
, 89
, 94
, 15
, 57
, 52
, 41
, 68
, 96
, 13
, 5
, 104
, 78
, 31
, 25
, 84
, 89
, 20
, 75
, 34
, 93
, 16
, 15
, 94
, 56
, 53
, 87
, 22
, 29
, 80
, 24
, 85
, 55
, 54
, 53
, 56
, 10
, 99
, 104
, 5
, 27
, 82
, 93
, 16
, 61
, 48
, 63
, 46
, 6
, 103
, 78
, 31
, 29
, 80
, 64
, 45
, 33
, 76
, 38
, 71
, 71
, 38
, 79
, 30
, 107
, 2
, 72
, 37
, 17
, 92
, 41
, 68
, 84
, 25
, 7
, 102
, 85
, 24
, 4
, 105
, 83
, 26
, 91
, 18
, 74
, 35
, 41
, 68
, 2
, 107
, 64
, 45
, 72
, 37
, 32
, 77
, 74
, 35
, 96
, 13
, 39
, 70
, 76
, 33
, 8
, 101
, 90
, 19
, 12
, 97
, 82
, 27
, 87
, 22
, 46
, 63
, 90
, 19
, 57
, 52
, 39
, 70
, 107
, 2
, 47
, 62
, 77
, 32
, 54
, 55
, 67
, 42
, 12
, 97
, 55
, 54
, 27
, 82
, 39
, 70
, 78
, 31
, 55
, 54
, 61
, 48
, 59
, 50
, 81
, 28
, 4
, 105
, 57
, 52
, 46
, 63
, 97
, 12
, 44
, 65
, 97
, 12
, 73
, 36
, 44
, 65
, 55
, 54
, 9
, 100
, 80
, 29
, 24
, 85
, 17
, 92
, 53
, 56
, 70
, 39
, 20
, 89
, 15
, 94
, 107
, 2
, 44
, 65
, 12
, 97
, 91
, 18
, 102
, 7
, 99
, 10
, 19
, 90
, 91
, 18
, 69
, 40
, 30
, 79
, 50
, 59
, 105
, 4
, 64
, 45
, 87
, 22
, 69
, 40
, 88
, 21
, 10
, 99
, 90
, 19
, 10
, 99
, 33
, 76
, 73
, 36
, 66
, 43
, 13
, 96
, 8
, 101
, 54
, 55
, 2
, 107
, 67
, 42
, 86
, 23
, 8
, 101
, 35
, 74
, 107
, 2
, 3
, 106
, 73
, 36
, 18
, 91
, 28
, 81
, 83
, 26
, 16
, 93
, 70
, 39
, 75
, 34
, 22
, 87
, 30
, 79
, 21
, 88
, 12
, 97
, 41
, 68
, 56
, 53
, 67
, 42
, 9
, 100
, 57
, 52
, 9
, 100
, 83
, 26
, 72
, 37
, 31
, 78
, 87
, 22
, 32
, 77
, 1
, 108
, 14
, 95
, 95
, 14
, 66
, 43
, 107
, 2
, 27
, 82
, 49
, 60
, 79
, 30
, 103
, 6
, 13
, 96
, 30
, 79
, 98
, 11
, 27
, 82
, 75
, 34
, 71
, 38
, 105
, 4
, 96
, 13
, 51
, 58
, 88
, 21
, 11
, 98
, 22
, 87
, 67
, 42
, 98
, 11
, 33
, 76
, 42
, 67
, 59
, 50
, 105
, 4
, 65
, 44
, 58
, 51
, 45
, 64
, 92
, 17
, 94
, 15
, 26
, 83
, 8
, 101
, 36
, 73
, 48
, 61
, 33
, 76
, 87
, 22
, 50
, 59
, 99
, 10
, 81
, 28
, 92
, 17
, 78
, 31
, 35
, 74
, 50
, 59
, 57
, 52
, 22
, 87
, 60
, 49
, 76
, 33
, 24
, 85
, 93
, 16
, 7
, 102
, 16
, 93
, 75
, 34
, 98
, 11
, 64
, 45
, 51
, 58
, 52
, 57
, 105
, 4
, 46
, 63
, 44
, 65
, 54
, 55
, 47
, 62
, 51
, 58
, 19
, 90
, 12
, 97
, 30
, 79
, 24
, 85
, 50
, 59
, 87
, 22
, 29
, 80
, 56
, 53
, 72
, 37
, 65
, 44
, 37
, 72
, 70
, 39
, 34
, 75
, 25
, 84
, 79
, 30
, 14
, 95
, 59
, 50
, 22
, 87
, 25
, 84
, 94
, 15
, 27
, 82
, 38
, 71
, 96
, 13
, 98
, 11
, 37
, 72
, 23
, 86
, 80
, 29
, 59
, 50
, 8
, 101
, 37
, 72
, 59
, 50
, 33
, 76
, 68
, 41
, 21
, 88
, 72
, 37
, 106
, 3
, 12
, 97
, 104
, 5
, 46
, 63
, 38
, 71
, 15
, 94
, 104
, 5
, 26
, 83
, 28
, 81
, 9
, 100
, 11
, 98
, 31
, 78
, 70
, 39
, 10
, 99
, 101
, 8
, 62
, 47
, 12
, 97
, 66
, 43
, 22
, 87
, 55
, 54
, 92
, 17
, 41
, 68
, 92
, 17
, 60
, 49
, 1
, 108
, 105
, 4
, 71
, 38
, 37
, 72
, 1
, 108
, 72
, 37
, 53
, 56
, 12
, 97
, 104
, 5
, 97
, 12
, 25
, 84
, 83
, 26
, 51
, 58
, 54
, 55
, 63
, 46
, 58
, 51
, 57
, 52
, 35
, 74
, 59
, 50
, 66
, 43
, 67
, 42
, 102
, 7
, 25
, 84
, 49
, 60
, 56
, 53
, 36
, 73
, 82
, 27
, 97
, 12
, 72
, 37
, 34
, 75
, 41
, 68
, 54
, 55
, 27
, 82
, 71
, 38
, 55
, 54
, 65
, 44
, 32
, 77
, 42
, 67
, 72
, 37
, 38
, 71
, 53
, 56
, 95
, 14
, 79
, 30
, 3
, 106
, 43
, 66
, 93
, 16
, 27
, 82
, 9
, 100
, 41
, 68
, 98
, 11
, 17
, 92
, 84
, 25
, 24
, 85
, 34
, 75
, 98
, 11
, 78
, 31
, 63
, 46
, 80
, 29
, 42
, 67
, 98
, 11
, 24
, 85
, 30
, 79
, 20
, 89
, 31
, 78
, 28
, 81
, 37
, 72
, 81
, 28
, 63
, 46
, 66
, 43
, 14
, 95
, 22
, 87
, 2
, 107
, 107
, 2
, 28
, 81
, 37
, 72
, 62
, 47
, 17
, 92
, 69
, 40
, 105
, 4
, 98
, 11
, 4
, 105
, 90
, 19
, 3
, 106
, 38
, 71
, 46
, 63
, 66
, 43
, 47
, 62
, 13
, 96
, 78
, 31
, 88
, 21
, 46
, 63
, 67
, 42
, 19
, 90
, 23
, 86
, 15
, 94
, 106
, 3
, 71
, 38
, 46
, 63
, 74
, 35
, 49
, 60
, 22
, 87
, 99
, 10
, 12
, 97
, 101
, 8
, 67
, 42
, 51
, 58
, 52
, 57
, 58
, 51
, 96
, 13
, 66
, 43
, 82
, 27
, 55
, 54
, 43
, 66
, 5
, 104
, 45
, 64
, 13
, 96
, 95
, 14
, 74
, 35
, 33
, 76
, 11
, 98
, 77
, 32
, 85
, 24
, 100
, 9
, 78
, 31
, 17
, 92
, 85
, 24
, 83
, 26
, 40
, 69
, 45
, 64
, 74
, 35
, 31
, 78
, 59
, 50
, 107
, 2
, 100
, 9
, 30
, 79
, 85
, 24
, 24
, 85
, 53
, 56
, 105
, 4
, 51
, 58
, 65
, 44
, 84
, 25
, 27
, 82
, 76
, 33
, 97
, 12
, 101
, 8
, 12
, 97
, 72
, 37
, 34
, 75
, 47
, 62
, 105
, 4
, 8
, 101
, 27
, 82
, 56
, 53
, 94
, 15
, 104
, 5
, 38
, 71
, 64
, 45
, 78
, 31
, 98
, 11
, 39
, 70
, 44
, 65
, 55
, 54
, 75
, 34
, 15
, 94
, 105
, 4
, 19
, 90
, 29
, 80
, 36
, 73
, 39
, 70
, 27
, 82
, 59
, 50
, 39
, 70
, 65
, 44
, 36
, 73
, 43
, 66
, 92
, 17
, 91
, 18
, 104
, 5
, 33
, 76
, 96
, 13
, 7
, 102
, 102
, 7
, 55
, 54
, 23
, 86
, 84
, 25
, 20
, 89
, 16
, 93
, 12
, 97
, 29
, 80
, 71
, 38
, 41
, 68
, 59
, 50
, 84
, 25
, 20
, 89
, 92
, 17
, 57
, 52
, 2
, 107
, 98
, 11
, 98
, 11
, 32
, 77
, 13
, 96
, 77
, 32
, 71
, 38
, 106
, 3
, 54
, 55
, 28
, 81
, 34
, 75
, 103
, 6
, 82
, 27
, 79
, 30
, 91
, 18
, 70
, 39
, 93
, 16
, 2
, 107
, 14
, 95
, 28
, 81
, 94
, 15
, 66
, 43
, 61
, 48
, 13
, 96
, 86
, 23
, 104
, 5
, 5
, 104
, 61
, 48
, 70
, 39
, 70
, 39
, 86
, 23
, 13
, 96
, 84
, 25
, 71
, 38
, 101
, 8
, 55
, 54
, 26
, 83
, 68
, 41
, 99
, 10
, 69
, 40
, 29
, 80
, 61
, 48
, 82
, 27
, 68
, 41
, 60
, 49
, 58
, 51
, 100
, 9
, 80
, 29
, 25
, 84
, 92
, 17
, 5
, 104
, 64
, 45
, 4
, 105
, 95
, 14
, 10
, 99
, 3
, 106
, 52
, 57
, 100
, 9
, 55
, 54
, 3
, 106
, 77
, 32
, 13
, 96
, 106
, 3
, 20
, 89
, 69
, 40
, 15
, 94
, 75
, 34
, 66
, 43
, 68
, 41
, 104
, 5
, 73
, 36
, 70
, 39
, 82
, 27
, 13
, 96
, 32
, 77
, 96
, 13
, 37
, 72
, 30
, 79
, 4
, 105
, 66
, 43
, 79
, 30
, 101
, 8
, 39
, 70
, 9
, 100
, 63
, 46
, 79
, 30
, 6
, 103
, 67
, 42
, 105
, 4
, 27
, 82
, 52
, 57
, 21
, 88
, 105
, 4
, 75
, 34
, 10
, 99
, 60
, 49
, 39
, 70
, 70
, 39
, 37
, 72
, 50
, 59
, 18
, 91
, 13
, 96
, 24
, 85
, 62
, 47
, 68
, 41
, 95
, 14
, 51
, 58
, 105
, 4
, 14
, 95
, 79
, 30
, 51
, 58
, 71
, 38
, 28
, 81
, 52
, 57
, 47
, 62
, 3
, 106
, 73
, 36
, 69
, 40
, 21
, 88
, 82
, 27
, 22
, 87
, 2
, 107
, 103
, 6
, 49
, 60
, 54
, 55
, 100
, 9
, 55
, 54
, 1
, 108
, 18
, 91
, 62
, 47
, 40
, 69
, 15
, 94
, 106
, 3
, 65
, 44
, 3
, 106
, 18
, 91
, 17
, 92
, 51
, 58
, 73
, 36
, 88
, 21
, 68
, 41
, 57
, 52
, 38
, 71
, 44
, 65
, 47
, 62
, 22
, 87
, 22
, 87
, 60
, 49
, 2
, 107
, 101
, 8
, 86
, 23
, 67
, 42
, 44
, 65
, 71
, 38
, 8
, 101
, 48
, 61
, 68
, 41
, 55
, 54
, 86
, 23
, 73
, 36
, 91
, 18
, 43
, 66
, 99
, 10
, 70
, 39
, 39
, 70
, 83
, 26
, 59
, 50
, 83
, 26
, 39
, 70
, 106
, 3
, 7
, 102
, 66
, 43
, 34
, 75
, 1
, 108
, 26
, 83
, 43
, 66
, 65
, 44
, 53
, 56
, 75
, 34
, 46
, 63
, 41
, 68
, 45
, 64
, 77
, 32
, 86
, 23
, 9
, 100
, 47
, 62
, 102
, 7
, 18
, 91
, 21
, 88
, 78
, 31
, 34
, 75
, 107
, 2
, 79
, 30
, 67
, 42
, 46
, 63
, 20
, 89
, 44
, 65
, 14
, 95
, 50
, 59
, 33
, 76
, 79
, 30
, 74
, 35
, 21
, 88
, 60
, 49
, 15
, 94
, 31
, 78
, 81
, 28
, 84
, 25
, 76
, 33
, 22
, 87
, 20
, 89
, 74
, 35
, 67
, 42
, 94
, 15
, 9
, 100
, 70
, 39
, 105
, 4
, 43
, 66
, 102
, 7
, 57
, 52
, 104
, 5
, 33
, 76
, 26
, 83
, 35
, 74
, 88
, 21
, 12
, 97
, 21
, 88
, 43
, 66
, 36
, 73
, 101
, 8
, 91
, 18
, 45
, 64
, 28
, 81
, 8
, 101
, 1
, 108
, 5
, 104
, 99
, 10
, 52
, 57
, 13
, 96
, 30
, 79
, 99
, 10
, 60
, 49
, 70
, 39
, 46
, 63
, 83
, 26
, 77
, 32
, 36
, 73
, 13
, 96
, 18
, 91
, 75
, 34
, 97
, 12
, 46
, 63
, 22
, 87
, 75
, 34
, 100
, 9
, 83
, 26
, 86
, 23
, 59
, 50
, 50
, 59
, 19
, 90
, 89
, 20
, 64
, 45
, 77
, 32
, 16
, 93
, 45
, 64
, 59
, 50
, 13
, 96
, 49
, 60
, 60
, 49
, 3
, 106
, 9
, 100
, 91
, 18
, 37
, 72
, 7
, 102
, 50
, 59
, 61
, 48
, 14
, 95
, 88
, 21
, 16
, 93
, 73
, 36
, 51
, 58
, 37
, 72
, 14
, 95
, 65
, 44
, 83
, 26
, 28
, 81
, 10
, 99
, 12
, 97
, 107
, 2
, 27
, 82
, 72
, 37
, 25
, 84
, 107
, 2
, 8
, 101
, 6
, 103
, 19
, 90
, 28
, 81
, 54
, 55
, 16
, 93
, 11
, 98
, 101
, 8
, 22
, 87
, 101
, 8
, 77
, 32
, 26
, 83
, 8
, 101
, 34
, 75
, 48
, 61
, 80
, 29
, 81
, 28
, 37
, 72
, 35
, 74
, 10
, 99
, 81
, 28
, 17
, 92
, 7
, 102
, 76
, 33
, 21
, 88
, 87
, 22
, 12
, 97
, 5
, 104
, 30
, 79
, 98
, 11
, 70
, 39
, 22
, 87
, 20
, 89
, 64
, 45
, 88
, 21
, 50
, 59
, 57
, 52
, 40
, 69
, 64
, 45
, 8
, 101
, 5
, 104
, 96
, 13
, 64
, 45
, 72
, 37
, 45
, 64
, 9
, 100
, 13
, 96
, 103
, 6
, 14
, 95
, 91
, 18
, 60
, 49
, 4
, 105
, 85
, 24
, 80
, 29
, 84
, 25
, 88
, 21
, 63
, 46
, 91
, 18
, 99
, 10
, 63
, 46
, 75
, 34
, 41
, 68
, 23
, 86
, 30
, 79
, 69
, 40
, 40
, 69
, 83
, 26
, 93
, 16
, 47
, 62
, 99
, 10
, 104
, 5
, 7
, 102
, 90
, 19
, 102
, 7
, 67
, 42
, 72
, 37
, 45
, 64
, 104
, 5
, 16
, 93
, 77
, 32
, 79
, 30
, 66
, 43
, 24
, 85
, 97
, 12
, 53
, 56
, 62
, 47
, 45
, 64
, 51
, 58
, 11
, 98
, 85
, 24
, 17
, 92
, 21
, 88
, 78
, 31
, 56
, 53
, 75
, 34
, 3
, 106
, 54
, 55
, 32
, 77
, 7
, 102
, 29
, 80
, 27
, 82
, 86
, 23
, 85
, 24
, 76
, 33
, 85
, 24
, 87
, 22
, 20
, 89
, 15
, 94
, 15
, 94
, 98
, 11
, 42
, 67
, 18
, 91
, 97
, 12
, 91
, 18
, 28
, 81
, 52
, 57
, 39
, 70
, 14
, 95
, 96
, 13
, 42
, 67
, 58
, 51
, 25
, 84
, 7
, 102
, 72
, 37
, 102
, 7
, 36
, 73
, 93
, 16
, 74
, 35
, 6
, 103
, 90
, 19
, 57
, 52
, 64
, 45
, 82
, 27
, 83
, 26
, 58
, 51
, 67
, 42
, 55
, 54
, 34
, 75
, 65
, 44
, 46
, 63
, 84
, 25
, 66
, 43
, 73
, 36
, 69
, 40
, 62
, 47
, 22
, 87
, 31
, 78
, 58
, 51
, 20
, 89
, 40
, 69
, 37
, 72
, 69
, 40
, 37
, 72
, 17
, 92
, 101
, 8
, 107
, 2
, 50
, 59
, 47
, 62
, 73
, 36
, 22
, 87
, 2
, 107
, 16
, 93
, 77
, 32
, 47
, 62
, 6
, 103
, 68
, 41
, 61
, 48
, 96
, 13
, 69
, 40
, 48
, 61
, 44
, 65
, 14
, 95
, 12
, 97
, 59
, 50
, 65
, 44
, 67
, 42
, 63
, 46
, 101
, 8
, 96
, 13
, 85
, 24
, 100
, 9
, 67
, 42
, 87
, 22
, 6
, 103
, 102
, 7
, 43
, 66
, 19
, 90
, 37
, 72
, 7
, 102
, 40
, 69
, 59
, 50
, 85
, 24
, 83
, 26
, 4
, 105
, 78
, 31
, 40
, 69
, 21
, 88
, 68
, 41
, 82
, 27
, 22
, 87
, 64
, 45
, 39
, 70
, 80
, 29
, 80
, 29
, 37
, 72
, 45
, 64
, 1
, 108
, 30
, 79
, 3
, 106
, 41
, 68
, 73
, 36
, 86
, 23
, 5
, 104
, 49
, 60
, 24
, 85
, 62
, 47
, 77
, 32
, 100
, 9
, 55
, 54
, 77
, 32
, 69
, 40
, 72
, 37
, 20
, 89
, 56
, 53
, 90
, 19
, 75
, 34
, 47
, 62
, 66
, 43
, 76
, 33
, 6
, 103
, 39
, 70
, 30
, 79
, 92
, 17
, 76
, 33
, 56
, 53
, 82
, 27
, 81
, 28
, 41
, 68
, 45
, 64
, 34
, 75
, 44
, 65
, 98
, 11
, 40
, 69
, 50
, 59
, 91
, 18
, 23
, 86
, 26
, 83
, 73
, 36
, 65
, 44
, 85
, 24
, 83
, 26
, 64
, 45
, 23
, 86
, 2
, 107
, 85
, 24
, 55
, 54
, 61
, 48
, 12
, 97
, 53
, 56
, 73
, 36
, 27
, 82
, 75
, 34
, 19
, 90
, 41
, 68
, 29
, 80
, 52
, 57
, 73
, 36
, 54
, 55
, 19
, 90
, 28
, 81
, 81
, 28
, 19
, 90
, 96
, 13
, 36
, 73
, 78
, 31
, 39
, 70
, 44
, 65
, 21
, 88
, 93
, 16
, 23
, 86
, 32
, 77
, 17
, 92
, 81
, 28
, 62
, 47
, 54
, 55
, 61
, 48
, 36
, 73
, 92
, 17
, 56
, 53
, 24
, 85
, 57
, 52
, 100
, 9
, 103
, 6
, 60
, 49
, 64
, 45
, 10
, 99
, 39
, 70
, 81
, 28
, 40
, 69
, 61
, 48
, 101
, 8
, 100
, 9
, 19
, 90
, 54
, 55
, 15
, 94
, 5
, 104
, 52
, 57
, 43
, 66
, 72
, 37
, 59
, 50
, 104
, 5
, 16
, 93
, 42
, 67
, 32
, 77
, 31
, 78
, 89
, 20
, 50
, 59
, 105
, 4
, 24
, 85
, 93
, 16
, 23
, 86
, 46
, 63
, 2
, 107
, 7
, 102
, 24
, 85
, 105
, 4
, 9
, 100
, 48
, 61
, 83
, 26
, 55
, 54
, 66
, 43
, 35
, 74
, 99
, 10
, 93
, 16
, 30
, 79
, 67
, 42
, 5
, 104
, 39
, 70
, 75
, 34
, 89
, 20
, 22
, 87
, 93
, 16
, 106
, 3
, 46
, 63
, 104
, 5
, 40
, 69
, 58
, 51
, 91
, 18
, 15
, 94
, 98
, 11
, 83
, 26
, 68
, 41
, 21
, 88
, 68
, 41
, 100
, 9
, 55
, 54
, 42
, 67
, 40
, 69
, 84
, 25
, 30
, 79
, 49
, 60
, 15
, 94
, 39
, 70
, 14
, 95
, 104
, 5
, 66
, 43
, 93
, 16
, 33
, 76
, 81
, 28
, 85
, 24
, 56
, 53
, 36
, 73
, 25
, 84
, 107
, 2
, 103
, 6
, 42
, 67
, 10
, 99
, 41
, 68
, 6
, 103
, 84
, 25
, 15
, 94
, 77
, 32
, 8
, 101
, 57
, 52
, 85
, 24
, 93
, 16
, 11
, 98
, 53
, 56
, 83
, 26
, 101
, 8
, 96
, 13
, 78
, 31
, 91
, 18
, 35
, 74
, 99
, 10
, 80
, 29
, 4
, 105
, 106
, 3
, 40
, 69
, 54
, 55
, 72
, 37
, 98
, 11
, 95
, 14
, 38
, 71
, 69
, 40
, 46
, 63
, 45
, 64
, 72
, 37
, 4
, 105
, 72
, 37
, 94
, 15
, 59
, 50
, 99
, 10
, 13
, 96
, 96
, 13
, 43
, 66
, 85
, 24
, 61
, 48
, 6
, 103
, 59
, 50
, 7
, 102
, 4
, 105
, 98
, 11
, 92
, 17
, 41
, 68
, 107
, 2
, 64
, 45
, 47
, 62
, 73
, 36
, 49
, 60
, 9
, 100
, 14
, 95
, 77
, 32
, 44
, 65
, 60
, 49
, 15
, 94
, 73
, 36
, 55
, 54
, 41
, 68
, 106
, 3
, 86
, 23
, 46
, 63
, 95
, 14
, 82
, 27
, 96
, 13
, 30
, 79
, 41
, 68
, 101
, 8
, 5
, 104
, 56
, 53
, 5
, 104
, 41
, 68
, 81
, 28
, 22
, 87
, 66
, 43
, 88
, 21
, 36
, 73
, 34
, 75
, 95
, 14
, 8
, 101
, 26
, 83
, 75
, 34
, 76
, 33
, 74
, 35
, 40
, 69
, 51
, 58
, 11
, 98
, 56
, 53
, 57
, 52
, 5
, 104
, 58
, 51
, 101
, 8
, 72
, 37
, 19
, 90
, 19
, 90
, 37
, 72
, 54
, 55
, 52
, 57
, 93
, 16
, 52
, 57
, 86
, 23
, 36
, 73
, 11
, 98
, 66
, 43
, 49
, 60
, 23
, 86
, 19
, 90
, 102
, 7
, 74
, 35
, 96
, 13
, 61
, 48
, 35
, 74
, 45
, 64
, 61
, 48
, 88
, 21
, 68
, 41
, 7
, 102
, 44
, 65
, 79
, 30
, 1
, 108
, 48
, 61
, 4
, 105
, 32
, 77
, 59
, 50
, 26
, 83
, 75
, 34
, 89
, 20
, 45
, 64
, 11
, 98
, 37
, 72
, 97
, 12
, 20
, 89
, 87
, 22
, 59
, 50
, 41
, 68
, 43
, 66
, 60
, 49
, 92
, 17
, 95
, 14
, 49
, 60
, 57
, 52
, 77
, 32
, 44
, 65
, 96
, 13
, 29
, 80
, 13
, 96
, 3
, 106
, 14
, 95
, 62
, 47
, 40
, 69
, 10
, 99
, 25
, 84
, 2
, 107
, 8
, 101
, 96
, 13
, 5
, 104
, 17
, 92
, 92
, 17
, 26
, 83
, 79
, 30
, 63
, 46
, 46
, 63
, 66
, 43
, 32
, 77
, 48
, 61
, 28
, 81
, 15
, 94
, 54
, 55
, 14
, 95
, 45
, 64
, 13
, 96
, 3
, 106
, 34
, 75
, 49
, 60
, 34
, 75
, 52
, 57
, 67
, 42
, 69
, 40
, 1
, 108
, 13
, 96
, 36
, 73
, 98
, 11
, 42
, 67
, 92
, 17
, 17
, 92
, 92
, 17
, 86
, 23
, 11
, 98
, 98
, 11
, 79
, 30
, 93
, 16
, 16
, 93
, 61
, 48
, 62
, 47
, 11
, 98
, 84
, 25
, 21
, 88
, 56
, 53
, 81
, 28
, 9
, 100
, 30
, 79
, 68
, 41
, 5
, 104
, 97
, 12
, 48
, 61
, 97
, 12
, 9
, 100
, 3
, 106
, 97
, 12
, 94
, 15
, 102
, 7
, 31
, 78
, 2
, 107
, 27
, 82
, 11
, 98
, 88
, 21
, 31
, 78
, 93
, 16
, 93
, 16
, 52
, 57
, 47
, 62
, 42
, 67
, 80
, 29
, 101
, 8
, 95
, 14
, 92
, 17
, 90
, 19
, 81
, 28
, 20
, 89
, 52
, 57
, 62
, 47
, 58
, 51
, 45
, 64
, 86
, 23
, 100
, 9
, 64
, 45
, 65
, 44
, 1
, 108
, 70
, 39
, 47
, 62
, 38
, 71
, 34
, 75
, 40
, 69
, 49
, 60
, 67
, 42
, 33
, 76
, 3
, 106
, 70
, 39
, 36
, 73
, 72
, 37
, 63
, 46
, 32
, 77
, 78
, 31
, 28
, 81
, 44
, 65
, 26
, 83
, 75
, 34
, 5
, 104
, 104
, 5
, 53
, 56
, 8
, 101
, 49
, 60
, 23
, 86
, 18
, 91
, 95
, 14
, 44
, 65
, 54
, 55
, 50
, 59
, 89
, 20
, 63
, 46
, 104
, 5
, 101
, 8
, 60
, 49
, 64
, 45
, 21
, 88
, 84
, 25
, 86
, 23
, 68
, 41
, 62
, 47
, 25
, 84
, 72
, 37
, 85
, 24
, 30
, 79
, 106
, 3
, 42
, 67
, 44
, 65
, 44
, 65
, 27
, 82
, 65
, 44
, 68
, 41
, 91
, 18
, 34
, 75
, 23
, 86
, 89
, 20
, 68
, 41
, 56
, 53
, 41
, 68
, 101
, 8
, 55
, 54
, 104
, 5
, 26
, 83
, 11
, 98
, 20
, 89
, 6
, 103
, 22
, 87
, 27
, 82
, 12
, 97
, 29
, 80
, 27
, 82
, 5
, 104
, 99
, 10
, 99
, 10
, 81
, 28
, 18
, 91
, 85
, 24
, 2
, 107
, 27
, 82
, 53
, 56
, 43
, 66
, 95
, 14
, 68
, 41
, 79
, 30
, 17
, 92
, 63
, 46
, 2
, 107
, 13
, 96
, 91
, 18
, 69
, 40
, 98
, 11
, 91
, 18
, 26
, 83
, 66
, 43
, 46
, 63
, 107
, 2
, 54
, 55
, 59
, 50
, 82
, 27
, 38
, 71
, 93
, 16
, 36
, 73
, 96
, 13
, 29
, 80
, 6
, 103
, 37
, 72
, 19
, 90
, 36
, 73
, 4
, 105
, 14
, 95
, 24
, 85
, 70
, 39
, 56
, 53
, 30
, 79
, 85
, 24
, 70
, 39
, 77
, 32
, 16
, 93
, 48
, 61
, 85
, 24
, 89
, 20
, 16
, 93
, 3
, 106
, 22
, 87
, 67
, 42
, 84
, 25
, 101
, 8
, 43
, 66
, 46
, 63
, 66
, 43
, 27
, 82
, 65
, 44
, 100
, 9
, 51
, 58
, 17
, 92
, 91
, 18
, 31
, 78
, 95
, 14
, 96
, 13
, 30
, 79
, 73
, 36
, 65
, 44
, 12
, 97
, 18
, 91
, 102
, 7
, 70
, 39
, 103
, 6
, 24
, 85
, 74
, 35
, 40
, 69
, 68
, 41
, 84
, 25
, 32
, 77
, 44
, 65
, 35
, 74
, 96
, 13
, 79
, 30
, 43
, 66
, 66
, 43
, 27
, 82
, 60
, 49
, 28
, 81
, 106
, 3
, 74
, 35
, 52
, 57
, 40
, 69
, 2
, 107
, 17
, 92
, 94
, 15
, 16
, 93
, 79
, 30
, 41
, 68
, 38
, 71
, 20
, 89
, 100
, 9
, 21
, 88
, 75
, 34
, 65
, 44
, 77
, 32
, 15
, 94
, 53
, 56
, 47
, 62
, 32
, 77
, 68
, 41
, 34
, 75
, 13
, 96
, 45
, 64
, 95
, 14
, 106
, 3
, 30
, 79
, 14
, 95
, 93
, 16
, 24
, 85
, 99
, 10
, 98
, 11
, 32
, 77
, 86
, 23
, 54
, 55
, 77
, 32
, 85
, 24
, 21
, 88
, 68
, 41
, 40
, 69
, 44
, 65
, 99
, 10
, 8
, 101
, 81
, 28
, 56
, 53
, 101
, 8
, 95
, 14
, 65
, 44
, 57
, 52
, 49
, 60
, 55
, 54
, 90
, 19
, 31
, 78
, 10
, 99
, 67
, 42
, 55
, 54
, 73
, 36
, 33
, 76
, 16
, 93
, 52
, 57
, 14
, 95
, 54
, 55
, 40
, 69
, 11
, 98
, 8
, 101
, 59
, 50
, 17
, 92
, 50
, 59
, 4
, 105
, 3
, 106
, 66
, 43
, 44
, 65
, 9
, 100
, 5
, 104
, 59
, 50
, 107
, 2
, 93
, 16
, 10
, 99
, 54
, 55
, 58
, 51
, 97
, 12
, 11
, 98
, 54
, 55
, 26
, 83
, 51
, 58
, 52
, 57
, 13
, 96
, 69
, 40
, 35
, 74
, 80
, 29
, 104
, 5
, 98
, 11
, 96
, 13
, 36
, 73
, 96
, 13
, 36
, 73
, 59
, 50
, 69
, 40
, 62
, 47
, 84
, 25
, 9
, 100
, 28
, 81
, 93
, 16
, 95
, 14
, 71
, 38
, 33
, 76
, 67
, 42
, 59
, 50
, 63
, 46
, 30
, 79
, 95
, 14
, 68
, 41
, 84
, 25
, 86
, 23
, 63
, 46
, 58
, 51
, 28
, 81
, 102
, 7
, 9
, 100
, 73
, 36
, 63
, 46
, 95
, 14
, 50
, 59
, 103
, 6
, 38
, 71
, 61
, 48
, 17
, 92
, 82
, 27
, 48
, 61
, 5
, 104
, 7
, 102
, 23
, 86
, 36
, 73
, 89
, 20
, 5
, 104
, 28
, 81
, 95
, 14
, 44
, 65
, 64
, 45
, 5
, 104
, 61
, 48
, 1
, 108
, 45
, 64
, 95
, 14
, 11
, 98
, 47
, 62
, 104
, 5
, 13
, 96
, 40
, 69
, 80
, 29
, 3
, 106
, 80
, 29
, 82
, 27
, 97
, 12
, 47
, 62
, 76
, 33
, 9
, 100
, 50
, 59
, 6
, 103
, 72
, 37
, 64
, 45
, 34
, 75
, 101
, 8
, 90
, 19
, 92
, 17
, 44
, 65
, 23
, 86
, 12
, 97
, 76
, 33
, 100
, 9
, 94
, 15
, 22
, 87
, 27
, 82
, 11
, 98
, 105
, 4
, 8
, 101
, 40
, 69
, 51
, 58
, 2
, 107
, 36
, 73
, 95
, 14
, 2
, 107
, 10
, 99
, 57
, 52
, 68
, 41
, 106
, 3
, 6
, 103
, 93
, 16
, 70
, 39
, 57
, 52
, 55
, 54
, 98
, 11
, 8
, 101
, 18
, 91
, 93
, 16
, 15
, 94
, 51
, 58
, 86
, 23
, 93
, 16
, 57
, 52
, 48
, 61
, 47
, 62
, 11
, 98
, 39
, 70
, 62
, 47
, 20
, 89
, 17
, 92
, 68
, 41
, 43
, 66
, 92
, 17
, 20
, 89
, 52
, 57
, 10
, 99
, 99
, 10
, 101
, 8
, 27
, 82
, 46
, 63
, 24
, 85
, 20
, 89
, 19
, 90
, 8
, 101
, 64
, 45
, 93
, 16
, 40
, 69
, 66
, 43
, 99
, 10
, 47
, 62
, 102
, 7
, 26
, 83
, 34
, 75
, 72
, 37
, 5
, 104
, 35
, 74
, 7
, 102
, 40
, 69
, 83
, 26
, 102
, 7
, 75
, 34
, 107
, 2
, 50
, 59
, 14
, 95
, 31
, 78
, 40
, 69
, 5
, 104
, 63
, 46
, 7
, 102
, 67
, 42
, 60
, 49
, 49
, 60
, 103
, 6
, 97
, 12
, 21
, 88
, 107
, 2
, 26
, 83
, 45
, 64
, 41
, 68
, 85
, 24
, 41
, 68
, 66
, 43
, 66
, 43
, 46
, 63
, 45
, 64
, 95
, 14
, 105
, 4
, 20
, 89
, 83
, 26
, 11
, 98
, 24
, 85
, 94
, 15
, 1
, 108
, 15
, 94
, 81
, 28
, 47
, 62
, 52
, 57
, 77
, 32
, 12
, 97
, 58
, 51
, 18
, 91
, 53
, 56
, 41
, 68
, 6
, 103
, 101
, 8
, 75
, 34
, 39
, 70
, 105
, 4
, 64
, 45
, 107
, 2
, 65
, 44
, 72
, 37
, 35
, 74
, 72
, 37
, 39
, 70
, 80
, 29
, 89
, 20
, 10
, 99
, 12
, 97
, 52
, 57
, 63
, 46
, 51
, 58
, 94
, 15
, 66
, 43
, 85
, 24
, 68
, 41
, 12
, 97
, 21
, 88
, 92
, 17
, 54
, 55
, 66
, 43
, 101
, 8
, 49
, 60
, 47
, 62
, 83
, 26
, 53
, 56
, 73
, 36
, 26
, 83
, 19
, 90
, 99
, 10
, 21
, 88
, 89
, 20
, 73
, 36
, 63
, 46
, 72
, 37
, 93
, 16
, 79
, 30
, 65
, 44
, 36
, 73
, 27
, 82
, 9
, 100
, 19
, 90
, 75
, 34
, 92
, 17
, 75
, 34
, 90
, 19
, 19
, 90
, 91
, 18
, 62
, 47
, 42
, 67
, 77
, 32
, 40
, 69
, 24
, 85
, 5
, 104
, 88
, 21
, 15
, 94
, 74
, 35
, 35
, 74
, 38
, 71
, 22
, 87
, 24
, 85
, 84
, 25
, 4
, 105
, 67
, 42
, 56
, 53
, 74
, 35
, 70
, 39
, 70
, 39
, 61
, 48
, 63
, 46
, 2
, 107
, 92
, 17
, 56
, 53
, 105
, 4
, 56
, 53
, 43
, 66
, 79
, 30
, 37
, 72
, 70
, 39
, 105
, 4
, 15
, 94
, 23
, 86
, 22
, 87
, 88
, 21
, 104
, 5
, 45
, 64
, 87
, 22
, 80
, 29
, 75
, 34
, 79
, 30
, 105
, 4
, 69
, 40
, 71
, 38
, 30
, 79
, 50
, 59
, 68
, 41
, 18
, 91
, 107
, 2
, 38
, 71
, 81
, 28
, 40
, 69
, 24
, 85
, 66
, 43
, 75
, 34
, 14
, 95
, 22
, 87
, 85
, 24
, 39
, 70
, 21
, 88
, 96
, 13
, 11
, 98
, 5
, 104
, 48
, 61
, 106
, 3
, 67
, 42
, 94
, 15
, 106
, 3
, 52
, 57
, 102
, 7
, 38
, 71
, 12
, 97
, 34
, 75
, 1
, 108
, 73
, 36
, 80
, 29
, 52
, 57
, 4
, 105
, 20
, 89
, 72
, 37
, 81
, 28
, 97
, 12
, 28
, 81
, 62
, 47
, 33
, 76
, 83
, 26
, 22
, 87
, 76
, 33
, 41
, 68
, 1
, 108
, 48
, 61
, 4
, 105
, 80
, 29
, 68
, 41
, 39
, 70
, 71
, 38
, 7
, 102
, 81
, 28
, 9
, 100
, 72
, 37
, 41
, 68
, 83
, 26
, 53
, 56
, 105
, 4
, 26
, 83
, 48
, 61
, 24
, 85
, 72
, 37
, 91
, 18
, 91
, 18
, 13
, 96
, 8
, 101
, 101
, 8
, 56
, 53
, 6
, 103
, 104
, 5
, 11
, 98
, 26
, 83
, 8
, 101
, 80
, 29
, 29
, 80
, 79
, 30
, 22
, 87
, 84
, 25
, 50
, 59
, 77
, 32
, 44
, 65
, 19
, 90
, 31
, 78
, 78
, 31
, 15
, 94
, 91
, 18
, 39
, 70
, 95
, 14
, 104
, 5
, 20
, 89
, 12
, 97
, 10
, 99
, 77
, 32
, 100
, 9
, 55
, 54
, 55
, 54
, 90
, 19
, 6
, 103
, 101
, 8
, 68
, 41
, 67
, 42
, 42
, 67
, 89
, 20
, 104
, 5
, 89
, 20
, 37
, 72
, 18
, 91
, 47
, 62
, 103
, 6
, 34
, 75
, 96
, 13
, 33
, 76
, 47
, 62
, 92
, 17
, 24
, 85
, 31
, 78
, 93
, 16
, 86
, 23
, 82
, 27
, 77
, 32
, 20
, 89
, 51
, 58
, 64
, 45
, 38
, 71
, 98
, 11
, 25
, 84
, 46
, 63
, 10
, 99
, 46
, 63
, 48
, 61
, 20
, 89
, 96
, 13
, 75
, 34
, 107
, 2
, 107
, 2
, 25
, 84
, 17
, 92
, 51
, 58
, 24
, 85
, 8
, 101
, 93
, 16
, 94
, 15
, 36
, 73
, 79
, 30
, 45
, 64
, 20
, 89
, 97
, 12
, 77
, 32
, 53
, 56
, 61
, 48
, 17
, 92
, 56
, 53
, 34
, 75
, 49
, 60
, 43
, 66
, 60
, 49
, 36
, 73
, 28
, 81
, 106
, 3
, 89
, 20
, 59
, 50
, 95
, 14
, 44
, 65
, 30
, 79
, 65
, 44
, 63
, 46
, 96
, 13
, 98
, 11
, 58
, 51
, 55
, 54
, 79
, 30
, 44
, 65
, 12
, 97
, 12
, 97
, 11
, 98
, 82
, 27
, 20
, 89
, 7
, 102
, 98
, 11
, 96
, 13
, 96
, 13
, 56
, 53
, 81
, 28
, 66
, 43
, 21
, 88
, 5
, 104
, 42
, 67
, 96
, 13
, 31
, 78
, 60
, 49
, 42
, 67
, 56
, 53
, 44
, 65
, 2
, 107
, 7
, 102
, 97
, 12
, 86
, 23
, 22
, 87
, 88
, 21
, 94
, 15
, 19
, 90
, 59
, 50
, 82
, 27
, 39
, 70
, 82
, 27
, 104
, 5
, 2
, 107
, 21
, 88
, 38
, 71
, 9
, 100
, 11
, 98
, 8
, 101
, 81
, 28
, 79
, 30
, 90
, 19
, 62
, 47
, 35
, 74
, 64
, 45
, 44
, 65
, 39
, 70
, 31
, 78
, 63
, 46
, 80
, 29
, 103
, 6
, 8
, 101
, 13
, 96
, 48
, 61
, 34
, 75
, 60
, 49
, 88
, 21
, 93
, 16
, 6
, 103
, 67
, 42
, 19
, 90
, 68
, 41
, 48
, 61
, 62
, 47
, 3
, 106
, 38
, 71
, 72
, 37
, 50
, 59
, 96
, 13
, 52
, 57
, 43
, 66
, 30
, 79
, 37
, 72
, 26
, 83
, 54
, 55
, 105
, 4
, 93
, 16
, 39
, 70
, 92
, 17
, 65
, 44
, 69
, 40
, 16
, 93
, 47
, 62
, 32
, 77
, 27
, 82
, 63
, 46
, 46
, 63
, 29
, 80
, 87
, 22
, 60
, 49
, 13
, 96
, 79
, 30
, 84
, 25
, 96
, 13
, 32
, 77
, 75
, 34
, 39
, 70
, 88
, 21
, 24
, 85
, 70
, 39
, 64
, 45
, 59
, 50
, 26
, 83
, 82
, 27
, 25
, 84
, 87
, 22
, 67
, 42
, 32
, 77
, 26
, 83
, 76
, 33
, 80
, 29
, 80
, 29
, 23
, 86
, 73
, 36
, 64
, 45
, 92
, 17
, 56
, 53
, 69
, 40
, 58
, 51
, 77
, 32
, 69
, 40
, 17
, 92
, 97
, 12
, 80
, 29
, 94
, 15
, 88
, 21
, 58
, 51
, 76
, 33
, 26
, 83
, 27
, 82
, 100
, 9
, 98
, 11
, 80
, 29
, 13
, 96
, 22
, 87
, 104
, 5
, 71
, 38
, 56
, 53
, 85
, 24
, 67
, 42
, 66
, 43
, 98
, 11
, 68
, 41
, 58
, 51
, 16
, 93
, 36
, 73
, 19
, 90
, 64
, 45
, 81
, 28
, 74
, 35
, 102
, 7
, 91
, 18
, 10
, 99
, 78
, 31
, 99
, 10
, 73
, 36
, 47
, 62
, 51
, 58
, 29
, 80
, 7
, 102
, 36
, 73
, 48
, 61
, 59
, 50
, 80
, 29
, 81
, 28
, 63
, 46
, 18
, 91
, 92
, 17
, 83
, 26
, 85
, 24
, 84
, 25
, 70
, 39
, 30
, 79
, 79
, 30
, 74
, 35
, 54
, 55
, 78
, 31
, 22
, 87
, 92
, 17
, 107
, 2
, 29
, 80
, 64
, 45
, 83
, 26
, 86
, 23
, 84
, 25
, 47
, 62
, 22
, 87
, 82
, 27
, 70
, 39
, 27
, 82
, 68
, 41
, 7
, 102
, 8
, 101
, 105
, 4
, 6
, 103
, 63
, 46
, 5
, 104
, 68
, 41
, 34
, 75
, 1
, 108
, 83
, 26
, 32
, 77
, 47
, 62
, 30
, 79
, 23
, 86
, 92
, 17
, 90
, 19
, 13
, 96
, 59
, 50
, 84
, 25
, 77
, 32
, 90
, 19
, 102
, 7
, 63
, 46
, 85
, 24
, 6
, 103
, 107
, 2
, 49
, 60
, 64
, 45
, 63
, 46
, 3
, 106
, 53
, 56
, 6
, 103
, 51
, 58
, 58
, 51
, 49
, 60
, 81
, 28
, 12
, 97
, 21
, 88
, 75
, 34
, 34
, 75
, 31
, 78
, 24
, 85
, 62
, 47
, 26
, 83
, 48
, 61
, 98
, 11
, 17
, 92
, 83
, 26
, 46
, 63
, 54
, 55
, 44
, 65
, 8
, 101
, 58
, 51
, 11
, 98
, 104
, 5
, 38
, 71
, 48
, 61
, 70
, 39
, 35
, 74
, 54
, 55
