
2680
, 35
, 256
, 288
, 3
, 268
, 23
, 193
, 98
, 15
, 276
, 239
, 52
, 164
, 127
, 288
, 3
, 206
, 85
, 95
, 196
, 150
, 141
, 90
, 201
, 143
, 148
, 176
, 115
, 124
, 167
, 103
, 188
, 260
, 31
, 5
, 286
, 154
, 137
, 257
, 34
, 279
, 12
, 213
, 78
, 238
, 53
, 109
, 182
, 204
, 87
, 60
, 231
, 280
, 11
, 6
, 285
, 249
, 42
, 78
, 213
, 7
, 284
, 105
, 186
, 112
, 179
, 181
, 110
, 124
, 167
, 169
, 122
, 131
, 160
, 174
, 117
, 287
, 4
, 190
, 101
, 268
, 23
, 152
, 139
, 282
, 9
, 218
, 73
, 167
, 124
, 209
, 82
, 130
, 161
, 173
, 118
, 21
, 270
, 275
, 16
, 189
, 102
, 74
, 217
, 276
, 15
, 39
, 252
, 255
, 36
, 143
, 148
, 106
, 185
, 117
, 174
, 160
, 131
, 171
, 120
, 264
, 27
, 225
, 66
, 179
, 112
, 175
, 116
, 201
, 90
, 128
, 163
, 121
, 170
, 108
, 183
, 196
, 95
, 276
, 15
, 113
, 178
, 1
, 290
, 12
, 279
, 215
, 76
, 188
, 103
, 92
, 199
, 91
, 200
, 250
, 41
, 218
, 73
, 71
, 220
, 19
, 272
, 42
, 249
, 210
, 81
, 185
, 106
, 86
, 205
, 202
, 89
, 272
, 19
, 119
, 172
, 230
, 61
, 20
, 271
, 2
, 289
, 32
, 259
, 137
, 154
, 203
, 88
, 243
, 48
, 151
, 140
, 178
, 113
, 138
, 153
, 286
, 5
, 204
, 87
, 99
, 192
, 245
, 46
, 74
, 217
, 188
, 103
, 83
, 208
, 138
, 153
, 258
, 33
, 197
, 94
, 258
, 33
, 144
, 147
, 47
, 244
, 167
, 124
, 96
, 195
, 117
, 174
, 220
, 71
, 222
, 69
, 98
, 193
, 233
, 58
, 231
, 60
, 26
, 265
, 175
, 116
, 46
, 245
, 80
, 211
, 48
, 243
, 69
, 222
, 26
, 265
, 13
, 278
, 51
, 240
, 135
, 156
, 261
, 30
, 152
, 139
, 245
, 46
, 40
, 251
, 14
, 277
, 119
, 172
, 28
, 263
, 284
, 7
, 158
, 133
, 265
, 26
, 272
, 19
, 27
, 264
, 255
, 36
, 116
, 175
, 160
, 131
, 263
, 28
, 19
, 272
, 260
, 31
, 220
, 71
, 266
, 25
, 254
, 37
, 223
, 68
, 44
, 247
, 95
, 196
, 168
, 123
, 107
, 184
, 256
, 35
, 99
, 192
, 289
, 2
, 283
, 8
, 112
, 179
, 163
, 128
, 4
, 287
, 260
, 31
, 43
, 248
, 187
, 104
, 235
, 56
, 94
, 197
, 262
, 29
, 255
, 36
, 76
, 215
, 39
, 252
, 30
, 261
, 253
, 38
, 185
, 106
, 277
, 14
, 85
, 206
, 171
, 120
, 266
, 25
, 108
, 183
, 253
, 38
, 65
, 226
, 50
, 241
, 261
, 30
, 225
, 66
, 43
, 248
, 177
, 114
, 236
, 55
, 82
, 209
, 176
, 115
, 71
, 220
, 255
, 36
, 91
, 200
, 156
, 135
, 59
, 232
, 285
, 6
, 230
, 61
, 39
, 252
, 243
, 48
, 211
, 80
, 106
, 185
, 257
, 34
, 281
, 10
, 288
, 3
, 139
, 152
, 3
, 288
, 189
, 102
, 239
, 52
, 25
, 266
, 109
, 182
, 183
, 108
, 250
, 41
, 195
, 96
, 113
, 178
, 222
, 69
, 69
, 222
, 200
, 91
, 87
, 204
, 20
, 271
, 150
, 141
, 73
, 218
, 26
, 265
, 165
, 126
, 115
, 176
, 231
, 60
, 119
, 172
, 218
, 73
, 237
, 54
, 31
, 260
, 129
, 162
, 26
, 265
, 168
, 123
, 52
, 239
, 151
, 140
, 61
, 230
, 248
, 43
, 117
, 174
, 108
, 183
, 150
, 141
, 286
, 5
, 159
, 132
, 77
, 214
, 289
, 2
, 257
, 34
, 245
, 46
, 241
, 50
, 190
, 101
, 231
, 60
, 243
, 48
, 242
, 49
, 116
, 175
, 231
, 60
, 277
, 14
, 207
, 84
, 74
, 217
, 267
, 24
, 58
, 233
, 156
, 135
, 162
, 129
, 237
, 54
, 188
, 103
, 280
, 11
, 91
, 200
, 177
, 114
, 103
, 188
, 280
, 11
, 188
, 103
, 93
, 198
, 197
, 94
, 47
, 244
, 272
, 19
, 95
, 196
, 235
, 56
, 91
, 200
, 3
, 288
, 46
, 245
, 161
, 130
, 278
, 13
, 124
, 167
, 198
, 93
, 232
, 59
, 185
, 106
, 194
, 97
, 96
, 195
, 198
, 93
, 90
, 201
, 247
, 44
, 87
, 204
, 113
, 178
, 56
, 235
, 246
, 45
, 9
, 282
, 188
, 103
, 288
, 3
, 54
, 237
, 170
, 121
, 52
, 239
, 43
, 248
, 125
, 166
, 10
, 281
, 56
, 235
, 215
, 76
, 253
, 38
, 4
, 287
, 140
, 151
, 269
, 22
, 137
, 154
, 138
, 153
, 4
, 287
, 25
, 266
, 184
, 107
, 126
, 165
, 143
, 148
, 209
, 82
, 101
, 190
, 42
, 249
, 142
, 149
, 78
, 213
, 265
, 26
, 212
, 79
, 39
, 252
, 36
, 255
, 70
, 221
, 128
, 163
, 270
, 21
, 18
, 273
, 217
, 74
, 150
, 141
, 284
, 7
, 92
, 199
, 219
, 72
, 3
, 288
, 118
, 173
, 38
, 253
, 89
, 202
, 271
, 20
, 166
, 125
, 119
, 172
, 118
, 173
, 162
, 129
, 191
, 100
, 267
, 24
, 247
, 44
, 168
, 123
, 32
, 259
, 186
, 105
, 54
, 237
, 48
, 243
, 122
, 169
, 195
, 96
, 200
, 91
, 164
, 127
, 221
, 70
, 23
, 268
, 121
, 170
, 5
, 286
, 267
, 24
, 102
, 189
, 50
, 241
, 148
, 143
, 136
, 155
, 20
, 271
, 117
, 174
, 119
, 172
, 35
, 256
, 270
, 21
, 101
, 190
, 39
, 252
, 216
, 75
, 79
, 212
, 122
, 169
, 181
, 110
, 37
, 254
, 194
, 97
, 70
, 221
, 188
, 103
, 247
, 44
, 161
, 130
, 225
, 66
, 27
, 264
, 262
, 29
, 257
, 34
, 63
, 228
, 287
, 4
, 96
, 195
, 196
, 95
, 92
, 199
, 40
, 251
, 125
, 166
, 116
, 175
, 193
, 98
, 19
, 272
, 7
, 284
, 135
, 156
, 102
, 189
, 216
, 75
, 6
, 285
, 45
, 246
, 247
, 44
, 135
, 156
, 176
, 115
, 61
, 230
, 274
, 17
, 222
, 69
, 178
, 113
, 162
, 129
, 55
, 236
, 47
, 244
, 57
, 234
, 71
, 220
, 19
, 272
, 183
, 108
, 168
, 123
, 157
, 134
, 86
, 205
, 126
, 165
, 26
, 265
, 11
, 280
, 174
, 117
, 24
, 267
, 151
, 140
, 46
, 245
, 114
, 177
, 230
, 61
, 81
, 210
, 251
, 40
, 68
, 223
, 170
, 121
, 114
, 177
, 206
, 85
, 95
, 196
, 81
, 210
, 214
, 77
, 260
, 31
, 35
, 256
, 277
, 14
, 26
, 265
, 152
, 139
, 46
, 245
, 242
, 49
, 20
, 271
, 206
, 85
, 149
, 142
, 231
, 60
, 16
, 275
, 213
, 78
, 210
, 81
, 174
, 117
, 148
, 143
, 57
, 234
, 151
, 140
, 288
, 3
, 136
, 155
, 268
, 23
, 53
, 238
, 21
, 270
, 161
, 130
, 111
, 180
, 41
, 250
, 73
, 218
, 7
, 284
, 102
, 189
, 183
, 108
, 254
, 37
, 155
, 136
, 194
, 97
, 204
, 87
, 105
, 186
, 76
, 215
, 6
, 285
, 215
, 76
, 115
, 176
, 88
, 203
, 164
, 127
, 116
, 175
, 269
, 22
, 181
, 110
, 67
, 224
, 80
, 211
, 200
, 91
, 110
, 181
, 277
, 14
, 256
, 35
, 267
, 24
, 78
, 213
, 89
, 202
, 228
, 63
, 207
, 84
, 237
, 54
, 289
, 2
, 131
, 160
, 234
, 57
, 205
, 86
, 51
, 240
, 153
, 138
, 192
, 99
, 11
, 280
, 61
, 230
, 245
, 46
, 188
, 103
, 240
, 51
, 239
, 52
, 129
, 162
, 158
, 133
, 267
, 24
, 206
, 85
, 73
, 218
, 219
, 72
, 7
, 284
, 41
, 250
, 63
, 228
, 223
, 68
, 274
, 17
, 249
, 42
, 3
, 288
, 54
, 237
, 78
, 213
, 55
, 236
, 174
, 117
, 227
, 64
, 83
, 208
, 216
, 75
, 197
, 94
, 98
, 193
, 25
, 266
, 117
, 174
, 283
, 8
, 5
, 286
, 123
, 168
, 182
, 109
, 87
, 204
, 63
, 228
, 129
, 162
, 32
, 259
, 42
, 249
, 97
, 194
, 64
, 227
, 284
, 7
, 41
, 250
, 203
, 88
, 260
, 31
, 205
, 86
, 8
, 283
, 10
, 281
, 134
, 157
, 182
, 109
, 216
, 75
, 99
, 192
, 99
, 192
, 141
, 150
, 197
, 94
, 32
, 259
, 72
, 219
, 41
, 250
, 2
, 289
, 83
, 208
, 99
, 192
, 55
, 236
, 241
, 50
, 150
, 141
, 62
, 229
, 34
, 257
, 54
, 237
, 69
, 222
, 123
, 168
, 110
, 181
, 64
, 227
, 87
, 204
, 80
, 211
, 197
, 94
, 265
, 26
, 161
, 130
, 79
, 212
, 248
, 43
, 223
, 68
, 129
, 162
, 278
, 13
, 35
, 256
, 260
, 31
, 156
, 135
, 2
, 289
, 83
, 208
, 280
, 11
, 59
, 232
, 282
, 9
, 142
, 149
, 53
, 238
, 93
, 198
, 137
, 154
, 204
, 87
, 126
, 165
, 94
, 197
, 265
, 26
, 101
, 190
, 269
, 22
, 108
, 183
, 177
, 114
, 4
, 287
, 182
, 109
, 278
, 13
, 265
, 26
, 230
, 61
, 44
, 247
, 231
, 60
, 62
, 229
, 106
, 185
, 277
, 14
, 145
, 146
, 171
, 120
, 205
, 86
, 159
, 132
, 161
, 130
, 203
, 88
, 258
, 33
, 43
, 248
, 149
, 142
, 95
, 196
, 194
, 97
, 99
, 192
, 198
, 93
, 129
, 162
, 184
, 107
, 250
, 41
, 47
, 244
, 43
, 248
, 249
, 42
, 5
, 286
, 187
, 104
, 25
, 266
, 123
, 168
, 201
, 90
, 176
, 115
, 199
, 92
, 61
, 230
, 191
, 100
, 56
, 235
, 163
, 128
, 217
, 74
, 13
, 278
, 200
, 91
, 286
, 5
, 225
, 66
, 63
, 228
, 29
, 262
, 165
, 126
, 40
, 251
, 103
, 188
, 175
, 116
, 180
, 111
, 96
, 195
, 34
, 257
, 78
, 213
, 85
, 206
, 198
, 93
, 171
, 120
, 3
, 288
, 117
, 174
, 136
, 155
, 89
, 202
, 55
, 236
, 175
, 116
, 280
, 11
, 212
, 79
, 140
, 151
, 37
, 254
, 48
, 243
, 217
, 74
, 214
, 77
, 204
, 87
, 204
, 87
, 242
, 49
, 285
, 6
, 22
, 269
, 10
, 281
, 131
, 160
, 215
, 76
, 103
, 188
, 50
, 241
, 285
, 6
, 7
, 284
, 192
, 99
, 257
, 34
, 257
, 34
, 22
, 269
, 140
, 151
, 138
, 153
, 119
, 172
, 280
, 11
, 241
, 50
, 197
, 94
, 1
, 290
, 175
, 116
, 115
, 176
, 162
, 129
, 275
, 16
, 201
, 90
, 149
, 142
, 125
, 166
, 166
, 125
, 148
, 143
, 279
, 12
, 268
, 23
, 109
, 182
, 78
, 213
, 248
, 43
, 212
, 79
, 181
, 110
, 199
, 92
, 2
, 289
, 15
, 276
, 32
, 259
, 92
, 199
, 74
, 217
, 74
, 217
, 17
, 274
, 117
, 174
, 4
, 287
, 108
, 183
, 109
, 182
, 198
, 93
, 143
, 148
, 232
, 59
, 44
, 247
, 246
, 45
, 250
, 41
, 273
, 18
, 148
, 143
, 201
, 90
, 272
, 19
, 205
, 86
, 212
, 79
, 56
, 235
, 224
, 67
, 101
, 190
, 41
, 250
, 110
, 181
, 101
, 190
, 64
, 227
, 166
, 125
, 50
, 241
, 167
, 124
, 69
, 222
, 260
, 31
, 212
, 79
, 181
, 110
, 138
, 153
, 115
, 176
, 18
, 273
, 195
, 96
, 172
, 119
, 17
, 274
, 94
, 197
, 179
, 112
, 245
, 46
, 57
, 234
, 177
, 114
, 119
, 172
, 182
, 109
, 122
, 169
, 2
, 289
, 280
, 11
, 263
, 28
, 245
, 46
, 272
, 19
, 227
, 64
, 78
, 213
, 228
, 63
, 121
, 170
, 98
, 193
, 242
, 49
, 177
, 114
, 117
, 174
, 180
, 111
, 97
, 194
, 221
, 70
, 211
, 80
, 53
, 238
, 82
, 209
, 185
, 106
, 174
, 117
, 253
, 38
, 219
, 72
, 120
, 171
, 139
, 152
, 140
, 151
, 111
, 180
, 155
, 136
, 163
, 128
, 232
, 59
, 46
, 245
, 194
, 97
, 164
, 127
, 119
, 172
, 196
, 95
, 89
, 202
, 261
, 30
, 260
, 31
, 78
, 213
, 31
, 260
, 126
, 165
, 188
, 103
, 272
, 19
, 227
, 64
, 72
, 219
, 250
, 41
, 177
, 114
, 45
, 246
, 153
, 138
, 83
, 208
, 140
, 151
, 134
, 157
, 126
, 165
, 162
, 129
, 204
, 87
, 240
, 51
, 98
, 193
, 149
, 142
, 25
, 266
, 210
, 81
, 49
, 242
, 277
, 14
, 116
, 175
, 24
, 267
, 212
, 79
, 189
, 102
, 114
, 177
, 94
, 197
, 83
, 208
, 269
, 22
, 82
, 209
, 144
, 147
, 40
, 251
, 200
, 91
, 76
, 215
, 253
, 38
, 12
, 279
, 66
, 225
, 243
, 48
, 42
, 249
, 137
, 154
, 149
, 142
, 141
, 150
, 244
, 47
, 146
, 145
, 272
, 19
, 93
, 198
, 22
, 269
, 89
, 202
, 220
, 71
, 220
, 71
, 157
, 134
, 189
, 102
, 220
, 71
, 148
, 143
, 107
, 184
, 244
, 47
, 200
, 91
, 124
, 167
, 210
, 81
, 234
, 57
, 126
, 165
, 58
, 233
, 282
, 9
, 31
, 260
, 235
, 56
, 42
, 249
, 287
, 4
, 241
, 50
, 198
, 93
, 10
, 281
, 85
, 206
, 235
, 56
, 14
, 277
, 244
, 47
, 131
, 160
, 233
, 58
, 55
, 236
, 21
, 270
, 189
, 102
, 212
, 79
, 130
, 161
, 273
, 18
, 36
, 255
, 165
, 126
, 22
, 269
, 171
, 120
, 104
, 187
, 20
, 271
, 128
, 163
, 156
, 135
, 89
, 202
, 61
, 230
, 136
, 155
, 281
, 10
, 289
, 2
, 120
, 171
, 74
, 217
, 220
, 71
, 33
, 258
, 60
, 231
, 26
, 265
, 133
, 158
, 15
, 276
, 115
, 176
, 31
, 260
, 30
, 261
, 30
, 261
, 148
, 143
, 8
, 283
, 95
, 196
, 177
, 114
, 243
, 48
, 66
, 225
, 140
, 151
, 229
, 62
, 186
, 105
, 253
, 38
, 251
, 40
, 237
, 54
, 132
, 159
, 23
, 268
, 182
, 109
, 280
, 11
, 173
, 118
, 18
, 273
, 227
, 64
, 14
, 277
, 153
, 138
, 269
, 22
, 201
, 90
, 146
, 145
, 63
, 228
, 129
, 162
, 192
, 99
, 10
, 281
, 155
, 136
, 138
, 153
, 243
, 48
, 132
, 159
, 172
, 119
, 196
, 95
, 256
, 35
, 78
, 213
, 238
, 53
, 161
, 130
, 167
, 124
, 227
, 64
, 166
, 125
, 142
, 149
, 181
, 110
, 131
, 160
, 185
, 106
, 288
, 3
, 150
, 141
, 227
, 64
, 243
, 48
, 116
, 175
, 23
, 268
, 11
, 280
, 95
, 196
, 85
, 206
, 256
, 35
, 281
, 10
, 65
, 226
, 86
, 205
, 22
, 269
, 146
, 145
, 168
, 123
, 106
, 185
, 117
, 174
, 205
, 86
, 177
, 114
, 178
, 113
, 119
, 172
, 139
, 152
, 8
, 283
, 269
, 22
, 166
, 125
, 108
, 183
, 67
, 224
, 90
, 201
, 108
, 183
, 244
, 47
, 268
, 23
, 147
, 144
, 165
, 126
, 59
, 232
, 113
, 178
, 84
, 207
, 202
, 89
, 55
, 236
, 280
, 11
, 42
, 249
, 17
, 274
, 85
, 206
, 165
, 126
, 262
, 29
, 113
, 178
, 41
, 250
, 67
, 224
, 196
, 95
, 146
, 145
, 5
, 286
, 5
, 286
, 281
, 10
, 118
, 173
, 191
, 100
, 218
, 73
, 203
, 88
, 210
, 81
, 232
, 59
, 269
, 22
, 170
, 121
, 16
, 275
, 47
, 244
, 128
, 163
, 184
, 107
, 204
, 87
, 140
, 151
, 125
, 166
, 182
, 109
, 61
, 230
, 21
, 270
, 40
, 251
, 237
, 54
, 134
, 157
, 171
, 120
, 201
, 90
, 256
, 35
, 171
, 120
, 224
, 67
, 4
, 287
, 150
, 141
, 232
, 59
, 142
, 149
, 266
, 25
, 108
, 183
, 125
, 166
, 123
, 168
, 33
, 258
, 257
, 34
, 260
, 31
, 98
, 193
, 254
, 37
, 94
, 197
, 168
, 123
, 81
, 210
, 219
, 72
, 150
, 141
, 36
, 255
, 115
, 176
, 272
, 19
, 81
, 210
, 143
, 148
, 136
, 155
, 19
, 272
, 74
, 217
, 124
, 167
, 240
, 51
, 214
, 77
, 212
, 79
, 228
, 63
, 24
, 267
, 40
, 251
, 137
, 154
, 255
, 36
, 161
, 130
, 40
, 251
, 168
, 123
, 32
, 259
, 231
, 60
, 64
, 227
, 164
, 127
, 20
, 271
, 124
, 167
, 225
, 66
, 193
, 98
, 24
, 267
, 111
, 180
, 174
, 117
, 181
, 110
, 27
, 264
, 32
, 259
, 117
, 174
, 143
, 148
, 107
, 184
, 205
, 86
, 21
, 270
, 234
, 57
, 119
, 172
, 216
, 75
, 256
, 35
, 46
, 245
, 215
, 76
, 160
, 131
, 205
, 86
, 51
, 240
, 208
, 83
, 288
, 3
, 146
, 145
, 112
, 179
, 9
, 282
, 148
, 143
, 256
, 35
, 61
, 230
, 241
, 50
, 66
, 225
, 8
, 283
, 165
, 126
, 110
, 181
, 236
, 55
, 35
, 256
, 260
, 31
, 23
, 268
, 208
, 83
, 153
, 138
, 68
, 223
, 24
, 267
, 40
, 251
, 279
, 12
, 255
, 36
, 197
, 94
, 67
, 224
, 269
, 22
, 49
, 242
, 3
, 288
, 151
, 140
, 82
, 209
, 179
, 112
, 258
, 33
, 204
, 87
, 183
, 108
, 176
, 115
, 17
, 274
, 286
, 5
, 33
, 258
, 147
, 144
, 1
, 290
, 111
, 180
, 81
, 210
, 15
, 276
, 11
, 280
, 162
, 129
, 50
, 241
, 270
, 21
, 220
, 71
, 31
, 260
, 285
, 6
, 146
, 145
, 112
, 179
, 115
, 176
, 24
, 267
, 133
, 158
, 144
, 147
, 272
, 19
, 278
, 13
, 112
, 179
, 230
, 61
, 191
, 100
, 201
, 90
, 95
, 196
, 285
, 6
, 105
, 186
, 80
, 211
, 258
, 33
, 287
, 4
, 201
, 90
, 99
, 192
, 214
, 77
, 237
, 54
, 143
, 148
, 164
, 127
, 158
, 133
, 142
, 149
, 250
, 41
, 57
, 234
, 147
, 144
, 145
, 146
, 114
, 177
, 158
, 133
, 52
, 239
, 74
, 217
, 42
, 249
, 13
, 278
, 47
, 244
, 187
, 104
, 60
, 231
, 171
, 120
, 61
, 230
, 211
, 80
, 8
, 283
, 135
, 156
, 222
, 69
, 91
, 200
, 144
, 147
, 80
, 211
, 12
, 279
, 19
, 272
, 197
, 94
, 45
, 246
, 153
, 138
, 153
, 138
, 20
, 271
, 208
, 83
, 19
, 272
, 245
, 46
, 63
, 228
, 21
, 270
, 277
, 14
, 70
, 221
, 236
, 55
, 65
, 226
, 121
, 170
, 112
, 179
, 42
, 249
, 115
, 176
, 131
, 160
, 20
, 271
, 126
, 165
, 144
, 147
, 91
, 200
, 273
, 18
, 133
, 158
, 169
, 122
, 118
, 173
, 201
, 90
, 62
, 229
, 103
, 188
, 32
, 259
, 287
, 4
, 221
, 70
, 87
, 204
, 76
, 215
, 151
, 140
, 64
, 227
, 83
, 208
, 191
, 100
, 248
, 43
, 48
, 243
, 180
, 111
, 110
, 181
, 240
, 51
, 249
, 42
, 271
, 20
, 85
, 206
, 126
, 165
, 71
, 220
, 151
, 140
, 188
, 103
, 43
, 248
, 135
, 156
, 105
, 186
, 87
, 204
, 88
, 203
, 153
, 138
, 257
, 34
, 62
, 229
, 227
, 64
, 238
, 53
, 223
, 68
, 135
, 156
, 86
, 205
, 106
, 185
, 52
, 239
, 169
, 122
, 18
, 273
, 65
, 226
, 130
, 161
, 204
, 87
, 205
, 86
, 59
, 232
, 105
, 186
, 201
, 90
, 263
, 28
, 128
, 163
, 224
, 67
, 209
, 82
, 78
, 213
, 242
, 49
, 261
, 30
, 173
, 118
, 88
, 203
, 235
, 56
, 234
, 57
, 90
, 201
, 225
, 66
, 111
, 180
, 104
, 187
, 5
, 286
, 279
, 12
, 257
, 34
, 158
, 133
, 113
, 178
, 38
, 253
, 262
, 29
, 37
, 254
, 200
, 91
, 84
, 207
, 247
, 44
, 76
, 215
, 211
, 80
, 137
, 154
, 43
, 248
, 5
, 286
, 130
, 161
, 176
, 115
, 269
, 22
, 69
, 222
, 99
, 192
, 183
, 108
, 89
, 202
, 100
, 191
, 3
, 288
, 45
, 246
, 251
, 40
, 60
, 231
, 65
, 226
, 178
, 113
, 250
, 41
, 14
, 277
, 234
, 57
, 153
, 138
, 60
, 231
, 125
, 166
, 166
, 125
, 247
, 44
, 64
, 227
, 98
, 193
, 282
, 9
, 246
, 45
, 143
, 148
, 239
, 52
, 79
, 212
, 218
, 73
, 80
, 211
, 182
, 109
, 5
, 286
, 254
, 37
, 211
, 80
, 161
, 130
, 96
, 195
, 225
, 66
, 55
, 236
, 19
, 272
, 126
, 165
, 15
, 276
, 57
, 234
, 200
, 91
, 34
, 257
, 209
, 82
, 151
, 140
, 267
, 24
, 104
, 187
, 262
, 29
, 50
, 241
, 164
, 127
, 159
, 132
, 54
, 237
, 39
, 252
, 68
, 223
, 178
, 113
, 101
, 190
, 56
, 235
, 165
, 126
, 248
, 43
, 268
, 23
, 74
, 217
, 219
, 72
, 77
, 214
, 252
, 39
, 32
, 259
, 34
, 257
, 120
, 171
, 94
, 197
, 72
, 219
, 128
, 163
, 21
, 270
, 286
, 5
, 87
, 204
, 45
, 246
, 148
, 143
, 81
, 210
, 61
, 230
, 31
, 260
, 76
, 215
, 102
, 189
, 2
, 289
, 129
, 162
, 288
, 3
, 139
, 152
, 166
, 125
, 53
, 238
, 247
, 44
, 112
, 179
, 239
, 52
, 61
, 230
, 181
, 110
, 25
, 266
, 118
, 173
, 260
, 31
, 260
, 31
, 143
, 148
, 129
, 162
, 184
, 107
, 77
, 214
, 70
, 221
, 176
, 115
, 86
, 205
, 24
, 267
, 189
, 102
, 80
, 211
, 149
, 142
, 99
, 192
, 3
, 288
, 232
, 59
, 159
, 132
, 24
, 267
, 129
, 162
, 228
, 63
, 151
, 140
, 144
, 147
, 172
, 119
, 249
, 42
, 239
, 52
, 118
, 173
, 105
, 186
, 19
, 272
, 15
, 276
, 17
, 274
, 190
, 101
, 237
, 54
, 172
, 119
, 245
, 46
, 77
, 214
, 80
, 211
, 227
, 64
, 234
, 57
, 104
, 187
, 165
, 126
, 264
, 27
, 89
, 202
, 1
, 290
, 102
, 189
, 83
, 208
, 266
, 25
, 261
, 30
, 7
, 284
, 35
, 256
, 127
, 164
, 23
, 268
, 173
, 118
, 51
, 240
, 208
, 83
, 94
, 197
, 205
, 86
, 247
, 44
, 170
, 121
, 289
, 2
, 233
, 58
, 109
, 182
, 141
, 150
, 279
, 12
, 93
, 198
, 156
, 135
, 186
, 105
, 136
, 155
, 227
, 64
, 96
, 195
, 70
, 221
, 275
, 16
, 101
, 190
, 142
, 149
, 33
, 258
, 12
, 279
, 120
, 171
, 266
, 25
, 279
, 12
, 147
, 144
, 192
, 99
, 194
, 97
, 215
, 76
, 18
, 273
, 59
, 232
, 166
, 125
, 41
, 250
, 61
, 230
, 67
, 224
, 111
, 180
, 213
, 78
, 179
, 112
, 167
, 124
, 104
, 187
, 204
, 87
, 277
, 14
, 204
, 87
, 241
, 50
, 178
, 113
, 214
, 77
, 156
, 135
, 145
, 146
, 146
, 145
, 245
, 46
, 289
, 2
, 65
, 226
, 163
, 128
, 80
, 211
, 122
, 169
, 42
, 249
, 115
, 176
, 130
, 161
, 87
, 204
, 100
, 191
, 287
, 4
, 177
, 114
, 19
, 272
, 51
, 240
, 69
, 222
, 74
, 217
, 166
, 125
, 173
, 118
, 266
, 25
, 94
, 197
, 276
, 15
, 146
, 145
, 114
, 177
, 182
, 109
, 210
, 81
, 39
, 252
, 197
, 94
, 281
, 10
, 227
, 64
, 182
, 109
, 242
, 49
, 265
, 26
, 114
, 177
, 12
, 279
, 72
, 219
, 20
, 271
, 151
, 140
, 99
, 192
, 131
, 160
, 255
, 36
, 181
, 110
, 19
, 272
, 274
, 17
, 17
, 274
, 65
, 226
, 162
, 129
, 52
, 239
, 193
, 98
, 271
, 20
, 28
, 263
, 126
, 165
, 124
, 167
, 227
, 64
, 288
, 3
, 246
, 45
, 89
, 202
, 137
, 154
, 126
, 165
, 207
, 84
, 203
, 88
, 5
, 286
, 1
, 290
, 289
, 2
, 190
, 101
, 41
, 250
, 284
, 7
, 155
, 136
, 118
, 173
, 64
, 227
, 166
, 125
, 137
, 154
, 22
, 269
, 228
, 63
, 109
, 182
, 232
, 59
, 52
, 239
, 101
, 190
, 4
, 287
, 144
, 147
, 14
, 277
, 238
, 53
, 274
, 17
, 89
, 202
, 248
, 43
, 191
, 100
, 203
, 88
, 79
, 212
, 182
, 109
, 112
, 179
, 81
, 210
, 173
, 118
, 146
, 145
, 129
, 162
, 90
, 201
, 112
, 179
, 158
, 133
, 79
, 212
, 51
, 240
, 211
, 80
, 247
, 44
, 184
, 107
, 61
, 230
, 67
, 224
, 284
, 7
, 61
, 230
, 134
, 157
, 89
, 202
, 124
, 167
, 211
, 80
, 105
, 186
, 15
, 276
, 234
, 57
, 48
, 243
, 50
, 241
, 47
, 244
, 44
, 247
, 268
, 23
, 265
, 26
, 40
, 251
, 207
, 84
, 55
, 236
, 274
, 17
, 202
, 89
, 99
, 192
, 136
, 155
, 195
, 96
, 56
, 235
, 76
, 215
, 184
, 107
, 38
, 253
, 269
, 22
, 257
, 34
, 131
, 160
, 143
, 148
, 257
, 34
, 209
, 82
, 62
, 229
, 65
, 226
, 109
, 182
, 182
, 109
, 31
, 260
, 288
, 3
, 116
, 175
, 80
, 211
, 76
, 215
, 276
, 15
, 104
, 187
, 152
, 139
, 213
, 78
, 69
, 222
, 120
, 171
, 240
, 51
, 30
, 261
, 265
, 26
, 99
, 192
, 69
, 222
, 279
, 12
, 26
, 265
, 212
, 79
, 198
, 93
, 144
, 147
, 46
, 245
, 121
, 170
, 93
, 198
, 143
, 148
, 45
, 246
, 225
, 66
, 55
, 236
, 42
, 249
, 272
, 19
, 271
, 20
, 131
, 160
, 86
, 205
, 177
, 114
, 39
, 252
, 24
, 267
, 245
, 46
, 113
, 178
, 271
, 20
, 51
, 240
, 241
, 50
, 206
, 85
, 224
, 67
, 213
, 78
, 148
, 143
, 45
, 246
, 131
, 160
, 20
, 271
, 124
, 167
, 256
, 35
, 51
, 240
, 76
, 215
, 198
, 93
, 139
, 152
, 240
, 51
, 61
, 230
, 199
, 92
, 15
, 276
, 263
, 28
, 243
, 48
, 157
, 134
, 266
, 25
, 140
, 151
, 152
, 139
, 280
, 11
, 82
, 209
, 178
, 113
, 42
, 249
, 281
, 10
, 241
, 50
, 248
, 43
, 98
, 193
, 9
, 282
, 198
, 93
, 154
, 137
, 254
, 37
, 277
, 14
, 216
, 75
, 189
, 102
, 280
, 11
, 94
, 197
, 265
, 26
, 157
, 134
, 18
, 273
, 47
, 244
, 191
, 100
, 216
, 75
, 198
, 93
, 50
, 241
, 179
, 112
, 104
, 187
, 32
, 259
, 77
, 214
, 64
, 227
, 277
, 14
, 39
, 252
, 287
, 4
, 51
, 240
, 126
, 165
, 112
, 179
, 71
, 220
, 184
, 107
, 274
, 17
, 155
, 136
, 261
, 30
, 246
, 45
, 190
, 101
, 108
, 183
, 63
, 228
, 237
, 54
, 18
, 273
, 68
, 223
, 138
, 153
, 248
, 43
, 270
, 21
, 179
, 112
, 53
, 238
, 56
, 235
, 145
, 146
, 165
, 126
, 55
, 236
, 95
, 196
, 200
, 91
, 93
, 198
, 72
, 219
, 194
, 97
, 124
, 167
, 276
, 15
, 148
, 143
, 78
, 213
, 245
, 46
, 112
, 179
, 242
, 49
, 19
, 272
, 202
, 89
, 156
, 135
, 112
, 179
, 94
, 197
, 27
, 264
, 82
, 209
, 44
, 247
, 277
, 14
, 244
, 47
, 213
, 78
, 87
, 204
, 102
, 189
, 92
, 199
, 94
, 197
, 22
, 269
, 246
, 45
, 72
, 219
, 160
, 131
, 266
, 25
, 30
, 261
, 42
, 249
, 5
, 286
, 222
, 69
, 134
, 157
, 120
, 171
, 252
, 39
, 264
, 27
, 6
, 285
, 213
, 78
, 19
, 272
, 198
, 93
, 121
, 170
, 22
, 269
, 142
, 149
, 183
, 108
, 11
, 280
, 278
, 13
, 288
, 3
, 71
, 220
, 2
, 289
, 173
, 118
, 245
, 46
, 35
, 256
, 155
, 136
, 48
, 243
, 262
, 29
, 131
, 160
, 228
, 63
, 191
, 100
, 271
, 20
, 152
, 139
, 280
, 11
, 121
, 170
, 79
, 212
, 244
, 47
, 93
, 198
, 22
, 269
, 130
, 161
, 239
, 52
, 209
, 82
, 245
, 46
, 53
, 238
, 128
, 163
, 214
, 77
, 19
, 272
, 240
, 51
, 220
, 71
, 112
, 179
, 238
, 53
, 15
, 276
, 277
, 14
, 114
, 177
, 260
, 31
, 175
, 116
, 58
, 233
, 13
, 278
, 200
, 91
, 134
, 157
, 158
, 133
, 118
, 173
, 3
, 288
, 241
, 50
, 216
, 75
, 278
, 13
, 199
, 92
, 76
, 215
, 253
, 38
, 229
, 62
, 277
, 14
, 237
, 54
, 162
, 129
, 101
, 190
, 215
, 76
, 70
, 221
, 249
, 42
, 104
, 187
, 88
, 203
, 164
, 127
, 68
, 223
, 66
, 225
, 92
, 199
, 220
, 71
, 95
, 196
, 257
, 34
, 145
, 146
, 9
, 282
, 118
, 173
, 263
, 28
, 142
, 149
, 25
, 266
, 206
, 85
, 258
, 33
, 92
, 199
, 6
, 285
, 80
, 211
, 14
, 277
, 174
, 117
, 115
, 176
, 190
, 101
, 75
, 216
, 216
, 75
, 44
, 247
, 209
, 82
, 102
, 189
, 236
, 55
, 218
, 73
, 163
, 128
, 162
, 129
, 62
, 229
, 212
, 79
, 188
, 103
, 267
, 24
, 118
, 173
, 132
, 159
, 101
, 190
, 43
, 248
, 67
, 224
, 73
, 218
, 270
, 21
, 214
, 77
, 90
, 201
, 63
, 228
, 113
, 178
, 118
, 173
, 55
, 236
, 153
, 138
, 254
, 37
, 198
, 93
, 66
, 225
, 121
, 170
, 117
, 174
, 129
, 162
, 150
, 141
, 266
, 25
, 177
, 114
, 53
, 238
, 76
, 215
, 243
, 48
, 112
, 179
, 105
, 186
, 140
, 151
, 63
, 228
, 43
, 248
, 179
, 112
, 227
, 64
, 219
, 72
, 191
, 100
, 139
, 152
, 225
, 66
, 54
, 237
, 73
, 218
, 126
, 165
, 149
, 142
, 131
, 160
, 141
, 150
, 186
, 105
, 229
, 62
, 234
, 57
, 259
, 32
, 155
, 136
, 72
, 219
, 172
, 119
, 26
, 265
, 129
, 162
, 27
, 264
, 98
, 193
, 86
, 205
, 149
, 142
, 136
, 155
, 272
, 19
, 10
, 281
, 146
, 145
, 209
, 82
, 261
, 30
, 162
, 129
, 71
, 220
, 83
, 208
, 62
, 229
, 175
, 116
, 233
, 58
, 28
, 263
, 38
, 253
, 145
, 146
, 128
, 163
, 114
, 177
, 101
, 190
, 6
, 285
, 287
, 4
, 227
, 64
, 143
, 148
, 283
, 8
, 267
, 24
, 64
, 227
, 232
, 59
, 215
, 76
, 159
, 132
, 213
, 78
, 9
, 282
, 103
, 188
, 130
, 161
, 166
, 125
, 146
, 145
, 173
, 118
, 274
, 17
, 220
, 71
, 70
, 221
, 86
, 205
, 113
, 178
, 288
, 3
, 27
, 264
, 238
, 53
, 127
, 164
, 247
, 44
, 243
, 48
, 211
, 80
, 247
, 44
, 177
, 114
, 65
, 226
, 167
, 124
, 13
, 278
, 128
, 163
, 225
, 66
, 274
, 17
, 260
, 31
, 26
, 265
, 265
, 26
, 55
, 236
, 48
, 243
, 104
, 187
, 187
, 104
, 289
, 2
, 33
, 258
, 67
, 224
, 85
, 206
, 205
, 86
, 8
, 283
, 110
, 181
, 31
, 260
, 150
, 141
, 176
, 115
, 68
, 223
, 25
, 266
, 278
, 13
, 249
, 42
, 200
, 91
, 227
, 64
, 235
, 56
, 146
, 145
, 42
, 249
, 189
, 102
, 26
, 265
, 209
, 82
, 101
, 190
, 41
, 250
, 140
, 151
, 107
, 184
, 21
, 270
, 166
, 125
, 108
, 183
, 65
, 226
, 227
, 64
, 205
, 86
, 34
, 257
, 120
, 171
, 175
, 116
, 131
, 160
, 45
, 246
, 147
, 144
, 240
, 51
, 244
, 47
, 46
, 245
, 183
, 108
, 146
, 145
, 266
, 25
, 204
, 87
, 179
, 112
, 121
, 170
, 18
, 273
, 266
, 25
, 207
, 84
, 25
, 266
, 163
, 128
, 186
, 105
, 254
, 37
, 255
, 36
, 271
, 20
, 109
, 182
, 230
, 61
, 197
, 94
, 166
, 125
, 141
, 150
, 123
, 168
, 213
, 78
, 35
, 256
, 22
, 269
, 243
, 48
, 215
, 76
, 144
, 147
, 75
, 216
, 219
, 72
, 134
, 157
, 177
, 114
, 144
, 147
, 35
, 256
, 173
, 118
, 181
, 110
, 222
, 69
, 234
, 57
, 140
, 151
, 151
, 140
, 28
, 263
, 174
, 117
, 127
, 164
, 195
, 96
, 4
, 287
, 118
, 173
, 30
, 261
, 66
, 225
, 167
, 124
, 85
, 206
, 5
, 286
, 21
, 270
, 80
, 211
, 13
, 278
, 97
, 194
, 280
, 11
, 275
, 16
, 248
, 43
, 274
, 17
, 112
, 179
, 101
, 190
, 44
, 247
, 180
, 111
, 219
, 72
, 160
, 131
, 151
, 140
, 102
, 189
, 89
, 202
, 47
, 244
, 270
, 21
, 34
, 257
, 76
, 215
, 141
, 150
, 98
, 193
, 44
, 247
, 64
, 227
, 275
, 16
, 65
, 226
, 272
, 19
, 288
, 3
, 137
, 154
, 260
, 31
, 36
, 255
, 144
, 147
, 273
, 18
, 72
, 219
, 84
, 207
, 134
, 157
, 125
, 166
, 89
, 202
, 262
, 29
, 133
, 158
, 181
, 110
, 96
, 195
, 286
, 5
, 102
, 189
, 50
, 241
, 282
, 9
, 88
, 203
, 112
, 179
, 126
, 165
, 92
, 199
, 126
, 165
, 20
, 271
, 246
, 45
, 7
, 284
, 170
, 121
, 120
, 171
, 118
, 173
, 266
, 25
, 60
, 231
, 116
, 175
, 158
, 133
, 287
, 4
, 269
, 22
, 34
, 257
, 70
, 221
, 101
, 190
, 270
, 21
, 41
, 250
, 148
, 143
, 202
, 89
, 191
, 100
, 92
, 199
, 12
, 279
, 164
, 127
, 227
, 64
, 210
, 81
, 155
, 136
, 229
, 62
, 22
, 269
, 11
, 280
, 8
, 283
, 94
, 197
, 238
, 53
, 113
, 178
, 234
, 57
, 17
, 274
, 195
, 96
, 20
, 271
, 60
, 231
, 232
, 59
, 105
, 186
, 25
, 266
, 210
, 81
, 48
, 243
, 147
, 144
, 283
, 8
, 256
, 35
, 266
, 25
, 51
, 240
, 177
, 114
, 12
, 279
, 266
, 25
, 182
, 109
, 124
, 167
, 27
, 264
, 187
, 104
, 25
, 266
, 146
, 145
, 145
, 146
, 159
, 132
, 172
, 119
, 184
, 107
, 21
, 270
, 130
, 161
, 21
, 270
, 129
, 162
, 140
, 151
, 127
, 164
, 262
, 29
, 262
, 29
, 244
, 47
, 149
, 142
, 265
, 26
, 188
, 103
, 175
, 116
, 169
, 122
, 170
, 121
, 272
, 19
, 150
, 141
, 32
, 259
, 74
, 217
, 30
, 261
, 6
, 285
, 184
, 107
, 256
, 35
, 131
, 160
, 261
, 30
, 242
, 49
, 11
, 280
, 244
, 47
, 152
, 139
, 238
, 53
, 192
, 99
, 95
, 196
, 182
, 109
, 56
, 235
, 92
, 199
, 277
, 14
, 124
, 167
, 199
, 92
, 45
, 246
, 127
, 164
, 277
, 14
, 89
, 202
, 209
, 82
, 90
, 201
, 261
, 30
, 251
, 40
, 39
, 252
, 208
, 83
, 169
, 122
, 67
, 224
, 68
, 223
, 227
, 64
, 206
, 85
, 270
, 21
, 258
, 33
, 188
, 103
, 34
, 257
, 43
, 248
, 270
, 21
, 34
, 257
, 100
, 191
, 251
, 40
, 9
, 282
, 40
, 251
, 97
, 194
, 83
, 208
, 91
, 200
, 133
, 158
, 226
, 65
, 203
, 88
, 267
, 24
, 197
, 94
, 58
, 233
, 69
, 222
, 162
, 129
, 124
, 167
, 135
, 156
, 77
, 214
, 80
, 211
, 142
, 149
, 157
, 134
, 167
, 124
, 41
, 250
, 147
, 144
, 66
, 225
, 146
, 145
, 80
, 211
, 83
, 208
, 256
, 35
, 76
, 215
, 235
, 56
, 102
, 189
, 242
, 49
, 266
, 25
, 92
, 199
, 147
, 144
, 186
, 105
, 140
, 151
, 160
, 131
, 12
, 279
, 89
, 202
, 23
, 268
, 286
, 5
, 95
, 196
, 146
, 145
, 78
, 213
, 157
, 134
, 23
, 268
, 153
, 138
, 122
, 169
, 287
, 4
, 91
, 200
, 141
, 150
, 223
, 68
, 246
, 45
, 177
, 114
, 206
, 85
, 285
, 6
, 261
, 30
, 36
, 255
, 233
, 58
, 107
, 184
, 25
, 266
, 156
, 135
, 262
, 29
, 57
, 234
, 225
, 66
, 227
, 64
, 231
, 60
, 90
, 201
, 14
, 277
, 101
, 190
, 257
, 34
, 110
, 181
, 183
, 108
, 274
, 17
, 246
, 45
, 230
, 61
, 250
, 41
, 63
, 228
, 238
, 53
, 36
, 255
, 13
, 278
, 72
, 219
, 198
, 93
, 90
, 201
, 141
, 150
, 224
, 67
, 16
, 275
, 124
, 167
, 215
, 76
, 93
, 198
, 14
, 277
, 126
, 165
, 280
, 11
, 254
, 37
, 155
, 136
, 147
, 144
, 164
, 127
, 280
, 11
, 199
, 92
, 121
, 170
, 263
, 28
, 138
, 153
, 282
, 9
, 105
, 186
, 166
, 125
, 167
, 124
, 15
, 276
, 90
, 201
, 135
, 156
, 271
, 20
, 8
, 283
, 55
, 236
, 285
, 6
, 275
, 16
, 246
, 45
, 193
, 98
, 249
, 42
, 119
, 172
, 240
, 51
, 126
, 165
, 76
, 215
, 272
, 19
, 152
, 139
, 83
, 208
, 289
, 2
, 209
, 82
, 86
, 205
, 93
, 198
, 214
, 77
, 42
, 249
, 63
, 228
, 226
, 65
, 135
, 156
, 262
, 29
, 172
, 119
, 274
, 17
, 107
, 184
, 160
, 131
, 14
, 277
, 9
, 282
, 43
, 248
, 45
, 246
, 83
, 208
, 49
, 242
, 15
, 276
, 40
, 251
, 79
, 212
, 26
, 265
, 161
, 130
, 24
, 267
, 152
, 139
, 240
, 51
, 176
, 115
, 258
, 33
, 80
, 211
, 41
, 250
, 43
, 248
, 271
, 20
, 203
, 88
, 53
, 238
, 274
, 17
, 250
, 41
, 109
, 182
, 51
, 240
, 236
, 55
, 201
, 90
, 181
, 110
, 212
, 79
, 252
, 39
, 249
, 42
, 187
, 104
, 157
, 134
, 26
, 265
, 248
, 43
, 46
, 245
, 268
, 23
, 109
, 182
, 243
, 48
, 111
, 180
, 17
, 274
, 133
, 158
, 63
, 228
, 273
, 18
, 140
, 151
, 163
, 128
, 207
, 84
, 56
, 235
, 239
, 52
, 174
, 117
, 131
, 160
, 24
, 267
, 256
, 35
, 33
, 258
, 6
, 285
, 7
, 284
, 57
, 234
, 150
, 141
, 210
, 81
, 133
, 158
, 152
, 139
, 86
, 205
, 87
, 204
, 62
, 229
, 61
, 230
, 161
, 130
, 179
, 112
, 224
, 67
, 207
, 84
, 85
, 206
, 17
, 274
, 246
, 45
, 63
, 228
, 249
, 42
, 31
, 260
, 246
, 45
, 82
, 209
, 159
, 132
, 188
, 103
, 223
, 68
, 130
, 161
, 78
, 213
, 72
, 219
, 268
, 23
, 25
, 266
, 194
, 97
, 64
, 227
, 249
, 42
, 232
, 59
, 100
, 191
, 51
, 240
, 219
, 72
, 143
, 148
, 195
, 96
, 219
, 72
, 272
, 19
, 272
, 19
, 53
, 238
, 77
, 214
, 106
, 185
, 211
, 80
, 114
, 177
, 238
, 53
, 61
, 230
, 210
, 81
, 231
, 60
, 39
, 252
, 49
, 242
, 32
, 259
, 163
, 128
, 235
, 56
, 7
, 284
, 42
, 249
, 165
, 126
, 118
, 173
, 183
, 108
, 16
, 275
, 111
, 180
, 142
, 149
, 73
, 218
, 126
, 165
, 8
, 283
, 168
, 123
, 27
, 264
, 200
, 91
, 92
, 199
, 171
, 120
, 274
, 17
, 75
, 216
, 236
, 55
, 131
, 160
, 82
, 209
, 69
, 222
, 286
, 5
, 20
, 271
, 134
, 157
, 91
, 200
, 89
, 202
, 114
, 177
, 259
, 32
, 197
, 94
, 100
, 191
, 154
, 137
, 235
, 56
, 149
, 142
, 126
, 165
, 117
, 174
, 50
, 241
, 206
, 85
, 75
, 216
, 208
, 83
, 35
, 256
, 80
, 211
, 66
, 225
, 199
, 92
, 75
, 216
, 132
, 159
, 102
, 189
, 196
, 95
, 12
, 279
, 135
, 156
, 176
, 115
, 197
, 94
, 186
, 105
, 159
, 132
, 44
, 247
, 147
, 144
, 142
, 149
, 72
, 219
, 168
, 123
, 203
, 88
, 71
, 220
, 117
, 174
, 163
, 128
, 22
, 269
, 194
, 97
, 85
, 206
, 150
, 141
, 61
, 230
, 141
, 150
, 165
, 126
, 188
, 103
, 72
, 219
, 286
, 5
, 229
, 62
, 225
, 66
, 230
, 61
, 285
, 6
, 154
, 137
, 169
, 122
, 264
, 27
, 222
, 69
, 151
, 140
, 240
, 51
, 147
, 144
, 254
, 37
, 99
, 192
, 47
, 244
, 122
, 169
, 248
, 43
, 66
, 225
, 153
, 138
, 198
, 93
, 254
, 37
, 197
, 94
, 206
, 85
, 74
, 217
, 246
, 45
, 188
, 103
, 119
, 172
, 72
, 219
, 121
, 170
, 47
, 244
, 19
, 272
, 8
, 283
, 170
, 121
, 33
, 258
, 1
, 290
, 176
, 115
, 3
, 288
, 7
, 284
, 91
, 200
, 31
, 260
, 63
, 228
, 166
, 125
, 30
, 261
, 69
, 222
, 104
, 187
, 84
, 207
, 116
, 175
, 101
, 190
, 236
, 55
, 162
, 129
, 38
, 253
, 51
, 240
, 170
, 121
, 185
, 106
, 167
, 124
, 128
, 163
, 54
, 237
, 164
, 127
, 229
, 62
, 16
, 275
, 232
, 59
, 81
, 210
, 79
, 212
, 196
, 95
, 62
, 229
, 90
, 201
, 161
, 130
