
2690
, 169
, 12
, 2
, 179
, 167
, 14
, 38
, 143
, 13
, 168
, 45
, 136
, 38
, 143
, 43
, 138
, 148
, 33
, 151
, 30
, 144
, 37
, 143
, 38
, 136
, 45
, 84
, 97
, 134
, 47
, 96
, 85
, 167
, 14
, 50
, 131
, 10
, 171
, 51
, 130
, 106
, 75
, 117
, 64
, 80
, 101
, 177
, 4
, 42
, 139
, 26
, 155
, 21
, 160
, 84
, 97
, 155
, 26
, 121
, 60
, 11
, 170
, 157
, 24
, 37
, 144
, 90
, 91
, 165
, 16
, 45
, 136
, 144
, 37
, 107
, 74
, 63
, 118
, 150
, 31
, 9
, 172
, 163
, 18
, 37
, 144
, 74
, 107
, 67
, 114
, 50
, 131
, 135
, 46
, 174
, 7
, 136
, 45
, 13
, 168
, 32
, 149
, 75
, 106
, 91
, 90
, 75
, 106
, 62
, 119
, 68
, 113
, 70
, 111
, 64
, 117
, 29
, 152
, 56
, 125
, 54
, 127
, 142
, 39
, 31
, 150
, 122
, 59
, 13
, 168
, 136
, 45
, 171
, 10
, 49
, 132
, 75
, 106
, 152
, 29
, 98
, 83
, 16
, 165
, 165
, 16
, 135
, 46
, 49
, 132
, 100
, 81
, 174
, 7
, 99
, 82
, 122
, 59
, 143
, 38
, 39
, 142
, 83
, 98
, 13
, 168
, 17
, 164
, 44
, 137
, 52
, 129
, 50
, 131
, 99
, 82
, 98
, 83
, 93
, 88
, 75
, 106
, 88
, 93
, 136
, 45
, 56
, 125
, 117
, 64
, 13
, 168
, 75
, 106
, 90
, 91
, 143
, 38
, 99
, 82
, 120
, 61
, 128
, 53
, 11
, 170
, 173
, 8
, 115
, 66
, 97
, 84
, 102
, 79
, 68
, 113
, 160
, 21
, 101
, 80
, 104
, 77
, 150
, 31
, 50
, 131
, 113
, 68
, 179
, 2
, 72
, 109
, 21
, 160
, 88
, 93
, 39
, 142
, 71
, 110
, 20
, 161
, 87
, 94
, 158
, 23
, 161
, 20
, 14
, 167
, 89
, 92
, 33
, 148
, 153
, 28
, 56
, 125
, 175
, 6
, 84
, 97
, 31
, 150
, 60
, 121
, 118
, 63
, 160
, 21
, 136
, 45
, 5
, 176
, 42
, 139
, 168
, 13
, 167
, 14
, 13
, 168
, 56
, 125
, 142
, 39
, 49
, 132
, 78
, 103
, 59
, 122
, 135
, 46
, 108
, 73
, 100
, 81
, 49
, 132
, 158
, 23
, 110
, 71
, 14
, 167
, 165
, 16
, 5
, 176
, 146
, 35
, 105
, 76
, 161
, 20
, 79
, 102
, 138
, 43
, 174
, 7
, 45
, 136
, 67
, 114
, 72
, 109
, 61
, 120
, 140
, 41
, 23
, 158
, 112
, 69
, 179
, 2
, 42
, 139
, 87
, 94
, 90
, 91
, 27
, 154
, 103
, 78
, 135
, 46
, 41
, 140
, 175
, 6
, 179
, 2
, 150
, 31
, 18
, 163
, 152
, 29
, 4
, 177
, 66
, 115
, 132
, 49
, 123
, 58
, 144
, 37
, 98
, 83
, 66
, 115
, 171
, 10
, 108
, 73
, 34
, 147
, 110
, 71
, 147
, 34
, 32
, 149
, 124
, 57
, 105
, 76
, 63
, 118
, 9
, 172
, 150
, 31
, 30
, 151
, 65
, 116
, 167
, 14
, 139
, 42
, 153
, 28
, 66
, 115
, 38
, 143
, 1
, 180
, 156
, 25
, 78
, 103
, 77
, 104
, 85
, 96
, 28
, 153
, 127
, 54
, 81
, 100
, 5
, 176
, 167
, 14
, 27
, 154
, 126
, 55
, 128
, 53
, 22
, 159
, 137
, 44
, 62
, 119
, 157
, 24
, 120
, 61
, 12
, 169
, 162
, 19
, 107
, 74
, 126
, 55
, 121
, 60
, 27
, 154
, 124
, 57
, 164
, 17
, 28
, 153
, 17
, 164
, 179
, 2
, 144
, 37
, 21
, 160
, 174
, 7
, 89
, 92
, 85
, 96
, 1
, 180
, 95
, 86
, 158
, 23
, 76
, 105
, 174
, 7
, 156
, 25
, 88
, 93
, 54
, 127
, 27
, 154
, 84
, 97
, 85
, 96
, 155
, 26
, 66
, 115
, 143
, 38
, 43
, 138
, 28
, 153
, 114
, 67
, 51
, 130
, 93
, 88
, 3
, 178
, 178
, 3
, 143
, 38
, 114
, 67
, 36
, 145
, 69
, 112
, 67
, 114
, 89
, 92
, 82
, 99
, 108
, 73
, 95
, 86
, 147
, 34
, 154
, 27
, 93
, 88
, 42
, 139
, 5
, 176
, 160
, 21
, 95
, 86
, 179
, 2
, 87
, 94
, 119
, 62
, 70
, 111
, 112
, 69
, 89
, 92
, 118
, 63
, 170
, 11
, 104
, 77
, 30
, 151
, 60
, 121
, 3
, 178
, 92
, 89
, 128
, 53
, 86
, 95
, 147
, 34
, 74
, 107
, 12
, 169
, 41
, 140
, 3
, 178
, 149
, 32
, 119
, 62
, 160
, 21
, 86
, 95
, 1
, 180
, 30
, 151
, 50
, 131
, 126
, 55
, 144
, 37
, 102
, 79
, 28
, 153
, 88
, 93
, 141
, 40
, 91
, 90
, 112
, 69
, 146
, 35
, 43
, 138
, 120
, 61
, 163
, 18
, 100
, 81
, 143
, 38
, 5
, 176
, 31
, 150
, 168
, 13
, 91
, 90
, 36
, 145
, 171
, 10
, 28
, 153
, 19
, 162
, 22
, 159
, 10
, 171
, 76
, 105
, 77
, 104
, 31
, 150
, 64
, 117
, 66
, 115
, 48
, 133
, 97
, 84
, 51
, 130
, 13
, 168
, 30
, 151
, 156
, 25
, 148
, 33
, 75
, 106
, 166
, 15
, 114
, 67
, 149
, 32
, 134
, 47
, 79
, 102
, 157
, 24
, 101
, 80
, 177
, 4
, 179
, 2
, 151
, 30
, 179
, 2
, 41
, 140
, 76
, 105
, 102
, 79
, 64
, 117
, 44
, 137
, 35
, 146
, 95
, 86
, 88
, 93
, 83
, 98
, 135
, 46
, 168
, 13
, 17
, 164
, 6
, 175
, 113
, 68
, 91
, 90
, 25
, 156
, 68
, 113
, 118
, 63
, 43
, 138
, 12
, 169
, 36
, 145
, 77
, 104
, 46
, 135
, 95
, 86
, 127
, 54
, 90
, 91
, 130
, 51
, 70
, 111
, 2
, 179
, 90
, 91
, 16
, 165
, 32
, 149
, 130
, 51
, 173
, 8
, 10
, 171
, 20
, 161
, 22
, 159
, 149
, 32
, 50
, 131
, 24
, 157
, 143
, 38
, 102
, 79
, 73
, 108
, 129
, 52
, 149
, 32
, 120
, 61
, 45
, 136
, 129
, 52
, 27
, 154
, 56
, 125
, 111
, 70
, 167
, 14
, 97
, 84
, 108
, 73
, 19
, 162
, 177
, 4
, 25
, 156
, 62
, 119
, 76
, 105
, 150
, 31
, 137
, 44
, 36
, 145
, 47
, 134
, 110
, 71
, 7
, 174
, 108
, 73
, 30
, 151
, 30
, 151
, 141
, 40
, 70
, 111
, 90
, 91
, 70
, 111
, 109
, 72
, 110
, 71
, 122
, 59
, 136
, 45
, 164
, 17
, 103
, 78
, 122
, 59
, 129
, 52
, 138
, 43
, 14
, 167
, 62
, 119
, 124
, 57
, 83
, 98
, 1
, 180
, 34
, 147
, 42
, 139
, 84
, 97
, 2
, 179
, 119
, 62
, 42
, 139
, 55
, 126
, 11
, 170
, 156
, 25
, 37
, 144
, 131
, 50
, 102
, 79
, 64
, 117
, 146
, 35
, 89
, 92
, 172
, 9
, 154
, 27
, 173
, 8
, 103
, 78
, 107
, 74
, 96
, 85
, 119
, 62
, 148
, 33
, 108
, 73
, 17
, 164
, 28
, 153
, 90
, 91
, 158
, 23
, 53
, 128
, 60
, 121
, 171
, 10
, 116
, 65
, 170
, 11
, 166
, 15
, 18
, 163
, 124
, 57
, 91
, 90
, 133
, 48
, 106
, 75
, 93
, 88
, 136
, 45
, 100
, 81
, 32
, 149
, 28
, 153
, 20
, 161
, 69
, 112
, 123
, 58
, 17
, 164
, 10
, 171
, 119
, 62
, 155
, 26
, 156
, 25
, 98
, 83
, 84
, 97
, 49
, 132
, 150
, 31
, 86
, 95
, 92
, 89
, 79
, 102
, 63
, 118
, 155
, 26
, 140
, 41
, 31
, 150
, 54
, 127
, 106
, 75
, 170
, 11
, 137
, 44
, 69
, 112
, 62
, 119
, 118
, 63
, 53
, 128
, 142
, 39
, 144
, 37
, 179
, 2
, 109
, 72
, 89
, 92
, 50
, 131
, 38
, 143
, 146
, 35
, 127
, 54
, 115
, 66
, 14
, 167
, 134
, 47
, 88
, 93
, 163
, 18
, 101
, 80
, 175
, 6
, 134
, 47
, 62
, 119
, 64
, 117
, 142
, 39
, 175
, 6
, 64
, 117
, 59
, 122
, 117
, 64
, 91
, 90
, 58
, 123
, 115
, 66
, 16
, 165
, 130
, 51
, 125
, 56
, 114
, 67
, 39
, 142
, 55
, 126
, 35
, 146
, 81
, 100
, 172
, 9
, 42
, 139
, 19
, 162
, 147
, 34
, 91
, 90
, 52
, 129
, 127
, 54
, 124
, 57
, 47
, 134
, 27
, 154
, 16
, 165
, 124
, 57
, 134
, 47
, 105
, 76
, 62
, 119
, 9
, 172
, 39
, 142
, 5
, 176
, 3
, 178
, 14
, 167
, 55
, 126
, 25
, 156
, 63
, 118
, 20
, 161
, 152
, 29
, 61
, 120
, 96
, 85
, 130
, 51
, 164
, 17
, 161
, 20
, 75
, 106
, 10
, 171
, 125
, 56
, 170
, 11
, 64
, 117
, 40
, 141
, 33
, 148
, 56
, 125
, 15
, 166
, 9
, 172
, 125
, 56
, 155
, 26
, 119
, 62
, 22
, 159
, 106
, 75
, 121
, 60
, 44
, 137
, 79
, 102
, 1
, 180
, 107
, 74
, 3
, 178
, 143
, 38
, 127
, 54
, 177
, 4
, 9
, 172
, 82
, 99
, 142
, 39
, 35
, 146
, 124
, 57
, 103
, 78
, 98
, 83
, 34
, 147
, 76
, 105
, 31
, 150
, 17
, 164
, 123
, 58
, 172
, 9
, 177
, 4
, 80
, 101
, 136
, 45
, 122
, 59
, 54
, 127
, 146
, 35
, 23
, 158
, 17
, 164
, 118
, 63
, 162
, 19
, 15
, 166
, 83
, 98
, 65
, 116
, 47
, 134
, 115
, 66
, 84
, 97
, 55
, 126
, 35
, 146
, 112
, 69
, 83
, 98
, 92
, 89
, 91
, 90
, 88
, 93
, 104
, 77
, 17
, 164
, 17
, 164
, 60
, 121
, 137
, 44
, 130
, 51
, 173
, 8
, 25
, 156
, 176
, 5
, 64
, 117
, 113
, 68
, 67
, 114
, 117
, 64
, 26
, 155
, 44
, 137
, 9
, 172
, 107
, 74
, 80
, 101
, 13
, 168
, 39
, 142
, 113
, 68
, 100
, 81
, 15
, 166
, 37
, 144
, 2
, 179
, 36
, 145
, 126
, 55
, 173
, 8
, 13
, 168
, 76
, 105
, 87
, 94
, 71
, 110
, 5
, 176
, 151
, 30
, 158
, 23
, 179
, 2
, 144
, 37
, 156
, 25
, 100
, 81
, 37
, 144
, 18
, 163
, 81
, 100
, 129
, 52
, 88
, 93
, 87
, 94
, 176
, 5
, 1
, 180
, 75
, 106
, 90
, 91
, 95
, 86
, 127
, 54
, 13
, 168
, 29
, 152
, 84
, 97
, 100
, 81
, 48
, 133
, 63
, 118
, 138
, 43
, 91
, 90
, 82
, 99
, 173
, 8
, 126
, 55
, 134
, 47
, 170
, 11
, 133
, 48
, 63
, 118
, 175
, 6
, 172
, 9
, 16
, 165
, 113
, 68
, 59
, 122
, 139
, 42
, 138
, 43
, 88
, 93
, 162
, 19
, 6
, 175
, 54
, 127
, 86
, 95
, 158
, 23
, 113
, 68
, 54
, 127
, 147
, 34
, 33
, 148
, 134
, 47
, 14
, 167
, 33
, 148
, 8
, 173
, 159
, 22
, 105
, 76
, 38
, 143
, 178
, 3
, 118
, 63
, 104
, 77
, 172
, 9
, 153
, 28
, 46
, 135
, 12
, 169
, 91
, 90
, 171
, 10
, 78
, 103
, 109
, 72
, 98
, 83
, 66
, 115
, 13
, 168
, 52
, 129
, 141
, 40
, 70
, 111
, 92
, 89
, 44
, 137
, 68
, 113
, 102
, 79
, 68
, 113
, 91
, 90
, 42
, 139
, 91
, 90
, 118
, 63
, 31
, 150
, 100
, 81
, 112
, 69
, 104
, 77
, 153
, 28
, 147
, 34
, 162
, 19
, 93
, 88
, 5
, 176
, 70
, 111
, 60
, 121
, 100
, 81
, 146
, 35
, 104
, 77
, 7
, 174
, 47
, 134
, 113
, 68
, 112
, 69
, 130
, 51
, 2
, 179
, 18
, 163
, 157
, 24
, 97
, 84
, 120
, 61
, 29
, 152
, 131
, 50
, 35
, 146
, 143
, 38
, 118
, 63
, 139
, 42
, 136
, 45
, 131
, 50
, 75
, 106
, 31
, 150
, 142
, 39
, 136
, 45
, 31
, 150
, 164
, 17
, 43
, 138
, 17
, 164
, 60
, 121
, 113
, 68
, 99
, 82
, 99
, 82
, 34
, 147
, 88
, 93
, 16
, 165
, 34
, 147
, 80
, 101
, 19
, 162
, 160
, 21
, 121
, 60
, 111
, 70
, 176
, 5
, 172
, 9
, 142
, 39
, 10
, 171
, 6
, 175
, 140
, 41
, 117
, 64
, 141
, 40
, 130
, 51
, 67
, 114
, 131
, 50
, 67
, 114
, 62
, 119
, 169
, 12
, 114
, 67
, 2
, 179
, 84
, 97
, 57
, 124
, 160
, 21
, 83
, 98
, 75
, 106
, 87
, 94
, 84
, 97
, 65
, 116
, 98
, 83
, 26
, 155
, 170
, 11
, 40
, 141
, 145
, 36
, 61
, 120
, 61
, 120
, 126
, 55
, 174
, 7
, 142
, 39
, 37
, 144
, 142
, 39
, 37
, 144
, 81
, 100
, 94
, 87
, 139
, 42
, 173
, 8
, 30
, 151
, 168
, 13
, 88
, 93
, 68
, 113
, 94
, 87
, 127
, 54
, 79
, 102
, 47
, 134
, 139
, 42
, 53
, 128
, 121
, 60
, 25
, 156
, 174
, 7
, 162
, 19
, 53
, 128
, 76
, 105
, 126
, 55
, 114
, 67
, 12
, 169
, 122
, 59
, 135
, 46
, 15
, 166
, 63
, 118
, 27
, 154
, 163
, 18
, 95
, 86
, 162
, 19
, 177
, 4
, 127
, 54
, 125
, 56
, 99
, 82
, 1
, 180
, 95
, 86
, 4
, 177
, 89
, 92
, 13
, 168
, 21
, 160
, 177
, 4
, 60
, 121
, 27
, 154
, 174
, 7
, 10
, 171
, 77
, 104
, 160
, 21
, 19
, 162
, 139
, 42
, 164
, 17
, 131
, 50
, 130
, 51
, 156
, 25
, 92
, 89
, 173
, 8
, 71
, 110
, 125
, 56
, 117
, 64
, 154
, 27
, 21
, 160
, 61
, 120
, 27
, 154
, 4
, 177
, 20
, 161
, 27
, 154
, 27
, 154
, 141
, 40
, 97
, 84
, 47
, 134
, 71
, 110
, 47
, 134
, 114
, 67
, 41
, 140
, 122
, 59
, 129
, 52
, 117
, 64
, 25
, 156
, 174
, 7
, 164
, 17
, 122
, 59
, 43
, 138
, 155
, 26
, 104
, 77
, 165
, 16
, 45
, 136
, 162
, 19
, 48
, 133
, 130
, 51
, 113
, 68
, 97
, 84
, 115
, 66
, 24
, 157
, 141
, 40
, 72
, 109
, 23
, 158
, 77
, 104
, 91
, 90
, 130
, 51
, 129
, 52
, 10
, 171
, 45
, 136
, 47
, 134
, 160
, 21
, 28
, 153
, 86
, 95
, 92
, 89
, 45
, 136
, 11
, 170
, 106
, 75
, 19
, 162
, 176
, 5
, 94
, 87
, 86
, 95
, 161
, 20
, 112
, 69
, 71
, 110
, 25
, 156
, 95
, 86
, 153
, 28
, 123
, 58
, 114
, 67
, 102
, 79
, 143
, 38
, 25
, 156
, 80
, 101
, 60
, 121
, 9
, 172
, 90
, 91
, 57
, 124
, 98
, 83
, 28
, 153
, 96
, 85
, 77
, 104
, 44
, 137
, 3
, 178
, 133
, 48
, 75
, 106
, 143
, 38
, 97
, 84
, 50
, 131
, 72
, 109
, 137
, 44
, 143
, 38
, 72
, 109
, 9
, 172
, 162
, 19
, 89
, 92
, 128
, 53
, 164
, 17
, 20
, 161
, 44
, 137
, 59
, 122
, 176
, 5
, 87
, 94
, 90
, 91
, 88
, 93
, 124
, 57
, 61
, 120
, 4
, 177
, 128
, 53
, 151
, 30
, 140
, 41
, 42
, 139
, 175
, 6
, 57
, 124
, 5
, 176
, 92
, 89
, 38
, 143
, 151
, 30
, 95
, 86
, 106
, 75
, 165
, 16
, 127
, 54
, 76
, 105
, 17
, 164
, 145
, 36
, 98
, 83
, 91
, 90
, 96
, 85
, 108
, 73
, 29
, 152
, 68
, 113
, 166
, 15
, 87
, 94
, 104
, 77
, 15
, 166
, 38
, 143
, 65
, 116
, 126
, 55
, 108
, 73
, 125
, 56
, 135
, 46
, 127
, 54
, 158
, 23
, 48
, 133
, 54
, 127
, 173
, 8
, 34
, 147
, 41
, 140
, 126
, 55
, 80
, 101
, 72
, 109
, 10
, 171
, 162
, 19
, 93
, 88
, 146
, 35
, 53
, 128
, 40
, 141
, 61
, 120
, 56
, 125
, 145
, 36
, 3
, 178
, 15
, 166
, 152
, 29
, 31
, 150
, 175
, 6
, 162
, 19
, 19
, 162
, 117
, 64
, 1
, 180
, 54
, 127
, 140
, 41
, 90
, 91
, 165
, 16
, 58
, 123
, 25
, 156
, 107
, 74
, 152
, 29
, 70
, 111
, 59
, 122
, 155
, 26
, 119
, 62
, 66
, 115
, 71
, 110
, 90
, 91
, 59
, 122
, 37
, 144
, 49
, 132
, 133
, 48
, 157
, 24
, 131
, 50
, 25
, 156
, 166
, 15
, 72
, 109
, 178
, 3
, 92
, 89
, 86
, 95
, 49
, 132
, 105
, 76
, 140
, 41
, 115
, 66
, 14
, 167
, 158
, 23
, 2
, 179
, 44
, 137
, 55
, 126
, 146
, 35
, 73
, 108
, 5
, 176
, 119
, 62
, 91
, 90
, 51
, 130
, 23
, 158
, 166
, 15
, 154
, 27
, 85
, 96
, 74
, 107
, 134
, 47
, 7
, 174
, 83
, 98
, 122
, 59
, 120
, 61
, 15
, 166
, 134
, 47
, 148
, 33
, 14
, 167
, 32
, 149
, 24
, 157
, 85
, 96
, 42
, 139
, 72
, 109
, 75
, 106
, 157
, 24
, 1
, 180
, 60
, 121
, 58
, 123
, 76
, 105
, 39
, 142
, 110
, 71
, 147
, 34
, 80
, 101
, 157
, 24
, 104
, 77
, 122
, 59
, 38
, 143
, 99
, 82
, 156
, 25
, 165
, 16
, 106
, 75
, 175
, 6
, 15
, 166
, 42
, 139
, 144
, 37
, 6
, 175
, 114
, 67
, 100
, 81
, 20
, 161
, 84
, 97
, 135
, 46
, 27
, 154
, 148
, 33
, 39
, 142
, 22
, 159
, 85
, 96
, 96
, 85
, 72
, 109
, 171
, 10
, 54
, 127
, 142
, 39
, 178
, 3
, 5
, 176
, 19
, 162
, 87
, 94
, 46
, 135
, 31
, 150
, 56
, 125
, 56
, 125
, 111
, 70
, 106
, 75
, 9
, 172
, 144
, 37
, 42
, 139
, 18
, 163
, 135
, 46
, 71
, 110
, 102
, 79
, 65
, 116
, 135
, 46
, 93
, 88
, 45
, 136
, 44
, 137
, 128
, 53
, 20
, 161
, 6
, 175
, 1
, 180
, 141
, 40
, 103
, 78
, 47
, 134
, 178
, 3
, 149
, 32
, 52
, 129
, 141
, 40
, 75
, 106
, 157
, 24
, 147
, 34
, 9
, 172
, 39
, 142
, 19
, 162
, 1
, 180
, 35
, 146
, 146
, 35
, 134
, 47
, 22
, 159
, 55
, 126
, 179
, 2
, 51
, 130
, 50
, 131
, 103
, 78
, 76
, 105
, 78
, 103
, 19
, 162
, 50
, 131
, 130
, 51
, 143
, 38
, 3
, 178
, 29
, 152
, 109
, 72
, 2
, 179
, 57
, 124
, 144
, 37
, 149
, 32
, 89
, 92
, 168
, 13
, 124
, 57
, 116
, 65
, 10
, 171
, 6
, 175
, 5
, 176
, 107
, 74
, 136
, 45
, 93
, 88
, 78
, 103
, 46
, 135
, 33
, 148
, 25
, 156
, 59
, 122
, 175
, 6
, 136
, 45
, 108
, 73
, 32
, 149
, 145
, 36
, 179
, 2
, 148
, 33
, 24
, 157
, 164
, 17
, 168
, 13
, 56
, 125
, 112
, 69
, 146
, 35
, 97
, 84
, 117
, 64
, 91
, 90
, 83
, 98
, 117
, 64
, 104
, 77
, 38
, 143
, 16
, 165
, 97
, 84
, 28
, 153
, 40
, 141
, 8
, 173
, 161
, 20
, 167
, 14
, 138
, 43
, 142
, 39
, 179
, 2
, 8
, 173
, 81
, 100
, 59
, 122
, 52
, 129
, 30
, 151
, 168
, 13
, 55
, 126
, 4
, 177
, 59
, 122
, 21
, 160
, 148
, 33
, 62
, 119
, 45
, 136
, 2
, 179
, 114
, 67
, 70
, 111
, 20
, 161
, 21
, 160
, 122
, 59
, 145
, 36
, 22
, 159
, 146
, 35
, 141
, 40
, 81
, 100
, 14
, 167
, 67
, 114
, 26
, 155
, 75
, 106
, 134
, 47
, 121
, 60
, 85
, 96
, 137
, 44
, 68
, 113
, 58
, 123
, 36
, 145
, 74
, 107
, 38
, 143
, 78
, 103
, 120
, 61
, 2
, 179
, 66
, 115
, 132
, 49
, 122
, 59
, 4
, 177
, 16
, 165
, 34
, 147
, 4
, 177
, 141
, 40
, 140
, 41
, 49
, 132
, 35
, 146
, 143
, 38
, 26
, 155
, 135
, 46
, 122
, 59
, 54
, 127
, 158
, 23
, 109
, 72
, 58
, 123
, 74
, 107
, 161
, 20
, 71
, 110
, 147
, 34
, 165
, 16
, 48
, 133
, 174
, 7
, 64
, 117
, 66
, 115
, 71
, 110
, 33
, 148
, 15
, 166
, 105
, 76
, 149
, 32
, 65
, 116
, 47
, 134
, 56
, 125
, 97
, 84
, 161
, 20
, 134
, 47
, 101
, 80
, 77
, 104
, 59
, 122
, 66
, 115
, 121
, 60
, 132
, 49
, 124
, 57
, 173
, 8
, 72
, 109
, 39
, 142
, 132
, 49
, 162
, 19
, 15
, 166
, 33
, 148
, 56
, 125
, 81
, 100
, 172
, 9
, 111
, 70
, 94
, 87
, 124
, 57
, 95
, 86
, 5
, 176
, 178
, 3
, 97
, 84
, 71
, 110
, 63
, 118
, 11
, 170
, 96
, 85
, 73
, 108
, 57
, 124
, 83
, 98
, 132
, 49
, 38
, 143
, 131
, 50
, 56
, 125
, 156
, 25
, 10
, 171
, 62
, 119
, 164
, 17
, 173
, 8
, 134
, 47
, 26
, 155
, 50
, 131
, 154
, 27
, 115
, 66
, 80
, 101
, 82
, 99
, 89
, 92
, 132
, 49
, 73
, 108
, 18
, 163
, 167
, 14
, 73
, 108
, 122
, 59
, 24
, 157
, 131
, 50
, 34
, 147
, 167
, 14
, 23
, 158
, 100
, 81
, 173
, 8
, 47
, 134
, 77
, 104
, 108
, 73
, 119
, 62
, 1
, 180
, 119
, 62
, 144
, 37
, 155
, 26
, 42
, 139
, 177
, 4
, 178
, 3
, 168
, 13
, 172
, 9
, 46
, 135
, 11
, 170
, 74
, 107
, 74
, 107
, 159
, 22
, 160
, 21
, 104
, 77
, 19
, 162
, 31
, 150
, 93
, 88
, 91
, 90
, 144
, 37
, 137
, 44
, 13
, 168
, 132
, 49
, 159
, 22
, 5
, 176
, 15
, 166
, 162
, 19
, 119
, 62
, 74
, 107
, 16
, 165
, 70
, 111
, 124
, 57
, 124
, 57
, 58
, 123
, 21
, 160
, 1
, 180
, 173
, 8
, 122
, 59
, 172
, 9
, 13
, 168
, 126
, 55
, 97
, 84
, 43
, 138
, 97
, 84
, 18
, 163
, 62
, 119
, 131
, 50
, 94
, 87
, 51
, 130
, 42
, 139
, 6
, 175
, 61
, 120
, 170
, 11
, 42
, 139
, 158
, 23
, 69
, 112
, 124
, 57
, 103
, 78
, 23
, 158
, 102
, 79
, 84
, 97
, 173
, 8
, 57
, 124
, 112
, 69
, 110
, 71
, 149
, 32
, 125
, 56
, 178
, 3
, 49
, 132
, 40
, 141
, 61
, 120
, 167
, 14
, 37
, 144
, 92
, 89
, 47
, 134
, 129
, 52
, 18
, 163
, 142
, 39
, 11
, 170
, 51
, 130
, 95
, 86
, 70
, 111
, 149
, 32
, 76
, 105
, 132
, 49
, 139
, 42
, 65
, 116
, 1
, 180
, 78
, 103
, 63
, 118
, 34
, 147
, 110
, 71
, 142
, 39
, 47
, 134
, 28
, 153
, 32
, 149
, 164
, 17
, 12
, 169
, 130
, 51
, 118
, 63
, 77
, 104
, 107
, 74
, 126
, 55
, 4
, 177
, 30
, 151
, 21
, 160
, 16
, 165
, 98
, 83
, 163
, 18
, 167
, 14
, 175
, 6
, 118
, 63
, 165
, 16
, 63
, 118
, 90
, 91
, 140
, 41
, 68
, 113
, 69
, 112
, 5
, 176
, 91
, 90
, 77
, 104
, 76
, 105
, 121
, 60
, 131
, 50
, 60
, 121
, 17
, 164
, 154
, 27
, 53
, 128
, 35
, 146
, 142
, 39
, 171
, 10
, 12
, 169
, 15
, 166
, 170
, 11
, 98
, 83
, 176
, 5
, 98
, 83
, 163
, 18
, 39
, 142
, 101
, 80
, 74
, 107
, 99
, 82
, 105
, 76
, 120
, 61
, 56
, 125
, 2
, 179
, 80
, 101
, 176
, 5
, 27
, 154
, 88
, 93
, 113
, 68
, 100
, 81
, 122
, 59
, 155
, 26
, 32
, 149
, 10
, 171
, 12
, 169
, 112
, 69
, 65
, 116
, 13
, 168
, 169
, 12
, 120
, 61
, 99
, 82
, 37
, 144
, 16
, 165
, 32
, 149
, 160
, 21
, 85
, 96
, 33
, 148
, 141
, 40
, 45
, 136
, 64
, 117
, 168
, 13
, 63
, 118
, 49
, 132
, 39
, 142
, 143
, 38
, 126
, 55
, 78
, 103
, 61
, 120
, 9
, 172
, 6
, 175
, 179
, 2
, 102
, 79
, 72
, 109
, 69
, 112
, 67
, 114
, 19
, 162
, 1
, 180
, 18
, 163
, 120
, 61
, 140
, 41
, 138
, 43
, 124
, 57
, 2
, 179
, 150
, 31
, 12
, 169
, 139
, 42
, 157
, 24
, 118
, 63
, 169
, 12
, 102
, 79
, 113
, 68
, 121
, 60
, 12
, 169
, 97
, 84
, 30
, 151
, 20
, 161
, 44
, 137
, 96
, 85
, 93
, 88
, 22
, 159
, 162
, 19
, 137
, 44
, 156
, 25
, 119
, 62
, 18
, 163
, 125
, 56
, 77
, 104
, 128
, 53
, 29
, 152
, 130
, 51
, 35
, 146
, 5
, 176
, 121
, 60
, 173
, 8
, 57
, 124
, 84
, 97
, 145
, 36
, 86
, 95
, 90
, 91
, 8
, 173
, 148
, 33
, 82
, 99
, 69
, 112
, 42
, 139
, 113
, 68
, 128
, 53
, 12
, 169
, 92
, 89
, 4
, 177
, 11
, 170
, 87
, 94
, 23
, 158
, 34
, 147
, 111
, 70
, 133
, 48
, 135
, 46
, 30
, 151
, 1
, 180
, 37
, 144
, 126
, 55
, 58
, 123
, 43
, 138
, 15
, 166
, 179
, 2
, 77
, 104
, 148
, 33
, 60
, 121
, 81
, 100
, 118
, 63
, 43
, 138
, 101
, 80
, 98
, 83
, 10
, 171
, 105
, 76
, 175
, 6
, 88
, 93
, 131
, 50
, 34
, 147
, 50
, 131
, 145
, 36
, 1
, 180
, 178
, 3
, 26
, 155
, 128
, 53
, 34
, 147
, 127
, 54
, 84
, 97
, 157
, 24
, 142
, 39
, 2
, 179
, 140
, 41
, 60
, 121
, 95
, 86
, 109
, 72
, 140
, 41
, 141
, 40
, 163
, 18
, 81
, 100
, 57
, 124
, 131
, 50
, 41
, 140
, 65
, 116
, 14
, 167
, 73
, 108
, 22
, 159
, 1
, 180
, 115
, 66
, 48
, 133
, 154
, 27
, 120
, 61
, 18
, 163
, 55
, 126
, 60
, 121
, 17
, 164
, 31
, 150
, 57
, 124
, 133
, 48
, 175
, 6
, 101
, 80
, 138
, 43
, 113
, 68
, 10
, 171
, 36
, 145
, 76
, 105
, 80
, 101
, 64
, 117
, 82
, 99
, 132
, 49
, 40
, 141
, 174
, 7
, 112
, 69
, 152
, 29
, 79
, 102
, 20
, 161
, 48
, 133
, 100
, 81
, 152
, 29
, 160
, 21
, 86
, 95
, 11
, 170
, 164
, 17
, 109
, 72
, 137
, 44
, 132
, 49
, 145
, 36
, 95
, 86
, 61
, 120
, 5
, 176
, 49
, 132
, 166
, 15
, 110
, 71
, 159
, 22
, 67
, 114
, 54
, 127
, 168
, 13
, 173
, 8
, 86
, 95
, 132
, 49
, 108
, 73
, 151
, 30
, 140
, 41
, 44
, 137
, 138
, 43
, 80
, 101
, 73
, 108
, 82
, 99
, 2
, 179
, 167
, 14
, 92
, 89
, 115
, 66
, 120
, 61
, 10
, 171
, 178
, 3
, 34
, 147
, 12
, 169
, 32
, 149
, 140
, 41
, 91
, 90
, 144
, 37
, 43
, 138
, 66
, 115
, 40
, 141
, 29
, 152
, 6
, 175
, 58
, 123
, 94
, 87
, 4
, 177
, 48
, 133
, 134
, 47
, 30
, 151
, 48
, 133
, 49
, 132
, 19
, 162
, 103
, 78
, 30
, 151
, 15
, 166
, 9
, 172
, 82
, 99
, 80
, 101
, 80
, 101
, 104
, 77
, 115
, 66
, 171
, 10
, 178
, 3
, 68
, 113
, 43
, 138
, 174
, 7
, 72
, 109
, 145
, 36
, 109
, 72
, 99
, 82
, 69
, 112
, 118
, 63
, 47
, 134
, 30
, 151
, 92
, 89
, 2
, 179
, 151
, 30
, 10
, 171
, 72
, 109
, 36
, 145
, 179
, 2
, 174
, 7
, 88
, 93
, 50
, 131
, 157
, 24
, 159
, 22
, 164
, 17
, 11
, 170
, 47
, 134
, 26
, 155
, 48
, 133
, 100
, 81
, 166
, 15
, 51
, 130
, 169
, 12
, 16
, 165
, 134
, 47
, 47
, 134
, 149
, 32
, 9
, 172
, 23
, 158
, 118
, 63
, 85
, 96
, 69
, 112
, 34
, 147
, 49
, 132
, 176
, 5
, 24
, 157
, 158
, 23
, 163
, 18
, 175
, 6
, 14
, 167
, 153
, 28
, 92
, 89
, 8
, 173
, 143
, 38
, 153
, 28
, 74
, 107
, 41
, 140
, 80
, 101
, 8
, 173
, 167
, 14
, 149
, 32
, 13
, 168
, 158
, 23
, 24
, 157
, 171
, 10
, 114
, 67
, 101
, 80
, 79
, 102
, 177
, 4
, 18
, 163
, 137
, 44
, 13
, 168
, 61
, 120
, 16
, 165
, 45
, 136
, 105
, 76
, 132
, 49
, 57
, 124
, 134
, 47
, 172
, 9
, 7
, 174
, 148
, 33
, 116
, 65
, 106
, 75
, 137
, 44
, 110
, 71
, 92
, 89
, 162
, 19
, 161
, 20
, 123
, 58
, 69
, 112
, 173
, 8
, 81
, 100
, 22
, 159
, 151
, 30
, 17
, 164
, 25
, 156
, 179
, 2
, 140
, 41
, 121
, 60
, 97
, 84
, 57
, 124
, 57
, 124
, 134
, 47
, 24
, 157
, 61
, 120
, 45
, 136
, 120
, 61
, 23
, 158
, 26
, 155
, 122
, 59
, 178
, 3
, 152
, 29
, 161
, 20
, 108
, 73
, 159
, 22
, 155
, 26
, 154
, 27
, 158
, 23
, 56
, 125
, 68
, 113
, 101
, 80
, 145
, 36
, 166
, 15
, 2
, 179
, 111
, 70
, 130
, 51
, 77
, 104
, 50
, 131
, 101
, 80
, 83
, 98
, 34
, 147
, 92
, 89
, 142
, 39
, 41
, 140
, 170
, 11
, 137
, 44
, 1
, 180
, 121
, 60
, 142
, 39
, 34
, 147
, 29
, 152
, 116
, 65
, 88
, 93
, 153
, 28
, 61
, 120
, 44
, 137
, 126
, 55
, 78
, 103
, 90
, 91
, 103
, 78
, 133
, 48
, 162
, 19
, 87
, 94
, 28
, 153
, 87
, 94
, 55
, 126
, 29
, 152
, 6
, 175
, 39
, 142
, 77
, 104
, 16
, 165
, 53
, 128
, 55
, 126
, 56
, 125
, 87
, 94
, 24
, 157
, 87
, 94
, 83
, 98
, 17
, 164
, 92
, 89
, 27
, 154
, 81
, 100
, 123
, 58
, 111
, 70
, 9
, 172
, 129
, 52
, 174
, 7
, 27
, 154
, 173
, 8
, 36
, 145
, 173
, 8
, 152
, 29
, 154
, 27
, 61
, 120
, 127
, 54
, 125
, 56
, 20
, 161
, 74
, 107
, 145
, 36
, 93
, 88
, 14
, 167
, 162
, 19
, 47
, 134
, 45
, 136
, 9
, 172
, 163
, 18
, 72
, 109
, 75
, 106
, 11
, 170
, 45
, 136
, 135
, 46
, 156
, 25
, 4
, 177
, 173
, 8
, 144
, 37
, 76
, 105
, 97
, 84
, 75
, 106
, 49
, 132
, 139
, 42
, 160
, 21
, 175
, 6
, 9
, 172
, 116
, 65
, 42
, 139
, 63
, 118
, 171
, 10
, 108
, 73
, 18
, 163
, 9
, 172
, 174
, 7
, 150
, 31
, 35
, 146
, 37
, 144
, 107
, 74
, 87
, 94
, 81
, 100
, 14
, 167
, 65
, 116
, 111
, 70
, 147
, 34
, 17
, 164
, 129
, 52
, 108
, 73
, 12
, 169
, 77
, 104
, 176
, 5
, 19
, 162
, 136
, 45
, 134
, 47
, 2
, 179
, 167
, 14
, 133
, 48
, 128
, 53
, 177
, 4
, 164
, 17
, 112
, 69
, 50
, 131
, 155
, 26
, 10
, 171
, 61
, 120
, 141
, 40
, 11
, 170
, 11
, 170
, 128
, 53
, 27
, 154
, 177
, 4
, 11
, 170
, 34
, 147
, 129
, 52
, 83
, 98
, 64
, 117
, 141
, 40
, 69
, 112
, 70
, 111
, 81
, 100
, 126
, 55
, 118
, 63
, 28
, 153
, 147
, 34
, 75
, 106
, 176
, 5
, 171
, 10
, 178
, 3
, 31
, 150
, 158
, 23
, 36
, 145
, 24
, 157
, 101
, 80
, 36
, 145
, 137
, 44
, 158
, 23
, 47
, 134
, 165
, 16
, 148
, 33
, 103
, 78
, 48
, 133
, 145
, 36
, 5
, 176
, 28
, 153
, 36
, 145
, 172
, 9
, 169
, 12
, 176
, 5
, 173
, 8
, 82
, 99
, 169
, 12
, 119
, 62
, 55
, 126
, 152
, 29
, 142
, 39
, 42
, 139
, 93
, 88
, 171
, 10
, 122
, 59
, 166
, 15
, 145
, 36
, 6
, 175
, 66
, 115
, 38
, 143
, 3
, 178
, 101
, 80
, 126
, 55
, 165
, 16
, 114
, 67
, 134
, 47
, 174
, 7
, 33
, 148
, 95
, 86
, 125
, 56
, 111
, 70
, 176
, 5
, 63
, 118
, 133
, 48
, 129
, 52
, 4
, 177
, 93
, 88
, 47
, 134
, 25
, 156
, 74
, 107
, 69
, 112
, 1
, 180
, 51
, 130
, 79
, 102
, 89
, 92
, 97
, 84
, 167
, 14
, 120
, 61
, 71
, 110
, 135
, 46
, 47
, 134
, 126
, 55
, 169
, 12
, 55
, 126
, 153
, 28
, 63
, 118
, 109
, 72
, 39
, 142
, 3
, 178
, 101
, 80
, 115
, 66
, 168
, 13
, 24
, 157
, 105
, 76
, 163
, 18
, 127
, 54
, 175
, 6
, 67
, 114
, 76
, 105
, 50
, 131
, 92
, 89
, 110
, 71
, 13
, 168
, 115
, 66
, 56
, 125
, 151
, 30
, 163
, 18
, 90
, 91
, 161
, 20
, 6
, 175
, 160
, 21
, 146
, 35
, 50
, 131
, 39
, 142
, 94
, 87
, 50
, 131
, 133
, 48
, 108
, 73
, 113
, 68
, 179
, 2
, 11
, 170
, 156
, 25
, 75
, 106
, 154
, 27
, 111
, 70
, 88
, 93
, 91
, 90
, 134
, 47
, 26
, 155
, 172
, 9
, 94
, 87
, 43
, 138
, 24
, 157
, 23
, 158
, 119
, 62
, 175
, 6
, 145
, 36
, 16
, 165
, 51
, 130
, 26
, 155
, 70
, 111
, 88
, 93
, 41
, 140
, 129
, 52
, 136
, 45
, 60
, 121
, 49
, 132
, 15
, 166
, 67
, 114
, 75
, 106
, 96
, 85
, 165
, 16
, 73
, 108
, 132
, 49
, 137
, 44
, 117
, 64
, 67
, 114
, 132
, 49
, 122
, 59
, 124
, 57
, 20
, 161
, 145
, 36
, 61
, 120
, 54
, 127
, 57
, 124
, 27
, 154
, 176
, 5
, 72
, 109
, 18
, 163
, 103
, 78
, 39
, 142
, 173
, 8
, 98
, 83
, 51
, 130
, 92
, 89
, 118
, 63
, 48
, 133
, 179
, 2
, 84
, 97
, 74
, 107
, 69
, 112
, 31
, 150
, 112
, 69
, 103
, 78
, 150
, 31
, 111
, 70
, 169
, 12
, 136
, 45
, 100
, 81
, 49
, 132
, 4
, 177
, 162
, 19
, 78
, 103
, 65
, 116
, 174
, 7
, 124
, 57
, 90
, 91
, 16
, 165
, 133
, 48
, 68
, 113
, 99
, 82
, 158
, 23
, 66
, 115
, 20
, 161
, 169
, 12
, 63
, 118
, 149
, 32
, 96
, 85
, 92
, 89
, 5
, 176
, 7
, 174
, 51
, 130
, 70
, 111
, 26
, 155
, 151
, 30
, 177
, 4
, 33
, 148
, 24
, 157
, 154
, 27
, 164
, 17
, 36
, 145
, 174
, 7
, 144
, 37
, 22
, 159
, 19
, 162
, 32
, 149
, 50
, 131
, 179
, 2
, 120
, 61
, 91
, 90
, 92
, 89
, 10
, 171
, 30
, 151
, 178
, 3
, 41
, 140
, 39
, 142
, 55
, 126
, 22
, 159
, 26
, 155
, 17
, 164
, 160
, 21
, 111
, 70
, 45
, 136
, 99
, 82
, 29
, 152
, 7
, 174
, 52
, 129
, 119
, 62
, 171
, 10
, 84
, 97
, 83
, 98
, 64
, 117
, 24
, 157
, 135
, 46
, 55
, 126
, 127
, 54
, 45
, 136
, 49
, 132
, 54
, 127
, 164
, 17
, 10
, 171
, 62
, 119
, 115
, 66
, 131
, 50
, 165
, 16
, 121
, 60
, 83
, 98
, 156
, 25
, 117
, 64
, 2
, 179
, 108
, 73
, 52
, 129
, 105
, 76
, 128
, 53
, 32
, 149
, 128
, 53
, 52
, 129
, 58
, 123
, 52
, 129
, 118
, 63
, 82
, 99
, 111
, 70
, 7
, 174
, 170
, 11
, 23
, 158
, 15
, 166
, 179
, 2
, 131
, 50
, 109
, 72
, 115
, 66
, 2
, 179
, 179
, 2
, 77
, 104
, 86
, 95
, 89
, 92
, 176
, 5
, 157
, 24
, 122
, 59
, 127
, 54
, 83
, 98
, 106
, 75
, 39
, 142
, 78
, 103
, 53
, 128
, 44
, 137
, 59
, 122
, 11
, 170
, 37
, 144
, 124
, 57
, 5
, 176
, 65
, 116
, 86
, 95
, 175
, 6
, 91
, 90
, 140
, 41
, 126
, 55
, 159
, 22
, 57
, 124
, 104
, 77
, 112
, 69
, 133
, 48
, 64
, 117
, 35
, 146
, 119
, 62
, 117
, 64
, 5
, 176
, 51
, 130
, 100
, 81
, 120
, 61
, 110
, 71
, 111
, 70
, 49
, 132
, 9
, 172
, 117
, 64
, 66
, 115
, 83
, 98
, 131
, 50
, 61
, 120
, 80
, 101
, 35
, 146
, 131
, 50
, 85
, 96
, 127
, 54
, 150
, 31
, 27
, 154
, 42
, 139
, 151
, 30
, 144
, 37
, 92
, 89
, 176
, 5
, 5
, 176
, 130
, 51
, 80
, 101
, 23
, 158
, 22
, 159
, 26
, 155
, 118
, 63
, 85
, 96
, 76
, 105
, 139
, 42
, 112
, 69
, 175
, 6
, 118
, 63
, 112
, 69
, 48
, 133
, 23
, 158
, 14
, 167
, 90
, 91
, 109
, 72
, 34
, 147
, 70
, 111
, 108
, 73
, 133
, 48
, 51
, 130
, 17
, 164
, 29
, 152
, 168
, 13
, 105
, 76
, 127
, 54
, 160
, 21
, 130
, 51
, 31
, 150
, 109
, 72
, 58
, 123
, 116
, 65
, 60
, 121
, 10
, 171
, 2
, 179
, 54
, 127
, 86
, 95
, 40
, 141
, 130
, 51
, 143
, 38
, 37
, 144
, 106
, 75
, 158
, 23
, 126
, 55
, 38
, 143
, 121
, 60
, 55
, 126
, 169
, 12
, 76
, 105
, 12
, 169
, 162
, 19
, 93
, 88
, 65
, 116
, 50
, 131
, 14
, 167
, 73
, 108
, 57
, 124
, 80
, 101
, 55
, 126
, 118
, 63
, 38
, 143
, 151
, 30
, 15
, 166
, 65
, 116
, 75
, 106
, 81
, 100
, 58
, 123
, 2
, 179
, 10
, 171
, 67
, 114
, 149
, 32
, 60
, 121
, 159
, 22
, 31
, 150
, 39
, 142
, 11
, 170
, 134
, 47
, 95
, 86
, 157
, 24
, 25
, 156
, 60
, 121
, 34
, 147
, 51
, 130
, 61
, 120
, 179
, 2
, 152
, 29
, 26
, 155
, 166
, 15
, 172
, 9
, 141
, 40
, 11
, 170
, 22
, 159
, 99
, 82
, 153
, 28
, 115
, 66
, 1
, 180
, 31
, 150
, 52
, 129
, 33
, 148
, 153
, 28
, 83
, 98
, 80
, 101
, 135
, 46
, 7
, 174
, 88
, 93
, 163
, 18
, 3
, 178
, 65
, 116
, 141
, 40
, 22
, 159
, 33
, 148
, 144
, 37
, 26
, 155
, 174
, 7
, 43
, 138
, 108
, 73
, 42
, 139
, 114
, 67
, 134
, 47
, 29
, 152
, 84
, 97
, 115
, 66
, 95
, 86
, 171
, 10
, 103
, 78
, 63
, 118
, 25
, 156
, 143
, 38
, 165
, 16
, 92
, 89
, 135
, 46
, 19
, 162
, 154
, 27
, 90
, 91
, 71
, 110
, 164
, 17
, 50
, 131
, 107
, 74
, 141
, 40
, 60
, 121
, 141
, 40
, 137
, 44
, 43
, 138
, 145
, 36
, 145
, 36
, 141
, 40
, 10
, 171
, 60
, 121
, 99
, 82
, 92
, 89
, 169
, 12
, 145
, 36
, 159
, 22
, 147
, 34
, 118
, 63
, 169
, 12
, 158
, 23
, 115
, 66
, 169
, 12
, 168
, 13
, 65
, 116
, 21
, 160
, 179
, 2
, 118
, 63
, 18
, 163
, 12
, 169
, 166
, 15
, 56
, 125
, 21
, 160
, 143
, 38
, 64
, 117
, 134
, 47
, 163
, 18
, 68
, 113
, 31
, 150
, 154
, 27
, 3
, 178
, 47
, 134
, 51
, 130
, 14
, 167
, 26
, 155
, 33
, 148
, 112
, 69
, 11
, 170
, 122
, 59
, 109
, 72
, 122
, 59
, 133
, 48
, 79
, 102
, 101
, 80
, 111
, 70
, 162
, 19
, 1
, 180
, 122
, 59
, 39
, 142
, 63
, 118
, 60
, 121
, 90
, 91
, 76
, 105
, 25
, 156
, 72
, 109
, 113
, 68
, 75
, 106
, 83
, 98
, 171
, 10
, 102
, 79
, 159
, 22
, 74
, 107
, 144
, 37
, 129
, 52
, 103
, 78
, 105
, 76
, 154
, 27
, 86
, 95
, 46
, 135
, 14
, 167
, 146
, 35
, 48
, 133
, 42
, 139
, 89
, 92
, 144
, 37
, 60
, 121
, 129
, 52
, 19
, 162
, 91
, 90
, 118
, 63
, 77
, 104
, 107
, 74
, 37
, 144
, 51
, 130
, 170
, 11
, 74
, 107
, 89
, 92
, 157
, 24
, 148
, 33
, 21
, 160
, 157
, 24
, 48
, 133
, 6
, 175
, 39
, 142
, 11
, 170
, 133
, 48
, 9
, 172
, 168
, 13
, 13
, 168
, 173
, 8
, 21
, 160
, 66
, 115
, 7
, 174
, 131
, 50
, 136
, 45
, 135
, 46
, 91
, 90
, 165
, 16
, 138
, 43
, 105
, 76
, 3
, 178
, 26
, 155
, 77
, 104
, 46
, 135
, 28
, 153
, 39
, 142
, 154
, 27
, 72
, 109
, 175
, 6
, 77
, 104
, 65
, 116
, 85
, 96
, 33
, 148
