
2700
, 124
, 65
, 146
, 43
, 18
, 171
, 129
, 60
, 138
, 51
, 90
, 99
, 3
, 186
, 92
, 97
, 22
, 167
, 4
, 185
, 35
, 154
, 27
, 162
, 164
, 25
, 120
, 69
, 8
, 181
, 184
, 5
, 27
, 162
, 2
, 187
, 15
, 174
, 139
, 50
, 33
, 156
, 24
, 165
, 47
, 142
, 123
, 66
, 94
, 95
, 75
, 114
, 28
, 161
, 5
, 184
, 120
, 69
, 23
, 166
, 122
, 67
, 69
, 120
, 166
, 23
, 7
, 182
, 160
, 29
, 45
, 144
, 54
, 135
, 7
, 182
, 24
, 165
, 49
, 140
, 105
, 84
, 164
, 25
, 134
, 55
, 166
, 23
, 180
, 9
, 37
, 152
, 186
, 3
, 30
, 159
, 89
, 100
, 134
, 55
, 175
, 14
, 40
, 149
, 168
, 21
, 6
, 183
, 14
, 175
, 177
, 12
, 162
, 27
, 51
, 138
, 51
, 138
, 146
, 43
, 150
, 39
, 171
, 18
, 24
, 165
, 60
, 129
, 19
, 170
, 45
, 144
, 165
, 24
, 125
, 64
, 24
, 165
, 162
, 27
, 91
, 98
, 12
, 177
, 63
, 126
, 62
, 127
, 130
, 59
, 149
, 40
, 70
, 119
, 169
, 20
, 41
, 148
, 1
, 188
, 159
, 30
, 42
, 147
, 61
, 128
, 164
, 25
, 93
, 96
, 81
, 108
, 24
, 165
, 56
, 133
, 125
, 64
, 53
, 136
, 64
, 125
, 120
, 69
, 53
, 136
, 8
, 181
, 186
, 3
, 127
, 62
, 79
, 110
, 18
, 171
, 10
, 179
, 23
, 166
, 31
, 158
, 14
, 175
, 127
, 62
, 29
, 160
, 162
, 27
, 126
, 63
, 28
, 161
, 7
, 182
, 26
, 163
, 100
, 89
, 96
, 93
, 177
, 12
, 86
, 103
, 136
, 53
, 187
, 2
, 24
, 165
, 58
, 131
, 135
, 54
, 111
, 78
, 63
, 126
, 63
, 126
, 155
, 34
, 73
, 116
, 54
, 135
, 142
, 47
, 6
, 183
, 177
, 12
, 68
, 121
, 40
, 149
, 85
, 104
, 81
, 108
, 57
, 132
, 146
, 43
, 40
, 149
, 169
, 20
, 107
, 82
, 69
, 120
, 80
, 109
, 144
, 45
, 132
, 57
, 165
, 24
, 140
, 49
, 28
, 161
, 120
, 69
, 143
, 46
, 14
, 175
, 89
, 100
, 73
, 116
, 52
, 137
, 27
, 162
, 76
, 113
, 143
, 46
, 91
, 98
, 65
, 124
, 5
, 184
, 24
, 165
, 15
, 174
, 21
, 168
, 118
, 71
, 154
, 35
, 136
, 53
, 124
, 65
, 106
, 83
, 151
, 38
, 8
, 181
, 165
, 24
, 67
, 122
, 133
, 56
, 138
, 51
, 91
, 98
, 175
, 14
, 111
, 78
, 185
, 4
, 73
, 116
, 128
, 61
, 140
, 49
, 130
, 59
, 73
, 116
, 41
, 148
, 126
, 63
, 28
, 161
, 160
, 29
, 95
, 94
, 11
, 178
, 151
, 38
, 161
, 28
, 116
, 73
, 58
, 131
, 6
, 183
, 29
, 160
, 101
, 88
, 175
, 14
, 148
, 41
, 161
, 28
, 63
, 126
, 133
, 56
, 62
, 127
, 133
, 56
, 66
, 123
, 39
, 150
, 179
, 10
, 68
, 121
, 1
, 188
, 74
, 115
, 145
, 44
, 90
, 99
, 109
, 80
, 141
, 48
, 132
, 57
, 180
, 9
, 171
, 18
, 179
, 10
, 136
, 53
, 101
, 88
, 132
, 57
, 44
, 145
, 166
, 23
, 13
, 176
, 119
, 70
, 105
, 84
, 70
, 119
, 115
, 74
, 46
, 143
, 139
, 50
, 13
, 176
, 46
, 143
, 170
, 19
, 115
, 74
, 111
, 78
, 138
, 51
, 87
, 102
, 20
, 169
, 51
, 138
, 22
, 167
, 75
, 114
, 66
, 123
, 114
, 75
, 37
, 152
, 28
, 161
, 96
, 93
, 63
, 126
, 89
, 100
, 84
, 105
, 117
, 72
, 49
, 140
, 55
, 134
, 33
, 156
, 23
, 166
, 131
, 58
, 74
, 115
, 156
, 33
, 39
, 150
, 23
, 166
, 162
, 27
, 62
, 127
, 62
, 127
, 45
, 144
, 60
, 129
, 162
, 27
, 161
, 28
, 87
, 102
, 119
, 70
, 73
, 116
, 59
, 130
, 35
, 154
, 36
, 153
, 148
, 41
, 2
, 187
, 133
, 56
, 118
, 71
, 56
, 133
, 6
, 183
, 110
, 79
, 102
, 87
, 162
, 27
, 166
, 23
, 163
, 26
, 86
, 103
, 177
, 12
, 158
, 31
, 143
, 46
, 23
, 166
, 164
, 25
, 56
, 133
, 113
, 76
, 126
, 63
, 112
, 77
, 106
, 83
, 79
, 110
, 56
, 133
, 22
, 167
, 61
, 128
, 32
, 157
, 53
, 136
, 93
, 96
, 165
, 24
, 52
, 137
, 171
, 18
, 79
, 110
, 80
, 109
, 123
, 66
, 12
, 177
, 31
, 158
, 97
, 92
, 10
, 179
, 88
, 101
, 46
, 143
, 143
, 46
, 155
, 34
, 162
, 27
, 52
, 137
, 44
, 145
, 19
, 170
, 131
, 58
, 40
, 149
, 171
, 18
, 98
, 91
, 67
, 122
, 62
, 127
, 170
, 19
, 21
, 168
, 157
, 32
, 170
, 19
, 60
, 129
, 1
, 188
, 15
, 174
, 113
, 76
, 83
, 106
, 183
, 6
, 141
, 48
, 72
, 117
, 94
, 95
, 47
, 142
, 150
, 39
, 119
, 70
, 165
, 24
, 125
, 64
, 124
, 65
, 174
, 15
, 101
, 88
, 41
, 148
, 63
, 126
, 132
, 57
, 180
, 9
, 125
, 64
, 146
, 43
, 27
, 162
, 162
, 27
, 121
, 68
, 61
, 128
, 2
, 187
, 182
, 7
, 42
, 147
, 106
, 83
, 133
, 56
, 154
, 35
, 63
, 126
, 169
, 20
, 184
, 5
, 99
, 90
, 168
, 21
, 89
, 100
, 186
, 3
, 82
, 107
, 91
, 98
, 146
, 43
, 187
, 2
, 17
, 172
, 36
, 153
, 120
, 69
, 6
, 183
, 164
, 25
, 8
, 181
, 109
, 80
, 140
, 49
, 178
, 11
, 107
, 82
, 113
, 76
, 92
, 97
, 15
, 174
, 129
, 60
, 155
, 34
, 18
, 171
, 136
, 53
, 33
, 156
, 155
, 34
, 130
, 59
, 105
, 84
, 68
, 121
, 133
, 56
, 144
, 45
, 94
, 95
, 152
, 37
, 70
, 119
, 7
, 182
, 163
, 26
, 145
, 44
, 69
, 120
, 30
, 159
, 133
, 56
, 107
, 82
, 29
, 160
, 140
, 49
, 48
, 141
, 40
, 149
, 44
, 145
, 139
, 50
, 123
, 66
, 76
, 113
, 59
, 130
, 133
, 56
, 144
, 45
, 152
, 37
, 88
, 101
, 75
, 114
, 34
, 155
, 82
, 107
, 184
, 5
, 20
, 169
, 24
, 165
, 35
, 154
, 71
, 118
, 115
, 74
, 150
, 39
, 98
, 91
, 112
, 77
, 49
, 140
, 152
, 37
, 156
, 33
, 165
, 24
, 52
, 137
, 130
, 59
, 133
, 56
, 93
, 96
, 83
, 106
, 117
, 72
, 58
, 131
, 151
, 38
, 66
, 123
, 99
, 90
, 28
, 161
, 9
, 180
, 18
, 171
, 107
, 82
, 102
, 87
, 41
, 148
, 50
, 139
, 153
, 36
, 173
, 16
, 68
, 121
, 58
, 131
, 94
, 95
, 176
, 13
, 21
, 168
, 28
, 161
, 156
, 33
, 39
, 150
, 145
, 44
, 66
, 123
, 22
, 167
, 150
, 39
, 145
, 44
, 52
, 137
, 48
, 141
, 101
, 88
, 64
, 125
, 104
, 85
, 32
, 157
, 166
, 23
, 73
, 116
, 11
, 178
, 62
, 127
, 185
, 4
, 31
, 158
, 182
, 7
, 168
, 21
, 177
, 12
, 47
, 142
, 8
, 181
, 136
, 53
, 14
, 175
, 9
, 180
, 94
, 95
, 170
, 19
, 47
, 142
, 89
, 100
, 183
, 6
, 187
, 2
, 147
, 42
, 53
, 136
, 57
, 132
, 115
, 74
, 14
, 175
, 183
, 6
, 97
, 92
, 177
, 12
, 151
, 38
, 34
, 155
, 174
, 15
, 132
, 57
, 115
, 74
, 67
, 122
, 143
, 46
, 71
, 118
, 182
, 7
, 28
, 161
, 64
, 125
, 14
, 175
, 38
, 151
, 143
, 46
, 120
, 69
, 154
, 35
, 110
, 79
, 106
, 83
, 25
, 164
, 156
, 33
, 119
, 70
, 19
, 170
, 103
, 86
, 55
, 134
, 145
, 44
, 81
, 108
, 184
, 5
, 126
, 63
, 116
, 73
, 79
, 110
, 174
, 15
, 145
, 44
, 47
, 142
, 85
, 104
, 136
, 53
, 61
, 128
, 75
, 114
, 128
, 61
, 47
, 142
, 155
, 34
, 108
, 81
, 2
, 187
, 57
, 132
, 141
, 48
, 174
, 15
, 127
, 62
, 65
, 124
, 165
, 24
, 121
, 68
, 114
, 75
, 75
, 114
, 105
, 84
, 20
, 169
, 37
, 152
, 32
, 157
, 185
, 4
, 179
, 10
, 94
, 95
, 150
, 39
, 61
, 128
, 91
, 98
, 43
, 146
, 56
, 133
, 94
, 95
, 92
, 97
, 144
, 45
, 72
, 117
, 38
, 151
, 148
, 41
, 59
, 130
, 175
, 14
, 150
, 39
, 51
, 138
, 89
, 100
, 30
, 159
, 98
, 91
, 51
, 138
, 185
, 4
, 166
, 23
, 59
, 130
, 61
, 128
, 156
, 33
, 87
, 102
, 180
, 9
, 80
, 109
, 143
, 46
, 73
, 116
, 85
, 104
, 99
, 90
, 103
, 86
, 87
, 102
, 172
, 17
, 109
, 80
, 51
, 138
, 136
, 53
, 153
, 36
, 174
, 15
, 155
, 34
, 10
, 179
, 68
, 121
, 14
, 175
, 41
, 148
, 50
, 139
, 162
, 27
, 19
, 170
, 19
, 170
, 42
, 147
, 53
, 136
, 99
, 90
, 82
, 107
, 67
, 122
, 115
, 74
, 171
, 18
, 91
, 98
, 131
, 58
, 142
, 47
, 108
, 81
, 154
, 35
, 150
, 39
, 75
, 114
, 96
, 93
, 74
, 115
, 100
, 89
, 166
, 23
, 138
, 51
, 30
, 159
, 51
, 138
, 18
, 171
, 15
, 174
, 82
, 107
, 82
, 107
, 84
, 105
, 48
, 141
, 159
, 30
, 46
, 143
, 104
, 85
, 121
, 68
, 106
, 83
, 35
, 154
, 52
, 137
, 60
, 129
, 179
, 10
, 162
, 27
, 184
, 5
, 60
, 129
, 180
, 9
, 180
, 9
, 82
, 107
, 137
, 52
, 134
, 55
, 36
, 153
, 187
, 2
, 152
, 37
, 156
, 33
, 4
, 185
, 177
, 12
, 96
, 93
, 25
, 164
, 122
, 67
, 104
, 85
, 59
, 130
, 33
, 156
, 35
, 154
, 177
, 12
, 55
, 134
, 13
, 176
, 124
, 65
, 130
, 59
, 56
, 133
, 102
, 87
, 136
, 53
, 157
, 32
, 24
, 165
, 79
, 110
, 29
, 160
, 180
, 9
, 24
, 165
, 186
, 3
, 145
, 44
, 184
, 5
, 63
, 126
, 126
, 63
, 123
, 66
, 43
, 146
, 33
, 156
, 177
, 12
, 172
, 17
, 152
, 37
, 24
, 165
, 118
, 71
, 6
, 183
, 143
, 46
, 53
, 136
, 122
, 67
, 22
, 167
, 143
, 46
, 111
, 78
, 154
, 35
, 47
, 142
, 172
, 17
, 18
, 171
, 133
, 56
, 125
, 64
, 140
, 49
, 20
, 169
, 3
, 186
, 16
, 173
, 186
, 3
, 114
, 75
, 1
, 188
, 75
, 114
, 184
, 5
, 9
, 180
, 120
, 69
, 51
, 138
, 120
, 69
, 136
, 53
, 77
, 112
, 10
, 179
, 23
, 166
, 45
, 144
, 173
, 16
, 43
, 146
, 181
, 8
, 134
, 55
, 170
, 19
, 76
, 113
, 186
, 3
, 37
, 152
, 169
, 20
, 1
, 188
, 19
, 170
, 47
, 142
, 134
, 55
, 86
, 103
, 123
, 66
, 154
, 35
, 116
, 73
, 58
, 131
, 125
, 64
, 160
, 29
, 38
, 151
, 113
, 76
, 157
, 32
, 97
, 92
, 156
, 33
, 92
, 97
, 8
, 181
, 109
, 80
, 66
, 123
, 162
, 27
, 110
, 79
, 178
, 11
, 140
, 49
, 183
, 6
, 66
, 123
, 154
, 35
, 178
, 11
, 37
, 152
, 176
, 13
, 25
, 164
, 19
, 170
, 177
, 12
, 25
, 164
, 32
, 157
, 38
, 151
, 8
, 181
, 152
, 37
, 20
, 169
, 49
, 140
, 113
, 76
, 19
, 170
, 51
, 138
, 64
, 125
, 129
, 60
, 73
, 116
, 93
, 96
, 90
, 99
, 176
, 13
, 118
, 71
, 13
, 176
, 165
, 24
, 181
, 8
, 140
, 49
, 163
, 26
, 99
, 90
, 108
, 81
, 57
, 132
, 128
, 61
, 56
, 133
, 64
, 125
, 38
, 151
, 159
, 30
, 187
, 2
, 162
, 27
, 126
, 63
, 24
, 165
, 54
, 135
, 118
, 71
, 46
, 143
, 16
, 173
, 62
, 127
, 134
, 55
, 74
, 115
, 51
, 138
, 47
, 142
, 132
, 57
, 142
, 47
, 25
, 164
, 173
, 16
, 76
, 113
, 82
, 107
, 21
, 168
, 51
, 138
, 52
, 137
, 89
, 100
, 30
, 159
, 140
, 49
, 56
, 133
, 120
, 69
, 14
, 175
, 37
, 152
, 49
, 140
, 137
, 52
, 39
, 150
, 71
, 118
, 112
, 77
, 179
, 10
, 26
, 163
, 93
, 96
, 60
, 129
, 145
, 44
, 87
, 102
, 77
, 112
, 155
, 34
, 91
, 98
, 13
, 176
, 144
, 45
, 152
, 37
, 97
, 92
, 126
, 63
, 30
, 159
, 100
, 89
, 152
, 37
, 5
, 184
, 167
, 22
, 133
, 56
, 33
, 156
, 48
, 141
, 23
, 166
, 5
, 184
, 70
, 119
, 153
, 36
, 145
, 44
, 111
, 78
, 174
, 15
, 129
, 60
, 24
, 165
, 19
, 170
, 57
, 132
, 166
, 23
, 179
, 10
, 53
, 136
, 39
, 150
, 128
, 61
, 50
, 139
, 156
, 33
, 47
, 142
, 100
, 89
, 118
, 71
, 60
, 129
, 79
, 110
, 35
, 154
, 141
, 48
, 119
, 70
, 76
, 113
, 137
, 52
, 141
, 48
, 104
, 85
, 97
, 92
, 135
, 54
, 138
, 51
, 38
, 151
, 126
, 63
, 123
, 66
, 87
, 102
, 61
, 128
, 120
, 69
, 156
, 33
, 100
, 89
, 55
, 134
, 105
, 84
, 158
, 31
, 165
, 24
, 77
, 112
, 118
, 71
, 54
, 135
, 126
, 63
, 174
, 15
, 115
, 74
, 89
, 100
, 44
, 145
, 23
, 166
, 182
, 7
, 75
, 114
, 128
, 61
, 179
, 10
, 77
, 112
, 163
, 26
, 73
, 116
, 11
, 178
, 50
, 139
, 118
, 71
, 111
, 78
, 13
, 176
, 12
, 177
, 169
, 20
, 158
, 31
, 59
, 130
, 169
, 20
, 64
, 125
, 163
, 26
, 14
, 175
, 40
, 149
, 49
, 140
, 54
, 135
, 166
, 23
, 186
, 3
, 43
, 146
, 60
, 129
, 77
, 112
, 66
, 123
, 169
, 20
, 121
, 68
, 10
, 179
, 137
, 52
, 5
, 184
, 84
, 105
, 136
, 53
, 130
, 59
, 163
, 26
, 64
, 125
, 37
, 152
, 123
, 66
, 72
, 117
, 154
, 35
, 20
, 169
, 52
, 137
, 108
, 81
, 2
, 187
, 169
, 20
, 132
, 57
, 88
, 101
, 187
, 2
, 161
, 28
, 34
, 155
, 126
, 63
, 68
, 121
, 39
, 150
, 82
, 107
, 76
, 113
, 46
, 143
, 180
, 9
, 92
, 97
, 157
, 32
, 93
, 96
, 67
, 122
, 138
, 51
, 40
, 149
, 114
, 75
, 119
, 70
, 70
, 119
, 37
, 152
, 63
, 126
, 44
, 145
, 122
, 67
, 108
, 81
, 140
, 49
, 142
, 47
, 47
, 142
, 120
, 69
, 16
, 173
, 178
, 11
, 90
, 99
, 12
, 177
, 74
, 115
, 75
, 114
, 9
, 180
, 164
, 25
, 122
, 67
, 158
, 31
, 36
, 153
, 19
, 170
, 103
, 86
, 117
, 72
, 8
, 181
, 107
, 82
, 166
, 23
, 119
, 70
, 53
, 136
, 164
, 25
, 153
, 36
, 128
, 61
, 187
, 2
, 88
, 101
, 24
, 165
, 41
, 148
, 90
, 99
, 104
, 85
, 9
, 180
, 85
, 104
, 107
, 82
, 100
, 89
, 79
, 110
, 185
, 4
, 172
, 17
, 116
, 73
, 56
, 133
, 13
, 176
, 95
, 94
, 187
, 2
, 54
, 135
, 46
, 143
, 178
, 11
, 69
, 120
, 34
, 155
, 33
, 156
, 11
, 178
, 90
, 99
, 180
, 9
, 79
, 110
, 88
, 101
, 146
, 43
, 22
, 167
, 44
, 145
, 6
, 183
, 186
, 3
, 165
, 24
, 167
, 22
, 113
, 76
, 66
, 123
, 43
, 146
, 55
, 134
, 121
, 68
, 165
, 24
, 152
, 37
, 183
, 6
, 96
, 93
, 183
, 6
, 98
, 91
, 165
, 24
, 3
, 186
, 93
, 96
, 100
, 89
, 158
, 31
, 126
, 63
, 41
, 148
, 41
, 148
, 166
, 23
, 21
, 168
, 160
, 29
, 81
, 108
, 24
, 165
, 153
, 36
, 4
, 185
, 28
, 161
, 113
, 76
, 109
, 80
, 108
, 81
, 79
, 110
, 30
, 159
, 67
, 122
, 147
, 42
, 174
, 15
, 124
, 65
, 91
, 98
, 166
, 23
, 154
, 35
, 64
, 125
, 143
, 46
, 75
, 114
, 164
, 25
, 114
, 75
, 131
, 58
, 156
, 33
, 138
, 51
, 107
, 82
, 184
, 5
, 10
, 179
, 175
, 14
, 56
, 133
, 185
, 4
, 37
, 152
, 61
, 128
, 118
, 71
, 6
, 183
, 78
, 111
, 113
, 76
, 166
, 23
, 36
, 153
, 90
, 99
, 76
, 113
, 102
, 87
, 41
, 148
, 174
, 15
, 137
, 52
, 63
, 126
, 87
, 102
, 19
, 170
, 34
, 155
, 76
, 113
, 103
, 86
, 4
, 185
, 18
, 171
, 149
, 40
, 169
, 20
, 121
, 68
, 109
, 80
, 91
, 98
, 88
, 101
, 12
, 177
, 176
, 13
, 187
, 2
, 31
, 158
, 90
, 99
, 148
, 41
, 177
, 12
, 91
, 98
, 106
, 83
, 10
, 179
, 184
, 5
, 154
, 35
, 31
, 158
, 31
, 158
, 183
, 6
, 80
, 109
, 155
, 34
, 102
, 87
, 29
, 160
, 20
, 169
, 69
, 120
, 6
, 183
, 159
, 30
, 33
, 156
, 140
, 49
, 38
, 151
, 18
, 171
, 103
, 86
, 71
, 118
, 37
, 152
, 187
, 2
, 163
, 26
, 186
, 3
, 57
, 132
, 130
, 59
, 56
, 133
, 29
, 160
, 157
, 32
, 128
, 61
, 173
, 16
, 114
, 75
, 160
, 29
, 153
, 36
, 90
, 99
, 112
, 77
, 5
, 184
, 57
, 132
, 179
, 10
, 177
, 12
, 46
, 143
, 118
, 71
, 113
, 76
, 116
, 73
, 152
, 37
, 113
, 76
, 110
, 79
, 108
, 81
, 24
, 165
, 38
, 151
, 114
, 75
, 26
, 163
, 122
, 67
, 40
, 149
, 52
, 137
, 27
, 162
, 160
, 29
, 159
, 30
, 59
, 130
, 180
, 9
, 41
, 148
, 174
, 15
, 169
, 20
, 64
, 125
, 120
, 69
, 76
, 113
, 93
, 96
, 12
, 177
, 42
, 147
, 117
, 72
, 133
, 56
, 108
, 81
, 187
, 2
, 135
, 54
, 22
, 167
, 100
, 89
, 18
, 171
, 136
, 53
, 157
, 32
, 183
, 6
, 43
, 146
, 11
, 178
, 168
, 21
, 175
, 14
, 95
, 94
, 42
, 147
, 64
, 125
, 181
, 8
, 165
, 24
, 157
, 32
, 26
, 163
, 103
, 86
, 94
, 95
, 99
, 90
, 11
, 178
, 161
, 28
, 155
, 34
, 173
, 16
, 24
, 165
, 22
, 167
, 15
, 174
, 5
, 184
, 82
, 107
, 98
, 91
, 52
, 137
, 60
, 129
, 72
, 117
, 42
, 147
, 107
, 82
, 114
, 75
, 155
, 34
, 9
, 180
, 57
, 132
, 53
, 136
, 151
, 38
, 52
, 137
, 18
, 171
, 39
, 150
, 3
, 186
, 139
, 50
, 122
, 67
, 8
, 181
, 69
, 120
, 48
, 141
, 93
, 96
, 149
, 40
, 97
, 92
, 17
, 172
, 119
, 70
, 12
, 177
, 68
, 121
, 9
, 180
, 15
, 174
, 15
, 174
, 169
, 20
, 60
, 129
, 104
, 85
, 150
, 39
, 34
, 155
, 164
, 25
, 82
, 107
, 28
, 161
, 102
, 87
, 8
, 181
, 104
, 85
, 71
, 118
, 163
, 26
, 89
, 100
, 10
, 179
, 11
, 178
, 124
, 65
, 108
, 81
, 24
, 165
, 69
, 120
, 53
, 136
, 50
, 139
, 88
, 101
, 63
, 126
, 86
, 103
, 37
, 152
, 150
, 39
, 88
, 101
, 32
, 157
, 55
, 134
, 11
, 178
, 165
, 24
, 151
, 38
, 166
, 23
, 42
, 147
, 162
, 27
, 40
, 149
, 119
, 70
, 66
, 123
, 49
, 140
, 44
, 145
, 29
, 160
, 120
, 69
, 13
, 176
, 108
, 81
, 186
, 3
, 122
, 67
, 18
, 171
, 50
, 139
, 130
, 59
, 152
, 37
, 93
, 96
, 115
, 74
, 184
, 5
, 31
, 158
, 62
, 127
, 134
, 55
, 17
, 172
, 142
, 47
, 134
, 55
, 156
, 33
, 93
, 96
, 43
, 146
, 159
, 30
, 158
, 31
, 56
, 133
, 159
, 30
, 182
, 7
, 39
, 150
, 16
, 173
, 105
, 84
, 71
, 118
, 47
, 142
, 94
, 95
, 158
, 31
, 151
, 38
, 72
, 117
, 92
, 97
, 48
, 141
, 129
, 60
, 56
, 133
, 12
, 177
, 93
, 96
, 104
, 85
, 160
, 29
, 187
, 2
, 114
, 75
, 56
, 133
, 64
, 125
, 150
, 39
, 158
, 31
, 57
, 132
, 168
, 21
, 96
, 93
, 16
, 173
, 98
, 91
, 150
, 39
, 70
, 119
, 186
, 3
, 34
, 155
, 134
, 55
, 141
, 48
, 50
, 139
, 2
, 187
, 81
, 108
, 28
, 161
, 97
, 92
, 84
, 105
, 150
, 39
, 93
, 96
, 176
, 13
, 116
, 73
, 161
, 28
, 128
, 61
, 185
, 4
, 53
, 136
, 121
, 68
, 40
, 149
, 177
, 12
, 109
, 80
, 1
, 188
, 169
, 20
, 124
, 65
, 162
, 27
, 176
, 13
, 102
, 87
, 129
, 60
, 2
, 187
, 39
, 150
, 179
, 10
, 179
, 10
, 47
, 142
, 159
, 30
, 153
, 36
, 133
, 56
, 52
, 137
, 20
, 169
, 174
, 15
, 130
, 59
, 110
, 79
, 27
, 162
, 143
, 46
, 115
, 74
, 1
, 188
, 8
, 181
, 4
, 185
, 185
, 4
, 24
, 165
, 62
, 127
, 18
, 171
, 15
, 174
, 76
, 113
, 54
, 135
, 87
, 102
, 67
, 122
, 52
, 137
, 79
, 110
, 154
, 35
, 98
, 91
, 153
, 36
, 98
, 91
, 134
, 55
, 127
, 62
, 108
, 81
, 181
, 8
, 93
, 96
, 107
, 82
, 95
, 94
, 172
, 17
, 25
, 164
, 70
, 119
, 52
, 137
, 91
, 98
, 149
, 40
, 122
, 67
, 46
, 143
, 100
, 89
, 10
, 179
, 79
, 110
, 35
, 154
, 129
, 60
, 22
, 167
, 103
, 86
, 176
, 13
, 4
, 185
, 118
, 71
, 131
, 58
, 159
, 30
, 4
, 185
, 99
, 90
, 4
, 185
, 69
, 120
, 110
, 79
, 126
, 63
, 12
, 177
, 78
, 111
, 160
, 29
, 21
, 168
, 140
, 49
, 59
, 130
, 33
, 156
, 16
, 173
, 69
, 120
, 184
, 5
, 150
, 39
, 101
, 88
, 39
, 150
, 149
, 40
, 136
, 53
, 86
, 103
, 86
, 103
, 10
, 179
, 10
, 179
, 49
, 140
, 180
, 9
, 49
, 140
, 122
, 67
, 137
, 52
, 12
, 177
, 136
, 53
, 56
, 133
, 50
, 139
, 123
, 66
, 164
, 25
, 31
, 158
, 93
, 96
, 63
, 126
, 184
, 5
, 43
, 146
, 119
, 70
, 170
, 19
, 132
, 57
, 98
, 91
, 44
, 145
, 60
, 129
, 173
, 16
, 90
, 99
, 64
, 125
, 20
, 169
, 160
, 29
, 166
, 23
, 160
, 29
, 134
, 55
, 61
, 128
, 116
, 73
, 93
, 96
, 115
, 74
, 34
, 155
, 49
, 140
, 50
, 139
, 65
, 124
, 149
, 40
, 157
, 32
, 179
, 10
, 123
, 66
, 163
, 26
, 158
, 31
, 128
, 61
, 112
, 77
, 5
, 184
, 120
, 69
, 34
, 155
, 122
, 67
, 97
, 92
, 79
, 110
, 68
, 121
, 112
, 77
, 164
, 25
, 22
, 167
, 66
, 123
, 6
, 183
, 179
, 10
, 177
, 12
, 120
, 69
, 159
, 30
, 21
, 168
, 42
, 147
, 120
, 69
, 143
, 46
, 12
, 177
, 96
, 93
, 55
, 134
, 175
, 14
, 78
, 111
, 102
, 87
, 84
, 105
, 10
, 179
, 3
, 186
, 103
, 86
, 115
, 74
, 62
, 127
, 127
, 62
, 172
, 17
, 155
, 34
, 134
, 55
, 184
, 5
, 8
, 181
, 42
, 147
, 10
, 179
, 116
, 73
, 49
, 140
, 66
, 123
, 33
, 156
, 184
, 5
, 10
, 179
, 165
, 24
, 101
, 88
, 134
, 55
, 44
, 145
, 20
, 169
, 147
, 42
, 137
, 52
, 138
, 51
, 14
, 175
, 113
, 76
, 59
, 130
, 83
, 106
, 132
, 57
, 37
, 152
, 92
, 97
, 187
, 2
, 117
, 72
, 132
, 57
, 114
, 75
, 100
, 89
, 28
, 161
, 29
, 160
, 45
, 144
, 68
, 121
, 23
, 166
, 163
, 26
, 39
, 150
, 116
, 73
, 25
, 164
, 25
, 164
, 126
, 63
, 56
, 133
, 170
, 19
, 28
, 161
, 68
, 121
, 159
, 30
, 128
, 61
, 11
, 178
, 174
, 15
, 119
, 70
, 90
, 99
, 59
, 130
, 173
, 16
, 96
, 93
, 54
, 135
, 41
, 148
, 85
, 104
, 186
, 3
, 172
, 17
, 60
, 129
, 10
, 179
, 146
, 43
, 74
, 115
, 17
, 172
, 116
, 73
, 184
, 5
, 87
, 102
, 39
, 150
, 158
, 31
, 70
, 119
, 31
, 158
, 148
, 41
, 165
, 24
, 105
, 84
, 104
, 85
, 73
, 116
, 175
, 14
, 132
, 57
, 70
, 119
, 76
, 113
, 10
, 179
, 160
, 29
, 30
, 159
, 56
, 133
, 159
, 30
, 136
, 53
, 140
, 49
, 48
, 141
, 111
, 78
, 121
, 68
, 40
, 149
, 38
, 151
, 47
, 142
, 64
, 125
, 77
, 112
, 157
, 32
, 5
, 184
, 37
, 152
, 158
, 31
, 156
, 33
, 21
, 168
, 178
, 11
, 91
, 98
, 148
, 41
, 181
, 8
, 106
, 83
, 51
, 138
, 69
, 120
, 166
, 23
, 176
, 13
, 53
, 136
, 77
, 112
, 27
, 162
, 43
, 146
, 177
, 12
, 67
, 122
, 49
, 140
, 14
, 175
, 154
, 35
, 37
, 152
, 48
, 141
, 106
, 83
, 133
, 56
, 101
, 88
, 111
, 78
, 139
, 50
, 139
, 50
, 28
, 161
, 39
, 150
, 116
, 73
, 38
, 151
, 73
, 116
, 4
, 185
, 118
, 71
, 48
, 141
, 118
, 71
, 24
, 165
, 133
, 56
, 55
, 134
, 120
, 69
, 32
, 157
, 63
, 126
, 130
, 59
, 107
, 82
, 54
, 135
, 162
, 27
, 82
, 107
, 151
, 38
, 155
, 34
, 55
, 134
, 140
, 49
, 48
, 141
, 129
, 60
, 74
, 115
, 40
, 149
, 6
, 183
, 48
, 141
, 71
, 118
, 102
, 87
, 169
, 20
, 23
, 166
, 5
, 184
, 19
, 170
, 176
, 13
, 187
, 2
, 49
, 140
, 41
, 148
, 148
, 41
, 89
, 100
, 88
, 101
, 71
, 118
, 67
, 122
, 131
, 58
, 79
, 110
, 155
, 34
, 46
, 143
, 51
, 138
, 54
, 135
, 50
, 139
, 159
, 30
, 35
, 154
, 86
, 103
, 107
, 82
, 40
, 149
, 140
, 49
, 73
, 116
, 71
, 118
, 181
, 8
, 136
, 53
, 101
, 88
, 30
, 159
, 36
, 153
, 35
, 154
, 27
, 162
, 25
, 164
, 13
, 176
, 29
, 160
, 68
, 121
, 165
, 24
, 82
, 107
, 54
, 135
, 7
, 182
, 115
, 74
, 35
, 154
, 2
, 187
, 139
, 50
, 68
, 121
, 122
, 67
, 171
, 18
, 30
, 159
, 59
, 130
, 69
, 120
, 123
, 66
, 165
, 24
, 119
, 70
, 97
, 92
, 132
, 57
, 168
, 21
, 183
, 6
, 181
, 8
, 184
, 5
, 81
, 108
, 14
, 175
, 119
, 70
, 2
, 187
, 78
, 111
, 64
, 125
, 52
, 137
, 23
, 166
, 122
, 67
, 48
, 141
, 100
, 89
, 154
, 35
, 48
, 141
, 20
, 169
, 39
, 150
, 96
, 93
, 124
, 65
, 27
, 162
, 54
, 135
, 91
, 98
, 38
, 151
, 77
, 112
, 65
, 124
, 26
, 163
, 182
, 7
, 36
, 153
, 105
, 84
, 120
, 69
, 105
, 84
, 151
, 38
, 84
, 105
, 68
, 121
, 14
, 175
, 169
, 20
, 138
, 51
, 173
, 16
, 151
, 38
, 3
, 186
, 160
, 29
, 114
, 75
, 140
, 49
, 83
, 106
, 91
, 98
, 160
, 29
, 148
, 41
, 127
, 62
, 142
, 47
, 67
, 122
, 126
, 63
, 148
, 41
, 50
, 139
, 89
, 100
, 7
, 182
, 134
, 55
, 164
, 25
, 80
, 109
, 44
, 145
, 52
, 137
, 148
, 41
, 91
, 98
, 15
, 174
, 179
, 10
, 32
, 157
, 23
, 166
, 163
, 26
, 101
, 88
, 131
, 58
, 64
, 125
, 103
, 86
, 67
, 122
, 145
, 44
, 145
, 44
, 116
, 73
, 172
, 17
, 62
, 127
, 145
, 44
, 63
, 126
, 109
, 80
, 123
, 66
, 8
, 181
, 27
, 162
, 4
, 185
, 185
, 4
, 48
, 141
, 80
, 109
, 10
, 179
, 170
, 19
, 69
, 120
, 34
, 155
, 90
, 99
, 48
, 141
, 54
, 135
, 136
, 53
, 90
, 99
, 162
, 27
, 181
, 8
, 159
, 30
, 76
, 113
, 21
, 168
, 29
, 160
, 70
, 119
, 156
, 33
, 171
, 18
, 10
, 179
, 37
, 152
, 10
, 179
, 111
, 78
, 94
, 95
, 166
, 23
, 15
, 174
, 119
, 70
, 178
, 11
, 121
, 68
, 149
, 40
, 87
, 102
, 34
, 155
, 84
, 105
, 130
, 59
, 38
, 151
, 90
, 99
, 154
, 35
, 58
, 131
, 73
, 116
, 121
, 68
, 123
, 66
, 150
, 39
, 95
, 94
, 156
, 33
, 56
, 133
, 152
, 37
, 100
, 89
, 5
, 184
, 146
, 43
, 36
, 153
, 121
, 68
, 17
, 172
, 131
, 58
, 80
, 109
, 60
, 129
, 127
, 62
, 125
, 64
, 122
, 67
, 26
, 163
, 100
, 89
, 55
, 134
, 2
, 187
, 142
, 47
, 181
, 8
, 76
, 113
, 139
, 50
, 48
, 141
, 39
, 150
, 187
, 2
, 23
, 166
, 69
, 120
, 90
, 99
, 113
, 76
, 9
, 180
, 47
, 142
, 172
, 17
, 118
, 71
, 48
, 141
, 92
, 97
, 52
, 137
, 14
, 175
, 52
, 137
, 47
, 142
, 19
, 170
, 59
, 130
, 62
, 127
, 59
, 130
, 183
, 6
, 138
, 51
, 136
, 53
, 44
, 145
, 40
, 149
, 164
, 25
, 67
, 122
, 144
, 45
, 133
, 56
, 33
, 156
, 95
, 94
, 75
, 114
, 135
, 54
, 176
, 13
, 53
, 136
, 148
, 41
, 5
, 184
, 155
, 34
, 18
, 171
, 52
, 137
, 19
, 170
, 101
, 88
, 33
, 156
, 122
, 67
, 129
, 60
, 166
, 23
, 92
, 97
, 166
, 23
, 117
, 72
, 104
, 85
, 6
, 183
, 122
, 67
, 118
, 71
, 117
, 72
, 124
, 65
, 135
, 54
, 177
, 12
, 60
, 129
, 112
, 77
, 65
, 124
, 35
, 154
, 91
, 98
, 2
, 187
, 143
, 46
, 175
, 14
, 68
, 121
, 111
, 78
, 161
, 28
, 114
, 75
, 60
, 129
, 172
, 17
, 56
, 133
, 101
, 88
, 23
, 166
, 126
, 63
, 53
, 136
, 80
, 109
, 3
, 186
, 73
, 116
, 77
, 112
, 50
, 139
, 35
, 154
, 51
, 138
, 67
, 122
, 56
, 133
, 133
, 56
, 92
, 97
, 164
, 25
, 17
, 172
, 38
, 151
, 85
, 104
, 96
, 93
, 164
, 25
, 149
, 40
, 147
, 42
, 66
, 123
, 38
, 151
, 112
, 77
, 124
, 65
, 12
, 177
, 51
, 138
, 51
, 138
, 117
, 72
, 150
, 39
, 19
, 170
, 112
, 77
, 28
, 161
, 87
, 102
, 111
, 78
, 74
, 115
, 32
, 157
, 18
, 171
, 68
, 121
, 96
, 93
, 36
, 153
, 27
, 162
, 78
, 111
, 46
, 143
, 86
, 103
, 114
, 75
, 39
, 150
, 23
, 166
, 69
, 120
, 31
, 158
, 86
, 103
, 105
, 84
, 144
, 45
, 66
, 123
, 135
, 54
, 171
, 18
, 116
, 73
, 163
, 26
, 177
, 12
, 182
, 7
, 36
, 153
, 65
, 124
, 180
, 9
, 94
, 95
, 95
, 94
, 87
, 102
, 7
, 182
, 68
, 121
, 132
, 57
, 98
, 91
, 65
, 124
, 157
, 32
, 72
, 117
, 99
, 90
, 28
, 161
, 73
, 116
, 9
, 180
, 160
, 29
, 103
, 86
, 51
, 138
, 123
, 66
, 153
, 36
, 139
, 50
, 1
, 188
, 18
, 171
, 182
, 7
, 87
, 102
, 180
, 9
, 176
, 13
, 181
, 8
, 180
, 9
, 164
, 25
, 16
, 173
, 104
, 85
, 11
, 178
, 29
, 160
, 99
, 90
, 133
, 56
, 14
, 175
, 144
, 45
, 44
, 145
, 169
, 20
, 8
, 181
, 149
, 40
, 13
, 176
, 57
, 132
, 87
, 102
, 114
, 75
, 2
, 187
, 142
, 47
, 2
, 187
, 182
, 7
, 152
, 37
, 176
, 13
, 187
, 2
, 114
, 75
, 76
, 113
, 120
, 69
, 21
, 168
, 142
, 47
, 167
, 22
, 184
, 5
, 83
, 106
, 19
, 170
, 182
, 7
, 120
, 69
, 39
, 150
, 11
, 178
, 47
, 142
, 8
, 181
, 49
, 140
, 159
, 30
, 51
, 138
, 131
, 58
, 142
, 47
, 154
, 35
, 125
, 64
, 114
, 75
, 45
, 144
, 74
, 115
, 44
, 145
, 103
, 86
, 155
, 34
, 28
, 161
, 108
, 81
, 116
, 73
, 44
, 145
, 183
, 6
, 126
, 63
, 92
, 97
, 93
, 96
, 92
, 97
, 60
, 129
, 138
, 51
, 107
, 82
, 16
, 173
, 67
, 122
, 73
, 116
, 1
, 188
, 10
, 179
, 137
, 52
, 96
, 93
, 22
, 167
, 45
, 144
, 130
, 59
, 45
, 144
, 178
, 11
, 61
, 128
, 185
, 4
, 16
, 173
, 118
, 71
, 35
, 154
, 115
, 74
, 109
, 80
, 60
, 129
, 77
, 112
, 119
, 70
, 65
, 124
, 164
, 25
, 76
, 113
, 51
, 138
, 125
, 64
, 152
, 37
, 110
, 79
, 111
, 78
, 100
, 89
, 115
, 74
, 139
, 50
, 170
, 19
, 29
, 160
, 27
, 162
, 88
, 101
, 167
, 22
, 1
, 188
, 149
, 40
, 15
, 174
, 99
, 90
, 76
, 113
, 24
, 165
, 56
, 133
, 168
, 21
, 89
, 100
, 62
, 127
, 125
, 64
, 16
, 173
, 25
, 164
, 13
, 176
, 168
, 21
, 74
, 115
, 82
, 107
, 48
, 141
, 91
, 98
, 81
, 108
, 118
, 71
, 14
, 175
, 27
, 162
, 180
, 9
, 134
, 55
, 48
, 141
, 51
, 138
, 82
, 107
, 87
, 102
, 39
, 150
, 136
, 53
, 77
, 112
, 162
, 27
, 108
, 81
, 124
, 65
, 167
, 22
, 83
, 106
, 75
, 114
, 34
, 155
, 145
, 44
, 98
, 91
, 80
, 109
, 106
, 83
, 139
, 50
, 8
, 181
, 56
, 133
, 108
, 81
, 161
, 28
, 27
, 162
, 150
, 39
, 6
, 183
, 169
, 20
, 166
, 23
, 116
, 73
, 121
, 68
, 53
, 136
, 118
, 71
, 99
, 90
, 116
, 73
, 82
, 107
, 184
, 5
, 181
, 8
, 172
, 17
, 152
, 37
, 181
, 8
, 16
, 173
, 67
, 122
, 104
, 85
, 5
, 184
, 4
, 185
, 156
, 33
, 10
, 179
, 57
, 132
, 167
, 22
, 21
, 168
, 81
, 108
, 47
, 142
, 186
, 3
, 171
, 18
, 36
, 153
, 133
, 56
, 46
, 143
, 95
, 94
, 7
, 182
, 126
, 63
, 22
, 167
, 85
, 104
, 18
, 171
, 74
, 115
, 169
, 20
, 148
, 41
, 139
, 50
, 43
, 146
, 54
, 135
, 8
, 181
, 25
, 164
, 151
, 38
, 48
, 141
, 175
, 14
, 5
, 184
, 110
, 79
, 176
, 13
, 174
, 15
, 26
, 163
, 39
, 150
, 2
, 187
, 24
, 165
, 158
, 31
, 86
, 103
, 120
, 69
, 26
, 163
, 17
, 172
, 15
, 174
, 93
, 96
, 112
, 77
, 120
, 69
, 7
, 182
, 136
, 53
, 32
, 157
, 15
, 174
, 143
, 46
, 102
, 87
, 123
, 66
, 63
, 126
, 99
, 90
, 76
, 113
, 79
, 110
, 122
, 67
, 146
, 43
, 172
, 17
, 128
, 61
, 134
, 55
, 171
, 18
, 87
, 102
, 93
, 96
, 68
, 121
, 159
, 30
, 42
, 147
, 139
, 50
, 48
, 141
, 181
, 8
, 115
, 74
, 177
, 12
, 169
, 20
, 168
, 21
, 183
, 6
, 182
, 7
, 153
, 36
, 153
, 36
, 13
, 176
, 119
, 70
, 140
, 49
, 117
, 72
, 76
, 113
, 89
, 100
, 1
, 188
, 46
, 143
, 53
, 136
, 102
, 87
, 150
, 39
, 118
, 71
, 113
, 76
, 12
, 177
, 69
, 120
, 174
, 15
, 140
, 49
, 168
, 21
, 75
, 114
, 104
, 85
, 99
, 90
, 62
, 127
, 119
, 70
, 45
, 144
, 10
, 179
, 106
, 83
, 33
, 156
, 36
, 153
, 38
, 151
, 22
, 167
, 185
, 4
, 102
, 87
, 84
, 105
, 122
, 67
, 36
, 153
, 36
, 153
, 95
, 94
, 187
, 2
, 75
, 114
, 116
, 73
, 172
, 17
, 129
, 60
, 55
, 134
, 26
, 163
, 78
, 111
, 159
, 30
, 33
, 156
, 167
, 22
, 104
, 85
, 42
, 147
, 57
, 132
, 171
, 18
, 70
, 119
, 152
, 37
, 175
, 14
, 107
, 82
, 122
, 67
, 164
, 25
, 140
, 49
, 165
, 24
, 126
, 63
, 104
, 85
, 44
, 145
, 134
, 55
, 139
, 50
, 9
, 180
, 31
, 158
, 180
, 9
, 24
, 165
, 163
, 26
, 145
, 44
, 16
, 173
, 53
, 136
, 11
, 178
, 72
, 117
, 170
, 19
, 171
, 18
, 66
, 123
, 127
, 62
, 83
, 106
, 26
, 163
, 129
, 60
, 130
, 59
, 98
, 91
, 74
, 115
, 131
, 58
, 145
, 44
, 107
, 82
, 131
, 58
, 107
, 82
, 19
, 170
, 61
, 128
, 69
, 120
, 16
, 173
, 101
, 88
, 70
, 119
, 157
, 32
, 129
, 60
, 7
, 182
, 33
, 156
, 144
, 45
, 147
, 42
, 63
, 126
, 69
, 120
, 145
, 44
, 12
, 177
, 172
, 17
, 140
, 49
, 170
, 19
, 63
, 126
, 94
, 95
, 4
, 185
, 121
, 68
, 72
, 117
, 7
, 182
, 5
, 184
, 121
, 68
, 66
, 123
, 139
, 50
, 142
, 47
, 72
, 117
, 118
, 71
, 65
, 124
, 8
, 181
, 70
, 119
, 161
, 28
, 173
, 16
, 68
, 121
, 172
, 17
, 98
, 91
, 24
, 165
, 187
, 2
, 152
, 37
, 42
, 147
, 11
, 178
, 73
, 116
, 96
, 93
, 92
, 97
, 94
, 95
, 110
, 79
, 79
, 110
, 56
, 133
, 184
, 5
, 26
, 163
, 126
, 63
, 122
, 67
, 102
, 87
, 54
, 135
, 127
, 62
, 114
, 75
, 140
, 49
, 40
, 149
, 11
, 178
, 67
, 122
, 104
, 85
, 112
, 77
, 114
, 75
, 157
, 32
, 9
, 180
, 20
, 169
, 79
, 110
, 112
, 77
, 64
, 125
, 71
, 118
, 68
, 121
, 123
, 66
, 92
, 97
, 183
, 6
, 103
, 86
, 82
, 107
, 79
, 110
, 10
, 179
, 134
, 55
, 13
, 176
, 12
, 177
, 78
, 111
, 6
, 183
, 29
, 160
, 43
, 146
, 129
, 60
, 63
, 126
, 172
, 17
, 11
, 178
, 4
, 185
, 64
, 125
, 56
, 133
, 104
, 85
, 136
, 53
, 59
, 130
, 46
, 143
, 3
, 186
, 33
, 156
, 142
, 47
, 168
, 21
, 166
, 23
, 79
, 110
, 76
, 113
, 90
, 99
, 129
, 60
, 77
, 112
, 110
, 79
, 141
, 48
, 87
, 102
, 95
, 94
, 185
, 4
, 67
, 122
, 101
, 88
, 22
, 167
, 134
, 55
, 111
, 78
, 89
, 100
, 82
, 107
, 141
, 48
, 94
, 95
, 163
, 26
, 2
, 187
, 72
, 117
, 73
, 116
, 124
, 65
, 5
, 184
, 33
, 156
, 138
, 51
, 49
, 140
, 38
, 151
, 60
, 129
, 72
, 117
, 100
, 89
, 153
, 36
, 85
, 104
, 187
, 2
, 40
, 149
, 48
, 141
, 167
, 22
, 50
, 139
, 32
, 157
, 23
, 166
, 148
, 41
, 138
, 51
, 39
, 150
, 10
, 179
, 10
, 179
, 24
, 165
, 74
, 115
, 65
, 124
, 142
, 47
, 123
, 66
, 61
, 128
, 182
, 7
, 88
, 101
, 134
, 55
, 162
, 27
, 158
, 31
, 127
, 62
, 116
, 73
, 116
, 73
, 95
, 94
, 101
, 88
, 152
, 37
, 14
, 175
, 62
, 127
, 137
, 52
, 11
, 178
, 17
, 172
, 60
, 129
, 16
, 173
, 52
, 137
, 33
, 156
, 47
, 142
, 13
, 176
, 130
, 59
, 108
, 81
, 109
, 80
, 96
, 93
, 139
, 50
, 120
, 69
, 146
, 43
, 137
, 52
, 51
, 138
, 78
, 111
, 64
, 125
, 135
, 54
, 69
, 120
, 83
, 106
, 61
, 128
, 165
, 24
, 178
, 11
, 145
, 44
, 19
, 170
, 49
, 140
, 111
, 78
, 182
, 7
, 62
, 127
, 169
, 20
, 54
, 135
, 25
, 164
, 13
, 176
, 97
, 92
, 40
, 149
, 96
, 93
, 17
, 172
, 71
, 118
, 89
, 100
, 183
, 6
, 101
, 88
, 86
, 103
, 33
, 156
, 71
, 118
, 41
, 148
, 71
, 118
, 51
, 138
, 138
, 51
, 3
, 186
, 110
, 79
, 25
, 164
, 35
, 154
, 81
, 108
, 17
, 172
, 85
, 104
, 109
, 80
, 95
, 94
, 144
, 45
, 8
, 181
, 78
, 111
, 48
, 141
, 140
, 49
, 187
, 2
, 129
, 60
, 154
, 35
, 153
, 36
, 162
, 27
, 2
, 187
, 76
, 113
, 171
, 18
, 135
, 54
, 122
, 67
, 187
, 2
, 68
, 121
, 82
, 107
, 20
, 169
, 180
, 9
, 19
, 170
, 155
, 34
, 149
, 40
, 156
, 33
, 140
, 49
, 159
, 30
, 139
, 50
, 120
, 69
, 120
, 69
, 80
, 109
, 119
, 70
, 110
, 79
, 80
, 109
, 79
, 110
, 43
, 146
, 143
, 46
, 52
, 137
, 40
, 149
