
2710
, 54
, 114
, 28
, 140
, 55
, 113
, 123
, 45
, 73
, 95
, 119
, 49
, 86
, 82
, 149
, 19
, 144
, 24
, 67
, 101
, 11
, 157
, 14
, 154
, 137
, 31
, 15
, 153
, 139
, 29
, 12
, 156
, 100
, 68
, 34
, 134
, 71
, 97
, 124
, 44
, 100
, 68
, 4
, 164
, 121
, 47
, 115
, 53
, 71
, 97
, 108
, 60
, 111
, 57
, 14
, 154
, 61
, 107
, 4
, 164
, 12
, 156
, 1
, 167
, 11
, 157
, 164
, 4
, 106
, 62
, 132
, 36
, 124
, 44
, 140
, 28
, 131
, 37
, 133
, 35
, 18
, 150
, 56
, 112
, 101
, 67
, 131
, 37
, 11
, 157
, 87
, 81
, 35
, 133
, 157
, 11
, 121
, 47
, 55
, 113
, 118
, 50
, 41
, 127
, 78
, 90
, 22
, 146
, 82
, 86
, 124
, 44
, 97
, 71
, 81
, 87
, 30
, 138
, 109
, 59
, 125
, 43
, 73
, 95
, 14
, 154
, 145
, 23
, 107
, 61
, 161
, 7
, 152
, 16
, 132
, 36
, 87
, 81
, 35
, 133
, 49
, 119
, 98
, 70
, 29
, 139
, 41
, 127
, 139
, 29
, 140
, 28
, 29
, 139
, 86
, 82
, 24
, 144
, 148
, 20
, 20
, 148
, 41
, 127
, 26
, 142
, 12
, 156
, 70
, 98
, 166
, 2
, 143
, 25
, 144
, 24
, 32
, 136
, 157
, 11
, 107
, 61
, 154
, 14
, 20
, 148
, 126
, 42
, 106
, 62
, 19
, 149
, 38
, 130
, 9
, 159
, 116
, 52
, 121
, 47
, 143
, 25
, 17
, 151
, 109
, 59
, 131
, 37
, 147
, 21
, 6
, 162
, 135
, 33
, 83
, 85
, 18
, 150
, 76
, 92
, 38
, 130
, 148
, 20
, 43
, 125
, 132
, 36
, 49
, 119
, 160
, 8
, 150
, 18
, 153
, 15
, 14
, 154
, 55
, 113
, 148
, 20
, 156
, 12
, 165
, 3
, 47
, 121
, 86
, 82
, 158
, 10
, 38
, 130
, 93
, 75
, 147
, 21
, 89
, 79
, 31
, 137
, 18
, 150
, 41
, 127
, 76
, 92
, 61
, 107
, 27
, 141
, 84
, 84
, 75
, 93
, 116
, 52
, 154
, 14
, 13
, 155
, 16
, 152
, 67
, 101
, 140
, 28
, 42
, 126
, 27
, 141
, 109
, 59
, 83
, 85
, 106
, 62
, 58
, 110
, 130
, 38
, 112
, 56
, 18
, 150
, 12
, 156
, 23
, 145
, 19
, 149
, 124
, 44
, 53
, 115
, 118
, 50
, 15
, 153
, 138
, 30
, 153
, 15
, 16
, 152
, 132
, 36
, 28
, 140
, 117
, 51
, 76
, 92
, 12
, 156
, 92
, 76
, 21
, 147
, 141
, 27
, 109
, 59
, 105
, 63
, 99
, 69
, 106
, 62
, 59
, 109
, 105
, 63
, 106
, 62
, 110
, 58
, 102
, 66
, 144
, 24
, 68
, 100
, 106
, 62
, 150
, 18
, 45
, 123
, 30
, 138
, 93
, 75
, 95
, 73
, 114
, 54
, 28
, 140
, 50
, 118
, 16
, 152
, 155
, 13
, 28
, 140
, 85
, 83
, 69
, 99
, 116
, 52
, 147
, 21
, 117
, 51
, 118
, 50
, 91
, 77
, 70
, 98
, 2
, 166
, 140
, 28
, 42
, 126
, 141
, 27
, 7
, 161
, 161
, 7
, 96
, 72
, 22
, 146
, 126
, 42
, 69
, 99
, 47
, 121
, 97
, 71
, 76
, 92
, 72
, 96
, 122
, 46
, 130
, 38
, 41
, 127
, 120
, 48
, 123
, 45
, 55
, 113
, 9
, 159
, 29
, 139
, 48
, 120
, 44
, 124
, 130
, 38
, 127
, 41
, 62
, 106
, 84
, 84
, 50
, 118
, 129
, 39
, 164
, 4
, 153
, 15
, 39
, 129
, 1
, 167
, 106
, 62
, 38
, 130
, 134
, 34
, 20
, 148
, 109
, 59
, 131
, 37
, 62
, 106
, 68
, 100
, 57
, 111
, 26
, 142
, 42
, 126
, 87
, 81
, 140
, 28
, 120
, 48
, 111
, 57
, 69
, 99
, 20
, 148
, 12
, 156
, 144
, 24
, 25
, 143
, 69
, 99
, 62
, 106
, 47
, 121
, 51
, 117
, 155
, 13
, 29
, 139
, 25
, 143
, 159
, 9
, 60
, 108
, 119
, 49
, 41
, 127
, 106
, 62
, 61
, 107
, 45
, 123
, 98
, 70
, 147
, 21
, 72
, 96
, 108
, 60
, 136
, 32
, 138
, 30
, 34
, 134
, 47
, 121
, 47
, 121
, 136
, 32
, 73
, 95
, 132
, 36
, 111
, 57
, 87
, 81
, 17
, 151
, 132
, 36
, 55
, 113
, 58
, 110
, 72
, 96
, 86
, 82
, 102
, 66
, 7
, 161
, 59
, 109
, 42
, 126
, 138
, 30
, 13
, 155
, 100
, 68
, 9
, 159
, 122
, 46
, 56
, 112
, 80
, 88
, 77
, 91
, 102
, 66
, 15
, 153
, 19
, 149
, 147
, 21
, 153
, 15
, 117
, 51
, 81
, 87
, 37
, 131
, 129
, 39
, 164
, 4
, 128
, 40
, 104
, 64
, 42
, 126
, 106
, 62
, 3
, 165
, 114
, 54
, 35
, 133
, 148
, 20
, 75
, 93
, 108
, 60
, 164
, 4
, 164
, 4
, 51
, 117
, 104
, 64
, 147
, 21
, 60
, 108
, 27
, 141
, 24
, 144
, 19
, 149
, 9
, 159
, 1
, 167
, 102
, 66
, 57
, 111
, 37
, 131
, 133
, 35
, 82
, 86
, 72
, 96
, 84
, 84
, 139
, 29
, 43
, 125
, 84
, 84
, 22
, 146
, 10
, 158
, 87
, 81
, 140
, 28
, 145
, 23
, 126
, 42
, 43
, 125
, 148
, 20
, 146
, 22
, 85
, 83
, 76
, 92
, 65
, 103
, 131
, 37
, 163
, 5
, 122
, 46
, 158
, 10
, 26
, 142
, 166
, 2
, 81
, 87
, 17
, 151
, 36
, 132
, 86
, 82
, 31
, 137
, 143
, 25
, 9
, 159
, 95
, 73
, 91
, 77
, 14
, 154
, 82
, 86
, 57
, 111
, 86
, 82
, 130
, 38
, 103
, 65
, 48
, 120
, 132
, 36
, 143
, 25
, 119
, 49
, 92
, 76
, 165
, 3
, 140
, 28
, 104
, 64
, 53
, 115
, 89
, 79
, 166
, 2
, 68
, 100
, 160
, 8
, 161
, 7
, 27
, 141
, 12
, 156
, 44
, 124
, 120
, 48
, 127
, 41
, 33
, 135
, 128
, 40
, 111
, 57
, 44
, 124
, 91
, 77
, 53
, 115
, 135
, 33
, 161
, 7
, 44
, 124
, 74
, 94
, 29
, 139
, 44
, 124
, 77
, 91
, 128
, 40
, 10
, 158
, 85
, 83
, 1
, 167
, 156
, 12
, 142
, 26
, 11
, 157
, 129
, 39
, 57
, 111
, 91
, 77
, 63
, 105
, 27
, 141
, 151
, 17
, 80
, 88
, 52
, 116
, 62
, 106
, 64
, 104
, 42
, 126
, 27
, 141
, 121
, 47
, 149
, 19
, 138
, 30
, 119
, 49
, 26
, 142
, 94
, 74
, 35
, 133
, 73
, 95
, 45
, 123
, 92
, 76
, 132
, 36
, 70
, 98
, 138
, 30
, 125
, 43
, 45
, 123
, 164
, 4
, 138
, 30
, 148
, 20
, 76
, 92
, 111
, 57
, 127
, 41
, 78
, 90
, 156
, 12
, 34
, 134
, 152
, 16
, 76
, 92
, 93
, 75
, 61
, 107
, 7
, 161
, 41
, 127
, 133
, 35
, 81
, 87
, 134
, 34
, 26
, 142
, 130
, 38
, 11
, 157
, 38
, 130
, 93
, 75
, 70
, 98
, 160
, 8
, 6
, 162
, 122
, 46
, 155
, 13
, 29
, 139
, 102
, 66
, 162
, 6
, 68
, 100
, 70
, 98
, 149
, 19
, 54
, 114
, 132
, 36
, 37
, 131
, 100
, 68
, 40
, 128
, 31
, 137
, 162
, 6
, 121
, 47
, 108
, 60
, 133
, 35
, 141
, 27
, 7
, 161
, 78
, 90
, 165
, 3
, 136
, 32
, 98
, 70
, 158
, 10
, 25
, 143
, 8
, 160
, 48
, 120
, 23
, 145
, 124
, 44
, 91
, 77
, 44
, 124
, 67
, 101
, 142
, 26
, 63
, 105
, 150
, 18
, 106
, 62
, 26
, 142
, 27
, 141
, 62
, 106
, 164
, 4
, 99
, 69
, 124
, 44
, 66
, 102
, 162
, 6
, 85
, 83
, 166
, 2
, 90
, 78
, 14
, 154
, 74
, 94
, 134
, 34
, 93
, 75
, 106
, 62
, 150
, 18
, 90
, 78
, 90
, 78
, 11
, 157
, 101
, 67
, 82
, 86
, 70
, 98
, 140
, 28
, 150
, 18
, 37
, 131
, 96
, 72
, 129
, 39
, 56
, 112
, 60
, 108
, 97
, 71
, 69
, 99
, 12
, 156
, 56
, 112
, 143
, 25
, 13
, 155
, 147
, 21
, 36
, 132
, 89
, 79
, 62
, 106
, 140
, 28
, 21
, 147
, 33
, 135
, 135
, 33
, 150
, 18
, 23
, 145
, 69
, 99
, 45
, 123
, 78
, 90
, 121
, 47
, 3
, 165
, 52
, 116
, 116
, 52
, 13
, 155
, 105
, 63
, 87
, 81
, 16
, 152
, 82
, 86
, 128
, 40
, 59
, 109
, 58
, 110
, 43
, 125
, 56
, 112
, 25
, 143
, 1
, 167
, 140
, 28
, 106
, 62
, 133
, 35
, 150
, 18
, 49
, 119
, 15
, 153
, 135
, 33
, 104
, 64
, 42
, 126
, 52
, 116
, 149
, 19
, 118
, 50
, 81
, 87
, 108
, 60
, 106
, 62
, 89
, 79
, 18
, 150
, 123
, 45
, 14
, 154
, 34
, 134
, 13
, 155
, 98
, 70
, 36
, 132
, 2
, 166
, 87
, 81
, 37
, 131
, 155
, 13
, 150
, 18
, 39
, 129
, 63
, 105
, 138
, 30
, 38
, 130
, 90
, 78
, 138
, 30
, 119
, 49
, 122
, 46
, 43
, 125
, 37
, 131
, 110
, 58
, 115
, 53
, 107
, 61
, 151
, 17
, 140
, 28
, 71
, 97
, 93
, 75
, 8
, 160
, 88
, 80
, 28
, 140
, 71
, 97
, 152
, 16
, 16
, 152
, 95
, 73
, 35
, 133
, 116
, 52
, 120
, 48
, 131
, 37
, 42
, 126
, 143
, 25
, 84
, 84
, 35
, 133
, 101
, 67
, 25
, 143
, 48
, 120
, 137
, 31
, 26
, 142
, 52
, 116
, 57
, 111
, 73
, 95
, 10
, 158
, 42
, 126
, 20
, 148
, 103
, 65
, 43
, 125
, 45
, 123
, 26
, 142
, 26
, 142
, 88
, 80
, 11
, 157
, 143
, 25
, 35
, 133
, 119
, 49
, 22
, 146
, 113
, 55
, 94
, 74
, 96
, 72
, 59
, 109
, 26
, 142
, 48
, 120
, 134
, 34
, 115
, 53
, 11
, 157
, 125
, 43
, 99
, 69
, 142
, 26
, 75
, 93
, 18
, 150
, 65
, 103
, 162
, 6
, 17
, 151
, 145
, 23
, 97
, 71
, 31
, 137
, 69
, 99
, 76
, 92
, 155
, 13
, 92
, 76
, 131
, 37
, 88
, 80
, 32
, 136
, 62
, 106
, 151
, 17
, 112
, 56
, 22
, 146
, 55
, 113
, 5
, 163
, 123
, 45
, 137
, 31
, 51
, 117
, 62
, 106
, 150
, 18
, 70
, 98
, 18
, 150
, 151
, 17
, 12
, 156
, 31
, 137
, 28
, 140
, 73
, 95
, 142
, 26
, 71
, 97
, 96
, 72
, 141
, 27
, 23
, 145
, 61
, 107
, 66
, 102
, 20
, 148
, 72
, 96
, 134
, 34
, 42
, 126
, 161
, 7
, 95
, 73
, 41
, 127
, 161
, 7
, 72
, 96
, 13
, 155
, 140
, 28
, 82
, 86
, 83
, 85
, 97
, 71
, 112
, 56
, 121
, 47
, 139
, 29
, 128
, 40
, 69
, 99
, 33
, 135
, 14
, 154
, 161
, 7
, 156
, 12
, 102
, 66
, 114
, 54
, 91
, 77
, 136
, 32
, 29
, 139
, 91
, 77
, 32
, 136
, 145
, 23
, 1
, 167
, 165
, 3
, 154
, 14
, 50
, 118
, 44
, 124
, 78
, 90
, 28
, 140
, 13
, 155
, 114
, 54
, 90
, 78
, 65
, 103
, 106
, 62
, 109
, 59
, 58
, 110
, 115
, 53
, 11
, 157
, 12
, 156
, 161
, 7
, 49
, 119
, 105
, 63
, 153
, 15
, 38
, 130
, 54
, 114
, 111
, 57
, 15
, 153
, 80
, 88
, 56
, 112
, 131
, 37
, 28
, 140
, 156
, 12
, 99
, 69
, 140
, 28
, 16
, 152
, 61
, 107
, 100
, 68
, 31
, 137
, 118
, 50
, 114
, 54
, 4
, 164
, 118
, 50
, 87
, 81
, 92
, 76
, 14
, 154
, 26
, 142
, 136
, 32
, 132
, 36
, 125
, 43
, 138
, 30
, 38
, 130
, 118
, 50
, 135
, 33
, 38
, 130
, 43
, 125
, 34
, 134
, 86
, 82
, 164
, 4
, 49
, 119
, 23
, 145
, 112
, 56
, 151
, 17
, 112
, 56
, 27
, 141
, 85
, 83
, 16
, 152
, 31
, 137
, 6
, 162
, 130
, 38
, 128
, 40
, 69
, 99
, 163
, 5
, 30
, 138
, 153
, 15
, 101
, 67
, 45
, 123
, 155
, 13
, 76
, 92
, 73
, 95
, 79
, 89
, 64
, 104
, 55
, 113
, 63
, 105
, 64
, 104
, 109
, 59
, 17
, 151
, 123
, 45
, 146
, 22
, 139
, 29
, 25
, 143
, 74
, 94
, 107
, 61
, 81
, 87
, 138
, 30
, 17
, 151
, 1
, 167
, 59
, 109
, 126
, 42
, 32
, 136
, 118
, 50
, 148
, 20
, 12
, 156
, 46
, 122
, 92
, 76
, 157
, 11
, 117
, 51
, 120
, 48
, 9
, 159
, 4
, 164
, 21
, 147
, 53
, 115
, 152
, 16
, 118
, 50
, 81
, 87
, 76
, 92
, 63
, 105
, 115
, 53
, 44
, 124
, 31
, 137
, 72
, 96
, 56
, 112
, 79
, 89
, 48
, 120
, 76
, 92
, 117
, 51
, 62
, 106
, 150
, 18
, 12
, 156
, 125
, 43
, 153
, 15
, 83
, 85
, 57
, 111
, 36
, 132
, 117
, 51
, 107
, 61
, 75
, 93
, 36
, 132
, 79
, 89
, 166
, 2
, 161
, 7
, 130
, 38
, 26
, 142
, 165
, 3
, 31
, 137
, 115
, 53
, 144
, 24
, 112
, 56
, 84
, 84
, 97
, 71
, 110
, 58
, 40
, 128
, 125
, 43
, 93
, 75
, 91
, 77
, 93
, 75
, 54
, 114
, 141
, 27
, 48
, 120
, 124
, 44
, 69
, 99
, 91
, 77
, 16
, 152
, 124
, 44
, 3
, 165
, 86
, 82
, 92
, 76
, 111
, 57
, 10
, 158
, 86
, 82
, 120
, 48
, 101
, 67
, 115
, 53
, 143
, 25
, 37
, 131
, 80
, 88
, 6
, 162
, 85
, 83
, 114
, 54
, 5
, 163
, 149
, 19
, 72
, 96
, 75
, 93
, 133
, 35
, 121
, 47
, 60
, 108
, 42
, 126
, 163
, 5
, 12
, 156
, 36
, 132
, 152
, 16
, 119
, 49
, 117
, 51
, 65
, 103
, 156
, 12
, 22
, 146
, 71
, 97
, 2
, 166
, 64
, 104
, 150
, 18
, 46
, 122
, 45
, 123
, 161
, 7
, 40
, 128
, 148
, 20
, 132
, 36
, 115
, 53
, 45
, 123
, 91
, 77
, 90
, 78
, 63
, 105
, 120
, 48
, 143
, 25
, 85
, 83
, 48
, 120
, 126
, 42
, 37
, 131
, 86
, 82
, 75
, 93
, 80
, 88
, 156
, 12
, 92
, 76
, 143
, 25
, 75
, 93
, 126
, 42
, 79
, 89
, 117
, 51
, 99
, 69
, 37
, 131
, 152
, 16
, 88
, 80
, 140
, 28
, 116
, 52
, 46
, 122
, 154
, 14
, 61
, 107
, 43
, 125
, 88
, 80
, 125
, 43
, 134
, 34
, 29
, 139
, 45
, 123
, 112
, 56
, 17
, 151
, 140
, 28
, 133
, 35
, 101
, 67
, 132
, 36
, 87
, 81
, 52
, 116
, 50
, 118
, 69
, 99
, 66
, 102
, 144
, 24
, 21
, 147
, 59
, 109
, 45
, 123
, 108
, 60
, 61
, 107
, 74
, 94
, 102
, 66
, 158
, 10
, 14
, 154
, 31
, 137
, 139
, 29
, 101
, 67
, 77
, 91
, 13
, 155
, 42
, 126
, 3
, 165
, 13
, 155
, 150
, 18
, 156
, 12
, 98
, 70
, 122
, 46
, 112
, 56
, 136
, 32
, 42
, 126
, 121
, 47
, 46
, 122
, 105
, 63
, 38
, 130
, 79
, 89
, 74
, 94
, 110
, 58
, 37
, 131
, 116
, 52
, 145
, 23
, 159
, 9
, 153
, 15
, 100
, 68
, 139
, 29
, 53
, 115
, 76
, 92
, 105
, 63
, 102
, 66
, 89
, 79
, 154
, 14
, 41
, 127
, 112
, 56
, 134
, 34
, 160
, 8
, 47
, 121
, 59
, 109
, 21
, 147
, 149
, 19
, 75
, 93
, 155
, 13
, 12
, 156
, 2
, 166
, 95
, 73
, 27
, 141
, 28
, 140
, 25
, 143
, 156
, 12
, 95
, 73
, 131
, 37
, 125
, 43
, 27
, 141
, 137
, 31
, 86
, 82
, 115
, 53
, 115
, 53
, 6
, 162
, 112
, 56
, 104
, 64
, 137
, 31
, 60
, 108
, 43
, 125
, 149
, 19
, 128
, 40
, 149
, 19
, 124
, 44
, 90
, 78
, 64
, 104
, 71
, 97
, 85
, 83
, 96
, 72
, 115
, 53
, 127
, 41
, 119
, 49
, 64
, 104
, 10
, 158
, 108
, 60
, 159
, 9
, 149
, 19
, 114
, 54
, 145
, 23
, 130
, 38
, 34
, 134
, 39
, 129
, 110
, 58
, 140
, 28
, 57
, 111
, 22
, 146
, 108
, 60
, 102
, 66
, 25
, 143
, 122
, 46
, 45
, 123
, 110
, 58
, 1
, 167
, 50
, 118
, 38
, 130
, 111
, 57
, 24
, 144
, 137
, 31
, 116
, 52
, 166
, 2
, 164
, 4
, 33
, 135
, 135
, 33
, 69
, 99
, 141
, 27
, 38
, 130
, 24
, 144
, 127
, 41
, 75
, 93
, 159
, 9
, 72
, 96
, 166
, 2
, 123
, 45
, 57
, 111
, 34
, 134
, 25
, 143
, 118
, 50
, 80
, 88
, 130
, 38
, 107
, 61
, 85
, 83
, 56
, 112
, 117
, 51
, 4
, 164
, 6
, 162
, 11
, 157
, 28
, 140
, 93
, 75
, 165
, 3
, 100
, 68
, 34
, 134
, 138
, 30
, 10
, 158
, 104
, 64
, 158
, 10
, 39
, 129
, 115
, 53
, 117
, 51
, 166
, 2
, 150
, 18
, 41
, 127
, 133
, 35
, 107
, 61
, 158
, 10
, 5
, 163
, 23
, 145
, 16
, 152
, 80
, 88
, 104
, 64
, 104
, 64
, 37
, 131
, 53
, 115
, 60
, 108
, 93
, 75
, 95
, 73
, 166
, 2
, 40
, 128
, 46
, 122
, 75
, 93
, 106
, 62
, 56
, 112
, 150
, 18
, 52
, 116
, 34
, 134
, 66
, 102
, 124
, 44
, 107
, 61
, 67
, 101
, 72
, 96
, 146
, 22
, 24
, 144
, 14
, 154
, 62
, 106
, 38
, 130
, 155
, 13
, 74
, 94
, 154
, 14
, 84
, 84
, 138
, 30
, 101
, 67
, 164
, 4
, 151
, 17
, 133
, 35
, 81
, 87
, 24
, 144
, 122
, 46
, 104
, 64
, 158
, 10
, 10
, 158
, 43
, 125
, 104
, 64
, 33
, 135
, 93
, 75
, 86
, 82
, 41
, 127
, 9
, 159
, 113
, 55
, 113
, 55
, 105
, 63
, 2
, 166
, 2
, 166
, 83
, 85
, 53
, 115
, 68
, 100
, 119
, 49
, 90
, 78
, 164
, 4
, 74
, 94
, 87
, 81
, 24
, 144
, 47
, 121
, 106
, 62
, 133
, 35
, 78
, 90
, 121
, 47
, 89
, 79
, 63
, 105
, 151
, 17
, 147
, 21
, 145
, 23
, 154
, 14
, 124
, 44
, 123
, 45
, 110
, 58
, 145
, 23
, 164
, 4
, 51
, 117
, 87
, 81
, 63
, 105
, 40
, 128
, 39
, 129
, 63
, 105
, 122
, 46
, 129
, 39
, 89
, 79
, 59
, 109
, 116
, 52
, 143
, 25
, 15
, 153
, 57
, 111
, 126
, 42
, 16
, 152
, 75
, 93
, 53
, 115
, 17
, 151
, 110
, 58
, 113
, 55
, 154
, 14
, 111
, 57
, 8
, 160
, 28
, 140
, 95
, 73
, 82
, 86
, 160
, 8
, 105
, 63
, 2
, 166
, 119
, 49
, 57
, 111
, 131
, 37
, 10
, 158
, 42
, 126
, 145
, 23
, 26
, 142
, 93
, 75
, 68
, 100
, 88
, 80
, 22
, 146
, 76
, 92
, 133
, 35
, 143
, 25
, 45
, 123
, 49
, 119
, 133
, 35
, 161
, 7
, 110
, 58
, 156
, 12
, 20
, 148
, 166
, 2
, 10
, 158
, 3
, 165
, 5
, 163
, 151
, 17
, 120
, 48
, 92
, 76
, 1
, 167
, 124
, 44
, 107
, 61
, 117
, 51
, 6
, 162
, 52
, 116
, 159
, 9
, 39
, 129
, 113
, 55
, 19
, 149
, 64
, 104
, 37
, 131
, 145
, 23
, 89
, 79
, 128
, 40
, 151
, 17
, 145
, 23
, 31
, 137
, 117
, 51
, 36
, 132
, 106
, 62
, 161
, 7
, 135
, 33
, 33
, 135
, 59
, 109
, 26
, 142
, 18
, 150
, 83
, 85
, 124
, 44
, 68
, 100
, 37
, 131
, 2
, 166
, 70
, 98
, 7
, 161
, 76
, 92
, 91
, 77
, 24
, 144
, 53
, 115
, 52
, 116
, 102
, 66
, 41
, 127
, 144
, 24
, 55
, 113
, 42
, 126
, 1
, 167
, 140
, 28
, 6
, 162
, 121
, 47
, 160
, 8
, 150
, 18
, 91
, 77
, 129
, 39
, 80
, 88
, 58
, 110
, 53
, 115
, 30
, 138
, 77
, 91
, 94
, 74
, 96
, 72
, 74
, 94
, 31
, 137
, 60
, 108
, 55
, 113
, 151
, 17
, 127
, 41
, 31
, 137
, 70
, 98
, 57
, 111
, 54
, 114
, 67
, 101
, 102
, 66
, 84
, 84
, 39
, 129
, 153
, 15
, 154
, 14
, 7
, 161
, 140
, 28
, 104
, 64
, 51
, 117
, 18
, 150
, 83
, 85
, 102
, 66
, 79
, 89
, 58
, 110
, 152
, 16
, 72
, 96
, 108
, 60
, 76
, 92
, 24
, 144
, 30
, 138
, 90
, 78
, 2
, 166
, 63
, 105
, 131
, 37
, 120
, 48
, 77
, 91
, 134
, 34
, 43
, 125
, 94
, 74
, 6
, 162
, 74
, 94
, 13
, 155
, 98
, 70
, 28
, 140
, 57
, 111
, 112
, 56
, 161
, 7
, 112
, 56
, 72
, 96
, 54
, 114
, 66
, 102
, 17
, 151
, 150
, 18
, 110
, 58
, 166
, 2
, 80
, 88
, 99
, 69
, 145
, 23
, 129
, 39
, 142
, 26
, 21
, 147
, 17
, 151
, 145
, 23
, 25
, 143
, 96
, 72
, 19
, 149
, 143
, 25
, 152
, 16
, 136
, 32
, 59
, 109
, 51
, 117
, 73
, 95
, 115
, 53
, 87
, 81
, 1
, 167
, 25
, 143
, 158
, 10
, 114
, 54
, 20
, 148
, 118
, 50
, 19
, 149
, 61
, 107
, 120
, 48
, 149
, 19
, 105
, 63
, 1
, 167
, 84
, 84
, 136
, 32
, 93
, 75
, 41
, 127
, 139
, 29
, 40
, 128
, 55
, 113
, 103
, 65
, 59
, 109
, 149
, 19
, 88
, 80
, 100
, 68
, 151
, 17
, 163
, 5
, 16
, 152
, 61
, 107
, 23
, 145
, 17
, 151
, 150
, 18
, 14
, 154
, 6
, 162
, 2
, 166
, 107
, 61
, 82
, 86
, 102
, 66
, 50
, 118
, 23
, 145
, 40
, 128
, 78
, 90
, 154
, 14
, 34
, 134
, 30
, 138
, 12
, 156
, 72
, 96
, 154
, 14
, 3
, 165
, 136
, 32
, 161
, 7
, 12
, 156
, 165
, 3
, 6
, 162
, 153
, 15
, 24
, 144
, 39
, 129
, 155
, 13
, 22
, 146
, 147
, 21
, 40
, 128
, 142
, 26
, 57
, 111
, 138
, 30
, 88
, 80
, 87
, 81
, 1
, 167
, 102
, 66
, 136
, 32
, 83
, 85
, 69
, 99
, 48
, 120
, 14
, 154
, 107
, 61
, 95
, 73
, 35
, 133
, 39
, 129
, 91
, 77
, 5
, 163
, 27
, 141
, 106
, 62
, 26
, 142
, 150
, 18
, 100
, 68
, 117
, 51
, 111
, 57
, 111
, 57
, 77
, 91
, 116
, 52
, 31
, 137
, 49
, 119
, 100
, 68
, 85
, 83
, 21
, 147
, 106
, 62
, 145
, 23
, 75
, 93
, 151
, 17
, 99
, 69
, 63
, 105
, 12
, 156
, 121
, 47
, 8
, 160
, 34
, 134
, 138
, 30
, 145
, 23
, 14
, 154
, 64
, 104
, 90
, 78
, 143
, 25
, 162
, 6
, 117
, 51
, 18
, 150
, 125
, 43
, 166
, 2
, 60
, 108
, 76
, 92
, 126
, 42
, 36
, 132
, 107
, 61
, 133
, 35
, 24
, 144
, 135
, 33
, 126
, 42
, 138
, 30
, 19
, 149
, 18
, 150
, 25
, 143
, 157
, 11
, 13
, 155
, 99
, 69
, 133
, 35
, 134
, 34
, 90
, 78
, 54
, 114
, 88
, 80
, 47
, 121
, 125
, 43
, 63
, 105
, 150
, 18
, 43
, 125
, 106
, 62
, 101
, 67
, 90
, 78
, 82
, 86
, 91
, 77
, 66
, 102
, 103
, 65
, 105
, 63
, 144
, 24
, 63
, 105
, 24
, 144
, 102
, 66
, 26
, 142
, 118
, 50
, 112
, 56
, 86
, 82
, 57
, 111
, 111
, 57
, 72
, 96
, 17
, 151
, 46
, 122
, 6
, 162
, 53
, 115
, 22
, 146
, 118
, 50
, 62
, 106
, 25
, 143
, 101
, 67
, 95
, 73
, 58
, 110
, 19
, 149
, 13
, 155
, 87
, 81
, 89
, 79
, 138
, 30
, 7
, 161
, 145
, 23
, 162
, 6
, 29
, 139
, 90
, 78
, 44
, 124
, 121
, 47
, 50
, 118
, 151
, 17
, 67
, 101
, 95
, 73
, 101
, 67
, 66
, 102
, 38
, 130
, 149
, 19
, 160
, 8
, 88
, 80
, 25
, 143
, 28
, 140
, 44
, 124
, 6
, 162
, 111
, 57
, 125
, 43
, 151
, 17
, 115
, 53
, 162
, 6
, 75
, 93
, 26
, 142
, 16
, 152
, 146
, 22
, 104
, 64
, 100
, 68
, 65
, 103
, 19
, 149
, 119
, 49
, 100
, 68
, 162
, 6
, 115
, 53
, 139
, 29
, 105
, 63
, 70
, 98
, 144
, 24
, 36
, 132
, 99
, 69
, 128
, 40
, 11
, 157
, 58
, 110
, 66
, 102
, 135
, 33
, 141
, 27
, 162
, 6
, 107
, 61
, 13
, 155
, 55
, 113
, 126
, 42
, 131
, 37
, 152
, 16
, 115
, 53
, 159
, 9
, 136
, 32
, 6
, 162
, 71
, 97
, 33
, 135
, 98
, 70
, 118
, 50
, 165
, 3
, 19
, 149
, 75
, 93
, 102
, 66
, 76
, 92
, 110
, 58
, 35
, 133
, 143
, 25
, 5
, 163
, 44
, 124
, 28
, 140
, 162
, 6
, 28
, 140
, 118
, 50
, 50
, 118
, 154
, 14
, 55
, 113
, 2
, 166
, 31
, 137
, 41
, 127
, 42
, 126
, 109
, 59
, 120
, 48
, 121
, 47
, 91
, 77
, 65
, 103
, 158
, 10
, 3
, 165
, 129
, 39
, 20
, 148
, 54
, 114
, 119
, 49
, 165
, 3
, 146
, 22
, 47
, 121
, 31
, 137
, 159
, 9
, 43
, 125
, 97
, 71
, 45
, 123
, 70
, 98
, 146
, 22
, 164
, 4
, 48
, 120
, 33
, 135
, 43
, 125
, 70
, 98
, 107
, 61
, 82
, 86
, 52
, 116
, 124
, 44
, 23
, 145
, 11
, 157
, 32
, 136
, 135
, 33
, 120
, 48
, 37
, 131
, 121
, 47
, 139
, 29
, 99
, 69
, 129
, 39
, 31
, 137
, 55
, 113
, 160
, 8
, 28
, 140
, 7
, 161
, 130
, 38
, 40
, 128
, 43
, 125
, 156
, 12
, 98
, 70
, 30
, 138
, 158
, 10
, 49
, 119
, 102
, 66
, 66
, 102
, 103
, 65
, 85
, 83
, 161
, 7
, 82
, 86
, 146
, 22
, 43
, 125
, 90
, 78
, 34
, 134
, 6
, 162
, 58
, 110
, 30
, 138
, 80
, 88
, 29
, 139
, 163
, 5
, 57
, 111
, 46
, 122
, 166
, 2
, 128
, 40
, 102
, 66
, 155
, 13
, 50
, 118
, 82
, 86
, 104
, 64
, 112
, 56
, 138
, 30
, 103
, 65
, 35
, 133
, 38
, 130
, 86
, 82
, 81
, 87
, 70
, 98
, 63
, 105
, 115
, 53
, 26
, 142
, 127
, 41
, 130
, 38
, 97
, 71
, 61
, 107
, 137
, 31
, 88
, 80
, 141
, 27
, 50
, 118
, 23
, 145
, 69
, 99
, 141
, 27
, 62
, 106
, 123
, 45
, 85
, 83
, 118
, 50
, 51
, 117
, 127
, 41
, 89
, 79
, 8
, 160
, 2
, 166
, 32
, 136
, 2
, 166
, 47
, 121
, 118
, 50
, 159
, 9
, 34
, 134
, 83
, 85
, 91
, 77
, 166
, 2
, 124
, 44
, 116
, 52
, 110
, 58
, 64
, 104
, 116
, 52
, 158
, 10
, 123
, 45
, 107
, 61
, 102
, 66
, 107
, 61
, 133
, 35
, 80
, 88
, 10
, 158
, 122
, 46
, 6
, 162
, 131
, 37
, 143
, 25
, 135
, 33
, 154
, 14
, 154
, 14
, 9
, 159
, 138
, 30
, 87
, 81
, 23
, 145
, 109
, 59
, 76
, 92
, 19
, 149
, 51
, 117
, 90
, 78
, 149
, 19
, 30
, 138
, 23
, 145
, 54
, 114
, 83
, 85
, 12
, 156
, 141
, 27
, 159
, 9
, 100
, 68
, 156
, 12
, 70
, 98
, 74
, 94
, 111
, 57
, 48
, 120
, 9
, 159
, 63
, 105
, 114
, 54
, 8
, 160
, 31
, 137
, 11
, 157
, 145
, 23
, 88
, 80
, 124
, 44
, 130
, 38
, 49
, 119
, 47
, 121
, 148
, 20
, 125
, 43
, 151
, 17
, 61
, 107
, 72
, 96
, 52
, 116
, 42
, 126
, 39
, 129
, 60
, 108
, 71
, 97
, 57
, 111
, 14
, 154
, 87
, 81
, 10
, 158
, 12
, 156
, 51
, 117
, 162
, 6
, 149
, 19
, 36
, 132
, 119
, 49
, 2
, 166
, 133
, 35
, 85
, 83
, 96
, 72
, 124
, 44
, 97
, 71
, 38
, 130
, 120
, 48
, 89
, 79
, 50
, 118
, 159
, 9
, 135
, 33
, 38
, 130
, 110
, 58
, 99
, 69
, 75
, 93
, 2
, 166
, 68
, 100
, 105
, 63
, 40
, 128
, 71
, 97
, 11
, 157
, 30
, 138
, 14
, 154
, 47
, 121
, 1
, 167
, 123
, 45
, 151
, 17
, 134
, 34
, 10
, 158
, 6
, 162
, 134
, 34
, 102
, 66
, 59
, 109
, 109
, 59
, 84
, 84
, 156
, 12
, 96
, 72
, 105
, 63
, 31
, 137
, 96
, 72
, 113
, 55
, 1
, 167
, 123
, 45
, 16
, 152
, 148
, 20
, 123
, 45
, 90
, 78
, 129
, 39
, 137
, 31
, 134
, 34
, 24
, 144
, 73
, 95
, 94
, 74
, 132
, 36
, 16
, 152
, 21
, 147
, 93
, 75
, 166
, 2
, 148
, 20
, 15
, 153
, 139
, 29
, 58
, 110
, 67
, 101
, 2
, 166
, 19
, 149
, 92
, 76
, 159
, 9
, 96
, 72
, 91
, 77
, 121
, 47
, 152
, 16
, 160
, 8
, 86
, 82
, 76
, 92
, 133
, 35
, 43
, 125
, 114
, 54
, 1
, 167
, 151
, 17
, 95
, 73
, 3
, 165
, 142
, 26
, 6
, 162
, 1
, 167
, 68
, 100
, 18
, 150
, 89
, 79
, 100
, 68
, 41
, 127
, 4
, 164
, 59
, 109
, 143
, 25
, 30
, 138
, 164
, 4
, 11
, 157
, 38
, 130
, 135
, 33
, 152
, 16
, 17
, 151
, 152
, 16
, 95
, 73
, 117
, 51
, 10
, 158
, 48
, 120
, 28
, 140
, 121
, 47
, 128
, 40
, 107
, 61
, 7
, 161
, 117
, 51
, 139
, 29
, 35
, 133
, 99
, 69
, 142
, 26
, 27
, 141
, 22
, 146
, 157
, 11
, 36
, 132
, 136
, 32
, 63
, 105
, 164
, 4
, 42
, 126
, 140
, 28
, 108
, 60
, 107
, 61
, 112
, 56
, 103
, 65
, 84
, 84
, 90
, 78
, 63
, 105
, 145
, 23
, 85
, 83
, 4
, 164
, 54
, 114
, 122
, 46
, 86
, 82
, 27
, 141
, 90
, 78
, 74
, 94
, 117
, 51
, 74
, 94
, 103
, 65
, 96
, 72
, 91
, 77
, 51
, 117
, 7
, 161
, 132
, 36
, 80
, 88
, 36
, 132
, 104
, 64
, 34
, 134
, 148
, 20
, 55
, 113
, 82
, 86
, 18
, 150
, 42
, 126
, 25
, 143
, 118
, 50
, 10
, 158
, 9
, 159
, 85
, 83
, 1
, 167
, 23
, 145
, 76
, 92
, 105
, 63
, 103
, 65
, 7
, 161
, 128
, 40
, 28
, 140
, 110
, 58
, 61
, 107
, 102
, 66
, 54
, 114
, 44
, 124
, 37
, 131
, 146
, 22
, 123
, 45
, 12
, 156
, 23
, 145
, 23
, 145
, 36
, 132
, 89
, 79
, 104
, 64
, 21
, 147
, 94
, 74
, 141
, 27
, 17
, 151
, 145
, 23
, 106
, 62
, 42
, 126
, 40
, 128
, 141
, 27
, 82
, 86
, 10
, 158
, 21
, 147
, 61
, 107
, 125
, 43
, 10
, 158
, 116
, 52
, 120
, 48
, 132
, 36
, 120
, 48
, 100
, 68
, 77
, 91
, 26
, 142
, 84
, 84
, 1
, 167
, 157
, 11
, 52
, 116
, 158
, 10
, 45
, 123
, 82
, 86
, 58
, 110
, 152
, 16
, 31
, 137
, 159
, 9
, 7
, 161
, 124
, 44
, 153
, 15
, 79
, 89
, 146
, 22
, 2
, 166
, 34
, 134
, 131
, 37
, 27
, 141
, 132
, 36
, 30
, 138
, 13
, 155
, 125
, 43
, 111
, 57
, 165
, 3
, 120
, 48
, 115
, 53
, 18
, 150
, 61
, 107
, 147
, 21
, 84
, 84
, 121
, 47
, 19
, 149
, 107
, 61
, 75
, 93
, 85
, 83
, 90
, 78
, 122
, 46
, 151
, 17
, 159
, 9
, 124
, 44
, 111
, 57
, 111
, 57
, 121
, 47
, 139
, 29
, 17
, 151
, 95
, 73
, 113
, 55
, 8
, 160
, 24
, 144
, 22
, 146
, 13
, 155
, 55
, 113
, 160
, 8
, 10
, 158
, 70
, 98
, 20
, 148
, 91
, 77
, 83
, 85
, 77
, 91
, 82
, 86
, 165
, 3
, 141
, 27
, 142
, 26
, 115
, 53
, 24
, 144
, 130
, 38
, 135
, 33
, 26
, 142
, 147
, 21
, 93
, 75
, 116
, 52
, 86
, 82
, 76
, 92
, 115
, 53
, 130
, 38
, 153
, 15
, 46
, 122
, 9
, 159
, 13
, 155
, 61
, 107
, 147
, 21
, 78
, 90
, 157
, 11
, 60
, 108
, 147
, 21
, 115
, 53
, 8
, 160
, 116
, 52
, 98
, 70
, 92
, 76
, 130
, 38
, 23
, 145
, 128
, 40
, 16
, 152
, 42
, 126
, 52
, 116
, 38
, 130
, 21
, 147
, 106
, 62
, 72
, 96
, 122
, 46
, 117
, 51
, 146
, 22
, 142
, 26
, 63
, 105
, 59
, 109
, 102
, 66
, 89
, 79
, 72
, 96
, 120
, 48
, 153
, 15
, 6
, 162
, 113
, 55
, 62
, 106
, 141
, 27
, 137
, 31
, 4
, 164
, 76
, 92
, 15
, 153
, 15
, 153
, 91
, 77
, 128
, 40
, 160
, 8
, 53
, 115
, 42
, 126
, 90
, 78
, 16
, 152
, 130
, 38
, 138
, 30
, 23
, 145
, 115
, 53
, 157
, 11
, 68
, 100
, 138
, 30
, 137
, 31
, 143
, 25
, 105
, 63
, 45
, 123
, 78
, 90
, 129
, 39
, 105
, 63
, 121
, 47
, 7
, 161
, 150
, 18
, 96
, 72
, 17
, 151
, 162
, 6
, 127
, 41
, 114
, 54
, 54
, 114
, 1
, 167
, 11
, 157
, 139
, 29
, 37
, 131
, 49
, 119
, 145
, 23
, 119
, 49
, 117
, 51
, 3
, 165
, 134
, 34
, 105
, 63
, 140
, 28
, 85
, 83
, 97
, 71
, 110
, 58
, 8
, 160
, 101
, 67
, 155
, 13
, 44
, 124
, 88
, 80
, 7
, 161
, 142
, 26
, 53
, 115
, 124
, 44
, 39
, 129
, 109
, 59
, 142
, 26
, 122
, 46
, 51
, 117
, 111
, 57
, 23
, 145
, 32
, 136
, 89
, 79
, 36
, 132
, 80
, 88
, 95
, 73
, 129
, 39
, 156
, 12
, 79
, 89
, 143
, 25
, 50
, 118
, 104
, 64
, 160
, 8
, 44
, 124
, 30
, 138
, 107
, 61
, 52
, 116
, 116
, 52
, 46
, 122
, 17
, 151
, 66
, 102
, 160
, 8
, 1
, 167
, 71
, 97
, 131
, 37
, 65
, 103
, 117
, 51
, 78
, 90
, 104
, 64
, 61
, 107
, 40
, 128
, 132
, 36
, 124
, 44
, 140
, 28
, 41
, 127
, 74
, 94
, 81
, 87
, 122
, 46
, 142
, 26
, 165
, 3
, 17
, 151
, 66
, 102
, 140
, 28
, 29
, 139
, 31
, 137
, 72
, 96
, 108
, 60
, 164
, 4
, 125
, 43
, 140
, 28
, 48
, 120
, 121
, 47
, 94
, 74
, 19
, 149
, 121
, 47
, 141
, 27
, 73
, 95
, 19
, 149
, 73
, 95
, 165
, 3
, 8
, 160
, 68
, 100
, 71
, 97
, 164
, 4
, 101
, 67
, 10
, 158
, 157
, 11
, 10
, 158
, 96
, 72
, 65
, 103
, 34
, 134
, 79
, 89
, 38
, 130
, 34
, 134
, 32
, 136
, 127
, 41
, 145
, 23
, 103
, 65
, 68
, 100
, 54
, 114
, 104
, 64
, 99
, 69
, 116
, 52
, 102
, 66
, 15
, 153
, 24
, 144
, 156
, 12
, 98
, 70
, 52
, 116
, 136
, 32
, 90
, 78
, 46
, 122
, 26
, 142
, 98
, 70
, 155
, 13
, 121
, 47
, 94
, 74
, 49
, 119
, 138
, 30
, 59
, 109
, 126
, 42
, 114
, 54
, 64
, 104
, 158
, 10
, 54
, 114
, 75
, 93
, 106
, 62
, 6
, 162
, 93
, 75
, 92
, 76
, 61
, 107
, 29
, 139
, 164
, 4
, 164
, 4
, 75
, 93
, 80
, 88
, 126
, 42
, 33
, 135
, 20
, 148
, 42
, 126
, 15
, 153
, 54
, 114
, 16
, 152
, 113
, 55
, 94
, 74
, 67
, 101
, 136
, 32
, 82
, 86
, 91
, 77
, 43
, 125
, 116
, 52
, 74
, 94
, 23
, 145
, 120
, 48
, 79
, 89
, 78
, 90
, 33
, 135
, 23
, 145
, 22
, 146
, 155
, 13
, 40
, 128
, 154
, 14
, 16
, 152
, 58
, 110
, 60
, 108
, 143
, 25
, 99
, 69
, 12
, 156
, 79
, 89
, 36
, 132
, 161
, 7
, 144
, 24
, 75
, 93
, 12
, 156
, 79
, 89
, 7
, 161
, 15
, 153
, 148
, 20
, 45
, 123
, 98
, 70
, 11
, 157
, 48
, 120
, 58
, 110
, 96
, 72
, 44
, 124
, 54
, 114
, 13
, 155
, 1
, 167
, 133
, 35
, 78
, 90
, 24
, 144
, 128
, 40
, 135
, 33
, 38
, 130
, 148
, 20
, 43
, 125
, 134
, 34
, 67
, 101
, 158
, 10
, 117
, 51
, 114
, 54
, 89
, 79
, 104
, 64
, 107
, 61
, 16
, 152
, 17
, 151
, 111
, 57
, 65
, 103
, 137
, 31
, 69
, 99
, 1
, 167
, 109
, 59
, 99
, 69
, 81
, 87
, 108
, 60
, 25
, 143
, 87
, 81
, 97
, 71
, 57
, 111
, 77
, 91
, 71
, 97
, 162
, 6
, 100
, 68
, 153
, 15
, 157
, 11
, 91
, 77
, 97
, 71
, 10
, 158
, 22
, 146
, 29
, 139
, 15
, 153
, 124
, 44
, 161
, 7
, 114
, 54
, 13
, 155
, 91
, 77
, 147
, 21
, 144
, 24
, 135
, 33
, 4
, 164
, 75
, 93
, 71
, 97
, 65
, 103
, 57
, 111
, 75
, 93
, 74
, 94
, 148
, 20
, 127
, 41
, 152
, 16
, 37
, 131
, 10
, 158
, 31
, 137
, 57
, 111
, 43
, 125
, 134
, 34
, 18
, 150
, 72
, 96
, 157
, 11
, 141
, 27
, 10
, 158
, 98
, 70
, 2
, 166
, 163
, 5
, 133
, 35
, 5
, 163
, 106
, 62
, 74
, 94
, 70
, 98
, 136
, 32
, 57
, 111
, 160
, 8
, 120
, 48
, 76
, 92
, 137
, 31
, 142
, 26
, 137
, 31
, 1
, 167
, 105
, 63
, 157
, 11
, 12
, 156
, 68
, 100
, 14
, 154
, 109
, 59
, 124
, 44
, 27
, 141
, 40
, 128
, 21
, 147
, 114
, 54
, 111
, 57
, 65
, 103
, 84
, 84
, 146
, 22
, 74
, 94
, 156
, 12
, 7
, 161
, 34
, 134
, 164
, 4
, 87
, 81
, 86
, 82
, 56
, 112
, 112
, 56
, 160
, 8
, 145
, 23
, 108
, 60
, 21
, 147
, 16
, 152
, 142
, 26
, 91
, 77
, 11
, 157
, 4
, 164
, 134
, 34
, 90
, 78
, 41
, 127
, 135
, 33
, 56
, 112
, 130
, 38
, 11
, 157
, 137
, 31
, 166
, 2
, 130
, 38
, 118
, 50
, 62
, 106
, 12
, 156
, 131
, 37
, 149
, 19
, 17
, 151
, 40
, 128
, 109
, 59
, 68
, 100
, 84
, 84
, 56
, 112
, 123
, 45
, 22
, 146
, 131
, 37
, 44
, 124
, 127
, 41
, 54
, 114
, 51
, 117
, 72
, 96
, 3
, 165
, 15
, 153
, 42
, 126
, 112
, 56
, 51
, 117
, 19
, 149
, 69
, 99
, 103
, 65
, 17
, 151
, 17
, 151
, 114
, 54
, 105
, 63
, 85
, 83
, 18
, 150
, 57
, 111
, 135
, 33
, 6
, 162
, 22
, 146
, 65
, 103
, 16
, 152
, 159
, 9
, 102
, 66
, 10
, 158
, 10
, 158
, 86
, 82
, 24
, 144
, 152
, 16
, 108
, 60
, 49
, 119
, 55
, 113
, 25
, 143
, 145
, 23
, 132
, 36
, 142
, 26
, 111
, 57
, 126
, 42
, 116
, 52
, 74
, 94
, 125
, 43
, 114
, 54
, 83
, 85
, 21
, 147
, 46
, 122
, 123
, 45
, 111
, 57
, 22
, 146
, 97
, 71
, 48
, 120
, 17
, 151
, 130
, 38
, 44
, 124
, 99
, 69
, 110
, 58
, 105
, 63
, 32
, 136
, 148
, 20
, 131
, 37
, 35
, 133
, 113
, 55
, 17
, 151
, 30
, 138
, 87
, 81
, 137
, 31
, 148
, 20
, 80
, 88
, 129
, 39
, 148
, 20
, 9
, 159
, 31
, 137
, 144
, 24
, 116
, 52
, 29
, 139
, 87
, 81
, 121
, 47
, 73
, 95
, 166
, 2
, 161
, 7
, 5
, 163
, 36
, 132
, 29
, 139
, 132
, 36
, 10
, 158
, 119
, 49
, 119
, 49
, 57
, 111
, 70
, 98
, 161
, 7
, 7
, 161
, 32
, 136
, 87
, 81
, 22
, 146
, 84
, 84
, 153
, 15
, 20
, 148
, 151
, 17
, 106
, 62
, 119
, 49
, 14
, 154
, 164
, 4
, 141
, 27
, 148
, 20
, 132
, 36
, 90
, 78
, 14
, 154
, 157
, 11
, 16
, 152
, 150
, 18
, 2
, 166
, 25
, 143
, 11
, 157
, 63
, 105
, 106
, 62
, 12
, 156
, 138
, 30
, 1
, 167
, 159
, 9
, 2
, 166
, 59
, 109
, 5
, 163
, 14
, 154
, 82
, 86
, 97
, 71
, 32
, 136
, 93
, 75
, 155
, 13
, 33
, 135
, 104
, 64
, 52
, 116
, 144
, 24
, 48
, 120
