
2730
, 136
, 40
, 65
, 111
, 95
, 81
, 150
, 26
, 18
, 158
, 95
, 81
, 163
, 13
, 8
, 168
, 95
, 81
, 141
, 35
, 165
, 11
, 111
, 65
, 146
, 30
, 123
, 53
, 82
, 94
, 17
, 159
, 100
, 76
, 45
, 131
, 136
, 40
, 24
, 152
, 135
, 41
, 154
, 22
, 86
, 90
, 53
, 123
, 10
, 166
, 28
, 148
, 123
, 53
, 50
, 126
, 30
, 146
, 48
, 128
, 60
, 116
, 170
, 6
, 104
, 72
, 77
, 99
, 68
, 108
, 43
, 133
, 33
, 143
, 42
, 134
, 57
, 119
, 56
, 120
, 154
, 22
, 18
, 158
, 21
, 155
, 27
, 149
, 60
, 116
, 109
, 67
, 11
, 165
, 135
, 41
, 83
, 93
, 149
, 27
, 132
, 44
, 82
, 94
, 128
, 48
, 117
, 59
, 163
, 13
, 173
, 3
, 39
, 137
, 54
, 122
, 170
, 6
, 20
, 156
, 23
, 153
, 165
, 11
, 47
, 129
, 120
, 56
, 56
, 120
, 167
, 9
, 50
, 126
, 65
, 111
, 169
, 7
, 119
, 57
, 56
, 120
, 26
, 150
, 113
, 63
, 38
, 138
, 38
, 138
, 22
, 154
, 36
, 140
, 138
, 38
, 92
, 84
, 86
, 90
, 58
, 118
, 118
, 58
, 48
, 128
, 125
, 51
, 110
, 66
, 92
, 84
, 124
, 52
, 8
, 168
, 48
, 128
, 44
, 132
, 70
, 106
, 146
, 30
, 23
, 153
, 152
, 24
, 58
, 118
, 166
, 10
, 109
, 67
, 135
, 41
, 50
, 126
, 136
, 40
, 131
, 45
, 86
, 90
, 93
, 83
, 28
, 148
, 104
, 72
, 3
, 173
, 112
, 64
, 3
, 173
, 150
, 26
, 71
, 105
, 45
, 131
, 145
, 31
, 119
, 57
, 20
, 156
, 163
, 13
, 35
, 141
, 170
, 6
, 69
, 107
, 75
, 101
, 39
, 137
, 121
, 55
, 19
, 157
, 59
, 117
, 130
, 46
, 61
, 115
, 107
, 69
, 174
, 2
, 136
, 40
, 156
, 20
, 174
, 2
, 59
, 117
, 32
, 144
, 58
, 118
, 29
, 147
, 11
, 165
, 70
, 106
, 55
, 121
, 50
, 126
, 155
, 21
, 113
, 63
, 62
, 114
, 152
, 24
, 148
, 28
, 150
, 26
, 116
, 60
, 135
, 41
, 161
, 15
, 28
, 148
, 104
, 72
, 154
, 22
, 113
, 63
, 139
, 37
, 7
, 169
, 144
, 32
, 124
, 52
, 140
, 36
, 99
, 77
, 147
, 29
, 151
, 25
, 97
, 79
, 29
, 147
, 41
, 135
, 122
, 54
, 132
, 44
, 30
, 146
, 3
, 173
, 105
, 71
, 161
, 15
, 114
, 62
, 11
, 165
, 9
, 167
, 144
, 32
, 78
, 98
, 100
, 76
, 41
, 135
, 7
, 169
, 62
, 114
, 84
, 92
, 70
, 106
, 28
, 148
, 114
, 62
, 108
, 68
, 68
, 108
, 108
, 68
, 156
, 20
, 107
, 69
, 92
, 84
, 159
, 17
, 154
, 22
, 173
, 3
, 125
, 51
, 84
, 92
, 137
, 39
, 173
, 3
, 66
, 110
, 37
, 139
, 144
, 32
, 15
, 161
, 93
, 83
, 103
, 73
, 119
, 57
, 35
, 141
, 173
, 3
, 136
, 40
, 122
, 54
, 172
, 4
, 31
, 145
, 69
, 107
, 138
, 38
, 50
, 126
, 163
, 13
, 151
, 25
, 40
, 136
, 70
, 106
, 18
, 158
, 66
, 110
, 12
, 164
, 138
, 38
, 38
, 138
, 137
, 39
, 41
, 135
, 77
, 99
, 1
, 175
, 65
, 111
, 169
, 7
, 151
, 25
, 130
, 46
, 167
, 9
, 83
, 93
, 125
, 51
, 160
, 16
, 120
, 56
, 111
, 65
, 58
, 118
, 9
, 167
, 31
, 145
, 31
, 145
, 150
, 26
, 69
, 107
, 24
, 152
, 94
, 82
, 46
, 130
, 80
, 96
, 10
, 166
, 91
, 85
, 14
, 162
, 36
, 140
, 172
, 4
, 123
, 53
, 116
, 60
, 129
, 47
, 71
, 105
, 161
, 15
, 8
, 168
, 98
, 78
, 100
, 76
, 37
, 139
, 16
, 160
, 137
, 39
, 110
, 66
, 53
, 123
, 107
, 69
, 47
, 129
, 46
, 130
, 125
, 51
, 153
, 23
, 80
, 96
, 5
, 171
, 18
, 158
, 129
, 47
, 174
, 2
, 70
, 106
, 114
, 62
, 24
, 152
, 54
, 122
, 127
, 49
, 158
, 18
, 77
, 99
, 72
, 104
, 162
, 14
, 119
, 57
, 74
, 102
, 78
, 98
, 45
, 131
, 87
, 89
, 128
, 48
, 9
, 167
, 85
, 91
, 25
, 151
, 128
, 48
, 102
, 74
, 9
, 167
, 153
, 23
, 128
, 48
, 93
, 83
, 101
, 75
, 7
, 169
, 136
, 40
, 148
, 28
, 126
, 50
, 90
, 86
, 57
, 119
, 123
, 53
, 70
, 106
, 81
, 95
, 103
, 73
, 135
, 41
, 88
, 88
, 115
, 61
, 61
, 115
, 109
, 67
, 3
, 173
, 139
, 37
, 30
, 146
, 69
, 107
, 4
, 172
, 77
, 99
, 128
, 48
, 8
, 168
, 72
, 104
, 113
, 63
, 144
, 32
, 121
, 55
, 31
, 145
, 169
, 7
, 71
, 105
, 66
, 110
, 121
, 55
, 114
, 62
, 20
, 156
, 74
, 102
, 4
, 172
, 17
, 159
, 56
, 120
, 84
, 92
, 87
, 89
, 39
, 137
, 171
, 5
, 148
, 28
, 8
, 168
, 100
, 76
, 158
, 18
, 165
, 11
, 162
, 14
, 43
, 133
, 137
, 39
, 68
, 108
, 10
, 166
, 25
, 151
, 127
, 49
, 17
, 159
, 64
, 112
, 116
, 60
, 115
, 61
, 112
, 64
, 134
, 42
, 169
, 7
, 6
, 170
, 76
, 100
, 129
, 47
, 87
, 89
, 7
, 169
, 151
, 25
, 112
, 64
, 28
, 148
, 60
, 116
, 143
, 33
, 66
, 110
, 88
, 88
, 63
, 113
, 32
, 144
, 96
, 80
, 6
, 170
, 80
, 96
, 25
, 151
, 22
, 154
, 71
, 105
, 58
, 118
, 111
, 65
, 162
, 14
, 3
, 173
, 90
, 86
, 110
, 66
, 144
, 32
, 27
, 149
, 126
, 50
, 174
, 2
, 163
, 13
, 113
, 63
, 62
, 114
, 100
, 76
, 164
, 12
, 83
, 93
, 65
, 111
, 156
, 20
, 16
, 160
, 127
, 49
, 28
, 148
, 159
, 17
, 26
, 150
, 12
, 164
, 173
, 3
, 79
, 97
, 85
, 91
, 135
, 41
, 34
, 142
, 111
, 65
, 71
, 105
, 163
, 13
, 1
, 175
, 135
, 41
, 138
, 38
, 143
, 33
, 11
, 165
, 4
, 172
, 142
, 34
, 147
, 29
, 151
, 25
, 109
, 67
, 91
, 85
, 46
, 130
, 62
, 114
, 132
, 44
, 154
, 22
, 116
, 60
, 73
, 103
, 125
, 51
, 46
, 130
, 145
, 31
, 101
, 75
, 119
, 57
, 68
, 108
, 65
, 111
, 143
, 33
, 66
, 110
, 125
, 51
, 162
, 14
, 28
, 148
, 145
, 31
, 172
, 4
, 159
, 17
, 51
, 125
, 13
, 163
, 118
, 58
, 167
, 9
, 73
, 103
, 159
, 17
, 174
, 2
, 34
, 142
, 163
, 13
, 48
, 128
, 105
, 71
, 140
, 36
, 129
, 47
, 156
, 20
, 130
, 46
, 80
, 96
, 99
, 77
, 13
, 163
, 69
, 107
, 170
, 6
, 113
, 63
, 18
, 158
, 64
, 112
, 84
, 92
, 2
, 174
, 117
, 59
, 162
, 14
, 122
, 54
, 66
, 110
, 76
, 100
, 5
, 171
, 167
, 9
, 141
, 35
, 21
, 155
, 8
, 168
, 25
, 151
, 113
, 63
, 62
, 114
, 80
, 96
, 37
, 139
, 15
, 161
, 11
, 165
, 171
, 5
, 87
, 89
, 4
, 172
, 18
, 158
, 166
, 10
, 120
, 56
, 22
, 154
, 31
, 145
, 120
, 56
, 65
, 111
, 77
, 99
, 153
, 23
, 8
, 168
, 156
, 20
, 173
, 3
, 56
, 120
, 106
, 70
, 136
, 40
, 3
, 173
, 125
, 51
, 98
, 78
, 68
, 108
, 10
, 166
, 117
, 59
, 137
, 39
, 21
, 155
, 66
, 110
, 107
, 69
, 74
, 102
, 51
, 125
, 133
, 43
, 143
, 33
, 37
, 139
, 28
, 148
, 46
, 130
, 128
, 48
, 64
, 112
, 87
, 89
, 150
, 26
, 18
, 158
, 168
, 8
, 38
, 138
, 145
, 31
, 52
, 124
, 8
, 168
, 64
, 112
, 158
, 18
, 62
, 114
, 70
, 106
, 62
, 114
, 130
, 46
, 100
, 76
, 88
, 88
, 82
, 94
, 65
, 111
, 23
, 153
, 95
, 81
, 82
, 94
, 118
, 58
, 91
, 85
, 110
, 66
, 75
, 101
, 64
, 112
, 3
, 173
, 171
, 5
, 42
, 134
, 135
, 41
, 54
, 122
, 138
, 38
, 71
, 105
, 105
, 71
, 82
, 94
, 52
, 124
, 111
, 65
, 125
, 51
, 141
, 35
, 40
, 136
, 121
, 55
, 64
, 112
, 25
, 151
, 151
, 25
, 39
, 137
, 15
, 161
, 45
, 131
, 72
, 104
, 63
, 113
, 138
, 38
, 142
, 34
, 42
, 134
, 103
, 73
, 148
, 28
, 75
, 101
, 31
, 145
, 128
, 48
, 26
, 150
, 53
, 123
, 54
, 122
, 61
, 115
, 154
, 22
, 90
, 86
, 82
, 94
, 158
, 18
, 68
, 108
, 51
, 125
, 112
, 64
, 118
, 58
, 148
, 28
, 162
, 14
, 119
, 57
, 39
, 137
, 69
, 107
, 20
, 156
, 7
, 169
, 172
, 4
, 64
, 112
, 44
, 132
, 117
, 59
, 152
, 24
, 65
, 111
, 153
, 23
, 75
, 101
, 122
, 54
, 41
, 135
, 77
, 99
, 121
, 55
, 128
, 48
, 101
, 75
, 2
, 174
, 38
, 138
, 102
, 74
, 148
, 28
, 41
, 135
, 133
, 43
, 76
, 100
, 74
, 102
, 11
, 165
, 137
, 39
, 75
, 101
, 153
, 23
, 117
, 59
, 78
, 98
, 75
, 101
, 83
, 93
, 171
, 5
, 2
, 174
, 79
, 97
, 19
, 157
, 19
, 157
, 116
, 60
, 77
, 99
, 90
, 86
, 4
, 172
, 148
, 28
, 16
, 160
, 154
, 22
, 159
, 17
, 128
, 48
, 23
, 153
, 168
, 8
, 33
, 143
, 157
, 19
, 89
, 87
, 147
, 29
, 86
, 90
, 27
, 149
, 103
, 73
, 49
, 127
, 22
, 154
, 93
, 83
, 128
, 48
, 129
, 47
, 48
, 128
, 156
, 20
, 113
, 63
, 51
, 125
, 109
, 67
, 71
, 105
, 85
, 91
, 46
, 130
, 118
, 58
, 132
, 44
, 115
, 61
, 141
, 35
, 143
, 33
, 11
, 165
, 133
, 43
, 10
, 166
, 20
, 156
, 137
, 39
, 10
, 166
, 80
, 96
, 148
, 28
, 53
, 123
, 105
, 71
, 119
, 57
, 171
, 5
, 10
, 166
, 75
, 101
, 69
, 107
, 11
, 165
, 77
, 99
, 129
, 47
, 130
, 46
, 86
, 90
, 51
, 125
, 111
, 65
, 7
, 169
, 63
, 113
, 164
, 12
, 55
, 121
, 164
, 12
, 101
, 75
, 89
, 87
, 65
, 111
, 58
, 118
, 120
, 56
, 51
, 125
, 84
, 92
, 74
, 102
, 13
, 163
, 1
, 175
, 131
, 45
, 106
, 70
, 72
, 104
, 46
, 130
, 118
, 58
, 138
, 38
, 133
, 43
, 122
, 54
, 135
, 41
, 86
, 90
, 73
, 103
, 126
, 50
, 28
, 148
, 149
, 27
, 22
, 154
, 33
, 143
, 81
, 95
, 28
, 148
, 72
, 104
, 98
, 78
, 49
, 127
, 103
, 73
, 51
, 125
, 61
, 115
, 90
, 86
, 64
, 112
, 159
, 17
, 14
, 162
, 93
, 83
, 89
, 87
, 90
, 86
, 126
, 50
, 168
, 8
, 26
, 150
, 152
, 24
, 24
, 152
, 83
, 93
, 48
, 128
, 150
, 26
, 36
, 140
, 94
, 82
, 56
, 120
, 100
, 76
, 11
, 165
, 22
, 154
, 133
, 43
, 123
, 53
, 63
, 113
, 118
, 58
, 151
, 25
, 67
, 109
, 32
, 144
, 59
, 117
, 93
, 83
, 50
, 126
, 55
, 121
, 20
, 156
, 33
, 143
, 139
, 37
, 101
, 75
, 72
, 104
, 145
, 31
, 68
, 108
, 30
, 146
, 78
, 98
, 161
, 15
, 8
, 168
, 63
, 113
, 158
, 18
, 55
, 121
, 70
, 106
, 139
, 37
, 15
, 161
, 100
, 76
, 135
, 41
, 75
, 101
, 141
, 35
, 116
, 60
, 111
, 65
, 105
, 71
, 30
, 146
, 74
, 102
, 100
, 76
, 43
, 133
, 13
, 163
, 169
, 7
, 171
, 5
, 3
, 173
, 40
, 136
, 38
, 138
, 135
, 41
, 79
, 97
, 107
, 69
, 162
, 14
, 131
, 45
, 69
, 107
, 95
, 81
, 92
, 84
, 7
, 169
, 174
, 2
, 162
, 14
, 141
, 35
, 163
, 13
, 149
, 27
, 121
, 55
, 42
, 134
, 163
, 13
, 105
, 71
, 37
, 139
, 122
, 54
, 106
, 70
, 169
, 7
, 135
, 41
, 75
, 101
, 107
, 69
, 141
, 35
, 14
, 162
, 71
, 105
, 37
, 139
, 159
, 17
, 174
, 2
, 67
, 109
, 112
, 64
, 125
, 51
, 52
, 124
, 89
, 87
, 88
, 88
, 49
, 127
, 66
, 110
, 141
, 35
, 102
, 74
, 102
, 74
, 99
, 77
, 107
, 69
, 34
, 142
, 123
, 53
, 15
, 161
, 6
, 170
, 120
, 56
, 171
, 5
, 103
, 73
, 3
, 173
, 1
, 175
, 104
, 72
, 61
, 115
, 40
, 136
, 91
, 85
, 34
, 142
, 154
, 22
, 72
, 104
, 162
, 14
, 147
, 29
, 32
, 144
, 35
, 141
, 99
, 77
, 24
, 152
, 33
, 143
, 25
, 151
, 7
, 169
, 101
, 75
, 138
, 38
, 138
, 38
, 73
, 103
, 51
, 125
, 15
, 161
, 79
, 97
, 132
, 44
, 97
, 79
, 173
, 3
, 169
, 7
, 43
, 133
, 71
, 105
, 17
, 159
, 31
, 145
, 77
, 99
, 127
, 49
, 42
, 134
, 155
, 21
, 167
, 9
, 58
, 118
, 31
, 145
, 148
, 28
, 131
, 45
, 59
, 117
, 38
, 138
, 9
, 167
, 172
, 4
, 101
, 75
, 113
, 63
, 146
, 30
, 90
, 86
, 117
, 59
, 47
, 129
, 161
, 15
, 38
, 138
, 124
, 52
, 78
, 98
, 7
, 169
, 110
, 66
, 54
, 122
, 120
, 56
, 36
, 140
, 18
, 158
, 109
, 67
, 45
, 131
, 134
, 42
, 77
, 99
, 50
, 126
, 108
, 68
, 85
, 91
, 164
, 12
, 75
, 101
, 27
, 149
, 62
, 114
, 59
, 117
, 133
, 43
, 126
, 50
, 174
, 2
, 40
, 136
, 107
, 69
, 14
, 162
, 155
, 21
, 114
, 62
, 135
, 41
, 120
, 56
, 47
, 129
, 89
, 87
, 165
, 11
, 86
, 90
, 58
, 118
, 52
, 124
, 103
, 73
, 63
, 113
, 54
, 122
, 15
, 161
, 74
, 102
, 169
, 7
, 109
, 67
, 13
, 163
, 56
, 120
, 94
, 82
, 46
, 130
, 97
, 79
, 151
, 25
, 8
, 168
, 94
, 82
, 33
, 143
, 112
, 64
, 42
, 134
, 41
, 135
, 91
, 85
, 43
, 133
, 97
, 79
, 39
, 137
, 18
, 158
, 65
, 111
, 40
, 136
, 126
, 50
, 27
, 149
, 91
, 85
, 161
, 15
, 96
, 80
, 38
, 138
, 92
, 84
, 61
, 115
, 97
, 79
, 10
, 166
, 101
, 75
, 142
, 34
, 165
, 11
, 46
, 130
, 171
, 5
, 104
, 72
, 99
, 77
, 114
, 62
, 70
, 106
, 61
, 115
, 170
, 6
, 93
, 83
, 16
, 160
, 75
, 101
, 132
, 44
, 1
, 175
, 55
, 121
, 124
, 52
, 23
, 153
, 86
, 90
, 70
, 106
, 64
, 112
, 38
, 138
, 155
, 21
, 2
, 174
, 5
, 171
, 130
, 46
, 81
, 95
, 123
, 53
, 53
, 123
, 44
, 132
, 17
, 159
, 83
, 93
, 76
, 100
, 49
, 127
, 31
, 145
, 45
, 131
, 80
, 96
, 74
, 102
, 4
, 172
, 97
, 79
, 113
, 63
, 40
, 136
, 3
, 173
, 89
, 87
, 172
, 4
, 30
, 146
, 17
, 159
, 76
, 100
, 153
, 23
, 68
, 108
, 120
, 56
, 74
, 102
, 62
, 114
, 101
, 75
, 104
, 72
, 78
, 98
, 44
, 132
, 77
, 99
, 124
, 52
, 142
, 34
, 81
, 95
, 72
, 104
, 66
, 110
, 167
, 9
, 53
, 123
, 52
, 124
, 49
, 127
, 49
, 127
, 166
, 10
, 14
, 162
, 113
, 63
, 47
, 129
, 88
, 88
, 145
, 31
, 164
, 12
, 74
, 102
, 22
, 154
, 82
, 94
, 91
, 85
, 113
, 63
, 56
, 120
, 130
, 46
, 74
, 102
, 162
, 14
, 151
, 25
, 114
, 62
, 54
, 122
, 14
, 162
, 167
, 9
, 76
, 100
, 32
, 144
, 158
, 18
, 150
, 26
, 122
, 54
, 145
, 31
, 35
, 141
, 165
, 11
, 80
, 96
, 130
, 46
, 23
, 153
, 37
, 139
, 102
, 74
, 72
, 104
, 105
, 71
, 144
, 32
, 80
, 96
, 121
, 55
, 46
, 130
, 42
, 134
, 143
, 33
, 150
, 26
, 59
, 117
, 103
, 73
, 40
, 136
, 35
, 141
, 41
, 135
, 87
, 89
, 46
, 130
, 100
, 76
, 71
, 105
, 171
, 5
, 31
, 145
, 26
, 150
, 173
, 3
, 64
, 112
, 43
, 133
, 123
, 53
, 159
, 17
, 140
, 36
, 174
, 2
, 134
, 42
, 115
, 61
, 81
, 95
, 55
, 121
, 88
, 88
, 77
, 99
, 5
, 171
, 171
, 5
, 55
, 121
, 28
, 148
, 62
, 114
, 164
, 12
, 6
, 170
, 163
, 13
, 168
, 8
, 89
, 87
, 15
, 161
, 13
, 163
, 116
, 60
, 89
, 87
, 29
, 147
, 35
, 141
, 48
, 128
, 84
, 92
, 74
, 102
, 30
, 146
, 151
, 25
, 131
, 45
, 161
, 15
, 59
, 117
, 161
, 15
, 40
, 136
, 58
, 118
, 48
, 128
, 111
, 65
, 56
, 120
, 58
, 118
, 9
, 167
, 92
, 84
, 2
, 174
, 127
, 49
, 98
, 78
, 43
, 133
, 97
, 79
, 54
, 122
, 123
, 53
, 70
, 106
, 74
, 102
, 119
, 57
, 59
, 117
, 76
, 100
, 87
, 89
, 43
, 133
, 165
, 11
, 53
, 123
, 118
, 58
, 17
, 159
, 54
, 122
, 56
, 120
, 50
, 126
, 63
, 113
, 137
, 39
, 64
, 112
, 18
, 158
, 83
, 93
, 121
, 55
, 61
, 115
, 74
, 102
, 50
, 126
, 128
, 48
, 88
, 88
, 162
, 14
, 113
, 63
, 65
, 111
, 39
, 137
, 29
, 147
, 62
, 114
, 33
, 143
, 57
, 119
, 22
, 154
, 13
, 163
, 137
, 39
, 88
, 88
, 43
, 133
, 55
, 121
, 36
, 140
, 2
, 174
, 131
, 45
, 133
, 43
, 26
, 150
, 139
, 37
, 4
, 172
, 103
, 73
, 87
, 89
, 35
, 141
, 64
, 112
, 104
, 72
, 144
, 32
, 35
, 141
, 77
, 99
, 100
, 76
, 33
, 143
, 3
, 173
, 45
, 131
, 156
, 20
, 35
, 141
, 102
, 74
, 152
, 24
, 56
, 120
, 80
, 96
, 143
, 33
, 45
, 131
, 167
, 9
, 123
, 53
, 124
, 52
, 154
, 22
, 170
, 6
, 118
, 58
, 171
, 5
, 172
, 4
, 29
, 147
, 71
, 105
, 53
, 123
, 60
, 116
, 80
, 96
, 34
, 142
, 75
, 101
, 37
, 139
, 27
, 149
, 100
, 76
, 130
, 46
, 107
, 69
, 114
, 62
, 3
, 173
, 11
, 165
, 90
, 86
, 58
, 118
, 155
, 21
, 25
, 151
, 101
, 75
, 117
, 59
, 155
, 21
, 127
, 49
, 119
, 57
, 2
, 174
, 85
, 91
, 65
, 111
, 55
, 121
, 39
, 137
, 30
, 146
, 145
, 31
, 31
, 145
, 153
, 23
, 35
, 141
, 110
, 66
, 126
, 50
, 168
, 8
, 9
, 167
, 147
, 29
, 42
, 134
, 67
, 109
, 99
, 77
, 27
, 149
, 82
, 94
, 161
, 15
, 46
, 130
, 7
, 169
, 12
, 164
, 9
, 167
, 5
, 171
, 88
, 88
, 74
, 102
, 110
, 66
, 156
, 20
, 99
, 77
, 156
, 20
, 36
, 140
, 161
, 15
, 78
, 98
, 58
, 118
, 115
, 61
, 9
, 167
, 87
, 89
, 167
, 9
, 146
, 30
, 39
, 137
, 155
, 21
, 74
, 102
, 102
, 74
, 3
, 173
, 76
, 100
, 68
, 108
, 133
, 43
, 148
, 28
, 167
, 9
, 128
, 48
, 134
, 42
, 32
, 144
, 92
, 84
, 80
, 96
, 53
, 123
, 168
, 8
, 64
, 112
, 125
, 51
, 16
, 160
, 40
, 136
, 51
, 125
, 8
, 168
, 41
, 135
, 99
, 77
, 151
, 25
, 119
, 57
, 135
, 41
, 33
, 143
, 136
, 40
, 165
, 11
, 116
, 60
, 45
, 131
, 2
, 174
, 9
, 167
, 114
, 62
, 78
, 98
, 53
, 123
, 68
, 108
, 118
, 58
, 145
, 31
, 80
, 96
, 114
, 62
, 45
, 131
, 169
, 7
, 139
, 37
, 111
, 65
, 17
, 159
, 111
, 65
, 3
, 173
, 27
, 149
, 165
, 11
, 51
, 125
, 167
, 9
, 12
, 164
, 158
, 18
, 169
, 7
, 117
, 59
, 6
, 170
, 30
, 146
, 98
, 78
, 152
, 24
, 114
, 62
, 57
, 119
, 170
, 6
, 92
, 84
, 7
, 169
, 120
, 56
, 58
, 118
, 5
, 171
, 54
, 122
, 127
, 49
, 156
, 20
, 10
, 166
, 100
, 76
, 117
, 59
, 8
, 168
, 5
, 171
, 119
, 57
, 97
, 79
, 71
, 105
, 152
, 24
, 57
, 119
, 16
, 160
, 149
, 27
, 18
, 158
, 132
, 44
, 108
, 68
, 67
, 109
, 109
, 67
, 25
, 151
, 138
, 38
, 121
, 55
, 104
, 72
, 37
, 139
, 5
, 171
, 43
, 133
, 172
, 4
, 31
, 145
, 101
, 75
, 108
, 68
, 150
, 26
, 154
, 22
, 67
, 109
, 136
, 40
, 68
, 108
, 19
, 157
, 157
, 19
, 57
, 119
, 37
, 139
, 37
, 139
, 115
, 61
, 17
, 159
, 120
, 56
, 54
, 122
, 50
, 126
, 123
, 53
, 59
, 117
, 6
, 170
, 101
, 75
, 7
, 169
, 129
, 47
, 169
, 7
, 102
, 74
, 64
, 112
, 150
, 26
, 130
, 46
, 4
, 172
, 108
, 68
, 135
, 41
, 145
, 31
, 74
, 102
, 54
, 122
, 166
, 10
, 2
, 174
, 61
, 115
, 94
, 82
, 104
, 72
, 166
, 10
, 122
, 54
, 154
, 22
, 93
, 83
, 129
, 47
, 77
, 99
, 160
, 16
, 39
, 137
, 64
, 112
, 53
, 123
, 1
, 175
, 86
, 90
, 10
, 166
, 147
, 29
, 58
, 118
, 56
, 120
, 94
, 82
, 22
, 154
, 35
, 141
, 57
, 119
, 161
, 15
, 34
, 142
, 170
, 6
, 104
, 72
, 154
, 22
, 35
, 141
, 136
, 40
, 118
, 58
, 130
, 46
, 67
, 109
, 165
, 11
, 96
, 80
, 170
, 6
, 13
, 163
, 21
, 155
, 142
, 34
, 170
, 6
, 136
, 40
, 79
, 97
, 138
, 38
, 19
, 157
, 162
, 14
, 38
, 138
, 40
, 136
, 154
, 22
, 104
, 72
, 56
, 120
, 153
, 23
, 148
, 28
, 35
, 141
, 151
, 25
, 126
, 50
, 38
, 138
, 70
, 106
, 20
, 156
, 145
, 31
, 121
, 55
, 46
, 130
, 15
, 161
, 110
, 66
, 93
, 83
, 99
, 77
, 45
, 131
, 96
, 80
, 165
, 11
, 80
, 96
, 94
, 82
, 44
, 132
, 172
, 4
, 59
, 117
, 32
, 144
, 129
, 47
, 128
, 48
, 55
, 121
, 92
, 84
, 140
, 36
, 152
, 24
, 58
, 118
, 33
, 143
, 150
, 26
, 142
, 34
, 152
, 24
, 123
, 53
, 47
, 129
, 59
, 117
, 149
, 27
, 150
, 26
, 109
, 67
, 33
, 143
, 143
, 33
, 36
, 140
, 12
, 164
, 84
, 92
, 8
, 168
, 141
, 35
, 29
, 147
, 90
, 86
, 157
, 19
, 149
, 27
, 102
, 74
, 158
, 18
, 106
, 70
, 137
, 39
, 94
, 82
, 169
, 7
, 3
, 173
, 71
, 105
, 37
, 139
, 113
, 63
, 87
, 89
, 21
, 155
, 122
, 54
, 92
, 84
, 59
, 117
, 131
, 45
, 98
, 78
, 59
, 117
, 88
, 88
, 58
, 118
, 70
, 106
, 147
, 29
, 151
, 25
, 59
, 117
, 172
, 4
, 17
, 159
, 15
, 161
, 35
, 141
, 75
, 101
, 75
, 101
, 60
, 116
, 8
, 168
, 168
, 8
, 166
, 10
, 42
, 134
, 47
, 129
, 34
, 142
, 166
, 10
, 95
, 81
, 159
, 17
, 128
, 48
, 66
, 110
, 12
, 164
, 3
, 173
, 109
, 67
, 9
, 167
, 144
, 32
, 161
, 15
, 80
, 96
, 1
, 175
, 138
, 38
, 4
, 172
, 148
, 28
, 144
, 32
, 13
, 163
, 72
, 104
, 161
, 15
, 51
, 125
, 118
, 58
, 13
, 163
, 162
, 14
, 98
, 78
, 172
, 4
, 137
, 39
, 17
, 159
, 4
, 172
, 140
, 36
, 46
, 130
, 165
, 11
, 21
, 155
, 168
, 8
, 51
, 125
, 84
, 92
, 121
, 55
, 73
, 103
, 170
, 6
, 15
, 161
, 145
, 31
, 158
, 18
, 3
, 173
, 141
, 35
, 115
, 61
, 62
, 114
, 15
, 161
, 145
, 31
, 126
, 50
, 169
, 7
, 4
, 172
, 66
, 110
, 42
, 134
, 158
, 18
, 26
, 150
, 5
, 171
, 97
, 79
, 30
, 146
, 15
, 161
, 124
, 52
, 30
, 146
, 104
, 72
, 105
, 71
, 160
, 16
, 95
, 81
, 157
, 19
, 153
, 23
, 107
, 69
, 45
, 131
, 83
, 93
, 39
, 137
, 27
, 149
, 110
, 66
, 172
, 4
, 27
, 149
, 21
, 155
, 76
, 100
, 70
, 106
, 66
, 110
, 134
, 42
, 131
, 45
, 19
, 157
, 35
, 141
, 11
, 165
, 76
, 100
, 162
, 14
, 11
, 165
, 93
, 83
, 39
, 137
, 139
, 37
, 167
, 9
, 18
, 158
, 114
, 62
, 89
, 87
, 41
, 135
, 51
, 125
, 12
, 164
, 124
, 52
, 94
, 82
, 107
, 69
, 36
, 140
, 30
, 146
, 70
, 106
, 148
, 28
, 49
, 127
, 65
, 111
, 119
, 57
, 52
, 124
, 167
, 9
, 173
, 3
, 49
, 127
, 105
, 71
, 158
, 18
, 1
, 175
, 47
, 129
, 41
, 135
, 40
, 136
, 1
, 175
, 29
, 147
, 109
, 67
, 22
, 154
, 7
, 169
, 103
, 73
, 107
, 69
, 45
, 131
, 120
, 56
, 151
, 25
, 4
, 172
, 82
, 94
, 114
, 62
, 126
, 50
, 9
, 167
, 66
, 110
, 164
, 12
, 89
, 87
, 94
, 82
, 57
, 119
, 144
, 32
, 88
, 88
, 54
, 122
, 19
, 157
, 132
, 44
, 143
, 33
, 8
, 168
, 145
, 31
, 39
, 137
, 110
, 66
, 162
, 14
, 113
, 63
, 88
, 88
, 2
, 174
, 96
, 80
, 36
, 140
, 75
, 101
, 157
, 19
, 168
, 8
, 136
, 40
, 54
, 122
, 34
, 142
, 129
, 47
, 48
, 128
, 11
, 165
, 172
, 4
, 113
, 63
, 80
, 96
, 151
, 25
, 109
, 67
, 1
, 175
, 97
, 79
, 159
, 17
, 51
, 125
, 129
, 47
, 62
, 114
, 133
, 43
, 62
, 114
, 103
, 73
, 24
, 152
, 155
, 21
, 35
, 141
, 56
, 120
, 115
, 61
, 60
, 116
, 123
, 53
, 37
, 139
, 114
, 62
, 35
, 141
, 98
, 78
, 116
, 60
, 28
, 148
, 155
, 21
, 145
, 31
, 91
, 85
, 146
, 30
, 95
, 81
, 6
, 170
, 62
, 114
, 130
, 46
, 40
, 136
, 46
, 130
, 70
, 106
, 15
, 161
, 19
, 157
, 115
, 61
, 48
, 128
, 4
, 172
, 144
, 32
, 155
, 21
, 152
, 24
, 70
, 106
, 94
, 82
, 106
, 70
, 86
, 90
, 78
, 98
, 53
, 123
, 123
, 53
, 145
, 31
, 140
, 36
, 26
, 150
, 52
, 124
, 59
, 117
, 64
, 112
, 64
, 112
, 63
, 113
, 22
, 154
, 105
, 71
, 41
, 135
, 40
, 136
, 160
, 16
, 93
, 83
, 122
, 54
, 132
, 44
, 119
, 57
, 87
, 89
, 122
, 54
, 67
, 109
, 77
, 99
, 148
, 28
, 36
, 140
, 31
, 145
, 148
, 28
, 67
, 109
, 134
, 42
, 74
, 102
, 47
, 129
, 58
, 118
, 56
, 120
, 150
, 26
, 10
, 166
, 140
, 36
, 101
, 75
, 158
, 18
, 125
, 51
, 53
, 123
, 119
, 57
, 5
, 171
, 126
, 50
, 161
, 15
, 53
, 123
, 35
, 141
, 165
, 11
, 129
, 47
, 165
, 11
, 46
, 130
, 108
, 68
, 160
, 16
, 6
, 170
, 123
, 53
, 173
, 3
, 134
, 42
, 58
, 118
, 43
, 133
, 149
, 27
, 89
, 87
, 46
, 130
, 30
, 146
, 135
, 41
, 91
, 85
, 136
, 40
, 106
, 70
, 146
, 30
, 142
, 34
, 141
, 35
, 46
, 130
, 114
, 62
, 16
, 160
, 148
, 28
, 153
, 23
, 140
, 36
, 42
, 134
, 154
, 22
, 4
, 172
, 118
, 58
, 107
, 69
, 93
, 83
, 114
, 62
, 114
, 62
, 87
, 89
, 135
, 41
, 118
, 58
, 157
, 19
, 155
, 21
, 169
, 7
, 66
, 110
, 47
, 129
, 16
, 160
, 43
, 133
, 52
, 124
, 22
, 154
, 151
, 25
, 162
, 14
, 63
, 113
, 145
, 31
, 2
, 174
, 76
, 100
, 50
, 126
, 154
, 22
, 111
, 65
, 90
, 86
, 159
, 17
, 38
, 138
, 134
, 42
, 116
, 60
, 147
, 29
, 108
, 68
, 106
, 70
, 126
, 50
, 142
, 34
, 30
, 146
, 39
, 137
, 78
, 98
, 13
, 163
, 151
, 25
, 132
, 44
, 156
, 20
, 82
, 94
, 107
, 69
, 136
, 40
, 25
, 151
, 119
, 57
, 120
, 56
, 91
, 85
, 104
, 72
, 165
, 11
, 38
, 138
, 61
, 115
, 4
, 172
, 72
, 104
, 95
, 81
, 49
, 127
, 160
, 16
, 168
, 8
, 158
, 18
, 30
, 146
, 23
, 153
, 81
, 95
, 47
, 129
, 37
, 139
, 87
, 89
, 129
, 47
, 98
, 78
, 94
, 82
, 144
, 32
, 98
, 78
, 58
, 118
, 48
, 128
, 35
, 141
, 122
, 54
, 101
, 75
, 134
, 42
, 109
, 67
, 150
, 26
, 58
, 118
, 106
, 70
, 56
, 120
, 10
, 166
, 18
, 158
, 121
, 55
, 34
, 142
, 94
, 82
, 2
, 174
, 133
, 43
, 132
, 44
, 43
, 133
, 17
, 159
, 103
, 73
, 96
, 80
, 52
, 124
, 143
, 33
, 71
, 105
, 38
, 138
, 142
, 34
, 158
, 18
, 125
, 51
, 113
, 63
, 113
, 63
, 94
, 82
, 58
, 118
, 99
, 77
, 19
, 157
, 173
, 3
, 53
, 123
, 121
, 55
, 162
, 14
, 53
, 123
, 146
, 30
, 109
, 67
, 102
, 74
, 21
, 155
, 91
, 85
, 152
, 24
, 66
, 110
, 119
, 57
, 170
, 6
, 9
, 167
, 109
, 67
, 43
, 133
, 35
, 141
, 24
, 152
, 55
, 121
, 113
, 63
, 2
, 174
, 11
, 165
, 63
, 113
, 19
, 157
, 33
, 143
, 131
, 45
, 139
, 37
, 132
, 44
, 154
, 22
, 79
, 97
, 19
, 157
, 95
, 81
, 16
, 160
, 108
, 68
, 68
, 108
, 156
, 20
, 3
, 173
, 88
, 88
, 138
, 38
, 42
, 134
, 71
, 105
, 157
, 19
, 90
, 86
, 104
, 72
, 52
, 124
, 54
, 122
, 132
, 44
, 60
, 116
, 56
, 120
, 136
, 40
, 164
, 12
, 34
, 142
, 42
, 134
, 3
, 173
, 167
, 9
, 156
, 20
, 170
, 6
, 58
, 118
, 164
, 12
, 157
, 19
, 65
, 111
, 41
, 135
, 95
, 81
, 144
, 32
, 133
, 43
, 121
, 55
, 161
, 15
, 161
, 15
, 166
, 10
, 16
, 160
, 149
, 27
, 22
, 154
, 64
, 112
, 171
, 5
, 157
, 19
, 115
, 61
, 31
, 145
, 68
, 108
, 117
, 59
, 91
, 85
, 149
, 27
, 26
, 150
, 133
, 43
, 24
, 152
, 55
, 121
, 71
, 105
, 145
, 31
, 79
, 97
, 119
, 57
, 85
, 91
, 8
, 168
, 173
, 3
, 121
, 55
, 125
, 51
, 57
, 119
, 67
, 109
, 105
, 71
, 61
, 115
, 34
, 142
, 105
, 71
, 172
, 4
, 10
, 166
, 129
, 47
, 142
, 34
, 125
, 51
, 92
, 84
, 128
, 48
, 1
, 175
, 173
, 3
, 10
, 166
, 95
, 81
, 114
, 62
, 110
, 66
, 53
, 123
, 2
, 174
, 7
, 169
, 69
, 107
, 134
, 42
, 135
, 41
, 31
, 145
, 106
, 70
, 14
, 162
, 161
, 15
, 144
, 32
, 4
, 172
, 165
, 11
, 102
, 74
, 81
, 95
, 90
, 86
, 153
, 23
, 31
, 145
, 98
, 78
, 166
, 10
, 20
, 156
, 58
, 118
, 57
, 119
, 40
, 136
, 91
, 85
, 81
, 95
, 74
, 102
, 73
, 103
, 171
, 5
, 102
, 74
, 83
, 93
, 144
, 32
, 50
, 126
, 74
, 102
, 16
, 160
, 134
, 42
, 173
, 3
, 174
, 2
, 80
, 96
, 122
, 54
, 1
, 175
, 124
, 52
, 124
, 52
, 162
, 14
, 90
, 86
, 133
, 43
, 145
, 31
, 45
, 131
, 131
, 45
, 112
, 64
, 153
, 23
, 47
, 129
, 69
, 107
, 136
, 40
, 41
, 135
, 10
, 166
, 89
, 87
, 147
, 29
, 4
, 172
, 97
, 79
, 164
, 12
, 101
, 75
, 158
, 18
, 119
, 57
, 74
, 102
, 57
, 119
, 68
, 108
, 88
, 88
, 93
, 83
, 18
, 158
, 158
, 18
, 20
, 156
, 31
, 145
, 159
, 17
, 76
, 100
, 5
, 171
, 147
, 29
, 164
, 12
, 83
, 93
, 25
, 151
, 107
, 69
, 25
, 151
, 149
, 27
, 41
, 135
, 50
, 126
, 85
, 91
, 165
, 11
, 83
, 93
, 113
, 63
, 12
, 164
, 82
, 94
, 28
, 148
, 111
, 65
, 107
, 69
, 122
, 54
, 102
, 74
, 65
, 111
, 35
, 141
, 113
, 63
, 112
, 64
, 100
, 76
, 168
, 8
, 18
, 158
, 100
, 76
, 160
, 16
, 37
, 139
, 85
, 91
, 161
, 15
, 118
, 58
, 146
, 30
, 102
, 74
, 114
, 62
, 87
, 89
, 38
, 138
, 154
, 22
, 20
, 156
, 155
, 21
, 27
, 149
, 60
, 116
, 61
, 115
, 7
, 169
, 142
, 34
, 85
, 91
, 102
, 74
, 90
, 86
, 75
, 101
, 22
, 154
, 22
, 154
, 126
, 50
, 148
, 28
, 31
, 145
, 67
, 109
, 37
, 139
, 116
, 60
, 50
, 126
, 63
, 113
, 55
, 121
, 97
, 79
, 38
, 138
, 35
, 141
, 120
, 56
, 19
, 157
, 161
, 15
, 33
, 143
, 96
, 80
, 68
, 108
, 114
, 62
, 138
, 38
, 136
, 40
, 12
, 164
, 44
, 132
, 30
, 146
, 82
, 94
, 75
, 101
, 67
, 109
, 145
, 31
, 10
, 166
, 97
, 79
, 87
, 89
, 39
, 137
, 165
, 11
, 29
, 147
, 71
, 105
, 65
, 111
, 111
, 65
, 29
, 147
, 32
, 144
, 108
, 68
, 153
, 23
, 37
, 139
, 165
, 11
, 101
, 75
, 58
, 118
, 142
, 34
, 158
, 18
, 99
, 77
, 147
, 29
, 95
, 81
, 49
, 127
, 16
, 160
, 119
, 57
, 31
, 145
, 106
, 70
, 5
, 171
, 102
, 74
, 59
, 117
, 32
, 144
, 158
, 18
, 50
, 126
, 130
, 46
, 81
, 95
, 52
, 124
, 81
, 95
, 83
, 93
, 162
, 14
, 152
, 24
, 101
, 75
, 54
, 122
, 3
, 173
, 138
, 38
, 145
, 31
, 51
, 125
, 68
, 108
, 150
, 26
, 33
, 143
, 173
, 3
, 119
, 57
, 60
, 116
, 25
, 151
, 173
, 3
, 154
, 22
, 52
, 124
, 173
, 3
, 68
, 108
, 107
, 69
, 104
, 72
, 9
, 167
, 76
, 100
, 114
, 62
, 17
, 159
, 172
, 4
, 140
, 36
, 4
, 172
, 95
, 81
, 142
, 34
, 143
, 33
, 144
, 32
, 159
, 17
, 30
, 146
, 118
, 58
, 113
, 63
, 126
, 50
, 132
, 44
, 157
, 19
, 104
, 72
, 127
, 49
, 48
, 128
, 13
, 163
, 172
, 4
, 94
, 82
, 127
, 49
, 40
, 136
, 10
, 166
, 113
, 63
, 60
, 116
, 41
, 135
, 81
, 95
, 52
, 124
, 149
, 27
, 24
, 152
, 101
, 75
, 156
, 20
, 63
, 113
, 42
, 134
, 154
, 22
, 140
, 36
, 22
, 154
, 84
, 92
, 36
, 140
, 166
, 10
, 63
, 113
, 118
, 58
, 122
, 54
, 155
, 21
, 130
, 46
, 18
, 158
, 103
, 73
, 121
, 55
, 62
, 114
, 10
, 166
, 129
, 47
, 149
, 27
, 164
, 12
, 52
, 124
, 115
, 61
, 97
, 79
, 17
, 159
, 27
, 149
, 56
, 120
, 8
, 168
, 49
, 127
, 139
, 37
, 39
, 137
, 155
, 21
, 7
, 169
, 11
, 165
, 126
, 50
, 32
, 144
, 144
, 32
, 5
, 171
, 155
, 21
, 148
, 28
, 23
, 153
, 71
, 105
, 108
, 68
, 24
, 152
, 157
, 19
, 132
, 44
, 133
, 43
, 83
, 93
, 15
, 161
, 70
, 106
, 136
, 40
, 138
, 38
, 102
, 74
, 26
, 150
, 90
, 86
, 168
, 8
, 77
, 99
, 44
, 132
, 59
, 117
, 170
, 6
, 134
, 42
, 132
, 44
, 107
, 69
, 30
, 146
, 90
, 86
, 82
, 94
, 25
, 151
, 83
, 93
, 53
, 123
, 129
, 47
, 143
, 33
, 158
, 18
, 25
, 151
, 20
, 156
, 168
, 8
, 59
, 117
, 78
, 98
, 160
, 16
, 75
, 101
, 83
, 93
, 72
, 104
, 32
, 144
, 140
, 36
, 101
, 75
, 69
, 107
, 128
, 48
, 43
, 133
, 172
, 4
, 2
, 174
, 71
, 105
, 120
, 56
, 10
, 166
, 1
, 175
, 161
, 15
, 94
, 82
, 17
, 159
, 78
, 98
, 79
, 97
, 157
, 19
, 70
, 106
, 118
, 58
, 133
, 43
, 133
, 43
, 24
, 152
, 18
, 158
, 20
, 156
, 80
, 96
, 99
, 77
, 38
, 138
, 83
, 93
, 90
, 86
, 41
, 135
, 62
, 114
, 18
, 158
, 106
, 70
, 17
, 159
, 145
, 31
, 125
, 51
, 114
, 62
, 172
, 4
, 97
, 79
, 54
, 122
, 157
, 19
, 60
, 116
, 16
, 160
, 88
, 88
, 115
, 61
, 158
, 18
, 32
, 144
, 22
, 154
, 33
, 143
, 111
, 65
, 96
, 80
, 125
, 51
, 79
, 97
, 86
, 90
, 94
, 82
, 84
, 92
, 81
, 95
, 156
, 20
, 20
, 156
, 170
, 6
, 14
, 162
, 21
, 155
, 74
, 102
, 47
, 129
, 84
, 92
, 172
, 4
, 157
, 19
, 171
, 5
, 132
, 44
, 26
, 150
, 93
, 83
, 163
, 13
, 170
, 6
, 38
, 138
, 78
, 98
, 171
, 5
, 141
, 35
, 60
, 116
, 16
, 160
, 61
, 115
, 34
, 142
, 35
, 141
, 143
, 33
, 14
, 162
, 165
, 11
, 104
, 72
, 46
, 130
, 83
, 93
, 144
, 32
, 42
, 134
, 156
, 20
, 76
, 100
, 124
, 52
, 159
, 17
, 67
, 109
, 104
, 72
, 121
, 55
, 140
, 36
, 19
, 157
, 26
, 150
, 10
, 166
, 91
, 85
, 96
, 80
, 6
, 170
, 161
, 15
, 96
, 80
, 143
, 33
, 134
, 42
, 91
, 85
, 111
, 65
, 129
, 47
, 91
, 85
, 14
, 162
, 4
, 172
, 121
, 55
, 73
, 103
, 55
, 121
, 31
, 145
, 140
, 36
, 163
, 13
, 119
, 57
, 147
, 29
, 114
, 62
, 137
, 39
, 24
, 152
, 79
, 97
, 81
, 95
, 128
, 48
, 115
, 61
, 127
, 49
, 48
, 128
, 46
, 130
, 1
, 175
, 46
, 130
, 57
, 119
, 28
, 148
, 154
, 22
, 48
, 128
, 107
, 69
, 58
, 118
, 138
, 38
, 93
, 83
, 125
, 51
, 93
, 83
, 102
, 74
, 154
, 22
, 101
, 75
, 119
, 57
, 145
, 31
, 84
, 92
, 60
, 116
, 126
, 50
, 134
, 42
, 59
, 117
, 75
, 101
, 146
, 30
, 6
, 170
, 58
, 118
, 168
, 8
, 59
, 117
, 12
, 164
, 72
, 104
, 114
, 62
, 118
, 58
, 165
, 11
, 72
, 104
, 1
, 175
, 59
, 117
, 53
, 123
, 15
, 161
, 87
, 89
, 91
, 85
, 101
, 75
, 126
, 50
, 47
, 129
, 27
, 149
, 106
, 70
, 44
, 132
, 80
, 96
, 106
, 70
, 62
, 114
, 55
, 121
, 91
, 85
, 48
, 128
, 20
, 156
, 10
, 166
, 66
, 110
, 30
, 146
, 88
, 88
, 91
, 85
, 34
, 142
, 95
, 81
, 140
, 36
, 55
, 121
, 172
, 4
, 84
, 92
, 50
, 126
, 112
, 64
, 136
, 40
, 101
, 75
, 58
, 118
, 138
, 38
, 108
, 68
, 142
, 34
, 78
, 98
, 111
, 65
, 160
, 16
, 123
, 53
, 121
, 55
, 172
, 4
, 121
, 55
, 49
, 127
, 3
, 173
, 97
, 79
, 23
, 153
, 104
, 72
, 148
, 28
, 140
, 36
, 145
, 31
, 37
, 139
, 134
, 42
, 142
, 34
, 18
, 158
, 16
, 160
, 47
, 129
, 50
, 126
, 162
, 14
, 166
, 10
, 99
, 77
, 37
, 139
, 91
, 85
, 173
, 3
, 156
, 20
, 26
, 150
, 35
, 141
, 171
, 5
, 3
, 173
, 36
, 140
, 93
, 83
, 63
, 113
, 158
, 18
, 47
, 129
, 66
, 110
, 39
, 137
, 99
, 77
, 8
, 168
, 173
, 3
, 98
, 78
, 40
, 136
, 145
, 31
, 18
, 158
, 14
, 162
, 67
, 109
, 80
, 96
, 82
, 94
, 156
, 20
, 121
, 55
, 110
, 66
, 109
, 67
, 51
, 125
, 84
, 92
, 25
, 151
, 79
, 97
, 136
, 40
, 129
, 47
, 49
, 127
, 74
, 102
, 68
, 108
, 72
, 104
, 118
, 58
, 174
, 2
, 144
, 32
, 128
, 48
, 116
, 60
, 76
, 100
, 18
, 158
, 150
, 26
, 89
, 87
, 92
, 84
, 9
, 167
, 45
, 131
, 40
, 136
, 135
, 41
, 90
, 86
, 104
, 72
, 100
, 76
, 17
, 159
, 110
, 66
, 120
, 56
, 88
, 88
, 104
, 72
, 115
, 61
, 82
, 94
, 39
, 137
, 77
, 99
, 33
, 143
, 156
, 20
, 171
, 5
, 164
, 12
, 125
, 51
, 58
, 118
, 48
, 128
, 126
, 50
, 47
, 129
, 54
, 122
, 59
, 117
, 100
, 76
, 155
, 21
, 95
, 81
, 127
, 49
, 10
, 166
, 21
, 155
, 70
, 106
, 89
, 87
, 109
, 67
, 56
, 120
, 58
, 118
, 63
, 113
, 7
, 169
, 150
, 26
, 4
, 172
, 73
, 103
