
2740
, 4
, 226
, 105
, 125
, 211
, 19
, 196
, 34
, 133
, 97
, 143
, 87
, 195
, 35
, 30
, 200
, 21
, 209
, 65
, 165
, 219
, 11
, 134
, 96
, 170
, 60
, 68
, 162
, 48
, 182
, 8
, 222
, 124
, 106
, 150
, 80
, 112
, 118
, 167
, 63
, 118
, 112
, 143
, 87
, 45
, 185
, 215
, 15
, 148
, 82
, 219
, 11
, 184
, 46
, 80
, 150
, 135
, 95
, 170
, 60
, 108
, 122
, 180
, 50
, 72
, 158
, 145
, 85
, 83
, 147
, 108
, 122
, 153
, 77
, 163
, 67
, 226
, 4
, 181
, 49
, 119
, 111
, 170
, 60
, 169
, 61
, 83
, 147
, 227
, 3
, 7
, 223
, 46
, 184
, 169
, 61
, 30
, 200
, 167
, 63
, 83
, 147
, 173
, 57
, 189
, 41
, 23
, 207
, 165
, 65
, 74
, 156
, 225
, 5
, 161
, 69
, 177
, 53
, 111
, 119
, 163
, 67
, 64
, 166
, 108
, 122
, 158
, 72
, 206
, 24
, 13
, 217
, 24
, 206
, 13
, 217
, 66
, 164
, 192
, 38
, 83
, 147
, 27
, 203
, 156
, 74
, 66
, 164
, 54
, 176
, 202
, 28
, 14
, 216
, 170
, 60
, 100
, 130
, 72
, 158
, 224
, 6
, 108
, 122
, 48
, 182
, 37
, 193
, 137
, 93
, 225
, 5
, 100
, 130
, 96
, 134
, 43
, 187
, 163
, 67
, 96
, 134
, 193
, 37
, 124
, 106
, 161
, 69
, 90
, 140
, 165
, 65
, 69
, 161
, 151
, 79
, 192
, 38
, 78
, 152
, 104
, 126
, 103
, 127
, 188
, 42
, 66
, 164
, 117
, 113
, 224
, 6
, 186
, 44
, 165
, 65
, 169
, 61
, 111
, 119
, 115
, 115
, 61
, 169
, 157
, 73
, 56
, 174
, 224
, 6
, 108
, 122
, 190
, 40
, 128
, 102
, 131
, 99
, 28
, 202
, 61
, 169
, 3
, 227
, 82
, 148
, 56
, 174
, 98
, 132
, 18
, 212
, 148
, 82
, 174
, 56
, 11
, 219
, 93
, 137
, 20
, 210
, 51
, 179
, 69
, 161
, 156
, 74
, 150
, 80
, 173
, 57
, 107
, 123
, 96
, 134
, 56
, 174
, 34
, 196
, 81
, 149
, 125
, 105
, 224
, 6
, 54
, 176
, 80
, 150
, 52
, 178
, 129
, 101
, 61
, 169
, 115
, 115
, 212
, 18
, 42
, 188
, 64
, 166
, 117
, 113
, 61
, 169
, 34
, 196
, 168
, 62
, 10
, 220
, 204
, 26
, 83
, 147
, 32
, 198
, 125
, 105
, 52
, 178
, 154
, 76
, 199
, 31
, 52
, 178
, 217
, 13
, 41
, 189
, 163
, 67
, 67
, 163
, 208
, 22
, 220
, 10
, 216
, 14
, 92
, 138
, 194
, 36
, 80
, 150
, 129
, 101
, 44
, 186
, 188
, 42
, 11
, 219
, 105
, 125
, 135
, 95
, 158
, 72
, 222
, 8
, 45
, 185
, 224
, 6
, 32
, 198
, 99
, 131
, 144
, 86
, 97
, 133
, 128
, 102
, 146
, 84
, 187
, 43
, 199
, 31
, 161
, 69
, 6
, 224
, 114
, 116
, 118
, 112
, 168
, 62
, 42
, 188
, 98
, 132
, 44
, 186
, 187
, 43
, 225
, 5
, 187
, 43
, 127
, 103
, 105
, 125
, 144
, 86
, 123
, 107
, 30
, 200
, 68
, 162
, 215
, 15
, 220
, 10
, 152
, 78
, 37
, 193
, 155
, 75
, 62
, 168
, 183
, 47
, 166
, 64
, 127
, 103
, 79
, 151
, 75
, 155
, 59
, 171
, 126
, 104
, 203
, 27
, 69
, 161
, 31
, 199
, 47
, 183
, 193
, 37
, 60
, 170
, 227
, 3
, 198
, 32
, 8
, 222
, 82
, 148
, 181
, 49
, 21
, 209
, 121
, 109
, 224
, 6
, 222
, 8
, 91
, 139
, 158
, 72
, 55
, 175
, 146
, 84
, 199
, 31
, 178
, 52
, 39
, 191
, 99
, 131
, 47
, 183
, 210
, 20
, 19
, 211
, 128
, 102
, 63
, 167
, 92
, 138
, 86
, 144
, 86
, 144
, 123
, 107
, 174
, 56
, 8
, 222
, 136
, 94
, 218
, 12
, 131
, 99
, 130
, 100
, 218
, 12
, 139
, 91
, 55
, 175
, 123
, 107
, 24
, 206
, 222
, 8
, 220
, 10
, 159
, 71
, 71
, 159
, 10
, 220
, 54
, 176
, 182
, 48
, 6
, 224
, 90
, 140
, 162
, 68
, 146
, 84
, 180
, 50
, 60
, 170
, 185
, 45
, 23
, 207
, 156
, 74
, 154
, 76
, 56
, 174
, 77
, 153
, 115
, 115
, 88
, 142
, 15
, 215
, 184
, 46
, 118
, 112
, 176
, 54
, 56
, 174
, 171
, 59
, 138
, 92
, 134
, 96
, 100
, 130
, 199
, 31
, 187
, 43
, 151
, 79
, 226
, 4
, 30
, 200
, 113
, 117
, 157
, 73
, 58
, 172
, 129
, 101
, 76
, 154
, 133
, 97
, 12
, 218
, 91
, 139
, 208
, 22
, 74
, 156
, 224
, 6
, 85
, 145
, 208
, 22
, 13
, 217
, 102
, 128
, 72
, 158
, 162
, 68
, 88
, 142
, 75
, 155
, 228
, 2
, 65
, 165
, 50
, 180
, 9
, 221
, 120
, 110
, 184
, 46
, 105
, 125
, 76
, 154
, 85
, 145
, 221
, 9
, 163
, 67
, 92
, 138
, 192
, 38
, 49
, 181
, 165
, 65
, 210
, 20
, 81
, 149
, 12
, 218
, 7
, 223
, 207
, 23
, 112
, 118
, 99
, 131
, 37
, 193
, 88
, 142
, 114
, 116
, 217
, 13
, 177
, 53
, 93
, 137
, 2
, 228
, 161
, 69
, 195
, 35
, 31
, 199
, 54
, 176
, 141
, 89
, 139
, 91
, 163
, 67
, 85
, 145
, 144
, 86
, 115
, 115
, 61
, 169
, 48
, 182
, 224
, 6
, 195
, 35
, 74
, 156
, 131
, 99
, 214
, 16
, 139
, 91
, 62
, 168
, 200
, 30
, 12
, 218
, 102
, 128
, 85
, 145
, 55
, 175
, 2
, 228
, 145
, 85
, 185
, 45
, 202
, 28
, 43
, 187
, 167
, 63
, 41
, 189
, 47
, 183
, 186
, 44
, 160
, 70
, 90
, 140
, 164
, 66
, 200
, 30
, 175
, 55
, 188
, 42
, 181
, 49
, 72
, 158
, 138
, 92
, 156
, 74
, 157
, 73
, 182
, 48
, 39
, 191
, 201
, 29
, 208
, 22
, 171
, 59
, 50
, 180
, 213
, 17
, 22
, 208
, 132
, 98
, 168
, 62
, 85
, 145
, 139
, 91
, 154
, 76
, 206
, 24
, 48
, 182
, 90
, 140
, 144
, 86
, 90
, 140
, 128
, 102
, 79
, 151
, 166
, 64
, 131
, 99
, 141
, 89
, 68
, 162
, 196
, 34
, 206
, 24
, 192
, 38
, 20
, 210
, 95
, 135
, 65
, 165
, 173
, 57
, 59
, 171
, 25
, 205
, 81
, 149
, 210
, 20
, 156
, 74
, 201
, 29
, 186
, 44
, 116
, 114
, 95
, 135
, 138
, 92
, 24
, 206
, 108
, 122
, 153
, 77
, 141
, 89
, 36
, 194
, 28
, 202
, 90
, 140
, 117
, 113
, 25
, 205
, 117
, 113
, 58
, 172
, 89
, 141
, 181
, 49
, 81
, 149
, 24
, 206
, 63
, 167
, 109
, 121
, 189
, 41
, 27
, 203
, 129
, 101
, 23
, 207
, 10
, 220
, 4
, 226
, 59
, 171
, 51
, 179
, 54
, 176
, 145
, 85
, 9
, 221
, 61
, 169
, 95
, 135
, 12
, 218
, 209
, 21
, 117
, 113
, 209
, 21
, 40
, 190
, 143
, 87
, 98
, 132
, 98
, 132
, 2
, 228
, 84
, 146
, 71
, 159
, 48
, 182
, 138
, 92
, 36
, 194
, 158
, 72
, 44
, 186
, 59
, 171
, 135
, 95
, 195
, 35
, 75
, 155
, 226
, 4
, 228
, 2
, 27
, 203
, 191
, 39
, 47
, 183
, 125
, 105
, 48
, 182
, 198
, 32
, 140
, 90
, 92
, 138
, 160
, 70
, 38
, 192
, 196
, 34
, 171
, 59
, 213
, 17
, 173
, 57
, 35
, 195
, 28
, 202
, 74
, 156
, 227
, 3
, 115
, 115
, 34
, 196
, 171
, 59
, 119
, 111
, 100
, 130
, 214
, 16
, 49
, 181
, 151
, 79
, 212
, 18
, 15
, 215
, 181
, 49
, 47
, 183
, 123
, 107
, 47
, 183
, 63
, 167
, 117
, 113
, 224
, 6
, 27
, 203
, 2
, 228
, 61
, 169
, 117
, 113
, 157
, 73
, 114
, 116
, 165
, 65
, 77
, 153
, 127
, 103
, 192
, 38
, 162
, 68
, 219
, 11
, 75
, 155
, 129
, 101
, 157
, 73
, 144
, 86
, 115
, 115
, 62
, 168
, 217
, 13
, 211
, 19
, 171
, 59
, 204
, 26
, 20
, 210
, 68
, 162
, 147
, 83
, 215
, 15
, 114
, 116
, 150
, 80
, 134
, 96
, 28
, 202
, 212
, 18
, 224
, 6
, 128
, 102
, 91
, 139
, 40
, 190
, 151
, 79
, 163
, 67
, 42
, 188
, 73
, 157
, 126
, 104
, 220
, 10
, 44
, 186
, 163
, 67
, 141
, 89
, 201
, 29
, 9
, 221
, 109
, 121
, 222
, 8
, 171
, 59
, 111
, 119
, 161
, 69
, 170
, 60
, 3
, 227
, 190
, 40
, 87
, 143
, 136
, 94
, 115
, 115
, 6
, 224
, 210
, 20
, 88
, 142
, 166
, 64
, 148
, 82
, 97
, 133
, 138
, 92
, 19
, 211
, 89
, 141
, 154
, 76
, 166
, 64
, 149
, 81
, 5
, 225
, 75
, 155
, 197
, 33
, 226
, 4
, 200
, 30
, 101
, 129
, 87
, 143
, 162
, 68
, 83
, 147
, 5
, 225
, 79
, 151
, 75
, 155
, 151
, 79
, 96
, 134
, 12
, 218
, 175
, 55
, 28
, 202
, 17
, 213
, 66
, 164
, 109
, 121
, 123
, 107
, 46
, 184
, 105
, 125
, 205
, 25
, 121
, 109
, 208
, 22
, 75
, 155
, 209
, 21
, 148
, 82
, 121
, 109
, 59
, 171
, 44
, 186
, 55
, 175
, 53
, 177
, 176
, 54
, 172
, 58
, 210
, 20
, 200
, 30
, 166
, 64
, 43
, 187
, 169
, 61
, 142
, 88
, 118
, 112
, 181
, 49
, 112
, 118
, 171
, 59
, 129
, 101
, 36
, 194
, 217
, 13
, 2
, 228
, 188
, 42
, 192
, 38
, 7
, 223
, 185
, 45
, 6
, 224
, 32
, 198
, 23
, 207
, 179
, 51
, 97
, 133
, 37
, 193
, 105
, 125
, 216
, 14
, 53
, 177
, 118
, 112
, 187
, 43
, 19
, 211
, 9
, 221
, 58
, 172
, 207
, 23
, 225
, 5
, 223
, 7
, 157
, 73
, 107
, 123
, 138
, 92
, 148
, 82
, 10
, 220
, 173
, 57
, 19
, 211
, 102
, 128
, 63
, 167
, 216
, 14
, 216
, 14
, 175
, 55
, 35
, 195
, 52
, 178
, 97
, 133
, 103
, 127
, 102
, 128
, 176
, 54
, 206
, 24
, 65
, 165
, 25
, 205
, 168
, 62
, 14
, 216
, 72
, 158
, 184
, 46
, 146
, 84
, 69
, 161
, 55
, 175
, 9
, 221
, 79
, 151
, 107
, 123
, 56
, 174
, 54
, 176
, 225
, 5
, 122
, 108
, 142
, 88
, 111
, 119
, 194
, 36
, 68
, 162
, 197
, 33
, 178
, 52
, 154
, 76
, 157
, 73
, 115
, 115
, 193
, 37
, 66
, 164
, 12
, 218
, 29
, 201
, 79
, 151
, 103
, 127
, 147
, 83
, 172
, 58
, 83
, 147
, 112
, 118
, 77
, 153
, 48
, 182
, 12
, 218
, 157
, 73
, 106
, 124
, 97
, 133
, 222
, 8
, 47
, 183
, 92
, 138
, 59
, 171
, 44
, 186
, 169
, 61
, 20
, 210
, 69
, 161
, 106
, 124
, 134
, 96
, 204
, 26
, 47
, 183
, 73
, 157
, 177
, 53
, 84
, 146
, 127
, 103
, 88
, 142
, 101
, 129
, 177
, 53
, 144
, 86
, 10
, 220
, 158
, 72
, 67
, 163
, 19
, 211
, 132
, 98
, 101
, 129
, 163
, 67
, 212
, 18
, 186
, 44
, 178
, 52
, 140
, 90
, 187
, 43
, 102
, 128
, 217
, 13
, 142
, 88
, 104
, 126
, 218
, 12
, 50
, 180
, 152
, 78
, 25
, 205
, 3
, 227
, 203
, 27
, 54
, 176
, 36
, 194
, 27
, 203
, 54
, 176
, 30
, 200
, 80
, 150
, 10
, 220
, 113
, 117
, 118
, 112
, 141
, 89
, 205
, 25
, 54
, 176
, 199
, 31
, 15
, 215
, 187
, 43
, 67
, 163
, 57
, 173
, 78
, 152
, 44
, 186
, 185
, 45
, 44
, 186
, 10
, 220
, 136
, 94
, 184
, 46
, 199
, 31
, 21
, 209
, 73
, 157
, 27
, 203
, 195
, 35
, 222
, 8
, 188
, 42
, 200
, 30
, 4
, 226
, 139
, 91
, 211
, 19
, 38
, 192
, 105
, 125
, 110
, 120
, 115
, 115
, 9
, 221
, 146
, 84
, 147
, 83
, 20
, 210
, 131
, 99
, 128
, 102
, 45
, 185
, 152
, 78
, 95
, 135
, 148
, 82
, 193
, 37
, 45
, 185
, 152
, 78
, 6
, 224
, 105
, 125
, 122
, 108
, 90
, 140
, 118
, 112
, 146
, 84
, 223
, 7
, 82
, 148
, 169
, 61
, 131
, 99
, 101
, 129
, 207
, 23
, 65
, 165
, 35
, 195
, 194
, 36
, 20
, 210
, 217
, 13
, 47
, 183
, 86
, 144
, 153
, 77
, 159
, 71
, 178
, 52
, 37
, 193
, 67
, 163
, 110
, 120
, 173
, 57
, 226
, 4
, 123
, 107
, 205
, 25
, 123
, 107
, 100
, 130
, 135
, 95
, 151
, 79
, 184
, 46
, 193
, 37
, 71
, 159
, 150
, 80
, 44
, 186
, 180
, 50
, 228
, 2
, 189
, 41
, 8
, 222
, 180
, 50
, 172
, 58
, 75
, 155
, 218
, 12
, 170
, 60
, 120
, 110
, 212
, 18
, 140
, 90
, 193
, 37
, 101
, 129
, 36
, 194
, 182
, 48
, 202
, 28
, 137
, 93
, 200
, 30
, 62
, 168
, 190
, 40
, 190
, 40
, 155
, 75
, 163
, 67
, 63
, 167
, 153
, 77
, 108
, 122
, 172
, 58
, 99
, 131
, 209
, 21
, 152
, 78
, 198
, 32
, 26
, 204
, 179
, 51
, 100
, 130
, 200
, 30
, 20
, 210
, 157
, 73
, 219
, 11
, 15
, 215
, 124
, 106
, 100
, 130
, 187
, 43
, 104
, 126
, 185
, 45
, 44
, 186
, 27
, 203
, 4
, 226
, 192
, 38
, 149
, 81
, 57
, 173
, 163
, 67
, 214
, 16
, 176
, 54
, 187
, 43
, 36
, 194
, 117
, 113
, 84
, 146
, 16
, 214
, 73
, 157
, 6
, 224
, 142
, 88
, 226
, 4
, 118
, 112
, 177
, 53
, 74
, 156
, 38
, 192
, 60
, 170
, 151
, 79
, 148
, 82
, 169
, 61
, 147
, 83
, 182
, 48
, 144
, 86
, 19
, 211
, 228
, 2
, 121
, 109
, 16
, 214
, 51
, 179
, 116
, 114
, 130
, 100
, 113
, 117
, 130
, 100
, 154
, 76
, 90
, 140
, 57
, 173
, 167
, 63
, 1
, 229
, 162
, 68
, 118
, 112
, 114
, 116
, 40
, 190
, 186
, 44
, 201
, 29
, 220
, 10
, 127
, 103
, 177
, 53
, 128
, 102
, 103
, 127
, 17
, 213
, 40
, 190
, 16
, 214
, 55
, 175
, 143
, 87
, 62
, 168
, 198
, 32
, 116
, 114
, 145
, 85
, 88
, 142
, 34
, 196
, 145
, 85
, 113
, 117
, 28
, 202
, 55
, 175
, 62
, 168
, 69
, 161
, 209
, 21
, 216
, 14
, 22
, 208
, 38
, 192
, 109
, 121
, 22
, 208
, 104
, 126
, 128
, 102
, 119
, 111
, 112
, 118
, 23
, 207
, 122
, 108
, 45
, 185
, 214
, 16
, 220
, 10
, 139
, 91
, 65
, 165
, 157
, 73
, 28
, 202
, 22
, 208
, 177
, 53
, 125
, 105
, 200
, 30
, 151
, 79
, 215
, 15
, 20
, 210
, 8
, 222
, 20
, 210
, 172
, 58
, 76
, 154
, 90
, 140
, 143
, 87
, 41
, 189
, 112
, 118
, 23
, 207
, 196
, 34
, 77
, 153
, 164
, 66
, 69
, 161
, 97
, 133
, 17
, 213
, 48
, 182
, 147
, 83
, 155
, 75
, 13
, 217
, 61
, 169
, 48
, 182
, 81
, 149
, 97
, 133
, 130
, 100
, 145
, 85
, 68
, 162
, 56
, 174
, 156
, 74
, 210
, 20
, 127
, 103
, 176
, 54
, 214
, 16
, 101
, 129
, 217
, 13
, 27
, 203
, 40
, 190
, 131
, 99
, 66
, 164
, 218
, 12
, 106
, 124
, 124
, 106
, 119
, 111
, 163
, 67
, 133
, 97
, 202
, 28
, 27
, 203
, 133
, 97
, 121
, 109
, 176
, 54
, 109
, 121
, 107
, 123
, 163
, 67
, 135
, 95
, 188
, 42
, 222
, 8
, 91
, 139
, 222
, 8
, 204
, 26
, 23
, 207
, 113
, 117
, 20
, 210
, 101
, 129
, 107
, 123
, 25
, 205
, 149
, 81
, 40
, 190
, 122
, 108
, 90
, 140
, 128
, 102
, 182
, 48
, 34
, 196
, 199
, 31
, 202
, 28
, 99
, 131
, 12
, 218
, 142
, 88
, 139
, 91
, 120
, 110
, 160
, 70
, 113
, 117
, 74
, 156
, 89
, 141
, 194
, 36
, 209
, 21
, 189
, 41
, 86
, 144
, 13
, 217
, 87
, 143
, 211
, 19
, 144
, 86
, 118
, 112
, 193
, 37
, 30
, 200
, 168
, 62
, 6
, 224
, 194
, 36
, 16
, 214
, 180
, 50
, 106
, 124
, 143
, 87
, 118
, 112
, 139
, 91
, 48
, 182
, 189
, 41
, 198
, 32
, 89
, 141
, 45
, 185
, 128
, 102
, 181
, 49
, 68
, 162
, 61
, 169
, 150
, 80
, 113
, 117
, 55
, 175
, 138
, 92
, 191
, 39
, 6
, 224
, 200
, 30
, 177
, 53
, 96
, 134
, 199
, 31
, 166
, 64
, 119
, 111
, 39
, 191
, 61
, 169
, 124
, 106
, 214
, 16
, 13
, 217
, 44
, 186
, 112
, 118
, 228
, 2
, 22
, 208
, 178
, 52
, 16
, 214
, 32
, 198
, 29
, 201
, 186
, 44
, 10
, 220
, 41
, 189
, 122
, 108
, 172
, 58
, 111
, 119
, 106
, 124
, 74
, 156
, 25
, 205
, 220
, 10
, 136
, 94
, 21
, 209
, 166
, 64
, 208
, 22
, 160
, 70
, 98
, 132
, 62
, 168
, 201
, 29
, 198
, 32
, 81
, 149
, 219
, 11
, 119
, 111
, 61
, 169
, 116
, 114
, 105
, 125
, 193
, 37
, 120
, 110
, 149
, 81
, 5
, 225
, 164
, 66
, 60
, 170
, 17
, 213
, 9
, 221
, 100
, 130
, 152
, 78
, 200
, 30
, 97
, 133
, 25
, 205
, 207
, 23
, 219
, 11
, 57
, 173
, 19
, 211
, 85
, 145
, 99
, 131
, 13
, 217
, 36
, 194
, 180
, 50
, 173
, 57
, 149
, 81
, 116
, 114
, 118
, 112
, 228
, 2
, 173
, 57
, 174
, 56
, 27
, 203
, 185
, 45
, 30
, 200
, 179
, 51
, 82
, 148
, 136
, 94
, 34
, 196
, 8
, 222
, 76
, 154
, 149
, 81
, 195
, 35
, 116
, 114
, 25
, 205
, 161
, 69
, 73
, 157
, 104
, 126
, 62
, 168
, 166
, 64
, 157
, 73
, 54
, 176
, 13
, 217
, 4
, 226
, 94
, 136
, 17
, 213
, 186
, 44
, 3
, 227
, 33
, 197
, 173
, 57
, 61
, 169
, 225
, 5
, 124
, 106
, 62
, 168
, 200
, 30
, 25
, 205
, 108
, 122
, 11
, 219
, 121
, 109
, 128
, 102
, 20
, 210
, 122
, 108
, 11
, 219
, 151
, 79
, 163
, 67
, 5
, 225
, 213
, 17
, 101
, 129
, 227
, 3
, 30
, 200
, 130
, 100
, 5
, 225
, 216
, 14
, 179
, 51
, 57
, 173
, 92
, 138
, 168
, 62
, 26
, 204
, 19
, 211
, 98
, 132
, 57
, 173
, 98
, 132
, 136
, 94
, 53
, 177
, 153
, 77
, 144
, 86
, 183
, 47
, 186
, 44
, 172
, 58
, 184
, 46
, 64
, 166
, 122
, 108
, 81
, 149
, 42
, 188
, 82
, 148
, 33
, 197
, 116
, 114
, 186
, 44
, 59
, 171
, 166
, 64
, 73
, 157
, 194
, 36
, 16
, 214
, 152
, 78
, 157
, 73
, 110
, 120
, 107
, 123
, 16
, 214
, 225
, 5
, 17
, 213
, 25
, 205
, 13
, 217
, 150
, 80
, 148
, 82
, 35
, 195
, 45
, 185
, 189
, 41
, 90
, 140
, 23
, 207
, 70
, 160
, 43
, 187
, 35
, 195
, 14
, 216
, 162
, 68
, 201
, 29
, 20
, 210
, 178
, 52
, 220
, 10
, 133
, 97
, 200
, 30
, 197
, 33
, 119
, 111
, 59
, 171
, 209
, 21
, 205
, 25
, 69
, 161
, 206
, 24
, 118
, 112
, 70
, 160
, 163
, 67
, 151
, 79
, 113
, 117
, 110
, 120
, 63
, 167
, 7
, 223
, 22
, 208
, 228
, 2
, 21
, 209
, 46
, 184
, 11
, 219
, 167
, 63
, 68
, 162
, 58
, 172
, 153
, 77
, 11
, 219
, 162
, 68
, 11
, 219
, 145
, 85
, 206
, 24
, 52
, 178
, 79
, 151
, 15
, 215
, 72
, 158
, 16
, 214
, 105
, 125
, 78
, 152
, 228
, 2
, 188
, 42
, 151
, 79
, 140
, 90
, 80
, 150
, 225
, 5
, 138
, 92
, 192
, 38
, 189
, 41
, 86
, 144
, 165
, 65
, 196
, 34
, 33
, 197
, 222
, 8
, 69
, 161
, 193
, 37
, 117
, 113
, 212
, 18
, 104
, 126
, 141
, 89
, 42
, 188
, 4
, 226
, 134
, 96
, 97
, 133
, 138
, 92
, 180
, 50
, 156
, 74
, 77
, 153
, 199
, 31
, 156
, 74
, 169
, 61
, 6
, 224
, 209
, 21
, 66
, 164
, 126
, 104
, 98
, 132
, 82
, 148
, 70
, 160
, 116
, 114
, 12
, 218
, 198
, 32
, 72
, 158
, 135
, 95
, 156
, 74
, 118
, 112
, 212
, 18
, 198
, 32
, 86
, 144
, 111
, 119
, 211
, 19
, 212
, 18
, 152
, 78
, 41
, 189
, 188
, 42
, 49
, 181
, 25
, 205
, 73
, 157
, 184
, 46
, 156
, 74
, 182
, 48
, 19
, 211
, 212
, 18
, 73
, 157
, 141
, 89
, 10
, 220
, 39
, 191
, 28
, 202
, 52
, 178
, 218
, 12
, 166
, 64
, 22
, 208
, 127
, 103
, 126
, 104
, 106
, 124
, 113
, 117
, 62
, 168
, 65
, 165
, 139
, 91
, 57
, 173
, 116
, 114
, 89
, 141
, 178
, 52
, 159
, 71
, 167
, 63
, 114
, 116
, 5
, 225
, 64
, 166
, 96
, 134
, 50
, 180
, 130
, 100
, 210
, 20
, 134
, 96
, 151
, 79
, 216
, 14
, 195
, 35
, 47
, 183
, 120
, 110
, 46
, 184
, 214
, 16
, 69
, 161
, 153
, 77
, 9
, 221
, 47
, 183
, 132
, 98
, 186
, 44
, 33
, 197
, 23
, 207
, 214
, 16
, 43
, 187
, 207
, 23
, 87
, 143
, 127
, 103
, 29
, 201
, 188
, 42
, 100
, 130
, 140
, 90
, 127
, 103
, 191
, 39
, 194
, 36
, 34
, 196
, 124
, 106
, 9
, 221
, 213
, 17
, 99
, 131
, 72
, 158
, 75
, 155
, 87
, 143
, 93
, 137
, 205
, 25
, 124
, 106
, 38
, 192
, 119
, 111
, 85
, 145
, 176
, 54
, 163
, 67
, 219
, 11
, 165
, 65
, 170
, 60
, 172
, 58
, 64
, 166
, 221
, 9
, 85
, 145
, 167
, 63
, 119
, 111
, 221
, 9
, 83
, 147
, 214
, 16
, 197
, 33
, 106
, 124
, 174
, 56
, 199
, 31
, 210
, 20
, 169
, 61
, 36
, 194
, 42
, 188
, 162
, 68
, 134
, 96
, 107
, 123
, 71
, 159
, 103
, 127
, 113
, 117
, 114
, 116
, 176
, 54
, 12
, 218
, 34
, 196
, 203
, 27
, 118
, 112
, 203
, 27
, 37
, 193
, 193
, 37
, 24
, 206
, 80
, 150
, 187
, 43
, 139
, 91
, 195
, 35
, 222
, 8
, 175
, 55
, 43
, 187
, 138
, 92
, 171
, 59
, 31
, 199
, 186
, 44
, 52
, 178
, 71
, 159
, 119
, 111
, 170
, 60
, 116
, 114
, 86
, 144
, 222
, 8
, 203
, 27
, 209
, 21
, 173
, 57
, 94
, 136
, 107
, 123
, 30
, 200
, 175
, 55
, 183
, 47
, 10
, 220
, 12
, 218
, 21
, 209
, 195
, 35
, 105
, 125
, 31
, 199
, 184
, 46
, 55
, 175
, 153
, 77
, 142
, 88
, 34
, 196
, 203
, 27
, 96
, 134
, 92
, 138
, 165
, 65
, 72
, 158
, 157
, 73
, 111
, 119
, 66
, 164
, 167
, 63
, 132
, 98
, 37
, 193
, 29
, 201
, 226
, 4
, 119
, 111
, 150
, 80
, 100
, 130
, 111
, 119
, 24
, 206
, 179
, 51
, 154
, 76
, 151
, 79
, 79
, 151
, 36
, 194
, 30
, 200
, 58
, 172
, 28
, 202
, 179
, 51
, 103
, 127
, 179
, 51
, 118
, 112
, 147
, 83
, 187
, 43
, 126
, 104
, 222
, 8
, 95
, 135
, 173
, 57
, 162
, 68
, 71
, 159
, 69
, 161
, 1
, 229
, 191
, 39
, 90
, 140
, 85
, 145
, 129
, 101
, 30
, 200
, 74
, 156
, 141
, 89
, 103
, 127
, 108
, 122
, 121
, 109
, 215
, 15
, 105
, 125
, 109
, 121
, 145
, 85
, 66
, 164
, 215
, 15
, 135
, 95
, 78
, 152
, 96
, 134
, 99
, 131
, 39
, 191
, 128
, 102
, 81
, 149
, 142
, 88
, 35
, 195
, 6
, 224
, 102
, 128
, 106
, 124
, 114
, 116
, 205
, 25
, 151
, 79
, 40
, 190
, 184
, 46
, 7
, 223
, 99
, 131
, 208
, 22
, 214
, 16
, 11
, 219
, 42
, 188
, 205
, 25
, 176
, 54
, 1
, 229
, 21
, 209
, 112
, 118
, 80
, 150
, 30
, 200
, 99
, 131
, 36
, 194
, 127
, 103
, 116
, 114
, 14
, 216
, 152
, 78
, 157
, 73
, 130
, 100
, 98
, 132
, 214
, 16
, 112
, 118
, 171
, 59
, 51
, 179
, 22
, 208
, 104
, 126
, 93
, 137
, 97
, 133
, 219
, 11
, 71
, 159
, 214
, 16
, 137
, 93
, 1
, 229
, 185
, 45
, 37
, 193
, 157
, 73
, 216
, 14
, 99
, 131
, 14
, 216
, 219
, 11
, 199
, 31
, 3
, 227
, 124
, 106
, 134
, 96
, 37
, 193
, 65
, 165
, 94
, 136
, 128
, 102
, 226
, 4
, 224
, 6
, 189
, 41
, 73
, 157
, 135
, 95
, 175
, 55
, 10
, 220
, 12
, 218
, 20
, 210
, 223
, 7
, 131
, 99
, 54
, 176
, 83
, 147
, 63
, 167
, 111
, 119
, 106
, 124
, 72
, 158
, 30
, 200
, 143
, 87
, 76
, 154
, 185
, 45
, 120
, 110
, 37
, 193
, 105
, 125
, 76
, 154
, 165
, 65
, 224
, 6
, 7
, 223
, 222
, 8
, 47
, 183
, 1
, 229
, 14
, 216
, 81
, 149
, 111
, 119
, 153
, 77
, 47
, 183
, 185
, 45
, 137
, 93
, 128
, 102
, 63
, 167
, 121
, 109
, 25
, 205
, 75
, 155
, 106
, 124
, 177
, 53
, 29
, 201
, 47
, 183
, 168
, 62
, 107
, 123
, 193
, 37
, 116
, 114
, 74
, 156
, 150
, 80
, 141
, 89
, 38
, 192
, 55
, 175
, 49
, 181
, 204
, 26
, 50
, 180
, 168
, 62
, 200
, 30
, 124
, 106
, 2
, 228
, 172
, 58
, 139
, 91
, 185
, 45
, 163
, 67
, 216
, 14
, 11
, 219
, 41
, 189
, 154
, 76
, 227
, 3
, 22
, 208
, 9
, 221
, 175
, 55
, 43
, 187
, 187
, 43
, 162
, 68
, 221
, 9
, 157
, 73
, 49
, 181
, 128
, 102
, 18
, 212
, 192
, 38
, 105
, 125
, 48
, 182
, 214
, 16
, 107
, 123
, 156
, 74
, 39
, 191
, 77
, 153
, 68
, 162
, 20
, 210
, 60
, 170
, 90
, 140
, 66
, 164
, 94
, 136
, 221
, 9
, 111
, 119
, 158
, 72
, 124
, 106
, 210
, 20
, 96
, 134
, 194
, 36
, 9
, 221
, 92
, 138
, 59
, 171
, 123
, 107
, 108
, 122
, 209
, 21
, 111
, 119
, 33
, 197
, 20
, 210
, 129
, 101
, 13
, 217
, 190
, 40
, 79
, 151
, 42
, 188
, 118
, 112
, 38
, 192
, 27
, 203
, 43
, 187
, 129
, 101
, 69
, 161
, 201
, 29
, 151
, 79
, 79
, 151
, 169
, 61
, 198
, 32
, 228
, 2
, 181
, 49
, 44
, 186
, 209
, 21
, 146
, 84
, 197
, 33
, 69
, 161
, 39
, 191
, 67
, 163
, 186
, 44
, 36
, 194
, 69
, 161
, 97
, 133
, 29
, 201
, 1
, 229
, 1
, 229
, 7
, 223
, 177
, 53
, 132
, 98
, 86
, 144
, 214
, 16
, 185
, 45
, 40
, 190
, 179
, 51
, 196
, 34
, 39
, 191
, 174
, 56
, 159
, 71
, 14
, 216
, 157
, 73
, 82
, 148
, 141
, 89
, 64
, 166
, 150
, 80
, 181
, 49
, 74
, 156
, 225
, 5
, 11
, 219
, 110
, 120
, 28
, 202
, 140
, 90
, 94
, 136
, 159
, 71
, 147
, 83
, 4
, 226
, 188
, 42
, 215
, 15
, 119
, 111
, 211
, 19
, 100
, 130
, 53
, 177
, 140
, 90
, 189
, 41
, 115
, 115
, 59
, 171
, 140
, 90
, 107
, 123
, 218
, 12
, 57
, 173
, 104
, 126
, 176
, 54
, 173
, 57
, 74
, 156
, 173
, 57
, 148
, 82
, 25
, 205
, 144
, 86
, 62
, 168
, 214
, 16
, 224
, 6
, 189
, 41
, 175
, 55
, 162
, 68
, 68
, 162
, 99
, 131
, 175
, 55
, 111
, 119
, 132
, 98
, 22
, 208
, 162
, 68
, 45
, 185
, 107
, 123
, 152
, 78
, 142
, 88
, 46
, 184
, 75
, 155
, 156
, 74
, 181
, 49
, 167
, 63
, 89
, 141
, 2
, 228
, 43
, 187
, 147
, 83
, 137
, 93
, 125
, 105
, 50
, 180
, 186
, 44
, 62
, 168
, 223
, 7
, 102
, 128
, 228
, 2
, 113
, 117
, 61
, 169
, 119
, 111
, 221
, 9
, 75
, 155
, 225
, 5
, 119
, 111
, 179
, 51
, 215
, 15
, 174
, 56
, 217
, 13
, 98
, 132
, 183
, 47
, 70
, 160
, 58
, 172
, 9
, 221
, 171
, 59
, 135
, 95
, 91
, 139
, 171
, 59
, 204
, 26
, 27
, 203
, 37
, 193
, 179
, 51
, 17
, 213
, 64
, 166
, 211
, 19
, 1
, 229
, 192
, 38
, 51
, 179
, 4
, 226
, 142
, 88
, 10
, 220
, 191
, 39
, 140
, 90
, 106
, 124
, 22
, 208
, 195
, 35
, 193
, 37
, 141
, 89
, 89
, 141
, 179
, 51
, 141
, 89
, 141
, 89
, 87
, 143
, 187
, 43
, 183
, 47
, 192
, 38
, 182
, 48
, 11
, 219
, 45
, 185
, 70
, 160
, 5
, 225
, 203
, 27
, 17
, 213
, 10
, 220
, 171
, 59
, 171
, 59
, 158
, 72
, 123
, 107
, 202
, 28
, 92
, 138
, 76
, 154
, 225
, 5
, 135
, 95
, 95
, 135
, 147
, 83
, 203
, 27
, 40
, 190
, 40
, 190
, 192
, 38
, 188
, 42
, 115
, 115
, 125
, 105
, 199
, 31
, 211
, 19
, 42
, 188
, 123
, 107
, 29
, 201
, 203
, 27
, 44
, 186
, 175
, 55
, 26
, 204
, 55
, 175
, 18
, 212
, 204
, 26
, 98
, 132
, 19
, 211
, 182
, 48
, 8
, 222
, 173
, 57
, 43
, 187
, 20
, 210
, 134
, 96
, 211
, 19
, 77
, 153
, 184
, 46
, 78
, 152
, 16
, 214
, 177
, 53
, 55
, 175
, 187
, 43
, 222
, 8
, 98
, 132
, 152
, 78
, 107
, 123
, 128
, 102
, 28
, 202
, 2
, 228
, 203
, 27
, 41
, 189
, 207
, 23
, 36
, 194
, 166
, 64
, 163
, 67
, 61
, 169
, 197
, 33
, 204
, 26
, 61
, 169
, 157
, 73
, 109
, 121
, 134
, 96
, 73
, 157
, 113
, 117
, 226
, 4
, 60
, 170
, 63
, 167
, 27
, 203
, 129
, 101
, 38
, 192
, 185
, 45
, 106
, 124
, 111
, 119
, 182
, 48
, 46
, 184
, 128
, 102
, 157
, 73
, 166
, 64
, 87
, 143
, 136
, 94
, 222
, 8
, 207
, 23
, 115
, 115
, 50
, 180
, 124
, 106
, 48
, 182
, 82
, 148
, 36
, 194
, 208
, 22
, 193
, 37
, 208
, 22
, 3
, 227
, 24
, 206
, 93
, 137
, 224
, 6
, 109
, 121
, 125
, 105
, 14
, 216
, 193
, 37
, 166
, 64
, 179
, 51
, 1
, 229
, 223
, 7
, 178
, 52
, 55
, 175
, 224
, 6
, 147
, 83
, 29
, 201
, 55
, 175
, 129
, 101
, 23
, 207
, 21
, 209
, 178
, 52
, 71
, 159
, 163
, 67
, 63
, 167
, 162
, 68
, 69
, 161
, 4
, 226
, 199
, 31
, 135
, 95
, 34
, 196
, 213
, 17
, 108
, 122
, 211
, 19
, 138
, 92
, 81
, 149
, 186
, 44
, 31
, 199
, 33
, 197
, 166
, 64
, 85
, 145
, 70
, 160
, 176
, 54
, 90
, 140
, 148
, 82
, 209
, 21
, 220
, 10
, 164
, 66
, 112
, 118
, 1
, 229
, 122
, 108
, 180
, 50
, 56
, 174
, 57
, 173
, 207
, 23
, 6
, 224
, 41
, 189
, 227
, 3
, 205
, 25
, 83
, 147
, 65
, 165
, 138
, 92
, 101
, 129
, 21
, 209
, 78
, 152
, 163
, 67
, 150
, 80
, 181
, 49
, 41
, 189
, 152
, 78
, 139
, 91
, 102
, 128
, 131
, 99
, 175
, 55
, 64
, 166
, 30
, 200
, 173
, 57
, 207
, 23
, 68
, 162
, 181
, 49
, 24
, 206
, 122
, 108
, 154
, 76
, 91
, 139
, 81
, 149
, 134
, 96
, 24
, 206
, 198
, 32
, 184
, 46
, 24
, 206
, 12
, 218
, 196
, 34
, 64
, 166
, 222
, 8
, 219
, 11
, 164
, 66
, 171
, 59
, 105
, 125
, 175
, 55
, 215
, 15
, 171
, 59
, 13
, 217
, 32
, 198
, 2
, 228
, 209
, 21
, 104
, 126
, 222
, 8
, 145
, 85
, 80
, 150
, 42
, 188
, 51
, 179
, 28
, 202
, 11
, 219
, 1
, 229
, 167
, 63
, 83
, 147
, 2
, 228
, 174
, 56
, 215
, 15
, 76
, 154
, 41
, 189
, 177
, 53
, 27
, 203
, 90
, 140
, 118
, 112
, 124
, 106
, 147
, 83
, 103
, 127
, 10
, 220
, 123
, 107
, 103
, 127
, 52
, 178
, 141
, 89
, 49
, 181
, 193
, 37
, 109
, 121
, 188
, 42
, 208
, 22
, 99
, 131
, 32
, 198
, 45
, 185
, 36
, 194
, 65
, 165
, 217
, 13
, 194
, 36
, 128
, 102
, 29
, 201
, 194
, 36
, 105
, 125
, 141
, 89
, 151
, 79
, 76
, 154
, 118
, 112
, 192
, 38
, 189
, 41
, 105
, 125
, 226
, 4
, 204
, 26
, 143
, 87
, 131
, 99
, 192
, 38
, 206
, 24
, 12
, 218
, 26
, 204
, 58
, 172
, 95
, 135
, 41
, 189
, 79
, 151
, 97
, 133
, 199
, 31
, 14
, 216
, 120
, 110
, 198
, 32
, 62
, 168
, 222
, 8
, 18
, 212
, 62
, 168
, 49
, 181
, 161
, 69
, 4
, 226
, 77
, 153
, 144
, 86
, 164
, 66
, 180
, 50
, 215
, 15
, 131
, 99
, 51
, 179
, 78
, 152
, 144
, 86
, 112
, 118
, 187
, 43
, 156
, 74
, 157
, 73
, 105
, 125
, 177
, 53
, 4
, 226
, 28
, 202
, 109
, 121
, 4
, 226
, 98
, 132
, 86
, 144
, 97
, 133
, 114
, 116
, 52
, 178
, 12
, 218
, 85
, 145
, 48
, 182
, 38
, 192
, 59
, 171
, 42
, 188
, 38
, 192
, 121
, 109
, 98
, 132
, 91
, 139
, 128
, 102
, 4
, 226
, 222
, 8
, 170
, 60
, 67
, 163
, 25
, 205
, 141
, 89
, 10
, 220
, 33
, 197
, 180
, 50
, 75
, 155
, 221
, 9
, 119
, 111
, 78
, 152
, 52
, 178
, 47
, 183
, 209
, 21
, 36
, 194
, 146
, 84
, 216
, 14
, 2
, 228
, 125
, 105
, 124
, 106
, 91
, 139
, 143
, 87
, 139
, 91
, 112
, 118
, 205
, 25
, 75
, 155
, 106
, 124
, 175
, 55
, 206
, 24
, 154
, 76
, 103
, 127
, 225
, 5
, 223
, 7
, 4
, 226
, 66
, 164
, 124
, 106
, 214
, 16
, 14
, 216
, 101
, 129
, 80
, 150
, 226
, 4
, 178
, 52
, 145
, 85
, 134
, 96
, 41
, 189
, 74
, 156
, 55
, 175
, 64
, 166
, 187
, 43
, 85
, 145
, 126
, 104
, 25
, 205
, 57
, 173
, 215
, 15
, 120
, 110
, 206
, 24
, 140
, 90
, 126
, 104
, 155
, 75
, 53
, 177
, 36
, 194
, 135
, 95
, 115
, 115
, 123
, 107
, 42
, 188
, 122
, 108
, 207
, 23
, 77
, 153
, 201
, 29
, 74
, 156
, 91
, 139
, 36
, 194
, 107
, 123
, 220
, 10
, 217
, 13
, 177
, 53
, 2
, 228
, 185
, 45
, 78
, 152
, 194
, 36
, 102
, 128
, 91
, 139
, 93
, 137
, 72
, 158
, 193
, 37
, 38
, 192
, 85
, 145
, 143
, 87
, 115
, 115
, 108
, 122
, 137
, 93
, 187
, 43
, 217
, 13
, 143
, 87
, 121
, 109
, 7
, 223
, 23
, 207
, 71
, 159
, 53
, 177
, 196
, 34
, 188
, 42
, 16
, 214
, 74
, 156
, 226
, 4
, 198
, 32
, 106
, 124
, 6
, 224
, 12
, 218
, 115
, 115
, 57
, 173
, 134
, 96
, 15
, 215
, 149
, 81
, 82
, 148
, 9
, 221
, 129
, 101
, 181
, 49
, 83
, 147
, 16
, 214
, 177
, 53
, 43
, 187
, 78
, 152
, 127
, 103
, 26
, 204
, 152
, 78
, 225
, 5
, 166
, 64
, 15
, 215
, 205
, 25
, 213
, 17
, 130
, 100
, 117
, 113
, 52
, 178
, 193
, 37
, 139
, 91
, 120
, 110
, 61
, 169
, 204
, 26
, 131
, 99
, 38
, 192
, 199
, 31
, 41
, 189
, 172
, 58
, 3
, 227
, 148
, 82
, 128
, 102
, 18
, 212
, 51
, 179
, 13
, 217
, 3
, 227
, 35
, 195
, 15
, 215
, 158
, 72
, 87
, 143
, 53
, 177
, 73
, 157
, 41
, 189
, 157
, 73
, 85
, 145
, 145
, 85
, 35
, 195
, 168
, 62
, 51
, 179
, 55
, 175
, 79
, 151
, 181
, 49
, 190
, 40
, 176
, 54
, 114
, 116
, 112
, 118
, 157
, 73
, 210
, 20
, 124
, 106
, 42
, 188
, 31
, 199
, 222
, 8
, 52
, 178
, 189
, 41
, 99
, 131
, 48
, 182
, 58
, 172
, 131
, 99
, 136
, 94
, 142
, 88
, 214
, 16
, 134
, 96
, 108
, 122
, 29
, 201
, 173
, 57
, 17
, 213
, 212
, 18
, 189
, 41
, 204
, 26
, 127
, 103
, 121
, 109
, 23
, 207
, 186
, 44
, 212
, 18
, 113
, 117
, 169
, 61
, 52
, 178
, 205
, 25
, 195
, 35
, 208
, 22
, 130
, 100
, 97
, 133
, 45
, 185
, 209
, 21
, 42
, 188
, 9
, 221
, 187
, 43
, 24
, 206
, 85
, 145
, 28
, 202
, 73
, 157
, 44
, 186
, 104
, 126
, 39
, 191
, 135
, 95
, 168
, 62
, 206
, 24
, 49
, 181
, 227
, 3
, 24
, 206
, 156
, 74
, 29
, 201
, 175
, 55
, 149
, 81
, 178
, 52
, 89
, 141
, 72
, 158
, 124
, 106
, 159
, 71
, 9
, 221
, 77
, 153
, 50
, 180
, 125
, 105
, 215
, 15
, 105
, 125
, 195
, 35
, 85
, 145
, 181
, 49
, 152
, 78
, 26
, 204
, 191
, 39
, 70
, 160
, 223
, 7
, 57
, 173
, 123
, 107
, 208
, 22
, 146
, 84
, 175
, 55
, 198
, 32
, 196
, 34
, 111
, 119
, 172
, 58
, 132
, 98
, 173
, 57
, 66
, 164
, 35
, 195
, 218
, 12
, 160
, 70
, 186
, 44
, 97
, 133
, 118
, 112
, 214
, 16
, 186
, 44
, 91
, 139
, 116
, 114
, 104
, 126
, 70
, 160
, 175
, 55
, 81
, 149
, 45
, 185
, 155
, 75
, 152
, 78
, 29
, 201
, 198
, 32
, 147
, 83
, 101
, 129
, 130
, 100
, 132
, 98
, 175
, 55
, 46
, 184
, 143
, 87
, 31
, 199
, 78
, 152
, 99
, 131
, 17
, 213
, 182
, 48
, 120
, 110
, 8
, 222
, 12
, 218
, 164
, 66
, 214
, 16
, 19
, 211
, 75
, 155
, 155
, 75
, 118
, 112
, 15
, 215
, 200
, 30
, 206
, 24
, 62
, 168
, 7
, 223
, 174
, 56
, 15
, 215
, 56
, 174
, 141
, 89
, 200
, 30
, 181
, 49
, 3
, 227
, 152
, 78
, 162
, 68
, 41
, 189
, 95
, 135
, 185
, 45
, 133
, 97
, 192
, 38
, 127
, 103
, 26
, 204
, 205
, 25
, 122
, 108
, 93
, 137
, 203
, 27
, 71
, 159
, 93
, 137
, 137
, 93
, 33
, 197
, 2
, 228
, 163
, 67
, 223
, 7
, 226
, 4
, 208
, 22
, 58
, 172
, 225
, 5
, 143
, 87
, 38
, 192
, 72
, 158
, 139
, 91
, 131
, 99
, 26
, 204
, 215
, 15
, 201
, 29
, 153
, 77
, 137
, 93
, 5
, 225
, 41
, 189
, 189
, 41
, 153
, 77
, 177
, 53
, 154
, 76
, 44
, 186
, 29
, 201
, 59
, 171
, 95
, 135
, 213
, 17
, 74
, 156
, 1
, 229
, 10
, 220
, 33
, 197
, 111
, 119
, 34
, 196
, 152
, 78
, 2
, 228
, 65
, 165
, 19
, 211
, 158
, 72
, 123
, 107
, 155
, 75
, 110
, 120
, 69
, 161
, 98
, 132
, 57
, 173
, 12
, 218
, 134
, 96
, 65
, 165
, 131
, 99
, 116
, 114
, 83
, 147
, 220
, 10
, 20
, 210
, 191
, 39
, 117
, 113
, 178
, 52
, 166
, 64
, 175
, 55
, 140
, 90
, 46
, 184
, 64
, 166
, 104
, 126
, 103
, 127
, 179
, 51
, 108
, 122
, 77
, 153
, 206
, 24
, 28
, 202
, 127
, 103
, 6
, 224
, 163
, 67
, 174
, 56
, 80
, 150
, 121
, 109
, 200
, 30
, 200
, 30
, 212
, 18
, 2
, 228
, 183
, 47
, 154
, 76
, 11
, 219
, 49
, 181
, 87
, 143
, 37
, 193
, 84
, 146
, 62
, 168
, 23
, 207
, 134
, 96
, 170
, 60
, 88
, 142
, 216
, 14
, 67
, 163
, 163
, 67
, 173
, 57
, 56
, 174
, 114
, 116
, 116
, 114
, 143
, 87
, 182
, 48
, 192
, 38
, 18
, 212
, 140
, 90
, 130
, 100
, 170
, 60
, 180
, 50
, 107
, 123
, 29
, 201
, 41
, 189
, 158
, 72
, 110
, 120
, 36
, 194
, 7
, 223
, 117
, 113
, 156
, 74
, 204
, 26
, 171
, 59
, 89
, 141
, 6
, 224
, 207
, 23
, 45
, 185
, 96
, 134
, 174
, 56
, 6
, 224
, 221
, 9
, 160
, 70
, 133
, 97
, 150
, 80
, 181
, 49
, 150
, 80
, 161
, 69
, 23
, 207
, 216
, 14
, 83
, 147
, 122
, 108
, 211
, 19
, 138
, 92
, 132
, 98
, 125
, 105
, 122
, 108
, 69
, 161
, 76
, 154
, 218
, 12
, 54
, 176
, 35
, 195
, 146
, 84
, 52
, 178
, 164
, 66
, 174
, 56
, 126
, 104
, 10
, 220
, 165
, 65
, 152
, 78
, 139
, 91
, 123
, 107
