
5500
516
660
490
638
724
833
392
465
781
964
884
550
386
998
174
386
765
256
791
180
138
371
712
947
932
258
320
111
262
454
385
256
407
537
655
466
879
982
684
281
347
797
302
187
763
281
641
722
770
552
722
266
611
961
929
259
240
947
815
430
167
911
249
264
936
585
610
395
656
902
342
754
228
951
444
692
321
367
294
905
266
153
571
856
618
392
245
407
363
836
857
983
869
990
279
923
275
162
359
460
246
842
704
270
484
597
383
868
838
448
716
676
861
179
583
336
464
715
980
259
834
531
941
119
298
611
124
521
592
611
591
602
819
193
849
583
734
771
851
458
336
964
523
995
613
843
488
321
902
267
955
920
156
342
484
521
692
675
152
824
590
517
955
416
202
775
421
296
572
986
962
773
934
941
874
301
361
976
394
184
572
905
624
931
125
369
790
469
223
370
245
416
332
465
647
180
916
455
380
871
875
793
282
697
235
189
876
820
971
299
327
446
127
628
262
664
408
373
419
566
762
585
689
267
739
462
403
470
721
911
506
963
177
964
278
586
573
778
568
901
929
221
454
641
419
1000
934
964
833
330
156
768
705
117
291
864
737
345
242
599
473
786
625
663
958
605
505
404
842
607
222
246
139
705
336
275
726
496
421
666
966
751
479
424
466
308
391
376
788
426
137
947
288
106
490
184
350
659
907
301
981
306
667
371
982
553
823
757
689
691
542
939
648
923
829
382
451
515
327
726
509
848
133
505
101
233
636
430
657
395
382
1000
416
485
806
823
620
717
113
452
899
433
356
944
987
484
650
920
213
840
705
217
357
229
556
736
336
615
162
132
428
148
516
452
875
697
698
324
767
678
369
950
471
207
907
188
543
159
401
318
168
257
1000
688
908
289
325
243
365
248
456
350
535
951
104
977
166
737
749
237
446
958
706
464
665
451
244
355
783
682
553
341
528
241
274
639
270
928
675
173
587
823
305
343
664
493
233
281
291
529
969
762
815
845
675
751
777
207
662
838
857
662
770
757
644
599
133
830
381
105
104
922
584
585
528
461
469
647
622
955
850
158
849
234
640
643
237
948
658
777
683
399
865
402
676
754
838
915
482
189
304
652
245
192
184
660
326
671
885
689
176
919
211
113
163
396
698
973
367
953
660
645
517
728
887
479
155
713
590
208
561
150
438
524
428
108
467
916
504
563
404
669
388
570
173
167
695
550
112
155
359
602
656
343
377
772
190
845
721
625
828
392
917
174
345
514
158
765
914
252
872
836
518
445
396
528
231
235
604
181
404
433
303
515
799
369
723
829
923
857
301
532
740
643
945
501
147
406
718
129
189
331
285
739
249
978
557
279
618
233
740
883
916
590
813
801
631
271
399
565
218
244
293
703
293
745
726
482
488
302
518
229
416
180
636
157
385
199
444
564
937
357
779
951
289
329
810
271
249
748
442
953
765
546
759
355
998
404
517
500
335
938
934
894
140
837
629
986
348
864
570
401
174
574
128
289
908
961
151
726
239
644
335
258
786
211
101
149
692
388
713
983
123
533
901
557
633
534
384
302
381
521
598
251
581
332
416
702
628
859
176
660
101
778
203
860
432
710
355
960
686
447
600
571
644
105
514
312
318
859
126
752
905
809
148
285
264
313
932
881
822
672
435
584
384
381
862
912
355
196
199
253
328
642
164
391
714
639
544
341
429
991
323
647
708
903
585
1000
987
734
770
913
551
643
795
654
127
433
837
257
382
408
169
246
285
481
679
473
832
243
800
600
336
108
980
883
349
367
219
908
164
656
846
303
556
469
150
231
570
129
790
869
316
957
308
978
740
741
302
562
200
684
379
341
920
907
369
319
405
869
533
695
767
283
513
417
490
421
896
453
829
777
819
787
414
371
566
988
332
304
103
872
307
268
150
926
988
921
861
173
713
284
284
895
192
225
889
760
511
998
660
327
198
493
878
415
707
793
531
295
160
311
196
222
525
374
925
141
884
237
441
541
710
228
433
301
588
458
937
776
111
588
518
282
767
485
386
706
489
861
145
577
723
750
671
242
965
403
738
704
664
714
185
999
892
680
396
313
601
779
914
197
909
859
299
628
846
685
193
346
916
796
359
422
638
864
284
862
351
417
202
331
839
933
566
219
328
984
598
322
702
615
760
291
551
152
997
488
912
953
598
200
850
315
913
511
331
643
674
765
964
153
865
819
369
718
578
714
557
929
777
341
275
362
883
404
370
545
809
829
222
546
344
877
433
644
151
109
795
374
658
383
718
940
734
304
721
812
946
614
968
654
611
376
899
230
901
872
275
910
903
499
583
300
632
152
333
934
147
641
611
489
119
176
324
930
784
923
312
213
118
359
550
487
823
777
176
651
456
318
526
986
229
416
267
353
861
708
146
295
830
162
143
753
484
120
153
674
757
279
145
539
805
477
162
858
867
517
376
812
551
318
374
976
734
194
982
402
124
577
627
252
909
906
872
998
270
915
792
936
150
568
241
834
362
421
234
901
671
811
678
550
177
245
588
328
295
680
298
201
453
163
679
399
749
398
784
611
318
613
861
750
518
848
654
617
195
771
328
734
403
606
667
282
632
892
511
421
310
436
952
669
273
343
227
870
371
881
156
924
139
850
664
250
370
469
225
383
209
887
762
438
176
178
893
262
889
518
910
122
143
111
699
967
615
643
376
437
125
822
266
144
812
968
317
591
491
168
119
219
510
983
866
659
431
121
164
170
985
807
556
483
782
424
601
720
427
170
873
663
911
227
373
530
814
617
729
170
452
408
579
165
187
127
650
132
202
292
998
497
713
190
601
186
151
475
583
111
381
460
987
985
718
723
947
314
561
243
843
677
534
667
910
870
902
386
881
722
464
111
400
430
881
773
768
447
131
256
519
355
430
299
926
269
305
819
397
608
117
589
533
210
530
886
609
971
657
134
807
383
749
719
575
895
517
833
415
316
504
608
150
828
196
406
807
549
377
313
300
354
562
413
431
861
557
554
889
897
725
149
489
321
197
418
871
680
715
748
460
982
688
501
662
932
514
761
483
303
983
185
151
877
988
947
803
283
358
133
712
255
531
766
176
149
247
969
443
685
115
836
761
269
493
795
786
389
790
547
572
777
729
622
149
756
434
487
675
887
428
208
372
593
550
551
751
476
761
868
847
595
427
629
476
322
785
789
948
406
961
228
629
712
337
219
901
522
947
324
519
545
652
107
203
349
867
364
498
701
222
151
244
838
394
721
542
977
924
761
879
793
529
874
498
639
637
925
888
141
328
408
244
206
975
497
246
868
879
297
876
493
270
603
598
214
469
895
138
133
960
941
277
988
753
315
194
566
759
344
729
658
599
703
553
454
902
815
653
923
550
319
995
903
842
916
392
587
708
154
362
919
664
664
672
819
842
189
952
326
999
236
105
836
213
982
787
731
549
106
775
422
857
104
887
502
956
239
895
732
712
524
513
881
262
680
518
431
610
295
721
563
812
461
176
603
295
677
829
522
929
859
194
863
148
497
770
394
417
710
530
742
500
421
863
168
856
527
532
604
178
753
596
732
144
579
939
714
221
464
992
171
274
721
939
408
323
614
633
700
277
202
362
756
886
520
898
114
354
358
508
562
377
516
581
309
810
920
240
955
265
197
819
427
837
407
383
609
117
157
155
615
166
874
635
691
406
897
928
700
392
127
140
871
711
731
519
300
651
293
191
276
623
721
427
139
687
747
481
743
578
448
257
352
826
400
309
208
363
412
869
591
594
770
408
862
522
170
918
643
148
259
133
446
438
678
210
294
544
121
771
669
532
664
845
741
757
797
434
512
867
251
255
483
714
702
506
355
331
353
256
107
708
406
856
891
221
155
217
816
690
253
191
543
547
180
161
926
743
585
576
446
655
111
489
511
809
468
704
937
114
447
981
936
700
279
743
361
490
108
353
406
819
393
125
654
104
851
999
688
232
411
647
444
698
800
466
412
540
152
747
912
754
139
134
123
180
531
486
360
635
181
561
597
423
563
997
302
441
555
830
138
884
636
532
879
166
182
941
474
939
974
385
228
278
539
137
102
966
880
242
512
442
843
614
483
465
245
490
288
573
133
764
481
216
952
907
110
880
139
179
184
853
361
734
228
342
550
732
588
760
719
468
607
846
392
809
318
921
912
390
594
814
463
719
639
639
910
579
121
104
387
101
945
574
829
772
921
447
324
195
253
442
521
549
873
898
534
348
980
876
765
931
477
199
411
768
218
565
968
425
294
868
105
666
367
130
661
927
980
108
302
596
364
463
175
584
502
888
703
623
282
775
761
933
696
820
965
385
814
227
262
797
452
650
678
522
408
766
521
106
313
242
840
844
426
181
456
321
472
456
436
553
725
790
372
651
802
908
874
884
398
612
199
963
519
735
231
409
450
790
790
611
836
283
538
172
488
199
583
528
450
752
604
507
931
491
417
972
148
894
738
897
585
460
935
468
814
655
536
359
998
374
331
580
429
821
914
390
631
681
784
513
804
188
749
802
498
476
438
619
892
705
898
391
310
557
781
312
732
479
156
996
514
727
423
686
743
142
331
195
341
757
925
279
989
612
255
327
827
168
770
956
398
582
480
551
653
294
617
882
914
263
981
841
971
175
162
771
227
592
157
827
698
201
578
495
237
763
367
926
458
728
296
565
555
800
902
634
957
227
175
464
830
515
976
132
268
276
890
976
576
718
375
246
396
291
255
125
758
368
227
383
614
319
491
710
949
957
275
392
892
943
105
295
981
159
566
178
134
898
686
981
561
872
423
399
554
385
758
621
980
616
327
647
106
677
938
130
225
207
105
434
253
148
847
422
209
110
415
334
104
397
328
926
658
698
167
275
823
776
521
607
319
179
784
478
141
591
288
196
859
296
336
963
148
242
782
875
188
839
629
199
145
164
520
291
729
568
533
118
761
219
269
515
318
445
100
863
634
324
378
636
321
252
136
984
956
907
205
503
253
114
342
872
566
446
202
568
144
742
943
394
555
718
198
278
972
950
659
668
103
155
739
946
449
849
698
220
863
448
431
438
800
593
694
430
168
763
331
936
807
900
279
759
199
835
327
781
788
549
551
842
182
637
219
698
406
427
428
287
855
607
418
183
817
238
199
188
802
761
760
966
804
130
663
982
885
837
266
790
795
140
501
156
867
976
988
673
381
976
108
895
830
585
411
974
491
742
380
840
649
718
729
361
267
540
158
871
616
245
938
680
229
817
617
451
758
379
245
957
831
116
684
626
586
205
694
226
179
242
584
543
742
607
136
455
394
440
145
793
784
156
892
199
238
234
817
813
864
372
771
823
873
519
140
949
369
533
505
229
692
535
381
740
341
483
723
161
113
773
927
871
148
857
943
139
180
104
313
399
793
890
702
705
179
839
934
939
260
117
569
653
250
725
541
491
960
194
938
928
338
459
421
806
223
167
792
452
150
146
960
716
250
119
114
626
100
142
437
603
186
820
101
961
425
157
539
936
694
725
971
568
358
959
787
422
466
147
706
843
969
624
267
856
853
838
369
772
200
145
193
557
756
720
954
412
684
185
188
211
612
286
951
447
597
131
553
697
966
955
140
689
388
845
737
446
382
698
135
186
129
501
1000
456
259
855
204
657
343
582
835
510
192
662
627
480
794
782
659
647
676
588
380
372
530
490
642
298
688
249
108
258
589
340
161
378
113
282
162
739
430
672
162
916
530
504
247
284
971
623
357
965
289
664
525
463
999
805
224
549
763
596
674
310
344
535
434
433
568
439
688
709
244
602
854
891
151
826
923
716
667
109
122
393
281
170
292
686
556
988
806
347
241
338
994
211
459
931
846
606
433
224
527
995
717
479
979
509
138
655
250
828
563
417
472
690
896
274
352
372
407
975
529
969
476
313
480
720
203
101
141
327
437
742
731
424
485
212
693
703
845
314
332
325
910
711
339
349
823
519
746
836
268
676
211
318
424
298
498
812
945
680
635
882
271
695
692
831
681
469
639
875
960
474
324
593
101
937
879
688
938
504
521
409
168
773
536
308
874
408
492
754
512
483
164
762
724
289
128
569
364
862
635
554
545
685
427
323
415
795
942
889
789
585
875
745
209
458
265
337
493
388
688
725
196
815
200
353
626
914
962
739
491
162
954
240
962
658
568
380
885
166
597
894
494
701
951
760
481
434
571
990
896
639
664
179
354
286
978
363
738
184
975
447
543
936
967
238
836
559
635
484
584
995
568
128
316
251
557
815
773
910
101
467
243
706
264
303
530
200
521
351
126
420
560
166
903
580
245
891
316
120
155
277
459
867
855
211
643
674
772
487
756
600
483
985
903
726
204
649
583
610
156
918
173
589
204
223
535
481
868
219
938
814
355
881
275
380
761
385
227
949
207
426
801
193
139
777
812
454
594
714
310
732
652
550
175
795
969
179
405
283
347
383
233
231
213
478
622
834
350
664
777
418
523
351
253
866
621
389
450
840
721
605
456
419
827
375
994
954
525
356
683
115
932
247
887
339
651
331
695
316
939
804
355
208
770
422
714
718
297
463
554
197
767
964
368
445
659
410
450
557
992
261
370
438
183
438
612
421
480
266
344
795
528
827
996
651
915
511
813
309
282
298
873
987
162
394
212
628
525
729
832
564
697
107
444
178
807
355
130
960
821
190
310
981
318
903
967
847
892
100
318
870
286
991
680
992
315
281
784
964
353
510
114
382
625
222
923
518
157
619
788
733
561
454
664
582
696
354
307
461
790
890
308
750
663
622
312
128
597
167
110
332
354
639
815
117
593
916
442
368
380
473
597
297
381
145
645
325
552
147
974
659
572
850
618
821
291
649
286
714
551
963
899
777
575
635
596
453
852
782
410
918
961
273
851
193
553
714
940
793
249
785
552
430
913
954
369
716
971
851
555
476
394
277
630
452
981
576
823
937
271
842
518
926
586
103
120
689
350
675
691
271
672
378
868
592
861
765
677
102
749
934
986
334
477
804
634
656
827
702
309
987
380
519
899
940
320
314
377
278
911
332
968
106
399
994
924
834
581
268
708
172
482
199
514
633
941
729
842
169
205
237
397
886
312
328
201
742
937
770
361
795
677
474
820
351
446
761
532
576
575
778
728
410
273
108
236
692
537
129
958
348
840
471
485
958
978
150
238
924
657
556
989
761
162
805
808
924
122
133
682
922
949
336
279
647
726
211
566
466
253
109
720
529
584
817
849
233
496
384
303
775
865
227
662
150
565
870
379
453
431
675
592
822
911
387
910
957
892
772
112
167
553
547
250
697
796
666
952
192
157
557
822
130
617
157
249
166
141
923
725
622
116
890
653
398
782
947
932
748
886
604
959
830
982
723
332
321
124
215
295
710
878
144
457
544
379
684
290
559
453
355
770
266
592
818
953
573
817
735
361
964
355
565
831
336
644
799
546
834
468
427
765
293
563
296
929
558
865
770
194
462
987
915
581
699
266
378
777
951
565
367
526
597
249
102
854
939
286
671
371
494
478
799
298
238
894
458
750
444
299
992
777
539
639
605
166
305
106
590
496
432
429
564
994
904
738
704
655
780
138
598
566
324
583
105
165
753
487
470
454
261
244
304
248
646
221
136
908
521
512
473
200
522
558
284
683
217
994
703
325
661
361
264
321
908
784
886
219
811
875
161
647
474
213
520
141
178
623
759
441
490
673
990
952
584
609
858
616
678
692
933
170
325
659
197
102
304
224
614
482
783
639
862
226
339
372
382
918
440
361
210
844
111
241
895
989
694
167
287
500
175
386
454
926
334
261
502
130
568
191
127
988
969
133
940
724
137
465
517
255
804
466
622
803
116
238
404
275
115
390
637
196
419
491
169
138
104
991
520
937
814
290
108
211
255
978
827
550
722
927
236
323
382
1000
615
458
192
734
924
374
658
850
608
935
985
181
963
810
765
597
941
274
534
689
200
141
566
910
194
720
948
848
728
585
731
692
682
522
892
587
814
411
289
367
422
687
800
289
122
231
573
648
770
627
265
428
226
984
862
405
836
363
418
986
543
782
763
228
922
550
119
473
577
939
174
654
507
833
296
951
458
507
121
897
965
505
505
908
279
424
657
811
626
506
496
365
914
997
454
742
984
968
518
819
400
145
661
852
322
288
317
974
937
880
537
280
855
339
638
377
488
348
281
382
653
906
365
468
732
638
957
112
826
145
239
683
268
785
933
713
711
516
796
378
628
924
129
173
452
175
255
973
395
227
430
971
136
505
980
243
212
854
375
179
172
715
255
988
947
182
110
622
806
789
236
813
952
884
148
633
195
339
904
878
404
154
886
666
372
259
413
429
952
532
919
642
408
669
574
916
920
358
762
863
667
428
242
874
743
837
452
261
830
914
585
300
137
858
262
590
795
650
603
281
844
938
530
433
162
427
492
937
781
445
113
717
178
855
666
420
803
507
597
944
217
316
525
660
376
948
1000
189
798
450
762
238
331
637
597
677
127
253
425
906
765
318
639
960
365
563
306
286
167
810
209
299
270
518
552
112
231
783
531
709
102
507
133
620
797
839
740
532
550
446
800
851
987
535
689
727
137
588
413
766
511
780
890
167
405
731
122
788
465
499
668
131
379
966
946
542
636
647
959
545
987
969
803
107
474
234
359
991
341
380
712
166
682
541
909
274
536
607
167
495
406
906
130
393
358
886
521
562
431
614
708
749
625
774
600
907
146
476
723
681
468
116
751
103
132
119
182
788
606
651
433
362
963
372
325
902
724
951
943
924
550
398
552
953
924
995
473
346
846
554
501
102
190
803
479
203
482
904
863
569
491
399
985
459
952
757
331
867
313
784
140
232
979
679
159
923
605
890
646
877
972
194
252
711
712
165
286
629
360
696
370
397
470
683
952
745
541
584
710
458
713
141
793
589
554
977
778
664
615
964
343
365
363
383
886
346
806
411
463
892
960
117
888
396
414
949
311
806
835
787
230
591
798
952
854
910
889
908
769
425
463
379
905
493
847
748
676
1000
421
240
547
903
814
104
856
538
457
254
650
598
163
385
618
695
820
569
390
835
594
148
650
740
715
832
887
112
175
497
899
598
943
169
917
364
454
398
727
679
161
365
468
616
590
416
963
818
251
570
797
903
628
410
958
875
589
368
552
477
332
543
409
549
739
338
618
892
953
615
671
774
389
725
271
513
805
161
717
464
961
413
186
579
179
654
764
140
961
807
348
661
530
900
853
680
363
783
774
339
706
740
433
720
444
974
873
450
887
495
699
886
518
827
487
577
527
281
599
647
835
160
981
428
193
640
529
511
870
545
838
534
227
680
668
548
927
921
349
895
603
742
818
454
386
804
352
104
422
140
745
994
883
623
264
709
256
640
213
251
638
184
387
920
281
500
617
121
254
849
932
344
618
170
119
313
916
308
830
348
225
625
178
205
403
905
175
891
497
260
199
748
969
712
611
482
363
390
773
181
892
209
899
405
241
101
521
422
988
947
319
851
788
387
852
476
197
692
513
116
136
719
769
702
862
418
812
144
723
211
473
568
586
332
250
120
672
946
868
934
227
548
149
148
516
187
787
255
681
473
461
176
374
336
139
927
372
901
501
244
347
146
229
902
863
882
381
240
645
920
567
941
979
527
505
604
221
109
848
343
480
173
677
197
540
845
617
975
986
172
523
966
497
990
180
454
823
141
703
806
973
359
878
631
238
646
269
325
892
579
178
545
952
270
455
720
350
269
978
907
943
328
389
990
446
559
907
540
322
164
322
867
799
547
443
288
480
231
318
995
798
429
570
114
490
866
281
710
512
605
807
351
199
890
444
254
739
284
446
210
930
291
948
709
963
192
760
708
425
146
843
985
942
241
885
672
207
377
432
402
937
421
624
443
233
549
931
219
833
695
902
373
577
784
434
815
452
341
961
620
465
895
399
202
192
281
209
698
522
757
377
752
612
471
798
863
476
534
198
507
391
310
819
959
756
100
615
740
626
599
748
713
480
103
274
209
663
266
635
137
607
801
513
255
721
286
185
993
731
659
278
522
773
597
666
194
874
357
148
325
1000
135
727
431
605
536
823
526
579
814
644
458
646
685
700
145
407
460
897
332
509
970
703
820
555
632
612
383
212
598
808
872
500
464
773
647
204
620
370
784
106
799
291
155
450
818
988
211
240
501
328
267
471
681
592
117
531
952
758
250
235
207
515
564
600
965
806
934
793
100
954
277
962
320
990
757
624
296
682
885
155
422
980
206
424
600
839
770
472
985
657
129
772
597
956
286
696
961
458
355
785
115
864
633
665
879
731
344
713
338
382
523
441
164
562
497
668
847
612
922
113
477
235
544
595
762
738
256
964
630
289
347
970
459
147
233
636
440
485
648
615
420
481
985
353
898
725
640
617
153
687
827
136
900
990
714
838
641
112
496
233
502
157
202
804
642
578
521
581
323
970
438
498
956
447
493
782
448
191
132
914
414
620
156
559
557
681
210
522
228
680
367
890
481
876
829
673
400
482
506
922
171
675
549
458
704
595
687
610
464
487
194
788
472
503
170
814
460
206
682
229
989
625
114
867
560
930
448
834
934
440
684
651
230
284
616
184
514
797
335
804
432
109
222
331
717
199
151
993
989
287
457
431
418
736
805
262
785
142
578
386
634
184
386
488
802
425
222
926
873
208
598
403
804
507
792
926
188
462
150
611
880
371
746
536
206
341
112
976
157
492
898
476
688
240
276
126
169
971
718
863
832
653
777
987
694
195
576
723
573
731
587
835
428
165
883
601
492
515
918
267
883
189
176
676
883
250
359
817
406
953
163
240
131
270
544
449
530
903
966
136
927
341
880
645
471
450
185
287
276
963
837
985
178
633
405
459
538
941
910
392
843
171
117
211
184
703
523
677
685
368
166
752
604
315
852
450
781
290
473
322
905
475
391
833
107
855
278
469
129
223
196
375
152
988
633
716
920
866
550
202
279
267
564
912
983
863
714
807
323
817
617
487
558
517
397
572
898
890
840
777
220
274
874
829
766
290
750
442
252
274
810
848
611
820
867
204
448
834
163
841
560
596
688
168
329
855
372
824
460
187
954
254
394
362
782
450
268
557
617
262
518
283
629
568
271
761
840
321
486
168
954
253
611
903
415
306
934
691
390
238
911
573
205
160
362
297
546
176
909
228
683
690
546
860
666
320
290
831
686
361
657
459
960
809
864
578
749
229
667
688
748
485
843
279
716
387
262
644
245
542
558
545
831
352
545
513
829
186
422
145
757
206
565
561
485
756
359
461
801
972
885
740
933
303
806
671
594
595
105
678
896
476
367
939
438
829
737
652
815
836
860
673
260
207
284
323
417
290
457
571
680
510
894
525
186
638
855
688
722
639
986
612
296
157
601
167
158
307
638
897
681
914
682
143
990
817
540
150
796
286
192
438
657
978
144
568
836
511
957
928
133
863
289
557
111
342
932
163
843
936
919
109
577
840
451
822
723
493
259
299
539
340
565
939
476
950
382
702
343
940
471
637
672
252
678
627
458
141
261
472
732
980
310
994
547
176
447
329
458
825
220
508
253
489
155
256
254
848
630
253
847
468
621
129
362
880
874
371
430
145
178
985
907
583
409
993
710
422
352
751
641
372
327
887
853
436
563
545
500
145
572
370
137
589
844
720
143
919
805
331
369
900
112
892
524
685
436
623
170
300
697
116
362
553
492
267
822
732
583
536
622
782
776
805
139
465
823
858
343
203
228
351
385
911
652
905
986
484
543
735
580
635
825
821
276
722
347
618
989
763
459
946
972
917
115
752
787
568
708
657
341
690
253
197
228
182
307
734
816
196
609
642
436
890
314
653
265
222
377
371
463
433
937
652
881
699
954
212
995
533
724
635
180
170
619
140
871
853
500
215
476
308
464
312
902
572
391
720
403
296
268
717
925
459
421
654
698
535
835
664
211
579
762
325
946
391
709
193
477
434
276
395
194
906
925
495
274
481
315
941
524
427
226
775
804
620
834
479
127
845
414
949
483
653
816
914
200
572
768
136
246
971
183
910
633
241
170
839
254
914
120
866
893
692
364
376
358
903
418
435
957
804
837
214
802
228
179
292
400
451
943
116
207
394
286
418
462
492
569
171
789
711
434
703
482
944
343
669
289
974
804
676
918
482
862
671
128
976
734
493
160
171
151
322
101
403
828
797
435
617
888
402
401
306
854
745
367
288
101
452
360
807
543
747
871
767
936
308
258
488
705
761
716
373
600
599
353
880
380
588
971
473
545
776
282
526
183
612
475
216
326
925
349
1000
708
426
645
415
964
600
194
895
794
257
185
379
795
532
574
295
970
242
781
380
297
153
552
305
336
207
763
237
542
536
840
726
506
972
184
940
398
476
639
411
780
866
247
245
957
604
563
763
786
429
416
618
104
403
856
925
666
155
133
500
907
472
279
130
108
836
171
717
189
885
296
381
995
345
350
759
485
957
599
103
458
839
710
828
186
673
801
305
950
302
230
50
50
50
51
51
51
51
51
52
52
52
53
53
54
55
55
55
55
55
55
57
58
58
58
58
58
59
59
59
59
59
59
60
60
60
60
61
61
62
62
62
63
63
63
64
64
64
65
65
66
66
66
67
68
68
68
68
69
69
70
70
71
71
71
71
71
71
71
72
73
73
74
74
74
75
75
75
75
75
76
76
77
77
78
78
78
78
79
79
80
80
80
80
80
81
81
81
81
81
81
81
82
82
82
82
84
85
85
85
85
85
85
85
86
86
86
86
86
87
87
87
88
88
88
88
88
89
90
90
91
91
92
92
92
94
94
95
95
95
96
96
96
97
97
97
99
99
99
99
100
100
100
100
101
102
102
103
103
103
104
105
106
106
107
107
107
107
108
108
108
108
109
109
110
111
111
112
112
112
112
112
113
113
114
114
115
115
115
115
116
116
117
117
117
118
118
118
120
120
120
120
120
121
121
122
122
122
123
124
124
125
125
125
126
126
126
126
127
127
127
128
128
128
128
128
128
129
129
129
130
130
131
131
132
133
133
133
133
134
134
134
135
135
135
135
136
136
136
137
137
138
138
138
138
139
139
139
140
140
140
140
140
141
142
142
142
142
143
143
144
144
145
145
146
146
146
146
147
147
147
147
147
148
148
149
150
150
150
150
152
152
152
153
153
154
154
154
155
156
156
156
156
157
157
158
160
160
161
161
161
161
161
161
162
162
162
163
163
163
165
165
165
165
165
165
166
166
166
166
167
167
167
168
168
169
169
169
169
169
169
169
169
169
170
170
170
171
172
172
172
172
173
173
173
174
174
174
175
175
175
176
177
178
178
178
178
179
179
179
180
180
180
180
180
180
181
181
181
181
181
181
182
182
182
182
183
184
184
184
184
184
186
186
186
187
187
187
188
188
189
189
190
190
190
190
191
191
191
191
191
192
193
193
194
194
194
194
194
195
195
195
195
195
195
195
196
196
196
197
197
197
197
197
198
198
198
199
199
199
200
200
201
201
201
202
203
203
203
204
204
204
204
205
205
206
206
207
208
208
208
209
209
209
209
210
211
212
212
213
213
214
214
214
214
215
216
216
216
216
217
217
217
217
218
218
219
219
219
220
220
220
220
220
220
220
221
221
221
222
222
222
223
223
224
224
224
225
225
225
226
226
227
227
228
228
228
229
230
230
231
231
232
232
232
232
232
233
233
233
233
233
233
234
234
235
235
236
237
237
237
237
238
239
239
240
240
240
240
240
240
241
242
242
242
243
243
243
244
244
244
244
245
246
246
246
247
247
247
247
247
248
248
248
248
248
249
249
249
249
250
250
251
251
252
252
253
253
253
253
253
254
255
256
256
256
256
256
257
257
257
258
258
258
258
258
258
259
259
259
259
259
259
260
260
260
260
260
261
261
261
261
262
262
263
263
263
264
265
265
266
266
267
267
267
268
268
268
269
269
270
271
271
272
272
272
273
273
273
274
274
274
274
275
275
275
276
277
277
277
278
279
279
279
279
280
280
280
280
281
282
282
282
283
283
283
283
284
284
284
285
285
285
285
286
287
287
287
288
288
288
288
289
289
289
289
290
290
290
290
291
291
292
292
293
293
293
294
294
294
294
294
295
295
295
296
297
297
297
298
299
299
299
300
300
301
302
302
302
302
302
303
303
304
305
305
305
305
305
305
305
305
306
307
308
308
308
309
309
309
309
310
310
310
310
310
310
311
311
311
311
311
311
311
311
312
312
312
313
313
314
315
315
315
316
316
316
317
317
317
317
317
317
318
318
319
319
319
319
319
319
320
320
321
321
322
322
323
323
323
324
324
325
325
326
326
327
327
327
328
328
328
329
330
331
331
331
332
332
333
334
334
334
335
336
336
336
337
337
338
338
338
338
339
340
340
340
340
340
340
341
341
342
342
343
343
344
344
344
344
346
346
347
347
347
347
348
348
348
348
349
349
349
349
349
350
350
350
350
351
351
351
351
351
352
352
353
354
354
354
354
355
355
355
356
356
356
356
356
357
357
357
357
358
358
358
359
359
360
360
360
361
362
362
363
364
365
365
366
366
366
366
367
367
367
367
368
369
370
370
370
371
371
371
371
372
372
372
372
373
373
373
373
373
375
375
376
376
377
377
377
378
378
378
379
379
379
380
380
381
381
382
382
383
383
384
384
384
384
385
385
385
386
386
387
387
387
388
388
389
389
389
389
390
390
391
392
392
392
392
392
393
394
394
395
395
395
396
396
396
397
397
398
398
399
399
399
400
400
400
401
401
401
402
402
402
402
403
403
403
404
404
404
405
406
406
406
406
406
407
407
407
407
407
407
407
408
408
408
409
410
410
411
411
411
411
411
411
412
413
413
414
415
415
415
415
415
415
415
415
415
416
416
417
417
418
418
418
418
418
418
418
418
419
419
419
419
420
420
421
421
421
421
422
422
422
422
422
422
423
423
423
424
424
425
425
425
425
425
426
426
426
427
427
428
429
431
431
431
432
432
432
432
432
433
434
434
434
435
435
436
436
437
437
438
438
438
438
438
440
441
441
442
442
443
443
443
443
443
444
444
446
446
446
446
446
446
448
448
448
448
450
450
450
451
451
451
451
452
452
452
452
452
453
453
454
454
454
455
455
455
455
456
456
457
457
457
458
458
458
458
459
459
459
460
460
460
461
462
462
462
462
462
463
463
466
467
467
467
467
467
468
468
468
469
469
469
469
469
469
470
470
470
470
471
473
473
473
473
474
475
475
475
476
476
476
476
477
477
477
477
477
478
478
479
481
481
481
481
482
482
482
482
483
483
483
484
485
486
486
487
488
488
489
490
490
490
490
490
491
491
491
491
491
492
492
492
492
493
493
493
493
493
494
494
494
494
495
495
495
495
495
495
495
496
496
497
497
497
499
499
499
501
501
502
502
502
502
503
503
504
504
504
504
505
505
505
505
505
505
506
506
507
507
507
507
507
507
507
507
508
509
509
510
510
511
511
512
512
512
512
512
513
513
513
513
514
514
514
514
515
515
516
516
517
517
517
518
518
518
518
518
519
519
519
519
519
520
520
520
520
521
521
521
522
522
522
523
523
524
524
525
525
525
526
526
526
526
527
527
527
528
528
528
528
529
529
529
529
530
530
530
531
531
531
532
532
532
533
534
534
534
535
535
535
536
536
536
536
536
536
537
537
538
538
538
539
540
541
542
542
542
543
543
543
544
544
544
545
545
545
545
546
546
546
547
547
548
548
550
550
550
550
551
551
551
551
551
551
552
552
552
552
552
554
554
555
555
555
556
556
556
556
556
557
557
558
559
560
560
560
560
561
561
562
562
563
563
563
563
563
564
564
564
565
565
565
567
568
568
569
569
569
570
570
570
571
572
572
572
572
572
572
573
575
575
575
575
575
576
576
576
577
577
577
578
579
579
580
580
580
580
581
581
582
582
582
583
584
584
584
584
585
585
585
585
586
586
586
587
587
587
587
588
589
589
589
589
590
592
592
592
592
592
592
593
593
593
593
594
594
595
595
595
595
596
596
596
596
597
598
598
598
599
599
600
600
601
601
601
602
602
602
602
603
603
603
603
604
604
604
605
605
605
606
606
606
606
606
606
607
607
607
608
609
609
610
610
611
611
612
612
612
612
612
613
613
614
614
615
616
616
616
617
617
617
617
618
618
618
619
619
619
620
620
621
621
621
622
623
625
625
625
625
625
627
627
627
628
630
630
631
631
632
633
634
634
635
635
636
636
636
636
636
636
636
637
637
638
638
639
640
640
641
641
641
641
641
641
642
642
643
643
643
644
644
644
644
645
645
645
645
645
645
645
645
646
647
647
647
647
648
649
649
650
650
650
650
650
651
651
652
652
652
653
653
653
654
654
655
655
655
656
656
656
656
656
657
657
657
657
657
658
658
659
659
660
660
661
661
662
662
662
662
663
663
664
664
665
665
665
666
667
667
667
668
668
669
669
669
669
670
670
670
670
670
671
671
672
672
672
673
673
673
674
674
674
674
674
675
675
676
676
676
676
676
677
677
677
678
678
678
678
678
678
679
679
679
679
680
681
681
682
684
684
684
685
685
686
686
686
686
687
687
688
688
688
688
688
689
689
689
690
690
690
691
691
692
692
693
694
694
694
695
695
695
695
696
697
697
697
698
698
698
699
699
700
701
701
701
701
701
702
702
703
703
704
704
704
705
705
705
705
706
706
707
707
707
707
708
708
708
709
709
709
709
710
711
711
711
711
711
712
712
712
712
712
713
713
713
713
713
713
714
714
714
715
715
715
715
715
715
716
717
717
717
717
717
718
719
719
719
720
720
721
721
722
722
722
722
722
722
723
723
723
723
723
723
723
724
725
725
725
725
726
727
727
727
727
728
728
728
728
729
729
730
731
731
732
732
732
733
733
733
733
733
734
734
734
734
734
734
734
734
735
735
736
736
737
737
737
737
737
739
739
739
739
739
740
740
741
741
742
743
743
744
745
745
746
747
747
747
747
747
748
749
749
749
749
749
749
750
750
750
750
750
750
751
751
751
752
752
753
753
753
753
754
754
754
755
755
756
756
756
756
756
757
757
757
758
758
759
760
760
761
761
762
762
762
762
763
763
763
764
764
764
765
766
766
766
766
766
766
767
767
768
768
768
768
770
770
771
771
771
771
772
773
773
773
773
773
773
774
774
774
775
775
776
776
776
776
777
778
778
778
778
779
779
780
780
780
781
781
782
782
782
783
783
784
784
784
786
786
787
787
789
790
790
790
790
791
791
791
791
791
791
792
792
792
792
793
793
794
794
795
795
795
795
797
797
798
799
799
799
800
800
801
801
801
801
802
802
802
802
803
803
803
804
804
805
805
805
805
805
806
806
806
806
807
807
807
809
811
812
812
812
813
813
813
814
814
814
815
815
815
816
816
817
817
818
818
818
819
819
820
820
821
821
822
822
822
822
822
822
823
823
823
823
824
824
824
824
825
825
826
827
827
828
828
828
829
829
829
830
830
831
831
832
832
832
832
832
833
833
833
833
834
834
834
834
834
835
836
836
837
837
837
837
837
837
837
837
837
838
838
838
839
840
840
840
840
841
841
841
842
842
842
843
845
845
845
845
845
846
846
846
847
847
847
847
847
847
848
848
849
849
849
850
850
850
851
851
851
852
852
852
853
854
854
854
854
855
856
857
857
857
857
857
857
858
858
859
859
859
859
860
861
862
862
862
863
863
864
864
865
866
866
866
866
867
867
867
867
868
868
868
869
869
869
870
870
870
870
870
871
871
872
872
872
873
873
873
873
874
874
874
875
876
876
876
876
877
877
877
877
878
878
878
878
878
878
878
879
879
880
880
881
881
882
882
882
883
883
884
885
885
885
885
886
886
886
887
887
888
888
888
888
889
889
889
890
890
890
891
891
891
891
892
892
893
893
894
894
894
894
894
895
895
895
895
896
897
897
898
898
898
899
899
900
900
900
901
902
902
902
902
903
903
903
904
905
906
906
906
906
907
907
908
908
909
909
909
909
910
910
910
912
913
913
913
913
913
914
914
914
915
915
915
915
915
916
916
916
916
916
916
917
917
917
917
917
918
918
918
918
919
919
919
919
920
920
920
920
922
922
922
922
922
923
923
924
925
925
925
925
925
926
926
927
927
927
927
928
928
929
929
929
930
931
931
931
933
933
934
935
935
936
936
937
937
937
938
938
939
939
939
940
941
941
941
941
942
943
943
943
944
945
945
945
946
946
946
947
948
948
948
948
948
949
949
949
950
950
950
951
952
952
952
953
953
953
954
954
954
955
956
956
958
958
958
958
958
959
959
960
960
960
961
962
962
962
962
963
963
963
963
964
964
965
965
965
966
966
966
966
966
966
966
967
967
968
968
968
968
971
971
972
972
972
972
972
973
973
973
974
974
975
975
976
976
977
977
977
978
978
978
978
978
978
979
979
979
979
980
980
981
981
982
982
982
982
983
983
983
985
987
988
989
989
989
989
990
991
991
992
992
992
992
993
993
994
994
995
995
995
995
996
996
996
996
997
998
998
998
998
998
998
999
999
1000
1000
1000
1000
1001
1001
1001
1003
1003
1004
1004
1004
1004
1005
1005
1005
1005
1005
1006
1006
1007
1007
1007
1008
1008
1008
1009
1010
1010
1010
1011
1012
1012
1012
1012
1012
1012
1012
1014
1014
1015
1015
1016
1016
1016
1016
1016
1016
1016
1017
1017
1018
1018
1018
1018
1018
1019
1020
1020
1021
1022
1022
1022
1023
1023
1023
1023
1024
1025
1026
1026
1026
1027
1027
1028
1028
1029
1029
1029
1029
1029
1029
1029
1030
1030
1031
1031
1031
1032
1032
1032
1032
1033
1033
1033
1034
1034
1034
1034
1035
1035
1035
1035
1036
1037
1038
1038
1038
1038
1038
1039
1039
1040
1041
1041
1041
1042
1042
1042
1042
1043
1044
1045
1045
1045
1046
1047
1047
1049
1049
1049
1050
1050
1051
1051
1052
1052
1052
1053
1053
1053
1053
1053
1054
1054
1054
1055
1055
1055
1056
1057
1057
1057
1058
1058
1059
1059
1060
1060
1060
1060
1060
1061
1062
1062
1063
1064
1064
1064
1064
1064
1064
1065
1065
1065
1065
1066
1066
1066
1066
1067
1067
1068
1068
1069
1069
1069
1070
1070
1071
1071
1072
1072
1072
1073
1073
1074
1075
1075
1075
1076
1076
1076
1076
1076
1077
1077
1077
1077
1077
1078
1078
1079
1079
1079
1079
1079
1079
1081
1081
1081
1081
1082
1082
1082
1083
1083
1084
1084
1085
1085
1085
1085
1085
1085
1085
1086
1087
1087
1087
1088
1088
1088
1088
1088
1089
1089
1089
1090
1090
1091
1091
1091
1092
1093
1093
1093
1093
1093
1094
1094
1094
1095
1095
1095
1095
1095
1095
1096
1096
1096
1097
1097
1097
1097
1097
1098
1098
1098
1099
1099
1100
1100
1101
1101
1101
1102
1102
1102
1103
1103
1103
1103
1103
1103
1104
1104
1104
1105
1106
1106
1107
1107
1107
1107
1107
1108
1108
1108
1108
1108
1109
1109
1109
1109
1109
1109
1110
1111
1111
1111
1112
1113
1113
1113
1113
1114
1115
1115
1115
1116
1116
1117
1117
1117
1118
1118
1119
1120
1120
1120
1121
1121
1121
1121
1122
1122
1122
1122
1122
1123
1124
1124
1124
1124
1124
1124
1125
1125
1125
1125
1125
1126
1126
1127
1127
1128
1128
1128
1129
1129
1129
1129
1130
1130
1130
1131
1131
1131
1133
1133
1134
1134
1135
1135
1135
1135
1135
1136
1136
1136
1136
1137
1137
1137
1138
1139
1139
1139
1140
1140
1140
1140
1140
1141
1141
1142
1143
1144
1144
1145
1145
1146
1146
1147
1147
1147
1147
1147
1147
1148
1148
1148
1148
1149
1149
1149
1149
1150
1150
1150
1150
1150
1150
1151
1151
1151
1151
1152
1152
1152
1153
1153
1153
1154
1154
1154
1154
1155
1156
1156
1156
1156
1157
1157
1158
1159
1159
1159
1160
1160
1160
1160
1161
1161
1161
1161
1161
1162
1162
1162
1162
1162
1163
1163
1163
1163
1163
1163
1165
1165
1165
1165
1165
1165
1165
1166
1166
1167
1167
1167
1168
1168
1168
1169
1169
1169
1170
1170
1170
1170
1170
1171
1172
1172
1172
1172
1173
1173
1173
1173
1174
1174
1174
1175
1175
1175
1176
1176
1176
1176
1177
1177
1177
1177
1178
1178
1178
1178
1179
1179
1179
1179
1179
1180
1180
1181
1181
1182
1182
1182
1183
1183
1183
1184
1184
1184
1185
1185
1186
1187
1187
1187
1187
1188
1188
1188
1188
1188
1189
1189
1189
1189
1190
1190
1190
1192
1194
1194
1194
1194
1195
1195
1195
1195
1195
1196
1196
1196
1196
1197
1198
1198
1198
1199
1199
1201
1201
1202
1202
1203
1203
1204
1204
1204
1205
1205
1205
1205
1206
1206
1207
1208
1208
1208
1209
1209
1209
1209
1209
1210
1210
1210
1211
1211
1212
1212
1213
1213
1214
1215
1215
1215
1216
1216
1216
1217
1217
1218
1218
1218
1218
1218
1218
1218
1218
1219
1219
1219
1220
1220
1220
1221
1221
1222
1222
1223
1223
1223
1223
1224
1224
1224
1224
1224
1225
1225
1225
1225
1225
1225
1225
1225
1226
1226
1227
1227
1227
1227
1227
1228
1228
1229
1229
1229
1230
1231
1231
1231
1232
1232
1232
1232
1232
1233
1233
1233
1233
1233
1234
1234
1234
1235
1235
1236
1236
1236
1237
1238
1238
1238
1239
1239
1241
1241
1241
1242
1242
1243
1243
1243
1243
1243
1244
1244
1244
1245
1245
1246
1246
1246
1247
1247
1247
1248
1248
1248
1248
1249
1249
1249
1250
1250
1250
1251
1251
1251
1251
1251
1251
1253
1253
1253
1253
1254
1254
1254
1255
1255
1255
1255
1255
1256
1256
1257
1257
1258
1258
1258
1258
1259
1259
1259
1260
1260
1261
1261
1263
1263
1263
1264
1264
1264
1264
1265
1266
1266
1267
1267
1267
1269
1269
1269
1269
1269
1270
1270
1270
1271
1271
1271
1271
1271
1272
1272
1273
1273
1274
1274
1275
1276
1277
1277
1277
1278
1278
1278
1278
1278
1278
1278
1279
1279
1279
1279
1280
1280
1280
1280
1280
1281
1281
1281
1281
1282
1282
1283
1283
1283
1284
1284
1284
1284
1285
1285
1285
1286
1286
1287
1287
1287
1287
1287
1288
1288
1288
1288
1290
1290
1290
1290
1291
1293
1293
1294
1294
1294
1294
1295
1295
1295
1295
1295
1295
1296
1296
1297
1297
1297
1297
1297
1297
1298
1298
1298
1298
1299
1299
1299
1299
1299
1300
1301
1302
1302
1302
1302
1302
1302
1303
1303
1303
1303
1304
1304
1304
1305
1305
1305
1306
1306
1306
1306
1307
1307
1308
1308
1308
1308
1308
1308
1308
1309
1310
1310
1310
1310
1310
1310
1310
1310
1311
1311
1311
1311
1311
1312
1312
1312
1312
1312
1313
1313
1314
1314
1314
1315
1315
1315
1316
1316
1317
1317
1317
1318
1319
1319
1320
1320
1320
1320
1321
1321
1321
1323
1323
1324
1324
1324
1324
1324
1325
1326
1326
1326
1326
1327
1327
1327
1327
1327
1328
1328
1329
1329
1329
1330
1330
1331
1331
1332
1332
1332
1333
1333
1333
1334
1334
1334
1334
1335
1335
1335
1335
1336
1336
1337
1337
1337
1337
1337
1337
1337
1338
1338
1339
1339
1339
1339
1339
1339
1340
1341
1341
1341
1341
1342
1342
1342
1344
1345
1345
1346
1348
1348
1348
1349
1349
1350
1350
1350
1351
1351
1352
1352
1352
1352
1353
1353
1353
1354
1354
1354
1354
1354
1355
1355
1356
1356
1356
1356
1356
1357
1357
1357
1358
1358
1358
1359
1359
1359
1360
1360
1360
1360
1361
1361
1361
1361
1361
1362
1363
1363
1364
1365
1365
1366
1367
1368
1368
1369
1369
1369
1370
1370
1370
1370
1371
1372
1372
1372
1372
1372
1372
1373
1373
1375
1375
1377
1377
1377
1378
1378
1378
1378
1378
1378
1379
1380
1380
1381
1381
1382
1382
1383
1383
1384
1384
1384
1384
1384
1384
1384
1384
1385
1386
1386
1387
1387
1387
1387
1387
1387
1388
1388
1388
1389
1389
1389
1390
1390
1390
1390
1391
1391
1392
1393
1393
1393
1393
1394
1394
1394
1394
1394
1395
1395
1395
1395
1395
1395
1396
1396
1396
1398
1398
1398
1398
1399
1400
1400
1400
1400
1401
1402
1402
1403
1403
1405
1406
1406
1406
1407
1408
1408
1409
1409
1409
1409
1409
1410
1410
1410
1411
1413
1413
1413
1413
1414
1414
1414
1415
1415
1416
1416
1416
1416
1417
1417
1417
1417
1418
1418
1418
1419
1419
1419
1420
1420
1420
1420
1420
1421
1422
1422
1423
1423
1423
1424
1424
1424
1425
1425
1425
1425
1425
1426
1426
1426
1426
1427
1427
1428
1428
1429
1429
1429
1429
1429
1430
1430
1430
1431
1431
1431
1432
1433
1434
1434
1434
1435
1436
1436
1436
1436
1437
1437
1437
1437
1437
1438
1440
1440
1440
1440
1440
1441
1441
1441
1442
1442
1442
1442
1443
1443
1444
1444
1445
1445
1445
1446
1446
1446
1447
1447
1447
1447
1448
1448
1449
1450
1450
1451
1451
1452
1452
1453
1453
1454
1455
1456
1456
1456
1456
1457
1457
1457
1458
1458
1458
1459
1459
1460
1461
1461
1461
1462
1462
1462
1462
1463
1463
1464
1464
1464
1464
1465
1466
1466
1466
1466
1467
1467
1467
1468
1468
1468
1468
1468
1468
1469
1470
1470
1470
1470
1470
1470
1471
1471
1472
1472
1472
1472
1472
1473
1473
1473
1473
1473
1473
1474
1474
1474
1474
1474
1475
1476
1476
1476
1476
1476
1477
1477
1477
1477
1478
1478
1479
1479
1479
1480
1480
1480
1480
1480
1481
1481
1481
1481
1482
1482
1483
1483
1483
1484
1484
1484
1484
1485
1485
1485
1485
1486
1486
1486
1487
1487
1487
1487
1487
1487
1488
1490
1491
1491
1492
1492
1493
1493
1494
1495
1495
1495
1495
1496
1496
1496
1496
1496
1497
1497
1498
1499
1500
1500
1500
1501
1502
1502
1503
1503
1503
1503
1504
1504
1504
1504
1504
1505
1505
1506
1506
1506
1507
1507
1507
1507
1509
1509
1509
1509
1509
1510
1510
1510
1510
1511
1511
1511
1512
1512
1512
1512
1513
1513
1513
1514
1515
1516
1516
1516
1517
1518
1518
1519
1519
1520
1520
1520
1521
1521
1521
1521
1521
1522
1522
1522
1523
1523
1523
1523
1523
1524
1524
1525
1525
1525
1526
1526
1527
1527
1527
1528
1530
1530
1530
1530
1530
1531
1531
1531
1532
1532
1532
1533
1533
1533
1533
1534
1534
1535
1535
1535
1536
1536
1537
1537
1537
1537
1538
1538
1538
1538
1539
1539
1540
1541
1541
1542
1542
1542
1543
1545
1545
1545
1545
1546
1546
1546
1547
1547
1548
1548
1549
1549
1549
1549
1550
1551
1551
1551
1552
1552
1552
1552
1552
1552
1553
1553
1554
1554
1554
1554
1554
1555
1555
1555
1555
1557
1557
1558
1558
1558
1558
1559
1559
1559
1560
1560
1562
1562
1562
1562
1563
1563
1563
1563
1564
1564
1564
1564
1565
1565
1565
1565
1565
1565
1565
1565
1566
1566
1566
1566
1567
1567
1567
1568
1569
1569
1569
1569
1569
1569
1570
1571
1571
1571
1571
1572
1573
1575
1575
1575
1575
1576
1577
1577
1577
1578
1578
1578
1580
1580
1580
1580
1580
1581
1581
1581
1582
1583
1583
1584
1584
1584
1584
1585
1585
1586
1586
1586
1587
1587
1587
1588
1588
1588
1588
1588
1590
1590
1590
1591
1591
1591
1592
1592
1592
1593
1593
1593
1594
1594
1594
1594
1594
1594
1594
1594
1595
1595
1596
1596
1596
1596
1597
1597
1597
1597
1600
1600
1600
1600
1601
1601
1601
1602
1602
1602
1602
1602
1603
1603
1604
1604
1604
1605
1605
1605
1605
1606
1606
1606
1606
1606
1607
1607
1608
1608
1608
1609
1610
1610
1610
1610
1610
1611
1611
1611
1612
1612
1612
1613
1613
1613
1613
1613
1616
1617
1617
1617
1617
1617
1618
1618
1619
1619
1619
1620
1620
1620
1620
1620
1621
1622
1622
1623
1623
1624
1624
1624
1624
1625
1625
1625
1625
1626
1627
1628
1628
1628
1628
1630
1630
1631
1631
1631
1632
1632
1632
1633
1633
1634
1634
1634
1634
1635
1635
1635
1635
1635
1635
1635
1636
1636
1636
1636
1637
1638
1638
1638
1638
1639
1639
1640
1640
1641
1641
1641
1641
1641
1641
1642
1643
1644
1644
1644
1645
1645
1647
1647
1648
1649
1649
1649
1650
1650
1650
1650
1650
1651
1651
1652
1652
1652
1652
1653
1653
1654
1654
1654
1655
1655
1656
1656
1656
1656
1657
1658
1658
1658
1658
1659
1659
1660
1661
1661
1661
1661
1662
1663
1663
1664
1664
1664
1665
1665
1665
1665
1666
1666
1666
1667
1667
1668
1668
1669
1669
1669
1669
1669
1670
1670
1670
1670
1670
1671
1671
1672
1672
1672
1672
1672
1672
1673
1673
1673
1674
1675
1675
1676
1677
1677
1678
1678
1679
1679
1679
1679
1680
1680
1680
1680
1681
1682
1682
1683
1683
1683
1684
1684
1684
1684
1684
1686
1686
1686
1686
1687
1687
1687
1687
1688
1688
1688
1688
1688
1688
1689
1690
1690
1690
1690
1691
1691
1691
1692
1693
1693
1693
1693
1694
1694
1694
1695
1695
1695
1696
1696
1696
1696
1696
1697
1697
1698
1698
1698
1699
1699
1699
1699
1700
1701
1701
1702
1702
1702
1702
1703
1703
1703
1703
1704
1704
1704
1704
1705
1705
1706
1706
1706
1707
1707
1707
1708
1709
1709
1710
1710
1710
1711
1711
1712
1712
1712
1712
1713
1713
1714
1714
1714
1714
1715
1715
1715
1715
1716
1716
1716
1716
1717
1717
1717
1717
1718
1718
1719
1719
1719
1720
1721
1721
1722
1722
1722
1722
1723
1723
1723
1723
1724
1724
1724
1724
1724
1725
1725
1726
1727
1727
1727
1727
1728
1728
1729
1729
1729
1729
1729
1730
1730
1730
1730
1731
1731
1731
1732
1732
1733
1733
1733
1734
1734
1734
1735
1735
1735
1735
1736
1736
1736
1736
1736
1736
1737
1737
1737
1738
1738
1738
1738
1738
1738
1739
1739
1739
1740
1741
1741
1741
1741
1742
1742
1742
1742
1743
1744
1744
1744
1744
1745
1746
1746
1746
1746
1746
1747
1747
1747
1748
1748
1749
1750
1751
1751
1751
1751
1751
1752
1752
1752
1753
1753
1753
1753
1754
1756
1757
1757
1757
1757
1758
1758
1759
1760
1760
1760
1760
1762
1764
1764
1764
1764
1765
1766
1766
1766
1766
1767
1767
1767
1767
1768
1768
1768
1768
1768
1769
1769
1769
1769
1769
1770
1770
1771
1771
1771
1772
1772
1772
1772
1772
1772
1772
1773
1773
1773
1773
1774
1774
1774
1774
1775
1775
1775
1775
1776
1776
1776
1777
1777
1777
1778
1779
1779
1780
1780
1780
1780
1781
1781
1781
1781
1781
1781
1781
1781
1781
1782
1782
1783
1784
1784
1784
1784
1784
1785
1785
1786
1786
1786
1786
1786
1786
1787
1787
1787
1787
1787
1788
1788
1788
1788
1788
1788
1789
1789
1790
1792
1792
1793
1793
1794
1794
1795
1796
1796
1796
1796
1796
1797
1797
1798
1798
1799
1799
1799
1800
1800
1800
1801
1802
1802
1802
1803
1803
1804
1804
1804
1804
1804
1805
1805
1806
1807
1808
1808
1808
1809
1810
1810
1810
1811
1811
1811
1812
1812
1813
1813
1814
1814
1815
1815
1816
1816
1816
1816
1817
1817
1818
1818
1819
1819
1819
1819
1819
1819
1819
1820
1820
1820
1820
1820
1820
1821
1821
1822
1822
1822
1822
1822
1823
1823
1824
1824
1825
1825
1825
1826
1826
1826
1827
1827
1827
1828
1828
1828
1828
1829
1829
1831
1831
1831
1832
1832
1832
1832
1832
1832
1832
1833
1833
1834
1834
1835
1836
1837
1837
1837
1837
1837
1837
1837
1838
1838
1838
1838
1838
1838
1839
1840
1841
1842
1843
1843
1843
1843
1844
1844
1845
1845
1847
1847
1847
1847
1848
1848
1848
1849
1849
1849
1849
1852
1853
1853
1853
1854
1854
1854
1855
1855
1855
1856
1856
1856
1856
1856
1856
1857
1857
1858
1858
1860
1860
1861
1861
1861
1861
1863
1863
1863
1863
1864
1866
1866
1867
1868
1868
1868
1869
1869
1869
1870
1870
1870
1871
1871
1871
1871
1871
1871
1873
1873
1873
1873
1873
1874
1874
1874
1874
1875
1875
1875
1875
1875
1876
1876
1876
1876
1877
1877
1877
1877
1877
1877
1878
1878
1878
1878
1880
1881
1881
1881
1881
1881
1882
1882
1882
1882
1882
1883
1883
1883
1884
1885
1885
1886
1886
1886
1886
1886
1886
1887
1887
1887
1887
1888
1888
1888
1889
1890
1891
1891
1891
1892
1892
1892
1892
1893
1893
1893
1894
1894
1895
1895
1896
1896
1896
1896
1896
1897
1897
1897
1898
1899
1899
1899
1899
1900
1900
1900
1900
1900
1901
1901
1902
1902
1903
1904
1904
1904
1904
1904
1905
1905
1906
1907
1907
1907
1907
1908
1908
1908
1909
1909
1909
1910
1910
1910
1910
1911
1911
1911
1911
1912
1912
1913
1913
1914
1914
1914
1915
1915
1915
1916
1916
1916
1916
1916
1916
1917
1917
1918
1920
1920
1920
1921
1921
1922
1924
1924
1925
1925
1925
1925
1925
1926
1926
1927
1927
1927
1928
1928
1928
1929
1929
1930
1930
1930
1930
1931
1932
1933
1933
1933
1934
1934
1934
1935
1935
1935
1936
1936
1937
1937
1937
1938
1938
1939
1939
1939
1939
1940
1941
1941
1941
1941
1942
1942
1942
1944
1944
1944
1944
1945
1945
1945
1948
1948
1948
1949
1949
1949
1950
1950
1950
1950
1951
1951
1951
1952
1952
1953
1954
1954
1954
1955
1956
1956
1957
1957
1957
1957
1957
1957
1958
1958
1959
1959
1959
1959
1960
1960
1960
1960
1960
1960
1960
1960
1960
1961
1961
1962
1962
1962
1963
1963
1963
1963
1964
1964
1964
1965
1966
1966
1967
1968
1969
1970
1970
1970
1971
1971
1971
1971
1972
1972
1972
1973
1973
1973
1973
1974
1975
1975
1975
1975
1975
1976
1976
1977
1977
1977
1978
1978
1978
1978
1979
1980
1980
1980
1981
1981
1981
1982
1982
1983
1983
1983
1984
1985
1985
1986
1987
1987
1987
1987
1988
1988
1988
1988
1988
1989
1990
1990
1990
1990
1991
1991
1992
1992
1992
1994
1994
1995
1995
1996
1997
1997
1997
1997
1997
1997
1997
1998
1998
1999
1999
1999
2000
2000
2000
