
2760
, 187
, 48
, 231
, 4
, 183
, 52
, 161
, 74
, 52
, 183
, 134
, 101
, 84
, 151
, 195
, 40
, 49
, 186
, 16
, 219
, 178
, 57
, 203
, 32
, 11
, 224
, 88
, 147
, 197
, 38
, 82
, 153
, 133
, 102
, 184
, 51
, 86
, 149
, 163
, 72
, 18
, 217
, 228
, 7
, 58
, 177
, 86
, 149
, 172
, 63
, 167
, 68
, 194
, 41
, 217
, 18
, 198
, 37
, 15
, 220
, 19
, 216
, 175
, 60
, 74
, 161
, 26
, 209
, 24
, 211
, 53
, 182
, 135
, 100
, 206
, 29
, 68
, 167
, 174
, 61
, 173
, 62
, 118
, 117
, 189
, 46
, 119
, 116
, 163
, 72
, 220
, 15
, 36
, 199
, 174
, 61
, 146
, 89
, 126
, 109
, 132
, 103
, 200
, 35
, 126
, 109
, 213
, 22
, 64
, 171
, 226
, 9
, 60
, 175
, 229
, 6
, 16
, 219
, 104
, 131
, 39
, 196
, 42
, 193
, 128
, 107
, 61
, 174
, 139
, 96
, 151
, 84
, 167
, 68
, 195
, 40
, 20
, 215
, 131
, 104
, 44
, 191
, 118
, 117
, 121
, 114
, 114
, 121
, 14
, 221
, 28
, 207
, 168
, 67
, 72
, 163
, 2
, 233
, 15
, 220
, 70
, 165
, 200
, 35
, 70
, 165
, 110
, 125
, 168
, 67
, 117
, 118
, 231
, 4
, 202
, 33
, 10
, 225
, 189
, 46
, 192
, 43
, 214
, 21
, 106
, 129
, 14
, 221
, 218
, 17
, 178
, 57
, 103
, 132
, 207
, 28
, 163
, 72
, 212
, 23
, 221
, 14
, 162
, 73
, 213
, 22
, 80
, 155
, 224
, 11
, 103
, 132
, 221
, 14
, 168
, 67
, 231
, 4
, 168
, 67
, 35
, 200
, 163
, 72
, 71
, 164
, 26
, 209
, 167
, 68
, 38
, 197
, 100
, 135
, 209
, 26
, 159
, 76
, 165
, 70
, 134
, 101
, 113
, 122
, 157
, 78
, 197
, 38
, 188
, 47
, 37
, 198
, 136
, 99
, 160
, 75
, 226
, 9
, 124
, 111
, 73
, 162
, 14
, 221
, 231
, 4
, 141
, 94
, 222
, 13
, 31
, 204
, 94
, 141
, 43
, 192
, 154
, 81
, 92
, 143
, 4
, 231
, 78
, 157
, 188
, 47
, 173
, 62
, 53
, 182
, 188
, 47
, 147
, 88
, 204
, 31
, 199
, 36
, 30
, 205
, 97
, 138
, 128
, 107
, 34
, 201
, 54
, 181
, 173
, 62
, 56
, 179
, 100
, 135
, 20
, 215
, 82
, 153
, 226
, 9
, 193
, 42
, 78
, 157
, 31
, 204
, 185
, 50
, 153
, 82
, 221
, 14
, 153
, 82
, 97
, 138
, 111
, 124
, 21
, 214
, 207
, 28
, 200
, 35
, 17
, 218
, 43
, 192
, 135
, 100
, 195
, 40
, 167
, 68
, 53
, 182
, 156
, 79
, 107
, 128
, 208
, 27
, 91
, 144
, 218
, 17
, 225
, 10
, 198
, 37
, 72
, 163
, 100
, 135
, 153
, 82
, 124
, 111
, 207
, 28
, 49
, 186
, 53
, 182
, 163
, 72
, 109
, 126
, 150
, 85
, 85
, 150
, 23
, 212
, 196
, 39
, 179
, 56
, 179
, 56
, 112
, 123
, 218
, 17
, 29
, 206
, 202
, 33
, 58
, 177
, 153
, 82
, 91
, 144
, 41
, 194
, 224
, 11
, 33
, 202
, 58
, 177
, 1
, 234
, 16
, 219
, 18
, 217
, 187
, 48
, 201
, 34
, 187
, 48
, 78
, 157
, 210
, 25
, 202
, 33
, 46
, 189
, 110
, 125
, 79
, 156
, 160
, 75
, 78
, 157
, 92
, 143
, 225
, 10
, 19
, 216
, 219
, 16
, 191
, 44
, 85
, 150
, 2
, 233
, 83
, 152
, 144
, 91
, 171
, 64
, 207
, 28
, 23
, 212
, 197
, 38
, 123
, 112
, 106
, 129
, 33
, 202
, 227
, 8
, 10
, 225
, 61
, 174
, 206
, 29
, 9
, 226
, 208
, 27
, 48
, 187
, 156
, 79
, 28
, 207
, 104
, 131
, 155
, 80
, 27
, 208
, 207
, 28
, 31
, 204
, 161
, 74
, 31
, 204
, 171
, 64
, 11
, 224
, 100
, 135
, 155
, 80
, 155
, 80
, 22
, 213
, 182
, 53
, 183
, 52
, 139
, 96
, 107
, 128
, 128
, 107
, 133
, 102
, 213
, 22
, 159
, 76
, 137
, 98
, 115
, 120
, 216
, 19
, 96
, 139
, 66
, 169
, 174
, 61
, 226
, 9
, 9
, 226
, 5
, 230
, 13
, 222
, 140
, 95
, 210
, 25
, 209
, 26
, 103
, 132
, 85
, 150
, 221
, 14
, 54
, 181
, 213
, 22
, 210
, 25
, 80
, 155
, 27
, 208
, 136
, 99
, 17
, 218
, 115
, 120
, 105
, 130
, 90
, 145
, 4
, 231
, 226
, 9
, 86
, 149
, 99
, 136
, 93
, 142
, 42
, 193
, 206
, 29
, 108
, 127
, 33
, 202
, 182
, 53
, 209
, 26
, 148
, 87
, 62
, 173
, 112
, 123
, 93
, 142
, 135
, 100
, 85
, 150
, 191
, 44
, 117
, 118
, 23
, 212
, 173
, 62
, 19
, 216
, 151
, 84
, 112
, 123
, 174
, 61
, 10
, 225
, 68
, 167
, 165
, 70
, 147
, 88
, 159
, 76
, 209
, 26
, 166
, 69
, 135
, 100
, 13
, 222
, 20
, 215
, 176
, 59
, 46
, 189
, 97
, 138
, 68
, 167
, 92
, 143
, 186
, 49
, 168
, 67
, 205
, 30
, 169
, 66
, 37
, 198
, 107
, 128
, 135
, 100
, 29
, 206
, 145
, 90
, 148
, 87
, 219
, 16
, 52
, 183
, 70
, 165
, 207
, 28
, 22
, 213
, 165
, 70
, 19
, 216
, 44
, 191
, 57
, 178
, 218
, 17
, 196
, 39
, 7
, 228
, 205
, 30
, 142
, 93
, 116
, 119
, 131
, 104
, 67
, 168
, 125
, 110
, 103
, 132
, 210
, 25
, 100
, 135
, 43
, 192
, 125
, 110
, 222
, 13
, 18
, 217
, 108
, 127
, 193
, 42
, 184
, 51
, 213
, 22
, 195
, 40
, 90
, 145
, 119
, 116
, 131
, 104
, 37
, 198
, 192
, 43
, 130
, 105
, 99
, 136
, 225
, 10
, 64
, 171
, 110
, 125
, 118
, 117
, 215
, 20
, 45
, 190
, 182
, 53
, 140
, 95
, 82
, 153
, 75
, 160
, 233
, 2
, 161
, 74
, 69
, 166
, 27
, 208
, 133
, 102
, 159
, 76
, 81
, 154
, 89
, 146
, 152
, 83
, 189
, 46
, 81
, 154
, 87
, 148
, 41
, 194
, 154
, 81
, 27
, 208
, 81
, 154
, 108
, 127
, 155
, 80
, 153
, 82
, 182
, 53
, 204
, 31
, 162
, 73
, 123
, 112
, 163
, 72
, 228
, 7
, 135
, 100
, 196
, 39
, 157
, 78
, 30
, 205
, 19
, 216
, 56
, 179
, 112
, 123
, 116
, 119
, 198
, 37
, 38
, 197
, 89
, 146
, 144
, 91
, 75
, 160
, 7
, 228
, 73
, 162
, 164
, 71
, 147
, 88
, 109
, 126
, 193
, 42
, 215
, 20
, 129
, 106
, 188
, 47
, 195
, 40
, 165
, 70
, 181
, 54
, 18
, 217
, 202
, 33
, 109
, 126
, 174
, 61
, 122
, 113
, 101
, 134
, 128
, 107
, 201
, 34
, 97
, 138
, 33
, 202
, 233
, 2
, 83
, 152
, 204
, 31
, 91
, 144
, 115
, 120
, 147
, 88
, 109
, 126
, 70
, 165
, 88
, 147
, 198
, 37
, 208
, 27
, 45
, 190
, 164
, 71
, 168
, 67
, 41
, 194
, 103
, 132
, 45
, 190
, 166
, 69
, 170
, 65
, 111
, 124
, 91
, 144
, 54
, 181
, 219
, 16
, 215
, 20
, 137
, 98
, 209
, 26
, 128
, 107
, 118
, 117
, 90
, 145
, 113
, 122
, 83
, 152
, 70
, 165
, 130
, 105
, 70
, 165
, 110
, 125
, 61
, 174
, 141
, 94
, 61
, 174
, 40
, 195
, 49
, 186
, 200
, 35
, 223
, 12
, 168
, 67
, 80
, 155
, 122
, 113
, 69
, 166
, 117
, 118
, 171
, 64
, 209
, 26
, 206
, 29
, 211
, 24
, 131
, 104
, 87
, 148
, 194
, 41
, 166
, 69
, 169
, 66
, 78
, 157
, 126
, 109
, 62
, 173
, 1
, 234
, 11
, 224
, 110
, 125
, 201
, 34
, 173
, 62
, 196
, 39
, 124
, 111
, 48
, 187
, 95
, 140
, 210
, 25
, 94
, 141
, 31
, 204
, 223
, 12
, 173
, 62
, 154
, 81
, 37
, 198
, 192
, 43
, 144
, 91
, 14
, 221
, 231
, 4
, 50
, 185
, 166
, 69
, 67
, 168
, 80
, 155
, 213
, 22
, 61
, 174
, 37
, 198
, 142
, 93
, 142
, 93
, 207
, 28
, 180
, 55
, 49
, 186
, 98
, 137
, 196
, 39
, 7
, 228
, 155
, 80
, 2
, 233
, 113
, 122
, 230
, 5
, 53
, 182
, 141
, 94
, 126
, 109
, 131
, 104
, 183
, 52
, 101
, 134
, 96
, 139
, 5
, 230
, 108
, 127
, 27
, 208
, 28
, 207
, 88
, 147
, 136
, 99
, 70
, 165
, 58
, 177
, 35
, 200
, 149
, 86
, 166
, 69
, 63
, 172
, 111
, 124
, 138
, 97
, 132
, 103
, 211
, 24
, 220
, 15
, 22
, 213
, 230
, 5
, 45
, 190
, 44
, 191
, 121
, 114
, 76
, 159
, 36
, 199
, 35
, 200
, 139
, 96
, 124
, 111
, 159
, 76
, 215
, 20
, 196
, 39
, 8
, 227
, 183
, 52
, 106
, 129
, 107
, 128
, 53
, 182
, 131
, 104
, 170
, 65
, 151
, 84
, 176
, 59
, 23
, 212
, 38
, 197
, 98
, 137
, 12
, 223
, 199
, 36
, 57
, 178
, 146
, 89
, 124
, 111
, 155
, 80
, 225
, 10
, 121
, 114
, 94
, 141
, 35
, 200
, 51
, 184
, 129
, 106
, 126
, 109
, 214
, 21
, 150
, 85
, 30
, 205
, 8
, 227
, 22
, 213
, 136
, 99
, 46
, 189
, 18
, 217
, 141
, 94
, 116
, 119
, 16
, 219
, 197
, 38
, 55
, 180
, 64
, 171
, 34
, 201
, 93
, 142
, 188
, 47
, 230
, 5
, 225
, 10
, 221
, 14
, 121
, 114
, 207
, 28
, 25
, 210
, 110
, 125
, 80
, 155
, 192
, 43
, 38
, 197
, 122
, 113
, 194
, 41
, 223
, 12
, 156
, 79
, 190
, 45
, 169
, 66
, 28
, 207
, 118
, 117
, 57
, 178
, 45
, 190
, 2
, 233
, 205
, 30
, 63
, 172
, 142
, 93
, 41
, 194
, 48
, 187
, 180
, 55
, 95
, 140
, 232
, 3
, 173
, 62
, 10
, 225
, 185
, 50
, 37
, 198
, 61
, 174
, 69
, 166
, 34
, 201
, 121
, 114
, 191
, 44
, 57
, 178
, 16
, 219
, 225
, 10
, 4
, 231
, 186
, 49
, 111
, 124
, 202
, 33
, 62
, 173
, 192
, 43
, 93
, 142
, 200
, 35
, 219
, 16
, 57
, 178
, 213
, 22
, 121
, 114
, 184
, 51
, 83
, 152
, 140
, 95
, 179
, 56
, 20
, 215
, 228
, 7
, 163
, 72
, 69
, 166
, 182
, 53
, 161
, 74
, 129
, 106
, 76
, 159
, 130
, 105
, 60
, 175
, 6
, 229
, 229
, 6
, 85
, 150
, 73
, 162
, 112
, 123
, 129
, 106
, 104
, 131
, 62
, 173
, 231
, 4
, 134
, 101
, 41
, 194
, 151
, 84
, 157
, 78
, 55
, 180
, 28
, 207
, 109
, 126
, 84
, 151
, 215
, 20
, 138
, 97
, 106
, 129
, 76
, 159
, 59
, 176
, 44
, 191
, 227
, 8
, 9
, 226
, 104
, 131
, 203
, 32
, 30
, 205
, 232
, 3
, 148
, 87
, 126
, 109
, 182
, 53
, 29
, 206
, 196
, 39
, 161
, 74
, 93
, 142
, 71
, 164
, 178
, 57
, 28
, 207
, 213
, 22
, 116
, 119
, 187
, 48
, 176
, 59
, 43
, 192
, 198
, 37
, 144
, 91
, 83
, 152
, 120
, 115
, 26
, 209
, 80
, 155
, 4
, 231
, 183
, 52
, 206
, 29
, 100
, 135
, 180
, 55
, 144
, 91
, 194
, 41
, 192
, 43
, 194
, 41
, 127
, 108
, 109
, 126
, 91
, 144
, 17
, 218
, 168
, 67
, 218
, 17
, 60
, 175
, 67
, 168
, 162
, 73
, 37
, 198
, 46
, 189
, 204
, 31
, 180
, 55
, 213
, 22
, 142
, 93
, 205
, 30
, 5
, 230
, 230
, 5
, 15
, 220
, 106
, 129
, 40
, 195
, 80
, 155
, 119
, 116
, 178
, 57
, 160
, 75
, 76
, 159
, 29
, 206
, 208
, 27
, 21
, 214
, 46
, 189
, 85
, 150
, 205
, 30
, 205
, 30
, 183
, 52
, 48
, 187
, 175
, 60
, 12
, 223
, 19
, 216
, 14
, 221
, 184
, 51
, 69
, 166
, 78
, 157
, 224
, 11
, 84
, 151
, 227
, 8
, 146
, 89
, 203
, 32
, 188
, 47
, 200
, 35
, 147
, 88
, 94
, 141
, 38
, 197
, 18
, 217
, 102
, 133
, 74
, 161
, 123
, 112
, 195
, 40
, 68
, 167
, 105
, 130
, 66
, 169
, 167
, 68
, 43
, 192
, 89
, 146
, 187
, 48
, 63
, 172
, 64
, 171
, 166
, 69
, 230
, 5
, 24
, 211
, 120
, 115
, 65
, 170
, 76
, 159
, 79
, 156
, 216
, 19
, 212
, 23
, 161
, 74
, 99
, 136
, 135
, 100
, 155
, 80
, 82
, 153
, 191
, 44
, 189
, 46
, 35
, 200
, 93
, 142
, 84
, 151
, 86
, 149
, 117
, 118
, 60
, 175
, 152
, 83
, 222
, 13
, 89
, 146
, 218
, 17
, 94
, 141
, 34
, 201
, 23
, 212
, 200
, 35
, 150
, 85
, 15
, 220
, 80
, 155
, 8
, 227
, 6
, 229
, 98
, 137
, 165
, 70
, 214
, 21
, 195
, 40
, 111
, 124
, 230
, 5
, 137
, 98
, 220
, 15
, 223
, 12
, 140
, 95
, 56
, 179
, 139
, 96
, 167
, 68
, 26
, 209
, 192
, 43
, 172
, 63
, 160
, 75
, 11
, 224
, 166
, 69
, 70
, 165
, 141
, 94
, 109
, 126
, 67
, 168
, 13
, 222
, 217
, 18
, 28
, 207
, 109
, 126
, 167
, 68
, 218
, 17
, 201
, 34
, 155
, 80
, 56
, 179
, 220
, 15
, 109
, 126
, 183
, 52
, 117
, 118
, 36
, 199
, 157
, 78
, 176
, 59
, 83
, 152
, 59
, 176
, 221
, 14
, 96
, 139
, 2
, 233
, 220
, 15
, 64
, 171
, 119
, 116
, 33
, 202
, 2
, 233
, 30
, 205
, 27
, 208
, 159
, 76
, 33
, 202
, 203
, 32
, 79
, 156
, 218
, 17
, 108
, 127
, 109
, 126
, 21
, 214
, 232
, 3
, 110
, 125
, 48
, 187
, 162
, 73
, 162
, 73
, 161
, 74
, 151
, 84
, 117
, 118
, 52
, 183
, 221
, 14
, 213
, 22
, 165
, 70
, 19
, 216
, 212
, 23
, 26
, 209
, 66
, 169
, 180
, 55
, 61
, 174
, 211
, 24
, 21
, 214
, 77
, 158
, 6
, 229
, 75
, 160
, 223
, 12
, 180
, 55
, 129
, 106
, 217
, 18
, 85
, 150
, 74
, 161
, 168
, 67
, 31
, 204
, 22
, 213
, 4
, 231
, 156
, 79
, 137
, 98
, 158
, 77
, 170
, 65
, 134
, 101
, 76
, 159
, 39
, 196
, 227
, 8
, 39
, 196
, 91
, 144
, 23
, 212
, 219
, 16
, 20
, 215
, 92
, 143
, 126
, 109
, 86
, 149
, 164
, 71
, 126
, 109
, 8
, 227
, 179
, 56
, 84
, 151
, 51
, 184
, 199
, 36
, 91
, 144
, 156
, 79
, 131
, 104
, 35
, 200
, 210
, 25
, 17
, 218
, 53
, 182
, 187
, 48
, 21
, 214
, 98
, 137
, 34
, 201
, 108
, 127
, 176
, 59
, 73
, 162
, 184
, 51
, 211
, 24
, 58
, 177
, 40
, 195
, 158
, 77
, 61
, 174
, 1
, 234
, 145
, 90
, 147
, 88
, 28
, 207
, 20
, 215
, 122
, 113
, 226
, 9
, 78
, 157
, 125
, 110
, 137
, 98
, 194
, 41
, 179
, 56
, 170
, 65
, 121
, 114
, 221
, 14
, 174
, 61
, 9
, 226
, 117
, 118
, 52
, 183
, 34
, 201
, 171
, 64
, 217
, 18
, 157
, 78
, 93
, 142
, 114
, 121
, 184
, 51
, 131
, 104
, 200
, 35
, 72
, 163
, 38
, 197
, 4
, 231
, 195
, 40
, 4
, 231
, 151
, 84
, 150
, 85
, 97
, 138
, 163
, 72
, 139
, 96
, 190
, 45
, 1
, 234
, 153
, 82
, 9
, 226
, 129
, 106
, 209
, 26
, 149
, 86
, 120
, 115
, 63
, 172
, 123
, 112
, 138
, 97
, 133
, 102
, 80
, 155
, 82
, 153
, 62
, 173
, 185
, 50
, 61
, 174
, 140
, 95
, 181
, 54
, 163
, 72
, 196
, 39
, 75
, 160
, 50
, 185
, 156
, 79
, 141
, 94
, 181
, 54
, 13
, 222
, 145
, 90
, 137
, 98
, 48
, 187
, 75
, 160
, 57
, 178
, 142
, 93
, 148
, 87
, 24
, 211
, 194
, 41
, 198
, 37
, 172
, 63
, 36
, 199
, 62
, 173
, 185
, 50
, 18
, 217
, 107
, 128
, 80
, 155
, 164
, 71
, 2
, 233
, 228
, 7
, 83
, 152
, 117
, 118
, 149
, 86
, 64
, 171
, 31
, 204
, 135
, 100
, 173
, 62
, 180
, 55
, 149
, 86
, 156
, 79
, 101
, 134
, 189
, 46
, 118
, 117
, 73
, 162
, 176
, 59
, 153
, 82
, 130
, 105
, 47
, 188
, 218
, 17
, 95
, 140
, 33
, 202
, 42
, 193
, 28
, 207
, 12
, 223
, 190
, 45
, 221
, 14
, 113
, 122
, 84
, 151
, 35
, 200
, 153
, 82
, 121
, 114
, 189
, 46
, 65
, 170
, 198
, 37
, 112
, 123
, 17
, 218
, 127
, 108
, 129
, 106
, 92
, 143
, 162
, 73
, 163
, 72
, 145
, 90
, 131
, 104
, 52
, 183
, 52
, 183
, 68
, 167
, 189
, 46
, 52
, 183
, 230
, 5
, 167
, 68
, 52
, 183
, 20
, 215
, 222
, 13
, 68
, 167
, 189
, 46
, 169
, 66
, 200
, 35
, 204
, 31
, 210
, 25
, 135
, 100
, 79
, 156
, 151
, 84
, 222
, 13
, 70
, 165
, 212
, 23
, 45
, 190
, 3
, 232
, 229
, 6
, 52
, 183
, 227
, 8
, 47
, 188
, 36
, 199
, 212
, 23
, 156
, 79
, 169
, 66
, 98
, 137
, 85
, 150
, 19
, 216
, 45
, 190
, 39
, 196
, 27
, 208
, 15
, 220
, 223
, 12
, 190
, 45
, 148
, 87
, 153
, 82
, 132
, 103
, 174
, 61
, 207
, 28
, 132
, 103
, 24
, 211
, 33
, 202
, 5
, 230
, 27
, 208
, 197
, 38
, 204
, 31
, 75
, 160
, 17
, 218
, 225
, 10
, 177
, 58
, 60
, 175
, 188
, 47
, 195
, 40
, 40
, 195
, 185
, 50
, 165
, 70
, 233
, 2
, 151
, 84
, 1
, 234
, 103
, 132
, 164
, 71
, 184
, 51
, 50
, 185
, 15
, 220
, 155
, 80
, 186
, 49
, 170
, 65
, 178
, 57
, 16
, 219
, 188
, 47
, 43
, 192
, 18
, 217
, 228
, 7
, 187
, 48
, 110
, 125
, 7
, 228
, 223
, 12
, 218
, 17
, 160
, 75
, 111
, 124
, 57
, 178
, 127
, 108
, 17
, 218
, 6
, 229
, 39
, 196
, 66
, 169
, 143
, 92
, 75
, 160
, 98
, 137
, 184
, 51
, 23
, 212
, 10
, 225
, 175
, 60
, 58
, 177
, 90
, 145
, 233
, 2
, 32
, 203
, 198
, 37
, 82
, 153
, 14
, 221
, 34
, 201
, 5
, 230
, 159
, 76
, 188
, 47
, 84
, 151
, 221
, 14
, 98
, 137
, 58
, 177
, 200
, 35
, 47
, 188
, 91
, 144
, 83
, 152
, 71
, 164
, 45
, 190
, 179
, 56
, 42
, 193
, 158
, 77
, 78
, 157
, 159
, 76
, 220
, 15
, 95
, 140
, 218
, 17
, 51
, 184
, 50
, 185
, 210
, 25
, 42
, 193
, 232
, 3
, 34
, 201
, 168
, 67
, 217
, 18
, 8
, 227
, 116
, 119
, 226
, 9
, 169
, 66
, 191
, 44
, 38
, 197
, 177
, 58
, 17
, 218
, 222
, 13
, 144
, 91
, 98
, 137
, 95
, 140
, 107
, 128
, 18
, 217
, 30
, 205
, 69
, 166
, 188
, 47
, 84
, 151
, 120
, 115
, 176
, 59
, 54
, 181
, 178
, 57
, 145
, 90
, 186
, 49
, 227
, 8
, 11
, 224
, 92
, 143
, 140
, 95
, 163
, 72
, 160
, 75
, 179
, 56
, 205
, 30
, 70
, 165
, 167
, 68
, 5
, 230
, 119
, 116
, 132
, 103
, 28
, 207
, 192
, 43
, 48
, 187
, 116
, 119
, 147
, 88
, 79
, 156
, 180
, 55
, 168
, 67
, 78
, 157
, 148
, 87
, 30
, 205
, 130
, 105
, 125
, 110
, 26
, 209
, 32
, 203
, 54
, 181
, 67
, 168
, 199
, 36
, 145
, 90
, 117
, 118
, 219
, 16
, 130
, 105
, 71
, 164
, 215
, 20
, 45
, 190
, 135
, 100
, 85
, 150
, 97
, 138
, 168
, 67
, 15
, 220
, 190
, 45
, 1
, 234
, 82
, 153
, 69
, 166
, 22
, 213
, 167
, 68
, 45
, 190
, 111
, 124
, 203
, 32
, 88
, 147
, 213
, 22
, 39
, 196
, 171
, 64
, 229
, 6
, 41
, 194
, 72
, 163
, 53
, 182
, 11
, 224
, 20
, 215
, 144
, 91
, 120
, 115
, 115
, 120
, 52
, 183
, 22
, 213
, 42
, 193
, 65
, 170
, 169
, 66
, 205
, 30
, 171
, 64
, 201
, 34
, 14
, 221
, 97
, 138
, 43
, 192
, 75
, 160
, 178
, 57
, 113
, 122
, 133
, 102
, 222
, 13
, 52
, 183
, 70
, 165
, 31
, 204
, 56
, 179
, 154
, 81
, 29
, 206
, 119
, 116
, 224
, 11
, 179
, 56
, 153
, 82
, 228
, 7
, 64
, 171
, 148
, 87
, 100
, 135
, 6
, 229
, 103
, 132
, 209
, 26
, 16
, 219
, 180
, 55
, 171
, 64
, 33
, 202
, 111
, 124
, 165
, 70
, 54
, 181
, 211
, 24
, 48
, 187
, 58
, 177
, 232
, 3
, 149
, 86
, 125
, 110
, 118
, 117
, 181
, 54
, 118
, 117
, 233
, 2
, 67
, 168
, 176
, 59
, 196
, 39
, 25
, 210
, 128
, 107
, 47
, 188
, 220
, 15
, 90
, 145
, 9
, 226
, 89
, 146
, 182
, 53
, 27
, 208
, 87
, 148
, 132
, 103
, 44
, 191
, 54
, 181
, 54
, 181
, 167
, 68
, 69
, 166
, 54
, 181
, 164
, 71
, 99
, 136
, 67
, 168
, 15
, 220
, 16
, 219
, 17
, 218
, 46
, 189
, 143
, 92
, 128
, 107
, 195
, 40
, 228
, 7
, 21
, 214
, 164
, 71
, 11
, 224
, 215
, 20
, 13
, 222
, 103
, 132
, 210
, 25
, 126
, 109
, 156
, 79
, 182
, 53
, 98
, 137
, 111
, 124
, 41
, 194
, 185
, 50
, 90
, 145
, 12
, 223
, 225
, 10
, 159
, 76
, 31
, 204
, 11
, 224
, 79
, 156
, 197
, 38
, 1
, 234
, 182
, 53
, 19
, 216
, 195
, 40
, 180
, 55
, 58
, 177
, 183
, 52
, 50
, 185
, 189
, 46
, 58
, 177
, 134
, 101
, 121
, 114
, 162
, 73
, 172
, 63
, 218
, 17
, 147
, 88
, 61
, 174
, 226
, 9
, 89
, 146
, 147
, 88
, 233
, 2
, 70
, 165
, 124
, 111
, 232
, 3
, 72
, 163
, 228
, 7
, 58
, 177
, 153
, 82
, 30
, 205
, 151
, 84
, 136
, 99
, 107
, 128
, 17
, 218
, 134
, 101
, 4
, 231
, 10
, 225
, 45
, 190
, 200
, 35
, 175
, 60
, 66
, 169
, 34
, 201
, 158
, 77
, 41
, 194
, 194
, 41
, 150
, 85
, 175
, 60
, 233
, 2
, 74
, 161
, 66
, 169
, 154
, 81
, 114
, 121
, 62
, 173
, 36
, 199
, 207
, 28
, 73
, 162
, 9
, 226
, 98
, 137
, 34
, 201
, 63
, 172
, 28
, 207
, 74
, 161
, 26
, 209
, 98
, 137
, 39
, 196
, 187
, 48
, 110
, 125
, 172
, 63
, 190
, 45
, 13
, 222
, 57
, 178
, 75
, 160
, 184
, 51
, 210
, 25
, 153
, 82
, 183
, 52
, 159
, 76
, 54
, 181
, 121
, 114
, 232
, 3
, 30
, 205
, 23
, 212
, 53
, 182
, 48
, 187
, 163
, 72
, 167
, 68
, 180
, 55
, 225
, 10
, 75
, 160
, 124
, 111
, 68
, 167
, 129
, 106
, 160
, 75
, 161
, 74
, 110
, 125
, 119
, 116
, 154
, 81
, 232
, 3
, 174
, 61
, 191
, 44
, 80
, 155
, 170
, 65
, 211
, 24
, 207
, 28
, 141
, 94
, 92
, 143
, 57
, 178
, 37
, 198
, 87
, 148
, 89
, 146
, 83
, 152
, 178
, 57
, 176
, 59
, 202
, 33
, 193
, 42
, 167
, 68
, 40
, 195
, 186
, 49
, 16
, 219
, 149
, 86
, 151
, 84
, 162
, 73
, 11
, 224
, 225
, 10
, 163
, 72
, 85
, 150
, 102
, 133
, 99
, 136
, 206
, 29
, 116
, 119
, 161
, 74
, 195
, 40
, 159
, 76
, 163
, 72
, 211
, 24
, 227
, 8
, 213
, 22
, 93
, 142
, 103
, 132
, 55
, 180
, 84
, 151
, 210
, 25
, 15
, 220
, 53
, 182
, 96
, 139
, 134
, 101
, 24
, 211
, 205
, 30
, 29
, 206
, 59
, 176
, 162
, 73
, 159
, 76
, 130
, 105
, 190
, 45
, 226
, 9
, 158
, 77
, 126
, 109
, 220
, 15
, 190
, 45
, 101
, 134
, 225
, 10
, 179
, 56
, 127
, 108
, 196
, 39
, 60
, 175
, 124
, 111
, 136
, 99
, 70
, 165
, 178
, 57
, 106
, 129
, 111
, 124
, 5
, 230
, 171
, 64
, 188
, 47
, 27
, 208
, 61
, 174
, 174
, 61
, 5
, 230
, 16
, 219
, 112
, 123
, 128
, 107
, 17
, 218
, 221
, 14
, 110
, 125
, 22
, 213
, 65
, 170
, 34
, 201
, 232
, 3
, 160
, 75
, 74
, 161
, 205
, 30
, 215
, 20
, 55
, 180
, 205
, 30
, 9
, 226
, 29
, 206
, 167
, 68
, 217
, 18
, 145
, 90
, 144
, 91
, 202
, 33
, 186
, 49
, 200
, 35
, 14
, 221
, 75
, 160
, 219
, 16
, 178
, 57
, 162
, 73
, 186
, 49
, 225
, 10
, 147
, 88
, 232
, 3
, 216
, 19
, 212
, 23
, 229
, 6
, 213
, 22
, 63
, 172
, 31
, 204
, 226
, 9
, 163
, 72
, 1
, 234
, 176
, 59
, 202
, 33
, 162
, 73
, 130
, 105
, 109
, 126
, 207
, 28
, 213
, 22
, 26
, 209
, 96
, 139
, 193
, 42
, 96
, 139
, 217
, 18
, 145
, 90
, 213
, 22
, 167
, 68
, 121
, 114
, 96
, 139
, 179
, 56
, 77
, 158
, 199
, 36
, 203
, 32
, 191
, 44
, 15
, 220
, 188
, 47
, 27
, 208
, 212
, 23
, 153
, 82
, 84
, 151
, 51
, 184
, 139
, 96
, 225
, 10
, 166
, 69
, 115
, 120
, 221
, 14
, 155
, 80
, 158
, 77
, 13
, 222
, 189
, 46
, 203
, 32
, 120
, 115
, 205
, 30
, 31
, 204
, 128
, 107
, 10
, 225
, 75
, 160
, 222
, 13
, 103
, 132
, 206
, 29
, 223
, 12
, 139
, 96
, 206
, 29
, 86
, 149
, 191
, 44
, 169
, 66
, 137
, 98
, 55
, 180
, 167
, 68
, 216
, 19
, 109
, 126
, 78
, 157
, 81
, 154
, 66
, 169
, 152
, 83
, 77
, 158
, 13
, 222
, 141
, 94
, 44
, 191
, 58
, 177
, 232
, 3
, 139
, 96
, 136
, 99
, 60
, 175
, 51
, 184
, 166
, 69
, 97
, 138
, 8
, 227
, 142
, 93
, 44
, 191
, 203
, 32
, 140
, 95
, 219
, 16
, 123
, 112
, 49
, 186
, 24
, 211
, 50
, 185
, 43
, 192
, 6
, 229
, 127
, 108
, 122
, 113
, 117
, 118
, 69
, 166
, 39
, 196
, 14
, 221
, 26
, 209
, 133
, 102
, 121
, 114
, 194
, 41
, 9
, 226
, 103
, 132
, 99
, 136
, 33
, 202
, 50
, 185
, 23
, 212
, 7
, 228
, 210
, 25
, 127
, 108
, 217
, 18
, 32
, 203
, 175
, 60
, 92
, 143
, 215
, 20
, 50
, 185
, 23
, 212
, 207
, 28
, 75
, 160
, 7
, 228
, 197
, 38
, 20
, 215
, 172
, 63
, 53
, 182
, 110
, 125
, 25
, 210
, 214
, 21
, 90
, 145
, 197
, 38
, 149
, 86
, 232
, 3
, 113
, 122
, 133
, 102
, 80
, 155
, 214
, 21
, 193
, 42
, 78
, 157
, 82
, 153
, 158
, 77
, 100
, 135
, 61
, 174
, 26
, 209
, 111
, 124
, 191
, 44
, 71
, 164
, 120
, 115
, 191
, 44
, 118
, 117
, 62
, 173
, 44
, 191
, 131
, 104
, 224
, 11
, 206
, 29
, 157
, 78
, 217
, 18
, 124
, 111
, 144
, 91
, 114
, 121
, 228
, 7
, 69
, 166
, 52
, 183
, 10
, 225
, 210
, 25
, 65
, 170
, 111
, 124
, 104
, 131
, 53
, 182
, 97
, 138
, 131
, 104
, 196
, 39
, 189
, 46
, 100
, 135
, 191
, 44
, 25
, 210
, 178
, 57
, 2
, 233
, 221
, 14
, 35
, 200
, 200
, 35
, 4
, 231
, 95
, 140
, 130
, 105
, 181
, 54
, 94
, 141
, 149
, 86
, 6
, 229
, 217
, 18
, 67
, 168
, 146
, 89
, 196
, 39
, 176
, 59
, 15
, 220
, 21
, 214
, 92
, 143
, 65
, 170
, 133
, 102
, 47
, 188
, 100
, 135
, 37
, 198
, 220
, 15
, 214
, 21
, 35
, 200
, 5
, 230
, 78
, 157
, 143
, 92
, 149
, 86
, 85
, 150
, 83
, 152
, 29
, 206
, 172
, 63
, 227
, 8
, 143
, 92
, 128
, 107
, 196
, 39
, 119
, 116
, 121
, 114
, 148
, 87
, 79
, 156
, 111
, 124
, 49
, 186
, 210
, 25
, 213
, 22
, 210
, 25
, 77
, 158
, 39
, 196
, 57
, 178
, 139
, 96
, 59
, 176
, 132
, 103
, 231
, 4
, 148
, 87
, 13
, 222
, 51
, 184
, 174
, 61
, 32
, 203
, 54
, 181
, 213
, 22
, 34
, 201
, 31
, 204
, 220
, 15
, 143
, 92
, 80
, 155
, 178
, 57
, 129
, 106
, 219
, 16
, 78
, 157
, 56
, 179
, 227
, 8
, 52
, 183
, 159
, 76
, 61
, 174
, 147
, 88
, 71
, 164
, 61
, 174
, 36
, 199
, 162
, 73
, 46
, 189
, 202
, 33
, 233
, 2
, 119
, 116
, 15
, 220
, 114
, 121
, 90
, 145
, 23
, 212
, 140
, 95
, 41
, 194
, 119
, 116
, 127
, 108
, 46
, 189
, 84
, 151
, 164
, 71
, 25
, 210
, 6
, 229
, 182
, 53
, 223
, 12
, 12
, 223
, 175
, 60
, 4
, 231
, 62
, 173
, 74
, 161
, 41
, 194
, 129
, 106
, 51
, 184
, 178
, 57
, 84
, 151
, 3
, 232
, 179
, 56
, 32
, 203
, 7
, 228
, 90
, 145
, 84
, 151
, 215
, 20
, 210
, 25
, 46
, 189
, 111
, 124
, 193
, 42
, 210
, 25
, 199
, 36
, 158
, 77
, 177
, 58
, 205
, 30
, 157
, 78
, 150
, 85
, 52
, 183
, 68
, 167
, 10
, 225
, 192
, 43
, 221
, 14
, 146
, 89
, 35
, 200
, 20
, 215
, 95
, 140
, 217
, 18
, 26
, 209
, 90
, 145
, 218
, 17
, 151
, 84
, 142
, 93
, 35
, 200
, 53
, 182
, 160
, 75
, 37
, 198
, 77
, 158
, 200
, 35
, 109
, 126
, 203
, 32
, 24
, 211
, 99
, 136
, 1
, 234
, 166
, 69
, 54
, 181
, 151
, 84
, 174
, 61
, 17
, 218
, 226
, 9
, 34
, 201
, 21
, 214
, 110
, 125
, 147
, 88
, 22
, 213
, 185
, 50
, 151
, 84
, 204
, 31
, 174
, 61
, 155
, 80
, 78
, 157
, 105
, 130
, 105
, 130
, 23
, 212
, 27
, 208
, 106
, 129
, 65
, 170
, 85
, 150
, 50
, 185
, 170
, 65
, 23
, 212
, 4
, 231
, 42
, 193
, 151
, 84
, 125
, 110
, 117
, 118
, 95
, 140
, 104
, 131
, 231
, 4
, 147
, 88
, 227
, 8
, 58
, 177
, 121
, 114
, 72
, 163
, 76
, 159
, 93
, 142
, 105
, 130
, 34
, 201
, 172
, 63
, 29
, 206
, 102
, 133
, 50
, 185
, 64
, 171
, 35
, 200
, 112
, 123
, 147
, 88
, 97
, 138
, 127
, 108
, 57
, 178
, 189
, 46
, 99
, 136
, 206
, 29
, 216
, 19
, 36
, 199
, 182
, 53
, 191
, 44
, 60
, 175
, 74
, 161
, 141
, 94
, 44
, 191
, 134
, 101
, 66
, 169
, 19
, 216
, 78
, 157
, 15
, 220
, 56
, 179
, 75
, 160
, 178
, 57
, 172
, 63
, 185
, 50
, 231
, 4
, 10
, 225
, 169
, 66
, 173
, 62
, 102
, 133
, 206
, 29
, 12
, 223
, 7
, 228
, 36
, 199
, 139
, 96
, 111
, 124
, 154
, 81
, 228
, 7
, 187
, 48
, 230
, 5
, 185
, 50
, 220
, 15
, 156
, 79
, 206
, 29
, 49
, 186
, 132
, 103
, 201
, 34
, 221
, 14
, 185
, 50
, 161
, 74
, 228
, 7
, 152
, 83
, 228
, 7
, 104
, 131
, 177
, 58
, 49
, 186
, 158
, 77
, 125
, 110
, 178
, 57
, 109
, 126
, 74
, 161
, 190
, 45
, 22
, 213
, 157
, 78
, 62
, 173
, 215
, 20
, 199
, 36
, 149
, 86
, 220
, 15
, 82
, 153
, 26
, 209
, 33
, 202
, 111
, 124
, 147
, 88
, 158
, 77
, 19
, 216
, 213
, 22
, 175
, 60
, 50
, 185
, 184
, 51
, 52
, 183
, 228
, 7
, 184
, 51
, 27
, 208
, 8
, 227
, 56
, 179
, 6
, 229
, 79
, 156
, 153
, 82
, 193
, 42
, 212
, 23
, 198
, 37
, 131
, 104
, 144
, 91
, 152
, 83
, 95
, 140
, 82
, 153
, 68
, 167
, 103
, 132
, 205
, 30
, 229
, 6
, 42
, 193
, 78
, 157
, 18
, 217
, 60
, 175
, 26
, 209
, 59
, 176
, 131
, 104
, 30
, 205
, 86
, 149
, 84
, 151
, 171
, 64
, 212
, 23
, 169
, 66
, 182
, 53
, 166
, 69
, 23
, 212
, 50
, 185
, 37
, 198
, 167
, 68
, 107
, 128
, 7
, 228
, 51
, 184
, 33
, 202
, 207
, 28
, 233
, 2
, 23
, 212
, 149
, 86
, 175
, 60
, 196
, 39
, 233
, 2
, 32
, 203
, 21
, 214
, 227
, 8
, 77
, 158
, 159
, 76
, 74
, 161
, 187
, 48
, 143
, 92
, 35
, 200
, 62
, 173
, 113
, 122
, 57
, 178
, 160
, 75
, 196
, 39
, 96
, 139
, 158
, 77
, 216
, 19
, 125
, 110
, 48
, 187
, 202
, 33
, 6
, 229
, 201
, 34
, 201
, 34
, 183
, 52
, 106
, 129
, 141
, 94
, 176
, 59
, 17
, 218
, 144
, 91
, 128
, 107
, 20
, 215
, 59
, 176
, 49
, 186
, 229
, 6
, 10
, 225
, 108
, 127
, 227
, 8
, 154
, 81
, 127
, 108
, 222
, 13
, 172
, 63
, 176
, 59
, 34
, 201
, 61
, 174
, 125
, 110
, 51
, 184
, 13
, 222
, 54
, 181
, 137
, 98
, 62
, 173
, 68
, 167
, 47
, 188
, 160
, 75
, 49
, 186
, 181
, 54
, 56
, 179
, 87
, 148
, 99
, 136
, 165
, 70
, 52
, 183
, 195
, 40
, 98
, 137
, 104
, 131
, 121
, 114
, 26
, 209
, 31
, 204
, 136
, 99
, 195
, 40
, 110
, 125
, 47
, 188
, 88
, 147
, 212
, 23
, 176
, 59
, 40
, 195
, 168
, 67
, 226
, 9
, 119
, 116
, 216
, 19
, 136
, 99
, 8
, 227
, 177
, 58
, 209
, 26
, 225
, 10
, 93
, 142
, 180
, 55
, 221
, 14
, 174
, 61
, 169
, 66
, 2
, 233
, 218
, 17
, 48
, 187
, 201
, 34
, 85
, 150
, 171
, 64
, 28
, 207
, 65
, 170
, 133
, 102
, 46
, 189
, 81
, 154
, 226
, 9
, 224
, 11
, 168
, 67
, 194
, 41
, 144
, 91
, 219
, 16
, 25
, 210
, 152
, 83
, 131
, 104
, 163
, 72
, 43
, 192
, 68
, 167
, 162
, 73
, 6
, 229
, 59
, 176
, 161
, 74
, 90
, 145
, 75
, 160
, 9
, 226
, 117
, 118
, 13
, 222
, 74
, 161
, 230
, 5
, 83
, 152
, 163
, 72
, 65
, 170
, 217
, 18
, 181
, 54
, 27
, 208
, 94
, 141
, 61
, 174
, 214
, 21
, 19
, 216
, 105
, 130
, 107
, 128
, 70
, 165
, 152
, 83
, 162
, 73
, 64
, 171
, 60
, 175
, 46
, 189
, 159
, 76
, 132
, 103
, 81
, 154
, 83
, 152
, 199
, 36
, 46
, 189
, 30
, 205
, 84
, 151
, 107
, 128
, 4
, 231
, 131
, 104
, 116
, 119
, 9
, 226
, 147
, 88
, 27
, 208
, 121
, 114
, 184
, 51
, 78
, 157
, 121
, 114
, 60
, 175
, 110
, 125
, 103
, 132
, 118
, 117
, 133
, 102
, 110
, 125
, 145
, 90
, 217
, 18
, 69
, 166
, 157
, 78
, 218
, 17
, 147
, 88
, 170
, 65
, 223
, 12
, 67
, 168
, 89
, 146
, 189
, 46
, 50
, 185
, 102
, 133
, 43
, 192
, 62
, 173
, 41
, 194
, 200
, 35
, 44
, 191
, 94
, 141
, 140
, 95
, 207
, 28
, 104
, 131
, 13
, 222
, 148
, 87
, 46
, 189
, 37
, 198
, 180
, 55
, 226
, 9
, 1
, 234
, 166
, 69
, 186
, 49
, 99
, 136
, 190
, 45
, 222
, 13
, 36
, 199
, 175
, 60
, 199
, 36
, 165
, 70
, 31
, 204
, 201
, 34
, 61
, 174
, 210
, 25
, 72
, 163
, 29
, 206
, 207
, 28
, 59
, 176
, 117
, 118
, 99
, 136
, 23
, 212
, 88
, 147
, 59
, 176
, 117
, 118
, 156
, 79
, 188
, 47
, 163
, 72
, 38
, 197
, 218
, 17
, 161
, 74
, 47
, 188
, 47
, 188
, 154
, 81
, 17
, 218
, 39
, 196
, 185
, 50
, 116
, 119
, 43
, 192
, 49
, 186
, 92
, 143
, 23
, 212
, 191
, 44
, 31
, 204
, 128
, 107
, 153
, 82
, 209
, 26
, 51
, 184
, 59
, 176
, 10
, 225
, 193
, 42
, 157
, 78
, 16
, 219
, 176
, 59
, 17
, 218
, 89
, 146
, 137
, 98
, 162
, 73
, 90
, 145
, 156
, 79
, 70
, 165
, 190
, 45
, 119
, 116
, 115
, 120
, 128
, 107
, 192
, 43
, 32
, 203
, 15
, 220
, 213
, 22
, 76
, 159
, 103
, 132
, 99
, 136
, 123
, 112
, 94
, 141
, 89
, 146
, 155
, 80
, 62
, 173
, 9
, 226
, 30
, 205
, 69
, 166
, 221
, 14
, 227
, 8
, 228
, 7
, 200
, 35
, 78
, 157
, 73
, 162
, 77
, 158
, 66
, 169
, 14
, 221
, 84
, 151
, 81
, 154
, 101
, 134
, 167
, 68
, 126
, 109
, 70
, 165
, 80
, 155
, 209
, 26
, 19
, 216
, 43
, 192
, 146
, 89
, 12
, 223
, 125
, 110
, 135
, 100
, 44
, 191
, 4
, 231
, 31
, 204
, 220
, 15
, 145
, 90
, 93
, 142
, 205
, 30
, 227
, 8
, 103
, 132
, 215
, 20
, 111
, 124
, 71
, 164
, 197
, 38
, 90
, 145
, 17
, 218
, 12
, 223
, 112
, 123
, 114
, 121
, 24
, 211
, 95
, 140
, 157
, 78
, 78
, 157
, 60
, 175
, 158
, 77
, 176
, 59
, 30
, 205
, 192
, 43
, 25
, 210
, 98
, 137
, 22
, 213
, 37
, 198
, 25
, 210
, 172
, 63
, 201
, 34
, 7
, 228
, 211
, 24
, 1
, 234
, 174
, 61
, 60
, 175
, 89
, 146
, 134
, 101
, 116
, 119
, 209
, 26
, 117
, 118
, 135
, 100
, 160
, 75
, 223
, 12
, 53
, 182
, 27
, 208
, 208
, 27
, 1
, 234
, 171
, 64
, 117
, 118
, 25
, 210
, 168
, 67
, 190
, 45
, 80
, 155
, 31
, 204
, 51
, 184
, 20
, 215
, 17
, 218
, 83
, 152
, 32
, 203
, 57
, 178
, 101
, 134
, 12
, 223
, 200
, 35
, 221
, 14
, 93
, 142
, 79
, 156
, 117
, 118
, 231
, 4
, 129
, 106
, 178
, 57
, 25
, 210
, 204
, 31
, 175
, 60
, 42
, 193
, 16
, 219
, 65
, 170
, 32
, 203
, 150
, 85
, 155
, 80
, 66
, 169
, 163
, 72
, 135
, 100
, 65
, 170
, 17
, 218
, 180
, 55
, 100
, 135
, 102
, 133
, 97
, 138
, 107
, 128
, 41
, 194
, 84
, 151
, 158
, 77
, 68
, 167
, 159
, 76
, 31
, 204
, 131
, 104
, 88
, 147
, 214
, 21
, 44
, 191
, 34
, 201
, 183
, 52
, 8
, 227
, 73
, 162
, 217
, 18
, 219
, 16
, 27
, 208
, 31
, 204
, 99
, 136
, 92
, 143
, 213
, 22
, 39
, 196
, 51
, 184
, 34
, 201
, 45
, 190
, 50
, 185
, 102
, 133
, 104
, 131
, 189
, 46
, 24
, 211
, 102
, 133
, 93
, 142
, 153
, 82
, 55
, 180
, 90
, 145
, 164
, 71
, 42
, 193
, 108
, 127
, 119
, 116
, 117
, 118
, 105
, 130
, 213
, 22
, 53
, 182
, 69
, 166
, 19
, 216
, 16
, 219
, 157
, 78
, 164
, 71
, 5
, 230
, 150
, 85
, 208
, 27
, 78
, 157
, 17
, 218
, 89
, 146
, 60
, 175
, 47
, 188
, 50
, 185
, 207
, 28
, 126
, 109
, 88
, 147
, 78
, 157
, 134
, 101
, 139
, 96
, 202
, 33
, 155
, 80
, 226
, 9
, 216
, 19
, 86
, 149
, 229
, 6
, 118
, 117
, 115
, 120
, 180
, 55
, 79
, 156
, 18
, 217
, 216
, 19
, 110
, 125
, 61
, 174
, 227
, 8
, 130
, 105
, 214
, 21
, 131
, 104
, 144
, 91
, 73
, 162
, 70
, 165
, 15
, 220
, 54
, 181
, 141
, 94
, 96
, 139
, 200
, 35
, 210
, 25
, 100
, 135
, 139
, 96
, 60
, 175
, 81
, 154
, 232
, 3
, 16
, 219
, 97
, 138
, 38
, 197
, 34
, 201
, 14
, 221
, 55
, 180
, 179
, 56
, 203
, 32
, 86
, 149
, 175
, 60
, 106
, 129
, 36
, 199
, 6
, 229
, 127
, 108
, 99
, 136
, 170
, 65
, 92
, 143
, 110
, 125
, 29
, 206
, 131
, 104
, 145
, 90
, 158
, 77
, 230
, 5
, 129
, 106
, 63
, 172
, 171
, 64
, 83
, 152
, 226
, 9
, 165
, 70
, 211
, 24
, 68
, 167
, 45
, 190
, 187
, 48
, 178
, 57
, 127
, 108
, 231
, 4
, 137
, 98
, 28
, 207
, 10
, 225
, 107
, 128
, 137
, 98
, 202
, 33
, 158
, 77
, 53
, 182
, 193
, 42
, 127
, 108
, 5
, 230
, 51
, 184
, 157
, 78
, 1
, 234
, 129
, 106
, 145
, 90
, 133
, 102
, 186
, 49
, 3
, 232
, 108
, 127
, 230
, 5
, 201
, 34
, 189
, 46
, 89
, 146
, 174
, 61
, 76
, 159
, 170
, 65
, 64
, 171
, 68
, 167
, 54
, 181
, 20
, 215
, 33
, 202
, 157
, 78
, 53
, 182
, 135
, 100
, 41
, 194
, 70
, 165
, 225
, 10
, 223
, 12
, 104
, 131
, 222
, 13
, 102
, 133
, 98
, 137
, 121
, 114
, 219
, 16
, 189
, 46
, 189
, 46
, 72
, 163
, 66
, 169
, 94
, 141
, 183
, 52
, 6
, 229
, 16
, 219
, 51
, 184
, 90
, 145
, 11
, 224
, 157
, 78
, 49
, 186
, 218
, 17
, 201
, 34
, 229
, 6
, 42
, 193
, 38
, 197
, 116
, 119
