
2830
, 102
, 185
, 10
, 277
, 271
, 16
, 198
, 89
, 135
, 152
, 97
, 190
, 55
, 232
, 169
, 118
, 24
, 263
, 197
, 90
, 145
, 142
, 141
, 146
, 248
, 39
, 104
, 183
, 93
, 194
, 179
, 108
, 201
, 86
, 30
, 257
, 283
, 4
, 227
, 60
, 122
, 165
, 211
, 76
, 264
, 23
, 44
, 243
, 65
, 222
, 162
, 125
, 228
, 59
, 7
, 280
, 114
, 173
, 102
, 185
, 149
, 138
, 63
, 224
, 14
, 273
, 251
, 36
, 255
, 32
, 212
, 75
, 222
, 65
, 109
, 178
, 130
, 157
, 84
, 203
, 30
, 257
, 90
, 197
, 199
, 88
, 201
, 86
, 153
, 134
, 43
, 244
, 197
, 90
, 166
, 121
, 101
, 186
, 50
, 237
, 151
, 136
, 228
, 59
, 147
, 140
, 113
, 174
, 163
, 124
, 46
, 241
, 122
, 165
, 25
, 262
, 202
, 85
, 283
, 4
, 272
, 15
, 84
, 203
, 207
, 80
, 96
, 191
, 283
, 4
, 173
, 114
, 149
, 138
, 271
, 16
, 195
, 92
, 49
, 238
, 199
, 88
, 240
, 47
, 99
, 188
, 94
, 193
, 250
, 37
, 103
, 184
, 157
, 130
, 195
, 92
, 62
, 225
, 196
, 91
, 128
, 159
, 231
, 56
, 180
, 107
, 132
, 155
, 18
, 269
, 95
, 192
, 251
, 36
, 107
, 180
, 126
, 161
, 11
, 276
, 35
, 252
, 264
, 23
, 91
, 196
, 64
, 223
, 142
, 145
, 138
, 149
, 40
, 247
, 57
, 230
, 44
, 243
, 214
, 73
, 87
, 200
, 76
, 211
, 192
, 95
, 171
, 116
, 141
, 146
, 241
, 46
, 267
, 20
, 209
, 78
, 55
, 232
, 204
, 83
, 84
, 203
, 194
, 93
, 175
, 112
, 141
, 146
, 207
, 80
, 194
, 93
, 3
, 284
, 151
, 136
, 58
, 229
, 83
, 204
, 105
, 182
, 245
, 42
, 230
, 57
, 223
, 64
, 5
, 282
, 192
, 95
, 132
, 155
, 138
, 149
, 276
, 11
, 209
, 78
, 268
, 19
, 40
, 247
, 260
, 27
, 181
, 106
, 284
, 3
, 95
, 192
, 170
, 117
, 127
, 160
, 3
, 284
, 44
, 243
, 197
, 90
, 151
, 136
, 126
, 161
, 56
, 231
, 283
, 4
, 192
, 95
, 87
, 200
, 155
, 132
, 186
, 101
, 170
, 117
, 74
, 213
, 236
, 51
, 10
, 277
, 161
, 126
, 56
, 231
, 123
, 164
, 168
, 119
, 8
, 279
, 54
, 233
, 36
, 251
, 102
, 185
, 97
, 190
, 157
, 130
, 132
, 155
, 78
, 209
, 261
, 26
, 213
, 74
, 95
, 192
, 203
, 84
, 215
, 72
, 174
, 113
, 261
, 26
, 130
, 157
, 41
, 246
, 157
, 130
, 245
, 42
, 166
, 121
, 71
, 216
, 245
, 42
, 232
, 55
, 202
, 85
, 50
, 237
, 151
, 136
, 138
, 149
, 135
, 152
, 230
, 57
, 30
, 257
, 82
, 205
, 19
, 268
, 133
, 154
, 39
, 248
, 152
, 135
, 278
, 9
, 185
, 102
, 175
, 112
, 4
, 283
, 200
, 87
, 214
, 73
, 168
, 119
, 20
, 267
, 161
, 126
, 7
, 280
, 19
, 268
, 266
, 21
, 17
, 270
, 210
, 77
, 145
, 142
, 204
, 83
, 255
, 32
, 12
, 275
, 210
, 77
, 199
, 88
, 241
, 46
, 27
, 260
, 81
, 206
, 29
, 258
, 173
, 114
, 207
, 80
, 225
, 62
, 132
, 155
, 216
, 71
, 175
, 112
, 240
, 47
, 142
, 145
, 78
, 209
, 138
, 149
, 161
, 126
, 94
, 193
, 12
, 275
, 223
, 64
, 69
, 218
, 194
, 93
, 94
, 193
, 241
, 46
, 80
, 207
, 210
, 77
, 10
, 277
, 158
, 129
, 9
, 278
, 99
, 188
, 39
, 248
, 152
, 135
, 94
, 193
, 141
, 146
, 97
, 190
, 193
, 94
, 140
, 147
, 108
, 179
, 268
, 19
, 260
, 27
, 197
, 90
, 124
, 163
, 179
, 108
, 132
, 155
, 183
, 104
, 110
, 177
, 85
, 202
, 130
, 157
, 36
, 251
, 40
, 247
, 50
, 237
, 151
, 136
, 70
, 217
, 46
, 241
, 241
, 46
, 223
, 64
, 60
, 227
, 228
, 59
, 51
, 236
, 110
, 177
, 28
, 259
, 45
, 242
, 44
, 243
, 113
, 174
, 162
, 125
, 130
, 157
, 162
, 125
, 102
, 185
, 159
, 128
, 107
, 180
, 276
, 11
, 102
, 185
, 223
, 64
, 30
, 257
, 209
, 78
, 172
, 115
, 38
, 249
, 157
, 130
, 250
, 37
, 134
, 153
, 190
, 97
, 258
, 29
, 20
, 267
, 85
, 202
, 33
, 254
, 251
, 36
, 173
, 114
, 135
, 152
, 241
, 46
, 58
, 229
, 225
, 62
, 8
, 279
, 117
, 170
, 57
, 230
, 22
, 265
, 255
, 32
, 224
, 63
, 25
, 262
, 78
, 209
, 261
, 26
, 123
, 164
, 246
, 41
, 203
, 84
, 186
, 101
, 150
, 137
, 233
, 54
, 81
, 206
, 48
, 239
, 43
, 244
, 253
, 34
, 150
, 137
, 4
, 283
, 244
, 43
, 147
, 140
, 47
, 240
, 26
, 261
, 59
, 228
, 146
, 141
, 265
, 22
, 239
, 48
, 148
, 139
, 154
, 133
, 125
, 162
, 157
, 130
, 216
, 71
, 109
, 178
, 105
, 182
, 283
, 4
, 170
, 117
, 177
, 110
, 248
, 39
, 106
, 181
, 98
, 189
, 64
, 223
, 239
, 48
, 57
, 230
, 65
, 222
, 157
, 130
, 207
, 80
, 117
, 170
, 177
, 110
, 105
, 182
, 237
, 50
, 161
, 126
, 74
, 213
, 283
, 4
, 274
, 13
, 66
, 221
, 226
, 61
, 278
, 9
, 272
, 15
, 66
, 221
, 281
, 6
, 226
, 61
, 256
, 31
, 118
, 169
, 173
, 114
, 201
, 86
, 215
, 72
, 36
, 251
, 209
, 78
, 205
, 82
, 99
, 188
, 28
, 259
, 237
, 50
, 144
, 143
, 196
, 91
, 82
, 205
, 220
, 67
, 242
, 45
, 198
, 89
, 258
, 29
, 268
, 19
, 22
, 265
, 244
, 43
, 124
, 163
, 168
, 119
, 86
, 201
, 205
, 82
, 275
, 12
, 43
, 244
, 29
, 258
, 14
, 273
, 144
, 143
, 143
, 144
, 268
, 19
, 75
, 212
, 118
, 169
, 167
, 120
, 199
, 88
, 250
, 37
, 114
, 173
, 48
, 239
, 110
, 177
, 40
, 247
, 11
, 276
, 126
, 161
, 210
, 77
, 177
, 110
, 53
, 234
, 284
, 3
, 123
, 164
, 179
, 108
, 161
, 126
, 84
, 203
, 231
, 56
, 75
, 212
, 282
, 5
, 27
, 260
, 265
, 22
, 184
, 103
, 231
, 56
, 114
, 173
, 107
, 180
, 215
, 72
, 230
, 57
, 147
, 140
, 42
, 245
, 49
, 238
, 15
, 272
, 49
, 238
, 256
, 31
, 37
, 250
, 56
, 231
, 136
, 151
, 176
, 111
, 159
, 128
, 272
, 15
, 156
, 131
, 32
, 255
, 198
, 89
, 254
, 33
, 248
, 39
, 285
, 2
, 223
, 64
, 127
, 160
, 79
, 208
, 88
, 199
, 52
, 235
, 110
, 177
, 243
, 44
, 192
, 95
, 23
, 264
, 92
, 195
, 12
, 275
, 17
, 270
, 11
, 276
, 181
, 106
, 160
, 127
, 53
, 234
, 147
, 140
, 280
, 7
, 204
, 83
, 249
, 38
, 188
, 99
, 215
, 72
, 132
, 155
, 1
, 286
, 57
, 230
, 35
, 252
, 35
, 252
, 276
, 11
, 51
, 236
, 235
, 52
, 256
, 31
, 252
, 35
, 7
, 280
, 75
, 212
, 34
, 253
, 65
, 222
, 191
, 96
, 225
, 62
, 139
, 148
, 162
, 125
, 156
, 131
, 84
, 203
, 132
, 155
, 209
, 78
, 189
, 98
, 97
, 190
, 7
, 280
, 266
, 21
, 231
, 56
, 71
, 216
, 246
, 41
, 274
, 13
, 257
, 30
, 260
, 27
, 119
, 168
, 11
, 276
, 149
, 138
, 173
, 114
, 165
, 122
, 38
, 249
, 182
, 105
, 117
, 170
, 19
, 268
, 159
, 128
, 95
, 192
, 32
, 255
, 101
, 186
, 145
, 142
, 281
, 6
, 127
, 160
, 47
, 240
, 96
, 191
, 258
, 29
, 129
, 158
, 88
, 199
, 114
, 173
, 203
, 84
, 186
, 101
, 32
, 255
, 121
, 166
, 2
, 285
, 168
, 119
, 207
, 80
, 17
, 270
, 205
, 82
, 143
, 144
, 71
, 216
, 110
, 177
, 76
, 211
, 211
, 76
, 91
, 196
, 101
, 186
, 248
, 39
, 126
, 161
, 128
, 159
, 89
, 198
, 34
, 253
, 228
, 59
, 18
, 269
, 135
, 152
, 58
, 229
, 82
, 205
, 276
, 11
, 72
, 215
, 203
, 84
, 169
, 118
, 217
, 70
, 119
, 168
, 188
, 99
, 50
, 237
, 161
, 126
, 45
, 242
, 207
, 80
, 198
, 89
, 198
, 89
, 232
, 55
, 100
, 187
, 25
, 262
, 124
, 163
, 200
, 87
, 260
, 27
, 280
, 7
, 100
, 187
, 24
, 263
, 141
, 146
, 118
, 169
, 157
, 130
, 117
, 170
, 247
, 40
, 129
, 158
, 7
, 280
, 195
, 92
, 10
, 277
, 244
, 43
, 69
, 218
, 202
, 85
, 102
, 185
, 181
, 106
, 65
, 222
, 158
, 129
, 162
, 125
, 10
, 277
, 262
, 25
, 238
, 49
, 222
, 65
, 193
, 94
, 22
, 265
, 145
, 142
, 285
, 2
, 197
, 90
, 101
, 186
, 32
, 255
, 229
, 58
, 21
, 266
, 99
, 188
, 129
, 158
, 234
, 53
, 67
, 220
, 221
, 66
, 187
, 100
, 59
, 228
, 176
, 111
, 215
, 72
, 197
, 90
, 99
, 188
, 202
, 85
, 139
, 148
, 116
, 171
, 190
, 97
, 276
, 11
, 87
, 200
, 196
, 91
, 244
, 43
, 240
, 47
, 29
, 258
, 181
, 106
, 109
, 178
, 19
, 268
, 117
, 170
, 239
, 48
, 190
, 97
, 172
, 115
, 75
, 212
, 253
, 34
, 203
, 84
, 102
, 185
, 197
, 90
, 136
, 151
, 223
, 64
, 124
, 163
, 230
, 57
, 63
, 224
, 179
, 108
, 79
, 208
, 230
, 57
, 285
, 2
, 97
, 190
, 233
, 54
, 52
, 235
, 125
, 162
, 17
, 270
, 1
, 286
, 30
, 257
, 184
, 103
, 131
, 156
, 161
, 126
, 73
, 214
, 75
, 212
, 122
, 165
, 147
, 140
, 267
, 20
, 158
, 129
, 196
, 91
, 208
, 79
, 266
, 21
, 129
, 158
, 112
, 175
, 51
, 236
, 213
, 74
, 26
, 261
, 66
, 221
, 258
, 29
, 55
, 232
, 144
, 143
, 18
, 269
, 120
, 167
, 209
, 78
, 127
, 160
, 68
, 219
, 183
, 104
, 89
, 198
, 262
, 25
, 176
, 111
, 40
, 247
, 68
, 219
, 172
, 115
, 51
, 236
, 175
, 112
, 267
, 20
, 284
, 3
, 181
, 106
, 73
, 214
, 231
, 56
, 242
, 45
, 249
, 38
, 265
, 22
, 80
, 207
, 226
, 61
, 205
, 82
, 22
, 265
, 76
, 211
, 234
, 53
, 262
, 25
, 40
, 247
, 213
, 74
, 154
, 133
, 5
, 282
, 239
, 48
, 266
, 21
, 283
, 4
, 149
, 138
, 4
, 283
, 16
, 271
, 4
, 283
, 79
, 208
, 204
, 83
, 80
, 207
, 189
, 98
, 54
, 233
, 248
, 39
, 158
, 129
, 90
, 197
, 172
, 115
, 219
, 68
, 213
, 74
, 267
, 20
, 207
, 80
, 55
, 232
, 12
, 275
, 215
, 72
, 158
, 129
, 227
, 60
, 134
, 153
, 65
, 222
, 118
, 169
, 181
, 106
, 103
, 184
, 29
, 258
, 87
, 200
, 259
, 28
, 220
, 67
, 128
, 159
, 144
, 143
, 271
, 16
, 1
, 286
, 257
, 30
, 284
, 3
, 77
, 210
, 70
, 217
, 49
, 238
, 107
, 180
, 91
, 196
, 45
, 242
, 104
, 183
, 38
, 249
, 136
, 151
, 164
, 123
, 270
, 17
, 173
, 114
, 181
, 106
, 6
, 281
, 24
, 263
, 123
, 164
, 8
, 279
, 76
, 211
, 283
, 4
, 140
, 147
, 131
, 156
, 263
, 24
, 267
, 20
, 160
, 127
, 174
, 113
, 150
, 137
, 32
, 255
, 75
, 212
, 278
, 9
, 93
, 194
, 146
, 141
, 23
, 264
, 256
, 31
, 176
, 111
, 255
, 32
, 41
, 246
, 139
, 148
, 44
, 243
, 159
, 128
, 122
, 165
, 224
, 63
, 101
, 186
, 284
, 3
, 216
, 71
, 116
, 171
, 96
, 191
, 17
, 270
, 6
, 281
, 50
, 237
, 101
, 186
, 280
, 7
, 252
, 35
, 68
, 219
, 175
, 112
, 28
, 259
, 148
, 139
, 63
, 224
, 65
, 222
, 216
, 71
, 234
, 53
, 199
, 88
, 173
, 114
, 91
, 196
, 102
, 185
, 121
, 166
, 231
, 56
, 196
, 91
, 226
, 61
, 47
, 240
, 217
, 70
, 281
, 6
, 268
, 19
, 173
, 114
, 253
, 34
, 114
, 173
, 6
, 281
, 173
, 114
, 145
, 142
, 128
, 159
, 70
, 217
, 160
, 127
, 9
, 278
, 213
, 74
, 199
, 88
, 131
, 156
, 20
, 267
, 73
, 214
, 71
, 216
, 14
, 273
, 176
, 111
, 15
, 272
, 210
, 77
, 31
, 256
, 185
, 102
, 232
, 55
, 268
, 19
, 229
, 58
, 140
, 147
, 164
, 123
, 285
, 2
, 249
, 38
, 133
, 154
, 57
, 230
, 164
, 123
, 196
, 91
, 230
, 57
, 275
, 12
, 146
, 141
, 139
, 148
, 276
, 11
, 28
, 259
, 170
, 117
, 27
, 260
, 196
, 91
, 240
, 47
, 256
, 31
, 168
, 119
, 222
, 65
, 112
, 175
, 135
, 152
, 38
, 249
, 71
, 216
, 248
, 39
, 104
, 183
, 274
, 13
, 30
, 257
, 168
, 119
, 91
, 196
, 107
, 180
, 122
, 165
, 157
, 130
, 32
, 255
, 273
, 14
, 157
, 130
, 72
, 215
, 100
, 187
, 151
, 136
, 30
, 257
, 226
, 61
, 205
, 82
, 32
, 255
, 136
, 151
, 15
, 272
, 262
, 25
, 18
, 269
, 241
, 46
, 120
, 167
, 42
, 245
, 33
, 254
, 206
, 81
, 52
, 235
, 284
, 3
, 244
, 43
, 273
, 14
, 210
, 77
, 273
, 14
, 118
, 169
, 81
, 206
, 114
, 173
, 51
, 236
, 69
, 218
, 57
, 230
, 277
, 10
, 70
, 217
, 97
, 190
, 140
, 147
, 61
, 226
, 232
, 55
, 109
, 178
, 57
, 230
, 284
, 3
, 125
, 162
, 63
, 224
, 109
, 178
, 56
, 231
, 79
, 208
, 277
, 10
, 114
, 173
, 127
, 160
, 70
, 217
, 278
, 9
, 114
, 173
, 221
, 66
, 233
, 54
, 202
, 85
, 249
, 38
, 282
, 5
, 119
, 168
, 78
, 209
, 178
, 109
, 29
, 258
, 107
, 180
, 248
, 39
, 92
, 195
, 35
, 252
, 78
, 209
, 188
, 99
, 262
, 25
, 164
, 123
, 69
, 218
, 127
, 160
, 200
, 87
, 284
, 3
, 271
, 16
, 197
, 90
, 179
, 108
, 284
, 3
, 280
, 7
, 225
, 62
, 68
, 219
, 228
, 59
, 162
, 125
, 112
, 175
, 275
, 12
, 234
, 53
, 196
, 91
, 55
, 232
, 54
, 233
, 251
, 36
, 65
, 222
, 261
, 26
, 159
, 128
, 1
, 286
, 212
, 75
, 152
, 135
, 102
, 185
, 185
, 102
, 199
, 88
, 231
, 56
, 113
, 174
, 96
, 191
, 22
, 265
, 218
, 69
, 249
, 38
, 59
, 228
, 225
, 62
, 32
, 255
, 82
, 205
, 266
, 21
, 84
, 203
, 101
, 186
, 42
, 245
, 196
, 91
, 229
, 58
, 258
, 29
, 122
, 165
, 257
, 30
, 124
, 163
, 54
, 233
, 212
, 75
, 281
, 6
, 12
, 275
, 41
, 246
, 224
, 63
, 65
, 222
, 15
, 272
, 160
, 127
, 164
, 123
, 35
, 252
, 179
, 108
, 133
, 154
, 192
, 95
, 21
, 266
, 153
, 134
, 194
, 93
, 149
, 138
, 224
, 63
, 159
, 128
, 63
, 224
, 18
, 269
, 54
, 233
, 151
, 136
, 186
, 101
, 157
, 130
, 215
, 72
, 242
, 45
, 22
, 265
, 196
, 91
, 187
, 100
, 105
, 182
, 74
, 213
, 45
, 242
, 179
, 108
, 20
, 267
, 12
, 275
, 114
, 173
, 121
, 166
, 267
, 20
, 120
, 167
, 253
, 34
, 182
, 105
, 242
, 45
, 7
, 280
, 90
, 197
, 40
, 247
, 139
, 148
, 20
, 267
, 228
, 59
, 61
, 226
, 17
, 270
, 187
, 100
, 168
, 119
, 6
, 281
, 79
, 208
, 217
, 70
, 44
, 243
, 107
, 180
, 6
, 281
, 46
, 241
, 183
, 104
, 161
, 126
, 250
, 37
, 37
, 250
, 174
, 113
, 175
, 112
, 119
, 168
, 6
, 281
, 15
, 272
, 97
, 190
, 137
, 150
, 181
, 106
, 79
, 208
, 85
, 202
, 113
, 174
, 73
, 214
, 205
, 82
, 156
, 131
, 2
, 285
, 155
, 132
, 273
, 14
, 7
, 280
, 74
, 213
, 229
, 58
, 184
, 103
, 192
, 95
, 121
, 166
, 215
, 72
, 63
, 224
, 151
, 136
, 49
, 238
, 103
, 184
, 152
, 135
, 272
, 15
, 37
, 250
, 37
, 250
, 75
, 212
, 240
, 47
, 201
, 86
, 192
, 95
, 91
, 196
, 92
, 195
, 76
, 211
, 162
, 125
, 170
, 117
, 18
, 269
, 262
, 25
, 203
, 84
, 25
, 262
, 101
, 186
, 130
, 157
, 50
, 237
, 114
, 173
, 173
, 114
, 241
, 46
, 115
, 172
, 260
, 27
, 148
, 139
, 41
, 246
, 81
, 206
, 82
, 205
, 50
, 237
, 111
, 176
, 60
, 227
, 100
, 187
, 238
, 49
, 180
, 107
, 272
, 15
, 209
, 78
, 92
, 195
, 109
, 178
, 233
, 54
, 128
, 159
, 1
, 286
, 97
, 190
, 162
, 125
, 149
, 138
, 70
, 217
, 280
, 7
, 117
, 170
, 69
, 218
, 96
, 191
, 25
, 262
, 18
, 269
, 89
, 198
, 181
, 106
, 196
, 91
, 9
, 278
, 78
, 209
, 72
, 215
, 36
, 251
, 2
, 285
, 232
, 55
, 277
, 10
, 29
, 258
, 110
, 177
, 13
, 274
, 10
, 277
, 160
, 127
, 233
, 54
, 115
, 172
, 278
, 9
, 113
, 174
, 211
, 76
, 99
, 188
, 265
, 22
, 149
, 138
, 275
, 12
, 175
, 112
, 209
, 78
, 283
, 4
, 82
, 205
, 199
, 88
, 201
, 86
, 164
, 123
, 217
, 70
, 15
, 272
, 261
, 26
, 44
, 243
, 61
, 226
, 107
, 180
, 248
, 39
, 145
, 142
, 128
, 159
, 115
, 172
, 171
, 116
, 133
, 154
, 156
, 131
, 259
, 28
, 83
, 204
, 231
, 56
, 40
, 247
, 71
, 216
, 184
, 103
, 252
, 35
, 94
, 193
, 153
, 134
, 2
, 285
, 263
, 24
, 137
, 150
, 53
, 234
, 256
, 31
, 243
, 44
, 200
, 87
, 148
, 139
, 176
, 111
, 128
, 159
, 152
, 135
, 81
, 206
, 87
, 200
, 99
, 188
, 132
, 155
, 212
, 75
, 52
, 235
, 266
, 21
, 227
, 60
, 83
, 204
, 207
, 80
, 34
, 253
, 23
, 264
, 14
, 273
, 42
, 245
, 250
, 37
, 185
, 102
, 145
, 142
, 130
, 157
, 136
, 151
, 261
, 26
, 65
, 222
, 108
, 179
, 181
, 106
, 225
, 62
, 264
, 23
, 99
, 188
, 41
, 246
, 183
, 104
, 161
, 126
, 284
, 3
, 43
, 244
, 7
, 280
, 49
, 238
, 164
, 123
, 113
, 174
, 85
, 202
, 33
, 254
, 238
, 49
, 31
, 256
, 175
, 112
, 88
, 199
, 42
, 245
, 221
, 66
, 63
, 224
, 92
, 195
, 23
, 264
, 199
, 88
, 232
, 55
, 52
, 235
, 76
, 211
, 217
, 70
, 232
, 55
, 189
, 98
, 136
, 151
, 188
, 99
, 56
, 231
, 101
, 186
, 165
, 122
, 220
, 67
, 266
, 21
, 90
, 197
, 187
, 100
, 105
, 182
, 126
, 161
, 1
, 286
, 62
, 225
, 102
, 185
, 28
, 259
, 212
, 75
, 189
, 98
, 160
, 127
, 216
, 71
, 216
, 71
, 213
, 74
, 247
, 40
, 268
, 19
, 227
, 60
, 42
, 245
, 170
, 117
, 39
, 248
, 64
, 223
, 247
, 40
, 283
, 4
, 251
, 36
, 1
, 286
, 250
, 37
, 40
, 247
, 9
, 278
, 91
, 196
, 70
, 217
, 58
, 229
, 87
, 200
, 154
, 133
, 7
, 280
, 232
, 55
, 280
, 7
, 216
, 71
, 72
, 215
, 160
, 127
, 72
, 215
, 61
, 226
, 278
, 9
, 148
, 139
, 17
, 270
, 254
, 33
, 38
, 249
, 141
, 146
, 278
, 9
, 87
, 200
, 128
, 159
, 200
, 87
, 188
, 99
, 209
, 78
, 159
, 128
, 113
, 174
, 203
, 84
, 118
, 169
, 138
, 149
, 80
, 207
, 275
, 12
, 30
, 257
, 249
, 38
, 48
, 239
, 190
, 97
, 63
, 224
, 182
, 105
, 220
, 67
, 134
, 153
, 161
, 126
, 149
, 138
, 58
, 229
, 277
, 10
, 131
, 156
, 73
, 214
, 23
, 264
, 179
, 108
, 275
, 12
, 209
, 78
, 182
, 105
, 41
, 246
, 243
, 44
, 253
, 34
, 79
, 208
, 119
, 168
, 182
, 105
, 265
, 22
, 65
, 222
, 228
, 59
, 62
, 225
, 174
, 113
, 54
, 233
, 22
, 265
, 111
, 176
, 224
, 63
, 68
, 219
, 153
, 134
, 199
, 88
, 213
, 74
, 44
, 243
, 177
, 110
, 244
, 43
, 181
, 106
, 184
, 103
, 128
, 159
, 234
, 53
, 96
, 191
, 47
, 240
, 156
, 131
, 7
, 280
, 183
, 104
, 205
, 82
, 148
, 139
, 84
, 203
, 35
, 252
, 48
, 239
, 63
, 224
, 181
, 106
, 31
, 256
, 88
, 199
, 271
, 16
, 147
, 140
, 253
, 34
, 8
, 279
, 177
, 110
, 213
, 74
, 106
, 181
, 118
, 169
, 183
, 104
, 233
, 54
, 23
, 264
, 163
, 124
, 220
, 67
, 202
, 85
, 251
, 36
, 154
, 133
, 246
, 41
, 69
, 218
, 85
, 202
, 263
, 24
, 261
, 26
, 227
, 60
, 27
, 260
, 225
, 62
, 25
, 262
, 79
, 208
, 59
, 228
, 138
, 149
, 98
, 189
, 93
, 194
, 139
, 148
, 139
, 148
, 239
, 48
, 46
, 241
, 31
, 256
, 141
, 146
, 136
, 151
, 60
, 227
, 271
, 16
, 256
, 31
, 234
, 53
, 263
, 24
, 20
, 267
, 260
, 27
, 52
, 235
, 239
, 48
, 216
, 71
, 20
, 267
, 281
, 6
, 268
, 19
, 271
, 16
, 208
, 79
, 104
, 183
, 211
, 76
, 243
, 44
, 140
, 147
, 276
, 11
, 18
, 269
, 122
, 165
, 98
, 189
, 11
, 276
, 47
, 240
, 60
, 227
, 22
, 265
, 206
, 81
, 9
, 278
, 83
, 204
, 78
, 209
, 54
, 233
, 101
, 186
, 16
, 271
, 284
, 3
, 181
, 106
, 138
, 149
, 151
, 136
, 115
, 172
, 2
, 285
, 103
, 184
, 206
, 81
, 191
, 96
, 179
, 108
, 278
, 9
, 285
, 2
, 42
, 245
, 194
, 93
, 154
, 133
, 4
, 283
, 17
, 270
, 170
, 117
, 4
, 283
, 264
, 23
, 279
, 8
, 32
, 255
, 150
, 137
, 256
, 31
, 265
, 22
, 73
, 214
, 62
, 225
, 90
, 197
, 230
, 57
, 155
, 132
, 202
, 85
, 219
, 68
, 77
, 210
, 111
, 176
, 196
, 91
, 27
, 260
, 76
, 211
, 28
, 259
, 241
, 46
, 110
, 177
, 185
, 102
, 151
, 136
, 236
, 51
, 217
, 70
, 174
, 113
, 163
, 124
, 241
, 46
, 139
, 148
, 46
, 241
, 187
, 100
, 122
, 165
, 216
, 71
, 179
, 108
, 170
, 117
, 155
, 132
, 34
, 253
, 126
, 161
, 178
, 109
, 156
, 131
, 247
, 40
, 243
, 44
, 36
, 251
, 109
, 178
, 170
, 117
, 4
, 283
, 143
, 144
, 223
, 64
, 144
, 143
, 130
, 157
, 133
, 154
, 16
, 271
, 146
, 141
, 117
, 170
, 258
, 29
, 163
, 124
, 63
, 224
, 260
, 27
, 25
, 262
, 204
, 83
, 8
, 279
, 65
, 222
, 28
, 259
, 262
, 25
, 117
, 170
, 222
, 65
, 41
, 246
, 50
, 237
, 194
, 93
, 145
, 142
, 100
, 187
, 159
, 128
, 89
, 198
, 68
, 219
, 83
, 204
, 264
, 23
, 20
, 267
, 130
, 157
, 216
, 71
, 159
, 128
, 47
, 240
, 27
, 260
, 161
, 126
, 34
, 253
, 199
, 88
, 4
, 283
, 116
, 171
, 97
, 190
, 66
, 221
, 55
, 232
, 58
, 229
, 147
, 140
, 277
, 10
, 142
, 145
, 262
, 25
, 248
, 39
, 111
, 176
, 105
, 182
, 33
, 254
, 131
, 156
, 243
, 44
, 51
, 236
, 139
, 148
, 189
, 98
, 29
, 258
, 268
, 19
, 134
, 153
, 46
, 241
, 178
, 109
, 86
, 201
, 231
, 56
, 159
, 128
, 123
, 164
, 57
, 230
, 22
, 265
, 239
, 48
, 65
, 222
, 94
, 193
, 251
, 36
, 158
, 129
, 133
, 154
, 109
, 178
, 206
, 81
, 139
, 148
, 237
, 50
, 151
, 136
, 181
, 106
, 213
, 74
, 268
, 19
, 216
, 71
, 16
, 271
, 240
, 47
, 25
, 262
, 22
, 265
, 213
, 74
, 221
, 66
, 285
, 2
, 171
, 116
, 61
, 226
, 178
, 109
, 150
, 137
, 222
, 65
, 271
, 16
, 210
, 77
, 179
, 108
, 39
, 248
, 38
, 249
, 94
, 193
, 51
, 236
, 11
, 276
, 222
, 65
, 29
, 258
, 50
, 237
, 18
, 269
, 42
, 245
, 46
, 241
, 170
, 117
, 55
, 232
, 113
, 174
, 89
, 198
, 135
, 152
, 171
, 116
, 56
, 231
, 237
, 50
, 64
, 223
, 112
, 175
, 132
, 155
, 194
, 93
, 237
, 50
, 37
, 250
, 163
, 124
, 8
, 279
, 169
, 118
, 12
, 275
, 200
, 87
, 228
, 59
, 88
, 199
, 88
, 199
, 233
, 54
, 257
, 30
, 17
, 270
, 30
, 257
, 81
, 206
, 235
, 52
, 151
, 136
, 96
, 191
, 268
, 19
, 224
, 63
, 116
, 171
, 227
, 60
, 78
, 209
, 268
, 19
, 96
, 191
, 83
, 204
, 219
, 68
, 108
, 179
, 220
, 67
, 127
, 160
, 169
, 118
, 36
, 251
, 111
, 176
, 45
, 242
, 29
, 258
, 200
, 87
, 4
, 283
, 76
, 211
, 228
, 59
, 182
, 105
, 77
, 210
, 62
, 225
, 162
, 125
, 22
, 265
, 251
, 36
, 277
, 10
, 79
, 208
, 133
, 154
, 194
, 93
, 116
, 171
, 176
, 111
, 263
, 24
, 74
, 213
, 269
, 18
, 201
, 86
, 83
, 204
, 164
, 123
, 165
, 122
, 151
, 136
, 115
, 172
, 150
, 137
, 209
, 78
, 189
, 98
, 259
, 28
, 242
, 45
, 249
, 38
, 238
, 49
, 29
, 258
, 28
, 259
, 153
, 134
, 187
, 100
, 99
, 188
, 90
, 197
, 169
, 118
, 27
, 260
, 135
, 152
, 257
, 30
, 7
, 280
, 121
, 166
, 235
, 52
, 259
, 28
, 213
, 74
, 71
, 216
, 261
, 26
, 186
, 101
, 51
, 236
, 143
, 144
, 88
, 199
, 177
, 110
, 240
, 47
, 182
, 105
, 282
, 5
, 136
, 151
, 176
, 111
, 281
, 6
, 256
, 31
, 281
, 6
, 40
, 247
, 97
, 190
, 71
, 216
, 131
, 156
, 158
, 129
, 218
, 69
, 195
, 92
, 99
, 188
, 277
, 10
, 57
, 230
, 87
, 200
, 271
, 16
, 206
, 81
, 112
, 175
, 63
, 224
, 27
, 260
, 83
, 204
, 87
, 200
, 93
, 194
, 208
, 79
, 18
, 269
, 119
, 168
, 15
, 272
, 221
, 66
, 140
, 147
, 9
, 278
, 215
, 72
, 193
, 94
, 123
, 164
, 257
, 30
, 254
, 33
, 3
, 284
, 63
, 224
, 63
, 224
, 166
, 121
, 146
, 141
, 1
, 286
, 52
, 235
, 145
, 142
, 40
, 247
, 175
, 112
, 57
, 230
, 39
, 248
, 60
, 227
, 14
, 273
, 131
, 156
, 144
, 143
, 52
, 235
, 144
, 143
, 264
, 23
, 127
, 160
, 194
, 93
, 184
, 103
, 20
, 267
, 106
, 181
, 188
, 99
, 148
, 139
, 86
, 201
, 100
, 187
, 41
, 246
, 61
, 226
, 276
, 11
, 267
, 20
, 245
, 42
, 130
, 157
, 70
, 217
, 110
, 177
, 115
, 172
, 243
, 44
, 237
, 50
, 86
, 201
, 226
, 61
, 79
, 208
, 132
, 155
, 18
, 269
, 194
, 93
, 156
, 131
, 150
, 137
, 82
, 205
, 269
, 18
, 39
, 248
, 226
, 61
, 112
, 175
, 226
, 61
, 163
, 124
, 33
, 254
, 82
, 205
, 75
, 212
, 16
, 271
, 244
, 43
, 87
, 200
, 4
, 283
, 100
, 187
, 123
, 164
, 72
, 215
, 204
, 83
, 155
, 132
, 42
, 245
, 140
, 147
, 241
, 46
, 138
, 149
, 98
, 189
, 48
, 239
, 207
, 80
, 221
, 66
, 279
, 8
, 164
, 123
, 227
, 60
, 242
, 45
, 84
, 203
, 16
, 271
, 119
, 168
, 240
, 47
, 229
, 58
, 247
, 40
, 20
, 267
, 5
, 282
, 79
, 208
, 7
, 280
, 19
, 268
, 23
, 264
, 246
, 41
, 145
, 142
, 210
, 77
, 169
, 118
, 87
, 200
, 111
, 176
, 83
, 204
, 241
, 46
, 195
, 92
, 103
, 184
, 164
, 123
, 76
, 211
, 197
, 90
, 198
, 89
, 130
, 157
, 234
, 53
, 191
, 96
, 63
, 224
, 3
, 284
, 100
, 187
, 84
, 203
, 59
, 228
, 226
, 61
, 154
, 133
, 282
, 5
, 44
, 243
, 18
, 269
, 21
, 266
, 134
, 153
, 216
, 71
, 195
, 92
, 45
, 242
, 81
, 206
, 284
, 3
, 188
, 99
, 248
, 39
, 187
, 100
, 120
, 167
, 40
, 247
, 194
, 93
, 46
, 241
, 194
, 93
, 81
, 206
, 9
, 278
, 159
, 128
, 276
, 11
, 238
, 49
, 212
, 75
, 202
, 85
, 119
, 168
, 166
, 121
, 158
, 129
, 234
, 53
, 210
, 77
, 48
, 239
, 245
, 42
, 278
, 9
, 77
, 210
, 209
, 78
, 76
, 211
, 107
, 180
, 240
, 47
, 266
, 21
, 149
, 138
, 40
, 247
, 220
, 67
, 4
, 283
, 168
, 119
, 234
, 53
, 283
, 4
, 58
, 229
, 73
, 214
, 240
, 47
, 283
, 4
, 99
, 188
, 86
, 201
, 181
, 106
, 9
, 278
, 210
, 77
, 53
, 234
, 52
, 235
, 72
, 215
, 192
, 95
, 39
, 248
, 36
, 251
, 124
, 163
, 102
, 185
, 237
, 50
, 95
, 192
, 40
, 247
, 243
, 44
, 155
, 132
, 198
, 89
, 11
, 276
, 285
, 2
, 181
, 106
, 203
, 84
, 231
, 56
, 47
, 240
, 38
, 249
, 149
, 138
, 108
, 179
, 217
, 70
, 6
, 281
, 61
, 226
, 26
, 261
, 142
, 145
, 51
, 236
, 59
, 228
, 168
, 119
, 257
, 30
, 279
, 8
, 36
, 251
, 101
, 186
, 180
, 107
, 239
, 48
, 13
, 274
, 227
, 60
, 268
, 19
, 124
, 163
, 17
, 270
, 250
, 37
, 223
, 64
, 103
, 184
, 75
, 212
, 14
, 273
, 24
, 263
, 178
, 109
, 224
, 63
, 182
, 105
, 151
, 136
, 37
, 250
, 33
, 254
, 60
, 227
, 278
, 9
, 252
, 35
, 96
, 191
, 80
, 207
, 171
, 116
, 246
, 41
, 136
, 151
, 161
, 126
, 221
, 66
, 284
, 3
, 26
, 261
, 284
, 3
, 184
, 103
, 285
, 2
, 267
, 20
, 242
, 45
, 9
, 278
, 41
, 246
, 211
, 76
, 10
, 277
, 43
, 244
, 101
, 186
, 47
, 240
, 162
, 125
, 176
, 111
, 81
, 206
, 235
, 52
, 35
, 252
, 115
, 172
, 137
, 150
, 177
, 110
, 270
, 17
, 158
, 129
, 253
, 34
, 150
, 137
, 65
, 222
, 80
, 207
, 246
, 41
, 97
, 190
, 237
, 50
, 211
, 76
, 99
, 188
, 18
, 269
, 178
, 109
, 180
, 107
, 33
, 254
, 110
, 177
, 166
, 121
, 153
, 134
, 249
, 38
, 59
, 228
, 146
, 141
, 25
, 262
, 49
, 238
, 181
, 106
, 240
, 47
, 50
, 237
, 67
, 220
, 61
, 226
, 34
, 253
, 211
, 76
, 97
, 190
, 162
, 125
, 165
, 122
, 138
, 149
, 139
, 148
, 237
, 50
, 143
, 144
, 4
, 283
, 80
, 207
, 17
, 270
, 135
, 152
, 51
, 236
, 15
, 272
, 281
, 6
, 128
, 159
, 285
, 2
, 162
, 125
, 209
, 78
, 128
, 159
, 164
, 123
, 1
, 286
, 100
, 187
, 196
, 91
, 39
, 248
, 237
, 50
, 108
, 179
, 104
, 183
, 138
, 149
, 96
, 191
, 232
, 55
, 81
, 206
, 258
, 29
, 197
, 90
, 88
, 199
, 60
, 227
, 113
, 174
, 157
, 130
, 271
, 16
, 36
, 251
, 209
, 78
, 177
, 110
, 88
, 199
, 93
, 194
, 245
, 42
, 168
, 119
, 6
, 281
, 224
, 63
, 88
, 199
, 31
, 256
, 246
, 41
, 54
, 233
, 148
, 139
, 272
, 15
, 197
, 90
, 272
, 15
, 64
, 223
, 7
, 280
, 265
, 22
, 208
, 79
, 195
, 92
, 97
, 190
, 271
, 16
, 167
, 120
, 251
, 36
, 264
, 23
, 38
, 249
, 38
, 249
, 264
, 23
, 180
, 107
, 180
, 107
, 269
, 18
, 261
, 26
, 136
, 151
, 73
, 214
, 138
, 149
, 203
, 84
, 268
, 19
, 40
, 247
, 242
, 45
, 124
, 163
, 42
, 245
, 142
, 145
, 157
, 130
, 190
, 97
, 253
, 34
, 126
, 161
, 35
, 252
, 26
, 261
, 22
, 265
, 188
, 99
, 200
, 87
, 47
, 240
, 99
, 188
, 100
, 187
, 200
, 87
, 27
, 260
, 96
, 191
, 52
, 235
, 5
, 282
, 284
, 3
, 50
, 237
, 272
, 15
, 75
, 212
, 92
, 195
, 187
, 100
, 27
, 260
, 101
, 186
, 129
, 158
, 169
, 118
, 66
, 221
, 74
, 213
, 12
, 275
, 6
, 281
, 255
, 32
, 13
, 274
, 51
, 236
, 42
, 245
, 143
, 144
, 81
, 206
, 281
, 6
, 53
, 234
, 177
, 110
, 277
, 10
, 269
, 18
, 183
, 104
, 158
, 129
, 177
, 110
, 262
, 25
, 232
, 55
, 120
, 167
, 240
, 47
, 106
, 181
, 69
, 218
, 68
, 219
, 195
, 92
, 22
, 265
, 176
, 111
, 61
, 226
, 36
, 251
, 27
, 260
, 247
, 40
, 179
, 108
, 190
, 97
, 255
, 32
, 65
, 222
, 47
, 240
, 231
, 56
, 52
, 235
, 196
, 91
, 14
, 273
, 239
, 48
, 67
, 220
, 71
, 216
, 21
, 266
, 233
, 54
, 23
, 264
, 271
, 16
, 36
, 251
, 177
, 110
, 80
, 207
, 236
, 51
, 248
, 39
, 138
, 149
, 210
, 77
, 281
, 6
, 228
, 59
, 135
, 152
, 137
, 150
, 228
, 59
, 259
, 28
, 97
, 190
, 247
, 40
, 228
, 59
, 285
, 2
, 238
, 49
, 180
, 107
, 263
, 24
, 1
, 286
, 87
, 200
, 24
, 263
, 247
, 40
, 269
, 18
, 80
, 207
, 22
, 265
, 224
, 63
, 211
, 76
, 10
, 277
, 152
, 135
, 52
, 235
, 202
, 85
, 94
, 193
, 265
, 22
, 243
, 44
, 46
, 241
, 56
, 231
, 223
, 64
, 50
, 237
, 257
, 30
, 26
, 261
, 149
, 138
, 60
, 227
, 84
, 203
, 40
, 247
, 98
, 189
, 140
, 147
, 9
, 278
, 51
, 236
, 91
, 196
, 202
, 85
, 204
, 83
, 194
, 93
, 122
, 165
, 231
, 56
, 212
, 75
, 109
, 178
, 240
, 47
, 12
, 275
, 39
, 248
, 163
, 124
, 247
, 40
, 271
, 16
, 161
, 126
, 192
, 95
, 95
, 192
, 225
, 62
, 33
, 254
, 29
, 258
, 116
, 171
, 170
, 117
, 35
, 252
, 165
, 122
, 153
, 134
, 208
, 79
, 109
, 178
, 116
, 171
, 153
, 134
, 114
, 173
, 140
, 147
, 22
, 265
, 160
, 127
, 49
, 238
, 97
, 190
, 109
, 178
, 14
, 273
, 66
, 221
, 154
, 133
, 120
, 167
, 45
, 242
, 170
, 117
, 104
, 183
, 157
, 130
, 208
, 79
, 148
, 139
, 140
, 147
, 129
, 158
, 236
, 51
, 133
, 154
, 65
, 222
, 13
, 274
, 226
, 61
, 216
, 71
, 130
, 157
, 13
, 274
, 246
, 41
, 203
, 84
, 264
, 23
, 92
, 195
, 82
, 205
, 167
, 120
, 100
, 187
, 194
, 93
, 63
, 224
, 57
, 230
, 58
, 229
, 83
, 204
, 36
, 251
, 275
, 12
, 168
, 119
, 85
, 202
, 139
, 148
, 217
, 70
, 167
, 120
, 130
, 157
, 170
, 117
, 225
, 62
, 172
, 115
, 244
, 43
, 251
, 36
, 164
, 123
, 70
, 217
, 82
, 205
, 221
, 66
, 193
, 94
, 188
, 99
, 252
, 35
, 121
, 166
, 232
, 55
, 94
, 193
, 2
, 285
, 62
, 225
, 180
, 107
, 119
, 168
, 231
, 56
, 152
, 135
, 246
, 41
, 246
, 41
, 223
, 64
, 26
, 261
, 3
, 284
, 213
, 74
, 98
, 189
, 50
, 237
, 117
, 170
, 162
, 125
, 47
, 240
, 253
, 34
, 71
, 216
, 22
, 265
, 217
, 70
, 217
, 70
, 60
, 227
, 9
, 278
, 94
, 193
, 161
, 126
, 200
, 87
, 72
, 215
, 122
, 165
, 174
, 113
, 116
, 171
, 52
, 235
, 128
, 159
, 60
, 227
, 148
, 139
, 26
, 261
, 211
, 76
, 168
, 119
, 234
, 53
, 198
, 89
, 112
, 175
, 111
, 176
, 207
, 80
, 11
, 276
, 17
, 270
, 159
, 128
, 155
, 132
, 84
, 203
, 205
, 82
, 102
, 185
, 204
, 83
, 268
, 19
, 147
, 140
, 150
, 137
, 93
, 194
, 114
, 173
, 170
, 117
, 45
, 242
, 94
, 193
, 63
, 224
, 72
, 215
, 176
, 111
, 280
, 7
, 53
, 234
, 117
, 170
, 260
, 27
, 35
, 252
, 258
, 29
, 243
, 44
, 267
, 20
, 166
, 121
, 204
, 83
, 162
, 125
, 5
, 282
, 187
, 100
, 245
, 42
, 96
, 191
, 242
, 45
, 266
, 21
, 17
, 270
, 55
, 232
, 236
, 51
, 67
, 220
, 233
, 54
, 56
, 231
, 140
, 147
, 145
, 142
, 279
, 8
, 63
, 224
, 146
, 141
, 229
, 58
, 116
, 171
, 13
, 274
, 188
, 99
, 68
, 219
, 25
, 262
, 64
, 223
, 89
, 198
, 80
, 207
, 160
, 127
, 176
, 111
, 72
, 215
, 3
, 284
, 47
, 240
, 57
, 230
, 169
, 118
, 190
, 97
, 82
, 205
, 155
, 132
, 273
, 14
, 251
, 36
, 112
, 175
, 62
, 225
, 255
, 32
, 114
, 173
, 154
, 133
, 78
, 209
, 37
, 250
, 138
, 149
, 188
, 99
, 97
, 190
, 22
, 265
, 75
, 212
, 31
, 256
, 108
, 179
, 246
, 41
, 187
, 100
, 71
, 216
, 7
, 280
, 201
, 86
, 267
, 20
, 234
, 53
, 240
, 47
, 57
, 230
, 9
, 278
, 201
, 86
, 280
, 7
, 261
, 26
, 45
, 242
, 23
, 264
, 271
, 16
, 234
, 53
, 127
, 160
, 116
, 171
, 77
, 210
, 244
, 43
, 277
, 10
, 89
, 198
, 140
, 147
, 188
, 99
, 191
, 96
, 263
, 24
, 174
, 113
, 42
, 245
, 147
, 140
, 127
, 160
, 124
, 163
, 28
, 259
, 85
, 202
, 163
, 124
, 250
, 37
, 223
, 64
, 21
, 266
, 261
, 26
, 237
, 50
, 175
, 112
, 102
, 185
, 78
, 209
, 138
, 149
, 69
, 218
, 5
, 282
, 230
, 57
, 119
, 168
, 217
, 70
, 100
, 187
, 279
, 8
, 8
, 279
, 274
, 13
, 261
, 26
, 200
, 87
, 223
, 64
, 116
, 171
, 231
, 56
, 35
, 252
, 204
, 83
, 29
, 258
, 254
, 33
, 1
, 286
, 137
, 150
, 194
, 93
, 258
, 29
, 85
, 202
, 258
, 29
, 177
, 110
, 16
, 271
, 89
, 198
, 126
, 161
, 55
, 232
, 273
, 14
, 138
, 149
, 215
, 72
, 90
, 197
, 262
, 25
, 272
, 15
, 102
, 185
, 31
, 256
, 47
, 240
, 208
, 79
, 105
, 182
, 274
, 13
, 140
, 147
, 192
, 95
, 156
, 131
, 168
, 119
, 158
, 129
, 52
, 235
, 18
, 269
, 60
, 227
, 256
, 31
, 267
, 20
, 100
, 187
, 226
, 61
, 272
, 15
, 32
, 255
, 107
, 180
, 14
, 273
, 181
, 106
, 261
, 26
, 107
, 180
, 262
, 25
, 189
, 98
, 16
, 271
, 160
, 127
, 242
, 45
, 198
, 89
, 63
, 224
, 62
, 225
, 216
, 71
, 201
, 86
, 271
, 16
, 240
, 47
, 90
, 197
, 178
, 109
, 149
, 138
, 168
, 119
, 234
, 53
, 157
, 130
, 230
, 57
, 130
, 157
, 47
, 240
, 256
, 31
, 149
, 138
, 199
, 88
, 138
, 149
, 11
, 276
, 146
, 141
, 157
, 130
, 129
, 158
, 121
, 166
, 265
, 22
, 15
, 272
, 213
, 74
, 14
, 273
, 45
, 242
, 273
, 14
, 277
, 10
, 201
, 86
, 224
, 63
, 224
, 63
, 173
, 114
, 255
, 32
, 57
, 230
, 276
, 11
, 51
, 236
, 122
, 165
, 7
, 280
, 219
, 68
, 1
, 286
, 41
, 246
, 21
, 266
, 12
, 275
, 267
, 20
, 224
, 63
, 236
, 51
, 14
, 273
, 143
, 144
, 232
, 55
, 254
, 33
, 143
, 144
, 173
, 114
, 130
, 157
, 275
, 12
, 101
, 186
, 244
, 43
, 10
, 277
, 138
, 149
, 121
, 166
, 198
, 89
, 149
, 138
, 275
, 12
, 277
, 10
, 198
, 89
, 214
, 73
, 25
, 262
, 163
, 124
, 5
, 282
, 1
, 286
, 169
, 118
, 112
, 175
, 168
, 119
, 50
, 237
, 123
, 164
, 113
, 174
, 182
, 105
, 184
, 103
, 223
, 64
, 151
, 136
, 211
, 76
, 265
, 22
, 12
, 275
, 172
, 115
, 30
, 257
, 214
, 73
, 125
, 162
, 30
, 257
, 37
, 250
, 104
, 183
, 115
, 172
, 186
, 101
, 74
, 213
, 243
, 44
, 54
, 233
, 215
, 72
, 243
, 44
, 14
, 273
, 184
, 103
, 20
, 267
, 237
, 50
, 4
, 283
, 101
, 186
, 205
, 82
, 149
, 138
, 63
, 224
, 169
, 118
, 41
, 246
, 105
, 182
, 176
, 111
, 275
, 12
, 225
, 62
, 141
, 146
, 185
, 102
, 25
, 262
, 94
, 193
, 213
, 74
, 165
, 122
, 213
, 74
, 15
, 272
, 74
, 213
, 140
, 147
, 35
, 252
, 13
, 274
, 99
, 188
, 140
, 147
, 106
, 181
, 191
, 96
, 223
, 64
, 83
, 204
, 8
, 279
, 259
, 28
, 165
, 122
, 60
, 227
, 262
, 25
, 202
, 85
, 224
, 63
, 43
, 244
, 32
, 255
, 65
, 222
, 248
, 39
, 178
, 109
, 41
, 246
, 132
, 155
, 130
, 157
, 74
, 213
, 30
, 257
, 10
, 277
, 201
, 86
, 2
, 285
, 156
, 131
, 254
, 33
, 112
, 175
, 121
, 166
, 80
, 207
, 178
, 109
, 87
, 200
, 60
, 227
, 244
, 43
, 105
, 182
, 49
, 238
, 151
, 136
, 104
, 183
, 114
, 173
, 253
, 34
, 66
, 221
, 188
, 99
, 55
, 232
, 8
, 279
, 185
, 102
, 234
, 53
, 49
, 238
, 227
, 60
, 262
, 25
, 160
, 127
, 282
, 5
, 4
, 283
, 114
, 173
, 97
, 190
, 203
, 84
, 162
, 125
, 56
, 231
, 113
, 174
, 283
, 4
, 237
, 50
, 129
, 158
, 102
, 185
, 136
, 151
, 38
, 249
, 187
, 100
, 116
, 171
, 228
, 59
, 102
, 185
, 144
, 143
, 187
, 100
, 14
, 273
, 127
, 160
, 99
, 188
, 240
, 47
, 157
, 130
, 48
, 239
, 200
, 87
, 4
, 283
, 63
, 224
, 105
, 182
, 186
, 101
, 63
, 224
, 212
, 75
, 256
, 31
, 282
, 5
, 231
, 56
, 146
, 141
, 229
, 58
, 72
, 215
, 169
, 118
, 123
, 164
, 19
, 268
, 178
, 109
, 238
, 49
, 165
, 122
, 129
, 158
, 71
, 216
, 4
, 283
, 41
, 246
, 62
, 225
, 122
, 165
, 69
, 218
, 181
, 106
, 192
, 95
, 17
, 270
, 265
, 22
, 102
, 185
, 77
, 210
, 260
, 27
, 66
, 221
, 62
, 225
, 136
, 151
, 1
, 286
, 173
, 114
, 151
, 136
, 258
, 29
, 263
, 24
, 168
, 119
, 54
, 233
, 36
, 251
, 192
, 95
, 244
, 43
