
2850
, 233
, 61
, 143
, 151
, 281
, 13
, 272
, 22
, 105
, 189
, 65
, 229
, 210
, 84
, 86
, 208
, 280
, 14
, 17
, 277
, 12
, 282
, 150
, 144
, 109
, 185
, 249
, 45
, 147
, 147
, 125
, 169
, 93
, 201
, 216
, 78
, 239
, 55
, 268
, 26
, 96
, 198
, 71
, 223
, 198
, 96
, 206
, 88
, 148
, 146
, 175
, 119
, 58
, 236
, 169
, 125
, 30
, 264
, 151
, 143
, 184
, 110
, 218
, 76
, 58
, 236
, 162
, 132
, 273
, 21
, 111
, 183
, 14
, 280
, 102
, 192
, 111
, 183
, 254
, 40
, 169
, 125
, 109
, 185
, 8
, 286
, 228
, 66
, 101
, 193
, 80
, 214
, 147
, 147
, 233
, 61
, 279
, 15
, 46
, 248
, 110
, 184
, 82
, 212
, 248
, 46
, 2
, 292
, 100
, 194
, 74
, 220
, 268
, 26
, 65
, 229
, 81
, 213
, 267
, 27
, 110
, 184
, 1
, 293
, 144
, 150
, 73
, 221
, 288
, 6
, 108
, 186
, 217
, 77
, 146
, 148
, 43
, 251
, 40
, 254
, 25
, 269
, 158
, 136
, 28
, 266
, 167
, 127
, 71
, 223
, 22
, 272
, 77
, 217
, 263
, 31
, 168
, 126
, 254
, 40
, 256
, 38
, 256
, 38
, 176
, 118
, 107
, 187
, 59
, 235
, 286
, 8
, 185
, 109
, 229
, 65
, 246
, 48
, 262
, 32
, 131
, 163
, 99
, 195
, 179
, 115
, 186
, 108
, 285
, 9
, 241
, 53
, 82
, 212
, 253
, 41
, 190
, 104
, 39
, 255
, 71
, 223
, 43
, 251
, 127
, 167
, 235
, 59
, 143
, 151
, 174
, 120
, 106
, 188
, 37
, 257
, 228
, 66
, 101
, 193
, 251
, 43
, 198
, 96
, 262
, 32
, 180
, 114
, 133
, 161
, 80
, 214
, 253
, 41
, 20
, 274
, 271
, 23
, 32
, 262
, 29
, 265
, 114
, 180
, 144
, 150
, 168
, 126
, 163
, 131
, 105
, 189
, 65
, 229
, 264
, 30
, 235
, 59
, 292
, 2
, 101
, 193
, 111
, 183
, 239
, 55
, 116
, 178
, 51
, 243
, 159
, 135
, 244
, 50
, 200
, 94
, 286
, 8
, 47
, 247
, 242
, 52
, 288
, 6
, 91
, 203
, 161
, 133
, 61
, 233
, 15
, 279
, 170
, 124
, 225
, 69
, 91
, 203
, 213
, 81
, 51
, 243
, 217
, 77
, 236
, 58
, 208
, 86
, 261
, 33
, 223
, 71
, 164
, 130
, 102
, 192
, 277
, 17
, 260
, 34
, 6
, 288
, 259
, 35
, 13
, 281
, 226
, 68
, 99
, 195
, 231
, 63
, 120
, 174
, 201
, 93
, 75
, 219
, 15
, 279
, 245
, 49
, 264
, 30
, 221
, 73
, 87
, 207
, 173
, 121
, 146
, 148
, 165
, 129
, 20
, 274
, 110
, 184
, 289
, 5
, 231
, 63
, 241
, 53
, 11
, 283
, 81
, 213
, 262
, 32
, 42
, 252
, 63
, 231
, 57
, 237
, 246
, 48
, 258
, 36
, 140
, 154
, 96
, 198
, 122
, 172
, 154
, 140
, 186
, 108
, 292
, 2
, 155
, 139
, 157
, 137
, 169
, 125
, 57
, 237
, 269
, 25
, 155
, 139
, 74
, 220
, 270
, 24
, 214
, 80
, 69
, 225
, 237
, 57
, 17
, 277
, 238
, 56
, 70
, 224
, 186
, 108
, 14
, 280
, 253
, 41
, 280
, 14
, 256
, 38
, 262
, 32
, 123
, 171
, 26
, 268
, 123
, 171
, 270
, 24
, 195
, 99
, 3
, 291
, 186
, 108
, 103
, 191
, 141
, 153
, 6
, 288
, 87
, 207
, 14
, 280
, 276
, 18
, 231
, 63
, 69
, 225
, 117
, 177
, 237
, 57
, 5
, 289
, 24
, 270
, 48
, 246
, 115
, 179
, 31
, 263
, 266
, 28
, 96
, 198
, 32
, 262
, 148
, 146
, 181
, 113
, 282
, 12
, 238
, 56
, 132
, 162
, 168
, 126
, 143
, 151
, 133
, 161
, 110
, 184
, 274
, 20
, 127
, 167
, 26
, 268
, 200
, 94
, 70
, 224
, 183
, 111
, 257
, 37
, 22
, 272
, 259
, 35
, 130
, 164
, 19
, 275
, 281
, 13
, 108
, 186
, 141
, 153
, 260
, 34
, 150
, 144
, 68
, 226
, 44
, 250
, 238
, 56
, 87
, 207
, 277
, 17
, 168
, 126
, 278
, 16
, 72
, 222
, 212
, 82
, 73
, 221
, 195
, 99
, 112
, 182
, 195
, 99
, 18
, 276
, 153
, 141
, 89
, 205
, 282
, 12
, 112
, 182
, 149
, 145
, 274
, 20
, 289
, 5
, 242
, 52
, 218
, 76
, 214
, 80
, 46
, 248
, 133
, 161
, 289
, 5
, 164
, 130
, 186
, 108
, 252
, 42
, 42
, 252
, 119
, 175
, 254
, 40
, 251
, 43
, 11
, 283
, 14
, 280
, 229
, 65
, 32
, 262
, 102
, 192
, 75
, 219
, 199
, 95
, 33
, 261
, 106
, 188
, 105
, 189
, 268
, 26
, 290
, 4
, 108
, 186
, 250
, 44
, 278
, 16
, 290
, 4
, 230
, 64
, 245
, 49
, 78
, 216
, 117
, 177
, 95
, 199
, 18
, 276
, 254
, 40
, 165
, 129
, 160
, 134
, 20
, 274
, 106
, 188
, 16
, 278
, 69
, 225
, 48
, 246
, 110
, 184
, 101
, 193
, 138
, 156
, 113
, 181
, 57
, 237
, 185
, 109
, 240
, 54
, 267
, 27
, 198
, 96
, 127
, 167
, 39
, 255
, 165
, 129
, 158
, 136
, 39
, 255
, 15
, 279
, 157
, 137
, 121
, 173
, 238
, 56
, 246
, 48
, 66
, 228
, 35
, 259
, 41
, 253
, 251
, 43
, 135
, 159
, 60
, 234
, 88
, 206
, 93
, 201
, 248
, 46
, 285
, 9
, 250
, 44
, 116
, 178
, 153
, 141
, 159
, 135
, 170
, 124
, 227
, 67
, 118
, 176
, 87
, 207
, 92
, 202
, 244
, 50
, 228
, 66
, 215
, 79
, 78
, 216
, 60
, 234
, 292
, 2
, 267
, 27
, 112
, 182
, 267
, 27
, 256
, 38
, 180
, 114
, 277
, 17
, 276
, 18
, 97
, 197
, 122
, 172
, 251
, 43
, 16
, 278
, 160
, 134
, 292
, 2
, 245
, 49
, 100
, 194
, 251
, 43
, 87
, 207
, 248
, 46
, 154
, 140
, 124
, 170
, 205
, 89
, 106
, 188
, 240
, 54
, 117
, 177
, 111
, 183
, 219
, 75
, 124
, 170
, 214
, 80
, 207
, 87
, 63
, 231
, 289
, 5
, 231
, 63
, 128
, 166
, 169
, 125
, 7
, 287
, 87
, 207
, 239
, 55
, 224
, 70
, 70
, 224
, 101
, 193
, 72
, 222
, 140
, 154
, 197
, 97
, 88
, 206
, 192
, 102
, 104
, 190
, 131
, 163
, 94
, 200
, 226
, 68
, 47
, 247
, 51
, 243
, 210
, 84
, 194
, 100
, 186
, 108
, 112
, 182
, 86
, 208
, 191
, 103
, 201
, 93
, 150
, 144
, 197
, 97
, 40
, 254
, 149
, 145
, 133
, 161
, 242
, 52
, 97
, 197
, 154
, 140
, 105
, 189
, 26
, 268
, 166
, 128
, 106
, 188
, 74
, 220
, 100
, 194
, 269
, 25
, 42
, 252
, 156
, 138
, 43
, 251
, 142
, 152
, 16
, 278
, 117
, 177
, 274
, 20
, 204
, 90
, 227
, 67
, 174
, 120
, 181
, 113
, 211
, 83
, 50
, 244
, 195
, 99
, 33
, 261
, 232
, 62
, 122
, 172
, 186
, 108
, 150
, 144
, 11
, 283
, 156
, 138
, 41
, 253
, 266
, 28
, 251
, 43
, 78
, 216
, 181
, 113
, 254
, 40
, 288
, 6
, 118
, 176
, 47
, 247
, 63
, 231
, 27
, 267
, 98
, 196
, 225
, 69
, 27
, 267
, 64
, 230
, 276
, 18
, 191
, 103
, 206
, 88
, 54
, 240
, 268
, 26
, 229
, 65
, 9
, 285
, 64
, 230
, 207
, 87
, 211
, 83
, 277
, 17
, 166
, 128
, 259
, 35
, 185
, 109
, 260
, 34
, 205
, 89
, 109
, 185
, 103
, 191
, 7
, 287
, 49
, 245
, 262
, 32
, 284
, 10
, 56
, 238
, 127
, 167
, 34
, 260
, 38
, 256
, 224
, 70
, 255
, 39
, 269
, 25
, 210
, 84
, 274
, 20
, 160
, 134
, 88
, 206
, 141
, 153
, 80
, 214
, 227
, 67
, 135
, 159
, 195
, 99
, 190
, 104
, 195
, 99
, 167
, 127
, 283
, 11
, 178
, 116
, 256
, 38
, 57
, 237
, 233
, 61
, 103
, 191
, 141
, 153
, 96
, 198
, 37
, 257
, 100
, 194
, 124
, 170
, 52
, 242
, 83
, 211
, 20
, 274
, 201
, 93
, 162
, 132
, 292
, 2
, 266
, 28
, 247
, 47
, 185
, 109
, 224
, 70
, 136
, 158
, 195
, 99
, 266
, 28
, 92
, 202
, 284
, 10
, 227
, 67
, 210
, 84
, 44
, 250
, 274
, 20
, 141
, 153
, 108
, 186
, 173
, 121
, 44
, 250
, 11
, 283
, 291
, 3
, 95
, 199
, 234
, 60
, 26
, 268
, 112
, 182
, 285
, 9
, 43
, 251
, 176
, 118
, 20
, 274
, 279
, 15
, 240
, 54
, 290
, 4
, 218
, 76
, 210
, 84
, 258
, 36
, 102
, 192
, 82
, 212
, 139
, 155
, 254
, 40
, 135
, 159
, 128
, 166
, 114
, 180
, 21
, 273
, 288
, 6
, 43
, 251
, 115
, 179
, 195
, 99
, 198
, 96
, 45
, 249
, 156
, 138
, 102
, 192
, 96
, 198
, 86
, 208
, 195
, 99
, 111
, 183
, 161
, 133
, 195
, 99
, 121
, 173
, 89
, 205
, 110
, 184
, 147
, 147
, 106
, 188
, 80
, 214
, 283
, 11
, 113
, 181
, 115
, 179
, 232
, 62
, 33
, 261
, 214
, 80
, 26
, 268
, 193
, 101
, 131
, 163
, 17
, 277
, 9
, 285
, 287
, 7
, 105
, 189
, 3
, 291
, 94
, 200
, 103
, 191
, 60
, 234
, 148
, 146
, 270
, 24
, 94
, 200
, 243
, 51
, 1
, 293
, 169
, 125
, 283
, 11
, 52
, 242
, 278
, 16
, 53
, 241
, 102
, 192
, 292
, 2
, 252
, 42
, 16
, 278
, 27
, 267
, 196
, 98
, 84
, 210
, 161
, 133
, 248
, 46
, 28
, 266
, 172
, 122
, 115
, 179
, 20
, 274
, 26
, 268
, 178
, 116
, 196
, 98
, 111
, 183
, 286
, 8
, 117
, 177
, 233
, 61
, 210
, 84
, 33
, 261
, 39
, 255
, 200
, 94
, 292
, 2
, 115
, 179
, 13
, 281
, 14
, 280
, 142
, 152
, 23
, 271
, 147
, 147
, 239
, 55
, 192
, 102
, 240
, 54
, 173
, 121
, 199
, 95
, 84
, 210
, 152
, 142
, 113
, 181
, 201
, 93
, 281
, 13
, 225
, 69
, 260
, 34
, 78
, 216
, 58
, 236
, 34
, 260
, 266
, 28
, 176
, 118
, 285
, 9
, 94
, 200
, 185
, 109
, 68
, 226
, 203
, 91
, 7
, 287
, 241
, 53
, 171
, 123
, 172
, 122
, 32
, 262
, 30
, 264
, 57
, 237
, 22
, 272
, 10
, 284
, 12
, 282
, 273
, 21
, 77
, 217
, 104
, 190
, 59
, 235
, 107
, 187
, 208
, 86
, 47
, 247
, 116
, 178
, 133
, 161
, 238
, 56
, 121
, 173
, 52
, 242
, 238
, 56
, 83
, 211
, 116
, 178
, 91
, 203
, 182
, 112
, 35
, 259
, 17
, 277
, 159
, 135
, 163
, 131
, 279
, 15
, 67
, 227
, 213
, 81
, 182
, 112
, 68
, 226
, 239
, 55
, 229
, 65
, 123
, 171
, 132
, 162
, 12
, 282
, 71
, 223
, 21
, 273
, 43
, 251
, 58
, 236
, 179
, 115
, 11
, 283
, 17
, 277
, 210
, 84
, 173
, 121
, 269
, 25
, 206
, 88
, 9
, 285
, 128
, 166
, 127
, 167
, 230
, 64
, 32
, 262
, 143
, 151
, 22
, 272
, 102
, 192
, 61
, 233
, 227
, 67
, 73
, 221
, 277
, 17
, 66
, 228
, 235
, 59
, 136
, 158
, 257
, 37
, 11
, 283
, 206
, 88
, 147
, 147
, 194
, 100
, 198
, 96
, 221
, 73
, 281
, 13
, 162
, 132
, 63
, 231
, 94
, 200
, 122
, 172
, 248
, 46
, 54
, 240
, 224
, 70
, 59
, 235
, 105
, 189
, 255
, 39
, 17
, 277
, 129
, 165
, 223
, 71
, 137
, 157
, 81
, 213
, 247
, 47
, 68
, 226
, 55
, 239
, 88
, 206
, 3
, 291
, 104
, 190
, 275
, 19
, 36
, 258
, 77
, 217
, 74
, 220
, 77
, 217
, 139
, 155
, 131
, 163
, 272
, 22
, 269
, 25
, 42
, 252
, 188
, 106
, 218
, 76
, 23
, 271
, 19
, 275
, 254
, 40
, 254
, 40
, 211
, 83
, 281
, 13
, 265
, 29
, 87
, 207
, 154
, 140
, 212
, 82
, 190
, 104
, 110
, 184
, 195
, 99
, 150
, 144
, 18
, 276
, 103
, 191
, 85
, 209
, 13
, 281
, 125
, 169
, 97
, 197
, 3
, 291
, 11
, 283
, 25
, 269
, 11
, 283
, 288
, 6
, 115
, 179
, 12
, 282
, 281
, 13
, 67
, 227
, 278
, 16
, 273
, 21
, 256
, 38
, 51
, 243
, 257
, 37
, 282
, 12
, 190
, 104
, 213
, 81
, 208
, 86
, 75
, 219
, 6
, 288
, 252
, 42
, 130
, 164
, 32
, 262
, 284
, 10
, 179
, 115
, 276
, 18
, 278
, 16
, 281
, 13
, 29
, 265
, 146
, 148
, 29
, 265
, 276
, 18
, 186
, 108
, 37
, 257
, 165
, 129
, 278
, 16
, 139
, 155
, 198
, 96
, 60
, 234
, 226
, 68
, 239
, 55
, 281
, 13
, 257
, 37
, 129
, 165
, 274
, 20
, 137
, 157
, 5
, 289
, 200
, 94
, 55
, 239
, 61
, 233
, 284
, 10
, 207
, 87
, 76
, 218
, 272
, 22
, 186
, 108
, 280
, 14
, 172
, 122
, 157
, 137
, 270
, 24
, 156
, 138
, 236
, 58
, 158
, 136
, 72
, 222
, 226
, 68
, 128
, 166
, 63
, 231
, 23
, 271
, 47
, 247
, 188
, 106
, 50
, 244
, 223
, 71
, 174
, 120
, 24
, 270
, 13
, 281
, 136
, 158
, 240
, 54
, 230
, 64
, 57
, 237
, 54
, 240
, 286
, 8
, 231
, 63
, 151
, 143
, 100
, 194
, 123
, 171
, 35
, 259
, 196
, 98
, 4
, 290
, 267
, 27
, 209
, 85
, 2
, 292
, 128
, 166
, 109
, 185
, 137
, 157
, 29
, 265
, 200
, 94
, 258
, 36
, 273
, 21
, 250
, 44
, 8
, 286
, 2
, 292
, 109
, 185
, 261
, 33
, 245
, 49
, 139
, 155
, 248
, 46
, 20
, 274
, 89
, 205
, 102
, 192
, 216
, 78
, 141
, 153
, 11
, 283
, 170
, 124
, 89
, 205
, 31
, 263
, 170
, 124
, 41
, 253
, 37
, 257
, 196
, 98
, 106
, 188
, 82
, 212
, 116
, 178
, 234
, 60
, 98
, 196
, 146
, 148
, 220
, 74
, 167
, 127
, 221
, 73
, 19
, 275
, 188
, 106
, 118
, 176
, 142
, 152
, 189
, 105
, 107
, 187
, 288
, 6
, 109
, 185
, 119
, 175
, 217
, 77
, 209
, 85
, 4
, 290
, 209
, 85
, 111
, 183
, 127
, 167
, 266
, 28
, 193
, 101
, 5
, 289
, 187
, 107
, 50
, 244
, 265
, 29
, 255
, 39
, 165
, 129
, 7
, 287
, 45
, 249
, 5
, 289
, 190
, 104
, 147
, 147
, 3
, 291
, 277
, 17
, 31
, 263
, 105
, 189
, 252
, 42
, 246
, 48
, 239
, 55
, 203
, 91
, 81
, 213
, 47
, 247
, 288
, 6
, 108
, 186
, 186
, 108
, 78
, 216
, 89
, 205
, 254
, 40
, 260
, 34
, 50
, 244
, 14
, 280
, 218
, 76
, 255
, 39
, 54
, 240
, 269
, 25
, 176
, 118
, 194
, 100
, 77
, 217
, 144
, 150
, 146
, 148
, 198
, 96
, 77
, 217
, 181
, 113
, 138
, 156
, 218
, 76
, 130
, 164
, 258
, 36
, 229
, 65
, 156
, 138
, 9
, 285
, 96
, 198
, 216
, 78
, 73
, 221
, 269
, 25
, 56
, 238
, 91
, 203
, 142
, 152
, 126
, 168
, 215
, 79
, 258
, 36
, 265
, 29
, 132
, 162
, 40
, 254
, 116
, 178
, 176
, 118
, 103
, 191
, 69
, 225
, 143
, 151
, 257
, 37
, 121
, 173
, 109
, 185
, 51
, 243
, 195
, 99
, 23
, 271
, 145
, 149
, 285
, 9
, 272
, 22
, 44
, 250
, 260
, 34
, 192
, 102
, 35
, 259
, 166
, 128
, 229
, 65
, 15
, 279
, 199
, 95
, 236
, 58
, 34
, 260
, 133
, 161
, 260
, 34
, 120
, 174
, 239
, 55
, 71
, 223
, 23
, 271
, 131
, 163
, 274
, 20
, 266
, 28
, 188
, 106
, 174
, 120
, 286
, 8
, 277
, 17
, 198
, 96
, 198
, 96
, 187
, 107
, 149
, 145
, 158
, 136
, 119
, 175
, 12
, 282
, 41
, 253
, 282
, 12
, 183
, 111
, 93
, 201
, 158
, 136
, 275
, 19
, 291
, 3
, 197
, 97
, 141
, 153
, 238
, 56
, 22
, 272
, 100
, 194
, 17
, 277
, 114
, 180
, 77
, 217
, 168
, 126
, 53
, 241
, 6
, 288
, 37
, 257
, 138
, 156
, 214
, 80
, 81
, 213
, 138
, 156
, 162
, 132
, 181
, 113
, 89
, 205
, 269
, 25
, 260
, 34
, 230
, 64
, 244
, 50
, 1
, 293
, 170
, 124
, 92
, 202
, 96
, 198
, 140
, 154
, 155
, 139
, 251
, 43
, 257
, 37
, 216
, 78
, 2
, 292
, 103
, 191
, 188
, 106
, 72
, 222
, 114
, 180
, 227
, 67
, 204
, 90
, 258
, 36
, 167
, 127
, 175
, 119
, 155
, 139
, 130
, 164
, 217
, 77
, 218
, 76
, 232
, 62
, 73
, 221
, 238
, 56
, 182
, 112
, 56
, 238
, 191
, 103
, 92
, 202
, 185
, 109
, 290
, 4
, 277
, 17
, 264
, 30
, 189
, 105
, 13
, 281
, 126
, 168
, 20
, 274
, 243
, 51
, 115
, 179
, 257
, 37
, 227
, 67
, 285
, 9
, 235
, 59
, 70
, 224
, 210
, 84
, 185
, 109
, 90
, 204
, 252
, 42
, 153
, 141
, 37
, 257
, 96
, 198
, 128
, 166
, 290
, 4
, 84
, 210
, 212
, 82
, 169
, 125
, 52
, 242
, 102
, 192
, 139
, 155
, 240
, 54
, 137
, 157
, 50
, 244
, 238
, 56
, 56
, 238
, 132
, 162
, 143
, 151
, 186
, 108
, 254
, 40
, 66
, 228
, 213
, 81
, 227
, 67
, 275
, 19
, 159
, 135
, 223
, 71
, 77
, 217
, 163
, 131
, 256
, 38
, 135
, 159
, 117
, 177
, 204
, 90
, 207
, 87
, 34
, 260
, 258
, 36
, 132
, 162
, 133
, 161
, 236
, 58
, 153
, 141
, 88
, 206
, 213
, 81
, 226
, 68
, 133
, 161
, 207
, 87
, 144
, 150
, 118
, 176
, 117
, 177
, 213
, 81
, 183
, 111
, 91
, 203
, 63
, 231
, 257
, 37
, 238
, 56
, 284
, 10
, 118
, 176
, 174
, 120
, 273
, 21
, 50
, 244
, 257
, 37
, 230
, 64
, 126
, 168
, 31
, 263
, 227
, 67
, 129
, 165
, 156
, 138
, 120
, 174
, 22
, 272
, 101
, 193
, 11
, 283
, 20
, 274
, 131
, 163
, 151
, 143
, 284
, 10
, 104
, 190
, 118
, 176
, 152
, 142
, 237
, 57
, 168
, 126
, 185
, 109
, 196
, 98
, 143
, 151
, 3
, 291
, 154
, 140
, 43
, 251
, 278
, 16
, 72
, 222
, 18
, 276
, 223
, 71
, 6
, 288
, 145
, 149
, 82
, 212
, 208
, 86
, 271
, 23
, 156
, 138
, 90
, 204
, 91
, 203
, 205
, 89
, 63
, 231
, 180
, 114
, 122
, 172
, 225
, 69
, 207
, 87
, 213
, 81
, 227
, 67
, 53
, 241
, 123
, 171
, 132
, 162
, 257
, 37
, 207
, 87
, 249
, 45
, 11
, 283
, 222
, 72
, 146
, 148
, 255
, 39
, 36
, 258
, 74
, 220
, 282
, 12
, 28
, 266
, 80
, 214
, 281
, 13
, 38
, 256
, 134
, 160
, 152
, 142
, 187
, 107
, 89
, 205
, 12
, 282
, 151
, 143
, 175
, 119
, 241
, 53
, 150
, 144
, 46
, 248
, 142
, 152
, 243
, 51
, 222
, 72
, 99
, 195
, 49
, 245
, 57
, 237
, 198
, 96
, 92
, 202
, 193
, 101
, 113
, 181
, 219
, 75
, 274
, 20
, 26
, 268
, 19
, 275
, 149
, 145
, 196
, 98
, 163
, 131
, 53
, 241
, 157
, 137
, 167
, 127
, 211
, 83
, 131
, 163
, 51
, 243
, 263
, 31
, 131
, 163
, 61
, 233
, 47
, 247
, 55
, 239
, 233
, 61
, 62
, 232
, 203
, 91
, 153
, 141
, 5
, 289
, 148
, 146
, 120
, 174
, 264
, 30
, 218
, 76
, 65
, 229
, 114
, 180
, 104
, 190
, 124
, 170
, 253
, 41
, 160
, 134
, 45
, 249
, 286
, 8
, 289
, 5
, 78
, 216
, 151
, 143
, 232
, 62
, 292
, 2
, 139
, 155
, 237
, 57
, 54
, 240
, 283
, 11
, 21
, 273
, 72
, 222
, 91
, 203
, 156
, 138
, 148
, 146
, 190
, 104
, 281
, 13
, 115
, 179
, 54
, 240
, 292
, 2
, 18
, 276
, 106
, 188
, 239
, 55
, 45
, 249
, 198
, 96
, 48
, 246
, 276
, 18
, 77
, 217
, 244
, 50
, 235
, 59
, 26
, 268
, 205
, 89
, 35
, 259
, 49
, 245
, 121
, 173
, 61
, 233
, 45
, 249
, 176
, 118
, 91
, 203
, 43
, 251
, 249
, 45
, 52
, 242
, 60
, 234
, 74
, 220
, 161
, 133
, 65
, 229
, 73
, 221
, 186
, 108
, 35
, 259
, 267
, 27
, 46
, 248
, 127
, 167
, 93
, 201
, 178
, 116
, 254
, 40
, 49
, 245
, 183
, 111
, 84
, 210
, 115
, 179
, 292
, 2
, 187
, 107
, 271
, 23
, 143
, 151
, 276
, 18
, 168
, 126
, 89
, 205
, 268
, 26
, 165
, 129
, 59
, 235
, 266
, 28
, 25
, 269
, 74
, 220
, 138
, 156
, 176
, 118
, 273
, 21
, 224
, 70
, 9
, 285
, 102
, 192
, 92
, 202
, 140
, 154
, 138
, 156
, 160
, 134
, 9
, 285
, 291
, 3
, 2
, 292
, 15
, 279
, 7
, 287
, 44
, 250
, 64
, 230
, 281
, 13
, 187
, 107
, 135
, 159
, 183
, 111
, 27
, 267
, 194
, 100
, 40
, 254
, 134
, 160
, 27
, 267
, 160
, 134
, 197
, 97
, 35
, 259
, 229
, 65
, 21
, 273
, 95
, 199
, 253
, 41
, 269
, 25
, 12
, 282
, 30
, 264
, 167
, 127
, 167
, 127
, 197
, 97
, 162
, 132
, 48
, 246
, 88
, 206
, 59
, 235
, 178
, 116
, 171
, 123
, 246
, 48
, 275
, 19
, 11
, 283
, 19
, 275
, 245
, 49
, 242
, 52
, 96
, 198
, 5
, 289
, 87
, 207
, 193
, 101
, 189
, 105
, 90
, 204
, 245
, 49
, 286
, 8
, 8
, 286
, 102
, 192
, 154
, 140
, 71
, 223
, 16
, 278
, 69
, 225
, 125
, 169
, 234
, 60
, 78
, 216
, 266
, 28
, 119
, 175
, 156
, 138
, 21
, 273
, 177
, 117
, 204
, 90
, 32
, 262
, 150
, 144
, 194
, 100
, 94
, 200
, 210
, 84
, 148
, 146
, 80
, 214
, 272
, 22
, 207
, 87
, 240
, 54
, 191
, 103
, 239
, 55
, 227
, 67
, 178
, 116
, 178
, 116
, 97
, 197
, 204
, 90
, 122
, 172
, 151
, 143
, 50
, 244
, 143
, 151
, 147
, 147
, 66
, 228
, 14
, 280
, 188
, 106
, 180
, 114
, 52
, 242
, 154
, 140
, 288
, 6
, 139
, 155
, 159
, 135
, 242
, 52
, 215
, 79
, 2
, 292
, 15
, 279
, 220
, 74
, 44
, 250
, 24
, 270
, 92
, 202
, 265
, 29
, 99
, 195
, 161
, 133
, 91
, 203
, 255
, 39
, 99
, 195
, 133
, 161
, 30
, 264
, 228
, 66
, 100
, 194
, 184
, 110
, 68
, 226
, 130
, 164
, 198
, 96
, 40
, 254
, 85
, 209
, 238
, 56
, 15
, 279
, 157
, 137
, 286
, 8
, 88
, 206
, 2
, 292
, 132
, 162
, 85
, 209
, 179
, 115
, 58
, 236
, 3
, 291
, 169
, 125
, 174
, 120
, 148
, 146
, 252
, 42
, 175
, 119
, 227
, 67
, 121
, 173
, 34
, 260
, 21
, 273
, 256
, 38
, 173
, 121
, 52
, 242
, 97
, 197
, 156
, 138
, 224
, 70
, 66
, 228
, 76
, 218
, 288
, 6
, 84
, 210
, 104
, 190
, 99
, 195
, 146
, 148
, 225
, 69
, 3
, 291
, 79
, 215
, 103
, 191
, 196
, 98
, 290
, 4
, 33
, 261
, 276
, 18
, 104
, 190
, 149
, 145
, 5
, 289
, 175
, 119
, 230
, 64
, 156
, 138
, 135
, 159
, 168
, 126
, 140
, 154
, 147
, 147
, 159
, 135
, 264
, 30
, 72
, 222
, 201
, 93
, 23
, 271
, 227
, 67
, 82
, 212
, 60
, 234
, 152
, 142
, 54
, 240
, 81
, 213
, 48
, 246
, 188
, 106
, 52
, 242
, 92
, 202
, 6
, 288
, 78
, 216
, 271
, 23
, 163
, 131
, 243
, 51
, 113
, 181
, 228
, 66
, 116
, 178
, 292
, 2
, 87
, 207
, 194
, 100
, 158
, 136
, 77
, 217
, 41
, 253
, 225
, 69
, 189
, 105
, 65
, 229
, 54
, 240
, 278
, 16
, 35
, 259
, 12
, 282
, 19
, 275
, 237
, 57
, 174
, 120
, 165
, 129
, 281
, 13
, 189
, 105
, 105
, 189
, 283
, 11
, 247
, 47
, 154
, 140
, 12
, 282
, 72
, 222
, 200
, 94
, 1
, 293
, 188
, 106
, 53
, 241
, 32
, 262
, 34
, 260
, 188
, 106
, 194
, 100
, 290
, 4
, 53
, 241
, 253
, 41
, 101
, 193
, 48
, 246
, 136
, 158
, 271
, 23
, 247
, 47
, 284
, 10
, 78
, 216
, 143
, 151
, 201
, 93
, 283
, 11
, 112
, 182
, 173
, 121
, 162
, 132
, 243
, 51
, 210
, 84
, 50
, 244
, 72
, 222
, 75
, 219
, 141
, 153
, 162
, 132
, 116
, 178
, 116
, 178
, 37
, 257
, 243
, 51
, 273
, 21
, 73
, 221
, 59
, 235
, 201
, 93
, 88
, 206
, 95
, 199
, 57
, 237
, 71
, 223
, 40
, 254
, 279
, 15
, 153
, 141
, 290
, 4
, 85
, 209
, 76
, 218
, 42
, 252
, 35
, 259
, 101
, 193
, 28
, 266
, 157
, 137
, 174
, 120
, 121
, 173
, 8
, 286
, 21
, 273
, 16
, 278
, 160
, 134
, 193
, 101
, 177
, 117
, 276
, 18
, 89
, 205
, 227
, 67
, 42
, 252
, 222
, 72
, 44
, 250
, 62
, 232
, 194
, 100
, 76
, 218
, 133
, 161
, 149
, 145
, 226
, 68
, 126
, 168
, 167
, 127
, 178
, 116
, 107
, 187
, 256
, 38
, 76
, 218
, 166
, 128
, 255
, 39
, 148
, 146
, 170
, 124
, 224
, 70
, 4
, 290
, 10
, 284
, 64
, 230
, 70
, 224
, 175
, 119
, 90
, 204
, 96
, 198
, 92
, 202
, 94
, 200
, 67
, 227
, 79
, 215
, 187
, 107
, 194
, 100
, 242
, 52
, 238
, 56
, 140
, 154
, 133
, 161
, 292
, 2
, 51
, 243
, 7
, 287
, 30
, 264
, 51
, 243
, 173
, 121
, 101
, 193
, 107
, 187
, 111
, 183
, 11
, 283
, 175
, 119
, 280
, 14
, 204
, 90
, 246
, 48
, 214
, 80
, 51
, 243
, 119
, 175
, 194
, 100
, 17
, 277
, 129
, 165
, 212
, 82
, 118
, 176
, 253
, 41
, 189
, 105
, 63
, 231
, 282
, 12
, 62
, 232
, 139
, 155
, 148
, 146
, 184
, 110
, 75
, 219
, 218
, 76
, 103
, 191
, 247
, 47
, 219
, 75
, 117
, 177
, 241
, 53
, 261
, 33
, 108
, 186
, 99
, 195
, 246
, 48
, 290
, 4
, 44
, 250
, 191
, 103
, 1
, 293
, 123
, 171
, 169
, 125
, 152
, 142
, 140
, 154
, 174
, 120
, 197
, 97
, 156
, 138
, 64
, 230
, 33
, 261
, 212
, 82
, 92
, 202
, 287
, 7
, 262
, 32
, 179
, 115
, 191
, 103
, 273
, 21
, 20
, 274
, 11
, 283
, 137
, 157
, 288
, 6
, 201
, 93
, 288
, 6
, 1
, 293
, 66
, 228
, 100
, 194
, 167
, 127
, 288
, 6
, 270
, 24
, 74
, 220
, 112
, 182
, 149
, 145
, 169
, 125
, 75
, 219
, 51
, 243
, 289
, 5
, 268
, 26
, 31
, 263
, 206
, 88
, 133
, 161
, 201
, 93
, 167
, 127
, 119
, 175
, 227
, 67
, 7
, 287
, 95
, 199
, 243
, 51
, 28
, 266
, 233
, 61
, 265
, 29
, 242
, 52
, 58
, 236
, 161
, 133
, 121
, 173
, 88
, 206
, 111
, 183
, 107
, 187
, 2
, 292
, 269
, 25
, 76
, 218
, 101
, 193
, 292
, 2
, 109
, 185
, 220
, 74
, 191
, 103
, 186
, 108
, 285
, 9
, 113
, 181
, 104
, 190
, 62
, 232
, 285
, 9
, 265
, 29
, 177
, 117
, 259
, 35
, 222
, 72
, 259
, 35
, 4
, 290
, 238
, 56
, 269
, 25
, 231
, 63
, 13
, 281
, 56
, 238
, 58
, 236
, 68
, 226
, 124
, 170
, 9
, 285
, 140
, 154
, 207
, 87
, 139
, 155
, 62
, 232
, 23
, 271
, 143
, 151
, 76
, 218
, 121
, 173
, 124
, 170
, 203
, 91
, 39
, 255
, 135
, 159
, 65
, 229
, 234
, 60
, 37
, 257
, 76
, 218
, 122
, 172
, 149
, 145
, 100
, 194
, 21
, 273
, 158
, 136
, 12
, 282
, 28
, 266
, 153
, 141
, 245
, 49
, 193
, 101
, 4
, 290
, 153
, 141
, 149
, 145
, 215
, 79
, 248
, 46
, 192
, 102
, 172
, 122
, 200
, 94
, 263
, 31
, 61
, 233
, 47
, 247
, 254
, 40
, 221
, 73
, 133
, 161
, 238
, 56
, 131
, 163
, 202
, 92
, 27
, 267
, 258
, 36
, 141
, 153
, 216
, 78
, 239
, 55
, 156
, 138
, 261
, 33
, 138
, 156
, 87
, 207
, 229
, 65
, 288
, 6
, 123
, 171
, 30
, 264
, 250
, 44
, 92
, 202
, 195
, 99
, 174
, 120
, 279
, 15
, 82
, 212
, 204
, 90
, 39
, 255
, 291
, 3
, 265
, 29
, 231
, 63
, 226
, 68
, 199
, 95
, 115
, 179
, 108
, 186
, 274
, 20
, 67
, 227
, 114
, 180
, 79
, 215
, 213
, 81
, 271
, 23
, 42
, 252
, 153
, 141
, 102
, 192
, 218
, 76
, 170
, 124
, 13
, 281
, 201
, 93
, 184
, 110
, 257
, 37
, 141
, 153
, 127
, 167
, 188
, 106
, 33
, 261
, 88
, 206
, 158
, 136
, 285
, 9
, 139
, 155
, 19
, 275
, 271
, 23
, 61
, 233
, 17
, 277
, 172
, 122
, 252
, 42
, 21
, 273
, 78
, 216
, 176
, 118
, 236
, 58
, 17
, 277
, 162
, 132
, 11
, 283
, 33
, 261
, 74
, 220
, 37
, 257
, 226
, 68
, 166
, 128
, 52
, 242
, 221
, 73
, 266
, 28
, 131
, 163
, 199
, 95
, 187
, 107
, 94
, 200
, 83
, 211
, 225
, 69
, 50
, 244
, 24
, 270
, 22
, 272
, 163
, 131
, 66
, 228
, 42
, 252
, 127
, 167
, 157
, 137
, 49
, 245
, 54
, 240
, 136
, 158
, 77
, 217
, 59
, 235
, 127
, 167
, 201
, 93
, 217
, 77
, 161
, 133
, 178
, 116
, 78
, 216
, 106
, 188
, 44
, 250
, 43
, 251
, 117
, 177
, 155
, 139
, 174
, 120
, 36
, 258
, 139
, 155
, 234
, 60
, 39
, 255
, 30
, 264
, 193
, 101
, 198
, 96
, 6
, 288
, 181
, 113
, 85
, 209
, 113
, 181
, 33
, 261
, 46
, 248
, 118
, 176
, 108
, 186
, 264
, 30
, 210
, 84
, 256
, 38
, 125
, 169
, 86
, 208
, 65
, 229
, 240
, 54
, 276
, 18
, 201
, 93
, 88
, 206
, 207
, 87
, 117
, 177
, 290
, 4
, 35
, 259
, 212
, 82
, 211
, 83
, 235
, 59
, 251
, 43
, 151
, 143
, 179
, 115
, 83
, 211
, 70
, 224
, 37
, 257
, 166
, 128
, 170
, 124
, 60
, 234
, 67
, 227
, 138
, 156
, 273
, 21
, 23
, 271
, 172
, 122
, 196
, 98
, 159
, 135
, 15
, 279
, 267
, 27
, 159
, 135
, 268
, 26
, 56
, 238
, 53
, 241
, 123
, 171
, 66
, 228
, 56
, 238
, 217
, 77
, 9
, 285
, 29
, 265
, 290
, 4
, 197
, 97
, 213
, 81
, 282
, 12
, 244
, 50
, 87
, 207
, 285
, 9
, 38
, 256
, 235
, 59
, 291
, 3
, 129
, 165
, 74
, 220
, 199
, 95
, 101
, 193
, 47
, 247
, 39
, 255
, 103
, 191
, 134
, 160
, 7
, 287
, 34
, 260
, 240
, 54
, 6
, 288
, 94
, 200
, 87
, 207
, 71
, 223
, 190
, 104
, 4
, 290
, 32
, 262
, 279
, 15
, 184
, 110
, 96
, 198
, 83
, 211
, 151
, 143
, 115
, 179
, 181
, 113
, 28
, 266
, 245
, 49
, 267
, 27
, 226
, 68
, 152
, 142
, 161
, 133
, 153
, 141
, 73
, 221
, 110
, 184
, 252
, 42
, 251
, 43
, 13
, 281
, 115
, 179
, 74
, 220
, 68
, 226
, 212
, 82
, 170
, 124
, 17
, 277
, 219
, 75
, 128
, 166
, 145
, 149
, 53
, 241
, 139
, 155
, 61
, 233
, 35
, 259
, 287
, 7
, 66
, 228
, 262
, 32
, 271
, 23
, 71
, 223
, 54
, 240
, 245
, 49
, 199
, 95
, 105
, 189
, 94
, 200
, 79
, 215
, 50
, 244
, 228
, 66
, 17
, 277
, 132
, 162
, 16
, 278
, 266
, 28
, 199
, 95
, 116
, 178
, 70
, 224
, 91
, 203
, 73
, 221
, 225
, 69
, 70
, 224
, 272
, 22
, 245
, 49
, 136
, 158
, 199
, 95
, 18
, 276
, 189
, 105
, 112
, 182
, 251
, 43
, 98
, 196
, 74
, 220
, 184
, 110
, 87
, 207
, 98
, 196
, 147
, 147
, 29
, 265
, 163
, 131
, 80
, 214
, 110
, 184
, 67
, 227
, 21
, 273
, 201
, 93
, 57
, 237
, 21
, 273
, 283
, 11
, 211
, 83
, 157
, 137
, 147
, 147
, 278
, 16
, 127
, 167
, 272
, 22
, 274
, 20
, 176
, 118
, 126
, 168
, 182
, 112
, 26
, 268
, 130
, 164
, 108
, 186
, 128
, 166
, 166
, 128
, 239
, 55
, 67
, 227
, 155
, 139
, 20
, 274
, 107
, 187
, 62
, 232
, 250
, 44
, 136
, 158
, 20
, 274
, 153
, 141
, 112
, 182
, 134
, 160
, 189
, 105
, 175
, 119
, 89
, 205
, 67
, 227
, 176
, 118
, 97
, 197
, 152
, 142
, 265
, 29
, 237
, 57
, 16
, 278
, 137
, 157
, 96
, 198
, 263
, 31
, 14
, 280
, 241
, 53
, 37
, 257
, 162
, 132
, 214
, 80
, 154
, 140
, 67
, 227
, 55
, 239
, 41
, 253
, 216
, 78
, 156
, 138
, 196
, 98
, 258
, 36
, 291
, 3
, 233
, 61
, 40
, 254
, 280
, 14
, 4
, 290
, 152
, 142
, 12
, 282
, 55
, 239
, 8
, 286
, 42
, 252
, 38
, 256
, 23
, 271
, 260
, 34
, 65
, 229
, 194
, 100
, 142
, 152
, 278
, 16
, 85
, 209
, 273
, 21
, 267
, 27
, 138
, 156
, 219
, 75
, 71
, 223
, 172
, 122
, 260
, 34
, 132
, 162
, 16
, 278
, 174
, 120
, 73
, 221
, 250
, 44
, 72
, 222
, 133
, 161
, 164
, 130
, 276
, 18
, 95
, 199
, 99
, 195
, 3
, 291
, 188
, 106
, 205
, 89
, 216
, 78
, 292
, 2
, 104
, 190
, 118
, 176
, 224
, 70
, 48
, 246
, 278
, 16
, 141
, 153
, 203
, 91
, 282
, 12
, 104
, 190
, 30
, 264
, 161
, 133
, 285
, 9
, 204
, 90
, 241
, 53
, 98
, 196
, 27
, 267
, 59
, 235
, 79
, 215
, 106
, 188
, 61
, 233
, 30
, 264
, 197
, 97
, 180
, 114
, 117
, 177
, 155
, 139
, 217
, 77
, 107
, 187
, 181
, 113
, 154
, 140
, 98
, 196
, 114
, 180
, 129
, 165
, 60
, 234
, 25
, 269
, 157
, 137
, 266
, 28
, 20
, 274
, 207
, 87
, 3
, 291
, 47
, 247
, 262
, 32
, 126
, 168
, 90
, 204
, 51
, 243
, 44
, 250
, 12
, 282
, 83
, 211
, 274
, 20
, 82
, 212
, 235
, 59
, 148
, 146
, 28
, 266
, 215
, 79
, 182
, 112
, 218
, 76
, 233
, 61
, 217
, 77
, 110
, 184
, 253
, 41
, 196
, 98
, 268
, 26
, 266
, 28
, 116
, 178
, 67
, 227
, 103
, 191
, 266
, 28
, 75
, 219
, 43
, 251
, 106
, 188
, 281
, 13
, 64
, 230
, 184
, 110
, 183
, 111
, 229
, 65
, 140
, 154
, 283
, 11
, 219
, 75
, 200
, 94
, 100
, 194
, 197
, 97
, 270
, 24
, 172
, 122
, 182
, 112
, 144
, 150
, 80
, 214
, 138
, 156
, 48
, 246
, 56
, 238
, 33
, 261
, 140
, 154
, 149
, 145
, 42
, 252
, 39
, 255
, 222
, 72
, 110
, 184
, 147
, 147
, 61
, 233
, 283
, 11
, 238
, 56
, 217
, 77
, 35
, 259
, 270
, 24
, 137
, 157
, 218
, 76
, 84
, 210
, 174
, 120
, 123
, 171
, 119
, 175
, 27
, 267
, 285
, 9
, 58
, 236
, 257
, 37
, 244
, 50
, 152
, 142
, 204
, 90
, 63
, 231
, 152
, 142
, 57
, 237
, 87
, 207
, 38
, 256
, 269
, 25
, 174
, 120
, 170
, 124
, 288
, 6
, 200
, 94
, 145
, 149
, 226
, 68
, 263
, 31
, 9
, 285
, 226
, 68
, 8
, 286
, 291
, 3
, 5
, 289
, 192
, 102
, 207
, 87
, 228
, 66
, 100
, 194
, 291
, 3
, 109
, 185
, 290
, 4
, 49
, 245
, 12
, 282
, 99
, 195
, 4
, 290
, 235
, 59
, 110
, 184
, 138
, 156
, 199
, 95
, 247
, 47
, 92
, 202
, 280
, 14
, 49
, 245
, 122
, 172
, 62
, 232
, 206
, 88
, 81
, 213
, 209
, 85
, 155
, 139
, 245
, 49
, 277
, 17
, 145
, 149
, 113
, 181
, 207
, 87
, 151
, 143
, 56
, 238
, 79
, 215
, 261
, 33
, 127
, 167
, 122
, 172
, 247
, 47
, 90
, 204
, 72
, 222
, 35
, 259
, 186
, 108
, 66
, 228
, 111
, 183
, 111
, 183
, 273
, 21
, 243
, 51
, 46
, 248
, 27
, 267
, 104
, 190
, 202
, 92
, 64
, 230
, 63
, 231
, 267
, 27
, 225
, 69
, 43
, 251
, 129
, 165
, 63
, 231
, 73
, 221
, 262
, 32
, 98
, 196
, 203
, 91
, 124
, 170
, 207
, 87
, 95
, 199
, 22
, 272
, 235
, 59
, 141
, 153
, 12
, 282
, 246
, 48
, 183
, 111
, 30
, 264
, 55
, 239
, 221
, 73
, 234
, 60
, 99
, 195
, 106
, 188
, 185
, 109
, 228
, 66
, 208
, 86
, 259
, 35
, 235
, 59
, 179
, 115
, 18
, 276
, 177
, 117
, 227
, 67
, 208
, 86
, 199
, 95
, 165
, 129
, 210
, 84
, 32
, 262
, 49
, 245
, 67
, 227
, 194
, 100
, 79
, 215
, 244
, 50
, 14
, 280
, 184
, 110
, 223
, 71
, 69
, 225
, 257
, 37
, 68
, 226
, 207
, 87
, 189
, 105
, 257
, 37
, 16
, 278
, 251
, 43
, 106
, 188
, 68
, 226
, 74
, 220
, 183
, 111
, 207
, 87
, 97
, 197
, 253
, 41
, 286
, 8
, 95
, 199
, 69
, 225
, 131
, 163
, 229
, 65
, 29
, 265
, 29
, 265
, 32
, 262
, 70
, 224
, 21
, 273
, 47
, 247
, 69
, 225
, 114
, 180
, 276
, 18
, 49
, 245
, 38
, 256
, 256
, 38
, 218
, 76
, 252
, 42
, 178
, 116
, 234
, 60
, 237
, 57
, 20
, 274
, 175
, 119
, 243
, 51
, 85
, 209
, 235
, 59
, 187
, 107
, 217
, 77
, 55
, 239
, 245
, 49
, 32
, 262
, 53
, 241
, 224
, 70
, 222
, 72
, 264
, 30
, 116
, 178
, 135
, 159
, 125
, 169
, 290
, 4
, 42
, 252
, 253
, 41
, 180
, 114
, 150
, 144
, 139
, 155
, 212
, 82
, 222
, 72
, 43
, 251
, 221
, 73
, 232
, 62
, 15
, 279
, 8
, 286
, 264
, 30
, 287
, 7
, 26
, 268
, 11
, 283
, 41
, 253
, 237
, 57
, 58
, 236
, 240
, 54
, 201
, 93
, 76
, 218
, 243
, 51
, 78
, 216
, 110
, 184
, 49
, 245
, 195
, 99
, 154
, 140
, 84
, 210
, 4
, 290
, 2
, 292
, 260
, 34
, 152
, 142
, 22
, 272
, 165
, 129
, 272
, 22
, 194
, 100
, 46
, 248
, 75
, 219
, 178
, 116
, 220
, 74
, 246
, 48
, 256
, 38
, 145
, 149
, 48
, 246
, 164
, 130
, 79
, 215
, 228
, 66
, 137
, 157
, 228
, 66
, 9
, 285
, 11
, 283
, 263
, 31
, 161
, 133
, 196
, 98
, 40
, 254
, 112
, 182
, 53
, 241
, 141
, 153
, 199
, 95
, 103
, 191
, 245
, 49
, 20
, 274
, 130
, 164
, 119
, 175
, 29
, 265
, 180
, 114
, 5
, 289
, 44
, 250
, 256
, 38
, 113
, 181
, 93
, 201
, 38
, 256
, 141
, 153
, 178
, 116
, 233
, 61
, 141
, 153
, 263
, 31
, 276
, 18
, 239
, 55
, 114
, 180
, 222
, 72
, 136
, 158
, 127
, 167
, 277
, 17
, 159
, 135
, 247
, 47
, 91
, 203
, 183
, 111
, 258
, 36
, 236
, 58
, 280
, 14
, 177
, 117
, 203
, 91
, 132
, 162
, 246
, 48
, 74
, 220
, 59
, 235
, 212
, 82
, 198
, 96
, 118
, 176
, 9
, 285
, 238
, 56
, 55
, 239
, 126
, 168
, 72
, 222
, 31
, 263
, 265
, 29
, 153
, 141
, 164
, 130
, 102
, 192
, 231
, 63
, 232
, 62
, 82
, 212
, 24
, 270
, 102
, 192
, 116
, 178
, 181
, 113
, 130
, 164
, 85
, 209
, 120
, 174
, 252
, 42
, 76
, 218
, 107
, 187
, 223
, 71
, 130
, 164
, 107
, 187
, 272
, 22
, 185
, 109
, 264
, 30
, 227
, 67
, 46
, 248
, 265
, 29
, 82
, 212
, 119
, 175
, 96
, 198
, 277
, 17
, 30
, 264
, 271
, 23
, 18
, 276
, 20
, 274
, 55
, 239
, 7
, 287
, 110
, 184
, 162
, 132
, 223
, 71
, 13
, 281
, 26
, 268
, 157
, 137
, 30
, 264
, 123
, 171
, 25
, 269
, 271
, 23
, 231
, 63
, 90
, 204
, 116
, 178
, 15
, 279
, 71
, 223
, 259
, 35
, 95
, 199
, 288
, 6
, 157
, 137
, 212
, 82
, 138
, 156
, 58
, 236
, 263
, 31
, 168
, 126
, 73
, 221
, 220
, 74
, 105
, 189
, 233
, 61
, 22
, 272
, 259
, 35
, 155
, 139
, 134
, 160
, 119
, 175
, 12
, 282
, 116
, 178
, 274
, 20
, 19
, 275
, 132
, 162
, 129
, 165
, 116
, 178
, 21
, 273
, 120
, 174
, 85
, 209
, 61
, 233
, 50
, 244
, 85
, 209
, 273
, 21
, 176
, 118
, 168
, 126
, 70
, 224
, 44
, 250
, 74
, 220
, 153
, 141
, 118
, 176
, 76
, 218
, 153
, 141
, 156
, 138
, 170
, 124
, 33
, 261
, 199
, 95
, 150
, 144
, 277
, 17
, 148
, 146
, 91
, 203
, 1
, 293
, 41
, 253
, 88
, 206
, 269
, 25
, 144
, 150
, 191
, 103
, 93
, 201
, 144
, 150
, 182
, 112
, 194
, 100
, 269
, 25
, 173
, 121
, 2
, 292
, 231
, 63
, 171
, 123
, 164
, 130
, 77
, 217
, 264
, 30
, 245
, 49
, 234
, 60
, 278
, 16
, 207
, 87
, 161
, 133
, 97
, 197
, 36
, 258
, 26
, 268
, 86
, 208
, 171
, 123
, 191
, 103
, 69
, 225
, 116
, 178
, 219
, 75
, 34
, 260
, 13
, 281
, 146
, 148
, 248
, 46
, 240
, 54
, 7
, 287
, 81
, 213
, 259
, 35
, 175
, 119
, 207
, 87
, 44
, 250
, 254
, 40
, 27
, 267
, 273
, 21
, 72
, 222
, 41
, 253
, 260
, 34
, 53
, 241
, 201
, 93
, 65
, 229
, 174
, 120
, 202
, 92
, 131
, 163
, 119
, 175
, 41
, 253
, 68
, 226
, 29
, 265
, 38
, 256
, 237
, 57
, 153
, 141
, 168
, 126
, 192
, 102
, 148
, 146
, 16
, 278
, 163
, 131
, 120
, 174
, 11
, 283
, 69
, 225
, 285
, 9
, 53
, 241
, 174
, 120
, 112
, 182
, 149
, 145
, 80
, 214
, 33
, 261
, 35
, 259
, 259
, 35
, 249
, 45
, 213
, 81
, 80
, 214
, 285
, 9
, 50
, 244
, 62
, 232
, 152
, 142
, 68
, 226
, 214
, 80
, 112
, 182
, 272
, 22
, 225
, 69
, 89
, 205
, 57
, 237
, 2
, 292
, 215
, 79
, 187
, 107
, 11
, 283
, 278
, 16
, 80
, 214
, 131
, 163
, 23
, 271
, 24
, 270
, 44
, 250
