
2860
, 117
, 15
, 34
, 98
, 80
, 52
, 130
, 2
, 113
, 19
, 65
, 67
, 7
, 125
, 111
, 21
, 67
, 65
, 13
, 119
, 46
, 86
, 2
, 130
, 87
, 45
, 128
, 4
, 65
, 67
, 118
, 14
, 122
, 10
, 36
, 96
, 50
, 82
, 50
, 82
, 111
, 21
, 80
, 52
, 39
, 93
, 65
, 67
, 69
, 63
, 108
, 24
, 16
, 116
, 5
, 127
, 95
, 37
, 33
, 99
, 130
, 2
, 1
, 131
, 26
, 106
, 37
, 95
, 29
, 103
, 22
, 110
, 87
, 45
, 90
, 42
, 32
, 100
, 85
, 47
, 49
, 83
, 99
, 33
, 113
, 19
, 83
, 49
, 101
, 31
, 75
, 57
, 66
, 66
, 31
, 101
, 32
, 100
, 126
, 6
, 65
, 67
, 44
, 88
, 104
, 28
, 98
, 34
, 12
, 120
, 50
, 82
, 60
, 72
, 54
, 78
, 129
, 3
, 69
, 63
, 27
, 105
, 92
, 40
, 14
, 118
, 48
, 84
, 79
, 53
, 33
, 99
, 115
, 17
, 96
, 36
, 113
, 19
, 76
, 56
, 73
, 59
, 70
, 62
, 4
, 128
, 41
, 91
, 34
, 98
, 70
, 62
, 82
, 50
, 35
, 97
, 4
, 128
, 47
, 85
, 77
, 55
, 74
, 58
, 119
, 13
, 24
, 108
, 98
, 34
, 115
, 17
, 91
, 41
, 108
, 24
, 51
, 81
, 34
, 98
, 9
, 123
, 11
, 121
, 116
, 16
, 21
, 111
, 89
, 43
, 88
, 44
, 122
, 10
, 67
, 65
, 72
, 60
, 4
, 128
, 9
, 123
, 100
, 32
, 109
, 23
, 126
, 6
, 101
, 31
, 123
, 9
, 63
, 69
, 82
, 50
, 61
, 71
, 128
, 4
, 90
, 42
, 130
, 2
, 8
, 124
, 94
, 38
, 34
, 98
, 68
, 64
, 88
, 44
, 71
, 61
, 124
, 8
, 10
, 122
, 24
, 108
, 75
, 57
, 127
, 5
, 9
, 123
, 72
, 60
, 120
, 12
, 93
, 39
, 6
, 126
, 42
, 90
, 52
, 80
, 104
, 28
, 111
, 21
, 6
, 126
, 128
, 4
, 125
, 7
, 42
, 90
, 40
, 92
, 50
, 82
, 109
, 23
, 117
, 15
, 113
, 19
, 61
, 71
, 8
, 124
, 59
, 73
, 66
, 66
, 10
, 122
, 95
, 37
, 39
, 93
, 57
, 75
, 38
, 94
, 28
, 104
, 119
, 13
, 72
, 60
, 63
, 69
, 123
, 9
, 52
, 80
, 106
, 26
, 111
, 21
, 77
, 55
, 92
, 40
, 37
, 95
, 123
, 9
, 64
, 68
, 130
, 2
, 73
, 59
, 2
, 130
, 10
, 122
, 63
, 69
, 74
, 58
, 57
, 75
, 56
, 76
, 38
, 94
, 37
, 95
, 8
, 124
, 60
, 72
, 76
, 56
, 70
, 62
, 1
, 131
, 95
, 37
, 53
, 79
, 24
, 108
, 22
, 110
, 7
, 125
, 20
, 112
, 114
, 18
, 52
, 80
, 84
, 48
, 84
, 48
, 129
, 3
, 23
, 109
, 114
, 18
, 68
, 64
, 121
, 11
, 113
, 19
, 25
, 107
, 9
, 123
, 55
, 77
, 67
, 65
, 78
, 54
, 102
, 30
, 58
, 74
, 99
, 33
, 26
, 106
, 15
, 117
, 42
, 90
, 27
, 105
, 82
, 50
, 67
, 65
, 15
, 117
, 96
, 36
, 64
, 68
, 22
, 110
, 5
, 127
, 107
, 25
, 129
, 3
, 102
, 30
, 60
, 72
, 17
, 115
, 16
, 116
, 8
, 124
, 47
, 85
, 16
, 116
, 41
, 91
, 83
, 49
, 1
, 131
, 40
, 92
, 103
, 29
, 53
, 79
, 31
, 101
, 35
, 97
, 84
, 48
, 124
, 8
, 83
, 49
, 59
, 73
, 129
, 3
, 129
, 3
, 42
, 90
, 91
, 41
, 11
, 121
, 121
, 11
, 71
, 61
, 80
, 52
, 52
, 80
, 94
, 38
, 24
, 108
, 68
, 64
, 29
, 103
, 53
, 79
, 116
, 16
, 53
, 79
, 111
, 21
, 118
, 14
, 7
, 125
, 111
, 21
, 58
, 74
, 127
, 5
, 122
, 10
, 6
, 126
, 94
, 38
, 18
, 114
, 58
, 74
, 99
, 33
, 123
, 9
, 8
, 124
, 92
, 40
, 45
, 87
, 43
, 89
, 50
, 82
, 80
, 52
, 99
, 33
, 80
, 52
, 16
, 116
, 25
, 107
, 113
, 19
, 125
, 7
, 126
, 6
, 60
, 72
, 106
, 26
, 112
, 20
, 74
, 58
, 116
, 16
, 37
, 95
, 31
, 101
, 110
, 22
, 25
, 107
, 1
, 131
, 115
, 17
, 112
, 20
, 63
, 69
, 64
, 68
, 117
, 15
, 130
, 2
, 35
, 97
, 88
, 44
, 26
, 106
, 110
, 22
, 48
, 84
, 86
, 46
, 76
, 56
, 50
, 82
, 127
, 5
, 80
, 52
, 109
, 23
, 67
, 65
, 57
, 75
, 22
, 110
, 123
, 9
, 6
, 126
, 127
, 5
, 53
, 79
, 40
, 92
, 30
, 102
, 117
, 15
, 79
, 53
, 7
, 125
, 81
, 51
, 75
, 57
, 15
, 117
, 115
, 17
, 119
, 13
, 26
, 106
, 48
, 84
, 73
, 59
, 18
, 114
, 82
, 50
, 79
, 53
, 45
, 87
, 96
, 36
, 79
, 53
, 129
, 3
, 121
, 11
, 16
, 116
, 49
, 83
, 53
, 79
, 129
, 3
, 119
, 13
, 37
, 95
, 16
, 116
, 107
, 25
, 93
, 39
, 105
, 27
, 5
, 127
, 128
, 4
, 77
, 55
, 82
, 50
, 108
, 24
, 124
, 8
, 53
, 79
, 53
, 79
, 42
, 90
, 85
, 47
, 92
, 40
, 14
, 118
, 124
, 8
, 107
, 25
, 129
, 3
, 23
, 109
, 70
, 62
, 26
, 106
, 110
, 22
, 93
, 39
, 20
, 112
, 119
, 13
, 90
, 42
, 80
, 52
, 117
, 15
, 83
, 49
, 62
, 70
, 106
, 26
, 43
, 89
, 56
, 76
, 73
, 59
, 118
, 14
, 29
, 103
, 95
, 37
, 33
, 99
, 15
, 117
, 110
, 22
, 4
, 128
, 80
, 52
, 94
, 38
, 114
, 18
, 9
, 123
, 105
, 27
, 106
, 26
, 85
, 47
, 10
, 122
, 17
, 115
, 32
, 100
, 4
, 128
, 45
, 87
, 48
, 84
, 42
, 90
, 15
, 117
, 4
, 128
, 56
, 76
, 130
, 2
, 107
, 25
, 108
, 24
, 129
, 3
, 105
, 27
, 92
, 40
, 6
, 126
, 18
, 114
, 111
, 21
, 4
, 128
, 93
, 39
, 23
, 109
, 2
, 130
, 106
, 26
, 123
, 9
, 125
, 7
, 2
, 130
, 117
, 15
, 118
, 14
, 104
, 28
, 130
, 2
, 57
, 75
, 55
, 77
, 69
, 63
, 121
, 11
, 116
, 16
, 64
, 68
, 93
, 39
, 96
, 36
, 127
, 5
, 123
, 9
, 88
, 44
, 109
, 23
, 118
, 14
, 80
, 52
, 66
, 66
, 77
, 55
, 90
, 42
, 35
, 97
, 56
, 76
, 86
, 46
, 69
, 63
, 128
, 4
, 38
, 94
, 40
, 92
, 56
, 76
, 80
, 52
, 104
, 28
, 55
, 77
, 111
, 21
, 61
, 71
, 83
, 49
, 110
, 22
, 129
, 3
, 107
, 25
, 26
, 106
, 1
, 131
, 3
, 129
, 1
, 131
, 77
, 55
, 106
, 26
, 6
, 126
, 90
, 42
, 7
, 125
, 111
, 21
, 83
, 49
, 45
, 87
, 34
, 98
, 90
, 42
, 35
, 97
, 39
, 93
, 83
, 49
, 7
, 125
, 22
, 110
, 98
, 34
, 25
, 107
, 12
, 120
, 107
, 25
, 52
, 80
, 57
, 75
, 114
, 18
, 74
, 58
, 31
, 101
, 60
, 72
, 35
, 97
, 109
, 23
, 109
, 23
, 111
, 21
, 59
, 73
, 39
, 93
, 128
, 4
, 115
, 17
, 114
, 18
, 99
, 33
, 1
, 131
, 17
, 115
, 77
, 55
, 6
, 126
, 76
, 56
, 64
, 68
, 76
, 56
, 15
, 117
, 67
, 65
, 103
, 29
, 120
, 12
, 124
, 8
, 61
, 71
, 91
, 41
, 6
, 126
, 32
, 100
, 83
, 49
, 2
, 130
, 36
, 96
, 85
, 47
, 95
, 37
, 55
, 77
, 125
, 7
, 16
, 116
, 98
, 34
, 35
, 97
, 108
, 24
, 127
, 5
, 20
, 112
, 29
, 103
, 44
, 88
, 98
, 34
, 26
, 106
, 123
, 9
, 47
, 85
, 112
, 20
, 17
, 115
, 50
, 82
, 119
, 13
, 125
, 7
, 86
, 46
, 65
, 67
, 47
, 85
, 94
, 38
, 27
, 105
, 34
, 98
, 8
, 124
, 69
, 63
, 96
, 36
, 45
, 87
, 39
, 93
, 122
, 10
, 9
, 123
, 128
, 4
, 34
, 98
, 78
, 54
, 70
, 62
, 99
, 33
, 3
, 129
, 70
, 62
, 23
, 109
, 104
, 28
, 117
, 15
, 87
, 45
, 60
, 72
, 57
, 75
, 31
, 101
, 98
, 34
, 17
, 115
, 124
, 8
, 50
, 82
, 101
, 31
, 41
, 91
, 59
, 73
, 40
, 92
, 96
, 36
, 44
, 88
, 52
, 80
, 72
, 60
, 52
, 80
, 89
, 43
, 18
, 114
, 88
, 44
, 23
, 109
, 107
, 25
, 36
, 96
, 96
, 36
, 26
, 106
, 102
, 30
, 44
, 88
, 23
, 109
, 5
, 127
, 2
, 130
, 32
, 100
, 113
, 19
, 78
, 54
, 59
, 73
, 116
, 16
, 34
, 98
, 16
, 116
, 47
, 85
, 45
, 87
, 89
, 43
, 107
, 25
, 45
, 87
, 124
, 8
, 60
, 72
, 95
, 37
, 22
, 110
, 25
, 107
, 8
, 124
, 17
, 115
, 124
, 8
, 49
, 83
, 14
, 118
, 12
, 120
, 5
, 127
, 71
, 61
, 52
, 80
, 22
, 110
, 3
, 129
, 89
, 43
, 33
, 99
, 38
, 94
, 66
, 66
, 114
, 18
, 15
, 117
, 105
, 27
, 97
, 35
, 81
, 51
, 122
, 10
, 103
, 29
, 77
, 55
, 104
, 28
, 83
, 49
, 70
, 62
, 55
, 77
, 86
, 46
, 84
, 48
, 121
, 11
, 50
, 82
, 20
, 112
, 76
, 56
, 119
, 13
, 96
, 36
, 3
, 129
, 120
, 12
, 115
, 17
, 116
, 16
, 101
, 31
, 107
, 25
, 76
, 56
, 54
, 78
, 91
, 41
, 74
, 58
, 27
, 105
, 38
, 94
, 13
, 119
, 10
, 122
, 53
, 79
, 101
, 31
, 63
, 69
, 76
, 56
, 72
, 60
, 37
, 95
, 103
, 29
, 44
, 88
, 39
, 93
, 10
, 122
, 70
, 62
, 44
, 88
, 70
, 62
, 67
, 65
, 106
, 26
, 129
, 3
, 78
, 54
, 29
, 103
, 121
, 11
, 45
, 87
, 69
, 63
, 91
, 41
, 111
, 21
, 85
, 47
, 19
, 113
, 105
, 27
, 120
, 12
, 53
, 79
, 2
, 130
, 28
, 104
, 43
, 89
, 17
, 115
, 24
, 108
, 85
, 47
, 100
, 32
, 38
, 94
, 45
, 87
, 66
, 66
, 23
, 109
, 85
, 47
, 107
, 25
, 8
, 124
, 60
, 72
, 39
, 93
, 83
, 49
, 66
, 66
, 105
, 27
, 103
, 29
, 43
, 89
, 87
, 45
, 74
, 58
, 7
, 125
, 116
, 16
, 48
, 84
, 24
, 108
, 62
, 70
, 38
, 94
, 28
, 104
, 73
, 59
, 23
, 109
, 54
, 78
, 67
, 65
, 76
, 56
, 67
, 65
, 31
, 101
, 73
, 59
, 51
, 81
, 70
, 62
, 46
, 86
, 1
, 131
, 22
, 110
, 65
, 67
, 112
, 20
, 46
, 86
, 68
, 64
, 10
, 122
, 66
, 66
, 87
, 45
, 52
, 80
, 91
, 41
, 111
, 21
, 118
, 14
, 21
, 111
, 26
, 106
, 100
, 32
, 120
, 12
, 28
, 104
, 73
, 59
, 105
, 27
, 117
, 15
, 7
, 125
, 37
, 95
, 56
, 76
, 84
, 48
, 18
, 114
, 58
, 74
, 38
, 94
, 51
, 81
, 106
, 26
, 93
, 39
, 75
, 57
, 45
, 87
, 87
, 45
, 69
, 63
, 70
, 62
, 45
, 87
, 41
, 91
, 75
, 57
, 17
, 115
, 92
, 40
, 78
, 54
, 86
, 46
, 123
, 9
, 23
, 109
, 81
, 51
, 111
, 21
, 3
, 129
, 45
, 87
, 104
, 28
, 109
, 23
, 80
, 52
, 75
, 57
, 20
, 112
, 108
, 24
, 80
, 52
, 84
, 48
, 97
, 35
, 89
, 43
, 76
, 56
, 37
, 95
, 29
, 103
, 118
, 14
, 71
, 61
, 6
, 126
, 105
, 27
, 48
, 84
, 18
, 114
, 23
, 109
, 125
, 7
, 37
, 95
, 45
, 87
, 33
, 99
, 68
, 64
, 53
, 79
, 53
, 79
, 116
, 16
, 24
, 108
, 16
, 116
, 27
, 105
, 109
, 23
, 84
, 48
, 67
, 65
, 24
, 108
, 66
, 66
, 69
, 63
, 50
, 82
, 16
, 116
, 128
, 4
, 125
, 7
, 83
, 49
, 63
, 69
, 56
, 76
, 26
, 106
, 61
, 71
, 121
, 11
, 101
, 31
, 4
, 128
, 123
, 9
, 41
, 91
, 113
, 19
, 124
, 8
, 104
, 28
, 46
, 86
, 11
, 121
, 107
, 25
, 67
, 65
, 1
, 131
, 65
, 67
, 117
, 15
, 29
, 103
, 17
, 115
, 102
, 30
, 23
, 109
, 14
, 118
, 79
, 53
, 95
, 37
, 97
, 35
, 95
, 37
, 102
, 30
, 129
, 3
, 108
, 24
, 96
, 36
, 9
, 123
, 128
, 4
, 91
, 41
, 98
, 34
, 10
, 122
, 21
, 111
, 2
, 130
, 95
, 37
, 11
, 121
, 70
, 62
, 73
, 59
, 14
, 118
, 25
, 107
, 49
, 83
, 30
, 102
, 112
, 20
, 74
, 58
, 121
, 11
, 46
, 86
, 58
, 74
, 87
, 45
, 53
, 79
, 15
, 117
, 79
, 53
, 29
, 103
, 95
, 37
, 41
, 91
, 54
, 78
, 79
, 53
, 54
, 78
, 75
, 57
, 39
, 93
, 100
, 32
, 16
, 116
, 88
, 44
, 99
, 33
, 91
, 41
, 86
, 46
, 92
, 40
, 26
, 106
, 34
, 98
, 63
, 69
, 86
, 46
, 80
, 52
, 57
, 75
, 50
, 82
, 25
, 107
, 32
, 100
, 74
, 58
, 96
, 36
, 80
, 52
, 67
, 65
, 20
, 112
, 18
, 114
, 113
, 19
, 92
, 40
, 114
, 18
, 118
, 14
, 7
, 125
, 128
, 4
, 91
, 41
, 121
, 11
, 107
, 25
, 104
, 28
, 94
, 38
, 19
, 113
, 73
, 59
, 110
, 22
, 28
, 104
, 30
, 102
, 27
, 105
, 26
, 106
, 78
, 54
, 44
, 88
, 107
, 25
, 128
, 4
, 32
, 100
, 7
, 125
, 40
, 92
, 126
, 6
, 104
, 28
, 114
, 18
, 29
, 103
, 2
, 130
, 17
, 115
, 7
, 125
, 56
, 76
, 80
, 52
, 48
, 84
, 33
, 99
, 30
, 102
, 114
, 18
, 21
, 111
, 119
, 13
, 43
, 89
, 57
, 75
, 66
, 66
, 43
, 89
, 32
, 100
, 92
, 40
, 36
, 96
, 56
, 76
, 97
, 35
, 11
, 121
, 116
, 16
, 64
, 68
, 25
, 107
, 116
, 16
, 106
, 26
, 52
, 80
, 80
, 52
, 118
, 14
, 82
, 50
, 72
, 60
, 3
, 129
, 66
, 66
, 40
, 92
, 79
, 53
, 15
, 117
, 37
, 95
, 82
, 50
, 72
, 60
, 129
, 3
, 110
, 22
, 124
, 8
, 68
, 64
, 100
, 32
, 2
, 130
, 124
, 8
, 98
, 34
, 33
, 99
, 90
, 42
, 98
, 34
, 19
, 113
, 106
, 26
, 118
, 14
, 66
, 66
, 33
, 99
, 124
, 8
, 114
, 18
, 38
, 94
, 10
, 122
, 33
, 99
, 82
, 50
, 36
, 96
, 15
, 117
, 14
, 118
, 16
, 116
, 18
, 114
, 11
, 121
, 123
, 9
, 92
, 40
, 9
, 123
, 89
, 43
, 38
, 94
, 59
, 73
, 10
, 122
, 45
, 87
, 76
, 56
, 79
, 53
, 54
, 78
, 41
, 91
, 85
, 47
, 108
, 24
, 79
, 53
, 129
, 3
, 54
, 78
, 86
, 46
, 114
, 18
, 58
, 74
, 24
, 108
, 53
, 79
, 119
, 13
, 102
, 30
, 49
, 83
, 115
, 17
, 51
, 81
, 124
, 8
, 57
, 75
, 115
, 17
, 70
, 62
, 121
, 11
, 72
, 60
, 108
, 24
, 39
, 93
, 44
, 88
, 129
, 3
, 129
, 3
, 39
, 93
, 57
, 75
, 80
, 52
, 7
, 125
, 120
, 12
, 29
, 103
, 24
, 108
, 42
, 90
, 51
, 81
, 60
, 72
, 45
, 87
, 107
, 25
, 79
, 53
, 8
, 124
, 64
, 68
, 99
, 33
, 90
, 42
, 77
, 55
, 15
, 117
, 67
, 65
, 126
, 6
, 128
, 4
, 92
, 40
, 25
, 107
, 48
, 84
, 38
, 94
, 81
, 51
, 8
, 124
, 69
, 63
, 35
, 97
, 114
, 18
, 130
, 2
, 38
, 94
, 68
, 64
, 72
, 60
, 128
, 4
, 91
, 41
, 12
, 120
, 70
, 62
, 89
, 43
, 30
, 102
, 65
, 67
, 42
, 90
, 12
, 120
, 70
, 62
, 63
, 69
, 125
, 7
, 37
, 95
, 97
, 35
, 6
, 126
, 113
, 19
, 126
, 6
, 3
, 129
, 9
, 123
, 27
, 105
, 115
, 17
, 21
, 111
, 127
, 5
, 59
, 73
, 104
, 28
, 79
, 53
, 95
, 37
, 53
, 79
, 75
, 57
, 22
, 110
, 21
, 111
, 121
, 11
, 95
, 37
, 62
, 70
, 22
, 110
, 77
, 55
, 14
, 118
, 111
, 21
, 48
, 84
, 106
, 26
, 125
, 7
, 32
, 100
, 21
, 111
, 68
, 64
, 18
, 114
, 34
, 98
, 55
, 77
, 25
, 107
, 1
, 131
, 109
, 23
, 80
, 52
, 104
, 28
, 99
, 33
, 49
, 83
, 89
, 43
, 57
, 75
, 46
, 86
, 76
, 56
, 53
, 79
, 35
, 97
, 39
, 93
, 73
, 59
, 40
, 92
, 33
, 99
, 95
, 37
, 71
, 61
, 44
, 88
, 81
, 51
, 67
, 65
, 30
, 102
, 32
, 100
, 39
, 93
, 5
, 127
, 7
, 125
, 22
, 110
, 16
, 116
, 15
, 117
, 95
, 37
, 126
, 6
, 114
, 18
, 11
, 121
, 63
, 69
, 60
, 72
, 81
, 51
, 105
, 27
, 121
, 11
, 124
, 8
, 98
, 34
, 83
, 49
, 86
, 46
, 8
, 124
, 33
, 99
, 107
, 25
, 54
, 78
, 28
, 104
, 64
, 68
, 79
, 53
, 71
, 61
, 120
, 12
, 68
, 64
, 19
, 113
, 64
, 68
, 82
, 50
, 40
, 92
, 1
, 131
, 23
, 109
, 123
, 9
, 112
, 20
, 74
, 58
, 41
, 91
, 70
, 62
, 122
, 10
, 22
, 110
, 23
, 109
, 89
, 43
, 89
, 43
, 98
, 34
, 28
, 104
, 78
, 54
, 107
, 25
, 112
, 20
, 59
, 73
, 2
, 130
, 96
, 36
, 94
, 38
, 16
, 116
, 28
, 104
, 90
, 42
, 85
, 47
, 116
, 16
, 125
, 7
, 69
, 63
, 37
, 95
, 90
, 42
, 111
, 21
, 69
, 63
, 129
, 3
, 32
, 100
, 45
, 87
, 121
, 11
, 2
, 130
, 65
, 67
, 43
, 89
, 12
, 120
, 51
, 81
, 5
, 127
, 87
, 45
, 57
, 75
, 124
, 8
, 28
, 104
, 110
, 22
, 86
, 46
, 65
, 67
, 61
, 71
, 24
, 108
, 28
, 104
, 52
, 80
, 90
, 42
, 43
, 89
, 16
, 116
, 13
, 119
, 75
, 57
, 60
, 72
, 125
, 7
, 64
, 68
, 55
, 77
, 48
, 84
, 100
, 32
, 74
, 58
, 39
, 93
, 22
, 110
, 44
, 88
, 103
, 29
, 47
, 85
, 6
, 126
, 89
, 43
, 74
, 58
, 67
, 65
, 114
, 18
, 1
, 131
, 92
, 40
, 32
, 100
, 53
, 79
, 10
, 122
, 44
, 88
, 73
, 59
, 81
, 51
, 106
, 26
, 113
, 19
, 36
, 96
, 74
, 58
, 112
, 20
, 31
, 101
, 60
, 72
, 124
, 8
, 21
, 111
, 4
, 128
, 29
, 103
, 78
, 54
, 100
, 32
, 72
, 60
, 20
, 112
, 107
, 25
, 35
, 97
, 76
, 56
, 113
, 19
, 53
, 79
, 25
, 107
, 91
, 41
, 107
, 25
, 17
, 115
, 112
, 20
, 128
, 4
, 23
, 109
, 2
, 130
, 36
, 96
, 81
, 51
, 42
, 90
, 116
, 16
, 35
, 97
, 45
, 87
, 68
, 64
, 55
, 77
, 17
, 115
, 109
, 23
, 32
, 100
, 67
, 65
, 29
, 103
, 12
, 120
, 26
, 106
, 15
, 117
, 44
, 88
, 125
, 7
, 11
, 121
, 103
, 29
, 42
, 90
, 60
, 72
, 70
, 62
, 50
, 82
, 92
, 40
, 100
, 32
, 71
, 61
, 42
, 90
, 68
, 64
, 7
, 125
, 125
, 7
, 124
, 8
, 10
, 122
, 12
, 120
, 29
, 103
, 5
, 127
, 34
, 98
, 24
, 108
, 2
, 130
, 38
, 94
, 119
, 13
, 2
, 130
, 106
, 26
, 16
, 116
, 25
, 107
, 54
, 78
, 41
, 91
, 22
, 110
, 91
, 41
, 113
, 19
, 46
, 86
, 32
, 100
, 50
, 82
, 109
, 23
, 63
, 69
, 55
, 77
, 63
, 69
, 62
, 70
, 120
, 12
, 9
, 123
, 122
, 10
, 63
, 69
, 49
, 83
, 69
, 63
, 120
, 12
, 19
, 113
, 95
, 37
, 72
, 60
, 7
, 125
, 95
, 37
, 31
, 101
, 116
, 16
, 36
, 96
, 76
, 56
, 37
, 95
, 85
, 47
, 93
, 39
, 5
, 127
, 43
, 89
, 17
, 115
, 83
, 49
, 84
, 48
, 104
, 28
, 117
, 15
, 40
, 92
, 105
, 27
, 105
, 27
, 51
, 81
, 53
, 79
, 12
, 120
, 84
, 48
, 1
, 131
, 28
, 104
, 123
, 9
, 47
, 85
, 129
, 3
, 51
, 81
, 116
, 16
, 127
, 5
, 31
, 101
, 52
, 80
, 39
, 93
, 101
, 31
, 22
, 110
, 118
, 14
, 40
, 92
, 46
, 86
, 121
, 11
, 102
, 30
, 27
, 105
, 4
, 128
, 28
, 104
, 42
, 90
, 112
, 20
, 44
, 88
, 12
, 120
, 63
, 69
, 3
, 129
, 129
, 3
, 116
, 16
, 100
, 32
, 38
, 94
, 81
, 51
, 54
, 78
, 48
, 84
, 40
, 92
, 61
, 71
, 61
, 71
, 62
, 70
, 78
, 54
, 43
, 89
, 38
, 94
, 18
, 114
, 111
, 21
, 89
, 43
, 69
, 63
, 77
, 55
, 78
, 54
, 67
, 65
, 5
, 127
, 68
, 64
, 24
, 108
, 27
, 105
, 74
, 58
, 52
, 80
, 110
, 22
, 115
, 17
, 27
, 105
, 102
, 30
, 35
, 97
, 14
, 118
, 31
, 101
, 13
, 119
, 42
, 90
, 18
, 114
, 109
, 23
, 108
, 24
, 54
, 78
, 69
, 63
, 124
, 8
, 27
, 105
, 111
, 21
, 27
, 105
, 108
, 24
, 82
, 50
, 119
, 13
, 85
, 47
, 78
, 54
, 129
, 3
, 98
, 34
, 43
, 89
, 5
, 127
, 75
, 57
, 89
, 43
, 128
, 4
, 22
, 110
, 113
, 19
, 105
, 27
, 94
, 38
, 37
, 95
, 52
, 80
, 114
, 18
, 41
, 91
, 69
, 63
, 124
, 8
, 49
, 83
, 32
, 100
, 23
, 109
, 74
, 58
, 68
, 64
, 101
, 31
, 11
, 121
, 3
, 129
, 24
, 108
, 99
, 33
, 92
, 40
, 113
, 19
, 98
, 34
, 88
, 44
, 43
, 89
, 39
, 93
, 103
, 29
, 89
, 43
, 124
, 8
, 39
, 93
, 13
, 119
, 116
, 16
, 34
, 98
, 7
, 125
, 41
, 91
, 85
, 47
, 83
, 49
, 77
, 55
, 99
, 33
, 19
, 113
, 59
, 73
, 39
, 93
, 72
, 60
, 45
, 87
, 109
, 23
, 92
, 40
, 17
, 115
, 72
, 60
, 106
, 26
, 53
, 79
, 82
, 50
, 11
, 121
, 122
, 10
, 7
, 125
, 73
, 59
, 74
, 58
, 96
, 36
, 35
, 97
, 79
, 53
, 20
, 112
, 126
, 6
, 46
, 86
, 115
, 17
, 82
, 50
, 82
, 50
, 32
, 100
, 75
, 57
, 56
, 76
, 127
, 5
, 22
, 110
, 105
, 27
, 10
, 122
, 113
, 19
, 42
, 90
, 120
, 12
, 46
, 86
, 70
, 62
, 24
, 108
, 13
, 119
, 40
, 92
, 73
, 59
, 28
, 104
, 105
, 27
, 18
, 114
, 5
, 127
, 113
, 19
, 52
, 80
, 31
, 101
, 90
, 42
, 11
, 121
, 117
, 15
, 28
, 104
, 20
, 112
, 94
, 38
, 1
, 131
, 71
, 61
, 78
, 54
, 78
, 54
, 17
, 115
, 64
, 68
, 44
, 88
, 70
, 62
, 26
, 106
, 29
, 103
, 67
, 65
, 36
, 96
, 72
, 60
, 48
, 84
, 13
, 119
, 2
, 130
, 8
, 124
, 108
, 24
, 5
, 127
, 46
, 86
, 51
, 81
, 88
, 44
, 102
, 30
, 76
, 56
, 59
, 73
, 70
, 62
, 70
, 62
, 128
, 4
, 125
, 7
, 118
, 14
, 26
, 106
, 16
, 116
, 12
, 120
, 66
, 66
, 79
, 53
, 94
, 38
, 40
, 92
, 124
, 8
, 98
, 34
, 117
, 15
, 3
, 129
, 29
, 103
, 113
, 19
, 106
, 26
, 126
, 6
, 65
, 67
, 119
, 13
, 88
, 44
, 124
, 8
, 63
, 69
, 35
, 97
, 15
, 117
, 128
, 4
, 29
, 103
, 129
, 3
, 42
, 90
, 32
, 100
, 52
, 80
, 75
, 57
, 31
, 101
, 32
, 100
, 129
, 3
, 63
, 69
, 27
, 105
, 50
, 82
, 106
, 26
, 58
, 74
, 1
, 131
, 127
, 5
, 130
, 2
, 105
, 27
, 91
, 41
, 88
, 44
, 24
, 108
, 125
, 7
, 126
, 6
, 100
, 32
, 29
, 103
, 2
, 130
, 15
, 117
, 39
, 93
, 80
, 52
, 123
, 9
, 82
, 50
, 52
, 80
, 40
, 92
, 61
, 71
, 6
, 126
, 24
, 108
, 65
, 67
, 53
, 79
, 3
, 129
, 26
, 106
, 112
, 20
, 43
, 89
, 90
, 42
, 105
, 27
, 35
, 97
, 5
, 127
, 76
, 56
, 47
, 85
, 123
, 9
, 18
, 114
, 41
, 91
, 115
, 17
, 72
, 60
, 79
, 53
, 25
, 107
, 69
, 63
, 39
, 93
, 40
, 92
, 97
, 35
, 57
, 75
, 68
, 64
, 123
, 9
, 68
, 64
, 128
, 4
, 50
, 82
, 113
, 19
, 126
, 6
, 115
, 17
, 115
, 17
, 11
, 121
, 26
, 106
, 112
, 20
, 128
, 4
, 60
, 72
, 69
, 63
, 43
, 89
, 17
, 115
, 91
, 41
, 32
, 100
, 12
, 120
, 126
, 6
, 118
, 14
, 27
, 105
, 94
, 38
, 36
, 96
, 13
, 119
, 62
, 70
, 15
, 117
, 35
, 97
, 85
, 47
, 92
, 40
, 10
, 122
, 2
, 130
, 24
, 108
, 15
, 117
, 29
, 103
, 13
, 119
, 74
, 58
, 21
, 111
, 14
, 118
, 97
, 35
, 33
, 99
, 96
, 36
, 53
, 79
, 64
, 68
, 85
, 47
, 123
, 9
, 62
, 70
, 65
, 67
, 58
, 74
, 5
, 127
, 93
, 39
, 72
, 60
, 53
, 79
, 92
, 40
, 109
, 23
, 79
, 53
, 26
, 106
, 69
, 63
, 88
, 44
, 129
, 3
, 21
, 111
, 78
, 54
, 31
, 101
, 92
, 40
, 89
, 43
, 106
, 26
, 14
, 118
, 4
, 128
, 129
, 3
, 54
, 78
, 28
, 104
, 48
, 84
, 114
, 18
, 116
, 16
, 83
, 49
, 125
, 7
, 109
, 23
, 47
, 85
, 43
, 89
, 33
, 99
, 106
, 26
, 91
, 41
, 74
, 58
, 60
, 72
, 60
, 72
, 120
, 12
, 102
, 30
, 88
, 44
, 110
, 22
, 104
, 28
, 25
, 107
, 44
, 88
, 91
, 41
, 34
, 98
, 127
, 5
, 26
, 106
, 70
, 62
, 23
, 109
, 37
, 95
, 54
, 78
, 122
, 10
, 43
, 89
, 106
, 26
, 95
, 37
, 13
, 119
, 87
, 45
, 109
, 23
, 39
, 93
, 4
, 128
, 113
, 19
, 4
, 128
, 67
, 65
, 55
, 77
, 121
, 11
, 33
, 99
, 41
, 91
, 32
, 100
, 106
, 26
, 103
, 29
, 72
, 60
, 126
, 6
, 69
, 63
, 121
, 11
, 37
, 95
, 104
, 28
, 30
, 102
, 92
, 40
, 32
, 100
, 44
, 88
, 98
, 34
, 10
, 122
, 80
, 52
, 97
, 35
, 105
, 27
, 105
, 27
, 65
, 67
, 80
, 52
, 27
, 105
, 130
, 2
, 35
, 97
, 119
, 13
, 12
, 120
, 126
, 6
, 109
, 23
, 91
, 41
, 48
, 84
, 112
, 20
, 57
, 75
, 95
, 37
, 21
, 111
, 109
, 23
, 2
, 130
, 1
, 131
, 29
, 103
, 60
, 72
, 32
, 100
, 66
, 66
, 111
, 21
, 70
, 62
, 130
, 2
, 82
, 50
, 4
, 128
, 71
, 61
, 57
, 75
, 61
, 71
, 77
, 55
, 84
, 48
, 49
, 83
, 48
, 84
, 3
, 129
, 74
, 58
, 96
, 36
, 2
, 130
, 6
, 126
, 23
, 109
, 66
, 66
, 105
, 27
, 119
, 13
, 105
, 27
, 87
, 45
, 86
, 46
, 1
, 131
, 123
, 9
, 31
, 101
, 70
, 62
, 60
, 72
, 102
, 30
, 99
, 33
, 1
, 131
, 30
, 102
, 75
, 57
, 76
, 56
, 40
, 92
, 125
, 7
, 38
, 94
, 125
, 7
, 12
, 120
, 27
, 105
, 88
, 44
, 30
, 102
, 90
, 42
, 87
, 45
, 26
, 106
, 21
, 111
, 73
, 59
, 116
, 16
, 127
, 5
, 117
, 15
, 51
, 81
, 45
, 87
, 82
, 50
, 59
, 73
, 79
, 53
, 71
, 61
, 24
, 108
, 36
, 96
, 72
, 60
, 106
, 26
, 87
, 45
, 127
, 5
, 24
, 108
, 82
, 50
, 6
, 126
, 129
, 3
, 129
, 3
, 120
, 12
, 125
, 7
, 89
, 43
, 46
, 86
, 112
, 20
, 21
, 111
, 79
, 53
, 89
, 43
, 104
, 28
, 89
, 43
, 39
, 93
, 99
, 33
, 122
, 10
, 97
, 35
, 22
, 110
, 82
, 50
, 109
, 23
, 119
, 13
, 105
, 27
, 102
, 30
, 85
, 47
, 33
, 99
, 67
, 65
, 84
, 48
, 90
, 42
, 30
, 102
, 58
, 74
, 119
, 13
, 38
, 94
, 48
, 84
, 24
, 108
, 122
, 10
, 42
, 90
, 124
, 8
, 6
, 126
, 127
, 5
, 28
, 104
, 45
, 87
, 54
, 78
, 3
, 129
, 116
, 16
, 88
, 44
, 65
, 67
, 36
, 96
, 93
, 39
, 13
, 119
, 51
, 81
, 58
, 74
, 69
, 63
, 83
, 49
, 1
, 131
, 1
, 131
, 117
, 15
, 8
, 124
, 52
, 80
, 49
, 83
, 61
, 71
, 65
, 67
, 17
, 115
, 11
, 121
, 11
, 121
, 109
, 23
, 31
, 101
, 85
, 47
, 96
, 36
, 41
, 91
, 126
, 6
, 55
, 77
, 20
, 112
, 108
, 24
, 125
, 7
, 59
, 73
, 67
, 65
, 116
, 16
, 8
, 124
, 122
, 10
, 23
, 109
, 49
, 83
, 75
, 57
, 120
, 12
, 16
, 116
, 3
, 129
, 43
, 89
, 13
, 119
, 4
, 128
, 113
, 19
, 31
, 101
, 46
, 86
, 99
, 33
, 81
, 51
, 118
, 14
, 47
, 85
, 88
, 44
, 5
, 127
, 94
, 38
, 74
, 58
, 7
, 125
, 109
, 23
, 83
, 49
, 93
, 39
, 110
, 22
, 7
, 125
, 33
, 99
, 21
, 111
, 87
, 45
, 3
, 129
, 17
, 115
, 4
, 128
, 62
, 70
, 102
, 30
, 115
, 17
, 78
, 54
, 29
, 103
, 37
, 95
, 3
, 129
, 79
, 53
, 65
, 67
, 97
, 35
, 32
, 100
, 99
, 33
, 83
, 49
, 121
, 11
, 82
, 50
, 66
, 66
, 49
, 83
, 14
, 118
, 67
, 65
, 93
, 39
, 65
, 67
, 27
, 105
, 22
, 110
, 11
, 121
, 89
, 43
, 49
, 83
, 18
, 114
, 23
, 109
, 100
, 32
, 22
, 110
, 103
, 29
, 104
, 28
, 67
, 65
, 110
, 22
, 22
, 110
, 116
, 16
, 7
, 125
, 67
, 65
, 37
, 95
, 55
, 77
, 88
, 44
, 55
, 77
, 90
, 42
, 60
, 72
, 6
, 126
, 98
, 34
, 127
, 5
, 52
, 80
, 56
, 76
, 66
, 66
, 26
, 106
, 15
, 117
, 129
, 3
, 90
, 42
, 42
, 90
, 126
, 6
, 103
, 29
, 20
, 112
, 108
, 24
, 61
, 71
, 42
, 90
, 18
, 114
, 20
, 112
, 91
, 41
, 50
, 82
, 106
, 26
, 117
, 15
, 106
, 26
, 38
, 94
, 98
, 34
, 96
, 36
, 98
, 34
, 34
, 98
, 84
, 48
, 129
, 3
, 58
, 74
, 42
, 90
, 30
, 102
, 109
, 23
, 39
, 93
, 130
, 2
, 88
, 44
, 26
, 106
, 117
, 15
, 114
, 18
, 74
, 58
, 19
, 113
, 23
, 109
, 105
, 27
, 65
, 67
, 82
, 50
, 90
, 42
, 32
, 100
, 20
, 112
, 69
, 63
, 75
, 57
, 114
, 18
, 12
, 120
, 108
, 24
, 107
, 25
, 12
, 120
, 59
, 73
, 32
, 100
, 14
, 118
, 1
, 131
, 11
, 121
, 65
, 67
, 48
, 84
, 104
, 28
, 34
, 98
, 35
, 97
, 8
, 124
, 69
, 63
, 123
, 9
, 116
, 16
, 129
, 3
, 98
, 34
, 98
, 34
, 46
, 86
, 52
, 80
, 102
, 30
, 70
, 62
, 31
, 101
, 38
, 94
, 5
, 127
, 29
, 103
, 70
, 62
, 119
, 13
, 19
, 113
, 22
, 110
, 87
, 45
, 9
, 123
, 39
, 93
, 37
, 95
, 104
, 28
, 109
, 23
, 80
, 52
, 41
, 91
, 100
, 32
, 123
, 9
, 123
, 9
, 15
, 117
, 43
, 89
, 62
, 70
, 67
, 65
, 101
, 31
, 18
, 114
, 57
, 75
, 30
, 102
, 104
, 28
, 98
, 34
, 116
, 16
, 89
, 43
, 56
, 76
, 77
, 55
, 38
, 94
, 15
, 117
, 96
, 36
, 80
, 52
, 52
, 80
, 66
, 66
, 118
, 14
, 47
, 85
, 100
, 32
, 11
, 121
, 119
, 13
, 114
, 18
, 3
, 129
, 34
, 98
, 1
, 131
, 73
, 59
, 120
, 12
, 24
, 108
, 39
, 93
, 103
, 29
, 74
, 58
, 66
, 66
, 49
, 83
, 96
, 36
, 71
, 61
, 74
, 58
, 104
, 28
, 84
, 48
, 94
, 38
, 60
, 72
, 93
, 39
, 124
, 8
, 7
, 125
, 46
, 86
, 30
, 102
, 42
, 90
, 14
, 118
, 108
, 24
, 104
, 28
, 102
, 30
, 128
, 4
, 98
, 34
, 30
, 102
, 51
, 81
, 90
, 42
, 114
, 18
, 9
, 123
, 27
, 105
, 71
, 61
, 24
, 108
, 87
, 45
, 114
, 18
, 8
, 124
, 8
, 124
, 74
, 58
, 119
, 13
, 40
, 92
, 115
, 17
, 20
, 112
, 27
, 105
, 128
, 4
, 79
, 53
, 51
, 81
, 53
, 79
, 64
, 68
, 69
, 63
, 63
, 69
, 51
, 81
, 55
, 77
, 39
, 93
, 17
, 115
, 19
, 113
, 121
, 11
, 24
, 108
, 67
, 65
, 123
, 9
, 65
, 67
, 72
, 60
, 3
, 129
, 32
, 100
, 63
, 69
, 51
, 81
, 80
, 52
, 96
, 36
, 27
, 105
, 7
, 125
, 128
, 4
, 110
, 22
, 127
, 5
, 111
, 21
, 82
, 50
, 60
, 72
, 99
, 33
, 82
, 50
, 18
, 114
, 126
, 6
, 7
, 125
, 12
, 120
, 27
, 105
, 75
, 57
, 18
, 114
, 12
, 120
, 67
, 65
, 12
, 120
, 42
, 90
, 43
, 89
, 3
, 129
, 57
, 75
, 107
, 25
, 24
, 108
, 49
, 83
, 115
, 17
, 38
, 94
, 50
, 82
, 56
, 76
, 99
, 33
, 74
, 58
, 63
, 69
, 29
, 103
, 99
, 33
, 71
, 61
, 13
, 119
, 27
, 105
, 42
, 90
, 68
, 64
, 36
, 96
, 6
, 126
, 5
, 127
, 125
, 7
, 77
, 55
, 95
, 37
, 115
, 17
, 123
, 9
, 30
, 102
, 113
, 19
, 67
, 65
, 30
, 102
, 98
, 34
, 94
, 38
, 20
, 112
, 15
, 117
, 84
, 48
, 81
, 51
, 130
, 2
, 117
, 15
, 112
, 20
, 69
, 63
, 122
, 10
, 84
, 48
, 40
, 92
, 8
, 124
, 36
, 96
, 71
, 61
, 94
, 38
, 97
, 35
, 54
, 78
, 107
, 25
, 86
, 46
, 57
, 75
, 56
, 76
, 78
, 54
, 102
, 30
, 93
, 39
, 17
, 115
, 88
, 44
, 130
, 2
, 47
, 85
, 113
, 19
, 102
, 30
, 92
, 40
, 40
, 92
, 7
, 125
, 80
, 52
, 31
, 101
, 94
, 38
, 129
, 3
, 3
, 129
, 92
, 40
, 12
, 120
, 116
, 16
, 53
, 79
, 41
, 91
, 92
, 40
, 63
, 69
, 36
, 96
, 79
, 53
, 98
, 34
, 80
, 52
, 113
, 19
, 77
, 55
, 130
, 2
, 26
, 106
, 121
, 11
, 115
, 17
, 41
, 91
, 60
, 72
, 114
, 18
, 129
, 3
, 108
, 24
, 67
, 65
, 29
, 103
, 117
, 15
, 116
, 16
, 107
, 25
, 129
, 3
, 129
, 3
, 54
, 78
, 92
, 40
, 11
, 121
, 112
, 20
, 30
, 102
, 17
, 115
, 12
, 120
, 46
, 86
, 21
, 111
, 122
, 10
, 103
, 29
, 101
, 31
, 90
, 42
, 77
, 55
, 6
, 126
, 11
, 121
, 25
, 107
, 65
, 67
, 25
, 107
, 36
, 96
, 128
, 4
, 24
, 108
, 29
, 103
, 29
, 103
, 33
, 99
, 86
, 46
, 38
, 94
, 84
, 48
, 56
, 76
, 43
, 89
, 67
, 65
, 130
, 2
, 123
, 9
, 38
, 94
, 33
, 99
, 49
, 83
, 77
, 55
, 71
, 61
, 56
, 76
, 37
, 95
, 80
, 52
, 29
, 103
, 66
, 66
, 32
, 100
, 70
, 62
, 8
, 124
, 29
, 103
, 62
, 70
, 92
, 40
, 117
, 15
, 12
, 120
, 62
, 70
, 125
, 7
, 100
, 32
, 55
, 77
, 43
, 89
, 76
, 56
, 108
, 24
, 50
, 82
, 18
, 114
, 15
, 117
, 36
, 96
, 111
, 21
, 98
, 34
, 35
, 97
, 99
, 33
, 39
, 93
, 62
, 70
, 13
, 119
, 83
, 49
, 22
, 110
, 25
, 107
, 43
, 89
, 36
, 96
, 32
, 100
, 94
, 38
, 73
, 59
, 18
, 114
, 129
, 3
, 80
, 52
, 62
, 70
, 115
, 17
, 66
, 66
, 5
, 127
, 99
, 33
, 95
, 37
, 115
, 17
, 101
, 31
, 122
, 10
, 92
, 40
, 83
, 49
, 105
, 27
, 22
, 110
, 64
, 68
, 52
, 80
, 39
, 93
, 100
, 32
, 86
, 46
, 46
, 86
, 44
, 88
, 4
, 128
, 122
, 10
, 96
, 36
, 76
, 56
, 104
, 28
, 111
, 21
, 1
, 131
, 120
, 12
, 96
, 36
, 44
, 88
, 29
, 103
, 88
, 44
, 12
, 120
, 52
, 80
, 26
, 106
, 115
, 17
, 43
, 89
, 4
, 128
, 123
, 9
, 30
, 102
, 99
, 33
, 31
, 101
, 59
, 73
, 12
, 120
, 74
, 58
, 46
, 86
, 62
, 70
, 90
, 42
, 97
, 35
, 108
, 24
, 76
, 56
, 76
, 56
, 50
, 82
, 76
, 56
, 124
, 8
, 57
, 75
, 3
, 129
, 66
, 66
, 39
, 93
, 111
, 21
, 19
, 113
, 58
, 74
, 92
, 40
, 41
, 91
, 96
, 36
, 79
, 53
, 51
, 81
, 117
, 15
, 124
, 8
, 56
, 76
, 86
, 46
, 12
, 120
, 27
, 105
, 25
, 107
, 72
, 60
, 38
, 94
, 16
, 116
, 125
, 7
, 21
, 111
, 95
, 37
, 23
, 109
, 4
, 128
, 25
, 107
, 42
, 90
, 2
, 130
, 26
, 106
, 87
, 45
, 126
, 6
, 33
, 99
, 94
, 38
, 3
, 129
, 76
, 56
, 97
, 35
, 85
, 47
, 74
, 58
, 94
, 38
, 57
, 75
, 34
, 98
, 81
, 51
, 94
, 38
, 11
, 121
, 104
, 28
, 5
, 127
, 89
, 43
, 59
, 73
, 93
, 39
, 83
, 49
, 82
, 50
, 3
, 129
, 74
, 58
, 126
, 6
, 77
, 55
, 13
, 119
, 118
, 14
, 20
, 112
, 28
, 104
, 69
, 63
, 104
, 28
, 50
, 82
, 26
, 106
, 47
, 85
, 127
, 5
, 15
, 117
, 103
, 29
, 15
, 117
, 21
, 111
, 108
, 24
, 18
, 114
, 107
, 25
, 9
, 123
, 101
, 31
, 2
, 130
, 67
, 65
, 9
, 123
, 97
, 35
, 55
, 77
, 3
, 129
, 49
, 83
, 34
, 98
, 28
, 104
, 43
, 89
, 58
, 74
, 69
, 63
, 70
, 62
, 51
, 81
, 127
, 5
, 43
, 89
, 91
, 41
, 121
, 11
, 115
, 17
, 87
, 45
, 89
, 43
, 95
, 37
, 85
, 47
, 5
, 127
, 34
, 98
, 46
, 86
, 10
, 122
, 41
, 91
, 120
, 12
, 24
, 108
, 1
, 131
, 64
, 68
, 59
, 73
, 15
, 117
, 127
, 5
, 9
, 123
, 87
, 45
, 104
, 28
, 112
, 20
, 50
, 82
, 97
, 35
, 122
, 10
, 78
, 54
, 129
, 3
, 19
, 113
, 15
, 117
, 104
, 28
, 102
, 30
, 112
, 20
, 77
, 55
, 92
, 40
, 73
, 59
, 101
, 31
, 100
, 32
, 73
, 59
, 49
, 83
, 104
, 28
, 86
, 46
, 127
, 5
, 19
, 113
, 72
, 60
, 72
, 60
, 23
, 109
, 54
, 78
, 68
, 64
, 104
, 28
, 2
, 130
, 25
, 107
, 4
, 128
, 84
, 48
, 17
, 115
, 13
, 119
, 117
, 15
, 39
, 93
, 49
, 83
, 22
, 110
, 97
, 35
, 86
, 46
, 88
, 44
, 62
, 70
, 50
, 82
, 94
, 38
, 7
, 125
, 115
, 17
, 99
, 33
, 7
, 125
, 100
, 32
, 67
, 65
, 99
, 33
, 5
, 127
, 19
, 113
, 109
, 23
, 94
, 38
, 27
, 105
, 40
, 92
, 67
, 65
, 30
, 102
, 34
, 98
, 2
, 130
, 95
, 37
, 16
, 116
, 29
, 103
, 28
, 104
, 66
, 66
, 121
, 11
, 126
, 6
, 5
, 127
, 70
, 62
, 15
, 117
, 119
, 13
, 35
, 97
, 122
, 10
, 108
, 24
, 18
, 114
, 114
, 18
, 70
, 62
, 97
, 35
, 73
, 59
, 114
, 18
, 66
, 66
, 101
, 31
, 110
, 22
, 117
, 15
, 80
, 52
, 43
, 89
, 63
, 69
, 56
, 76
, 55
, 77
, 27
, 105
, 109
, 23
, 4
, 128
, 74
, 58
, 123
, 9
, 89
, 43
, 85
, 47
, 24
, 108
, 47
, 85
, 124
, 8
, 122
, 10
, 101
, 31
, 45
, 87
, 92
, 40
, 106
, 26
, 72
, 60
, 8
, 124
, 27
, 105
, 19
, 113
, 28
, 104
, 55
, 77
, 7
, 125
, 53
, 79
, 6
, 126
, 70
, 62
, 2
, 130
, 30
, 102
, 41
, 91
, 38
, 94
, 90
, 42
, 45
, 87
, 15
, 117
, 130
, 2
, 73
, 59
, 32
, 100
, 115
, 17
, 111
, 21
, 94
, 38
, 75
, 57
, 15
, 117
, 125
, 7
, 90
, 42
, 115
, 17
, 84
, 48
, 30
, 102
, 119
, 13
, 11
, 121
, 12
, 120
, 104
, 28
, 90
, 42
, 55
, 77
, 60
, 72
, 45
, 87
, 120
, 12
, 28
, 104
, 122
, 10
, 48
, 84
, 57
, 75
, 6
, 126
, 121
, 11
, 67
, 65
, 99
, 33
, 27
, 105
, 28
, 104
, 100
, 32
, 129
, 3
, 104
, 28
, 73
, 59
, 52
, 80
, 93
, 39
, 55
, 77
, 10
, 122
, 23
, 109
, 99
, 33
, 70
, 62
, 30
, 102
, 130
, 2
, 116
, 16
, 130
, 2
, 68
, 64
, 77
, 55
, 101
, 31
, 6
, 126
, 102
, 30
, 59
, 73
, 99
, 33
, 115
, 17
, 14
, 118
, 73
, 59
, 14
, 118
, 2
, 130
, 90
, 42
, 89
, 43
, 14
, 118
, 25
, 107
, 23
, 109
, 25
, 107
, 94
, 38
, 40
, 92
, 14
, 118
, 83
, 49
, 62
, 70
, 75
, 57
, 110
, 22
, 36
, 96
, 59
, 73
, 7
, 125
, 96
, 36
, 64
, 68
, 12
, 120
, 49
, 83
, 54
, 78
, 122
, 10
, 74
, 58
, 128
, 4
, 50
, 82
, 65
, 67
, 109
, 23
, 60
, 72
, 23
, 109
, 52
, 80
, 75
, 57
, 66
, 66
, 74
, 58
, 112
, 20
, 51
, 81
, 48
, 84
, 106
, 26
, 33
, 99
, 47
, 85
, 41
, 91
, 111
, 21
, 110
, 22
, 97
, 35
, 2
, 130
, 42
, 90
, 85
, 47
, 114
, 18
, 63
, 69
, 81
, 51
, 41
, 91
, 86
, 46
, 4
, 128
, 25
, 107
, 63
, 69
, 32
, 100
, 117
, 15
, 84
, 48
, 80
, 52
, 5
, 127
, 73
, 59
, 64
, 68
, 86
, 46
, 12
, 120
, 54
, 78
, 42
, 90
, 103
, 29
, 74
, 58
, 87
, 45
, 50
, 82
, 64
, 68
, 2
, 130
, 91
, 41
, 21
, 111
, 77
, 55
