
2900
, 97
, 79
, 168
, 8
, 166
, 10
, 127
, 49
, 165
, 11
, 29
, 147
, 168
, 8
, 51
, 125
, 67
, 109
, 102
, 74
, 85
, 91
, 74
, 102
, 150
, 26
, 168
, 8
, 51
, 125
, 81
, 95
, 53
, 123
, 5
, 171
, 105
, 71
, 136
, 40
, 91
, 85
, 37
, 139
, 157
, 19
, 131
, 45
, 94
, 82
, 69
, 107
, 43
, 133
, 8
, 168
, 98
, 78
, 52
, 124
, 98
, 78
, 9
, 167
, 28
, 148
, 110
, 66
, 95
, 81
, 6
, 170
, 108
, 68
, 103
, 73
, 39
, 137
, 42
, 134
, 10
, 166
, 16
, 160
, 119
, 57
, 157
, 19
, 9
, 167
, 87
, 89
, 171
, 5
, 7
, 169
, 123
, 53
, 2
, 174
, 143
, 33
, 173
, 3
, 11
, 165
, 66
, 110
, 169
, 7
, 66
, 110
, 93
, 83
, 16
, 160
, 153
, 23
, 109
, 67
, 155
, 21
, 56
, 120
, 133
, 43
, 169
, 7
, 1
, 175
, 11
, 165
, 110
, 66
, 67
, 109
, 128
, 48
, 94
, 82
, 174
, 2
, 136
, 40
, 41
, 135
, 138
, 38
, 16
, 160
, 45
, 131
, 92
, 84
, 159
, 17
, 115
, 61
, 106
, 70
, 160
, 16
, 107
, 69
, 119
, 57
, 8
, 168
, 155
, 21
, 27
, 149
, 46
, 130
, 68
, 108
, 140
, 36
, 16
, 160
, 134
, 42
, 116
, 60
, 172
, 4
, 117
, 59
, 21
, 155
, 30
, 146
, 138
, 38
, 163
, 13
, 95
, 81
, 87
, 89
, 160
, 16
, 122
, 54
, 75
, 101
, 70
, 106
, 12
, 164
, 97
, 79
, 116
, 60
, 46
, 130
, 70
, 106
, 85
, 91
, 117
, 59
, 98
, 78
, 4
, 172
, 139
, 37
, 116
, 60
, 95
, 81
, 19
, 157
, 127
, 49
, 24
, 152
, 71
, 105
, 53
, 123
, 22
, 154
, 76
, 100
, 32
, 144
, 99
, 77
, 174
, 2
, 92
, 84
, 127
, 49
, 139
, 37
, 42
, 134
, 124
, 52
, 12
, 164
, 169
, 7
, 165
, 11
, 114
, 62
, 136
, 40
, 121
, 55
, 35
, 141
, 106
, 70
, 160
, 16
, 82
, 94
, 68
, 108
, 146
, 30
, 68
, 108
, 44
, 132
, 115
, 61
, 150
, 26
, 36
, 140
, 34
, 142
, 169
, 7
, 124
, 52
, 16
, 160
, 95
, 81
, 37
, 139
, 156
, 20
, 76
, 100
, 12
, 164
, 103
, 73
, 56
, 120
, 54
, 122
, 11
, 165
, 125
, 51
, 66
, 110
, 158
, 18
, 73
, 103
, 60
, 116
, 45
, 131
, 147
, 29
, 10
, 166
, 26
, 150
, 8
, 168
, 86
, 90
, 105
, 71
, 110
, 66
, 150
, 26
, 103
, 73
, 145
, 31
, 11
, 165
, 130
, 46
, 119
, 57
, 84
, 92
, 36
, 140
, 152
, 24
, 116
, 60
, 7
, 169
, 69
, 107
, 94
, 82
, 169
, 7
, 21
, 155
, 25
, 151
, 92
, 84
, 151
, 25
, 102
, 74
, 142
, 34
, 81
, 95
, 19
, 157
, 131
, 45
, 56
, 120
, 132
, 44
, 96
, 80
, 101
, 75
, 22
, 154
, 16
, 160
, 69
, 107
, 163
, 13
, 83
, 93
, 156
, 20
, 78
, 98
, 132
, 44
, 164
, 12
, 10
, 166
, 125
, 51
, 128
, 48
, 66
, 110
, 48
, 128
, 10
, 166
, 116
, 60
, 157
, 19
, 13
, 163
, 136
, 40
, 15
, 161
, 115
, 61
, 125
, 51
, 136
, 40
, 135
, 41
, 78
, 98
, 9
, 167
, 174
, 2
, 33
, 143
, 11
, 165
, 73
, 103
, 76
, 100
, 58
, 118
, 40
, 136
, 62
, 114
, 69
, 107
, 67
, 109
, 83
, 93
, 83
, 93
, 134
, 42
, 18
, 158
, 153
, 23
, 116
, 60
, 168
, 8
, 15
, 161
, 33
, 143
, 56
, 120
, 152
, 24
, 34
, 142
, 148
, 28
, 133
, 43
, 33
, 143
, 144
, 32
, 26
, 150
, 144
, 32
, 26
, 150
, 43
, 133
, 86
, 90
, 104
, 72
, 156
, 20
, 173
, 3
, 108
, 68
, 78
, 98
, 141
, 35
, 144
, 32
, 162
, 14
, 135
, 41
, 50
, 126
, 108
, 68
, 65
, 111
, 168
, 8
, 78
, 98
, 136
, 40
, 133
, 43
, 33
, 143
, 127
, 49
, 139
, 37
, 40
, 136
, 136
, 40
, 104
, 72
, 2
, 174
, 93
, 83
, 143
, 33
, 81
, 95
, 112
, 64
, 92
, 84
, 87
, 89
, 31
, 145
, 123
, 53
, 19
, 157
, 2
, 174
, 124
, 52
, 11
, 165
, 128
, 48
, 68
, 108
, 76
, 100
, 22
, 154
, 122
, 54
, 160
, 16
, 100
, 76
, 157
, 19
, 11
, 165
, 46
, 130
, 111
, 65
, 40
, 136
, 22
, 154
, 56
, 120
, 101
, 75
, 12
, 164
, 158
, 18
, 111
, 65
, 112
, 64
, 77
, 99
, 152
, 24
, 56
, 120
, 160
, 16
, 46
, 130
, 38
, 138
, 122
, 54
, 3
, 173
, 49
, 127
, 3
, 173
, 1
, 175
, 114
, 62
, 152
, 24
, 25
, 151
, 165
, 11
, 20
, 156
, 63
, 113
, 139
, 37
, 147
, 29
, 121
, 55
, 159
, 17
, 57
, 119
, 105
, 71
, 12
, 164
, 43
, 133
, 12
, 164
, 66
, 110
, 90
, 86
, 104
, 72
, 157
, 19
, 9
, 167
, 31
, 145
, 55
, 121
, 89
, 87
, 133
, 43
, 173
, 3
, 17
, 159
, 127
, 49
, 60
, 116
, 35
, 141
, 159
, 17
, 66
, 110
, 39
, 137
, 167
, 9
, 24
, 152
, 58
, 118
, 147
, 29
, 170
, 6
, 82
, 94
, 61
, 115
, 89
, 87
, 166
, 10
, 88
, 88
, 164
, 12
, 72
, 104
, 48
, 128
, 128
, 48
, 65
, 111
, 28
, 148
, 134
, 42
, 88
, 88
, 10
, 166
, 27
, 149
, 122
, 54
, 142
, 34
, 77
, 99
, 105
, 71
, 84
, 92
, 64
, 112
, 15
, 161
, 32
, 144
, 55
, 121
, 115
, 61
, 73
, 103
, 17
, 159
, 162
, 14
, 172
, 4
, 81
, 95
, 162
, 14
, 18
, 158
, 102
, 74
, 162
, 14
, 18
, 158
, 33
, 143
, 58
, 118
, 170
, 6
, 44
, 132
, 161
, 15
, 85
, 91
, 2
, 174
, 70
, 106
, 173
, 3
, 57
, 119
, 31
, 145
, 88
, 88
, 49
, 127
, 101
, 75
, 173
, 3
, 112
, 64
, 155
, 21
, 88
, 88
, 157
, 19
, 9
, 167
, 169
, 7
, 34
, 142
, 30
, 146
, 37
, 139
, 164
, 12
, 159
, 17
, 35
, 141
, 95
, 81
, 94
, 82
, 66
, 110
, 31
, 145
, 55
, 121
, 109
, 67
, 107
, 69
, 110
, 66
, 35
, 141
, 108
, 68
, 155
, 21
, 171
, 5
, 4
, 172
, 35
, 141
, 161
, 15
, 43
, 133
, 109
, 67
, 136
, 40
, 48
, 128
, 133
, 43
, 35
, 141
, 110
, 66
, 65
, 111
, 103
, 73
, 112
, 64
, 118
, 58
, 70
, 106
, 109
, 67
, 85
, 91
, 48
, 128
, 107
, 69
, 50
, 126
, 129
, 47
, 104
, 72
, 128
, 48
, 91
, 85
, 102
, 74
, 15
, 161
, 94
, 82
, 28
, 148
, 43
, 133
, 118
, 58
, 24
, 152
, 130
, 46
, 23
, 153
, 103
, 73
, 71
, 105
, 137
, 39
, 96
, 80
, 120
, 56
, 128
, 48
, 108
, 68
, 47
, 129
, 39
, 137
, 140
, 36
, 170
, 6
, 80
, 96
, 112
, 64
, 96
, 80
, 95
, 81
, 143
, 33
, 81
, 95
, 98
, 78
, 14
, 162
, 62
, 114
, 79
, 97
, 32
, 144
, 7
, 169
, 80
, 96
, 92
, 84
, 89
, 87
, 148
, 28
, 70
, 106
, 138
, 38
, 141
, 35
, 83
, 93
, 6
, 170
, 80
, 96
, 43
, 133
, 45
, 131
, 126
, 50
, 87
, 89
, 96
, 80
, 51
, 125
, 106
, 70
, 31
, 145
, 150
, 26
, 169
, 7
, 90
, 86
, 16
, 160
, 65
, 111
, 168
, 8
, 81
, 95
, 41
, 135
, 7
, 169
, 28
, 148
, 40
, 136
, 161
, 15
, 173
, 3
, 27
, 149
, 162
, 14
, 108
, 68
, 92
, 84
, 69
, 107
, 46
, 130
, 164
, 12
, 127
, 49
, 106
, 70
, 96
, 80
, 133
, 43
, 84
, 92
, 89
, 87
, 71
, 105
, 120
, 56
, 70
, 106
, 119
, 57
, 166
, 10
, 8
, 168
, 110
, 66
, 92
, 84
, 58
, 118
, 2
, 174
, 163
, 13
, 36
, 140
, 112
, 64
, 81
, 95
, 103
, 73
, 12
, 164
, 101
, 75
, 63
, 113
, 92
, 84
, 94
, 82
, 137
, 39
, 51
, 125
, 59
, 117
, 115
, 61
, 166
, 10
, 107
, 69
, 148
, 28
, 19
, 157
, 9
, 167
, 113
, 63
, 174
, 2
, 56
, 120
, 68
, 108
, 1
, 175
, 24
, 152
, 171
, 5
, 58
, 118
, 131
, 45
, 118
, 58
, 89
, 87
, 11
, 165
, 84
, 92
, 25
, 151
, 55
, 121
, 100
, 76
, 59
, 117
, 47
, 129
, 113
, 63
, 157
, 19
, 152
, 24
, 94
, 82
, 9
, 167
, 105
, 71
, 170
, 6
, 3
, 173
, 41
, 135
, 131
, 45
, 148
, 28
, 37
, 139
, 99
, 77
, 69
, 107
, 20
, 156
, 50
, 126
, 146
, 30
, 35
, 141
, 124
, 52
, 126
, 50
, 10
, 166
, 75
, 101
, 18
, 158
, 113
, 63
, 29
, 147
, 63
, 113
, 85
, 91
, 31
, 145
, 144
, 32
, 135
, 41
, 95
, 81
, 123
, 53
, 127
, 49
, 10
, 166
, 44
, 132
, 16
, 160
, 130
, 46
, 106
, 70
, 101
, 75
, 100
, 76
, 88
, 88
, 144
, 32
, 116
, 60
, 100
, 76
, 157
, 19
, 45
, 131
, 73
, 103
, 105
, 71
, 4
, 172
, 85
, 91
, 147
, 29
, 111
, 65
, 49
, 127
, 101
, 75
, 64
, 112
, 32
, 144
, 161
, 15
, 68
, 108
, 86
, 90
, 12
, 164
, 94
, 82
, 107
, 69
, 147
, 29
, 29
, 147
, 51
, 125
, 118
, 58
, 68
, 108
, 72
, 104
, 29
, 147
, 42
, 134
, 58
, 118
, 36
, 140
, 59
, 117
, 49
, 127
, 96
, 80
, 54
, 122
, 154
, 22
, 147
, 29
, 69
, 107
, 109
, 67
, 51
, 125
, 80
, 96
, 16
, 160
, 79
, 97
, 127
, 49
, 22
, 154
, 169
, 7
, 15
, 161
, 55
, 121
, 45
, 131
, 171
, 5
, 113
, 63
, 141
, 35
, 88
, 88
, 112
, 64
, 30
, 146
, 142
, 34
, 112
, 64
, 75
, 101
, 30
, 146
, 149
, 27
, 167
, 9
, 76
, 100
, 21
, 155
, 83
, 93
, 12
, 164
, 39
, 137
, 134
, 42
, 88
, 88
, 145
, 31
, 53
, 123
, 44
, 132
, 22
, 154
, 40
, 136
, 33
, 143
, 96
, 80
, 154
, 22
, 172
, 4
, 13
, 163
, 159
, 17
, 77
, 99
, 58
, 118
, 161
, 15
, 27
, 149
, 130
, 46
, 90
, 86
, 156
, 20
, 58
, 118
, 64
, 112
, 55
, 121
, 94
, 82
, 79
, 97
, 118
, 58
, 42
, 134
, 114
, 62
, 92
, 84
, 40
, 136
, 12
, 164
, 60
, 116
, 106
, 70
, 38
, 138
, 99
, 77
, 146
, 30
, 51
, 125
, 10
, 166
, 124
, 52
, 52
, 124
, 124
, 52
, 8
, 168
, 170
, 6
, 170
, 6
, 95
, 81
, 44
, 132
, 45
, 131
, 145
, 31
, 57
, 119
, 44
, 132
, 107
, 69
, 33
, 143
, 53
, 123
, 23
, 153
, 70
, 106
, 17
, 159
, 171
, 5
, 127
, 49
, 49
, 127
, 7
, 169
, 53
, 123
, 161
, 15
, 120
, 56
, 43
, 133
, 73
, 103
, 94
, 82
, 104
, 72
, 121
, 55
, 56
, 120
, 83
, 93
, 76
, 100
, 43
, 133
, 163
, 13
, 135
, 41
, 91
, 85
, 44
, 132
, 125
, 51
, 2
, 174
, 53
, 123
, 2
, 174
, 164
, 12
, 28
, 148
, 117
, 59
, 99
, 77
, 137
, 39
, 83
, 93
, 44
, 132
, 147
, 29
, 17
, 159
, 31
, 145
, 49
, 127
, 63
, 113
, 72
, 104
, 117
, 59
, 148
, 28
, 36
, 140
, 55
, 121
, 77
, 99
, 118
, 58
, 97
, 79
, 20
, 156
, 109
, 67
, 137
, 39
, 142
, 34
, 15
, 161
, 158
, 18
, 38
, 138
, 58
, 118
, 74
, 102
, 110
, 66
, 86
, 90
, 42
, 134
, 39
, 137
, 75
, 101
, 141
, 35
, 39
, 137
, 170
, 6
, 81
, 95
, 144
, 32
, 30
, 146
, 21
, 155
, 61
, 115
, 46
, 130
, 122
, 54
, 27
, 149
, 167
, 9
, 105
, 71
, 85
, 91
, 115
, 61
, 40
, 136
, 72
, 104
, 113
, 63
, 108
, 68
, 97
, 79
, 74
, 102
, 165
, 11
, 114
, 62
, 75
, 101
, 160
, 16
, 163
, 13
, 144
, 32
, 68
, 108
, 12
, 164
, 137
, 39
, 5
, 171
, 157
, 19
, 11
, 165
, 138
, 38
, 139
, 37
, 121
, 55
, 167
, 9
, 28
, 148
, 151
, 25
, 117
, 59
, 121
, 55
, 53
, 123
, 139
, 37
, 88
, 88
, 145
, 31
, 125
, 51
, 17
, 159
, 18
, 158
, 117
, 59
, 44
, 132
, 103
, 73
, 90
, 86
, 61
, 115
, 107
, 69
, 138
, 38
, 41
, 135
, 88
, 88
, 33
, 143
, 77
, 99
, 80
, 96
, 67
, 109
, 38
, 138
, 146
, 30
, 13
, 163
, 155
, 21
, 28
, 148
, 118
, 58
, 28
, 148
, 20
, 156
, 147
, 29
, 2
, 174
, 128
, 48
, 150
, 26
, 26
, 150
, 80
, 96
, 119
, 57
, 153
, 23
, 17
, 159
, 152
, 24
, 169
, 7
, 87
, 89
, 89
, 87
, 147
, 29
, 170
, 6
, 55
, 121
, 53
, 123
, 34
, 142
, 81
, 95
, 89
, 87
, 99
, 77
, 48
, 128
, 44
, 132
, 72
, 104
, 7
, 169
, 16
, 160
, 14
, 162
, 147
, 29
, 44
, 132
, 174
, 2
, 155
, 21
, 152
, 24
, 1
, 175
, 62
, 114
, 84
, 92
, 130
, 46
, 54
, 122
, 8
, 168
, 88
, 88
, 40
, 136
, 29
, 147
, 134
, 42
, 140
, 36
, 125
, 51
, 157
, 19
, 57
, 119
, 46
, 130
, 133
, 43
, 106
, 70
, 41
, 135
, 172
, 4
, 88
, 88
, 67
, 109
, 133
, 43
, 59
, 117
, 67
, 109
, 146
, 30
, 68
, 108
, 22
, 154
, 149
, 27
, 117
, 59
, 35
, 141
, 16
, 160
, 80
, 96
, 169
, 7
, 98
, 78
, 84
, 92
, 40
, 136
, 103
, 73
, 25
, 151
, 125
, 51
, 140
, 36
, 134
, 42
, 143
, 33
, 124
, 52
, 21
, 155
, 130
, 46
, 16
, 160
, 97
, 79
, 106
, 70
, 142
, 34
, 7
, 169
, 31
, 145
, 170
, 6
, 83
, 93
, 38
, 138
, 35
, 141
, 140
, 36
, 150
, 26
, 172
, 4
, 105
, 71
, 28
, 148
, 157
, 19
, 133
, 43
, 114
, 62
, 142
, 34
, 117
, 59
, 87
, 89
, 43
, 133
, 147
, 29
, 109
, 67
, 65
, 111
, 149
, 27
, 119
, 57
, 113
, 63
, 127
, 49
, 163
, 13
, 34
, 142
, 88
, 88
, 18
, 158
, 2
, 174
, 126
, 50
, 120
, 56
, 108
, 68
, 74
, 102
, 103
, 73
, 139
, 37
, 117
, 59
, 168
, 8
, 98
, 78
, 125
, 51
, 22
, 154
, 2
, 174
, 157
, 19
, 128
, 48
, 44
, 132
, 17
, 159
, 122
, 54
, 163
, 13
, 151
, 25
, 68
, 108
, 38
, 138
, 118
, 58
, 138
, 38
, 51
, 125
, 153
, 23
, 111
, 65
, 39
, 137
, 166
, 10
, 4
, 172
, 133
, 43
, 20
, 156
, 164
, 12
, 170
, 6
, 18
, 158
, 58
, 118
, 43
, 133
, 101
, 75
, 103
, 73
, 34
, 142
, 171
, 5
, 160
, 16
, 18
, 158
, 52
, 124
, 61
, 115
, 151
, 25
, 127
, 49
, 93
, 83
, 65
, 111
, 62
, 114
, 63
, 113
, 169
, 7
, 125
, 51
, 139
, 37
, 27
, 149
, 137
, 39
, 96
, 80
, 150
, 26
, 68
, 108
, 68
, 108
, 164
, 12
, 47
, 129
, 127
, 49
, 11
, 165
, 117
, 59
, 75
, 101
, 172
, 4
, 13
, 163
, 68
, 108
, 43
, 133
, 169
, 7
, 142
, 34
, 163
, 13
, 123
, 53
, 5
, 171
, 163
, 13
, 94
, 82
, 129
, 47
, 17
, 159
, 47
, 129
, 74
, 102
, 29
, 147
, 54
, 122
, 33
, 143
, 133
, 43
, 36
, 140
, 36
, 140
, 133
, 43
, 68
, 108
, 5
, 171
, 18
, 158
, 58
, 118
, 70
, 106
, 3
, 173
, 154
, 22
, 166
, 10
, 18
, 158
, 122
, 54
, 16
, 160
, 38
, 138
, 102
, 74
, 6
, 170
, 170
, 6
, 24
, 152
, 80
, 96
, 102
, 74
, 37
, 139
, 169
, 7
, 126
, 50
, 131
, 45
, 115
, 61
, 102
, 74
, 93
, 83
, 90
, 86
, 104
, 72
, 31
, 145
, 174
, 2
, 172
, 4
, 62
, 114
, 154
, 22
, 35
, 141
, 70
, 106
, 11
, 165
, 46
, 130
, 45
, 131
, 142
, 34
, 75
, 101
, 166
, 10
, 72
, 104
, 70
, 106
, 128
, 48
, 28
, 148
, 131
, 45
, 9
, 167
, 75
, 101
, 140
, 36
, 16
, 160
, 87
, 89
, 106
, 70
, 116
, 60
, 161
, 15
, 151
, 25
, 61
, 115
, 125
, 51
, 92
, 84
, 82
, 94
, 125
, 51
, 111
, 65
, 29
, 147
, 55
, 121
, 22
, 154
, 160
, 16
, 36
, 140
, 82
, 94
, 6
, 170
, 115
, 61
, 87
, 89
, 81
, 95
, 125
, 51
, 84
, 92
, 135
, 41
, 27
, 149
, 67
, 109
, 78
, 98
, 161
, 15
, 104
, 72
, 113
, 63
, 151
, 25
, 8
, 168
, 154
, 22
, 10
, 166
, 31
, 145
, 173
, 3
, 149
, 27
, 157
, 19
, 130
, 46
, 152
, 24
, 82
, 94
, 123
, 53
, 10
, 166
, 84
, 92
, 71
, 105
, 73
, 103
, 66
, 110
, 129
, 47
, 138
, 38
, 101
, 75
, 4
, 172
, 51
, 125
, 84
, 92
, 24
, 152
, 113
, 63
, 133
, 43
, 123
, 53
, 103
, 73
, 17
, 159
, 125
, 51
, 138
, 38
, 13
, 163
, 22
, 154
, 16
, 160
, 81
, 95
, 100
, 76
, 163
, 13
, 170
, 6
, 101
, 75
, 67
, 109
, 130
, 46
, 28
, 148
, 160
, 16
, 21
, 155
, 82
, 94
, 147
, 29
, 75
, 101
, 41
, 135
, 12
, 164
, 131
, 45
, 151
, 25
, 127
, 49
, 62
, 114
, 61
, 115
, 148
, 28
, 22
, 154
, 96
, 80
, 109
, 67
, 17
, 159
, 95
, 81
, 32
, 144
, 83
, 93
, 101
, 75
, 105
, 71
, 153
, 23
, 146
, 30
, 98
, 78
, 122
, 54
, 100
, 76
, 34
, 142
, 124
, 52
, 23
, 153
, 108
, 68
, 57
, 119
, 22
, 154
, 169
, 7
, 65
, 111
, 139
, 37
, 66
, 110
, 131
, 45
, 50
, 126
, 51
, 125
, 165
, 11
, 37
, 139
, 133
, 43
, 69
, 107
, 91
, 85
, 72
, 104
, 146
, 30
, 134
, 42
, 14
, 162
, 81
, 95
, 158
, 18
, 109
, 67
, 114
, 62
, 162
, 14
, 44
, 132
, 27
, 149
, 57
, 119
, 171
, 5
, 88
, 88
, 166
, 10
, 68
, 108
, 58
, 118
, 142
, 34
, 55
, 121
, 91
, 85
, 159
, 17
, 79
, 97
, 44
, 132
, 139
, 37
, 172
, 4
, 3
, 173
, 168
, 8
, 147
, 29
, 69
, 107
, 123
, 53
, 6
, 170
, 120
, 56
, 83
, 93
, 152
, 24
, 2
, 174
, 129
, 47
, 19
, 157
, 153
, 23
, 171
, 5
, 163
, 13
, 149
, 27
, 127
, 49
, 136
, 40
, 174
, 2
, 63
, 113
, 76
, 100
, 5
, 171
, 129
, 47
, 63
, 113
, 113
, 63
, 140
, 36
, 70
, 106
, 153
, 23
, 26
, 150
, 128
, 48
, 56
, 120
, 152
, 24
, 149
, 27
, 80
, 96
, 113
, 63
, 63
, 113
, 74
, 102
, 11
, 165
, 110
, 66
, 59
, 117
, 28
, 148
, 17
, 159
, 81
, 95
, 133
, 43
, 35
, 141
, 87
, 89
, 121
, 55
, 6
, 170
, 78
, 98
, 103
, 73
, 26
, 150
, 5
, 171
, 72
, 104
, 24
, 152
, 83
, 93
, 168
, 8
, 66
, 110
, 103
, 73
, 86
, 90
, 2
, 174
, 155
, 21
, 163
, 13
, 59
, 117
, 43
, 133
, 103
, 73
, 52
, 124
, 119
, 57
, 58
, 118
, 86
, 90
, 65
, 111
, 30
, 146
, 135
, 41
, 99
, 77
, 90
, 86
, 16
, 160
, 72
, 104
, 149
, 27
, 81
, 95
, 51
, 125
, 160
, 16
, 107
, 69
, 41
, 135
, 104
, 72
, 112
, 64
, 10
, 166
, 136
, 40
, 154
, 22
, 69
, 107
, 4
, 172
, 37
, 139
, 174
, 2
, 169
, 7
, 54
, 122
, 114
, 62
, 9
, 167
, 157
, 19
, 144
, 32
, 98
, 78
, 65
, 111
, 146
, 30
, 138
, 38
, 135
, 41
, 104
, 72
, 9
, 167
, 163
, 13
, 153
, 23
, 7
, 169
, 6
, 170
, 151
, 25
, 47
, 129
, 98
, 78
, 42
, 134
, 2
, 174
, 39
, 137
, 139
, 37
, 139
, 37
, 138
, 38
, 123
, 53
, 169
, 7
, 159
, 17
, 78
, 98
, 73
, 103
, 95
, 81
, 33
, 143
, 67
, 109
, 169
, 7
, 45
, 131
, 73
, 103
, 18
, 158
, 110
, 66
, 131
, 45
, 115
, 61
, 7
, 169
, 152
, 24
, 60
, 116
, 89
, 87
, 68
, 108
, 58
, 118
, 20
, 156
, 144
, 32
, 70
, 106
, 90
, 86
, 123
, 53
, 3
, 173
, 23
, 153
, 65
, 111
, 70
, 106
, 61
, 115
, 136
, 40
, 117
, 59
, 3
, 173
, 153
, 23
, 142
, 34
, 114
, 62
, 139
, 37
, 32
, 144
, 153
, 23
, 27
, 149
, 15
, 161
, 23
, 153
, 46
, 130
, 111
, 65
, 43
, 133
, 9
, 167
, 15
, 161
, 41
, 135
, 75
, 101
, 70
, 106
, 136
, 40
, 59
, 117
, 119
, 57
, 147
, 29
, 119
, 57
, 122
, 54
, 138
, 38
, 166
, 10
, 38
, 138
, 93
, 83
, 96
, 80
, 34
, 142
, 53
, 123
, 122
, 54
, 120
, 56
, 166
, 10
, 37
, 139
, 29
, 147
, 43
, 133
, 55
, 121
, 84
, 92
, 141
, 35
, 167
, 9
, 71
, 105
, 106
, 70
, 98
, 78
, 152
, 24
, 101
, 75
, 75
, 101
, 97
, 79
, 171
, 5
, 41
, 135
, 41
, 135
, 101
, 75
, 13
, 163
, 144
, 32
, 22
, 154
, 42
, 134
, 72
, 104
, 80
, 96
, 117
, 59
, 64
, 112
, 25
, 151
, 108
, 68
, 59
, 117
, 173
, 3
, 44
, 132
, 158
, 18
, 69
, 107
, 140
, 36
, 104
, 72
, 128
, 48
, 135
, 41
, 84
, 92
, 56
, 120
, 42
, 134
, 124
, 52
, 11
, 165
, 174
, 2
, 6
, 170
, 29
, 147
, 74
, 102
, 16
, 160
, 126
, 50
, 17
, 159
, 143
, 33
, 64
, 112
, 158
, 18
, 172
, 4
, 1
, 175
, 13
, 163
, 34
, 142
, 90
, 86
, 160
, 16
, 20
, 156
, 36
, 140
, 89
, 87
, 95
, 81
, 21
, 155
, 109
, 67
, 50
, 126
, 11
, 165
, 144
, 32
, 163
, 13
, 66
, 110
, 152
, 24
, 53
, 123
, 167
, 9
, 18
, 158
, 167
, 9
, 92
, 84
, 4
, 172
, 3
, 173
, 43
, 133
, 102
, 74
, 112
, 64
, 10
, 166
, 160
, 16
, 98
, 78
, 128
, 48
, 55
, 121
, 22
, 154
, 110
, 66
, 77
, 99
, 69
, 107
, 9
, 167
, 17
, 159
, 25
, 151
, 128
, 48
, 6
, 170
, 48
, 128
, 100
, 76
, 46
, 130
, 168
, 8
, 110
, 66
, 54
, 122
, 140
, 36
, 112
, 64
, 6
, 170
, 149
, 27
, 107
, 69
, 100
, 76
, 127
, 49
, 95
, 81
, 90
, 86
, 171
, 5
, 111
, 65
, 80
, 96
, 34
, 142
, 118
, 58
, 78
, 98
, 133
, 43
, 112
, 64
, 128
, 48
, 83
, 93
, 78
, 98
, 115
, 61
, 116
, 60
, 13
, 163
, 148
, 28
, 146
, 30
, 55
, 121
, 129
, 47
, 148
, 28
, 105
, 71
, 60
, 116
, 138
, 38
, 136
, 40
, 160
, 16
, 47
, 129
, 99
, 77
, 51
, 125
, 50
, 126
, 170
, 6
, 159
, 17
, 109
, 67
, 158
, 18
, 35
, 141
, 160
, 16
, 111
, 65
, 77
, 99
, 43
, 133
, 28
, 148
, 129
, 47
, 67
, 109
, 73
, 103
, 71
, 105
, 61
, 115
, 34
, 142
, 20
, 156
, 15
, 161
, 11
, 165
, 131
, 45
, 112
, 64
, 14
, 162
, 94
, 82
, 22
, 154
, 8
, 168
, 40
, 136
, 123
, 53
, 141
, 35
, 141
, 35
, 168
, 8
, 140
, 36
, 81
, 95
, 40
, 136
, 32
, 144
, 116
, 60
, 140
, 36
, 16
, 160
, 168
, 8
, 16
, 160
, 105
, 71
, 102
, 74
, 172
, 4
, 40
, 136
, 13
, 163
, 144
, 32
, 24
, 152
, 75
, 101
, 10
, 166
, 109
, 67
, 108
, 68
, 1
, 175
, 55
, 121
, 33
, 143
, 76
, 100
, 25
, 151
, 162
, 14
, 118
, 58
, 133
, 43
, 91
, 85
, 19
, 157
, 124
, 52
, 116
, 60
, 157
, 19
, 132
, 44
, 63
, 113
, 137
, 39
, 150
, 26
, 163
, 13
, 11
, 165
, 72
, 104
, 168
, 8
, 63
, 113
, 151
, 25
, 75
, 101
, 168
, 8
, 91
, 85
, 29
, 147
, 35
, 141
, 162
, 14
, 151
, 25
, 49
, 127
, 12
, 164
, 166
, 10
, 18
, 158
, 158
, 18
, 11
, 165
, 44
, 132
, 39
, 137
, 86
, 90
, 149
, 27
, 72
, 104
, 114
, 62
, 171
, 5
, 23
, 153
, 133
, 43
, 74
, 102
, 65
, 111
, 125
, 51
, 97
, 79
, 52
, 124
, 148
, 28
, 115
, 61
, 141
, 35
, 10
, 166
, 108
, 68
, 130
, 46
, 138
, 38
, 96
, 80
, 143
, 33
, 132
, 44
, 148
, 28
, 83
, 93
, 24
, 152
, 119
, 57
, 152
, 24
, 155
, 21
, 150
, 26
, 20
, 156
, 35
, 141
, 57
, 119
, 174
, 2
, 24
, 152
, 110
, 66
, 81
, 95
, 56
, 120
, 137
, 39
, 87
, 89
, 134
, 42
, 165
, 11
, 8
, 168
, 162
, 14
, 34
, 142
, 88
, 88
, 67
, 109
, 100
, 76
, 164
, 12
, 71
, 105
, 28
, 148
, 4
, 172
, 30
, 146
, 157
, 19
, 147
, 29
, 32
, 144
, 147
, 29
, 53
, 123
, 12
, 164
, 158
, 18
, 131
, 45
, 172
, 4
, 158
, 18
, 17
, 159
, 36
, 140
, 89
, 87
, 104
, 72
, 28
, 148
, 10
, 166
, 50
, 126
, 80
, 96
, 166
, 10
, 20
, 156
, 73
, 103
, 60
, 116
, 23
, 153
, 164
, 12
, 132
, 44
, 43
, 133
, 38
, 138
, 2
, 174
, 118
, 58
, 96
, 80
, 171
, 5
, 55
, 121
, 74
, 102
, 89
, 87
, 29
, 147
, 122
, 54
, 22
, 154
, 52
, 124
, 165
, 11
, 163
, 13
, 3
, 173
, 50
, 126
, 142
, 34
, 101
, 75
, 169
, 7
, 50
, 126
, 61
, 115
, 26
, 150
, 102
, 74
, 81
, 95
, 60
, 116
, 162
, 14
, 141
, 35
, 104
, 72
, 25
, 151
, 141
, 35
, 134
, 42
, 18
, 158
, 151
, 25
, 135
, 41
, 74
, 102
, 166
, 10
, 162
, 14
, 168
, 8
, 150
, 26
, 96
, 80
, 136
, 40
, 91
, 85
, 100
, 76
, 139
, 37
, 71
, 105
, 154
, 22
, 21
, 155
, 16
, 160
, 174
, 2
, 24
, 152
, 115
, 61
, 3
, 173
, 79
, 97
, 1
, 175
, 123
, 53
, 17
, 159
, 65
, 111
, 2
, 174
, 20
, 156
, 84
, 92
, 3
, 173
, 2
, 174
, 2
, 174
, 65
, 111
, 11
, 165
, 152
, 24
, 151
, 25
, 135
, 41
, 113
, 63
, 157
, 19
, 144
, 32
, 97
, 79
, 141
, 35
, 105
, 71
, 24
, 152
, 95
, 81
, 7
, 169
, 106
, 70
, 9
, 167
, 98
, 78
, 80
, 96
, 120
, 56
, 108
, 68
, 52
, 124
, 115
, 61
, 39
, 137
, 159
, 17
, 49
, 127
, 60
, 116
, 25
, 151
, 80
, 96
, 33
, 143
, 48
, 128
, 116
, 60
, 37
, 139
, 79
, 97
, 150
, 26
, 73
, 103
, 7
, 169
, 88
, 88
, 36
, 140
, 93
, 83
, 165
, 11
, 143
, 33
, 121
, 55
, 65
, 111
, 121
, 55
, 107
, 69
, 68
, 108
, 53
, 123
, 143
, 33
, 24
, 152
, 108
, 68
, 38
, 138
, 53
, 123
, 34
, 142
, 11
, 165
, 98
, 78
, 166
, 10
, 73
, 103
, 34
, 142
, 40
, 136
, 143
, 33
, 21
, 155
, 19
, 157
, 1
, 175
, 14
, 162
, 149
, 27
, 138
, 38
, 78
, 98
, 117
, 59
, 110
, 66
, 158
, 18
, 107
, 69
, 122
, 54
, 53
, 123
, 140
, 36
, 18
, 158
, 45
, 131
, 163
, 13
, 29
, 147
, 3
, 173
, 113
, 63
, 4
, 172
, 156
, 20
, 163
, 13
, 46
, 130
, 99
, 77
, 2
, 174
, 119
, 57
, 70
, 106
, 98
, 78
, 145
, 31
, 35
, 141
, 118
, 58
, 139
, 37
, 38
, 138
, 149
, 27
, 162
, 14
, 153
, 23
, 69
, 107
, 59
, 117
, 100
, 76
, 110
, 66
, 68
, 108
, 153
, 23
, 12
, 164
, 117
, 59
, 59
, 117
, 84
, 92
, 151
, 25
, 147
, 29
, 156
, 20
, 136
, 40
, 153
, 23
, 12
, 164
, 164
, 12
, 88
, 88
, 95
, 81
, 105
, 71
, 28
, 148
, 60
, 116
, 104
, 72
, 114
, 62
, 36
, 140
, 112
, 64
, 131
, 45
, 43
, 133
, 78
, 98
, 2
, 174
, 86
, 90
, 129
, 47
, 72
, 104
, 144
, 32
, 14
, 162
, 48
, 128
, 111
, 65
, 145
, 31
, 145
, 31
, 49
, 127
, 97
, 79
, 20
, 156
, 62
, 114
, 9
, 167
, 28
, 148
, 166
, 10
, 173
, 3
, 110
, 66
, 157
, 19
, 121
, 55
, 164
, 12
, 92
, 84
, 139
, 37
, 113
, 63
, 116
, 60
, 100
, 76
, 75
, 101
, 107
, 69
, 49
, 127
, 159
, 17
, 33
, 143
, 164
, 12
, 106
, 70
, 27
, 149
, 166
, 10
, 114
, 62
, 114
, 62
, 80
, 96
, 105
, 71
, 105
, 71
, 154
, 22
, 147
, 29
, 28
, 148
, 31
, 145
, 151
, 25
, 84
, 92
, 27
, 149
, 149
, 27
, 147
, 29
, 129
, 47
, 40
, 136
, 6
, 170
, 138
, 38
, 129
, 47
, 83
, 93
, 161
, 15
, 76
, 100
, 139
, 37
, 153
, 23
, 31
, 145
, 128
, 48
, 73
, 103
, 143
, 33
, 49
, 127
, 59
, 117
, 174
, 2
, 96
, 80
, 123
, 53
, 161
, 15
, 22
, 154
, 100
, 76
, 157
, 19
, 145
, 31
, 25
, 151
, 91
, 85
, 57
, 119
, 70
, 106
, 128
, 48
, 143
, 33
, 140
, 36
, 91
, 85
, 139
, 37
, 52
, 124
, 146
, 30
, 146
, 30
, 93
, 83
, 116
, 60
, 107
, 69
, 31
, 145
, 11
, 165
, 62
, 114
, 160
, 16
, 29
, 147
, 91
, 85
, 8
, 168
, 23
, 153
, 62
, 114
, 41
, 135
, 89
, 87
, 89
, 87
, 45
, 131
, 173
, 3
, 104
, 72
, 85
, 91
, 168
, 8
, 89
, 87
, 90
, 86
, 6
, 170
, 74
, 102
, 2
, 174
, 151
, 25
, 140
, 36
, 140
, 36
, 66
, 110
, 90
, 86
, 36
, 140
, 137
, 39
, 80
, 96
, 111
, 65
, 57
, 119
, 163
, 13
, 6
, 170
, 97
, 79
, 79
, 97
, 160
, 16
, 159
, 17
, 100
, 76
, 154
, 22
, 86
, 90
, 149
, 27
, 111
, 65
, 110
, 66
, 94
, 82
, 21
, 155
, 46
, 130
, 80
, 96
, 1
, 175
, 76
, 100
, 128
, 48
, 85
, 91
, 74
, 102
, 86
, 90
, 27
, 149
, 76
, 100
, 144
, 32
, 40
, 136
, 17
, 159
, 139
, 37
, 147
, 29
, 58
, 118
, 136
, 40
, 157
, 19
, 46
, 130
, 57
, 119
, 72
, 104
, 60
, 116
, 49
, 127
, 63
, 113
, 127
, 49
, 3
, 173
, 61
, 115
, 149
, 27
, 105
, 71
, 33
, 143
, 28
, 148
, 36
, 140
, 114
, 62
, 48
, 128
, 31
, 145
, 126
, 50
, 174
, 2
, 66
, 110
, 150
, 26
, 173
, 3
, 105
, 71
, 48
, 128
, 58
, 118
, 107
, 69
, 1
, 175
, 138
, 38
, 172
, 4
, 111
, 65
, 132
, 44
, 3
, 173
, 47
, 129
, 109
, 67
, 136
, 40
, 165
, 11
, 49
, 127
, 4
, 172
, 76
, 100
, 128
, 48
, 42
, 134
, 82
, 94
, 79
, 97
, 56
, 120
, 148
, 28
, 170
, 6
, 66
, 110
, 98
, 78
, 169
, 7
, 53
, 123
, 123
, 53
, 43
, 133
, 164
, 12
, 154
, 22
, 86
, 90
, 162
, 14
, 126
, 50
, 159
, 17
, 170
, 6
, 129
, 47
, 37
, 139
, 107
, 69
, 96
, 80
, 66
, 110
, 43
, 133
, 64
, 112
, 91
, 85
, 45
, 131
, 113
, 63
, 169
, 7
, 124
, 52
, 10
, 166
, 132
, 44
, 137
, 39
, 128
, 48
, 29
, 147
, 165
, 11
, 48
, 128
, 9
, 167
, 39
, 137
, 27
, 149
, 129
, 47
, 29
, 147
, 95
, 81
, 48
, 128
, 28
, 148
, 136
, 40
, 70
, 106
, 11
, 165
, 71
, 105
, 67
, 109
, 29
, 147
, 1
, 175
, 166
, 10
, 136
, 40
, 35
, 141
, 169
, 7
, 15
, 161
, 95
, 81
, 3
, 173
, 116
, 60
, 26
, 150
, 135
, 41
, 95
, 81
, 10
, 166
, 94
, 82
, 132
, 44
, 173
, 3
, 103
, 73
, 105
, 71
, 113
, 63
, 150
, 26
, 125
, 51
, 140
, 36
, 94
, 82
, 150
, 26
, 61
, 115
, 125
, 51
, 61
, 115
, 94
, 82
, 58
, 118
, 122
, 54
, 107
, 69
, 150
, 26
, 86
, 90
, 124
, 52
, 54
, 122
, 131
, 45
, 20
, 156
, 4
, 172
, 93
, 83
, 139
, 37
, 49
, 127
, 168
, 8
, 147
, 29
, 90
, 86
, 51
, 125
, 63
, 113
, 19
, 157
, 55
, 121
, 123
, 53
, 93
, 83
, 95
, 81
, 123
, 53
, 160
, 16
, 13
, 163
, 97
, 79
, 87
, 89
, 72
, 104
, 26
, 150
, 22
, 154
, 165
, 11
, 7
, 169
, 157
, 19
, 46
, 130
, 38
, 138
, 149
, 27
, 86
, 90
, 77
, 99
, 68
, 108
, 97
, 79
, 112
, 64
, 113
, 63
, 141
, 35
, 144
, 32
, 76
, 100
, 103
, 73
, 40
, 136
, 117
, 59
, 72
, 104
, 18
, 158
, 134
, 42
, 52
, 124
, 127
, 49
, 12
, 164
, 115
, 61
, 171
, 5
, 28
, 148
, 95
, 81
, 13
, 163
, 30
, 146
, 89
, 87
, 91
, 85
, 42
, 134
, 73
, 103
, 140
, 36
, 16
, 160
, 54
, 122
, 161
, 15
, 102
, 74
, 142
, 34
, 136
, 40
, 81
, 95
, 109
, 67
, 66
, 110
, 131
, 45
, 94
, 82
, 166
, 10
, 96
, 80
, 134
, 42
, 123
, 53
, 7
, 169
, 149
, 27
, 104
, 72
, 67
, 109
, 1
, 175
, 71
, 105
, 133
, 43
, 56
, 120
, 1
, 175
, 16
, 160
, 153
, 23
, 157
, 19
, 69
, 107
, 141
, 35
, 73
, 103
, 96
, 80
, 11
, 165
, 23
, 153
, 164
, 12
, 118
, 58
, 36
, 140
, 12
, 164
, 54
, 122
, 65
, 111
, 51
, 125
, 103
, 73
, 2
, 174
, 77
, 99
, 47
, 129
, 38
, 138
, 37
, 139
, 148
, 28
, 121
, 55
, 130
, 46
, 30
, 146
, 26
, 150
, 125
, 51
, 61
, 115
, 26
, 150
, 44
, 132
, 34
, 142
, 65
, 111
, 130
, 46
, 82
, 94
, 143
, 33
, 27
, 149
, 46
, 130
, 11
, 165
, 92
, 84
, 32
, 144
, 116
, 60
, 53
, 123
, 11
, 165
, 39
, 137
, 147
, 29
, 85
, 91
, 123
, 53
, 48
, 128
, 91
, 85
, 26
, 150
, 119
, 57
, 101
, 75
, 136
, 40
, 126
, 50
, 13
, 163
, 48
, 128
, 90
, 86
, 155
, 21
, 101
, 75
, 58
, 118
, 96
, 80
, 86
, 90
, 67
, 109
, 67
, 109
, 16
, 160
, 76
, 100
, 2
, 174
, 6
, 170
, 171
, 5
, 151
, 25
, 26
, 150
, 116
, 60
, 14
, 162
, 145
, 31
, 172
, 4
, 57
, 119
, 133
, 43
, 158
, 18
, 163
, 13
, 136
, 40
, 148
, 28
, 122
, 54
, 104
, 72
, 112
, 64
, 92
, 84
, 162
, 14
, 10
, 166
, 119
, 57
, 124
, 52
, 6
, 170
, 155
, 21
, 154
, 22
, 91
, 85
, 110
, 66
, 138
, 38
, 107
, 69
, 37
, 139
, 162
, 14
, 157
, 19
, 157
, 19
, 9
, 167
, 80
, 96
, 3
, 173
, 132
, 44
, 123
, 53
, 78
, 98
, 11
, 165
, 63
, 113
, 59
, 117
, 144
, 32
, 110
, 66
, 122
, 54
, 138
, 38
, 124
, 52
, 164
, 12
, 128
, 48
, 36
, 140
, 44
, 132
, 142
, 34
, 39
, 137
, 69
, 107
, 114
, 62
, 58
, 118
, 105
, 71
, 139
, 37
, 118
, 58
, 3
, 173
, 95
, 81
, 11
, 165
, 60
, 116
, 86
, 90
, 13
, 163
, 55
, 121
, 24
, 152
, 163
, 13
, 76
, 100
, 112
, 64
, 55
, 121
, 80
, 96
, 10
, 166
, 75
, 101
, 34
, 142
, 129
, 47
, 82
, 94
, 80
, 96
, 31
, 145
, 156
, 20
, 158
, 18
, 158
, 18
, 85
, 91
, 149
, 27
, 78
, 98
, 116
, 60
, 15
, 161
, 53
, 123
, 156
, 20
, 74
, 102
, 157
, 19
, 38
, 138
, 7
, 169
, 41
, 135
, 134
, 42
, 132
, 44
, 2
, 174
, 65
, 111
, 7
, 169
, 168
, 8
, 85
, 91
, 110
, 66
, 140
, 36
, 165
, 11
, 50
, 126
, 153
, 23
, 113
, 63
, 32
, 144
, 151
, 25
, 125
, 51
, 41
, 135
, 114
, 62
, 161
, 15
, 75
, 101
, 103
, 73
, 94
, 82
, 99
, 77
, 157
, 19
, 120
, 56
, 14
, 162
, 2
, 174
, 101
, 75
, 117
, 59
, 171
, 5
, 19
, 157
, 25
, 151
, 43
, 133
, 92
, 84
, 46
, 130
, 167
, 9
, 68
, 108
, 70
, 106
, 149
, 27
, 20
, 156
, 92
, 84
, 83
, 93
, 132
, 44
, 93
, 83
, 145
, 31
, 172
, 4
, 9
, 167
, 121
, 55
, 79
, 97
, 112
, 64
, 146
, 30
, 106
, 70
, 75
, 101
, 46
, 130
, 60
, 116
, 166
, 10
, 27
, 149
, 28
, 148
, 140
, 36
, 21
, 155
, 29
, 147
, 145
, 31
, 59
, 117
, 93
, 83
, 132
, 44
, 101
, 75
, 172
, 4
, 46
, 130
, 161
, 15
, 107
, 69
, 118
, 58
, 38
, 138
, 98
, 78
, 5
, 171
, 118
, 58
, 117
, 59
, 9
, 167
, 47
, 129
, 162
, 14
, 109
, 67
, 54
, 122
, 47
, 129
, 124
, 52
, 75
, 101
, 28
, 148
, 27
, 149
, 87
, 89
, 105
, 71
, 25
, 151
, 66
, 110
, 127
, 49
, 21
, 155
, 73
, 103
, 106
, 70
, 73
, 103
, 10
, 166
, 69
, 107
, 169
, 7
, 4
, 172
, 128
, 48
, 68
, 108
, 66
, 110
, 3
, 173
, 41
, 135
, 15
, 161
, 25
, 151
, 95
, 81
, 57
, 119
, 45
, 131
, 69
, 107
, 136
, 40
, 47
, 129
, 118
, 58
, 63
, 113
, 126
, 50
, 30
, 146
, 144
, 32
, 90
, 86
, 6
, 170
, 76
, 100
, 24
, 152
, 158
, 18
, 73
, 103
, 79
, 97
, 17
, 159
, 29
, 147
, 144
, 32
, 88
, 88
, 77
, 99
, 84
, 92
, 152
, 24
, 38
, 138
, 52
, 124
, 48
, 128
, 40
, 136
, 172
, 4
, 105
, 71
, 14
, 162
, 14
, 162
, 86
, 90
, 108
, 68
, 168
, 8
, 141
, 35
, 61
, 115
, 84
, 92
, 95
, 81
, 3
, 173
, 60
, 116
, 168
, 8
, 146
, 30
, 109
, 67
, 159
, 17
, 83
, 93
, 21
, 155
, 33
, 143
, 117
, 59
, 68
, 108
, 86
, 90
, 80
, 96
, 29
, 147
, 164
, 12
, 100
, 76
, 17
, 159
, 130
, 46
, 142
, 34
, 144
, 32
, 50
, 126
, 131
, 45
, 148
, 28
, 98
, 78
, 116
, 60
, 40
, 136
, 36
, 140
, 24
, 152
, 122
, 54
, 119
, 57
, 63
, 113
, 105
, 71
, 4
, 172
, 104
, 72
, 97
, 79
, 7
, 169
, 172
, 4
, 41
, 135
, 6
, 170
, 167
, 9
, 134
, 42
, 68
, 108
, 36
, 140
, 135
, 41
, 69
, 107
, 77
, 99
, 79
, 97
, 130
, 46
, 18
, 158
, 16
, 160
, 111
, 65
, 29
, 147
, 81
, 95
, 167
, 9
, 109
, 67
, 104
, 72
, 98
, 78
, 91
, 85
, 69
, 107
, 128
, 48
, 118
, 58
, 90
, 86
, 148
, 28
, 109
, 67
, 25
, 151
, 174
, 2
, 174
, 2
, 105
, 71
, 122
, 54
, 79
, 97
, 76
, 100
, 126
, 50
, 17
, 159
, 82
, 94
, 71
, 105
, 26
, 150
, 167
, 9
, 49
, 127
, 149
, 27
, 81
, 95
, 1
, 175
, 21
, 155
, 170
, 6
, 85
, 91
, 84
, 92
, 64
, 112
, 29
, 147
, 2
, 174
, 141
, 35
, 29
, 147
, 149
, 27
, 90
, 86
, 102
, 74
, 26
, 150
, 132
, 44
, 27
, 149
, 64
, 112
, 64
, 112
, 71
, 105
, 89
, 87
, 50
, 126
, 14
, 162
, 108
, 68
, 9
, 167
, 109
, 67
, 2
, 174
, 26
, 150
, 67
, 109
, 7
, 169
, 43
, 133
, 58
, 118
, 8
, 168
, 117
, 59
, 31
, 145
, 143
, 33
, 32
, 144
, 99
, 77
, 2
, 174
, 82
, 94
, 16
, 160
, 150
, 26
, 64
, 112
, 116
, 60
, 19
, 157
, 3
, 173
, 94
, 82
, 146
, 30
, 65
, 111
, 127
, 49
, 143
, 33
, 57
, 119
, 120
, 56
, 56
, 120
, 163
, 13
, 18
, 158
, 94
, 82
, 65
, 111
, 1
, 175
, 120
, 56
, 78
, 98
, 63
, 113
, 153
, 23
, 133
, 43
, 134
, 42
, 87
, 89
, 136
, 40
, 126
, 50
, 138
, 38
, 116
, 60
, 81
, 95
, 136
, 40
, 165
, 11
, 59
, 117
, 29
, 147
, 27
, 149
, 140
, 36
, 170
, 6
, 54
, 122
, 119
, 57
, 71
, 105
, 88
, 88
, 13
, 163
, 96
, 80
, 151
, 25
, 66
, 110
, 139
, 37
, 112
, 64
, 43
, 133
, 56
, 120
, 46
, 130
, 128
, 48
, 32
, 144
, 45
, 131
, 130
, 46
, 99
, 77
, 35
, 141
, 33
, 143
, 143
, 33
, 129
, 47
, 161
, 15
, 80
, 96
, 174
, 2
, 152
, 24
, 159
, 17
, 137
, 39
, 76
, 100
, 106
, 70
, 49
, 127
, 73
, 103
, 136
, 40
, 37
, 139
, 2
, 174
, 92
, 84
, 34
, 142
, 66
, 110
, 18
, 158
, 2
, 174
, 171
, 5
, 58
, 118
, 130
, 46
, 135
, 41
, 130
, 46
, 144
, 32
, 164
, 12
, 69
, 107
, 22
, 154
, 37
, 139
, 11
, 165
, 18
, 158
, 2
, 174
, 169
, 7
, 140
, 36
, 164
, 12
, 103
, 73
, 94
, 82
, 162
, 14
, 142
, 34
, 115
, 61
, 86
, 90
, 117
, 59
, 79
, 97
, 90
, 86
, 93
, 83
, 46
, 130
, 151
, 25
, 48
, 128
, 143
, 33
, 151
, 25
, 85
, 91
, 13
, 163
, 72
, 104
, 24
, 152
, 82
, 94
, 117
, 59
, 107
, 69
, 133
, 43
, 129
, 47
, 114
, 62
, 127
, 49
, 65
, 111
, 104
, 72
, 141
, 35
, 131
, 45
, 167
, 9
, 98
, 78
, 44
, 132
, 16
, 160
, 156
, 20
, 81
, 95
, 19
, 157
, 2
, 174
, 11
, 165
, 129
, 47
, 170
, 6
, 43
, 133
, 91
, 85
, 94
, 82
, 160
, 16
, 65
, 111
, 173
, 3
, 124
, 52
, 74
, 102
, 137
, 39
, 109
, 67
, 74
, 102
, 53
, 123
, 28
, 148
, 70
, 106
, 131
, 45
, 57
, 119
, 157
, 19
, 87
, 89
, 115
, 61
, 23
, 153
, 128
, 48
, 96
, 80
, 91
, 85
, 33
, 143
, 116
, 60
, 127
, 49
, 72
, 104
, 89
, 87
, 91
, 85
, 60
, 116
, 50
, 126
, 54
, 122
, 69
, 107
, 73
, 103
, 164
, 12
, 50
, 126
, 35
, 141
, 109
, 67
, 16
, 160
