
3000
, 113
, 128
, 229
, 12
, 85
, 156
, 62
, 179
, 81
, 160
, 217
, 24
, 163
, 78
, 169
, 72
, 96
, 145
, 211
, 30
, 117
, 124
, 45
, 196
, 1
, 240
, 228
, 13
, 119
, 122
, 143
, 98
, 154
, 87
, 124
, 117
, 180
, 61
, 164
, 77
, 86
, 155
, 92
, 149
, 139
, 102
, 180
, 61
, 239
, 2
, 146
, 95
, 133
, 108
, 142
, 99
, 213
, 28
, 102
, 139
, 115
, 126
, 217
, 24
, 18
, 223
, 199
, 42
, 36
, 205
, 56
, 185
, 79
, 162
, 120
, 121
, 27
, 214
, 192
, 49
, 112
, 129
, 179
, 62
, 173
, 68
, 52
, 189
, 157
, 84
, 120
, 121
, 1
, 240
, 122
, 119
, 221
, 20
, 192
, 49
, 223
, 18
, 211
, 30
, 226
, 15
, 216
, 25
, 10
, 231
, 50
, 191
, 148
, 93
, 216
, 25
, 74
, 167
, 189
, 52
, 20
, 221
, 160
, 81
, 55
, 186
, 81
, 160
, 139
, 102
, 19
, 222
, 15
, 226
, 138
, 103
, 112
, 129
, 174
, 67
, 9
, 232
, 130
, 111
, 103
, 138
, 102
, 139
, 110
, 131
, 89
, 152
, 146
, 95
, 232
, 9
, 86
, 155
, 163
, 78
, 205
, 36
, 103
, 138
, 153
, 88
, 197
, 44
, 40
, 201
, 179
, 62
, 76
, 165
, 104
, 137
, 37
, 204
, 120
, 121
, 8
, 233
, 18
, 223
, 67
, 174
, 56
, 185
, 28
, 213
, 30
, 211
, 90
, 151
, 139
, 102
, 33
, 208
, 151
, 90
, 6
, 235
, 2
, 239
, 173
, 68
, 161
, 80
, 181
, 60
, 89
, 152
, 147
, 94
, 239
, 2
, 125
, 116
, 126
, 115
, 117
, 124
, 164
, 77
, 205
, 36
, 205
, 36
, 187
, 54
, 1
, 240
, 32
, 209
, 41
, 200
, 186
, 55
, 140
, 101
, 172
, 69
, 48
, 193
, 207
, 34
, 227
, 14
, 207
, 34
, 133
, 108
, 121
, 120
, 125
, 116
, 217
, 24
, 189
, 52
, 78
, 163
, 110
, 131
, 96
, 145
, 183
, 58
, 204
, 37
, 49
, 192
, 212
, 29
, 227
, 14
, 1
, 240
, 131
, 110
, 66
, 175
, 47
, 194
, 80
, 161
, 70
, 171
, 113
, 128
, 171
, 70
, 48
, 193
, 160
, 81
, 186
, 55
, 185
, 56
, 205
, 36
, 62
, 179
, 113
, 128
, 161
, 80
, 112
, 129
, 203
, 38
, 36
, 205
, 41
, 200
, 22
, 219
, 13
, 228
, 36
, 205
, 173
, 68
, 88
, 153
, 180
, 61
, 153
, 88
, 93
, 148
, 86
, 155
, 129
, 112
, 124
, 117
, 175
, 66
, 35
, 206
, 91
, 150
, 145
, 96
, 96
, 145
, 101
, 140
, 219
, 22
, 123
, 118
, 89
, 152
, 205
, 36
, 82
, 159
, 6
, 235
, 148
, 93
, 58
, 183
, 45
, 196
, 113
, 128
, 187
, 54
, 105
, 136
, 152
, 89
, 69
, 172
, 206
, 35
, 114
, 127
, 17
, 224
, 37
, 204
, 64
, 177
, 45
, 196
, 180
, 61
, 43
, 198
, 131
, 110
, 80
, 161
, 210
, 31
, 44
, 197
, 153
, 88
, 1
, 240
, 238
, 3
, 212
, 29
, 3
, 238
, 208
, 33
, 208
, 33
, 3
, 238
, 55
, 186
, 51
, 190
, 192
, 49
, 18
, 223
, 218
, 23
, 195
, 46
, 192
, 49
, 25
, 216
, 229
, 12
, 92
, 149
, 72
, 169
, 48
, 193
, 212
, 29
, 202
, 39
, 213
, 28
, 178
, 63
, 151
, 90
, 17
, 224
, 136
, 105
, 59
, 182
, 150
, 91
, 130
, 111
, 228
, 13
, 172
, 69
, 118
, 123
, 219
, 22
, 34
, 207
, 122
, 119
, 67
, 174
, 125
, 116
, 161
, 80
, 25
, 216
, 30
, 211
, 43
, 198
, 110
, 131
, 177
, 64
, 228
, 13
, 46
, 195
, 160
, 81
, 174
, 67
, 12
, 229
, 80
, 161
, 77
, 164
, 215
, 26
, 54
, 187
, 130
, 111
, 95
, 146
, 116
, 125
, 108
, 133
, 136
, 105
, 19
, 222
, 226
, 15
, 209
, 32
, 211
, 30
, 74
, 167
, 40
, 201
, 136
, 105
, 239
, 2
, 196
, 45
, 17
, 224
, 89
, 152
, 183
, 58
, 77
, 164
, 183
, 58
, 226
, 15
, 119
, 122
, 64
, 177
, 53
, 188
, 186
, 55
, 180
, 61
, 190
, 51
, 37
, 204
, 153
, 88
, 112
, 129
, 47
, 194
, 38
, 203
, 238
, 3
, 48
, 193
, 184
, 57
, 236
, 5
, 175
, 66
, 131
, 110
, 195
, 46
, 175
, 66
, 22
, 219
, 28
, 213
, 156
, 85
, 1
, 240
, 74
, 167
, 1
, 240
, 155
, 86
, 110
, 131
, 111
, 130
, 87
, 154
, 206
, 35
, 7
, 234
, 225
, 16
, 197
, 44
, 183
, 58
, 77
, 164
, 11
, 230
, 57
, 184
, 17
, 224
, 176
, 65
, 157
, 84
, 13
, 228
, 117
, 124
, 69
, 172
, 213
, 28
, 48
, 193
, 134
, 107
, 212
, 29
, 215
, 26
, 200
, 41
, 89
, 152
, 221
, 20
, 172
, 69
, 200
, 41
, 192
, 49
, 140
, 101
, 133
, 108
, 164
, 77
, 40
, 201
, 79
, 162
, 60
, 181
, 212
, 29
, 148
, 93
, 40
, 201
, 29
, 212
, 106
, 135
, 108
, 133
, 132
, 109
, 152
, 89
, 131
, 110
, 223
, 18
, 212
, 29
, 226
, 15
, 197
, 44
, 166
, 75
, 101
, 140
, 92
, 149
, 39
, 202
, 185
, 56
, 24
, 217
, 19
, 222
, 83
, 158
, 196
, 45
, 68
, 173
, 84
, 157
, 73
, 168
, 235
, 6
, 166
, 75
, 237
, 4
, 36
, 205
, 236
, 5
, 6
, 235
, 171
, 70
, 119
, 122
, 42
, 199
, 72
, 169
, 11
, 230
, 49
, 192
, 192
, 49
, 109
, 132
, 32
, 209
, 233
, 8
, 228
, 13
, 24
, 217
, 127
, 114
, 88
, 153
, 100
, 141
, 236
, 5
, 40
, 201
, 20
, 221
, 217
, 24
, 219
, 22
, 34
, 207
, 204
, 37
, 185
, 56
, 200
, 41
, 24
, 217
, 189
, 52
, 206
, 35
, 15
, 226
, 125
, 116
, 88
, 153
, 71
, 170
, 29
, 212
, 196
, 45
, 83
, 158
, 110
, 131
, 51
, 190
, 182
, 59
, 166
, 75
, 139
, 102
, 59
, 182
, 135
, 106
, 41
, 200
, 76
, 165
, 36
, 205
, 239
, 2
, 90
, 151
, 188
, 53
, 164
, 77
, 223
, 18
, 234
, 7
, 215
, 26
, 141
, 100
, 82
, 159
, 118
, 123
, 173
, 68
, 212
, 29
, 142
, 99
, 14
, 227
, 207
, 34
, 208
, 33
, 165
, 76
, 49
, 192
, 77
, 164
, 32
, 209
, 54
, 187
, 112
, 129
, 171
, 70
, 36
, 205
, 193
, 48
, 221
, 20
, 213
, 28
, 36
, 205
, 183
, 58
, 47
, 194
, 165
, 76
, 72
, 169
, 158
, 83
, 82
, 159
, 127
, 114
, 239
, 2
, 117
, 124
, 56
, 185
, 104
, 137
, 109
, 132
, 132
, 109
, 31
, 210
, 23
, 218
, 36
, 205
, 93
, 148
, 46
, 195
, 16
, 225
, 119
, 122
, 8
, 233
, 193
, 48
, 130
, 111
, 65
, 176
, 118
, 123
, 215
, 26
, 23
, 218
, 77
, 164
, 19
, 222
, 188
, 53
, 144
, 97
, 83
, 158
, 149
, 92
, 196
, 45
, 77
, 164
, 105
, 136
, 34
, 207
, 220
, 21
, 108
, 133
, 175
, 66
, 135
, 106
, 215
, 26
, 63
, 178
, 193
, 48
, 41
, 200
, 109
, 132
, 142
, 99
, 184
, 57
, 142
, 99
, 177
, 64
, 56
, 185
, 197
, 44
, 138
, 103
, 78
, 163
, 154
, 87
, 201
, 40
, 18
, 223
, 27
, 214
, 27
, 214
, 113
, 128
, 90
, 151
, 192
, 49
, 29
, 212
, 182
, 59
, 133
, 108
, 100
, 141
, 80
, 161
, 132
, 109
, 49
, 192
, 63
, 178
, 73
, 168
, 159
, 82
, 179
, 62
, 133
, 108
, 148
, 93
, 143
, 98
, 186
, 55
, 221
, 20
, 140
, 101
, 171
, 70
, 223
, 18
, 30
, 211
, 70
, 171
, 185
, 56
, 1
, 240
, 70
, 171
, 95
, 146
, 195
, 46
, 144
, 97
, 125
, 116
, 151
, 90
, 239
, 2
, 159
, 82
, 65
, 176
, 155
, 86
, 233
, 8
, 96
, 145
, 76
, 165
, 89
, 152
, 200
, 41
, 117
, 124
, 17
, 224
, 118
, 123
, 186
, 55
, 226
, 15
, 4
, 237
, 170
, 71
, 2
, 239
, 105
, 136
, 33
, 208
, 212
, 29
, 173
, 68
, 169
, 72
, 108
, 133
, 12
, 229
, 27
, 214
, 222
, 19
, 109
, 132
, 117
, 124
, 111
, 130
, 105
, 136
, 126
, 115
, 56
, 185
, 116
, 125
, 36
, 205
, 31
, 210
, 160
, 81
, 50
, 191
, 182
, 59
, 203
, 38
, 76
, 165
, 128
, 113
, 127
, 114
, 157
, 84
, 158
, 83
, 186
, 55
, 22
, 219
, 173
, 68
, 106
, 135
, 84
, 157
, 113
, 128
, 100
, 141
, 41
, 200
, 237
, 4
, 69
, 172
, 40
, 201
, 57
, 184
, 49
, 192
, 27
, 214
, 136
, 105
, 139
, 102
, 29
, 212
, 196
, 45
, 11
, 230
, 124
, 117
, 101
, 140
, 201
, 40
, 40
, 201
, 112
, 129
, 68
, 173
, 184
, 57
, 47
, 194
, 98
, 143
, 27
, 214
, 109
, 132
, 128
, 113
, 31
, 210
, 80
, 161
, 64
, 177
, 54
, 187
, 3
, 238
, 82
, 159
, 117
, 124
, 235
, 6
, 126
, 115
, 11
, 230
, 9
, 232
, 171
, 70
, 79
, 162
, 150
, 91
, 179
, 62
, 125
, 116
, 132
, 109
, 239
, 2
, 98
, 143
, 167
, 74
, 222
, 19
, 206
, 35
, 201
, 40
, 219
, 22
, 221
, 20
, 192
, 49
, 37
, 204
, 8
, 233
, 22
, 219
, 56
, 185
, 71
, 170
, 230
, 11
, 16
, 225
, 153
, 88
, 132
, 109
, 112
, 129
, 120
, 121
, 3
, 238
, 92
, 149
, 204
, 37
, 167
, 74
, 229
, 12
, 91
, 150
, 24
, 217
, 139
, 102
, 200
, 41
, 219
, 22
, 132
, 109
, 147
, 94
, 89
, 152
, 44
, 197
, 236
, 5
, 163
, 78
, 162
, 79
, 124
, 117
, 36
, 205
, 236
, 5
, 183
, 58
, 86
, 155
, 83
, 158
, 165
, 76
, 56
, 185
, 50
, 191
, 116
, 125
, 188
, 53
, 104
, 137
, 163
, 78
, 11
, 230
, 1
, 240
, 161
, 80
, 204
, 37
, 129
, 112
, 226
, 15
, 177
, 64
, 201
, 40
, 136
, 105
, 201
, 40
, 154
, 87
, 51
, 190
, 209
, 32
, 122
, 119
, 173
, 68
, 148
, 93
, 128
, 113
, 232
, 9
, 187
, 54
, 99
, 142
, 198
, 43
, 177
, 64
, 69
, 172
, 102
, 139
, 43
, 198
, 136
, 105
, 61
, 180
, 222
, 19
, 172
, 69
, 112
, 129
, 164
, 77
, 71
, 170
, 200
, 41
, 106
, 135
, 55
, 186
, 81
, 160
, 58
, 183
, 95
, 146
, 116
, 125
, 159
, 82
, 16
, 225
, 84
, 157
, 32
, 209
, 94
, 147
, 159
, 82
, 182
, 59
, 22
, 219
, 88
, 153
, 200
, 41
, 187
, 54
, 227
, 14
, 28
, 213
, 172
, 69
, 192
, 49
, 79
, 162
, 71
, 170
, 74
, 167
, 210
, 31
, 161
, 80
, 183
, 58
, 150
, 91
, 180
, 61
, 42
, 199
, 41
, 200
, 25
, 216
, 237
, 4
, 124
, 117
, 204
, 37
, 9
, 232
, 57
, 184
, 38
, 203
, 86
, 155
, 74
, 167
, 127
, 114
, 52
, 189
, 238
, 3
, 199
, 42
, 56
, 185
, 180
, 61
, 97
, 144
, 64
, 177
, 209
, 32
, 122
, 119
, 75
, 166
, 213
, 28
, 85
, 156
, 65
, 176
, 221
, 20
, 29
, 212
, 33
, 208
, 63
, 178
, 182
, 59
, 230
, 11
, 97
, 144
, 31
, 210
, 176
, 65
, 6
, 235
, 73
, 168
, 149
, 92
, 233
, 8
, 85
, 156
, 63
, 178
, 176
, 65
, 186
, 55
, 101
, 140
, 221
, 20
, 160
, 81
, 120
, 121
, 194
, 47
, 85
, 156
, 225
, 16
, 156
, 85
, 27
, 214
, 177
, 64
, 135
, 106
, 193
, 48
, 60
, 181
, 158
, 83
, 163
, 78
, 203
, 38
, 182
, 59
, 86
, 155
, 42
, 199
, 57
, 184
, 195
, 46
, 48
, 193
, 33
, 208
, 190
, 51
, 218
, 23
, 36
, 205
, 226
, 15
, 223
, 18
, 103
, 138
, 109
, 132
, 139
, 102
, 134
, 107
, 134
, 107
, 17
, 224
, 89
, 152
, 135
, 106
, 58
, 183
, 70
, 171
, 197
, 44
, 132
, 109
, 204
, 37
, 18
, 223
, 141
, 100
, 135
, 106
, 194
, 47
, 133
, 108
, 101
, 140
, 10
, 231
, 35
, 206
, 166
, 75
, 63
, 178
, 174
, 67
, 137
, 104
, 158
, 83
, 74
, 167
, 121
, 120
, 116
, 125
, 63
, 178
, 126
, 115
, 66
, 175
, 21
, 220
, 202
, 39
, 212
, 29
, 4
, 237
, 130
, 111
, 50
, 191
, 149
, 92
, 114
, 127
, 156
, 85
, 154
, 87
, 217
, 24
, 68
, 173
, 38
, 203
, 67
, 174
, 115
, 126
, 205
, 36
, 95
, 146
, 108
, 133
, 191
, 50
, 110
, 131
, 66
, 175
, 123
, 118
, 161
, 80
, 84
, 157
, 89
, 152
, 56
, 185
, 10
, 231
, 52
, 189
, 176
, 65
, 72
, 169
, 218
, 23
, 91
, 150
, 19
, 222
, 126
, 115
, 28
, 213
, 171
, 70
, 232
, 9
, 130
, 111
, 71
, 170
, 183
, 58
, 95
, 146
, 90
, 151
, 155
, 86
, 125
, 116
, 155
, 86
, 125
, 116
, 225
, 16
, 235
, 6
, 167
, 74
, 234
, 7
, 218
, 23
, 142
, 99
, 64
, 177
, 232
, 9
, 116
, 125
, 121
, 120
, 83
, 158
, 231
, 10
, 85
, 156
, 19
, 222
, 145
, 96
, 80
, 161
, 109
, 132
, 197
, 44
, 95
, 146
, 35
, 206
, 135
, 106
, 100
, 141
, 59
, 182
, 96
, 145
, 156
, 85
, 137
, 104
, 227
, 14
, 2
, 239
, 98
, 143
, 112
, 129
, 92
, 149
, 64
, 177
, 56
, 185
, 20
, 221
, 77
, 164
, 144
, 97
, 224
, 17
, 67
, 174
, 156
, 85
, 151
, 90
, 98
, 143
, 197
, 44
, 29
, 212
, 14
, 227
, 32
, 209
, 100
, 141
, 125
, 116
, 41
, 200
, 112
, 129
, 4
, 237
, 3
, 238
, 21
, 220
, 12
, 229
, 117
, 124
, 45
, 196
, 25
, 216
, 158
, 83
, 195
, 46
, 198
, 43
, 150
, 91
, 118
, 123
, 138
, 103
, 52
, 189
, 42
, 199
, 85
, 156
, 49
, 192
, 26
, 215
, 62
, 179
, 238
, 3
, 135
, 106
, 150
, 91
, 33
, 208
, 37
, 204
, 116
, 125
, 149
, 92
, 95
, 146
, 62
, 179
, 32
, 209
, 83
, 158
, 183
, 58
, 3
, 238
, 105
, 136
, 93
, 148
, 239
, 2
, 171
, 70
, 204
, 37
, 44
, 197
, 200
, 41
, 231
, 10
, 194
, 47
, 5
, 236
, 105
, 136
, 79
, 162
, 181
, 60
, 218
, 23
, 59
, 182
, 37
, 204
, 235
, 6
, 206
, 35
, 131
, 110
, 77
, 164
, 211
, 30
, 129
, 112
, 198
, 43
, 50
, 191
, 188
, 53
, 113
, 128
, 123
, 118
, 193
, 48
, 14
, 227
, 75
, 166
, 227
, 14
, 189
, 52
, 74
, 167
, 157
, 84
, 179
, 62
, 53
, 188
, 168
, 73
, 157
, 84
, 105
, 136
, 90
, 151
, 107
, 134
, 186
, 55
, 186
, 55
, 127
, 114
, 219
, 22
, 136
, 105
, 176
, 65
, 148
, 93
, 207
, 34
, 183
, 58
, 132
, 109
, 3
, 238
, 20
, 221
, 11
, 230
, 134
, 107
, 196
, 45
, 185
, 56
, 117
, 124
, 80
, 161
, 109
, 132
, 51
, 190
, 211
, 30
, 228
, 13
, 123
, 118
, 48
, 193
, 135
, 106
, 130
, 111
, 191
, 50
, 87
, 154
, 195
, 46
, 133
, 108
, 150
, 91
, 215
, 26
, 187
, 54
, 127
, 114
, 214
, 27
, 46
, 195
, 4
, 237
, 220
, 21
, 1
, 240
, 96
, 145
, 209
, 32
, 176
, 65
, 206
, 35
, 194
, 47
, 101
, 140
, 68
, 173
, 40
, 201
, 51
, 190
, 9
, 232
, 14
, 227
, 153
, 88
, 167
, 74
, 7
, 234
, 227
, 14
, 139
, 102
, 195
, 46
, 169
, 72
, 95
, 146
, 28
, 213
, 161
, 80
, 119
, 122
, 218
, 23
, 61
, 180
, 12
, 229
, 236
, 5
, 224
, 17
, 33
, 208
, 83
, 158
, 35
, 206
, 227
, 14
, 24
, 217
, 31
, 210
, 189
, 52
, 118
, 123
, 191
, 50
, 79
, 162
, 14
, 227
, 70
, 171
, 127
, 114
, 124
, 117
, 49
, 192
, 198
, 43
, 120
, 121
, 166
, 75
, 203
, 38
, 148
, 93
, 236
, 5
, 109
, 132
, 71
, 170
, 46
, 195
, 235
, 6
, 151
, 90
, 135
, 106
, 116
, 125
, 81
, 160
, 35
, 206
, 79
, 162
, 24
, 217
, 231
, 10
, 164
, 77
, 136
, 105
, 92
, 149
, 187
, 54
, 134
, 107
, 117
, 124
, 55
, 186
, 117
, 124
, 94
, 147
, 12
, 229
, 87
, 154
, 232
, 9
, 99
, 142
, 229
, 12
, 11
, 230
, 213
, 28
, 232
, 9
, 105
, 136
, 69
, 172
, 28
, 213
, 54
, 187
, 143
, 98
, 32
, 209
, 11
, 230
, 47
, 194
, 181
, 60
, 93
, 148
, 173
, 68
, 99
, 142
, 73
, 168
, 143
, 98
, 162
, 79
, 25
, 216
, 230
, 11
, 83
, 158
, 166
, 75
, 27
, 214
, 84
, 157
, 59
, 182
, 154
, 87
, 173
, 68
, 182
, 59
, 109
, 132
, 180
, 61
, 112
, 129
, 222
, 19
, 46
, 195
, 11
, 230
, 45
, 196
, 192
, 49
, 63
, 178
, 178
, 63
, 155
, 86
, 89
, 152
, 92
, 149
, 203
, 38
, 193
, 48
, 83
, 158
, 113
, 128
, 101
, 140
, 123
, 118
, 22
, 219
, 120
, 121
, 239
, 2
, 122
, 119
, 17
, 224
, 224
, 17
, 139
, 102
, 27
, 214
, 79
, 162
, 191
, 50
, 194
, 47
, 95
, 146
, 146
, 95
, 219
, 22
, 22
, 219
, 181
, 60
, 30
, 211
, 86
, 155
, 118
, 123
, 37
, 204
, 132
, 109
, 100
, 141
, 166
, 75
, 109
, 132
, 153
, 88
, 58
, 183
, 182
, 59
, 132
, 109
, 73
, 168
, 89
, 152
, 87
, 154
, 200
, 41
, 209
, 32
, 58
, 183
, 153
, 88
, 103
, 138
, 233
, 8
, 152
, 89
, 149
, 92
, 83
, 158
, 43
, 198
, 219
, 22
, 123
, 118
, 143
, 98
, 27
, 214
, 116
, 125
, 1
, 240
, 44
, 197
, 147
, 94
, 76
, 165
, 153
, 88
, 72
, 169
, 186
, 55
, 96
, 145
, 163
, 78
, 157
, 84
, 39
, 202
, 173
, 68
, 11
, 230
, 19
, 222
, 38
, 203
, 170
, 71
, 146
, 95
, 208
, 33
, 24
, 217
, 159
, 82
, 237
, 4
, 230
, 11
, 46
, 195
, 115
, 126
, 58
, 183
, 188
, 53
, 76
, 165
, 65
, 176
, 207
, 34
, 190
, 51
, 127
, 114
, 2
, 239
, 113
, 128
, 151
, 90
, 80
, 161
, 170
, 71
, 226
, 15
, 8
, 233
, 213
, 28
, 23
, 218
, 122
, 119
, 11
, 230
, 12
, 229
, 57
, 184
, 8
, 233
, 234
, 7
, 66
, 175
, 217
, 24
, 127
, 114
, 99
, 142
, 70
, 171
, 113
, 128
, 59
, 182
, 231
, 10
, 199
, 42
, 212
, 29
, 135
, 106
, 108
, 133
, 185
, 56
, 100
, 141
, 84
, 157
, 234
, 7
, 78
, 163
, 201
, 40
, 117
, 124
, 233
, 8
, 151
, 90
, 184
, 57
, 62
, 179
, 215
, 26
, 79
, 162
, 175
, 66
, 81
, 160
, 99
, 142
, 81
, 160
, 85
, 156
, 136
, 105
, 203
, 38
, 144
, 97
, 11
, 230
, 87
, 154
, 106
, 135
, 43
, 198
, 238
, 3
, 143
, 98
, 12
, 229
, 29
, 212
, 110
, 131
, 2
, 239
, 61
, 180
, 217
, 24
, 211
, 30
, 199
, 42
, 43
, 198
, 16
, 225
, 100
, 141
, 174
, 67
, 89
, 152
, 52
, 189
, 99
, 142
, 16
, 225
, 24
, 217
, 176
, 65
, 21
, 220
, 127
, 114
, 129
, 112
, 65
, 176
, 233
, 8
, 198
, 43
, 207
, 34
, 67
, 174
, 151
, 90
, 83
, 158
, 12
, 229
, 209
, 32
, 231
, 10
, 178
, 63
, 210
, 31
, 223
, 18
, 3
, 238
, 206
, 35
, 88
, 153
, 22
, 219
, 30
, 211
, 68
, 173
, 107
, 134
, 235
, 6
, 83
, 158
, 120
, 121
, 102
, 139
, 3
, 238
, 184
, 57
, 131
, 110
, 166
, 75
, 222
, 19
, 198
, 43
, 177
, 64
, 175
, 66
, 32
, 209
, 220
, 21
, 191
, 50
, 36
, 205
, 16
, 225
, 140
, 101
, 19
, 222
, 57
, 184
, 178
, 63
, 20
, 221
, 176
, 65
, 236
, 5
, 171
, 70
, 79
, 162
, 144
, 97
, 140
, 101
, 204
, 37
, 65
, 176
, 121
, 120
, 184
, 57
, 75
, 166
, 147
, 94
, 204
, 37
, 55
, 186
, 12
, 229
, 149
, 92
, 94
, 147
, 180
, 61
, 174
, 67
, 65
, 176
, 16
, 225
, 222
, 19
, 101
, 140
, 201
, 40
, 230
, 11
, 173
, 68
, 200
, 41
, 46
, 195
, 178
, 63
, 114
, 127
, 94
, 147
, 192
, 49
, 89
, 152
, 221
, 20
, 64
, 177
, 126
, 115
, 190
, 51
, 148
, 93
, 160
, 81
, 121
, 120
, 90
, 151
, 176
, 65
, 156
, 85
, 112
, 129
, 81
, 160
, 68
, 173
, 58
, 183
, 111
, 130
, 53
, 188
, 239
, 2
, 22
, 219
, 214
, 27
, 164
, 77
, 14
, 227
, 179
, 62
, 53
, 188
, 39
, 202
, 107
, 134
, 237
, 4
, 162
, 79
, 120
, 121
, 57
, 184
, 89
, 152
, 119
, 122
, 238
, 3
, 221
, 20
, 184
, 57
, 216
, 25
, 142
, 99
, 156
, 85
, 35
, 206
, 14
, 227
, 222
, 19
, 98
, 143
, 129
, 112
, 58
, 183
, 14
, 227
, 18
, 223
, 79
, 162
, 239
, 2
, 238
, 3
, 135
, 106
, 121
, 120
, 46
, 195
, 112
, 129
, 236
, 5
, 211
, 30
, 55
, 186
, 95
, 146
, 151
, 90
, 155
, 86
, 63
, 178
, 60
, 181
, 196
, 45
, 47
, 194
, 144
, 97
, 35
, 206
, 44
, 197
, 163
, 78
, 237
, 4
, 224
, 17
, 37
, 204
, 175
, 66
, 191
, 50
, 158
, 83
, 56
, 185
, 220
, 21
, 71
, 170
, 79
, 162
, 45
, 196
, 140
, 101
, 6
, 235
, 22
, 219
, 88
, 153
, 163
, 78
, 78
, 163
, 120
, 121
, 116
, 125
, 67
, 174
, 124
, 117
, 90
, 151
, 169
, 72
, 217
, 24
, 193
, 48
, 48
, 193
, 147
, 94
, 41
, 200
, 26
, 215
, 167
, 74
, 162
, 79
, 148
, 93
, 228
, 13
, 102
, 139
, 9
, 232
, 97
, 144
, 129
, 112
, 230
, 11
, 214
, 27
, 171
, 70
, 21
, 220
, 17
, 224
, 108
, 133
, 62
, 179
, 108
, 133
, 121
, 120
, 205
, 36
, 233
, 8
, 56
, 185
, 98
, 143
, 60
, 181
, 214
, 27
, 93
, 148
, 32
, 209
, 50
, 191
, 158
, 83
, 190
, 51
, 22
, 219
, 125
, 116
, 178
, 63
, 171
, 70
, 166
, 75
, 101
, 140
, 155
, 86
, 115
, 126
, 95
, 146
, 87
, 154
, 184
, 57
, 35
, 206
, 231
, 10
, 132
, 109
, 22
, 219
, 54
, 187
, 163
, 78
, 11
, 230
, 96
, 145
, 152
, 89
, 32
, 209
, 176
, 65
, 172
, 69
, 90
, 151
, 4
, 237
, 103
, 138
, 102
, 139
, 98
, 143
, 106
, 135
, 62
, 179
, 154
, 87
, 45
, 196
, 62
, 179
, 39
, 202
, 126
, 115
, 29
, 212
, 82
, 159
, 81
, 160
, 2
, 239
, 32
, 209
, 106
, 135
, 42
, 199
, 1
, 240
, 76
, 165
, 33
, 208
, 163
, 78
, 116
, 125
, 60
, 181
, 36
, 205
, 49
, 192
, 69
, 172
, 132
, 109
, 234
, 7
, 113
, 128
, 46
, 195
, 143
, 98
, 184
, 57
, 113
, 128
, 73
, 168
, 174
, 67
, 52
, 189
, 7
, 234
, 223
, 18
, 135
, 106
, 120
, 121
, 8
, 233
, 150
, 91
, 88
, 153
, 26
, 215
, 118
, 123
, 165
, 76
, 209
, 32
, 16
, 225
, 98
, 143
, 239
, 2
, 57
, 184
, 239
, 2
, 185
, 56
, 2
, 239
, 15
, 226
, 156
, 85
, 155
, 86
, 202
, 39
, 78
, 163
, 238
, 3
, 2
, 239
, 3
, 238
, 135
, 106
, 202
, 39
, 146
, 95
, 207
, 34
, 52
, 189
, 137
, 104
, 16
, 225
, 189
, 52
, 72
, 169
, 96
, 145
, 102
, 139
, 196
, 45
, 76
, 165
, 105
, 136
, 158
, 83
, 136
, 105
, 163
, 78
, 41
, 200
, 132
, 109
, 148
, 93
, 83
, 158
, 94
, 147
, 10
, 231
, 108
, 133
, 99
, 142
, 193
, 48
, 70
, 171
, 43
, 198
, 49
, 192
, 159
, 82
, 70
, 171
, 111
, 130
, 187
, 54
, 145
, 96
, 27
, 214
, 25
, 216
, 172
, 69
, 121
, 120
, 28
, 213
, 51
, 190
, 27
, 214
, 204
, 37
, 179
, 62
, 30
, 211
, 42
, 199
, 130
, 111
, 230
, 11
, 98
, 143
, 162
, 79
, 40
, 201
, 13
, 228
, 138
, 103
, 170
, 71
, 175
, 66
, 164
, 77
, 191
, 50
, 214
, 27
, 21
, 220
, 134
, 107
, 130
, 111
, 59
, 182
, 18
, 223
, 140
, 101
, 80
, 161
, 5
, 236
, 27
, 214
, 44
, 197
, 197
, 44
, 123
, 118
, 159
, 82
, 151
, 90
, 122
, 119
, 101
, 140
, 104
, 137
, 90
, 151
, 208
, 33
, 58
, 183
, 228
, 13
, 66
, 175
, 35
, 206
, 90
, 151
, 147
, 94
, 102
, 139
, 152
, 89
, 211
, 30
, 200
, 41
, 186
, 55
, 233
, 8
, 188
, 53
, 84
, 157
, 124
, 117
, 41
, 200
, 125
, 116
, 78
, 163
, 155
, 86
, 174
, 67
, 153
, 88
, 57
, 184
, 208
, 33
, 99
, 142
, 82
, 159
, 31
, 210
, 209
, 32
, 87
, 154
, 133
, 108
, 175
, 66
, 114
, 127
, 35
, 206
, 36
, 205
, 205
, 36
, 111
, 130
, 12
, 229
, 30
, 211
, 225
, 16
, 128
, 113
, 195
, 46
, 136
, 105
, 234
, 7
, 169
, 72
, 5
, 236
, 86
, 155
, 99
, 142
, 60
, 181
, 214
, 27
, 179
, 62
, 179
, 62
, 91
, 150
, 207
, 34
, 18
, 223
, 86
, 155
, 118
, 123
, 107
, 134
, 186
, 55
, 35
, 206
, 133
, 108
, 146
, 95
, 149
, 92
, 223
, 18
, 38
, 203
, 203
, 38
, 42
, 199
, 190
, 51
, 56
, 185
, 207
, 34
, 19
, 222
, 193
, 48
, 38
, 203
, 132
, 109
, 54
, 187
, 102
, 139
, 198
, 43
, 125
, 116
, 44
, 197
, 86
, 155
, 239
, 2
, 120
, 121
, 86
, 155
, 96
, 145
, 147
, 94
, 139
, 102
, 8
, 233
, 78
, 163
, 50
, 191
, 222
, 19
, 96
, 145
, 132
, 109
, 127
, 114
, 32
, 209
, 3
, 238
, 155
, 86
, 127
, 114
, 180
, 61
, 113
, 128
, 194
, 47
, 81
, 160
, 31
, 210
, 86
, 155
, 22
, 219
, 229
, 12
, 133
, 108
, 61
, 180
, 102
, 139
, 161
, 80
, 45
, 196
, 143
, 98
, 182
, 59
, 199
, 42
, 101
, 140
, 162
, 79
, 125
, 116
, 233
, 8
, 156
, 85
, 180
, 61
, 150
, 91
, 23
, 218
, 40
, 201
, 214
, 27
, 160
, 81
, 70
, 171
, 197
, 44
, 63
, 178
, 117
, 124
, 49
, 192
, 131
, 110
, 53
, 188
, 34
, 207
, 134
, 107
, 206
, 35
, 171
, 70
, 207
, 34
, 13
, 228
, 126
, 115
, 205
, 36
, 142
, 99
, 131
, 110
, 38
, 203
, 92
, 149
, 208
, 33
, 235
, 6
, 49
, 192
, 73
, 168
, 81
, 160
, 74
, 167
, 69
, 172
, 83
, 158
, 239
, 2
, 165
, 76
, 156
, 85
, 49
, 192
, 104
, 137
, 37
, 204
, 188
, 53
, 226
, 15
, 111
, 130
, 148
, 93
, 162
, 79
, 159
, 82
, 28
, 213
, 57
, 184
, 66
, 175
, 34
, 207
, 146
, 95
, 171
, 70
, 7
, 234
, 145
, 96
, 9
, 232
, 94
, 147
, 214
, 27
, 95
, 146
, 137
, 104
, 70
, 171
, 34
, 207
, 191
, 50
, 168
, 73
, 50
, 191
, 160
, 81
, 62
, 179
, 54
, 187
, 140
, 101
, 16
, 225
, 147
, 94
, 4
, 237
, 113
, 128
, 214
, 27
, 52
, 189
, 196
, 45
, 136
, 105
, 222
, 19
, 105
, 136
, 119
, 122
, 68
, 173
, 211
, 30
, 88
, 153
, 212
, 29
, 58
, 183
, 154
, 87
, 203
, 38
, 40
, 201
, 172
, 69
, 191
, 50
, 185
, 56
, 96
, 145
, 145
, 96
, 185
, 56
, 93
, 148
, 61
, 180
, 51
, 190
, 213
, 28
, 173
, 68
, 132
, 109
, 166
, 75
, 132
, 109
, 140
, 101
, 212
, 29
, 19
, 222
, 57
, 184
, 46
, 195
, 62
, 179
, 158
, 83
, 182
, 59
, 88
, 153
, 27
, 214
, 51
, 190
, 98
, 143
, 156
, 85
, 196
, 45
, 229
, 12
, 128
, 113
, 100
, 141
, 46
, 195
, 170
, 71
, 44
, 197
, 117
, 124
, 187
, 54
, 51
, 190
, 67
, 174
, 5
, 236
, 140
, 101
, 86
, 155
, 128
, 113
, 164
, 77
, 229
, 12
, 110
, 131
, 218
, 23
, 82
, 159
, 14
, 227
, 236
, 5
, 23
, 218
, 129
, 112
, 167
, 74
, 51
, 190
, 234
, 7
, 127
, 114
, 63
, 178
, 234
, 7
, 69
, 172
, 55
, 186
, 5
, 236
, 31
, 210
, 148
, 93
, 3
, 238
, 176
, 65
, 218
, 23
, 171
, 70
, 219
, 22
, 149
, 92
, 146
, 95
, 33
, 208
, 87
, 154
, 68
, 173
, 128
, 113
, 73
, 168
, 83
, 158
, 38
, 203
, 76
, 165
, 178
, 63
, 201
, 40
, 209
, 32
, 212
, 29
, 146
, 95
, 150
, 91
, 210
, 31
, 233
, 8
, 94
, 147
, 18
, 223
, 74
, 167
, 2
, 239
, 58
, 183
, 98
, 143
, 173
, 68
, 199
, 42
, 107
, 134
, 50
, 191
, 204
, 37
, 222
, 19
, 115
, 126
, 6
, 235
, 15
, 226
, 129
, 112
, 171
, 70
, 22
, 219
, 114
, 127
, 57
, 184
, 86
, 155
, 5
, 236
, 117
, 124
, 134
, 107
, 48
, 193
, 227
, 14
, 175
, 66
, 155
, 86
, 77
, 164
, 171
, 70
, 86
, 155
, 180
, 61
, 205
, 36
, 24
, 217
, 103
, 138
, 149
, 92
, 26
, 215
, 221
, 20
, 99
, 142
, 122
, 119
, 83
, 158
, 160
, 81
, 185
, 56
, 235
, 6
, 215
, 26
, 147
, 94
, 224
, 17
, 3
, 238
, 8
, 233
, 231
, 10
, 11
, 230
, 22
, 219
, 173
, 68
, 174
, 67
, 101
, 140
, 89
, 152
, 38
, 203
, 17
, 224
, 13
, 228
, 80
, 161
, 94
, 147
, 162
, 79
, 163
, 78
, 19
, 222
, 212
, 29
, 46
, 195
, 174
, 67
, 12
, 229
, 176
, 65
, 11
, 230
, 85
, 156
, 184
, 57
, 26
, 215
, 126
, 115
, 32
, 209
, 157
, 84
, 95
, 146
, 132
, 109
, 51
, 190
, 80
, 161
, 152
, 89
, 168
, 73
, 197
, 44
, 86
, 155
, 124
, 117
, 41
, 200
, 31
, 210
, 23
, 218
, 176
, 65
, 221
, 20
, 188
, 53
, 185
, 56
, 235
, 6
, 26
, 215
, 33
, 208
, 126
, 115
, 202
, 39
, 138
, 103
, 221
, 20
, 43
, 198
, 146
, 95
, 3
, 238
, 54
, 187
, 179
, 62
, 208
, 33
, 65
, 176
, 214
, 27
, 127
, 114
, 69
, 172
, 42
, 199
, 233
, 8
, 160
, 81
, 138
, 103
, 13
, 228
, 75
, 166
, 28
, 213
, 221
, 20
, 133
, 108
, 79
, 162
, 45
, 196
, 194
, 47
, 58
, 183
, 223
, 18
, 166
, 75
, 147
, 94
, 115
, 126
, 196
, 45
, 198
, 43
, 13
, 228
, 231
, 10
, 32
, 209
, 10
, 231
, 215
, 26
, 108
, 133
, 94
, 147
, 120
, 121
, 129
, 112
, 194
, 47
, 16
, 225
, 25
, 216
, 103
, 138
, 128
, 113
, 176
, 65
, 61
, 180
, 126
, 115
, 59
, 182
, 28
, 213
, 171
, 70
, 113
, 128
, 167
, 74
, 110
, 131
, 154
, 87
, 219
, 22
, 154
, 87
, 13
, 228
, 238
, 3
, 113
, 128
, 70
, 171
, 74
, 167
, 100
, 141
, 111
, 130
, 160
, 81
, 124
, 117
, 79
, 162
, 39
, 202
, 21
, 220
, 113
, 128
, 91
, 150
, 160
, 81
, 128
, 113
, 69
, 172
, 180
, 61
, 213
, 28
, 146
, 95
, 135
, 106
, 78
, 163
, 84
, 157
, 106
, 135
, 197
, 44
, 176
, 65
, 54
, 187
, 128
, 113
, 221
, 20
, 14
, 227
, 57
, 184
, 81
, 160
, 24
, 217
, 207
, 34
, 190
, 51
, 32
, 209
, 197
, 44
, 211
, 30
, 195
, 46
, 220
, 21
, 3
, 238
, 162
, 79
, 108
, 133
, 214
, 27
, 57
, 184
, 48
, 193
, 218
, 23
, 146
, 95
, 211
, 30
, 209
, 32
, 222
, 19
, 15
, 226
, 117
, 124
, 97
, 144
, 91
, 150
, 69
, 172
, 55
, 186
, 195
, 46
, 98
, 143
, 30
, 211
, 30
, 211
, 126
, 115
, 23
, 218
, 14
, 227
, 209
, 32
, 189
, 52
, 231
, 10
, 205
, 36
, 96
, 145
, 214
, 27
, 99
, 142
, 169
, 72
, 96
, 145
, 95
, 146
, 213
, 28
, 209
, 32
, 135
, 106
, 38
, 203
, 157
, 84
, 226
, 15
, 131
, 110
, 127
, 114
, 120
, 121
, 112
, 129
, 89
, 152
, 44
, 197
, 81
, 160
, 104
, 137
, 25
, 216
, 236
, 5
, 160
, 81
, 71
, 170
, 36
, 205
, 15
, 226
, 134
, 107
, 107
, 134
, 42
, 199
, 83
, 158
, 64
, 177
, 172
, 69
, 197
, 44
, 88
, 153
, 235
, 6
, 14
, 227
, 57
, 184
, 31
, 210
, 102
, 139
, 215
, 26
, 189
, 52
, 62
, 179
, 46
, 195
, 172
, 69
, 158
, 83
, 222
, 19
, 29
, 212
, 211
, 30
, 118
, 123
, 120
, 121
, 127
, 114
, 162
, 79
, 205
, 36
, 89
, 152
, 128
, 113
, 83
, 158
, 155
, 86
, 198
, 43
, 187
, 54
, 219
, 22
, 109
, 132
, 230
, 11
, 131
, 110
, 222
, 19
, 185
, 56
, 212
, 29
, 202
, 39
, 52
, 189
, 175
, 66
, 202
, 39
, 34
, 207
, 217
, 24
, 83
, 158
, 137
, 104
, 187
, 54
, 15
, 226
, 69
, 172
, 65
, 176
, 227
, 14
, 30
, 211
, 220
, 21
, 18
, 223
, 208
, 33
, 188
, 53
, 50
, 191
, 159
, 82
, 104
, 137
, 98
, 143
, 156
, 85
, 47
, 194
, 159
, 82
, 186
, 55
, 51
, 190
, 63
, 178
, 146
, 95
, 2
, 239
, 214
, 27
, 224
, 17
, 207
, 34
, 29
, 212
, 54
, 187
, 112
, 129
, 39
, 202
, 153
, 88
, 68
, 173
, 52
, 189
, 56
, 185
, 114
, 127
, 129
, 112
, 90
, 151
, 165
, 76
, 95
, 146
, 126
, 115
, 43
, 198
, 67
, 174
, 65
, 176
, 75
, 166
, 170
, 71
, 205
, 36
, 108
, 133
, 174
, 67
, 78
, 163
, 52
, 189
, 174
, 67
, 12
, 229
, 29
, 212
, 206
, 35
, 220
, 21
, 103
, 138
, 200
, 41
, 83
, 158
, 70
, 171
, 5
, 236
, 57
, 184
, 151
, 90
, 28
, 213
, 53
, 188
, 126
, 115
, 239
, 2
, 141
, 100
, 130
, 111
, 170
, 71
, 4
, 237
, 41
, 200
, 236
, 5
, 99
, 142
, 15
, 226
, 145
, 96
, 89
, 152
, 48
, 193
, 143
, 98
, 117
, 124
, 168
, 73
, 101
, 140
, 211
, 30
, 183
, 58
, 180
, 61
, 66
, 175
, 12
, 229
, 124
, 117
, 229
, 12
, 237
, 4
, 173
, 68
, 7
, 234
, 236
, 5
, 176
, 65
, 47
, 194
, 5
, 236
, 107
, 134
, 139
, 102
, 126
, 115
, 17
, 224
, 229
, 12
, 141
, 100
, 148
, 93
, 177
, 64
, 132
, 109
, 9
, 232
, 115
, 126
, 75
, 166
, 105
, 136
, 92
, 149
, 91
, 150
, 49
, 192
, 145
, 96
, 166
, 75
, 6
, 235
, 138
, 103
, 121
, 120
, 171
, 70
, 221
, 20
, 184
, 57
, 115
, 126
, 18
, 223
, 38
, 203
, 99
, 142
, 138
, 103
, 161
, 80
, 154
, 87
, 94
, 147
, 95
, 146
, 197
, 44
, 33
, 208
, 55
, 186
, 206
, 35
, 140
, 101
, 179
, 62
, 234
, 7
, 118
, 123
, 40
, 201
, 131
, 110
, 149
, 92
, 216
, 25
, 117
, 124
, 77
, 164
, 176
, 65
, 27
, 214
, 37
, 204
, 134
, 107
, 112
, 129
, 30
, 211
, 148
, 93
, 173
, 68
, 44
, 197
, 195
, 46
, 186
, 55
, 165
, 76
, 61
, 180
, 59
, 182
, 182
, 59
, 239
, 2
, 47
, 194
, 55
, 186
, 94
, 147
, 236
, 5
, 150
, 91
, 95
, 146
, 160
, 81
, 193
, 48
, 153
, 88
, 180
, 61
, 87
, 154
, 76
, 165
, 228
, 13
, 66
, 175
, 164
, 77
, 41
, 200
, 135
, 106
, 199
, 42
, 79
, 162
, 110
, 131
, 2
, 239
, 216
, 25
, 26
, 215
, 79
, 162
, 67
, 174
, 19
, 222
, 114
, 127
, 115
, 126
, 214
, 27
, 69
, 172
, 10
, 231
, 26
, 215
, 55
, 186
, 167
, 74
, 228
, 13
, 210
, 31
, 168
, 73
, 79
, 162
, 103
, 138
, 83
, 158
, 72
, 169
, 154
, 87
, 217
, 24
, 83
, 158
, 223
, 18
, 3
, 238
, 172
, 69
, 99
, 142
, 199
, 42
, 28
, 213
, 116
, 125
, 19
, 222
, 218
, 23
, 112
, 129
, 162
, 79
, 91
, 150
, 129
, 112
, 155
, 86
, 115
, 126
, 218
, 23
, 165
, 76
, 148
, 93
, 210
, 31
, 27
, 214
, 61
, 180
, 234
, 7
, 159
, 82
, 184
, 57
, 80
, 161
, 221
, 20
, 139
, 102
, 176
, 65
, 114
, 127
, 144
, 97
, 48
, 193
, 131
, 110
, 201
, 40
, 157
, 84
, 5
, 236
, 135
, 106
, 5
, 236
, 49
, 192
, 164
, 77
, 208
, 33
, 174
, 67
, 36
, 205
, 62
, 179
, 184
, 57
, 29
, 212
, 222
, 19
, 118
, 123
, 74
, 167
, 81
, 160
, 15
, 226
, 122
, 119
, 80
, 161
, 119
, 122
, 97
, 144
, 204
, 37
, 142
, 99
, 173
, 68
, 91
, 150
, 141
, 100
, 80
, 161
, 169
, 72
, 146
, 95
, 173
, 68
, 140
, 101
, 31
, 210
, 182
, 59
, 60
, 181
, 203
, 38
, 184
, 57
, 43
, 198
, 103
, 138
, 23
, 218
, 212
, 29
, 92
, 149
, 187
, 54
, 136
, 105
, 83
, 158
, 87
, 154
, 22
, 219
, 78
, 163
, 74
, 167
, 42
, 199
, 155
, 86
, 66
, 175
, 182
, 59
, 12
, 229
, 229
, 12
, 196
, 45
, 85
, 156
, 123
, 118
, 237
, 4
, 175
, 66
, 34
, 207
, 197
, 44
, 131
, 110
, 71
, 170
, 1
, 240
, 160
, 81
, 55
, 186
, 226
, 15
, 216
, 25
, 110
, 131
, 93
, 148
, 202
, 39
, 98
, 143
, 106
, 135
, 97
, 144
, 66
, 175
, 146
, 95
, 79
, 162
, 84
, 157
, 7
, 234
, 49
, 192
, 2
, 239
, 216
, 25
, 225
, 16
, 163
, 78
, 198
, 43
, 88
, 153
, 171
, 70
, 6
, 235
, 80
, 161
, 180
, 61
, 159
, 82
, 128
, 113
, 24
, 217
, 45
, 196
, 123
, 118
, 154
, 87
, 2
, 239
, 39
, 202
, 188
, 53
, 166
, 75
, 18
, 223
, 91
, 150
, 73
, 168
, 168
, 73
, 210
, 31
, 183
, 58
, 206
, 35
, 182
, 59
, 97
, 144
, 116
, 125
, 163
, 78
, 37
, 204
, 137
, 104
, 222
, 19
, 222
, 19
, 199
, 42
, 233
, 8
, 139
, 102
, 79
, 162
, 201
, 40
, 89
, 152
, 106
, 135
, 126
, 115
, 7
, 234
, 120
, 121
, 157
, 84
, 41
, 200
, 187
, 54
, 52
, 189
, 103
, 138
, 165
, 76
, 234
, 7
, 154
, 87
, 55
, 186
, 149
, 92
, 5
, 236
, 205
, 36
, 63
, 178
, 59
, 182
, 114
, 127
, 72
, 169
, 124
, 117
, 85
, 156
, 198
, 43
, 4
, 237
, 197
, 44
, 24
, 217
, 94
, 147
, 238
, 3
, 91
, 150
, 95
, 146
, 33
, 208
, 31
, 210
, 103
, 138
, 69
, 172
, 132
, 109
, 19
, 222
, 100
, 141
, 160
, 81
, 71
, 170
, 77
, 164
, 229
, 12
, 185
, 56
, 9
, 232
, 211
, 30
, 109
, 132
, 90
, 151
, 132
, 109
, 205
, 36
, 4
, 237
, 30
, 211
, 181
, 60
, 85
, 156
, 237
, 4
, 134
, 107
, 151
, 90
, 161
, 80
, 10
, 231
, 60
, 181
, 159
, 82
, 70
, 171
, 59
, 182
, 61
, 180
, 196
, 45
, 219
, 22
, 182
, 59
, 178
, 63
, 235
, 6
, 121
, 120
, 99
, 142
, 25
, 216
, 203
, 38
, 59
, 182
, 162
, 79
, 71
, 170
, 79
, 162
, 55
, 186
, 52
, 189
, 165
, 76
, 149
, 92
, 26
, 215
, 77
, 164
, 65
, 176
, 24
, 217
, 92
, 149
, 58
, 183
, 58
, 183
, 163
, 78
, 12
, 229
, 78
, 163
, 112
, 129
, 63
, 178
, 34
, 207
, 37
, 204
, 70
, 171
, 26
, 215
, 148
, 93
, 103
, 138
, 158
, 83
, 63
, 178
, 60
, 181
, 45
, 196
, 126
, 115
, 1
, 240
, 142
, 99
, 47
, 194
, 158
, 83
, 172
, 69
, 97
, 144
, 24
, 217
, 116
, 125
, 183
, 58
, 56
, 185
, 237
, 4
, 71
, 170
, 196
, 45
, 145
, 96
, 70
, 171
, 109
, 132
, 229
, 12
, 104
, 137
, 233
, 8
, 173
, 68
, 9
, 232
, 168
, 73
, 78
, 163
, 191
, 50
, 225
, 16
, 76
, 165
, 106
, 135
, 177
, 64
, 149
, 92
, 156
, 85
, 179
, 62
, 109
, 132
, 148
, 93
, 185
, 56
, 205
, 36
, 119
, 122
, 2
, 239
, 153
, 88
, 227
, 14
, 208
, 33
, 195
, 46
, 203
, 38
, 97
, 144
, 223
, 18
, 225
, 16
, 215
, 26
, 102
, 139
, 97
, 144
, 141
, 100
, 52
, 189
, 47
, 194
, 65
, 176
, 114
, 127
, 118
, 123
, 120
, 121
, 58
, 183
, 227
, 14
, 10
, 231
, 92
, 149
, 167
, 74
, 21
, 220
, 34
, 207
, 163
, 78
, 74
, 167
, 226
, 15
, 50
, 191
, 122
, 119
, 31
, 210
, 234
, 7
, 189
, 52
, 124
, 117
, 160
, 81
, 164
, 77
, 149
, 92
, 164
, 77
, 115
, 126
, 210
, 31
, 232
, 9
, 105
, 136
, 126
, 115
, 22
, 219
, 93
, 148
, 147
, 94
, 155
, 86
, 88
, 153
, 141
, 100
, 215
, 26
, 58
, 183
, 124
, 117
, 137
, 104
, 73
, 168
, 1
, 240
, 133
, 108
, 58
, 183
, 75
, 166
, 172
, 69
, 162
, 79
, 8
, 233
, 166
, 75
, 126
, 115
, 205
, 36
, 21
, 220
, 219
, 22
, 184
, 57
, 185
, 56
, 217
, 24
, 114
, 127
, 143
, 98
, 93
, 148
, 140
, 101
, 15
, 226
, 114
, 127
, 64
, 177
, 95
, 146
, 11
, 230
, 231
, 10
, 89
, 152
, 161
, 80
, 67
, 174
, 161
, 80
, 183
, 58
, 7
, 234
, 136
, 105
, 171
, 70
, 186
, 55
, 91
, 150
, 1
, 240
, 188
, 53
, 173
, 68
, 149
, 92
, 108
, 133
, 215
, 26
, 167
, 74
, 194
, 47
, 55
, 186
, 81
, 160
, 60
, 181
, 227
, 14
, 86
, 155
, 238
, 3
, 234
, 7
, 220
, 21
, 75
, 166
, 61
, 180
, 2
, 239
, 176
, 65
, 22
, 219
, 9
, 232
, 216
, 25
, 206
, 35
, 75
, 166
, 60
, 181
, 156
, 85
, 53
, 188
, 97
, 144
, 220
, 21
, 89
, 152
, 18
, 223
, 180
, 61
, 20
, 221
, 128
, 113
, 32
, 209
, 111
, 130
, 211
, 30
, 234
, 7
, 25
, 216
, 108
, 133
, 134
, 107
, 163
, 78
, 218
, 23
, 167
, 74
, 84
, 157
, 6
, 235
, 32
, 209
, 106
, 135
, 215
, 26
, 145
, 96
, 133
, 108
, 165
, 76
, 87
, 154
, 111
, 130
, 125
, 116
, 62
, 179
, 229
, 12
, 205
, 36
, 31
, 210
, 44
, 197
, 138
, 103
, 212
, 29
, 16
, 225
, 219
, 22
, 137
, 104
, 162
, 79
, 228
, 13
, 2
, 239
, 202
, 39
, 187
, 54
, 5
, 236
, 55
, 186
, 207
, 34
, 160
, 81
, 43
, 198
, 60
, 181
, 154
, 87
, 17
, 224
, 170
, 71
, 118
, 123
, 152
, 89
, 142
, 99
, 195
, 46
, 96
, 145
, 211
, 30
, 202
, 39
, 40
, 201
, 110
, 131
, 185
, 56
, 175
, 66
, 145
, 96
, 184
, 57
, 138
, 103
, 37
, 204
, 197
, 44
, 65
, 176
, 203
, 38
, 107
, 134
, 170
, 71
, 205
, 36
, 27
, 214
, 199
, 42
, 138
, 103
, 90
, 151
, 212
, 29
, 41
, 200
, 101
, 140
, 133
, 108
, 214
, 27
, 228
, 13
, 38
, 203
, 29
, 212
, 165
, 76
, 44
, 197
, 153
, 88
, 202
, 39
, 40
, 201
, 208
, 33
, 186
, 55
, 105
, 136
, 115
, 126
, 198
, 43
, 162
, 79
, 221
, 20
, 29
, 212
, 98
, 143
, 52
, 189
, 15
, 226
, 85
, 156
, 236
, 5
, 39
, 202
, 107
, 134
, 91
, 150
, 180
, 61
, 117
, 124
, 143
, 98
, 6
, 235
, 158
, 83
, 28
, 213
, 112
, 129
, 10
, 231
, 56
, 185
, 86
, 155
, 198
, 43
, 90
, 151
, 112
, 129
, 192
, 49
, 239
, 2
, 222
, 19
, 28
, 213
, 64
, 177
, 141
, 100
, 6
, 235
, 200
, 41
, 195
, 46
, 145
, 96
, 159
, 82
, 22
, 219
