
3010
, 43
, 112
, 31
, 124
, 28
, 127
, 141
, 14
, 145
, 10
, 81
, 74
, 90
, 65
, 80
, 75
, 41
, 114
, 7
, 148
, 44
, 111
, 143
, 12
, 12
, 143
, 30
, 125
, 103
, 52
, 66
, 89
, 112
, 43
, 42
, 113
, 111
, 44
, 134
, 21
, 100
, 55
, 133
, 22
, 135
, 20
, 48
, 107
, 96
, 59
, 23
, 132
, 69
, 86
, 106
, 49
, 59
, 96
, 30
, 125
, 45
, 110
, 146
, 9
, 8
, 147
, 76
, 79
, 142
, 13
, 104
, 51
, 143
, 12
, 137
, 18
, 54
, 101
, 94
, 61
, 148
, 7
, 88
, 67
, 14
, 141
, 145
, 10
, 101
, 54
, 80
, 75
, 149
, 6
, 41
, 114
, 60
, 95
, 83
, 72
, 86
, 69
, 135
, 20
, 39
, 116
, 8
, 147
, 20
, 135
, 12
, 143
, 63
, 92
, 65
, 90
, 96
, 59
, 74
, 81
, 93
, 62
, 78
, 77
, 124
, 31
, 145
, 10
, 110
, 45
, 145
, 10
, 20
, 135
, 39
, 116
, 69
, 86
, 49
, 106
, 60
, 95
, 75
, 80
, 9
, 146
, 66
, 89
, 45
, 110
, 83
, 72
, 98
, 57
, 138
, 17
, 105
, 50
, 102
, 53
, 31
, 124
, 135
, 20
, 133
, 22
, 89
, 66
, 136
, 19
, 90
, 65
, 136
, 19
, 147
, 8
, 95
, 60
, 151
, 4
, 113
, 42
, 18
, 137
, 142
, 13
, 60
, 95
, 41
, 114
, 75
, 80
, 82
, 73
, 80
, 75
, 83
, 72
, 16
, 139
, 123
, 32
, 37
, 118
, 135
, 20
, 12
, 143
, 93
, 62
, 149
, 6
, 152
, 3
, 109
, 46
, 82
, 73
, 79
, 76
, 87
, 68
, 84
, 71
, 103
, 52
, 135
, 20
, 59
, 96
, 49
, 106
, 16
, 139
, 58
, 97
, 28
, 127
, 67
, 88
, 65
, 90
, 34
, 121
, 58
, 97
, 85
, 70
, 50
, 105
, 99
, 56
, 63
, 92
, 71
, 84
, 136
, 19
, 61
, 94
, 49
, 106
, 100
, 55
, 14
, 141
, 153
, 2
, 153
, 2
, 13
, 142
, 27
, 128
, 36
, 119
, 20
, 135
, 70
, 85
, 33
, 122
, 122
, 33
, 123
, 32
, 93
, 62
, 151
, 4
, 28
, 127
, 110
, 45
, 106
, 49
, 79
, 76
, 131
, 24
, 53
, 102
, 77
, 78
, 142
, 13
, 134
, 21
, 148
, 7
, 42
, 113
, 36
, 119
, 143
, 12
, 84
, 71
, 143
, 12
, 69
, 86
, 11
, 144
, 113
, 42
, 113
, 42
, 126
, 29
, 3
, 152
, 129
, 26
, 66
, 89
, 129
, 26
, 134
, 21
, 40
, 115
, 44
, 111
, 20
, 135
, 120
, 35
, 71
, 84
, 82
, 73
, 81
, 74
, 10
, 145
, 111
, 44
, 48
, 107
, 87
, 68
, 48
, 107
, 89
, 66
, 43
, 112
, 29
, 126
, 86
, 69
, 75
, 80
, 59
, 96
, 37
, 118
, 109
, 46
, 98
, 57
, 41
, 114
, 37
, 118
, 58
, 97
, 79
, 76
, 97
, 58
, 144
, 11
, 63
, 92
, 48
, 107
, 134
, 21
, 24
, 131
, 130
, 25
, 103
, 52
, 147
, 8
, 147
, 8
, 117
, 38
, 68
, 87
, 34
, 121
, 120
, 35
, 101
, 54
, 130
, 25
, 66
, 89
, 123
, 32
, 13
, 142
, 97
, 58
, 9
, 146
, 96
, 59
, 62
, 93
, 139
, 16
, 39
, 116
, 153
, 2
, 104
, 51
, 8
, 147
, 147
, 8
, 56
, 99
, 124
, 31
, 2
, 153
, 68
, 87
, 28
, 127
, 4
, 151
, 112
, 43
, 10
, 145
, 41
, 114
, 63
, 92
, 127
, 28
, 68
, 87
, 42
, 113
, 145
, 10
, 117
, 38
, 85
, 70
, 152
, 3
, 1
, 154
, 151
, 4
, 50
, 105
, 71
, 84
, 13
, 142
, 120
, 35
, 71
, 84
, 91
, 64
, 19
, 136
, 55
, 100
, 43
, 112
, 11
, 144
, 4
, 151
, 134
, 21
, 6
, 149
, 123
, 32
, 118
, 37
, 75
, 80
, 74
, 81
, 38
, 117
, 143
, 12
, 114
, 41
, 35
, 120
, 112
, 43
, 59
, 96
, 126
, 29
, 132
, 23
, 2
, 153
, 79
, 76
, 8
, 147
, 140
, 15
, 68
, 87
, 84
, 71
, 130
, 25
, 31
, 124
, 61
, 94
, 102
, 53
, 11
, 144
, 35
, 120
, 137
, 18
, 80
, 75
, 5
, 150
, 43
, 112
, 67
, 88
, 17
, 138
, 107
, 48
, 87
, 68
, 54
, 101
, 140
, 15
, 147
, 8
, 105
, 50
, 86
, 69
, 124
, 31
, 60
, 95
, 106
, 49
, 119
, 36
, 11
, 144
, 95
, 60
, 96
, 59
, 122
, 33
, 18
, 137
, 50
, 105
, 152
, 3
, 39
, 116
, 23
, 132
, 140
, 15
, 81
, 74
, 108
, 47
, 75
, 80
, 39
, 116
, 153
, 2
, 88
, 67
, 137
, 18
, 97
, 58
, 51
, 104
, 73
, 82
, 32
, 123
, 137
, 18
, 74
, 81
, 55
, 100
, 96
, 59
, 37
, 118
, 115
, 40
, 145
, 10
, 146
, 9
, 109
, 46
, 128
, 27
, 92
, 63
, 36
, 119
, 55
, 100
, 120
, 35
, 74
, 81
, 100
, 55
, 62
, 93
, 153
, 2
, 46
, 109
, 52
, 103
, 72
, 83
, 98
, 57
, 67
, 88
, 80
, 75
, 75
, 80
, 54
, 101
, 56
, 99
, 25
, 130
, 74
, 81
, 122
, 33
, 16
, 139
, 104
, 51
, 76
, 79
, 93
, 62
, 41
, 114
, 20
, 135
, 9
, 146
, 70
, 85
, 107
, 48
, 23
, 132
, 149
, 6
, 112
, 43
, 99
, 56
, 134
, 21
, 4
, 151
, 29
, 126
, 3
, 152
, 153
, 2
, 6
, 149
, 103
, 52
, 150
, 5
, 78
, 77
, 128
, 27
, 114
, 41
, 3
, 152
, 115
, 40
, 44
, 111
, 83
, 72
, 97
, 58
, 123
, 32
, 110
, 45
, 105
, 50
, 148
, 7
, 39
, 116
, 112
, 43
, 135
, 20
, 153
, 2
, 100
, 55
, 126
, 29
, 150
, 5
, 150
, 5
, 26
, 129
, 68
, 87
, 114
, 41
, 26
, 129
, 119
, 36
, 36
, 119
, 101
, 54
, 10
, 145
, 10
, 145
, 36
, 119
, 105
, 50
, 127
, 28
, 96
, 59
, 127
, 28
, 19
, 136
, 10
, 145
, 106
, 49
, 27
, 128
, 13
, 142
, 24
, 131
, 70
, 85
, 88
, 67
, 126
, 29
, 102
, 53
, 130
, 25
, 128
, 27
, 47
, 108
, 97
, 58
, 32
, 123
, 16
, 139
, 76
, 79
, 93
, 62
, 46
, 109
, 102
, 53
, 42
, 113
, 89
, 66
, 15
, 140
, 109
, 46
, 4
, 151
, 36
, 119
, 89
, 66
, 37
, 118
, 39
, 116
, 59
, 96
, 6
, 149
, 138
, 17
, 86
, 69
, 45
, 110
, 99
, 56
, 78
, 77
, 134
, 21
, 56
, 99
, 53
, 102
, 90
, 65
, 30
, 125
, 49
, 106
, 35
, 120
, 66
, 89
, 12
, 143
, 78
, 77
, 64
, 91
, 108
, 47
, 110
, 45
, 53
, 102
, 100
, 55
, 91
, 64
, 49
, 106
, 97
, 58
, 29
, 126
, 84
, 71
, 70
, 85
, 4
, 151
, 30
, 125
, 97
, 58
, 6
, 149
, 25
, 130
, 83
, 72
, 135
, 20
, 56
, 99
, 118
, 37
, 32
, 123
, 17
, 138
, 1
, 154
, 9
, 146
, 130
, 25
, 35
, 120
, 120
, 35
, 58
, 97
, 10
, 145
, 132
, 23
, 135
, 20
, 145
, 10
, 34
, 121
, 146
, 9
, 72
, 83
, 119
, 36
, 34
, 121
, 53
, 102
, 109
, 46
, 75
, 80
, 63
, 92
, 68
, 87
, 85
, 70
, 92
, 63
, 78
, 77
, 150
, 5
, 120
, 35
, 34
, 121
, 137
, 18
, 53
, 102
, 20
, 135
, 124
, 31
, 40
, 115
, 55
, 100
, 120
, 35
, 92
, 63
, 14
, 141
, 71
, 84
, 109
, 46
, 122
, 33
, 2
, 153
, 8
, 147
, 16
, 139
, 31
, 124
, 53
, 102
, 104
, 51
, 58
, 97
, 145
, 10
, 110
, 45
, 105
, 50
, 92
, 63
, 62
, 93
, 17
, 138
, 141
, 14
, 148
, 7
, 22
, 133
, 41
, 114
, 6
, 149
, 20
, 135
, 92
, 63
, 54
, 101
, 21
, 134
, 144
, 11
, 45
, 110
, 137
, 18
, 51
, 104
, 13
, 142
, 103
, 52
, 44
, 111
, 35
, 120
, 38
, 117
, 113
, 42
, 89
, 66
, 54
, 101
, 116
, 39
, 35
, 120
, 144
, 11
, 127
, 28
, 58
, 97
, 16
, 139
, 20
, 135
, 19
, 136
, 133
, 22
, 63
, 92
, 88
, 67
, 145
, 10
, 130
, 25
, 134
, 21
, 93
, 62
, 60
, 95
, 25
, 130
, 57
, 98
, 152
, 3
, 114
, 41
, 109
, 46
, 9
, 146
, 112
, 43
, 25
, 130
, 52
, 103
, 77
, 78
, 113
, 42
, 96
, 59
, 93
, 62
, 142
, 13
, 140
, 15
, 44
, 111
, 51
, 104
, 61
, 94
, 102
, 53
, 116
, 39
, 116
, 39
, 83
, 72
, 22
, 133
, 29
, 126
, 114
, 41
, 43
, 112
, 104
, 51
, 95
, 60
, 100
, 55
, 106
, 49
, 131
, 24
, 113
, 42
, 78
, 77
, 86
, 69
, 2
, 153
, 125
, 30
, 17
, 138
, 34
, 121
, 28
, 127
, 143
, 12
, 40
, 115
, 139
, 16
, 46
, 109
, 81
, 74
, 1
, 154
, 86
, 69
, 16
, 139
, 5
, 150
, 74
, 81
, 117
, 38
, 26
, 129
, 64
, 91
, 148
, 7
, 117
, 38
, 76
, 79
, 150
, 5
, 104
, 51
, 54
, 101
, 106
, 49
, 93
, 62
, 55
, 100
, 130
, 25
, 111
, 44
, 90
, 65
, 123
, 32
, 40
, 115
, 87
, 68
, 47
, 108
, 110
, 45
, 81
, 74
, 94
, 61
, 145
, 10
, 64
, 91
, 37
, 118
, 116
, 39
, 48
, 107
, 63
, 92
, 15
, 140
, 53
, 102
, 106
, 49
, 71
, 84
, 4
, 151
, 33
, 122
, 49
, 106
, 31
, 124
, 153
, 2
, 134
, 21
, 123
, 32
, 92
, 63
, 13
, 142
, 98
, 57
, 39
, 116
, 146
, 9
, 12
, 143
, 101
, 54
, 57
, 98
, 23
, 132
, 115
, 40
, 56
, 99
, 67
, 88
, 22
, 133
, 20
, 135
, 79
, 76
, 15
, 140
, 103
, 52
, 119
, 36
, 118
, 37
, 129
, 26
, 71
, 84
, 32
, 123
, 12
, 143
, 102
, 53
, 33
, 122
, 108
, 47
, 33
, 122
, 55
, 100
, 47
, 108
, 152
, 3
, 119
, 36
, 7
, 148
, 151
, 4
, 119
, 36
, 121
, 34
, 95
, 60
, 47
, 108
, 153
, 2
, 42
, 113
, 17
, 138
, 7
, 148
, 108
, 47
, 56
, 99
, 105
, 50
, 97
, 58
, 121
, 34
, 28
, 127
, 111
, 44
, 99
, 56
, 110
, 45
, 84
, 71
, 18
, 137
, 72
, 83
, 31
, 124
, 31
, 124
, 134
, 21
, 145
, 10
, 148
, 7
, 141
, 14
, 144
, 11
, 89
, 66
, 134
, 21
, 95
, 60
, 147
, 8
, 151
, 4
, 120
, 35
, 100
, 55
, 122
, 33
, 115
, 40
, 80
, 75
, 141
, 14
, 106
, 49
, 117
, 38
, 152
, 3
, 110
, 45
, 28
, 127
, 16
, 139
, 39
, 116
, 90
, 65
, 112
, 43
, 107
, 48
, 93
, 62
, 38
, 117
, 143
, 12
, 92
, 63
, 101
, 54
, 20
, 135
, 50
, 105
, 26
, 129
, 22
, 133
, 108
, 47
, 118
, 37
, 96
, 59
, 123
, 32
, 4
, 151
, 43
, 112
, 149
, 6
, 122
, 33
, 8
, 147
, 94
, 61
, 61
, 94
, 108
, 47
, 107
, 48
, 124
, 31
, 109
, 46
, 69
, 86
, 126
, 29
, 103
, 52
, 34
, 121
, 60
, 95
, 88
, 67
, 48
, 107
, 118
, 37
, 105
, 50
, 152
, 3
, 41
, 114
, 147
, 8
, 40
, 115
, 6
, 149
, 42
, 113
, 140
, 15
, 14
, 141
, 72
, 83
, 145
, 10
, 40
, 115
, 131
, 24
, 77
, 78
, 73
, 82
, 54
, 101
, 110
, 45
, 102
, 53
, 139
, 16
, 51
, 104
, 96
, 59
, 51
, 104
, 82
, 73
, 76
, 79
, 7
, 148
, 87
, 68
, 91
, 64
, 82
, 73
, 61
, 94
, 89
, 66
, 152
, 3
, 54
, 101
, 33
, 122
, 98
, 57
, 63
, 92
, 57
, 98
, 145
, 10
, 84
, 71
, 124
, 31
, 59
, 96
, 44
, 111
, 111
, 44
, 59
, 96
, 143
, 12
, 127
, 28
, 38
, 117
, 147
, 8
, 10
, 145
, 125
, 30
, 47
, 108
, 95
, 60
, 151
, 4
, 98
, 57
, 89
, 66
, 144
, 11
, 145
, 10
, 128
, 27
, 21
, 134
, 146
, 9
, 123
, 32
, 59
, 96
, 110
, 45
, 73
, 82
, 78
, 77
, 99
, 56
, 118
, 37
, 18
, 137
, 134
, 21
, 3
, 152
, 28
, 127
, 144
, 11
, 23
, 132
, 25
, 130
, 57
, 98
, 29
, 126
, 28
, 127
, 38
, 117
, 74
, 81
, 78
, 77
, 33
, 122
, 74
, 81
, 47
, 108
, 135
, 20
, 149
, 6
, 138
, 17
, 12
, 143
, 75
, 80
, 40
, 115
, 144
, 11
, 139
, 16
, 52
, 103
, 107
, 48
, 48
, 107
, 123
, 32
, 37
, 118
, 87
, 68
, 12
, 143
, 95
, 60
, 101
, 54
, 27
, 128
, 106
, 49
, 20
, 135
, 136
, 19
, 46
, 109
, 22
, 133
, 143
, 12
, 146
, 9
, 9
, 146
, 19
, 136
, 127
, 28
, 141
, 14
, 37
, 118
, 115
, 40
, 116
, 39
, 45
, 110
, 34
, 121
, 27
, 128
, 39
, 116
, 117
, 38
, 12
, 143
, 95
, 60
, 25
, 130
, 150
, 5
, 106
, 49
, 149
, 6
, 125
, 30
, 45
, 110
, 76
, 79
, 140
, 15
, 66
, 89
, 30
, 125
, 131
, 24
, 65
, 90
, 113
, 42
, 18
, 137
, 95
, 60
, 95
, 60
, 43
, 112
, 67
, 88
, 12
, 143
, 152
, 3
, 136
, 19
, 60
, 95
, 30
, 125
, 56
, 99
, 83
, 72
, 98
, 57
, 80
, 75
, 5
, 150
, 124
, 31
, 49
, 106
, 72
, 83
, 126
, 29
, 87
, 68
, 143
, 12
, 128
, 27
, 66
, 89
, 68
, 87
, 51
, 104
, 22
, 133
, 143
, 12
, 24
, 131
, 14
, 141
, 123
, 32
, 30
, 125
, 68
, 87
, 9
, 146
, 23
, 132
, 48
, 107
, 113
, 42
, 72
, 83
, 40
, 115
, 100
, 55
, 43
, 112
, 128
, 27
, 74
, 81
, 58
, 97
, 19
, 136
, 129
, 26
, 61
, 94
, 63
, 92
, 98
, 57
, 106
, 49
, 60
, 95
, 42
, 113
, 130
, 25
, 87
, 68
, 31
, 124
, 96
, 59
, 11
, 144
, 43
, 112
, 43
, 112
, 33
, 122
, 27
, 128
, 91
, 64
, 31
, 124
, 100
, 55
, 72
, 83
, 56
, 99
, 44
, 111
, 41
, 114
, 55
, 100
, 90
, 65
, 45
, 110
, 28
, 127
, 1
, 154
, 100
, 55
, 122
, 33
, 18
, 137
, 38
, 117
, 64
, 91
, 121
, 34
, 91
, 64
, 146
, 9
, 72
, 83
, 151
, 4
, 114
, 41
, 109
, 46
, 117
, 38
, 71
, 84
, 103
, 52
, 149
, 6
, 31
, 124
, 70
, 85
, 61
, 94
, 121
, 34
, 30
, 125
, 89
, 66
, 37
, 118
, 111
, 44
, 137
, 18
, 99
, 56
, 135
, 20
, 34
, 121
, 86
, 69
, 147
, 8
, 78
, 77
, 6
, 149
, 140
, 15
, 11
, 144
, 25
, 130
, 118
, 37
, 111
, 44
, 114
, 41
, 2
, 153
, 141
, 14
, 106
, 49
, 4
, 151
, 7
, 148
, 151
, 4
, 103
, 52
, 118
, 37
, 27
, 128
, 44
, 111
, 38
, 117
, 96
, 59
, 126
, 29
, 4
, 151
, 75
, 80
, 5
, 150
, 85
, 70
, 14
, 141
, 84
, 71
, 6
, 149
, 16
, 139
, 108
, 47
, 63
, 92
, 91
, 64
, 137
, 18
, 111
, 44
, 13
, 142
, 110
, 45
, 46
, 109
, 56
, 99
, 31
, 124
, 2
, 153
, 37
, 118
, 137
, 18
, 139
, 16
, 72
, 83
, 108
, 47
, 28
, 127
, 137
, 18
, 111
, 44
, 85
, 70
, 79
, 76
, 77
, 78
, 79
, 76
, 132
, 23
, 85
, 70
, 137
, 18
, 13
, 142
, 28
, 127
, 48
, 107
, 133
, 22
, 90
, 65
, 57
, 98
, 139
, 16
, 84
, 71
, 7
, 148
, 63
, 92
, 104
, 51
, 53
, 102
, 110
, 45
, 129
, 26
, 64
, 91
, 36
, 119
, 79
, 76
, 52
, 103
, 102
, 53
, 131
, 24
, 10
, 145
, 117
, 38
, 36
, 119
, 117
, 38
, 61
, 94
, 93
, 62
, 115
, 40
, 45
, 110
, 37
, 118
, 41
, 114
, 101
, 54
, 72
, 83
, 32
, 123
, 3
, 152
, 149
, 6
, 128
, 27
, 58
, 97
, 26
, 129
, 62
, 93
, 136
, 19
, 86
, 69
, 32
, 123
, 47
, 108
, 105
, 50
, 130
, 25
, 82
, 73
, 92
, 63
, 14
, 141
, 38
, 117
, 56
, 99
, 121
, 34
, 125
, 30
, 130
, 25
, 124
, 31
, 110
, 45
, 110
, 45
, 32
, 123
, 132
, 23
, 15
, 140
, 6
, 149
, 96
, 59
, 135
, 20
, 44
, 111
, 95
, 60
, 38
, 117
, 151
, 4
, 30
, 125
, 69
, 86
, 113
, 42
, 13
, 142
, 93
, 62
, 62
, 93
, 149
, 6
, 40
, 115
, 48
, 107
, 71
, 84
, 84
, 71
, 151
, 4
, 103
, 52
, 46
, 109
, 25
, 130
, 27
, 128
, 132
, 23
, 23
, 132
, 107
, 48
, 70
, 85
, 41
, 114
, 146
, 9
, 85
, 70
, 11
, 144
, 137
, 18
, 49
, 106
, 50
, 105
, 63
, 92
, 84
, 71
, 89
, 66
, 119
, 36
, 10
, 145
, 120
, 35
, 45
, 110
, 137
, 18
, 48
, 107
, 34
, 121
, 88
, 67
, 47
, 108
, 65
, 90
, 77
, 78
, 107
, 48
, 5
, 150
, 37
, 118
, 42
, 113
, 9
, 146
, 63
, 92
, 139
, 16
, 17
, 138
, 81
, 74
, 94
, 61
, 85
, 70
, 113
, 42
, 135
, 20
, 140
, 15
, 29
, 126
, 77
, 78
, 25
, 130
, 129
, 26
, 51
, 104
, 95
, 60
, 18
, 137
, 37
, 118
, 45
, 110
, 17
, 138
, 113
, 42
, 149
, 6
, 99
, 56
, 6
, 149
, 101
, 54
, 43
, 112
, 65
, 90
, 8
, 147
, 23
, 132
, 55
, 100
, 60
, 95
, 127
, 28
, 20
, 135
, 4
, 151
, 120
, 35
, 38
, 117
, 80
, 75
, 77
, 78
, 146
, 9
, 128
, 27
, 58
, 97
, 129
, 26
, 85
, 70
, 135
, 20
, 89
, 66
, 88
, 67
, 9
, 146
, 141
, 14
, 95
, 60
, 6
, 149
, 87
, 68
, 147
, 8
, 66
, 89
, 7
, 148
, 98
, 57
, 94
, 61
, 106
, 49
, 56
, 99
, 146
, 9
, 128
, 27
, 120
, 35
, 86
, 69
, 69
, 86
, 126
, 29
, 58
, 97
, 50
, 105
, 4
, 151
, 131
, 24
, 132
, 23
, 4
, 151
, 101
, 54
, 77
, 78
, 56
, 99
, 27
, 128
, 4
, 151
, 8
, 147
, 143
, 12
, 115
, 40
, 118
, 37
, 122
, 33
, 121
, 34
, 36
, 119
, 41
, 114
, 17
, 138
, 71
, 84
, 121
, 34
, 65
, 90
, 106
, 49
, 51
, 104
, 61
, 94
, 139
, 16
, 70
, 85
, 107
, 48
, 116
, 39
, 20
, 135
, 133
, 22
, 77
, 78
, 3
, 152
, 52
, 103
, 37
, 118
, 79
, 76
, 49
, 106
, 55
, 100
, 126
, 29
, 42
, 113
, 68
, 87
, 68
, 87
, 130
, 25
, 74
, 81
, 39
, 116
, 56
, 99
, 87
, 68
, 127
, 28
, 73
, 82
, 149
, 6
, 135
, 20
, 124
, 31
, 139
, 16
, 12
, 143
, 16
, 139
, 51
, 104
, 100
, 55
, 44
, 111
, 57
, 98
, 92
, 63
, 32
, 123
, 29
, 126
, 59
, 96
, 6
, 149
, 33
, 122
, 96
, 59
, 123
, 32
, 108
, 47
, 85
, 70
, 51
, 104
, 144
, 11
, 149
, 6
, 129
, 26
, 50
, 105
, 28
, 127
, 71
, 84
, 111
, 44
, 23
, 132
, 2
, 153
, 116
, 39
, 107
, 48
, 86
, 69
, 96
, 59
, 146
, 9
, 145
, 10
, 4
, 151
, 132
, 23
, 1
, 154
, 58
, 97
, 49
, 106
, 96
, 59
, 78
, 77
, 100
, 55
, 5
, 150
, 85
, 70
, 66
, 89
, 16
, 139
, 5
, 150
, 118
, 37
, 40
, 115
, 39
, 116
, 118
, 37
, 95
, 60
, 111
, 44
, 65
, 90
, 147
, 8
, 86
, 69
, 130
, 25
, 70
, 85
, 72
, 83
, 5
, 150
, 37
, 118
, 105
, 50
, 25
, 130
, 83
, 72
, 111
, 44
, 14
, 141
, 85
, 70
, 103
, 52
, 58
, 97
, 138
, 17
, 104
, 51
, 123
, 32
, 127
, 28
, 152
, 3
, 31
, 124
, 108
, 47
, 48
, 107
, 15
, 140
, 105
, 50
, 136
, 19
, 129
, 26
, 67
, 88
, 70
, 85
, 70
, 85
, 83
, 72
, 102
, 53
, 49
, 106
, 130
, 25
, 16
, 139
, 15
, 140
, 101
, 54
, 95
, 60
, 30
, 125
, 17
, 138
, 137
, 18
, 102
, 53
, 149
, 6
, 56
, 99
, 109
, 46
, 4
, 151
, 151
, 4
, 71
, 84
, 8
, 147
, 50
, 105
, 61
, 94
, 99
, 56
, 16
, 139
, 95
, 60
, 62
, 93
, 139
, 16
, 72
, 83
, 109
, 46
, 86
, 69
, 118
, 37
, 150
, 5
, 105
, 50
, 29
, 126
, 12
, 143
, 61
, 94
, 9
, 146
, 51
, 104
, 144
, 11
, 103
, 52
, 77
, 78
, 148
, 7
, 70
, 85
, 57
, 98
, 85
, 70
, 26
, 129
, 70
, 85
, 102
, 53
, 34
, 121
, 65
, 90
, 11
, 144
, 47
, 108
, 38
, 117
, 75
, 80
, 48
, 107
, 64
, 91
, 88
, 67
, 140
, 15
, 4
, 151
, 20
, 135
, 81
, 74
, 34
, 121
, 24
, 131
, 22
, 133
, 6
, 149
, 6
, 149
, 81
, 74
, 74
, 81
, 82
, 73
, 148
, 7
, 39
, 116
, 141
, 14
, 149
, 6
, 128
, 27
, 120
, 35
, 31
, 124
, 23
, 132
, 123
, 32
, 21
, 134
, 138
, 17
, 104
, 51
, 124
, 31
, 50
, 105
, 6
, 149
, 23
, 132
, 149
, 6
, 119
, 36
, 133
, 22
, 92
, 63
, 45
, 110
, 45
, 110
, 108
, 47
, 14
, 141
, 92
, 63
, 4
, 151
, 48
, 107
, 24
, 131
, 130
, 25
, 136
, 19
, 29
, 126
, 94
, 61
, 148
, 7
, 65
, 90
, 136
, 19
, 98
, 57
, 125
, 30
, 73
, 82
, 77
, 78
, 104
, 51
, 88
, 67
, 32
, 123
, 133
, 22
, 131
, 24
, 135
, 20
, 59
, 96
, 81
, 74
, 83
, 72
, 80
, 75
, 131
, 24
, 65
, 90
, 42
, 113
, 45
, 110
, 61
, 94
, 21
, 134
, 8
, 147
, 74
, 81
, 132
, 23
, 124
, 31
, 121
, 34
, 37
, 118
, 96
, 59
, 1
, 154
, 80
, 75
, 1
, 154
, 41
, 114
, 68
, 87
, 59
, 96
, 112
, 43
, 52
, 103
, 26
, 129
, 7
, 148
, 79
, 76
, 52
, 103
, 39
, 116
, 126
, 29
, 62
, 93
, 94
, 61
, 67
, 88
, 82
, 73
, 59
, 96
, 112
, 43
, 77
, 78
, 32
, 123
, 8
, 147
, 83
, 72
, 140
, 15
, 5
, 150
, 4
, 151
, 120
, 35
, 37
, 118
, 78
, 77
, 57
, 98
, 9
, 146
, 103
, 52
, 145
, 10
, 50
, 105
, 86
, 69
, 42
, 113
, 22
, 133
, 144
, 11
, 46
, 109
, 124
, 31
, 72
, 83
, 46
, 109
, 41
, 114
, 16
, 139
, 36
, 119
, 109
, 46
, 127
, 28
, 123
, 32
, 65
, 90
, 126
, 29
, 142
, 13
, 25
, 130
, 30
, 125
, 18
, 137
, 61
, 94
, 120
, 35
, 78
, 77
, 150
, 5
, 85
, 70
, 58
, 97
, 108
, 47
, 24
, 131
, 150
, 5
, 59
, 96
, 40
, 115
, 72
, 83
, 71
, 84
, 6
, 149
, 127
, 28
, 34
, 121
, 142
, 13
, 58
, 97
, 50
, 105
, 123
, 32
, 137
, 18
, 15
, 140
, 75
, 80
, 121
, 34
, 88
, 67
, 84
, 71
, 132
, 23
, 4
, 151
, 61
, 94
, 73
, 82
, 57
, 98
, 61
, 94
, 151
, 4
, 119
, 36
, 53
, 102
, 148
, 7
, 146
, 9
, 129
, 26
, 113
, 42
, 2
, 153
, 113
, 42
, 65
, 90
, 53
, 102
, 85
, 70
, 140
, 15
, 150
, 5
, 116
, 39
, 79
, 76
, 71
, 84
, 9
, 146
, 63
, 92
, 145
, 10
, 96
, 59
, 69
, 86
, 62
, 93
, 13
, 142
, 37
, 118
, 140
, 15
, 94
, 61
, 81
, 74
, 49
, 106
, 57
, 98
, 47
, 108
, 17
, 138
, 106
, 49
, 3
, 152
, 17
, 138
, 68
, 87
, 115
, 40
, 96
, 59
, 40
, 115
, 48
, 107
, 38
, 117
, 39
, 116
, 86
, 69
, 145
, 10
, 145
, 10
, 63
, 92
, 5
, 150
, 112
, 43
, 98
, 57
, 57
, 98
, 2
, 153
, 61
, 94
, 65
, 90
, 125
, 30
, 96
, 59
, 3
, 152
, 20
, 135
, 40
, 115
, 72
, 83
, 89
, 66
, 109
, 46
, 143
, 12
, 143
, 12
, 143
, 12
, 54
, 101
, 48
, 107
, 153
, 2
, 108
, 47
, 24
, 131
, 64
, 91
, 3
, 152
, 18
, 137
, 77
, 78
, 144
, 11
, 111
, 44
, 48
, 107
, 145
, 10
, 82
, 73
, 135
, 20
, 5
, 150
, 11
, 144
, 6
, 149
, 26
, 129
, 37
, 118
, 85
, 70
, 46
, 109
, 11
, 144
, 78
, 77
, 34
, 121
, 70
, 85
, 98
, 57
, 69
, 86
, 53
, 102
, 61
, 94
, 82
, 73
, 68
, 87
, 88
, 67
, 47
, 108
, 47
, 108
, 112
, 43
, 15
, 140
, 81
, 74
, 42
, 113
, 39
, 116
, 66
, 89
, 45
, 110
, 103
, 52
, 139
, 16
, 70
, 85
, 136
, 19
, 102
, 53
, 153
, 2
, 41
, 114
, 72
, 83
, 105
, 50
, 32
, 123
, 95
, 60
, 44
, 111
, 118
, 37
, 100
, 55
, 145
, 10
, 29
, 126
, 153
, 2
, 85
, 70
, 62
, 93
, 152
, 3
, 120
, 35
, 130
, 25
, 23
, 132
, 60
, 95
, 61
, 94
, 56
, 99
, 136
, 19
, 2
, 153
, 79
, 76
, 54
, 101
, 41
, 114
, 39
, 116
, 84
, 71
, 143
, 12
, 71
, 84
, 106
, 49
, 138
, 17
, 142
, 13
, 16
, 139
, 6
, 149
, 109
, 46
, 86
, 69
, 70
, 85
, 81
, 74
, 127
, 28
, 25
, 130
, 64
, 91
, 54
, 101
, 135
, 20
, 66
, 89
, 123
, 32
, 20
, 135
, 129
, 26
, 123
, 32
, 71
, 84
, 58
, 97
, 52
, 103
, 18
, 137
, 53
, 102
, 34
, 121
, 63
, 92
, 108
, 47
, 64
, 91
, 73
, 82
, 25
, 130
, 147
, 8
, 35
, 120
, 68
, 87
, 30
, 125
, 30
, 125
, 117
, 38
, 6
, 149
, 84
, 71
, 108
, 47
, 57
, 98
, 79
, 76
, 30
, 125
, 7
, 148
, 72
, 83
, 30
, 125
, 6
, 149
, 148
, 7
, 138
, 17
, 8
, 147
, 26
, 129
, 118
, 37
, 12
, 143
, 125
, 30
, 35
, 120
, 38
, 117
, 25
, 130
, 27
, 128
, 131
, 24
, 152
, 3
, 23
, 132
, 130
, 25
, 27
, 128
, 12
, 143
, 104
, 51
, 82
, 73
, 93
, 62
, 34
, 121
, 33
, 122
, 4
, 151
, 128
, 27
, 141
, 14
, 22
, 133
, 106
, 49
, 97
, 58
, 35
, 120
, 18
, 137
, 137
, 18
, 64
, 91
, 106
, 49
, 116
, 39
, 105
, 50
, 25
, 130
, 94
, 61
, 145
, 10
, 12
, 143
, 27
, 128
, 117
, 38
, 32
, 123
, 3
, 152
, 133
, 22
, 65
, 90
, 54
, 101
, 107
, 48
, 19
, 136
, 110
, 45
, 70
, 85
, 30
, 125
, 3
, 152
, 118
, 37
, 126
, 29
, 3
, 152
, 44
, 111
, 87
, 68
, 16
, 139
, 151
, 4
, 36
, 119
, 120
, 35
, 92
, 63
, 139
, 16
, 131
, 24
, 87
, 68
, 93
, 62
, 128
, 27
, 37
, 118
, 128
, 27
, 114
, 41
, 56
, 99
, 21
, 134
, 79
, 76
, 1
, 154
, 3
, 152
, 34
, 121
, 139
, 16
, 105
, 50
, 107
, 48
, 141
, 14
, 149
, 6
, 54
, 101
, 77
, 78
, 56
, 99
, 145
, 10
, 65
, 90
, 116
, 39
, 93
, 62
, 53
, 102
, 135
, 20
, 146
, 9
, 83
, 72
, 108
, 47
, 71
, 84
, 66
, 89
, 112
, 43
, 52
, 103
, 100
, 55
, 26
, 129
, 82
, 73
, 74
, 81
, 1
, 154
, 15
, 140
, 39
, 116
, 84
, 71
, 101
, 54
, 32
, 123
, 110
, 45
, 129
, 26
, 47
, 108
, 26
, 129
, 75
, 80
, 57
, 98
, 106
, 49
, 39
, 116
, 153
, 2
, 24
, 131
, 147
, 8
, 92
, 63
, 41
, 114
, 133
, 22
, 99
, 56
, 39
, 116
, 101
, 54
, 73
, 82
, 96
, 59
, 117
, 38
, 15
, 140
, 71
, 84
, 83
, 72
, 44
, 111
, 28
, 127
, 152
, 3
, 59
, 96
, 72
, 83
, 95
, 60
, 135
, 20
, 138
, 17
, 45
, 110
, 48
, 107
, 149
, 6
, 32
, 123
, 78
, 77
, 105
, 50
, 140
, 15
, 11
, 144
, 23
, 132
, 127
, 28
, 29
, 126
, 61
, 94
, 92
, 63
, 128
, 27
, 136
, 19
, 84
, 71
, 135
, 20
, 121
, 34
, 108
, 47
, 116
, 39
, 22
, 133
, 19
, 136
, 134
, 21
, 81
, 74
, 81
, 74
, 74
, 81
, 127
, 28
, 143
, 12
, 10
, 145
, 64
, 91
, 77
, 78
, 18
, 137
, 133
, 22
, 56
, 99
, 11
, 144
, 68
, 87
, 67
, 88
, 66
, 89
, 104
, 51
, 52
, 103
, 131
, 24
, 27
, 128
, 121
, 34
, 148
, 7
, 105
, 50
, 51
, 104
, 150
, 5
, 138
, 17
, 130
, 25
, 130
, 25
, 131
, 24
, 26
, 129
, 103
, 52
, 98
, 57
, 139
, 16
, 35
, 120
, 82
, 73
, 82
, 73
, 82
, 73
, 1
, 154
, 57
, 98
, 78
, 77
, 77
, 78
, 104
, 51
, 63
, 92
, 11
, 144
, 91
, 64
, 3
, 152
, 45
, 110
, 75
, 80
, 135
, 20
, 111
, 44
, 116
, 39
, 68
, 87
, 79
, 76
, 131
, 24
, 26
, 129
, 129
, 26
, 16
, 139
, 70
, 85
, 128
, 27
, 59
, 96
, 34
, 121
, 60
, 95
, 117
, 38
, 105
, 50
, 114
, 41
, 20
, 135
, 19
, 136
, 68
, 87
, 146
, 9
, 123
, 32
, 42
, 113
, 30
, 125
, 122
, 33
, 127
, 28
, 100
, 55
, 41
, 114
, 105
, 50
, 41
, 114
, 80
, 75
, 113
, 42
, 93
, 62
, 89
, 66
, 130
, 25
, 75
, 80
, 98
, 57
, 119
, 36
, 144
, 11
, 131
, 24
, 83
, 72
, 120
, 35
, 87
, 68
, 41
, 114
, 134
, 21
, 131
, 24
, 130
, 25
, 30
, 125
, 116
, 39
, 89
, 66
, 108
, 47
, 21
, 134
, 83
, 72
, 48
, 107
, 28
, 127
, 20
, 135
, 38
, 117
, 144
, 11
, 152
, 3
, 31
, 124
, 138
, 17
, 31
, 124
, 133
, 22
, 24
, 131
, 70
, 85
, 30
, 125
, 144
, 11
, 88
, 67
, 49
, 106
, 95
, 60
, 131
, 24
, 59
, 96
, 42
, 113
, 50
, 105
, 88
, 67
, 77
, 78
, 127
, 28
, 76
, 79
, 151
, 4
, 41
, 114
, 48
, 107
, 128
, 27
, 104
, 51
, 14
, 141
, 48
, 107
, 50
, 105
, 82
, 73
, 133
, 22
, 60
, 95
, 51
, 104
, 136
, 19
, 2
, 153
, 115
, 40
, 56
, 99
, 58
, 97
, 119
, 36
, 124
, 31
, 72
, 83
, 82
, 73
, 126
, 29
, 69
, 86
, 43
, 112
, 90
, 65
, 28
, 127
, 64
, 91
, 70
, 85
, 34
, 121
, 12
, 143
, 123
, 32
, 64
, 91
, 16
, 139
, 143
, 12
, 128
, 27
, 137
, 18
, 95
, 60
, 43
, 112
, 5
, 150
, 101
, 54
, 16
, 139
, 73
, 82
, 102
, 53
, 86
, 69
, 113
, 42
, 4
, 151
, 119
, 36
, 71
, 84
, 66
, 89
, 109
, 46
, 6
, 149
, 9
, 146
, 42
, 113
, 58
, 97
, 113
, 42
, 127
, 28
, 120
, 35
, 82
, 73
, 37
, 118
, 80
, 75
, 24
, 131
, 121
, 34
, 116
, 39
, 88
, 67
, 18
, 137
, 104
, 51
, 31
, 124
, 68
, 87
, 108
, 47
, 95
, 60
, 53
, 102
, 140
, 15
, 18
, 137
, 79
, 76
, 26
, 129
, 96
, 59
, 45
, 110
, 42
, 113
, 21
, 134
, 12
, 143
, 38
, 117
, 140
, 15
, 32
, 123
, 26
, 129
, 64
, 91
, 12
, 143
, 43
, 112
, 17
, 138
, 86
, 69
, 120
, 35
, 120
, 35
, 30
, 125
, 36
, 119
, 110
, 45
, 71
, 84
, 46
, 109
, 79
, 76
, 144
, 11
, 131
, 24
, 97
, 58
, 87
, 68
, 93
, 62
, 131
, 24
, 31
, 124
, 45
, 110
, 143
, 12
, 110
, 45
, 15
, 140
, 15
, 140
, 78
, 77
, 54
, 101
, 24
, 131
, 122
, 33
, 100
, 55
, 124
, 31
, 58
, 97
, 44
, 111
, 23
, 132
, 142
, 13
, 79
, 76
, 50
, 105
, 74
, 81
, 6
, 149
, 116
, 39
, 42
, 113
, 44
, 111
, 81
, 74
, 89
, 66
, 53
, 102
, 78
, 77
, 105
, 50
, 67
, 88
, 83
, 72
, 57
, 98
, 20
, 135
, 92
, 63
, 138
, 17
, 56
, 99
, 7
, 148
, 121
, 34
, 91
, 64
, 54
, 101
, 26
, 129
, 117
, 38
, 120
, 35
, 125
, 30
, 5
, 150
, 35
, 120
, 140
, 15
, 92
, 63
, 23
, 132
, 57
, 98
, 35
, 120
, 91
, 64
, 10
, 145
, 43
, 112
, 27
, 128
, 82
, 73
, 50
, 105
, 100
, 55
, 30
, 125
, 132
, 23
, 131
, 24
, 2
, 153
, 8
, 147
, 122
, 33
, 121
, 34
, 7
, 148
, 153
, 2
, 50
, 105
, 110
, 45
, 6
, 149
, 10
, 145
, 34
, 121
, 95
, 60
, 105
, 50
, 35
, 120
, 23
, 132
, 134
, 21
, 75
, 80
, 43
, 112
, 24
, 131
, 117
, 38
, 71
, 84
, 110
, 45
, 42
, 113
, 14
, 141
, 19
, 136
, 101
, 54
, 72
, 83
, 29
, 126
, 146
, 9
, 86
, 69
, 4
, 151
, 146
, 9
, 121
, 34
, 36
, 119
, 17
, 138
, 145
, 10
, 115
, 40
, 52
, 103
, 15
, 140
, 114
, 41
, 35
, 120
, 152
, 3
, 105
, 50
, 24
, 131
, 152
, 3
, 26
, 129
, 97
, 58
, 51
, 104
, 119
, 36
, 20
, 135
, 71
, 84
, 113
, 42
, 63
, 92
, 139
, 16
, 149
, 6
, 42
, 113
, 74
, 81
, 21
, 134
, 129
, 26
, 85
, 70
, 129
, 26
, 43
, 112
, 93
, 62
, 23
, 132
, 24
, 131
, 46
, 109
, 59
, 96
, 80
, 75
, 131
, 24
, 129
, 26
, 21
, 134
, 144
, 11
, 141
, 14
, 55
, 100
, 90
, 65
, 27
, 128
, 9
, 146
, 8
, 147
, 97
, 58
, 75
, 80
, 80
, 75
, 90
, 65
, 146
, 9
, 121
, 34
, 29
, 126
, 140
, 15
, 85
, 70
, 134
, 21
, 63
, 92
, 81
, 74
, 40
, 115
, 92
, 63
, 153
, 2
, 33
, 122
, 29
, 126
, 107
, 48
, 59
, 96
, 56
, 99
, 132
, 23
, 71
, 84
, 147
, 8
, 19
, 136
, 80
, 75
, 31
, 124
, 121
, 34
, 118
, 37
, 60
, 95
, 143
, 12
, 26
, 129
, 99
, 56
, 126
, 29
, 5
, 150
, 76
, 79
, 16
, 139
, 13
, 142
, 134
, 21
, 35
, 120
, 68
, 87
, 135
, 20
, 131
, 24
, 82
, 73
, 51
, 104
, 144
, 11
, 17
, 138
, 26
, 129
, 1
, 154
, 108
, 47
, 97
, 58
, 127
, 28
, 52
, 103
, 51
, 104
, 143
, 12
, 26
, 129
, 62
, 93
, 55
, 100
, 48
, 107
, 19
, 136
, 145
, 10
, 14
, 141
, 107
, 48
, 38
, 117
, 62
, 93
, 146
, 9
, 83
, 72
, 2
, 153
, 7
, 148
, 114
, 41
, 46
, 109
, 42
, 113
, 61
, 94
, 1
, 154
, 80
, 75
, 92
, 63
, 145
, 10
, 116
, 39
, 150
, 5
, 131
, 24
, 116
, 39
, 58
, 97
, 124
, 31
, 146
, 9
, 17
, 138
, 15
, 140
, 54
, 101
, 90
, 65
, 24
, 131
, 39
, 116
, 56
, 99
, 11
, 144
, 17
, 138
, 117
, 38
, 98
, 57
, 109
, 46
, 30
, 125
, 78
, 77
, 139
, 16
, 78
, 77
, 123
, 32
, 61
, 94
, 50
, 105
, 95
, 60
, 96
, 59
, 122
, 33
, 49
, 106
, 55
, 100
, 86
, 69
, 152
, 3
, 133
, 22
, 99
, 56
, 146
, 9
, 103
, 52
, 39
, 116
, 41
, 114
, 112
, 43
, 104
, 51
, 126
, 29
, 138
, 17
, 82
, 73
, 61
, 94
, 18
, 137
, 124
, 31
, 71
, 84
, 90
, 65
, 36
, 119
, 40
, 115
, 145
, 10
, 97
, 58
, 87
, 68
, 72
, 83
, 147
, 8
, 60
, 95
, 64
, 91
, 61
, 94
, 114
, 41
, 52
, 103
, 7
, 148
, 97
, 58
, 46
, 109
, 27
, 128
, 133
, 22
, 141
, 14
, 133
, 22
, 138
, 17
, 55
, 100
, 55
, 100
, 48
, 107
, 44
, 111
, 128
, 27
, 43
, 112
, 70
, 85
, 19
, 136
, 44
, 111
, 17
, 138
, 140
, 15
, 20
, 135
, 6
, 149
, 143
, 12
, 121
, 34
, 151
, 4
, 53
, 102
, 85
, 70
, 9
, 146
, 54
, 101
, 80
, 75
, 80
, 75
, 80
, 75
, 92
, 63
, 56
, 99
, 11
, 144
, 134
, 21
, 81
, 74
, 124
, 31
, 124
, 31
, 41
, 114
, 36
, 119
, 42
, 113
, 54
, 101
, 56
, 99
, 130
, 25
, 131
, 24
, 58
, 97
, 3
, 152
, 17
, 138
, 53
, 102
, 88
, 67
, 14
, 141
, 49
, 106
, 83
, 72
, 11
, 144
, 37
, 118
, 44
, 111
, 85
, 70
, 64
, 91
, 67
, 88
, 76
, 79
, 42
, 113
, 27
, 128
, 72
, 83
, 132
, 23
, 10
, 145
, 130
, 25
, 121
, 34
, 48
, 107
, 56
, 99
, 81
, 74
, 90
, 65
, 91
, 64
, 38
, 117
, 15
, 140
, 26
, 129
, 1
, 154
, 87
, 68
, 110
, 45
, 137
, 18
, 134
, 21
, 70
, 85
, 102
, 53
, 59
, 96
, 126
, 29
, 101
, 54
, 42
, 113
, 148
, 7
, 7
, 148
, 53
, 102
, 126
, 29
, 97
, 58
, 141
, 14
, 50
, 105
, 105
, 50
, 140
, 15
, 82
, 73
, 12
, 143
, 58
, 97
, 12
, 143
, 91
, 64
, 139
, 16
, 57
, 98
, 147
, 8
, 5
, 150
, 21
, 134
, 145
, 10
, 63
, 92
, 13
, 142
, 59
, 96
, 13
, 142
, 127
, 28
, 39
, 116
, 23
, 132
, 6
, 149
, 94
, 61
, 100
, 55
, 113
, 42
, 71
, 84
, 44
, 111
, 149
, 6
, 107
, 48
, 21
, 134
, 28
, 127
, 7
, 148
, 47
, 108
, 43
, 112
, 139
, 16
, 71
, 84
, 88
, 67
, 91
, 64
, 74
, 81
, 79
, 76
, 133
, 22
, 121
, 34
, 71
, 84
, 109
, 46
, 39
, 116
, 14
, 141
, 10
, 145
, 146
, 9
, 38
, 117
, 153
, 2
, 89
, 66
, 87
, 68
, 29
, 126
, 16
, 139
, 15
, 140
, 54
, 101
, 4
, 151
, 12
, 143
, 81
, 74
, 7
, 148
, 56
, 99
, 61
, 94
, 70
, 85
, 44
, 111
, 152
, 3
, 142
, 13
, 141
, 14
, 93
, 62
, 16
, 139
, 146
, 9
, 95
, 60
, 4
, 151
, 133
, 22
, 26
, 129
, 121
, 34
, 152
, 3
, 85
, 70
, 115
, 40
, 7
, 148
, 15
, 140
, 87
, 68
, 115
, 40
, 38
, 117
, 92
, 63
, 81
, 74
, 95
, 60
, 8
, 147
, 144
, 11
, 112
, 43
, 52
, 103
, 134
, 21
, 146
, 9
, 22
, 133
, 14
, 141
, 30
, 125
, 30
, 125
, 39
, 116
, 48
, 107
, 95
, 60
, 116
, 39
, 117
, 38
, 40
, 115
, 30
, 125
, 83
, 72
, 90
, 65
, 16
, 139
, 88
, 67
, 133
, 22
, 105
, 50
, 32
, 123
, 147
, 8
, 116
, 39
, 55
, 100
, 50
, 105
, 63
, 92
, 112
, 43
, 103
, 52
, 88
, 67
, 19
, 136
, 54
, 101
, 79
, 76
, 132
, 23
, 41
, 114
, 130
, 25
, 68
, 87
, 84
, 71
, 19
, 136
, 74
, 81
, 50
, 105
, 12
, 143
, 54
, 101
, 92
, 63
, 26
, 129
, 111
, 44
, 32
, 123
, 76
, 79
, 131
, 24
, 114
, 41
, 66
, 89
, 66
, 89
, 24
, 131
, 145
, 10
, 72
, 83
, 76
, 79
, 97
, 58
, 67
, 88
, 18
, 137
, 73
, 82
, 27
, 128
, 82
, 73
, 138
, 17
, 131
, 24
, 52
, 103
, 96
, 59
, 15
, 140
, 67
, 88
, 55
, 100
, 27
, 128
, 25
, 130
, 148
, 7
, 9
, 146
, 129
, 26
, 87
, 68
, 8
, 147
, 120
, 35
, 59
, 96
, 38
, 117
, 91
, 64
, 86
, 69
, 3
, 152
, 33
, 122
, 111
, 44
, 149
, 6
, 129
, 26
, 149
, 6
, 107
, 48
, 46
, 109
, 72
, 83
, 151
, 4
, 49
, 106
, 17
, 138
, 132
, 23
, 141
, 14
, 143
, 12
, 49
, 106
, 7
, 148
, 2
, 153
, 55
, 100
, 54
, 101
, 90
, 65
, 86
, 69
, 1
, 154
, 108
, 47
, 126
, 29
, 151
, 4
, 11
, 144
, 74
, 81
, 147
, 8
, 112
, 43
, 11
, 144
, 80
, 75
, 133
, 22
, 2
, 153
, 12
, 143
, 23
, 132
, 7
, 148
, 152
, 3
, 5
, 150
, 125
, 30
, 77
, 78
, 54
, 101
, 148
, 7
, 6
, 149
, 145
, 10
, 112
, 43
, 127
, 28
, 61
, 94
, 146
, 9
, 123
, 32
, 46
, 109
, 117
, 38
, 106
, 49
, 55
, 100
, 31
, 124
, 141
, 14
, 76
, 79
, 92
, 63
, 112
, 43
, 42
, 113
, 50
, 105
, 63
, 92
, 129
, 26
, 96
, 59
, 60
, 95
, 76
, 79
, 37
, 118
, 83
, 72
, 89
, 66
, 146
, 9
, 71
, 84
, 98
, 57
, 17
, 138
, 41
, 114
, 9
, 146
, 129
, 26
, 84
, 71
, 101
, 54
, 145
, 10
, 80
, 75
, 1
, 154
, 108
, 47
, 111
, 44
, 95
, 60
, 8
, 147
, 92
, 63
, 122
, 33
, 47
, 108
, 18
, 137
, 20
, 135
, 82
, 73
, 86
, 69
, 118
, 37
, 132
, 23
, 86
, 69
, 49
, 106
, 145
, 10
, 49
, 106
, 3
, 152
, 99
, 56
, 52
, 103
, 8
, 147
, 123
, 32
, 136
, 19
, 45
, 110
, 34
, 121
, 59
, 96
, 52
, 103
, 19
, 136
, 92
, 63
, 103
, 52
, 10
, 145
, 41
, 114
, 39
, 116
, 7
, 148
, 23
, 132
, 68
, 87
, 67
, 88
, 8
, 147
, 64
, 91
, 45
, 110
, 26
, 129
, 103
, 52
, 65
, 90
, 145
, 10
, 2
, 153
, 148
, 7
, 81
, 74
, 24
, 131
, 132
, 23
, 45
, 110
, 134
, 21
, 39
, 116
, 37
, 118
, 95
, 60
, 70
, 85
, 45
, 110
, 93
, 62
, 66
, 89
, 41
, 114
, 59
, 96
, 68
, 87
, 45
, 110
, 111
, 44
, 82
, 73
, 93
, 62
, 149
, 6
, 90
, 65
, 18
, 137
, 51
, 104
, 85
, 70
, 6
, 149
, 3
, 152
, 105
, 50
, 52
, 103
, 112
, 43
, 3
, 152
, 89
, 66
, 106
, 49
, 89
, 66
, 82
, 73
, 18
, 137
, 145
, 10
, 35
, 120
, 62
, 93
, 75
, 80
, 49
, 106
, 29
, 126
, 100
, 55
, 26
, 129
, 25
, 130
, 52
, 103
, 58
, 97
, 89
, 66
, 17
, 138
, 41
, 114
, 80
, 75
, 141
, 14
, 56
, 99
, 24
, 131
, 115
, 40
, 66
, 89
, 49
, 106
, 116
, 39
, 115
, 40
, 68
, 87
, 102
, 53
, 17
, 138
, 131
, 24
, 139
, 16
, 146
, 9
, 147
, 8
, 103
, 52
, 113
, 42
, 88
, 67
, 92
, 63
, 148
, 7
, 114
, 41
, 27
, 128
, 47
, 108
, 96
, 59
, 99
, 56
, 117
, 38
, 79
, 76
, 132
, 23
, 135
, 20
, 10
, 145
, 49
, 106
, 84
, 71
, 78
, 77
, 18
, 137
, 20
, 135
, 40
, 115
, 111
, 44
, 13
, 142
, 32
, 123
, 145
, 10
, 104
, 51
, 50
, 105
, 112
, 43
, 24
, 131
, 122
, 33
, 75
, 80
, 109
, 46
, 25
, 130
, 88
, 67
, 121
, 34
, 61
, 94
, 147
, 8
, 51
, 104
, 16
, 139
, 82
, 73
, 130
, 25
, 129
, 26
, 131
, 24
, 21
, 134
, 57
, 98
, 6
, 149
, 5
, 150
, 6
, 149
, 139
, 16
, 19
, 136
, 62
, 93
, 121
, 34
, 103
, 52
, 80
, 75
, 147
, 8
, 97
, 58
, 142
, 13
, 53
, 102
, 116
, 39
, 67
, 88
, 41
, 114
, 9
, 146
, 69
, 86
, 125
, 30
, 24
, 131
, 135
, 20
, 48
, 107
, 92
, 63
, 82
, 73
, 137
, 18
, 103
, 52
, 7
, 148
, 68
, 87
, 32
, 123
, 35
, 120
, 27
, 128
, 119
, 36
, 75
, 80
, 82
, 73
, 115
, 40
, 67
, 88
, 39
, 116
, 52
, 103
, 38
, 117
, 3
, 152
, 105
, 50
, 108
, 47
, 121
, 34
, 32
, 123
, 60
, 95
, 80
, 75
, 54
, 101
, 51
, 104
, 93
, 62
, 81
, 74
, 121
, 34
, 50
, 105
, 95
, 60
, 109
, 46
, 102
, 53
, 85
, 70
, 105
, 50
, 84
, 71
, 57
, 98
, 123
, 32
, 48
, 107
, 127
, 28
, 34
, 121
, 21
, 134
, 136
, 19
, 126
, 29
, 3
, 152
, 118
, 37
, 90
, 65
, 73
, 82
, 48
, 107
, 89
, 66
, 43
, 112
, 58
, 97
, 21
, 134
, 88
, 67
, 102
, 53
, 106
, 49
, 135
, 20
, 96
, 59
, 5
, 150
, 110
, 45
