
3050
, 23
, 106
, 67
, 62
, 67
, 62
, 40
, 89
, 102
, 27
, 14
, 115
, 51
, 78
, 80
, 49
, 49
, 80
, 121
, 8
, 66
, 63
, 7
, 122
, 95
, 34
, 95
, 34
, 71
, 58
, 74
, 55
, 8
, 121
, 127
, 2
, 91
, 38
, 101
, 28
, 11
, 118
, 99
, 30
, 92
, 37
, 116
, 13
, 53
, 76
, 96
, 33
, 62
, 67
, 90
, 39
, 48
, 81
, 13
, 116
, 114
, 15
, 95
, 34
, 82
, 47
, 55
, 74
, 41
, 88
, 61
, 68
, 115
, 14
, 113
, 16
, 52
, 77
, 109
, 20
, 92
, 37
, 44
, 85
, 120
, 9
, 63
, 66
, 104
, 25
, 12
, 117
, 38
, 91
, 21
, 108
, 120
, 9
, 45
, 84
, 43
, 86
, 7
, 122
, 78
, 51
, 4
, 125
, 33
, 96
, 119
, 10
, 55
, 74
, 67
, 62
, 50
, 79
, 4
, 125
, 43
, 86
, 45
, 84
, 30
, 99
, 44
, 85
, 56
, 73
, 6
, 123
, 96
, 33
, 49
, 80
, 17
, 112
, 50
, 79
, 39
, 90
, 68
, 61
, 30
, 99
, 93
, 36
, 115
, 14
, 124
, 5
, 43
, 86
, 15
, 114
, 7
, 122
, 33
, 96
, 41
, 88
, 67
, 62
, 39
, 90
, 28
, 101
, 75
, 54
, 6
, 123
, 45
, 84
, 113
, 16
, 80
, 49
, 15
, 114
, 10
, 119
, 90
, 39
, 8
, 121
, 81
, 48
, 15
, 114
, 77
, 52
, 29
, 100
, 81
, 48
, 54
, 75
, 123
, 6
, 23
, 106
, 84
, 45
, 111
, 18
, 74
, 55
, 10
, 119
, 82
, 47
, 111
, 18
, 87
, 42
, 125
, 4
, 45
, 84
, 21
, 108
, 23
, 106
, 34
, 95
, 28
, 101
, 51
, 78
, 122
, 7
, 33
, 96
, 80
, 49
, 42
, 87
, 38
, 91
, 37
, 92
, 121
, 8
, 7
, 122
, 77
, 52
, 24
, 105
, 107
, 22
, 33
, 96
, 5
, 124
, 64
, 65
, 27
, 102
, 114
, 15
, 80
, 49
, 6
, 123
, 112
, 17
, 116
, 13
, 19
, 110
, 116
, 13
, 28
, 101
, 11
, 118
, 46
, 83
, 107
, 22
, 76
, 53
, 20
, 109
, 19
, 110
, 86
, 43
, 111
, 18
, 28
, 101
, 21
, 108
, 93
, 36
, 25
, 104
, 72
, 57
, 62
, 67
, 109
, 20
, 81
, 48
, 66
, 63
, 120
, 9
, 57
, 72
, 81
, 48
, 14
, 115
, 18
, 111
, 95
, 34
, 125
, 4
, 98
, 31
, 59
, 70
, 86
, 43
, 82
, 47
, 56
, 73
, 19
, 110
, 126
, 3
, 103
, 26
, 24
, 105
, 27
, 102
, 77
, 52
, 76
, 53
, 24
, 105
, 78
, 51
, 124
, 5
, 121
, 8
, 123
, 6
, 64
, 65
, 125
, 4
, 69
, 60
, 105
, 24
, 106
, 23
, 109
, 20
, 28
, 101
, 97
, 32
, 53
, 76
, 62
, 67
, 90
, 39
, 112
, 17
, 100
, 29
, 67
, 62
, 56
, 73
, 118
, 11
, 29
, 100
, 6
, 123
, 6
, 123
, 90
, 39
, 87
, 42
, 81
, 48
, 39
, 90
, 40
, 89
, 93
, 36
, 15
, 114
, 75
, 54
, 3
, 126
, 4
, 125
, 60
, 69
, 31
, 98
, 43
, 86
, 110
, 19
, 114
, 15
, 110
, 19
, 124
, 5
, 47
, 82
, 40
, 89
, 98
, 31
, 100
, 29
, 77
, 52
, 53
, 76
, 101
, 28
, 38
, 91
, 33
, 96
, 3
, 126
, 90
, 39
, 45
, 84
, 71
, 58
, 36
, 93
, 25
, 104
, 84
, 45
, 3
, 126
, 67
, 62
, 81
, 48
, 35
, 94
, 85
, 44
, 106
, 23
, 118
, 11
, 29
, 100
, 26
, 103
, 117
, 12
, 20
, 109
, 34
, 95
, 115
, 14
, 6
, 123
, 111
, 18
, 40
, 89
, 82
, 47
, 125
, 4
, 5
, 124
, 15
, 114
, 76
, 53
, 29
, 100
, 94
, 35
, 41
, 88
, 1
, 128
, 8
, 121
, 41
, 88
, 38
, 91
, 43
, 86
, 88
, 41
, 107
, 22
, 100
, 29
, 82
, 47
, 88
, 41
, 124
, 5
, 120
, 9
, 114
, 15
, 26
, 103
, 37
, 92
, 55
, 74
, 124
, 5
, 6
, 123
, 69
, 60
, 88
, 41
, 72
, 57
, 93
, 36
, 5
, 124
, 37
, 92
, 55
, 74
, 95
, 34
, 105
, 24
, 15
, 114
, 37
, 92
, 111
, 18
, 126
, 3
, 34
, 95
, 53
, 76
, 98
, 31
, 106
, 23
, 11
, 118
, 10
, 119
, 32
, 97
, 41
, 88
, 100
, 29
, 65
, 64
, 124
, 5
, 15
, 114
, 100
, 29
, 38
, 91
, 28
, 101
, 70
, 59
, 59
, 70
, 79
, 50
, 111
, 18
, 79
, 50
, 41
, 88
, 15
, 114
, 103
, 26
, 94
, 35
, 8
, 121
, 27
, 102
, 53
, 76
, 62
, 67
, 16
, 113
, 68
, 61
, 123
, 6
, 90
, 39
, 90
, 39
, 102
, 27
, 101
, 28
, 91
, 38
, 123
, 6
, 97
, 32
, 93
, 36
, 36
, 93
, 10
, 119
, 117
, 12
, 32
, 97
, 28
, 101
, 78
, 51
, 5
, 124
, 79
, 50
, 84
, 45
, 36
, 93
, 20
, 109
, 101
, 28
, 85
, 44
, 1
, 128
, 126
, 3
, 64
, 65
, 72
, 57
, 82
, 47
, 30
, 99
, 95
, 34
, 30
, 99
, 94
, 35
, 124
, 5
, 41
, 88
, 111
, 18
, 107
, 22
, 39
, 90
, 72
, 57
, 55
, 74
, 104
, 25
, 94
, 35
, 112
, 17
, 22
, 107
, 47
, 82
, 30
, 99
, 88
, 41
, 48
, 81
, 100
, 29
, 91
, 38
, 29
, 100
, 46
, 83
, 89
, 40
, 71
, 58
, 84
, 45
, 125
, 4
, 18
, 111
, 116
, 13
, 46
, 83
, 27
, 102
, 54
, 75
, 117
, 12
, 18
, 111
, 6
, 123
, 111
, 18
, 18
, 111
, 114
, 15
, 41
, 88
, 5
, 124
, 76
, 53
, 77
, 52
, 80
, 49
, 119
, 10
, 41
, 88
, 80
, 49
, 113
, 16
, 93
, 36
, 98
, 31
, 127
, 2
, 110
, 19
, 44
, 85
, 116
, 13
, 103
, 26
, 10
, 119
, 6
, 123
, 32
, 97
, 104
, 25
, 104
, 25
, 54
, 75
, 100
, 29
, 63
, 66
, 110
, 19
, 26
, 103
, 90
, 39
, 79
, 50
, 4
, 125
, 22
, 107
, 79
, 50
, 118
, 11
, 8
, 121
, 96
, 33
, 107
, 22
, 35
, 94
, 77
, 52
, 59
, 70
, 96
, 33
, 83
, 46
, 126
, 3
, 34
, 95
, 39
, 90
, 123
, 6
, 24
, 105
, 88
, 41
, 47
, 82
, 106
, 23
, 120
, 9
, 116
, 13
, 64
, 65
, 18
, 111
, 81
, 48
, 57
, 72
, 32
, 97
, 26
, 103
, 54
, 75
, 34
, 95
, 117
, 12
, 70
, 59
, 121
, 8
, 49
, 80
, 125
, 4
, 102
, 27
, 3
, 126
, 96
, 33
, 63
, 66
, 117
, 12
, 74
, 55
, 63
, 66
, 83
, 46
, 25
, 104
, 45
, 84
, 92
, 37
, 124
, 5
, 76
, 53
, 49
, 80
, 106
, 23
, 10
, 119
, 39
, 90
, 107
, 22
, 61
, 68
, 9
, 120
, 36
, 93
, 93
, 36
, 62
, 67
, 94
, 35
, 6
, 123
, 21
, 108
, 25
, 104
, 102
, 27
, 111
, 18
, 99
, 30
, 26
, 103
, 72
, 57
, 39
, 90
, 14
, 115
, 79
, 50
, 42
, 87
, 122
, 7
, 54
, 75
, 96
, 33
, 118
, 11
, 3
, 126
, 102
, 27
, 22
, 107
, 42
, 87
, 80
, 49
, 99
, 30
, 13
, 116
, 32
, 97
, 75
, 54
, 100
, 29
, 116
, 13
, 125
, 4
, 123
, 6
, 20
, 109
, 56
, 73
, 65
, 64
, 118
, 11
, 13
, 116
, 95
, 34
, 71
, 58
, 50
, 79
, 105
, 24
, 98
, 31
, 20
, 109
, 32
, 97
, 6
, 123
, 57
, 72
, 82
, 47
, 78
, 51
, 54
, 75
, 38
, 91
, 126
, 3
, 98
, 31
, 92
, 37
, 29
, 100
, 35
, 94
, 60
, 69
, 105
, 24
, 60
, 69
, 110
, 19
, 65
, 64
, 53
, 76
, 84
, 45
, 102
, 27
, 53
, 76
, 21
, 108
, 44
, 85
, 54
, 75
, 37
, 92
, 31
, 98
, 74
, 55
, 45
, 84
, 12
, 117
, 111
, 18
, 32
, 97
, 12
, 117
, 54
, 75
, 51
, 78
, 109
, 20
, 33
, 96
, 44
, 85
, 34
, 95
, 87
, 42
, 20
, 109
, 81
, 48
, 110
, 19
, 97
, 32
, 104
, 25
, 73
, 56
, 68
, 61
, 55
, 74
, 88
, 41
, 16
, 113
, 65
, 64
, 33
, 96
, 55
, 74
, 103
, 26
, 50
, 79
, 62
, 67
, 111
, 18
, 20
, 109
, 3
, 126
, 126
, 3
, 104
, 25
, 29
, 100
, 101
, 28
, 29
, 100
, 42
, 87
, 89
, 40
, 101
, 28
, 104
, 25
, 106
, 23
, 125
, 4
, 17
, 112
, 35
, 94
, 67
, 62
, 48
, 81
, 20
, 109
, 22
, 107
, 4
, 125
, 82
, 47
, 117
, 12
, 35
, 94
, 93
, 36
, 119
, 10
, 2
, 127
, 76
, 53
, 66
, 63
, 57
, 72
, 41
, 88
, 23
, 106
, 7
, 122
, 34
, 95
, 55
, 74
, 32
, 97
, 63
, 66
, 74
, 55
, 77
, 52
, 84
, 45
, 48
, 81
, 50
, 79
, 104
, 25
, 88
, 41
, 70
, 59
, 27
, 102
, 13
, 116
, 17
, 112
, 43
, 86
, 82
, 47
, 76
, 53
, 19
, 110
, 66
, 63
, 70
, 59
, 45
, 84
, 15
, 114
, 45
, 84
, 32
, 97
, 56
, 73
, 107
, 22
, 111
, 18
, 48
, 81
, 13
, 116
, 1
, 128
, 69
, 60
, 41
, 88
, 117
, 12
, 32
, 97
, 61
, 68
, 123
, 6
, 76
, 53
, 32
, 97
, 112
, 17
, 47
, 82
, 46
, 83
, 2
, 127
, 102
, 27
, 7
, 122
, 92
, 37
, 39
, 90
, 73
, 56
, 54
, 75
, 117
, 12
, 38
, 91
, 20
, 109
, 26
, 103
, 79
, 50
, 110
, 19
, 124
, 5
, 33
, 96
, 104
, 25
, 13
, 116
, 121
, 8
, 11
, 118
, 74
, 55
, 16
, 113
, 106
, 23
, 99
, 30
, 45
, 84
, 81
, 48
, 55
, 74
, 122
, 7
, 72
, 57
, 89
, 40
, 104
, 25
, 26
, 103
, 32
, 97
, 82
, 47
, 58
, 71
, 88
, 41
, 50
, 79
, 100
, 29
, 74
, 55
, 72
, 57
, 17
, 112
, 57
, 72
, 8
, 121
, 36
, 93
, 114
, 15
, 119
, 10
, 120
, 9
, 92
, 37
, 11
, 118
, 82
, 47
, 29
, 100
, 89
, 40
, 22
, 107
, 49
, 80
, 49
, 80
, 48
, 81
, 39
, 90
, 1
, 128
, 95
, 34
, 82
, 47
, 65
, 64
, 115
, 14
, 3
, 126
, 67
, 62
, 40
, 89
, 90
, 39
, 108
, 21
, 71
, 58
, 81
, 48
, 93
, 36
, 36
, 93
, 52
, 77
, 30
, 99
, 65
, 64
, 111
, 18
, 54
, 75
, 105
, 24
, 86
, 43
, 63
, 66
, 40
, 89
, 72
, 57
, 88
, 41
, 45
, 84
, 9
, 120
, 36
, 93
, 16
, 113
, 41
, 88
, 89
, 40
, 54
, 75
, 22
, 107
, 112
, 17
, 96
, 33
, 83
, 46
, 3
, 126
, 50
, 79
, 95
, 34
, 109
, 20
, 98
, 31
, 84
, 45
, 98
, 31
, 62
, 67
, 114
, 15
, 87
, 42
, 82
, 47
, 28
, 101
, 108
, 21
, 121
, 8
, 13
, 116
, 122
, 7
, 6
, 123
, 1
, 128
, 63
, 66
, 23
, 106
, 18
, 111
, 23
, 106
, 114
, 15
, 3
, 126
, 19
, 110
, 115
, 14
, 92
, 37
, 6
, 123
, 109
, 20
, 15
, 114
, 10
, 119
, 28
, 101
, 73
, 56
, 19
, 110
, 76
, 53
, 87
, 42
, 82
, 47
, 71
, 58
, 91
, 38
, 126
, 3
, 82
, 47
, 90
, 39
, 28
, 101
, 73
, 56
, 23
, 106
, 79
, 50
, 62
, 67
, 88
, 41
, 36
, 93
, 95
, 34
, 104
, 25
, 28
, 101
, 58
, 71
, 76
, 53
, 43
, 86
, 77
, 52
, 90
, 39
, 124
, 5
, 60
, 69
, 120
, 9
, 61
, 68
, 62
, 67
, 116
, 13
, 37
, 92
, 26
, 103
, 124
, 5
, 13
, 116
, 87
, 42
, 17
, 112
, 74
, 55
, 44
, 85
, 66
, 63
, 45
, 84
, 114
, 15
, 120
, 9
, 4
, 125
, 44
, 85
, 87
, 42
, 108
, 21
, 11
, 118
, 87
, 42
, 13
, 116
, 8
, 121
, 34
, 95
, 104
, 25
, 105
, 24
, 101
, 28
, 116
, 13
, 112
, 17
, 85
, 44
, 39
, 90
, 108
, 21
, 43
, 86
, 3
, 126
, 13
, 116
, 76
, 53
, 51
, 78
, 127
, 2
, 63
, 66
, 74
, 55
, 20
, 109
, 112
, 17
, 67
, 62
, 94
, 35
, 95
, 34
, 82
, 47
, 54
, 75
, 19
, 110
, 85
, 44
, 117
, 12
, 51
, 78
, 120
, 9
, 28
, 101
, 89
, 40
, 123
, 6
, 52
, 77
, 78
, 51
, 38
, 91
, 91
, 38
, 70
, 59
, 66
, 63
, 16
, 113
, 88
, 41
, 23
, 106
, 9
, 120
, 104
, 25
, 71
, 58
, 74
, 55
, 53
, 76
, 112
, 17
, 74
, 55
, 80
, 49
, 49
, 80
, 101
, 28
, 8
, 121
, 27
, 102
, 31
, 98
, 55
, 74
, 96
, 33
, 73
, 56
, 81
, 48
, 6
, 123
, 66
, 63
, 98
, 31
, 90
, 39
, 38
, 91
, 73
, 56
, 60
, 69
, 62
, 67
, 68
, 61
, 97
, 32
, 93
, 36
, 12
, 117
, 29
, 100
, 126
, 3
, 50
, 79
, 113
, 16
, 85
, 44
, 93
, 36
, 11
, 118
, 87
, 42
, 27
, 102
, 96
, 33
, 94
, 35
, 67
, 62
, 14
, 115
, 29
, 100
, 49
, 80
, 37
, 92
, 5
, 124
, 53
, 76
, 61
, 68
, 67
, 62
, 63
, 66
, 38
, 91
, 121
, 8
, 75
, 54
, 29
, 100
, 25
, 104
, 109
, 20
, 36
, 93
, 92
, 37
, 33
, 96
, 110
, 19
, 89
, 40
, 106
, 23
, 83
, 46
, 3
, 126
, 39
, 90
, 98
, 31
, 106
, 23
, 119
, 10
, 98
, 31
, 4
, 125
, 99
, 30
, 52
, 77
, 94
, 35
, 85
, 44
, 58
, 71
, 97
, 32
, 104
, 25
, 75
, 54
, 45
, 84
, 112
, 17
, 96
, 33
, 109
, 20
, 18
, 111
, 95
, 34
, 124
, 5
, 27
, 102
, 26
, 103
, 44
, 85
, 10
, 119
, 46
, 83
, 34
, 95
, 37
, 92
, 94
, 35
, 110
, 19
, 87
, 42
, 51
, 78
, 110
, 19
, 69
, 60
, 21
, 108
, 2
, 127
, 37
, 92
, 13
, 116
, 38
, 91
, 112
, 17
, 76
, 53
, 95
, 34
, 116
, 13
, 72
, 57
, 92
, 37
, 66
, 63
, 54
, 75
, 105
, 24
, 66
, 63
, 3
, 126
, 120
, 9
, 56
, 73
, 13
, 116
, 91
, 38
, 27
, 102
, 65
, 64
, 34
, 95
, 9
, 120
, 127
, 2
, 124
, 5
, 72
, 57
, 36
, 93
, 41
, 88
, 114
, 15
, 72
, 57
, 30
, 99
, 123
, 6
, 38
, 91
, 74
, 55
, 90
, 39
, 49
, 80
, 20
, 109
, 71
, 58
, 75
, 54
, 75
, 54
, 68
, 61
, 43
, 86
, 81
, 48
, 126
, 3
, 20
, 109
, 86
, 43
, 42
, 87
, 80
, 49
, 17
, 112
, 71
, 58
, 97
, 32
, 118
, 11
, 29
, 100
, 38
, 91
, 105
, 24
, 3
, 126
, 27
, 102
, 55
, 74
, 58
, 71
, 115
, 14
, 31
, 98
, 88
, 41
, 9
, 120
, 107
, 22
, 47
, 82
, 121
, 8
, 74
, 55
, 95
, 34
, 92
, 37
, 5
, 124
, 124
, 5
, 96
, 33
, 23
, 106
, 82
, 47
, 30
, 99
, 74
, 55
, 91
, 38
, 89
, 40
, 42
, 87
, 31
, 98
, 70
, 59
, 39
, 90
, 16
, 113
, 6
, 123
, 54
, 75
, 105
, 24
, 23
, 106
, 113
, 16
, 22
, 107
, 24
, 105
, 13
, 116
, 50
, 79
, 96
, 33
, 28
, 101
, 54
, 75
, 14
, 115
, 17
, 112
, 42
, 87
, 95
, 34
, 63
, 66
, 100
, 29
, 79
, 50
, 55
, 74
, 98
, 31
, 120
, 9
, 55
, 74
, 31
, 98
, 78
, 51
, 82
, 47
, 97
, 32
, 114
, 15
, 41
, 88
, 22
, 107
, 40
, 89
, 79
, 50
, 86
, 43
, 104
, 25
, 27
, 102
, 74
, 55
, 66
, 63
, 58
, 71
, 24
, 105
, 43
, 86
, 92
, 37
, 67
, 62
, 112
, 17
, 111
, 18
, 86
, 43
, 61
, 68
, 48
, 81
, 107
, 22
, 81
, 48
, 70
, 59
, 113
, 16
, 102
, 27
, 25
, 104
, 77
, 52
, 45
, 84
, 87
, 42
, 42
, 87
, 99
, 30
, 11
, 118
, 115
, 14
, 101
, 28
, 28
, 101
, 126
, 3
, 120
, 9
, 46
, 83
, 29
, 100
, 59
, 70
, 3
, 126
, 81
, 48
, 74
, 55
, 104
, 25
, 27
, 102
, 9
, 120
, 7
, 122
, 106
, 23
, 78
, 51
, 57
, 72
, 38
, 91
, 67
, 62
, 123
, 6
, 83
, 46
, 82
, 47
, 98
, 31
, 103
, 26
, 70
, 59
, 23
, 106
, 17
, 112
, 72
, 57
, 115
, 14
, 78
, 51
, 58
, 71
, 39
, 90
, 96
, 33
, 51
, 78
, 86
, 43
, 108
, 21
, 95
, 34
, 70
, 59
, 114
, 15
, 30
, 99
, 108
, 21
, 21
, 108
, 77
, 52
, 23
, 106
, 90
, 39
, 23
, 106
, 115
, 14
, 127
, 2
, 103
, 26
, 20
, 109
, 64
, 65
, 74
, 55
, 47
, 82
, 41
, 88
, 75
, 54
, 86
, 43
, 69
, 60
, 54
, 75
, 76
, 53
, 125
, 4
, 57
, 72
, 55
, 74
, 103
, 26
, 105
, 24
, 117
, 12
, 76
, 53
, 72
, 57
, 95
, 34
, 45
, 84
, 114
, 15
, 54
, 75
, 42
, 87
, 55
, 74
, 27
, 102
, 86
, 43
, 11
, 118
, 55
, 74
, 112
, 17
, 18
, 111
, 85
, 44
, 65
, 64
, 53
, 76
, 27
, 102
, 104
, 25
, 108
, 21
, 110
, 19
, 34
, 95
, 53
, 76
, 7
, 122
, 96
, 33
, 86
, 43
, 103
, 26
, 74
, 55
, 63
, 66
, 62
, 67
, 7
, 122
, 126
, 3
, 21
, 108
, 45
, 84
, 62
, 67
, 14
, 115
, 28
, 101
, 17
, 112
, 102
, 27
, 110
, 19
, 89
, 40
, 88
, 41
, 70
, 59
, 112
, 17
, 11
, 118
, 47
, 82
, 115
, 14
, 115
, 14
, 126
, 3
, 29
, 100
, 112
, 17
, 56
, 73
, 15
, 114
, 121
, 8
, 8
, 121
, 52
, 77
, 69
, 60
, 18
, 111
, 32
, 97
, 98
, 31
, 108
, 21
, 105
, 24
, 112
, 17
, 19
, 110
, 113
, 16
, 9
, 120
, 87
, 42
, 41
, 88
, 43
, 86
, 1
, 128
, 6
, 123
, 72
, 57
, 36
, 93
, 126
, 3
, 60
, 69
, 44
, 85
, 86
, 43
, 27
, 102
, 30
, 99
, 116
, 13
, 99
, 30
, 25
, 104
, 41
, 88
, 20
, 109
, 107
, 22
, 30
, 99
, 99
, 30
, 90
, 39
, 77
, 52
, 63
, 66
, 12
, 117
, 32
, 97
, 28
, 101
, 35
, 94
, 123
, 6
, 67
, 62
, 92
, 37
, 92
, 37
, 91
, 38
, 18
, 111
, 85
, 44
, 86
, 43
, 114
, 15
, 117
, 12
, 66
, 63
, 23
, 106
, 71
, 58
, 38
, 91
, 70
, 59
, 39
, 90
, 75
, 54
, 67
, 62
, 76
, 53
, 103
, 26
, 82
, 47
, 1
, 128
, 51
, 78
, 43
, 86
, 65
, 64
, 41
, 88
, 98
, 31
, 41
, 88
, 21
, 108
, 37
, 92
, 62
, 67
, 104
, 25
, 69
, 60
, 93
, 36
, 69
, 60
, 63
, 66
, 93
, 36
, 69
, 60
, 62
, 67
, 91
, 38
, 51
, 78
, 124
, 5
, 87
, 42
, 69
, 60
, 117
, 12
, 17
, 112
, 53
, 76
, 36
, 93
, 44
, 85
, 30
, 99
, 39
, 90
, 18
, 111
, 4
, 125
, 75
, 54
, 5
, 124
, 88
, 41
, 12
, 117
, 114
, 15
, 115
, 14
, 121
, 8
, 12
, 117
, 121
, 8
, 79
, 50
, 117
, 12
, 26
, 103
, 70
, 59
, 80
, 49
, 33
, 96
, 97
, 32
, 79
, 50
, 101
, 28
, 94
, 35
, 18
, 111
, 122
, 7
, 83
, 46
, 34
, 95
, 75
, 54
, 2
, 127
, 51
, 78
, 10
, 119
, 68
, 61
, 119
, 10
, 1
, 128
, 55
, 74
, 68
, 61
, 37
, 92
, 62
, 67
, 122
, 7
, 104
, 25
, 4
, 125
, 48
, 81
, 44
, 85
, 103
, 26
, 34
, 95
, 26
, 103
, 83
, 46
, 63
, 66
, 12
, 117
, 20
, 109
, 60
, 69
, 96
, 33
, 18
, 111
, 73
, 56
, 104
, 25
, 40
, 89
, 73
, 56
, 64
, 65
, 38
, 91
, 91
, 38
, 93
, 36
, 64
, 65
, 59
, 70
, 20
, 109
, 34
, 95
, 2
, 127
, 84
, 45
, 117
, 12
, 39
, 90
, 65
, 64
, 113
, 16
, 7
, 122
, 17
, 112
, 24
, 105
, 103
, 26
, 117
, 12
, 36
, 93
, 72
, 57
, 27
, 102
, 59
, 70
, 49
, 80
, 13
, 116
, 127
, 2
, 107
, 22
, 15
, 114
, 62
, 67
, 106
, 23
, 91
, 38
, 41
, 88
, 102
, 27
, 88
, 41
, 108
, 21
, 20
, 109
, 110
, 19
, 75
, 54
, 120
, 9
, 42
, 87
, 118
, 11
, 33
, 96
, 78
, 51
, 72
, 57
, 114
, 15
, 58
, 71
, 99
, 30
, 111
, 18
, 32
, 97
, 32
, 97
, 54
, 75
, 90
, 39
, 77
, 52
, 14
, 115
, 113
, 16
, 5
, 124
, 1
, 128
, 90
, 39
, 116
, 13
, 7
, 122
, 42
, 87
, 99
, 30
, 16
, 113
, 31
, 98
, 46
, 83
, 23
, 106
, 116
, 13
, 21
, 108
, 29
, 100
, 56
, 73
, 105
, 24
, 111
, 18
, 24
, 105
, 86
, 43
, 34
, 95
, 38
, 91
, 50
, 79
, 56
, 73
, 16
, 113
, 107
, 22
, 29
, 100
, 32
, 97
, 14
, 115
, 69
, 60
, 55
, 74
, 53
, 76
, 27
, 102
, 59
, 70
, 25
, 104
, 108
, 21
, 50
, 79
, 110
, 19
, 30
, 99
, 88
, 41
, 109
, 20
, 33
, 96
, 126
, 3
, 24
, 105
, 23
, 106
, 20
, 109
, 126
, 3
, 25
, 104
, 123
, 6
, 117
, 12
, 90
, 39
, 26
, 103
, 68
, 61
, 24
, 105
, 124
, 5
, 15
, 114
, 81
, 48
, 97
, 32
, 66
, 63
, 81
, 48
, 108
, 21
, 5
, 124
, 57
, 72
, 90
, 39
, 68
, 61
, 30
, 99
, 28
, 101
, 61
, 68
, 68
, 61
, 57
, 72
, 28
, 101
, 64
, 65
, 39
, 90
, 34
, 95
, 98
, 31
, 126
, 3
, 107
, 22
, 120
, 9
, 5
, 124
, 127
, 2
, 103
, 26
, 32
, 97
, 85
, 44
, 72
, 57
, 81
, 48
, 117
, 12
, 80
, 49
, 21
, 108
, 119
, 10
, 113
, 16
, 100
, 29
, 77
, 52
, 78
, 51
, 57
, 72
, 41
, 88
, 83
, 46
, 43
, 86
, 9
, 120
, 1
, 128
, 79
, 50
, 122
, 7
, 67
, 62
, 21
, 108
, 36
, 93
, 94
, 35
, 109
, 20
, 50
, 79
, 60
, 69
, 42
, 87
, 13
, 116
, 122
, 7
, 14
, 115
, 27
, 102
, 90
, 39
, 69
, 60
, 100
, 29
, 83
, 46
, 91
, 38
, 105
, 24
, 69
, 60
, 56
, 73
, 6
, 123
, 73
, 56
, 103
, 26
, 83
, 46
, 49
, 80
, 34
, 95
, 109
, 20
, 116
, 13
, 18
, 111
, 66
, 63
, 78
, 51
, 39
, 90
, 43
, 86
, 63
, 66
, 105
, 24
, 125
, 4
, 41
, 88
, 32
, 97
, 84
, 45
, 123
, 6
, 9
, 120
, 16
, 113
, 19
, 110
, 120
, 9
, 117
, 12
, 12
, 117
, 50
, 79
, 90
, 39
, 92
, 37
, 35
, 94
, 8
, 121
, 4
, 125
, 25
, 104
, 68
, 61
, 105
, 24
, 99
, 30
, 39
, 90
, 32
, 97
, 96
, 33
, 22
, 107
, 43
, 86
, 62
, 67
, 52
, 77
, 106
, 23
, 55
, 74
, 115
, 14
, 66
, 63
, 93
, 36
, 75
, 54
, 30
, 99
, 122
, 7
, 124
, 5
, 59
, 70
, 82
, 47
, 45
, 84
, 27
, 102
, 90
, 39
, 95
, 34
, 23
, 106
, 63
, 66
, 67
, 62
, 89
, 40
, 126
, 3
, 124
, 5
, 78
, 51
, 7
, 122
, 52
, 77
, 83
, 46
, 47
, 82
, 72
, 57
, 120
, 9
, 52
, 77
, 15
, 114
, 13
, 116
, 8
, 121
, 91
, 38
, 72
, 57
, 33
, 96
, 113
, 16
, 10
, 119
, 72
, 57
, 22
, 107
, 97
, 32
, 49
, 80
, 51
, 78
, 40
, 89
, 28
, 101
, 31
, 98
, 23
, 106
, 83
, 46
, 109
, 20
, 86
, 43
, 72
, 57
, 123
, 6
, 44
, 85
, 119
, 10
, 28
, 101
, 16
, 113
, 30
, 99
, 65
, 64
, 90
, 39
, 42
, 87
, 105
, 24
, 40
, 89
, 36
, 93
, 85
, 44
, 31
, 98
, 3
, 126
, 12
, 117
, 79
, 50
, 88
, 41
, 40
, 89
, 3
, 126
, 54
, 75
, 30
, 99
, 23
, 106
, 52
, 77
, 40
, 89
, 115
, 14
, 54
, 75
, 29
, 100
, 38
, 91
, 43
, 86
, 106
, 23
, 9
, 120
, 98
, 31
, 103
, 26
, 82
, 47
, 28
, 101
, 32
, 97
, 119
, 10
, 52
, 77
, 6
, 123
, 95
, 34
, 96
, 33
, 106
, 23
, 91
, 38
, 125
, 4
, 111
, 18
, 119
, 10
, 41
, 88
, 51
, 78
, 21
, 108
, 69
, 60
, 98
, 31
, 87
, 42
, 25
, 104
, 3
, 126
, 59
, 70
, 34
, 95
, 17
, 112
, 49
, 80
, 8
, 121
, 33
, 96
, 25
, 104
, 67
, 62
, 102
, 27
, 122
, 7
, 33
, 96
, 106
, 23
, 1
, 128
, 3
, 126
, 123
, 6
, 9
, 120
, 54
, 75
, 16
, 113
, 75
, 54
, 31
, 98
, 69
, 60
, 7
, 122
, 10
, 119
, 16
, 113
, 55
, 74
, 24
, 105
, 17
, 112
, 8
, 121
, 86
, 43
, 46
, 83
, 35
, 94
, 1
, 128
, 67
, 62
, 40
, 89
, 92
, 37
, 13
, 116
, 74
, 55
, 62
, 67
, 123
, 6
, 112
, 17
, 101
, 28
, 15
, 114
, 8
, 121
, 124
, 5
, 25
, 104
, 37
, 92
, 123
, 6
, 113
, 16
, 83
, 46
, 121
, 8
, 11
, 118
, 45
, 84
, 115
, 14
, 60
, 69
, 98
, 31
, 4
, 125
, 32
, 97
, 56
, 73
, 7
, 122
, 45
, 84
, 34
, 95
, 125
, 4
, 77
, 52
, 105
, 24
, 75
, 54
, 73
, 56
, 70
, 59
, 26
, 103
, 121
, 8
, 29
, 100
, 108
, 21
, 18
, 111
, 87
, 42
, 107
, 22
, 27
, 102
, 50
, 79
, 7
, 122
, 118
, 11
, 56
, 73
, 113
, 16
, 4
, 125
, 110
, 19
, 22
, 107
, 8
, 121
, 31
, 98
, 10
, 119
, 109
, 20
, 70
, 59
, 14
, 115
, 95
, 34
, 113
, 16
, 4
, 125
, 48
, 81
, 116
, 13
, 101
, 28
, 84
, 45
, 49
, 80
, 86
, 43
, 22
, 107
, 48
, 81
, 32
, 97
, 34
, 95
, 41
, 88
, 127
, 2
, 34
, 95
, 46
, 83
, 29
, 100
, 84
, 45
, 126
, 3
, 57
, 72
, 30
, 99
, 23
, 106
, 32
, 97
, 110
, 19
, 36
, 93
, 94
, 35
, 4
, 125
, 12
, 117
, 26
, 103
, 111
, 18
, 118
, 11
, 103
, 26
, 82
, 47
, 57
, 72
, 14
, 115
, 9
, 120
, 103
, 26
, 126
, 3
, 31
, 98
, 91
, 38
, 124
, 5
, 51
, 78
, 30
, 99
, 99
, 30
, 55
, 74
, 86
, 43
, 106
, 23
, 124
, 5
, 68
, 61
, 40
, 89
, 96
, 33
, 120
, 9
, 96
, 33
, 3
, 126
, 65
, 64
, 11
, 118
, 96
, 33
, 83
, 46
, 33
, 96
, 127
, 2
, 53
, 76
, 79
, 50
, 88
, 41
, 110
, 19
, 76
, 53
, 49
, 80
, 73
, 56
, 115
, 14
, 110
, 19
, 39
, 90
, 57
, 72
, 30
, 99
, 28
, 101
, 23
, 106
, 117
, 12
, 93
, 36
, 117
, 12
, 20
, 109
, 88
, 41
, 110
, 19
, 67
, 62
, 10
, 119
, 5
, 124
, 73
, 56
, 23
, 106
, 99
, 30
, 27
, 102
, 90
, 39
, 103
, 26
, 34
, 95
, 52
, 77
, 21
, 108
, 90
, 39
, 120
, 9
, 7
, 122
, 44
, 85
, 123
, 6
, 26
, 103
, 62
, 67
, 28
, 101
, 75
, 54
, 25
, 104
, 3
, 126
, 36
, 93
, 127
, 2
, 49
, 80
, 30
, 99
, 12
, 117
, 95
, 34
, 99
, 30
, 27
, 102
, 104
, 25
, 60
, 69
, 2
, 127
, 18
, 111
, 50
, 79
, 95
, 34
, 81
, 48
, 127
, 2
, 5
, 124
, 110
, 19
, 107
, 22
, 30
, 99
, 22
, 107
, 50
, 79
, 50
, 79
, 73
, 56
, 123
, 6
, 91
, 38
, 114
, 15
, 112
, 17
, 13
, 116
, 47
, 82
, 21
, 108
, 6
, 123
, 110
, 19
, 99
, 30
, 86
, 43
, 51
, 78
, 42
, 87
, 123
, 6
, 100
, 29
, 23
, 106
, 68
, 61
, 8
, 121
, 97
, 32
, 6
, 123
, 26
, 103
, 5
, 124
, 126
, 3
, 2
, 127
, 24
, 105
, 4
, 125
, 40
, 89
, 100
, 29
, 71
, 58
, 87
, 42
, 47
, 82
, 80
, 49
, 108
, 21
, 91
, 38
, 80
, 49
, 21
, 108
, 91
, 38
, 1
, 128
, 88
, 41
, 58
, 71
, 6
, 123
, 14
, 115
, 43
, 86
, 41
, 88
, 82
, 47
, 126
, 3
, 52
, 77
, 91
, 38
, 48
, 81
, 37
, 92
, 9
, 120
, 92
, 37
, 42
, 87
, 119
, 10
, 113
, 16
, 100
, 29
, 83
, 46
, 50
, 79
, 37
, 92
, 78
, 51
, 125
, 4
, 84
, 45
, 70
, 59
, 27
, 102
, 17
, 112
, 71
, 58
, 114
, 15
, 114
, 15
, 69
, 60
, 49
, 80
, 103
, 26
, 91
, 38
, 93
, 36
, 117
, 12
, 102
, 27
, 36
, 93
, 101
, 28
, 74
, 55
, 53
, 76
, 55
, 74
, 56
, 73
, 127
, 2
, 3
, 126
, 18
, 111
, 71
, 58
, 46
, 83
, 91
, 38
, 45
, 84
, 38
, 91
, 123
, 6
, 62
, 67
, 106
, 23
, 10
, 119
, 26
, 103
, 96
, 33
, 85
, 44
, 34
, 95
, 77
, 52
, 37
, 92
, 34
, 95
, 55
, 74
, 112
, 17
, 84
, 45
, 81
, 48
, 81
, 48
, 77
, 52
, 14
, 115
, 114
, 15
, 28
, 101
, 5
, 124
, 61
, 68
, 44
, 85
, 47
, 82
, 42
, 87
, 127
, 2
, 99
, 30
, 83
, 46
, 114
, 15
, 46
, 83
, 88
, 41
, 92
, 37
, 121
, 8
, 24
, 105
, 64
, 65
, 111
, 18
, 43
, 86
, 15
, 114
, 72
, 57
, 73
, 56
, 112
, 17
, 101
, 28
, 4
, 125
, 84
, 45
, 40
, 89
, 45
, 84
, 19
, 110
, 76
, 53
, 20
, 109
, 75
, 54
, 121
, 8
, 78
, 51
, 53
, 76
, 47
, 82
, 93
, 36
, 101
, 28
, 91
, 38
, 86
, 43
, 73
, 56
, 90
, 39
, 24
, 105
, 46
, 83
, 75
, 54
, 19
, 110
, 83
, 46
, 91
, 38
, 19
, 110
, 109
, 20
, 20
, 109
, 118
, 11
, 33
, 96
, 56
, 73
, 111
, 18
, 43
, 86
, 93
, 36
, 80
, 49
, 6
, 123
, 99
, 30
, 71
, 58
, 96
, 33
, 126
, 3
, 19
, 110
, 119
, 10
, 124
, 5
, 113
, 16
, 95
, 34
, 47
, 82
, 122
, 7
, 116
, 13
, 67
, 62
, 124
, 5
, 34
, 95
, 10
, 119
, 70
, 59
, 22
, 107
, 120
, 9
, 27
, 102
, 23
, 106
, 17
, 112
, 63
, 66
, 66
, 63
, 94
, 35
, 75
, 54
, 48
, 81
, 26
, 103
, 9
, 120
, 50
, 79
, 31
, 98
, 40
, 89
, 54
, 75
, 43
, 86
, 9
, 120
, 40
, 89
, 83
, 46
, 73
, 56
, 38
, 91
, 79
, 50
, 17
, 112
, 42
, 87
, 27
, 102
, 124
, 5
, 57
, 72
, 77
, 52
, 79
, 50
, 113
, 16
, 120
, 9
, 76
, 53
, 42
, 87
, 74
, 55
, 82
, 47
, 94
, 35
, 48
, 81
, 55
, 74
, 72
, 57
, 69
, 60
, 53
, 76
, 15
, 114
, 105
, 24
, 5
, 124
, 35
, 94
, 125
, 4
, 39
, 90
, 13
, 116
, 111
, 18
, 106
, 23
, 91
, 38
, 1
, 128
, 61
, 68
, 81
, 48
, 69
, 60
, 54
, 75
, 73
, 56
, 37
, 92
, 49
, 80
, 22
, 107
, 14
, 115
, 108
, 21
, 40
, 89
, 35
, 94
, 112
, 17
, 79
, 50
, 50
, 79
, 25
, 104
, 116
, 13
, 12
, 117
, 79
, 50
, 15
, 114
, 18
, 111
, 76
, 53
, 55
, 74
, 8
, 121
, 31
, 98
, 42
, 87
, 10
, 119
, 71
, 58
, 92
, 37
, 123
, 6
, 8
, 121
, 115
, 14
, 31
, 98
, 56
, 73
, 103
, 26
, 37
, 92
, 42
, 87
, 55
, 74
, 39
, 90
, 95
, 34
, 68
, 61
, 98
, 31
, 116
, 13
, 102
, 27
, 72
, 57
, 16
, 113
, 6
, 123
, 114
, 15
, 69
, 60
, 121
, 8
, 113
, 16
, 116
, 13
, 83
, 46
, 64
, 65
, 36
, 93
, 24
, 105
, 17
, 112
, 60
, 69
, 61
, 68
, 122
, 7
, 10
, 119
, 97
, 32
, 4
, 125
, 4
, 125
, 33
, 96
, 89
, 40
, 103
, 26
, 37
, 92
, 62
, 67
, 53
, 76
, 16
, 113
, 125
, 4
, 122
, 7
, 5
, 124
, 34
, 95
, 108
, 21
, 22
, 107
, 112
, 17
, 32
, 97
, 39
, 90
, 37
, 92
, 29
, 100
, 82
, 47
, 124
, 5
, 41
, 88
, 125
, 4
, 101
, 28
, 6
, 123
, 88
, 41
, 122
, 7
, 74
, 55
, 116
, 13
, 5
, 124
, 122
, 7
, 21
, 108
, 70
, 59
, 61
, 68
, 72
, 57
, 74
, 55
, 32
, 97
, 124
, 5
, 34
, 95
, 124
, 5
, 55
, 74
, 9
, 120
, 71
, 58
, 57
, 72
, 74
, 55
, 41
, 88
, 62
, 67
, 99
, 30
, 112
, 17
, 63
, 66
, 53
, 76
, 83
, 46
, 102
, 27
, 24
, 105
, 27
, 102
, 16
, 113
, 38
, 91
, 19
, 110
, 77
, 52
, 32
, 97
, 104
, 25
, 55
, 74
, 64
, 65
, 82
, 47
, 61
, 68
, 47
, 82
, 21
, 108
, 120
, 9
, 86
, 43
, 53
, 76
, 90
, 39
, 37
, 92
, 78
, 51
, 80
, 49
, 68
, 61
, 112
, 17
, 63
, 66
, 93
, 36
, 65
, 64
, 50
, 79
, 4
, 125
, 15
, 114
, 70
, 59
, 115
, 14
, 49
, 80
, 93
, 36
, 36
, 93
, 73
, 56
, 91
, 38
, 32
, 97
, 51
, 78
, 31
, 98
, 95
, 34
, 37
, 92
, 52
, 77
, 15
, 114
, 15
, 114
, 88
, 41
, 54
, 75
, 34
, 95
, 27
, 102
, 13
, 116
, 84
, 45
, 103
, 26
, 93
, 36
, 12
, 117
, 67
, 62
, 63
, 66
, 14
, 115
, 56
, 73
, 63
, 66
, 63
, 66
, 24
, 105
, 44
, 85
, 109
, 20
, 3
, 126
, 74
, 55
, 6
, 123
, 76
, 53
, 127
, 2
, 19
, 110
, 18
, 111
, 106
, 23
, 21
, 108
, 66
, 63
, 26
, 103
, 102
, 27
, 37
, 92
, 24
, 105
, 10
, 119
, 48
, 81
, 86
, 43
, 93
, 36
, 27
, 102
, 126
, 3
, 80
, 49
, 42
, 87
, 19
, 110
, 71
, 58
, 115
, 14
, 39
, 90
, 46
, 83
, 49
, 80
, 119
, 10
, 97
, 32
, 84
, 45
, 74
, 55
, 101
, 28
, 49
, 80
, 121
, 8
, 87
, 42
, 59
, 70
, 37
, 92
, 82
, 47
, 43
, 86
, 29
, 100
, 62
, 67
, 122
, 7
, 126
, 3
, 30
, 99
, 4
, 125
, 8
, 121
, 41
, 88
, 33
, 96
, 70
, 59
, 36
, 93
, 118
, 11
, 35
, 94
, 37
, 92
, 28
, 101
, 4
, 125
, 77
, 52
, 88
, 41
, 60
, 69
, 53
, 76
, 42
, 87
, 112
, 17
, 32
, 97
, 46
, 83
, 61
, 68
, 48
, 81
, 125
, 4
, 16
, 113
, 69
, 60
, 43
, 86
, 74
, 55
, 124
, 5
, 36
, 93
, 35
, 94
, 81
, 48
, 16
, 113
, 101
, 28
, 9
, 120
, 96
, 33
, 111
, 18
, 28
, 101
, 37
, 92
, 101
, 28
, 101
, 28
, 112
, 17
, 108
, 21
, 73
, 56
, 105
, 24
, 22
, 107
, 61
, 68
, 58
, 71
, 105
, 24
, 43
, 86
, 59
, 70
, 80
, 49
, 67
, 62
, 35
, 94
, 40
, 89
, 61
, 68
, 43
, 86
, 125
, 4
, 26
, 103
, 95
, 34
, 62
, 67
, 59
, 70
, 19
, 110
, 44
, 85
, 11
, 118
, 117
, 12
, 11
, 118
, 115
, 14
, 12
, 117
, 53
, 76
, 81
, 48
, 50
, 79
, 14
, 115
, 36
, 93
, 3
, 126
, 48
, 81
, 125
, 4
, 36
, 93
, 114
, 15
, 30
, 99
, 22
, 107
, 97
, 32
, 35
, 94
, 66
, 63
, 88
, 41
, 96
, 33
, 126
, 3
, 68
, 61
, 80
, 49
, 121
, 8
, 36
, 93
, 96
, 33
, 69
, 60
, 39
, 90
, 121
, 8
, 74
, 55
, 121
, 8
, 119
, 10
, 82
, 47
, 88
, 41
, 33
, 96
, 113
, 16
, 14
, 115
, 25
, 104
, 49
, 80
, 84
, 45
, 8
, 121
, 120
, 9
, 51
, 78
, 46
, 83
, 17
, 112
, 120
, 9
, 2
, 127
, 118
, 11
, 114
, 15
, 13
, 116
, 63
, 66
, 3
, 126
, 88
, 41
, 118
, 11
, 4
, 125
, 64
, 65
, 35
, 94
, 6
, 123
, 43
, 86
, 51
, 78
, 118
, 11
, 91
, 38
, 51
, 78
, 59
, 70
, 28
, 101
, 44
, 85
, 73
, 56
, 51
, 78
, 124
, 5
, 123
, 6
, 95
, 34
, 119
, 10
, 62
, 67
, 92
, 37
, 44
, 85
, 54
, 75
, 52
, 77
, 91
, 38
, 87
, 42
, 57
, 72
, 36
, 93
, 75
, 54
, 92
, 37
, 98
, 31
, 76
, 53
, 105
, 24
, 11
, 118
, 91
, 38
, 125
, 4
, 91
, 38
, 98
, 31
, 101
, 28
, 84
, 45
, 63
, 66
, 10
, 119
, 24
, 105
, 123
, 6
, 36
, 93
, 111
, 18
, 56
, 73
, 31
, 98
, 11
, 118
, 93
, 36
, 88
, 41
, 109
, 20
, 106
, 23
, 32
, 97
, 105
, 24
, 54
, 75
, 92
, 37
, 46
, 83
, 83
, 46
, 27
, 102
, 89
, 40
, 77
, 52
, 38
, 91
, 4
, 125
, 21
, 108
, 81
, 48
, 67
, 62
, 24
, 105
, 59
, 70
, 115
, 14
, 40
, 89
, 37
, 92
, 20
, 109
, 109
, 20
, 125
, 4
, 10
, 119
, 90
, 39
, 88
, 41
, 94
, 35
, 10
, 119
, 21
, 108
, 47
, 82
, 122
, 7
, 107
, 22
, 14
, 115
, 120
, 9
, 75
, 54
, 100
, 29
, 28
, 101
, 110
, 19
, 110
, 19
, 85
, 44
, 127
, 2
, 109
, 20
, 57
, 72
, 20
, 109
, 75
, 54
, 5
, 124
, 103
, 26
, 69
, 60
, 11
, 118
, 80
, 49
, 67
, 62
, 63
, 66
, 58
, 71
, 77
, 52
, 104
, 25
, 15
, 114
, 41
, 88
, 20
, 109
, 107
, 22
, 17
, 112
, 52
, 77
, 74
, 55
, 42
, 87
, 114
, 15
, 67
, 62
, 14
, 115
, 105
, 24
, 82
, 47
, 39
, 90
, 110
, 19
, 42
, 87
, 54
, 75
, 30
, 99
, 126
, 3
, 43
, 86
, 18
, 111
, 94
, 35
, 105
, 24
, 116
, 13
, 12
, 117
, 114
, 15
, 92
, 37
, 72
, 57
, 28
, 101
, 50
, 79
, 44
, 85
, 45
, 84
, 43
, 86
, 127
, 2
, 30
, 99
, 108
, 21
, 107
, 22
, 56
, 73
, 9
, 120
, 15
, 114
, 37
, 92
, 65
, 64
, 118
, 11
, 5
, 124
, 109
, 20
, 51
, 78
, 20
, 109
, 30
, 99
, 33
, 96
, 123
, 6
, 90
, 39
, 77
, 52
, 75
, 54
, 48
, 81
, 95
, 34
, 77
, 52
, 59
, 70
, 103
, 26
, 124
, 5
, 66
, 63
, 82
, 47
, 101
, 28
, 93
, 36
, 28
, 101
, 48
, 81
, 9
, 120
, 17
, 112
, 118
, 11
, 68
, 61
, 99
, 30
, 15
, 114
, 22
, 107
, 108
, 21
, 31
, 98
, 24
, 105
, 45
, 84
, 49
, 80
, 102
, 27
, 36
, 93
, 111
, 18
, 120
, 9
, 91
, 38
, 74
, 55
, 95
, 34
, 117
, 12
, 113
, 16
, 68
, 61
, 58
, 71
, 116
, 13
, 26
, 103
, 116
, 13
, 46
, 83
, 87
, 42
, 43
, 86
, 80
, 49
, 39
, 90
, 81
, 48
, 89
, 40
, 34
, 95
, 68
, 61
, 57
, 72
, 92
, 37
, 35
, 94
, 95
, 34
, 21
, 108
, 37
, 92
, 124
, 5
, 111
, 18
, 102
, 27
, 126
, 3
, 87
, 42
, 105
, 24
, 33
, 96
, 3
, 126
, 2
, 127
, 91
, 38
, 78
, 51
, 20
, 109
, 55
, 74
, 116
, 13
, 83
, 46
, 18
, 111
, 20
, 109
, 66
, 63
, 118
, 11
, 49
, 80
, 47
, 82
, 79
, 50
, 99
, 30
, 56
, 73
, 56
, 73
, 110
, 19
, 95
, 34
, 9
, 120
, 126
, 3
, 94
, 35
, 82
, 47
, 98
, 31
, 116
, 13
, 74
, 55
, 86
, 43
, 71
, 58
, 34
, 95
, 92
, 37
, 114
, 15
, 55
, 74
, 21
, 108
, 46
, 83
, 78
, 51
, 15
, 114
, 36
, 93
, 38
, 91
, 14
, 115
, 71
, 58
, 91
, 38
, 81
, 48
, 14
, 115
, 13
, 116
, 80
, 49
, 85
, 44
, 112
, 17
, 74
, 55
, 15
, 114
, 60
, 69
, 87
, 42
, 89
, 40
, 111
, 18
, 33
, 96
, 106
, 23
, 103
, 26
, 92
, 37
, 23
, 106
, 23
, 106
, 93
, 36
, 58
, 71
, 63
, 66
, 102
, 27
, 65
, 64
, 49
, 80
, 20
, 109
, 43
, 86
, 85
, 44
, 79
, 50
, 91
, 38
, 44
, 85
, 99
, 30
, 127
, 2
, 8
, 121
, 75
, 54
, 44
, 85
, 116
, 13
, 65
, 64
, 123
, 6
, 109
, 20
, 125
, 4
, 28
, 101
, 46
, 83
, 100
, 29
, 50
, 79
, 72
, 57
, 119
, 10
, 45
, 84
, 7
, 122
, 80
, 49
, 27
, 102
, 69
, 60
, 87
, 42
, 113
, 16
, 3
, 126
, 34
, 95
, 6
, 123
, 103
, 26
, 27
, 102
, 69
, 60
, 100
, 29
, 6
, 123
, 12
, 117
, 29
, 100
, 84
, 45
, 53
, 76
, 89
, 40
, 15
, 114
, 1
, 128
, 61
, 68
, 124
, 5
, 66
, 63
, 109
, 20
, 16
, 113
, 117
, 12
, 96
, 33
, 92
, 37
, 48
, 81
, 62
, 67
, 83
, 46
, 96
, 33
, 23
, 106
, 52
, 77
, 103
, 26
, 105
, 24
, 91
, 38
, 93
, 36
, 4
, 125
, 108
, 21
, 99
, 30
, 72
, 57
, 24
, 105
, 18
, 111
, 24
, 105
, 84
, 45
, 55
, 74
, 88
, 41
, 35
, 94
, 85
, 44
, 68
, 61
, 32
, 97
, 4
, 125
, 18
, 111
, 14
, 115
, 88
, 41
, 48
, 81
, 112
, 17
, 111
, 18
, 27
, 102
, 126
, 3
, 76
, 53
, 78
, 51
, 115
, 14
, 126
, 3
, 50
, 79
, 58
, 71
, 120
, 9
, 62
, 67
, 3
, 126
, 18
, 111
, 34
, 95
, 44
, 85
, 33
, 96
, 37
, 92
, 80
, 49
, 125
, 4
, 72
, 57
, 70
, 59
, 113
, 16
, 60
, 69
, 15
, 114
, 101
, 28
, 10
, 119
, 100
, 29
, 19
, 110
, 9
, 120
, 27
, 102
, 107
, 22
, 26
, 103
, 65
, 64
, 8
, 121
, 67
, 62
, 116
, 13
, 60
, 69
, 43
, 86
, 37
, 92
, 71
, 58
, 52
, 77
, 15
, 114
, 80
, 49
, 27
, 102
, 4
, 125
, 13
, 116
, 64
, 65
, 1
, 128
, 88
, 41
, 119
, 10
, 112
, 17
, 43
, 86
, 24
, 105
, 79
, 50
, 10
, 119
, 100
, 29
, 81
, 48
, 119
, 10
, 10
, 119
, 95
, 34
, 49
, 80
, 102
, 27
, 30
, 99
, 69
, 60
, 79
, 50
, 62
, 67
, 102
, 27
, 52
, 77
, 81
, 48
, 110
, 19
, 62
, 67
, 46
, 83
, 64
, 65
, 66
, 63
, 108
, 21
, 75
, 54
, 31
, 98
, 107
, 22
, 60
, 69
, 110
, 19
, 47
, 82
, 96
, 33
, 1
, 128
, 61
, 68
, 27
, 102
, 63
, 66
, 16
, 113
, 45
, 84
, 47
, 82
, 94
, 35
, 78
, 51
, 61
, 68
, 67
, 62
, 61
, 68
, 65
, 64
, 13
, 116
, 119
, 10
, 71
, 58
, 28
, 101
, 81
, 48
, 87
, 42
, 125
, 4
, 78
, 51
, 111
, 18
, 40
, 89
, 15
, 114
, 43
, 86
, 127
, 2
, 37
, 92
, 51
, 78
, 26
, 103
, 75
, 54
, 4
, 125
, 75
, 54
, 100
, 29
, 21
, 108
, 14
, 115
, 127
, 2
, 88
, 41
, 123
, 6
, 113
, 16
, 56
, 73
, 54
, 75
, 52
, 77
, 113
, 16
, 88
, 41
, 51
, 78
, 71
, 58
, 50
, 79
, 115
, 14
, 100
, 29
, 73
, 56
, 110
, 19
, 114
, 15
, 49
, 80
, 93
, 36
, 95
, 34
, 63
, 66
, 21
, 108
, 9
, 120
, 67
, 62
, 90
, 39
, 34
, 95
, 39
, 90
, 124
, 5
, 38
, 91
, 73
, 56
, 86
, 43
, 9
, 120
, 80
, 49
, 104
, 25
, 17
, 112
, 47
, 82
, 9
, 120
, 52
, 77
, 79
, 50
, 90
, 39
, 37
, 92
, 60
, 69
, 68
, 61
, 49
, 80
, 47
, 82
, 77
, 52
, 32
, 97
, 82
, 47
, 76
, 53
, 72
, 57
, 96
, 33
, 12
, 117
, 73
, 56
, 6
, 123
, 29
, 100
, 82
, 47
, 56
, 73
, 34
, 95
, 28
, 101
, 18
, 111
, 106
, 23
, 108
, 21
, 31
, 98
, 124
, 5
, 122
, 7
, 93
, 36
, 76
, 53
, 86
, 43
, 92
, 37
, 60
, 69
, 29
, 100
, 100
, 29
, 85
, 44
, 74
, 55
, 126
, 3
, 31
, 98
, 32
, 97
, 57
, 72
, 16
, 113
, 60
, 69
, 102
, 27
, 9
, 120
, 91
, 38
, 62
, 67
, 73
, 56
, 41
, 88
, 122
, 7
, 83
, 46
