
6111
167
705
232
911
258
138
877
281
732
601
845
809
964
808
864
435
113
931
848
979
600
788
726
716
262
974
366
902
581
669
860
518
155
229
648
452
514
995
846
166
476
277
876
191
442
818
776
839
718
493
997
491
445
879
680
449
293
492
921
338
363
128
458
173
951
840
682
962
295
120
249
155
978
134
661
312
707
506
713
157
444
615
153
165
518
174
299
125
565
921
573
639
173
505
472
820
404
636
870
300
421
602
230
957
154
955
488
153
790
365
209
723
923
634
933
816
844
459
338
467
347
333
623
878
693
574
642
164
568
361
427
571
562
895
832
227
203
463
317
309
570
677
238
720
110
130
795
859
874
240
579
790
135
679
687
817
472
114
765
691
824
954
332
422
388
873
143
448
317
620
937
582
127
158
203
386
518
448
765
208
681
288
172
151
878
206
631
693
123
478
249
768
510
106
307
759
123
209
874
448
454
717
648
750
310
209
747
229
426
464
242
833
461
831
696
134
875
900
913
854
663
333
516
485
573
138
342
519
442
128
601
770
184
766
474
721
556
670
305
676
371
689
743
251
201
928
127
949
799
637
835
553
990
454
276
489
273
517
704
280
212
294
244
154
209
711
373
464
898
310
368
891
785
593
912
648
588
214
687
147
709
627
580
902
816
152
495
724
936
440
422
452
823
741
709
817
997
146
958
491
122
823
653
106
141
417
852
133
725
328
657
990
975
312
259
169
776
520
704
816
496
459
472
371
309
815
365
968
313
468
200
963
472
626
809
602
777
464
807
584
843
517
467
323
480
903
514
931
337
618
456
660
336
690
257
675
939
747
654
906
553
939
498
394
815
1000
321
541
120
680
204
315
750
271
364
355
808
398
314
226
856
852
790
685
603
532
777
601
359
538
865
762
804
686
915
882
816
269
463
219
713
589
682
996
495
941
970
104
808
502
766
505
278
320
806
201
294
234
346
846
983
963
755
915
473
539
822
130
690
963
996
318
136
123
942
355
978
610
658
680
765
716
960
729
366
194
734
926
348
564
963
311
754
608
518
479
233
421
394
571
528
125
682
296
362
403
373
985
784
761
249
637
688
835
960
435
758
360
468
239
205
933
146
131
821
156
112
704
367
323
807
956
401
560
261
865
545
400
326
700
114
1000
705
932
154
651
457
793
282
461
170
331
356
851
784
896
487
589
564
360
659
328
774
591
609
426
160
566
905
315
776
708
282
264
420
716
763
814
235
165
858
655
975
234
776
181
500
530
859
920
191
783
419
863
288
321
747
554
262
259
843
763
846
198
231
743
768
407
506
813
135
964
188
539
710
132
997
443
766
891
509
915
307
204
592
783
377
200
765
436
124
239
271
615
911
235
721
306
631
850
297
678
174
148
759
604
615
525
631
717
982
379
907
610
205
625
249
509
916
684
242
919
653
141
529
713
376
699
921
915
150
820
818
835
737
472
971
624
603
578
179
455
565
614
611
890
776
397
641
388
699
477
245
181
209
750
155
198
994
482
551
608
995
474
719
579
435
713
143
428
688
358
844
481
363
802
580
111
534
581
240
994
240
826
693
361
808
306
755
534
269
389
757
995
706
472
208
970
862
208
820
442
100
251
724
570
327
406
696
579
525
462
374
957
713
524
889
871
101
876
791
164
516
911
887
450
306
698
264
214
867
152
639
399
447
631
493
267
384
193
353
768
402
831
114
304
285
155
321
138
103
691
986
868
929
829
500
761
660
791
936
810
664
135
555
373
462
592
238
116
904
337
404
837
866
407
469
822
910
235
568
183
969
153
682
215
208
812
397
905
189
216
200
364
286
787
278
467
482
163
825
648
263
281
308
845
273
556
962
111
974
981
636
950
612
550
491
250
965
473
407
117
137
225
200
387
494
822
779
169
771
1000
509
216
856
257
553
296
261
829
225
387
669
530
515
739
399
484
206
444
663
488
461
558
476
333
793
449
601
284
190
872
335
992
156
718
551
783
152
546
120
859
689
903
623
803
462
119
418
848
938
666
346
416
939
138
260
629
734
149
564
799
522
527
179
127
289
862
974
214
722
222
808
812
442
900
109
604
152
696
158
107
409
699
562
709
115
316
361
800
663
116
613
387
775
769
935
896
413
518
127
481
475
696
742
474
140
579
611
779
857
928
824
806
998
757
457
518
148
534
470
944
290
129
352
990
141
544
825
726
625
428
865
175
593
407
923
694
367
242
815
821
255
432
119
989
486
462
195
942
111
345
825
898
330
796
398
991
703
354
372
654
475
482
301
951
884
286
142
682
201
689
672
110
367
146
557
640
112
559
385
387
721
350
989
155
350
264
690
125
957
299
117
948
646
118
904
491
930
449
709
834
980
722
139
274
879
490
162
964
495
998
528
888
669
553
944
741
165
454
258
344
492
252
137
383
801
994
584
475
382
841
898
994
269
416
516
348
927
676
974
726
235
947
455
220
108
372
733
732
816
866
810
635
894
586
143
618
527
854
113
704
802
103
937
878
309
212
301
432
213
696
670
348
991
498
624
740
888
655
508
859
489
809
954
841
523
193
270
203
744
661
767
540
374
857
370
560
736
309
575
753
649
864
640
522
648
900
302
372
584
424
234
420
264
278
511
458
918
415
602
229
139
883
764
454
848
879
443
161
645
633
447
909
777
301
284
620
119
732
944
244
411
711
403
635
861
270
391
704
866
738
202
533
618
211
541
792
925
694
486
830
255
123
364
113
120
241
244
880
260
623
776
866
505
138
182
277
104
693
218
312
715
734
250
681
552
240
607
989
683
477
399
378
223
179
337
787
936
278
965
315
753
236
391
245
303
760
310
282
635
369
645
914
844
928
632
553
870
138
949
667
296
667
450
409
651
614
829
249
315
729
840
913
511
175
402
790
496
610
230
751
314
549
575
698
518
694
516
353
549
865
633
487
759
160
667
724
434
913
900
285
738
543
742
456
250
673
856
123
369
781
574
301
199
827
118
997
915
657
823
891
904
469
434
613
752
362
484
345
830
112
791
214
505
632
310
964
765
673
722
138
513
782
732
197
410
501
305
777
859
628
452
815
103
176
792
363
116
584
425
733
141
306
196
870
358
964
147
729
916
411
172
540
297
660
594
571
961
315
709
236
663
550
422
199
364
135
604
879
552
165
535
539
688
922
842
753
392
726
170
102
824
886
694
633
367
985
442
616
600
316
425
532
188
836
831
483
174
169
502
187
366
936
474
284
336
618
173
661
393
123
758
539
733
661
184
610
729
404
142
633
901
199
518
676
170
614
977
904
628
272
232
101
264
707
590
767
544
914
721
855
801
779
811
791
891
334
812
430
448
507
857
314
715
964
289
145
323
817
931
834
604
507
591
562
993
508
458
165
435
370
397
466
818
303
431
614
506
949
503
127
954
376
950
810
633
969
317
883
621
650
858
295
348
613
664
818
190
495
415
422
729
564
246
379
967
608
272
351
176
887
745
661
596
125
690
630
634
776
902
865
230
349
566
800
864
815
992
890
963
636
975
264
206
562
268
947
929
374
550
929
749
118
641
178
229
410
695
356
835
525
231
446
661
513
532
488
946
530
425
918
591
774
909
974
670
591
766
726
984
770
119
770
961
187
420
668
585
933
575
887
669
365
781
494
247
637
805
506
431
470
291
630
256
717
800
465
396
961
244
922
353
371
873
541
266
318
969
203
261
855
205
949
983
529
815
404
681
214
318
371
539
828
898
779
178
289
995
482
278
444
353
442
746
359
779
774
738
177
629
891
227
342
218
337
773
179
930
686
349
126
565
331
760
119
673
872
945
329
890
159
515
594
139
884
183
765
231
680
786
858
677
876
141
664
748
624
828
969
472
159
764
158
744
245
710
531
206
358
848
626
675
693
598
693
263
344
440
334
949
813
977
147
411
679
927
286
209
167
837
290
550
470
622
552
878
287
893
844
572
632
984
209
157
503
896
632
962
887
614
593
319
656
557
580
991
808
568
834
952
586
643
980
728
879
367
903
339
316
331
165
749
579
178
163
681
148
922
250
636
581
256
509
444
693
423
700
764
358
641
283
493
646
552
209
296
379
210
816
159
803
838
233
250
769
768
753
756
486
551
529
645
406
482
275
259
152
460
727
785
626
131
803
756
283
409
372
146
205
631
887
861
216
659
322
325
674
762
233
586
417
916
297
412
222
966
442
349
620
677
567
261
103
121
972
594
978
653
180
267
427
902
187
475
111
550
899
988
806
620
985
734
293
349
656
467
718
483
468
841
193
937
519
981
439
228
302
643
590
643
921
324
877
973
328
329
855
272
589
513
361
743
383
918
846
394
286
767
425
349
584
877
704
245
534
503
932
211
570
986
234
215
694
527
787
513
419
162
446
592
420
764
822
674
878
138
491
683
655
707
894
906
986
738
686
514
340
342
490
845
629
233
209
431
267
154
376
573
822
217
590
606
709
469
316
989
194
229
238
374
165
425
124
473
961
647
755
843
706
251
806
874
308
386
565
412
654
720
230
383
977
974
808
457
584
874
190
625
842
971
825
551
278
273
222
679
704
332
597
805
718
469
195
421
411
809
596
673
582
850
165
713
380
824
324
816
419
580
160
296
211
207
154
676
640
366
726
822
132
319
246
257
608
626
868
306
682
176
179
701
736
265
125
407
669
857
573
569
361
639
807
596
401
774
272
211
584
252
112
665
120
578
631
556
998
425
950
289
300
908
378
359
619
395
909
258
224
381
530
579
466
303
464
458
543
533
555
863
489
805
499
458
814
110
632
219
445
945
609
457
795
890
163
628
678
639
755
862
145
641
715
372
979
141
880
801
182
214
791
595
678
996
533
477
906
405
418
158
385
616
221
120
147
792
744
763
402
899
332
677
387
324
635
637
979
967
670
108
983
199
750
835
932
180
125
807
721
702
997
142
973
163
549
757
816
796
300
852
347
708
240
936
870
803
415
526
618
976
670
178
613
280
546
695
699
177
484
274
926
198
942
682
965
399
504
204
454
400
808
826
633
297
993
639
196
781
556
983
923
825
265
756
642
576
384
439
793
533
432
620
715
133
572
828
483
514
992
989
156
216
211
893
497
929
671
872
662
375
956
374
757
519
673
624
353
764
170
835
852
693
634
915
311
202
671
421
615
627
492
632
445
161
851
689
623
208
743
562
940
292
900
622
718
622
520
995
745
718
696
585
430
676
806
202
959
443
352
790
141
178
387
439
854
396
767
455
128
481
861
114
872
322
199
240
651
304
395
522
493
527
301
670
598
966
724
339
625
967
176
192
584
895
260
409
587
884
166
508
994
415
735
580
966
720
714
621
845
101
857
644
561
777
402
676
663
236
136
566
735
480
176
948
236
971
701
210
516
420
168
842
509
472
321
179
195
250
117
647
751
870
963
890
825
786
328
458
645
984
454
470
522
467
926
419
334
531
194
423
748
448
497
241
912
877
482
270
447
428
223
748
271
708
880
281
675
247
162
735
916
639
607
267
967
610
942
723
350
646
462
825
291
131
811
349
358
153
122
595
596
521
697
219
893
507
205
375
583
170
282
360
389
994
316
691
146
858
230
515
794
300
571
654
583
844
350
175
529
958
949
928
145
317
130
213
352
550
281
374
362
229
350
656
946
576
844
781
613
498
335
554
796
432
501
966
336
654
380
442
130
930
346
496
597
879
818
588
631
462
529
569
518
966
300
638
501
302
812
829
802
404
741
497
595
115
393
671
691
777
220
527
319
593
616
233
416
361
485
358
998
728
652
725
750
794
842
917
200
673
174
451
511
852
403
140
430
782
122
871
970
819
153
773
682
460
344
893
927
600
225
862
565
429
488
932
653
358
411
351
991
938
961
646
631
894
116
657
843
654
222
830
402
420
869
603
694
400
671
800
460
797
493
304
412
966
981
685
410
309
856
632
262
920
621
507
916
345
796
274
380
897
519
125
241
477
804
933
723
326
949
308
727
274
530
714
945
392
146
889
931
280
762
579
824
164
571
480
770
165
557
390
178
805
235
199
467
660
204
534
698
658
129
371
477
597
454
556
603
901
517
470
132
930
568
385
310
157
426
562
479
989
437
609
998
246
474
521
864
357
455
485
344
182
155
716
136
585
117
526
278
874
940
688
640
550
946
571
660
269
233
221
899
753
708
628
816
343
140
881
852
501
300
100
914
691
401
111
673
602
494
118
553
134
119
599
297
451
840
752
688
627
906
838
851
623
296
865
157
567
966
991
574
435
160
115
588
267
392
723
369
746
731
351
762
143
452
938
103
287
424
197
251
707
772
818
350
438
988
610
516
864
961
961
715
777
511
682
931
936
607
682
496
300
312
589
151
389
516
699
540
731
410
942
867
856
457
591
395
723
248
638
437
300
999
916
723
379
949
328
728
277
575
475
199
792
948
297
514
633
228
763
376
513
916
524
969
553
747
538
634
232
676
711
912
753
270
324
561
975
198
890
610
180
808
508
145
297
355
322
608
768
296
135
690
597
140
933
339
195
433
554
483
586
678
838
385
833
611
316
666
851
950
877
649
146
386
820
494
237
802
136
646
765
420
344
335
500
295
133
972
104
759
289
110
715
533
768
563
478
920
594
831
738
389
583
808
845
113
309
869
140
434
734
964
942
828
621
389
881
166
134
472
390
751
591
216
334
546
293
454
631
989
149
295
489
122
956
711
819
577
270
619
772
464
816
725
845
950
619
583
362
537
630
278
515
546
960
323
183
263
577
285
281
474
381
873
894
527
175
466
945
894
609
555
649
431
120
621
727
414
777
268
154
374
689
215
918
954
410
151
406
114
631
738
531
845
328
969
193
510
813
180
608
500
633
866
504
892
799
265
812
181
154
593
467
156
560
463
720
583
650
964
547
180
190
763
608
502
564
891
955
323
132
579
782
544
786
618
585
976
118
617
190
308
794
298
133
527
532
794
627
607
832
785
996
751
686
960
288
921
766
145
352
944
986
830
113
568
432
671
645
378
281
245
352
649
513
876
596
107
169
269
330
263
359
770
733
648
598
110
323
282
479
500
911
668
415
807
711
464
806
734
124
998
560
549
736
104
858
275
801
163
757
152
168
247
446
167
878
806
537
856
115
619
306
706
408
247
731
340
732
949
598
731
543
332
601
507
472
631
424
690
731
448
611
326
976
664
249
127
546
379
357
258
110
459
827
720
654
657
652
603
795
338
970
710
847
165
625
115
479
572
130
324
963
213
629
668
196
877
513
660
498
580
927
500
517
608
259
640
869
817
569
739
428
680
777
999
827
567
860
631
801
831
448
124
568
533
701
494
100
672
864
698
495
553
310
597
1000
571
161
800
774
629
914
372
767
676
109
190
460
402
615
692
386
834
783
991
206
135
247
779
165
502
316
565
309
131
158
931
267
918
375
382
302
395
142
230
662
209
672
626
111
696
523
658
882
748
702
718
279
128
719
336
294
490
455
797
768
394
680
117
950
327
774
351
433
674
451
715
982
148
932
487
902
385
167
192
164
110
501
540
915
493
429
155
371
479
381
844
217
391
535
799
821
347
994
297
962
588
140
828
914
412
509
325
586
916
280
679
534
857
848
798
387
858
932
907
391
104
844
736
681
980
530
824
698
969
232
832
802
550
910
668
227
810
533
151
366
436
488
829
915
760
736
618
545
614
779
363
651
331
179
175
763
945
270
636
153
644
434
616
576
291
777
249
852
518
225
205
164
401
151
343
511
504
193
510
866
737
226
480
229
823
886
348
955
721
293
290
161
756
894
837
597
749
555
368
292
280
244
507
174
663
923
634
959
690
289
946
801
759
594
724
104
572
950
865
909
518
648
768
996
737
606
944
838
703
916
896
788
101
374
695
149
129
860
812
661
675
550
284
843
957
339
993
159
138
306
661
536
255
473
581
579
865
202
534
507
178
143
972
333
919
179
205
685
842
988
337
824
284
613
457
837
496
303
182
947
497
917
669
499
711
121
797
759
767
661
640
498
545
283
222
402
556
591
230
412
834
952
882
477
816
562
805
571
942
793
899
304
769
481
301
957
465
557
347
234
474
895
389
247
413
299
536
271
198
262
942
110
765
548
423
807
584
331
405
507
866
756
977
908
846
138
768
818
546
564
126
634
447
388
862
365
710
319
557
434
638
188
266
947
630
981
956
705
449
201
948
942
892
168
307
763
944
630
317
506
699
757
375
982
406
116
212
652
857
250
664
454
907
914
850
359
183
953
714
379
225
855
624
335
923
941
959
273
552
489
248
870
661
570
620
855
110
470
710
247
786
942
180
882
415
668
878
171
998
802
986
730
442
590
367
934
320
917
712
926
444
453
223
114
423
284
526
470
625
188
345
309
307
717
998
923
614
136
314
737
352
442
427
392
839
794
611
875
704
902
480
399
555
326
346
614
708
994
793
950
328
955
198
258
108
200
961
825
269
539
270
740
683
784
781
778
647
274
131
826
762
811
939
447
434
410
846
654
294
691
537
343
548
896
808
649
210
135
394
678
298
121
307
715
830
105
925
557
272
446
935
103
216
793
667
262
966
320
293
745
910
604
270
799
412
399
105
350
662
742
934
512
649
349
117
205
251
962
948
744
473
844
624
762
213
747
699
636
719
935
541
681
109
962
862
977
238
795
488
437
690
324
927
811
222
254
305
483
621
509
517
254
380
950
132
894
835
134
730
733
958
786
658
269
690
301
128
799
653
103
494
763
260
652
641
239
927
877
825
380
919
828
255
869
734
401
130
101
650
315
848
300
833
839
997
421
787
397
146
477
326
690
694
885
780
930
139
428
675
255
477
719
824
391
512
330
796
796
980
395
172
218
407
279
336
627
778
218
351
384
879
756
698
872
238
960
868
612
276
307
623
697
553
870
951
470
293
484
715
604
474
619
181
112
514
701
109
732
668
293
351
910
950
707
223
610
409
254
831
230
925
121
501
466
112
904
214
276
668
209
205
851
757
322
477
969
165
921
618
355
767
370
228
164
930
182
556
226
550
311
677
430
352
599
114
172
752
488
156
662
700
634
651
553
458
646
619
117
540
824
457
361
437
506
784
197
478
369
347
230
169
417
562
842
515
582
550
723
127
795
370
455
859
166
635
590
825
137
548
249
529
519
316
318
414
900
905
728
588
796
556
574
871
788
920
973
765
851
759
465
141
936
370
566
889
286
774
838
354
944
494
317
287
210
459
308
765
775
173
597
724
862
797
457
837
563
817
621
278
503
513
767
238
485
983
724
291
817
470
922
322
303
129
860
660
974
108
730
760
387
529
340
979
220
150
488
735
456
905
793
416
505
380
988
629
904
249
817
526
590
409
828
434
438
900
833
125
419
243
993
103
259
763
499
888
258
232
679
269
570
559
997
370
512
860
248
888
816
978
415
820
543
554
768
356
526
301
890
432
391
581
154
816
519
430
424
495
844
848
411
674
217
395
434
974
681
292
819
109
279
543
851
498
640
876
288
264
115
392
109
661
973
647
106
507
748
177
510
377
395
136
826
490
593
738
104
960
210
608
844
712
509
595
283
232
751
618
457
497
845
505
482
357
339
648
793
238
464
472
557
569
849
971
316
743
871
616
933
215
564
918
572
418
224
927
972
389
476
734
744
564
821
960
210
731
555
314
214
460
385
175
645
691
891
322
947
117
297
227
312
416
798
246
577
432
974
438
728
545
742
759
343
907
951
316
375
697
170
334
924
898
432
299
447
284
621
670
989
966
893
852
251
739
926
431
467
678
772
617
274
804
201
541
573
386
962
907
666
414
935
444
872
266
294
259
267
162
987
188
183
708
859
184
618
520
814
422
497
585
299
768
137
662
343
539
614
945
288
631
873
309
486
498
451
861
204
735
988
202
965
180
957
649
400
343
725
356
673
228
613
917
957
490
602
357
243
664
363
443
677
694
603
225
396
597
689
111
116
924
855
139
856
156
200
217
784
696
466
573
189
752
153
450
906
124
548
865
269
298
601
491
906
441
681
846
440
912
114
871
816
250
648
904
116
691
628
529
312
377
336
640
678
977
316
943
748
584
679
308
918
859
659
808
760
766
164
897
710
209
226
951
168
460
204
170
994
161
635
825
815
751
450
993
632
205
331
326
992
663
750
844
205
506
447
345
138
206
421
884
266
799
796
844
256
848
453
997
643
942
502
264
869
617
711
902
851
301
355
991
121
779
423
116
609
646
551
559
602
699
221
411
115
650
664
770
130
724
545
377
647
472
547
800
511
248
873
379
823
242
885
930
453
839
718
406
340
200
523
617
866
748
394
861
153
769
145
565
387
360
251
847
710
210
411
768
542
412
818
390
834
335
897
587
566
236
855
713
702
180
580
648
555
208
373
635
279
482
753
857
942
917
870
818
876
439
109
603
677
568
796
708
820
398
330
939
312
850
704
503
800
312
886
311
103
529
421
940
230
338
926
405
171
901
691
273
645
446
646
557
776
132
594
867
557
699
139
735
587
265
890
508
819
602
670
854
115
695
532
223
249
867
590
995
892
802
129
814
761
777
292
992
637
923
902
890
182
108
681
916
977
569
278
367
561
294
561
640
703
628
692
297
742
392
633
233
696
341
901
928
928
356
522
273
392
674
674
576
878
315
567
754
730
947
878
985
289
218
537
325
698
484
662
396
884
845
994
225
766
771
710
182
592
774
675
833
862
636
553
347
508
279
142
337
634
296
744
762
814
341
918
861
592
409
575
978
488
810
420
949
348
890
590
239
283
914
759
856
392
454
689
200
565
820
894
293
694
169
845
328
955
825
657
241
918
606
668
339
975
821
529
265
425
881
913
490
712
749
602
734
929
917
489
394
577
462
720
749
869
970
923
371
759
446
481
702
195
759
295
679
701
696
467
777
378
830
441
845
409
647
186
516
359
455
566
364
525
555
159
184
599
324
559
557
759
773
156
869
437
499
876
566
924
509
245
640
312
155
523
531
604
850
375
259
402
505
810
469
145
360
501
132
808
120
676
195
586
990
122
868
420
111
209
948
983
433
178
917
810
481
684
980
795
780
385
744
269
182
358
387
870
209
889
984
631
944
227
378
896
277
607
822
846
672
670
711
584
853
511
448
887
274
672
165
330
327
701
438
986
621
676
930
967
133
190
973
203
965
414
995
349
629
193
870
141
899
720
656
153
147
663
961
714
557
351
129
136
975
386
226
615
685
480
560
332
430
835
537
722
813
849
449
912
304
786
809
740
898
143
874
559
490
275
690
202
943
403
845
805
101
684
718
355
564
576
839
747
428
799
660
324
675
972
319
778
492
591
794
311
768
672
782
938
240
511
803
408
137
891
949
189
227
369
743
928
647
675
503
113
518
551
703
557
570
464
527
660
956
105
382
572
788
951
934
204
570
484
676
463
381
988
160
302
361
181
664
726
315
209
602
775
948
287
558
862
422
996
538
780
355
855
714
680
899
502
815
520
438
343
931
792
857
314
278
923
658
515
604
487
902
131
253
402
257
799
142
106
954
697
639
125
673
605
251
455
294
674
925
800
627
807
202
783
227
800
642
557
862
715
686
414
541
689
439
336
470
381
622
517
612
808
532
562
466
145
661
731
527
373
296
534
782
806
837
252
192
478
441
732
878
501
273
750
591
150
208
797
253
618
368
267
864
766
748
702
202
524
513
832
166
597
324
352
137
100
197
803
919
542
319
224
505
711
623
769
760
809
651
951
368
542
556
418
197
257
752
901
472
819
632
156
487
478
154
196
903
413
1000
891
311
311
914
849
227
351
488
755
513
245
944
262
528
549
205
331
613
937
497
269
192
253
423
233
233
945
371
805
174
665
563
185
986
952
968
989
595
381
463
459
820
107
267
269
764
932
923
825
287
132
563
146
407
346
382
726
482
668
709
695
791
204
401
808
177
876
824
124
412
648
417
241
770
848
371
746
239
468
524
534
621
876
909
389
535
684
424
270
906
881
247
385
267
441
794
180
934
372
629
867
859
408
105
229
137
989
913
677
177
940
135
663
420
753
153
177
885
186
124
340
588
406
124
876
925
240
619
142
970
864
305
755
239
992
192
330
478
316
742
957
610
574
528
125
238
352
175
210
189
368
119
894
262
639
925
700
943
336
836
365
206
639
609
368
629
513
547
479
685
566
897
285
458
259
709
206
675
596
114
513
377
639
852
603
943
111
466
978
968
741
182
426
620
976
414
526
893
437
568
963
133
610
566
638
296
671
692
782
656
805
295
696
838
273
997
142
930
473
620
201
575
482
675
106
272
101
377
351
892
787
884
274
375
833
766
418
200
717
490
773
200
658
668
660
154
626
497
316
194
870
402
723
602
781
217
792
966
134
358
378
745
546
695
398
169
703
845
938
173
211
695
711
726
372
379
462
231
726
762
943
541
300
261
671
349
489
518
417
312
637
822
655
306
877
269
870
883
551
986
642
714
192
534
309
473
973
299
579
729
937
388
144
718
371
338
749
595
523
846
429
608
382
247
387
839
349
269
271
237
349
509
654
470
480
645
303
401
486
703
791
246
292
992
978
693
696
179
333
777
622
364
978
132
196
686
941
488
769
688
651
188
807
212
455
904
241
182
613
360
786
532
601
971
813
829
247
514
118
938
993
783
903
115
968
538
695
602
976
167
623
341
336
583
560
443
834
951
678
681
853
769
709
958
435
235
255
867
104
746
358
892
782
240
698
143
835
202
469
478
481
710
275
176
642
786
874
746
547
936
478
214
851
122
123
785
689
862
615
811
694
420
810
380
902
467
764
815
576
451
317
815
604
826
923
559
911
542
205
644
631
425
981
494
657
318
214
400
675
105
132
839
864
936
932
571
866
414
539
828
697
458
531
105
139
534
463
790
759
644
188
172
672
645
853
229
590
358
348
867
550
585
746
315
450
393
163
658
124
469
215
348
979
103
556
479
708
434
683
703
818
437
698
252
449
272
473
304
555
955
242
233
616
133
154
207
156
646
306
324
929
555
798
343
604
562
633
642
141
588
795
736
507
787
730
878
271
995
970
605
660
185
453
852
639
209
172
842
102
571
705
993
861
922
703
881
424
491
996
460
231
687
880
656
431
320
893
703
559
861
884
703
257
434
920
775
162
873
202
244
938
443
367
418
916
545
932
478
289
602
537
183
635
848
707
908
969
275
782
334
317
952
288
523
176
471
664
674
266
685
980
797
568
847
643
824
300
560
922
732
396
737
720
331
844
873
689
130
351
457
130
166
981
353
357
666
233
145
137
886
753
429
720
425
870
699
224
664
421
192
657
443
927
327
434
331
497
162
241
874
381
273
378
652
611
412
856
582
308
647
274
316
798
657
171
275
651
993
152
673
486
728
687
666
348
655
415
464
984
365
692
484
562
522
357
809
748
335
837
537
586
808
693
462
794
583
434
740
634
420
433
296
557
256
367
155
921
896
594
221
820
875
154
236
353
934
143
519
341
947
540
655
268
404
295
712
413
266
990
292
570
223
443
693
336
192
654
914
198
642
548
956
116
327
681
323
525
879
961
675
595
697
908
947
940
867
664
217
454
103
426
495
491
777
258
855
683
469
432
362
481
884
389
981
935
221
238
670
329
129
298
357
206
945
784
550
385
969
568
246
610
154
704
608
172
341
359
234
863
955
395
999
539
288
180
754
865
862
728
645
420
902
314
613
735
934
182
658
797
760
221
876
331
109
129
355
753
967
145
163
505
965
296
489
363
553
611
628
512
499
798
668
960
135
771
689
553
348
248
241
152
105
741
833
433
722
147
425
788
551
851
160
990
120
363
241
123
791
335
863
932
445
486
702
999
715
729
675
418
603
473
639
201
739
545
736
739
576
672
278
232
987
450
747
162
603
261
892
324
446
980
781
667
149
169
869
318
124
588
505
845
297
297
772
632
50
50
50
50
50
51
51
51
52
52
52
52
53
53
53
54
54
54
55
57
57
57
57
57
58
58
58
58
58
59
59
59
60
60
60
60
61
62
62
62
63
63
63
63
63
64
64
64
64
64
65
65
65
66
66
67
67
67
67
67
67
68
68
68
68
69
69
69
69
70
70
70
70
70
71
71
71
71
71
71
71
72
72
72
72
72
72
73
73
73
74
75
75
75
75
77
77
78
78
78
78
79
79
80
80
81
82
82
82
83
84
84
84
84
85
85
85
86
86
86
86
86
86
86
87
87
87
88
88
88
90
92
92
92
92
92
92
92
92
93
93
93
93
94
94
94
95
95
95
96
96
96
96
96
97
98
98
98
98
100
100
100
100
101
101
101
102
102
102
102
102
102
102
103
103
103
103
104
104
105
105
105
106
107
107
107
107
108
108
108
108
108
109
109
109
109
111
112
112
112
112
113
115
115
115
115
116
116
117
117
117
118
118
118
118
118
119
119
120
121
121
121
122
122
123
123
123
123
124
124
124
124
124
124
124
124
125
125
125
125
126
127
127
127
127
127
127
128
128
129
129
129
129
130
130
130
130
131
132
132
133
134
134
134
134
135
135
135
135
136
136
136
137
137
137
138
138
138
139
139
140
140
140
140
141
141
141
142
142
142
142
143
143
143
143
143
143
143
143
143
144
144
145
147
147
147
148
148
149
149
150
150
150
151
151
152
152
152
153
153
153
154
154
155
155
155
156
156
156
156
157
157
157
158
158
158
159
159
159
160
160
160
161
161
162
163
163
163
164
164
164
164
164
164
164
165
165
166
167
167
167
168
169
169
169
169
169
169
170
170
170
170
170
171
171
172
172
173
173
174
174
174
174
175
175
175
176
176
176
176
177
177
179
179
179
179
181
181
181
182
183
183
183
184
184
184
184
185
185
185
185
185
185
185
186
186
186
187
187
187
188
189
190
190
191
191
191
191
192
192
193
193
193
193
193
193
193
194
194
194
195
195
195
195
195
196
196
196
197
197
198
198
199
199
199
199
199
199
200
200
201
201
201
201
201
201
201
202
202
202
202
202
203
203
203
203
204
204
204
204
204
204
204
205
205
205
205
206
206
207
208
209
209
209
209
210
210
210
211
211
211
211
211
211
211
211
212
212
212
213
213
213
213
214
214
214
214
214
214
214
214
215
215
216
216
216
217
217
218
218
218
218
218
218
220
220
220
220
220
221
221
221
221
221
222
222
222
222
223
223
223
224
224
224
225
225
226
226
226
226
226
227
228
228
228
229
229
229
229
229
230
230
230
230
230
230
231
232
232
232
232
233
233
233
234
234
234
234
234
235
236
236
237
238
238
239
239
240
240
240
241
242
242
242
243
243
243
245
245
245
246
246
246
247
248
248
248
249
249
249
249
250
250
251
251
251
252
253
254
254
254
255
255
255
256
256
256
257
257
257
258
258
258
259
259
259
259
260
260
260
261
261
261
261
261
262
263
263
263
264
265
265
265
265
265
266
266
266
267
267
268
268
268
268
269
269
269
269
269
270
271
272
272
272
272
272
273
273
273
274
274
274
275
276
276
276
277
277
277
277
277
277
278
278
278
278
278
278
278
278
279
279
279
279
281
281
281
281
281
281
282
282
283
283
283
284
285
285
285
286
286
286
287
287
287
287
287
287
287
287
288
288
288
289
289
290
290
290
291
291
291
292
292
293
293
293
294
294
294
294
294
294
295
295
296
296
297
298
298
298
298
299
299
299
300
300
300
300
301
301
301
302
302
303
303
303
305
305
305
305
305
305
306
306
307
307
307
307
307
307
307
308
308
309
309
309
309
310
310
311
311
311
311
311
312
312
312
312
312
312
312
312
312
313
313
313
314
314
314
315
316
316
316
316
317
317
317
317
317
318
319
320
320
320
321
321
322
322
323
323
324
324
324
324
326
326
326
326
326
327
327
327
328
328
329
329
329
329
330
330
330
330
331
331
331
332
332
333
333
334
335
335
336
336
336
337
337
337
338
338
338
338
338
339
340
340
340
340
340
340
341
341
341
341
341
341
341
342
342
342
342
342
342
342
343
343
343
344
344
344
344
344
344
345
347
347
347
348
348
348
348
348
348
349
349
349
350
350
350
351
351
351
351
351
351
351
352
352
352
352
352
352
353
353
353
354
354
354
354
354
355
355
356
356
357
357
357
358
358
358
359
359
360
360
360
360
361
361
361
361
361
361
361
362
362
362
363
363
364
364
364
364
364
364
365
366
366
366
366
367
367
368
368
369
369
370
370
371
372
373
373
373
374
374
374
374
374
375
375
376
377
377
377
377
378
379
379
379
380
380
380
381
381
381
382
382
383
383
383
384
384
384
386
386
386
387
387
387
387
387
388
388
388
390
390
390
392
392
392
392
392
392
393
394
394
394
394
394
394
395
395
396
396
396
396
396
396
396
396
397
398
398
398
398
398
398
399
399
400
400
400
401
401
401
401
401
402
402
402
403
403
403
403
403
403
403
405
405
405
406
406
406
406
407
407
407
407
408
408
409
409
410
410
410
410
411
411
411
411
411
412
413
413
414
414
414
414
415
415
415
415
415
415
415
416
417
417
418
418
418
418
419
419
420
420
420
420
421
421
421
422
422
423
423
423
423
424
424
425
425
425
425
426
426
426
428
428
428
428
428
428
428
429
429
429
430
430
430
431
431
431
431
432
432
432
432
433
433
434
434
434
434
435
435
435
436
436
436
436
436
436
436
436
437
437
437
438
438
438
439
439
439
440
440
441
442
442
442
442
442
442
443
444
445
445
445
445
445
446
446
446
447
448
448
449
449
450
450
450
450
450
451
452
452
452
453
453
453
454
454
454
455
455
456
456
457
458
458
458
458
459
459
459
460
460
460
461
461
461
461
462
462
462
462
463
463
464
464
464
465
465
465
466
467
467
467
467
467
467
468
468
468
469
470
471
471
471
472
472
473
473
474
474
474
475
475
475
476
476
476
476
476
477
478
478
478
478
479
479
479
480
480
480
480
480
480
480
481
481
481
481
481
482
482
483
484
485
485
485
486
486
486
488
488
488
489
489
490
490
490
490
491
491
491
491
492
492
493
493
493
493
494
495
495
495
495
495
496
496
497
497
497
497
497
498
498
498
498
499
499
500
501
501
502
502
503
503
503
503
503
503
503
504
505
505
506
506
506
507
507
508
508
508
508
508
508
509
510
510
510
511
511
511
511
512
512
512
513
514
514
514
514
514
514
514
515
515
515
515
515
516
516
516
517
517
517
517
518
519
519
519
520
520
521
521
521
521
522
522
522
522
522
523
523
523
523
523
524
524
524
524
524
525
526
526
527
528
528
528
529
529
529
529
530
530
530
531
531
532
533
533
534
534
534
534
535
535
535
536
536
538
538
538
539
539
540
543
543
544
544
544
544
545
545
546
546
547
548
548
548
548
548
548
549
549
550
551
551
551
552
552
552
552
552
553
553
554
554
555
555
555
556
557
557
558
558
559
559
559
559
559
559
560
560
560
560
560
560
560
561
561
561
562
562
562
563
565
565
566
566
566
566
567
567
567
567
567
567
568
568
568
568
568
569
569
569
569
569
570
570
570
571
571
571
572
573
573
573
573
573
573
574
574
574
574
575
575
575
575
576
578
578
578
579
580
580
580
580
580
580
580
580
580
581
581
581
581
581
581
583
583
583
584
584
584
585
585
585
586
587
587
587
588
588
588
589
589
589
589
589
589
589
589
589
589
589
589
590
591
591
591
592
592
592
593
593
593
594
594
594
595
595
595
596
596
596
596
596
597
597
597
597
597
598
598
599
599
599
599
599
599
599
600
600
600
601
601
601
602
602
602
602
603
603
603
603
603
604
604
605
605
606
606
606
606
607
607
607
607
607
607
607
607
607
608
608
608
608
609
609
609
610
611
611
611
611
611
612
612
612
612
612
613
614
614
615
615
615
615
615
616
616
616
616
617
617
618
618
620
620
620
620
621
621
621
621
621
622
622
622
623
623
623
623
624
624
624
625
625
626
626
627
627
628
628
628
629
629
629
630
630
630
631
631
631
631
632
632
633
633
633
634
634
635
635
635
635
636
636
636
637
638
638
638
638
638
639
639
639
639
639
640
640
640
641
642
642
643
643
643
643
643
643
645
645
645
645
645
646
647
647
647
647
647
647
647
648
648
648
649
649
649
650
650
650
650
651
651
651
652
652
652
652
653
653
653
653
654
654
654
654
655
655
655
655
655
656
656
657
657
658
658
658
659
660
660
660
660
660
661
661
661
662
662
662
663
663
663
663
663
664
664
665
665
665
665
666
666
667
667
669
669
669
669
669
670
670
670
670
670
672
672
672
673
673
673
674
674
674
674
674
674
674
675
675
675
676
677
677
677
678
678
679
679
679
680
680
681
681
681
681
681
681
682
682
682
682
683
683
683
683
684
684
685
685
685
685
686
686
686
687
687
687
687
688
688
688
689
689
689
689
689
689
689
690
691
691
691
692
692
692
693
693
693
693
693
693
694
694
694
694
694
694
695
695
696
697
697
698
698
698
698
698
699
699
699
699
699
699
700
700
700
700
702
702
702
702
702
702
703
704
704
704
704
704
704
704
704
705
705
706
706
707
707
708
708
708
708
708
709
709
710
710
710
710
711
711
712
713
713
714
714
714
715
716
716
716
717
717
718
718
718
718
719
719
719
720
720
720
720
720
721
721
721
722
723
723
723
723
723
723
723
724
724
724
725
725
725
725
726
726
727
727
727
728
729
729
729
730
730
730
730
730
731
731
731
731
731
732
733
733
733
734
734
735
736
736
736
736
736
736
736
736
737
738
739
739
739
740
740
740
740
741
741
741
741
741
741
741
741
742
742
743
743
743
743
743
744
745
745
745
746
746
746
746
746
746
748
748
748
749
750
750
750
750
750
750
751
751
752
752
752
752
752
752
753
753
753
754
754
754
754
755
755
755
755
756
756
756
756
757
757
758
759
759
760
761
761
761
761
762
762
762
762
763
763
763
763
764
764
765
766
766
766
766
766
767
768
768
769
769
769
769
770
770
771
772
772
773
773
773
774
774
774
774
774
775
775
775
776
776
776
777
777
778
778
778
778
778
778
779
779
779
779
780
780
780
780
780
781
781
781
781
781
782
782
782
783
783
784
784
784
784
784
785
785
785
785
785
786
786
787
788
789
789
790
790
790
790
791
791
792
792
793
793
793
794
794
794
795
795
795
796
796
796
796
796
796
796
797
797
797
797
797
797
797
797
798
798
798
798
799
799
799
800
800
800
800
801
801
801
802
802
802
803
804
804
804
805
806
806
807
807
808
808
809
810
810
810
812
812
812
812
812
813
814
814
814
815
815
815
816
816
816
817
817
818
819
819
819
819
820
820
820
821
821
822
822
823
823
824
824
824
825
825
825
826
827
827
827
827
827
827
828
828
828
828
828
830
830
830
830
831
831
831
832
832
832
832
832
832
833
833
834
834
834
834
835
835
836
836
836
836
836
836
836
836
837
837
838
838
838
838
839
840
840
840
841
843
843
843
844
844
844
844
844
845
845
845
845
845
846
847
848
849
849
849
849
850
850
851
851
851
852
852
852
852
852
852
853
853
853
854
854
854
854
855
855
855
855
856
856
857
857
858
859
859
860
860
860
860
861
861
861
861
861
861
861
861
861
862
862
863
863
864
864
864
865
865
865
865
865
865
865
866
866
866
866
867
867
867
867
867
867
868
868
868
868
869
869
869
869
869
869
870
870
870
870
870
870
871
871
871
872
872
872
872
873
873
874
874
874
875
875
875
876
876
876
876
877
877
877
877
877
878
878
878
878
879
879
879
879
879
879
880
880
880
880
880
881
881
881
881
881
881
882
882
883
883
883
883
883
884
884
884
885
885
886
886
887
887
887
887
887
888
889
889
890
891
891
891
892
892
893
894
894
894
895
895
895
896
897
898
898
898
899
899
899
899
899
900
901
901
901
901
902
902
902
902
903
903
904
904
904
904
904
904
904
904
905
905
906
906
907
907
907
907
908
908
908
909
909
909
909
910
910
910
910
911
911
912
912
912
912
912
912
912
912
913
913
913
913
914
916
916
916
917
917
917
918
918
918
919
921
921
921
922
922
923
923
923
923
923
924
925
925
925
925
925
925
926
926
926
927
927
927
928
929
929
930
931
931
931
932
932
932
932
932
933
933
933
933
934
934
935
936
936
936
936
936
936
936
937
937
937
937
937
937
938
938
938
938
938
939
939
939
941
941
941
941
941
942
942
942
942
942
943
943
943
943
943
944
944
944
944
944
945
945
945
946
946
946
946
946
948
948
948
949
949
949
950
950
951
952
952
952
952
952
953
953
953
954
954
955
955
955
955
955
955
955
956
956
956
956
956
956
958
958
958
958
958
959
959
960
961
961
961
961
962
962
962
962
962
963
963
963
963
963
963
964
964
965
965
965
965
966
967
967
967
968
968
968
968
968
970
970
970
971
971
971
971
972
972
973
973
973
973
973
974
975
975
975
975
976
976
976
977
977
977
977
977
977
977
977
978
978
979
979
979
979
980
981
981
981
981
982
982
983
983
983
984
984
984
984
984
984
985
985
985
985
986
986
986
986
986
987
987
987
987
987
988
988
988
988
988
988
988
989
989
989
990
990
991
991
991
992
992
992
992
993
993
994
994
994
994
995
995
995
996
996
997
997
997
997
998
998
999
999
1000
1000
1000
1000
1000
1001
1001
1001
1001
1001
1001
1001
1001
1001
1001
1002
1002
1002
1002
1002
1002
1002
1003
1003
1003
1003
1003
1003
1004
1004
1004
1004
1004
1004
1004
1004
1004
1005
1005
1005
1005
1006
1006
1006
1007
1008
1008
1008
1009
1009
1009
1010
1010
1010
1010
1010
1011
1011
1011
1011
1012
1012
1012
1012
1012
1012
1013
1013
1013
1013
1013
1014
1014
1014
1014
1015
1015
1015
1015
1015
1016
1016
1016
1016
1017
1017
1017
1018
1018
1018
1019
1020
1021
1022
1022
1022
1023
1023
1024
1024
1024
1024
1025
1025
1025
1026
1028
1028
1028
1028
1029
1030
1030
1030
1031
1031
1031
1031
1031
1031
1031
1032
1032
1032
1033
1033
1034
1034
1034
1034
1034
1035
1035
1035
1035
1035
1036
1036
1037
1037
1037
1037
1038
1038
1038
1039
1039
1040
1040
1040
1040
1041
1041
1041
1042
1042
1042
1042
1042
1043
1044
1044
1045
1045
1045
1046
1046
1046
1046
1047
1047
1047
1047
1047
1048
1048
1048
1049
1049
1049
1049
1049
1050
1051
1051
1051
1051
1052
1052
1053
1053
1054
1054
1054
1055
1055
1055
1056
1056
1056
1057
1057
1057
1057
1057
1057
1058
1058
1058
1059
1059
1059
1059
1059
1059
1061
1061
1061
1062
1062
1062
1063
1063
1063
1064
1064
1064
1064
1064
1064
1064
1065
1065
1066
1066
1066
1066
1067
1067
1067
1067
1067
1068
1068
1069
1069
1069
1071
1071
1071
1071
1071
1071
1071
1071
1072
1072
1072
1073
1073
1073
1074
1074
1074
1075
1076
1076
1076
1076
1077
1077
1077
1077
1078
1078
1079
1080
1080
1080
1081
1082
1082
1082
1082
1082
1083
1083
1084
1085
1085
1085
1085
1086
1086
1086
1086
1087
1087
1087
1088
1088
1088
1089
1089
1089
1090
1090
1090
1091
1091
1091
1091
1091
1091
1092
1093
1093
1093
1093
1094
1094
1095
1097
1097
1097
1097
1098
1098
1098
1098
1098
1099
1100
1100
1100
1101
1101
1101
1101
1101
1101
1101
1101
1102
1102
1103
1103
1104
1104
1104
1104
1104
1105
1105
1106
1106
1107
1107
1108
1108
1108
1109
1109
1109
1109
1109
1110
1110
1110
1110
1110
1111
1111
1112
1113
1113
1113
1114
1114
1114
1115
1115
1115
1116
1116
1116
1117
1117
1117
1117
1117
1118
1118
1118
1119
1119
1119
1120
1121
1121
1122
1123
1123
1123
1124
1124
1124
1124
1124
1124
1124
1125
1125
1125
1126
1126
1126
1127
1127
1127
1128
1128
1128
1128
1129
1129
1129
1129
1129
1130
1130
1130
1130
1131
1131
1132
1133
1133
1134
1134
1134
1134
1134
1134
1135
1136
1136
1137
1137
1137
1137
1138
1139
1139
1140
1140
1140
1140
1140
1140
1140
1140
1140
1141
1141
1142
1142
1143
1143
1143
1143
1143
1144
1144
1144
1144
1144
1145
1145
1146
1146
1146
1146
1147
1147
1147
1147
1147
1148
1148
1148
1148
1148
1148
1149
1150
1150
1150
1151
1151
1152
1152
1153
1153
1153
1153
1154
1154
1154
1154
1155
1155
1156
1157
1157
1158
1159
1159
1159
1160
1160
1161
1161
1162
1163
1163
1163
1163
1163
1164
1164
1165
1165
1165
1166
1166
1167
1168
1169
1170
1170
1170
1170
1171
1171
1171
1172
1173
1173
1174
1174
1174
1174
1175
1175
1176
1176
1176
1177
1177
1177
1177
1178
1179
1179
1179
1179
1180
1180
1180
1180
1180
1180
1181
1182
1182
1183
1184
1184
1184
1185
1185
1185
1186
1187
1187
1187
1188
1189
1189
1189
1189
1189
1190
1190
1190
1192
1192
1192
1192
1192
1192
1192
1193
1193
1193
1193
1193
1194
1195
1195
1195
1196
1196
1196
1196
1196
1196
1196
1196
1196
1197
1197
1197
1198
1198
1198
1199
1199
1199
1199
1199
1200
1200
1200
1200
1201
1201
1201
1201
1201
1201
1201
1201
1201
1202
1202
1202
1202
1202
1202
1203
1203
1203
1204
1205
1205
1205
1205
1205
1206
1206
1206
1206
1206
1207
1207
1209
1209
1210
1210
1210
1210
1211
1211
1211
1211
1212
1212
1212
1212
1214
1214
1215
1215
1216
1216
1216
1216
1216
1217
1217
1218
1218
1219
1220
1220
1221
1221
1221
1221
1222
1222
1222
1223
1223
1223
1224
1224
1224
1224
1225
1225
1225
1226
1226
1227
1228
1228
1228
1228
1228
1229
1229
1230
1230
1230
1231
1232
1233
1233
1234
1234
1234
1234
1234
1234
1235
1235
1235
1236
1236
1236
1236
1236
1237
1238
1238
1238
1238
1238
1239
1239
1239
1239
1240
1240
1241
1241
1241
1242
1242
1243
1243
1244
1244
1244
1244
1244
1245
1245
1245
1245
1246
1246
1246
1246
1246
1246
1247
1247
1247
1247
1247
1248
1248
1248
1249
1249
1249
1250
1250
1250
1250
1250
1251
1251
1252
1252
1252
1252
1252
1252
1252
1253
1253
1253
1254
1254
1254
1254
1255
1255
1256
1256
1256
1256
1257
1258
1258
1259
1259
1259
1260
1260
1260
1260
1261
1262
1262
1262
1262
1262
1263
1265
1265
1265
1266
1266
1267
1267
1268
1268
1268
1268
1268
1268
1268
1268
1269
1269
1269
1269
1270
1270
1270
1271
1271
1271
1271
1271
1271
1272
1272
1272
1273
1273
1273
1273
1274
1274
1275
1275
1275
1275
1275
1275
1276
1276
1276
1276
1277
1277
1277
1277
1277
1277
1278
1278
1278
1279
1279
1279
1280
1280
1280
1280
1281
1281
1282
1282
1282
1283
1283
1283
1284
1284
1285
1285
1285
1285
1286
1286
1286
1286
1286
1286
1287
1287
1287
1287
1288
1288
1289
1289
1290
1290
1291
1291
1292
1292
1292
1294
1294
1295
1295
1295
1296
1296
1296
1297
1297
1298
1299
1300
1300
1300
1301
1301
1301
1301
1301
1301
1302
1302
1302
1302
1304
1304
1304
1305
1305
1305
1306
1306
1306
1306
1307
1307
1307
1307
1307
1307
1308
1308
1309
1309
1309
1310
1311
1312
1313
1313
1313
1313
1314
1314
1314
1315
1315
1315
1315
1315
1315
1315
1316
1316
1316
1317
1317
1318
1318
1318
1319
1319
1319
1319
1319
1319
1320
1320
1321
1321
1322
1322
1323
1323
1324
1324
1324
1325
1325
1325
1325
1326
1327
1327
1327
1327
1327
1328
1328
1329
1329
1329
1329
1330
1331
1332
1332
1332
1332
1332
1333
1333
1333
1333
1334
1334
1334
1334
1334
1336
1336
1336
1336
1336
1336
1336
1337
1338
1338
1338
1339
1339
1339
1339
1339
1340
1340
1340
1340
1340
1341
1341
1341
1341
1341
1342
1342
1342
1342
1342
1343
1343
1344
1344
1344
1345
1346
1346
1346
1346
1346
1347
1348
1348
1348
1349
1349
1350
1350
1351
1351
1351
1352
1353
1353
1354
1354
1354
1354
1354
1354
1354
1355
1355
1355
1355
1355
1356
1356
1356
1357
1357
1357
1357
1357
1358
1358
1360
1360
1360
1361
1361
1361
1362
1362
1362
1363
1364
1364
1364
1364
1365
1365
1366
1366
1366
1366
1366
1367
1367
1368
1369
1370
1370
1370
1370
1370
1371
1372
1372
1372
1372
1372
1373
1373
1373
1373
1374
1375
1375
1376
1376
1376
1376
1376
1377
1378
1379
1379
1379
1379
1380
1380
1380
1381
1381
1381
1382
1382
1382
1383
1383
1383
1383
1383
1383
1384
1384
1385
1385
1385
1385
1386
1386
1386
1386
1386
1387
1388
1388
1388
1389
1390
1392
1392
1392
1392
1394
1394
1395
1395
1396
1396
1397
1397
1397
1398
1398
1398
1398
1398
1398
1399
1399
1399
1399
1400
1400
1400
1400
1400
1400
1401
1401
1401
1402
1402
1403
1403
1403
1404
1405
1405
1405
1405
1405
1406
1406
1406
1406
1407
1407
1407
1408
1408
1408
1409
1409
1409
1409
1409
1410
1410
1410
1410
1410
1410
1411
1411
1411
1411
1412
1413
1413
1413
1414
1414
1415
1415
1416
1416
1416
1416
1417
1417
1418
1419
1419
1419
1419
1420
1420
1420
1420
1420
1420
1420
1421
1421
1421
1421
1422
1422
1422
1422
1422
1423
1423
1423
1423
1424
1424
1424
1424
1425
1426
1426
1426
1426
1426
1427
1427
1428
1428
1428
1429
1429
1430
1430
1430
1431
1431
1432
1432
1432
1432
1432
1433
1434
1434
1434
1435
1435
1435
1436
1436
1436
1436
1437
1437
1437
1438
1438
1439
1439
1439
1439
1439
1440
1440
1441
1441
1441
1441
1441
1442
1442
1443
1444
1444
1445
1445
1446
1447
1447
1447
1448
1448
1448
1449
1449
1449
1449
1449
1449
1449
1451
1451
1451
1451
1452
1452
1452
1453
1454
1454
1454
1455
1455
1456
1456
1456
1457
1457
1457
1457
1457
1458
1458
1458
1459
1459
1459
1459
1459
1460
1461
1461
1461
1462
1462
1464
1464
1464
1464
1464
1464
1465
1465
1465
1466
1466
1467
1467
1467
1467
1467
1467
1468
1468
1469
1469
1469
1470
1470
1471
1471
1472
1472
1472
1473
1473
1473
1474
1474
1474
1474
1474
1475
1475
1475
1475
1476
1476
1476
1476
1476
1476
1477
1478
1479
1479
1480
1480
1480
1481
1481
1482
1482
1482
1482
1482
1482
1482
1483
1484
1484
1484
1485
1485
1485
1485
1486
1487
1487
1487
1488
1488
1488
1488
1488
1489
1489
1489
1489
1489
1489
1489
1490
1490
1490
1490
1490
1490
1490
1490
1491
1491
1491
1491
1491
1492
1492
1492
1492
1492
1492
1492
1492
1493
1493
1493
1493
1493
1493
1494
1494
1494
1494
1495
1495
1495
1496
1496
1496
1496
1496
1497
1497
1498
1498
1498
1499
1499
1499
1500
1500
1501
1501
1501
1501
1502
1502
1503
1503
1503
1503
1503
1504
1504
1504
1505
1505
1506
1506
1506
1506
1506
1506
1506
1507
1507
1507
1508
1508
1508
1508
1508
1510
1510
1511
1511
1511
1512
1512
1512
1512
1512
1513
1513
1514
1514
1514
1515
1515
1515
1515
1515
1516
1516
1517
1517
1517
1517
1518
1518
1518
1519
1519
1520
1521
1521
1521
1522
1522
1522
1524
1524
1524
1524
1525
1525
1525
1525
1526
1526
1526
1527
1528
1528
1528
1528
1528
1529
1529
1529
1529
1530
1530
1530
1531
1531
1531
1531
1531
1532
1533
1534
1534
1534
1535
1535
1535
1535
1536
1536
1536
1536
1536
1536
1536
1536
1537
1537
1537
1537
1537
1538
1538
1538
1538
1538
1538
1539
1539
1540
1540
1540
1540
1540
1541
1541
1542
1542
1542
1542
1542
1542
1543
1544
1544
1544
1544
1544
1545
1545
1545
1545
1547
1547
1547
1548
1548
1548
1549
1549
1549
1549
1550
1550
1550
1550
1550
1550
1551
1552
1552
1552
1553
1553
1554
1554
1554
1554
1555
1555
1555
1555
1555
1556
1556
1556
1556
1556
1557
1557
1558
1558
1559
1560
1560
1561
1562
1562
1562
1563
1563
1563
1563
1564
1564
1564
1564
1564
1565
1565
1565
1565
1565
1566
1566
1566
1566
1567
1567
1567
1568
1569
1569
1569
1570
1570
1570
1570
1570
1570
1571
1571
1571
1571
1571
1572
1572
1573
1573
1573
1573
1573
1573
1573
1574
1574
1575
1575
1576
1576
1577
1577
1577
1577
1578
1578
1578
1578
1578
1579
1579
1579
1579
1579
1579
1580
1581
1581
1581
1581
1582
1582
1582
1582
1582
1583
1583
1583
1583
1583
1584
1584
1585
1586
1586
1586
1586
1587
1587
1588
1588
1588
1588
1588
1588
1589
1589
1589
1589
1590
1590
1591
1591
1592
1592
1592
1593
1593
1594
1594
1594
1594
1595
1595
1595
1596
1596
1596
1596
1596
1596
1597
1597
1597
1597
1598
1598
1598
1598
1598
1599
1599
1599
1600
1601
1601
1602
1602
1603
1603
1603
1603
1603
1603
1604
1604
1605
1605
1605
1606
1606
1606
1607
1607
1607
1607
1608
1608
1608
1608
1609
1610
1610
1612
1612
1613
1613
1613
1613
1613
1613
1614
1614
1614
1615
1615
1615
1615
1615
1617
1617
1617
1618
1618
1619
1619
1619
1619
1619
1619
1620
1620
1620
1620
1621
1622
1622
1622
1622
1623
1623
1623
1625
1625
1625
1625
1625
1626
1626
1626
1627
1627
1627
1627
1627
1628
1628
1628
1629
1629
1629
1629
1630
1630
1631
1632
1632
1632
1632
1632
1632
1632
1632
1633
1633
1633
1633
1633
1633
1633
1633
1633
1633
1634
1635
1635
1635
1635
1635
1635
1635
1636
1636
1637
1637
1637
1637
1637
1637
1638
1638
1638
1638
1638
1639
1639
1639
1640
1640
1640
1640
1642
1642
1642
1643
1643
1643
1643
1644
1645
1645
1645
1646
1646
1647
1647
1647
1648
1648
1648
1649
1649
1649
1649
1650
1650
1650
1650
1650
1650
1651
1651
1651
1651
1651
1651
1652
1653
1653
1653
1653
1654
1654
1654
1655
1655
1656
1657
1657
1657
1657
1657
1658
1658
1658
1658
1659
1659
1659
1659
1660
1660
1660
1662
1662
1663
1663
1663
1663
1663
1663
1664
1664
1664
1664
1665
1665
1665
1666
1666
1666
1666
1668
1669
1669
1670
1670
1670
1670
1671
1671
1671
1672
1673
1673
1673
1673
1673
1674
1674
1674
1674
1674
1674
1675
1675
1676
1677
1677
1678
1678
1678
1679
1679
1680
1680
1680
1680
1681
1682
1682
1682
1683
1683
1683
1683
1684
1685
1685
1685
1686
1686
1686
1686
1687
1687
1687
1687
1688
1688
1688
1689
1689
1689
1690
1690
1690
1690
1690
1691
1691
1691
1692
1692
1692
1692
1692
1692
1693
1693
1693
1693
1693
1693
1693
1694
1694
1695
1695
1695
1696
1696
1696
1697
1697
1697
1698
1698
1698
1698
1698
1698
1698
1698
1699
1699
1699
1699
1700
1700
1700
1700
1700
1700
1701
1701
1701
1702
1702
1702
1702
1703
1703
1704
1704
1704
1704
1705
1707
1707
1707
1707
1708
1708
1709
1709
1709
1710
1710
1710
1711
1711
1711
1711
1711
1712
1712
1712
1714
1714
1714
1714
1715
1715
1715
1716
1716
1716
1716
1717
1717
1718
1718
1718
1718
1719
1719
1719
1720
1720
1720
1720
1720
1720
1721
1721
1721
1721
1722
1722
1722
1723
1723
1723
1723
1723
1724
1724
1724
1725
1725
1725
1726
1726
1726
1726
1726
1726
1727
1727
1727
1728
1729
1730
1730
1730
1730
1730
1731
1731
1731
1731
1732
1732
1732
1732
1733
1733
1734
1734
1735
1735
1735
1736
1736
1736
1737
1737
1737
1737
1737
1738
1738
1738
1738
1738
1738
1739
1739
1739
1739
1741
1742
1742
1742
1742
1743
1743
1743
1744
1744
1744
1744
1744
1745
1745
1745
1745
1746
1746
1746
1747
1747
1748
1748
1748
1748
1748
1748
1748
1749
1749
1749
1750
1750
1750
1750
1750
1751
1751
1752
1752
1752
1752
1752
1753
1753
1753
1753
1753
1753
1753
1754
1754
1754
1755
1755
1755
1755
1755
1756
1756
1756
1756
1756
1757
1757
1757
1758
1758
1759
1759
1760
1761
1761
1761
1762
1762
1762
1763
1763
1763
1763
1763
1763
1763
1765
1766
1766
1766
1766
1767
1767
1767
1767
1767
1768
1768
1768
1769
1769
1770
1770
1770
1771
1771
1772
1772
1772
1772
1772
1772
1773
1773
1773
1774
1774
1775
1775
1775
1775
1775
1776
1776
1777
1779
1779
1780
1780
1780
1780
1780
1781
1781
1781
1782
1782
1783
1783
1783
1784
1784
1784
1784
1785
1785
1786
1787
1787
1787
1787
1787
1788
1788
1788
1788
1789
1789
1790
1790
1790
1790
1791
1791
1792
1793
1793
1795
1796
1797
1798
1798
1798
1798
1798
1799
1800
1800
1801
1801
1802
1802
1802
1802
1802
1802
1803
1803
1803
1803
1803
1804
1804
1804
1804
1804
1805
1805
1805
1807
1807
1808
1808
1808
1808
1808
1809
1809
1810
1810
1811
1812
1813
1813
1813
1813
1813
1814
1814
1814
1815
1815
1815
1816
1816
1816
1818
1818
1818
1818
1819
1819
1819
1819
1819
1820
1820
1820
1820
1821
1821
1821
1822
1822
1823
1823
1823
1823
1823
1824
1824
1824
1824
1824
1824
1826
1826
1826
1827
1827
1828
1828
1830
1830
1830
1830
1831
1831
1831
1831
1831
1832
1832
1832
1832
1833
1833
1833
1833
1834
1834
1834
1835
1835
1836
1836
1836
1837
1838
1839
1839
1839
1840
1840
1840
1840
1841
1841
1841
1841
1842
1842
1842
1842
1843
1843
1843
1843
1843
1843
1843
1844
1845
1845
1845
1846
1846
1846
1847
1848
1848
1848
1848
1849
1849
1849
1849
1850
1852
1853
1853
1853
1854
1854
1854
1854
1855
1855
1855
1857
1857
1857
1857
1858
1858
1858
1858
1858
1859
1859
1859
1860
1860
1861
1861
1861
1861
1861
1862
1862
1863
1863
1864
1864
1864
1865
1865
1865
1867
1867
1868
1868
1868
1868
1869
1869
1870
1870
1870
1870
1871
1871
1871
1871
1871
1871
1872
1872
1873
1873
1873
1873
1874
1874
1874
1875
1875
1875
1876
1876
1876
1876
1877
1877
1877
1878
1878
1878
1879
1879
1880
1880
1880
1880
1880
1881
1881
1881
1881
1882
1882
1882
1882
1883
1883
1883
1884
1884
1884
1884
1884
1885
1885
1886
1886
1887
1887
1887
1888
1888
1888
1888
1889
1889
1889
1889
1889
1891
1891
1891
1891
1892
1892
1892
1893
1893
1893
1894
1895
1895
1895
1895
1895
1897
1897
1897
1897
1897
1897
1898
1898
1898
1898
1898
1899
1900
1900
1900
1900
1900
1900
1901
1901
1901
1901
1901
1902
1902
1902
1902
1902
1903
1903
1903
1903
1903
1904
1904
1905
1905
1905
1906
1906
1906
1907
1907
1907
1907
1908
1908
1909
1909
1910
1910
1910
1910
1911
1911
1912
1913
1913
1913
1914
1914
1914
1915
1915
1915
1915
1917
1917
1918
1918
1918
1918
1918
1918
1919
1919
1920
1920
1920
1920
1920
1921
1921
1921
1921
1922
1922
1923
1923
1923
1923
1923
1924
1924
1924
1925
1926
1926
1927
1927
1927
1928
1928
1928
1928
1928
1930
1930
1931
1931
1932
1932
1933
1933
1933
1934
1934
1935
1935
1937
1938
1938
1939
1939
1939
1940
1940
1941
1941
1941
1942
1943
1943
1943
1943
1944
1944
1944
1944
1944
1945
1945
1945
1946
1946
1946
1946
1947
1947
1947
1947
1947
1948
1949
1949
1949
1950
1950
1950
1950
1951
1951
1952
1952
1953
1953
1953
1953
1953
1954
1954
1954
1954
1954
1955
1955
1955
1955
1957
1957
1957
1958
1958
1959
1959
1959
1960
1960
1960
1960
1960
1961
1961
1961
1962
1962
1962
1963
1963
1963
1964
1964
1965
1966
1967
1968
1969
1970
1970
1971
1971
1971
1971
1972
1972
1973
1973
1973
1974
1974
1974
1975
1975
1975
1975
1975
1976
1976
1976
1977
1977
1977
1977
1977
1977
1977
1978
1978
1979
1979
1979
1980
1980
1980
1980
1981
1981
1981
1982
1982
1983
1983
1983
1983
1983
1984
1984
1984
1985
1985
1985
1985
1985
1986
1986
1986
1986
1986
1986
1986
1987
1988
1988
1988
1989
1989
1989
1989
1989
1989
1989
1991
1992
1992
1992
1992
1992
1992
1993
1993
1993
1993
1993
1993
1994
1994
1995
1996
1996
1997
1997
1997
1997
1997
1997
1998
1998
1999
1999
1999
1999
1999
1999
2000
2000
2000
2000
2000
2000
2000
2000
