
3060
, 128
, 40
, 150
, 18
, 11
, 157
, 77
, 91
, 153
, 15
, 25
, 143
, 83
, 85
, 26
, 142
, 14
, 154
, 80
, 88
, 157
, 11
, 154
, 14
, 40
, 128
, 104
, 64
, 162
, 6
, 93
, 75
, 85
, 83
, 3
, 165
, 154
, 14
, 97
, 71
, 127
, 41
, 85
, 83
, 104
, 64
, 72
, 96
, 6
, 162
, 92
, 76
, 13
, 155
, 125
, 43
, 43
, 125
, 86
, 82
, 155
, 13
, 111
, 57
, 87
, 81
, 149
, 19
, 118
, 50
, 50
, 118
, 60
, 108
, 91
, 77
, 93
, 75
, 100
, 68
, 17
, 151
, 134
, 34
, 117
, 51
, 147
, 21
, 32
, 136
, 166
, 2
, 151
, 17
, 148
, 20
, 99
, 69
, 98
, 70
, 86
, 82
, 69
, 99
, 125
, 43
, 165
, 3
, 83
, 85
, 145
, 23
, 48
, 120
, 77
, 91
, 21
, 147
, 130
, 38
, 41
, 127
, 113
, 55
, 90
, 78
, 93
, 75
, 9
, 159
, 119
, 49
, 146
, 22
, 93
, 75
, 108
, 60
, 56
, 112
, 116
, 52
, 101
, 67
, 8
, 160
, 97
, 71
, 44
, 124
, 52
, 116
, 44
, 124
, 38
, 130
, 95
, 73
, 31
, 137
, 83
, 85
, 69
, 99
, 137
, 31
, 5
, 163
, 156
, 12
, 104
, 64
, 127
, 41
, 125
, 43
, 136
, 32
, 150
, 18
, 115
, 53
, 114
, 54
, 28
, 140
, 73
, 95
, 6
, 162
, 60
, 108
, 149
, 19
, 4
, 164
, 119
, 49
, 147
, 21
, 21
, 147
, 50
, 118
, 25
, 143
, 52
, 116
, 76
, 92
, 109
, 59
, 105
, 63
, 140
, 28
, 149
, 19
, 125
, 43
, 63
, 105
, 7
, 161
, 155
, 13
, 135
, 33
, 32
, 136
, 25
, 143
, 152
, 16
, 49
, 119
, 123
, 45
, 66
, 102
, 18
, 150
, 19
, 149
, 76
, 92
, 37
, 131
, 86
, 82
, 154
, 14
, 6
, 162
, 9
, 159
, 19
, 149
, 43
, 125
, 144
, 24
, 12
, 156
, 61
, 107
, 160
, 8
, 136
, 32
, 94
, 74
, 42
, 126
, 52
, 116
, 149
, 19
, 126
, 42
, 61
, 107
, 49
, 119
, 154
, 14
, 38
, 130
, 149
, 19
, 145
, 23
, 156
, 12
, 137
, 31
, 35
, 133
, 115
, 53
, 72
, 96
, 132
, 36
, 15
, 153
, 162
, 6
, 12
, 156
, 92
, 76
, 132
, 36
, 165
, 3
, 93
, 75
, 96
, 72
, 27
, 141
, 100
, 68
, 25
, 143
, 5
, 163
, 44
, 124
, 56
, 112
, 121
, 47
, 101
, 67
, 67
, 101
, 131
, 37
, 86
, 82
, 40
, 128
, 79
, 89
, 157
, 11
, 163
, 5
, 61
, 107
, 112
, 56
, 57
, 111
, 125
, 43
, 22
, 146
, 166
, 2
, 111
, 57
, 18
, 150
, 33
, 135
, 100
, 68
, 80
, 88
, 79
, 89
, 99
, 69
, 148
, 20
, 82
, 86
, 55
, 113
, 25
, 143
, 68
, 100
, 97
, 71
, 148
, 20
, 76
, 92
, 45
, 123
, 51
, 117
, 5
, 163
, 139
, 29
, 55
, 113
, 74
, 94
, 111
, 57
, 98
, 70
, 150
, 18
, 131
, 37
, 157
, 11
, 125
, 43
, 73
, 95
, 46
, 122
, 44
, 124
, 1
, 167
, 149
, 19
, 97
, 71
, 22
, 146
, 156
, 12
, 35
, 133
, 105
, 63
, 85
, 83
, 90
, 78
, 141
, 27
, 106
, 62
, 57
, 111
, 9
, 159
, 11
, 157
, 158
, 10
, 150
, 18
, 115
, 53
, 160
, 8
, 68
, 100
, 108
, 60
, 155
, 13
, 74
, 94
, 76
, 92
, 123
, 45
, 127
, 41
, 144
, 24
, 62
, 106
, 60
, 108
, 77
, 91
, 56
, 112
, 111
, 57
, 82
, 86
, 14
, 154
, 68
, 100
, 106
, 62
, 108
, 60
, 108
, 60
, 105
, 63
, 65
, 103
, 16
, 152
, 10
, 158
, 120
, 48
, 58
, 110
, 156
, 12
, 139
, 29
, 1
, 167
, 80
, 88
, 128
, 40
, 17
, 151
, 139
, 29
, 78
, 90
, 158
, 10
, 22
, 146
, 139
, 29
, 137
, 31
, 132
, 36
, 42
, 126
, 72
, 96
, 43
, 125
, 87
, 81
, 26
, 142
, 12
, 156
, 7
, 161
, 43
, 125
, 138
, 30
, 133
, 35
, 116
, 52
, 85
, 83
, 120
, 48
, 13
, 155
, 52
, 116
, 122
, 46
, 151
, 17
, 159
, 9
, 7
, 161
, 20
, 148
, 7
, 161
, 107
, 61
, 129
, 39
, 18
, 150
, 137
, 31
, 166
, 2
, 35
, 133
, 89
, 79
, 158
, 10
, 163
, 5
, 25
, 143
, 117
, 51
, 110
, 58
, 147
, 21
, 141
, 27
, 135
, 33
, 161
, 7
, 14
, 154
, 119
, 49
, 161
, 7
, 13
, 155
, 127
, 41
, 9
, 159
, 110
, 58
, 58
, 110
, 48
, 120
, 94
, 74
, 92
, 76
, 83
, 85
, 26
, 142
, 92
, 76
, 81
, 87
, 74
, 94
, 82
, 86
, 31
, 137
, 80
, 88
, 144
, 24
, 140
, 28
, 50
, 118
, 46
, 122
, 82
, 86
, 55
, 113
, 154
, 14
, 63
, 105
, 132
, 36
, 64
, 104
, 59
, 109
, 97
, 71
, 148
, 20
, 156
, 12
, 39
, 129
, 85
, 83
, 152
, 16
, 11
, 157
, 40
, 128
, 3
, 165
, 27
, 141
, 106
, 62
, 112
, 56
, 163
, 5
, 61
, 107
, 141
, 27
, 19
, 149
, 12
, 156
, 51
, 117
, 138
, 30
, 102
, 66
, 129
, 39
, 24
, 144
, 166
, 2
, 27
, 141
, 14
, 154
, 10
, 158
, 30
, 138
, 55
, 113
, 43
, 125
, 162
, 6
, 54
, 114
, 86
, 82
, 106
, 62
, 118
, 50
, 114
, 54
, 158
, 10
, 124
, 44
, 126
, 42
, 123
, 45
, 154
, 14
, 66
, 102
, 44
, 124
, 154
, 14
, 48
, 120
, 100
, 68
, 136
, 32
, 88
, 80
, 18
, 150
, 76
, 92
, 131
, 37
, 24
, 144
, 128
, 40
, 58
, 110
, 151
, 17
, 58
, 110
, 17
, 151
, 122
, 46
, 160
, 8
, 47
, 121
, 87
, 81
, 27
, 141
, 60
, 108
, 89
, 79
, 71
, 97
, 88
, 80
, 80
, 88
, 148
, 20
, 163
, 5
, 87
, 81
, 141
, 27
, 78
, 90
, 88
, 80
, 71
, 97
, 66
, 102
, 20
, 148
, 56
, 112
, 148
, 20
, 4
, 164
, 114
, 54
, 51
, 117
, 82
, 86
, 112
, 56
, 86
, 82
, 127
, 41
, 67
, 101
, 30
, 138
, 98
, 70
, 19
, 149
, 17
, 151
, 121
, 47
, 145
, 23
, 5
, 163
, 123
, 45
, 125
, 43
, 119
, 49
, 135
, 33
, 33
, 135
, 166
, 2
, 153
, 15
, 80
, 88
, 14
, 154
, 70
, 98
, 139
, 29
, 51
, 117
, 157
, 11
, 130
, 38
, 36
, 132
, 152
, 16
, 22
, 146
, 48
, 120
, 118
, 50
, 31
, 137
, 147
, 21
, 66
, 102
, 28
, 140
, 66
, 102
, 26
, 142
, 44
, 124
, 22
, 146
, 17
, 151
, 24
, 144
, 26
, 142
, 29
, 139
, 87
, 81
, 78
, 90
, 101
, 67
, 56
, 112
, 160
, 8
, 150
, 18
, 51
, 117
, 109
, 59
, 115
, 53
, 127
, 41
, 66
, 102
, 105
, 63
, 161
, 7
, 32
, 136
, 36
, 132
, 106
, 62
, 61
, 107
, 87
, 81
, 34
, 134
, 114
, 54
, 98
, 70
, 139
, 29
, 43
, 125
, 98
, 70
, 16
, 152
, 109
, 59
, 101
, 67
, 159
, 9
, 23
, 145
, 89
, 79
, 73
, 95
, 154
, 14
, 155
, 13
, 137
, 31
, 156
, 12
, 87
, 81
, 45
, 123
, 91
, 77
, 93
, 75
, 134
, 34
, 152
, 16
, 111
, 57
, 98
, 70
, 113
, 55
, 130
, 38
, 61
, 107
, 131
, 37
, 13
, 155
, 133
, 35
, 26
, 142
, 113
, 55
, 136
, 32
, 61
, 107
, 43
, 125
, 73
, 95
, 104
, 64
, 71
, 97
, 100
, 68
, 88
, 80
, 8
, 160
, 144
, 24
, 71
, 97
, 125
, 43
, 46
, 122
, 94
, 74
, 122
, 46
, 7
, 161
, 166
, 2
, 97
, 71
, 45
, 123
, 83
, 85
, 51
, 117
, 44
, 124
, 101
, 67
, 98
, 70
, 104
, 64
, 79
, 89
, 48
, 120
, 76
, 92
, 126
, 42
, 108
, 60
, 6
, 162
, 51
, 117
, 64
, 104
, 9
, 159
, 145
, 23
, 62
, 106
, 5
, 163
, 151
, 17
, 121
, 47
, 4
, 164
, 110
, 58
, 101
, 67
, 86
, 82
, 154
, 14
, 102
, 66
, 23
, 145
, 131
, 37
, 105
, 63
, 34
, 134
, 121
, 47
, 137
, 31
, 115
, 53
, 166
, 2
, 131
, 37
, 137
, 31
, 80
, 88
, 87
, 81
, 55
, 113
, 68
, 100
, 131
, 37
, 28
, 140
, 73
, 95
, 8
, 160
, 155
, 13
, 63
, 105
, 64
, 104
, 72
, 96
, 40
, 128
, 21
, 147
, 2
, 166
, 48
, 120
, 30
, 138
, 164
, 4
, 48
, 120
, 31
, 137
, 69
, 99
, 73
, 95
, 150
, 18
, 42
, 126
, 14
, 154
, 48
, 120
, 106
, 62
, 155
, 13
, 166
, 2
, 114
, 54
, 116
, 52
, 81
, 87
, 70
, 98
, 35
, 133
, 127
, 41
, 106
, 62
, 146
, 22
, 35
, 133
, 105
, 63
, 107
, 61
, 58
, 110
, 112
, 56
, 141
, 27
, 78
, 90
, 109
, 59
, 18
, 150
, 129
, 39
, 1
, 167
, 152
, 16
, 147
, 21
, 73
, 95
, 125
, 43
, 44
, 124
, 132
, 36
, 113
, 55
, 97
, 71
, 134
, 34
, 124
, 44
, 162
, 6
, 38
, 130
, 130
, 38
, 12
, 156
, 138
, 30
, 91
, 77
, 127
, 41
, 63
, 105
, 31
, 137
, 159
, 9
, 141
, 27
, 109
, 59
, 144
, 24
, 164
, 4
, 38
, 130
, 19
, 149
, 36
, 132
, 127
, 41
, 126
, 42
, 154
, 14
, 40
, 128
, 84
, 84
, 22
, 146
, 133
, 35
, 6
, 162
, 129
, 39
, 117
, 51
, 56
, 112
, 118
, 50
, 112
, 56
, 107
, 61
, 88
, 80
, 151
, 17
, 71
, 97
, 9
, 159
, 146
, 22
, 102
, 66
, 116
, 52
, 71
, 97
, 131
, 37
, 50
, 118
, 150
, 18
, 159
, 9
, 36
, 132
, 25
, 143
, 115
, 53
, 100
, 68
, 128
, 40
, 134
, 34
, 121
, 47
, 120
, 48
, 111
, 57
, 132
, 36
, 50
, 118
, 154
, 14
, 25
, 143
, 132
, 36
, 38
, 130
, 128
, 40
, 61
, 107
, 82
, 86
, 40
, 128
, 36
, 132
, 119
, 49
, 115
, 53
, 45
, 123
, 144
, 24
, 87
, 81
, 58
, 110
, 142
, 26
, 134
, 34
, 25
, 143
, 99
, 69
, 134
, 34
, 91
, 77
, 45
, 123
, 36
, 132
, 139
, 29
, 10
, 158
, 100
, 68
, 155
, 13
, 145
, 23
, 128
, 40
, 5
, 163
, 95
, 73
, 100
, 68
, 20
, 148
, 104
, 64
, 94
, 74
, 146
, 22
, 39
, 129
, 55
, 113
, 110
, 58
, 86
, 82
, 153
, 15
, 105
, 63
, 121
, 47
, 64
, 104
, 131
, 37
, 58
, 110
, 8
, 160
, 95
, 73
, 103
, 65
, 101
, 67
, 94
, 74
, 79
, 89
, 166
, 2
, 123
, 45
, 87
, 81
, 24
, 144
, 26
, 142
, 16
, 152
, 96
, 72
, 166
, 2
, 70
, 98
, 166
, 2
, 28
, 140
, 52
, 116
, 20
, 148
, 46
, 122
, 36
, 132
, 70
, 98
, 32
, 136
, 148
, 20
, 34
, 134
, 125
, 43
, 45
, 123
, 124
, 44
, 104
, 64
, 19
, 149
, 146
, 22
, 155
, 13
, 15
, 153
, 109
, 59
, 89
, 79
, 22
, 146
, 129
, 39
, 105
, 63
, 78
, 90
, 103
, 65
, 127
, 41
, 160
, 8
, 136
, 32
, 24
, 144
, 56
, 112
, 19
, 149
, 123
, 45
, 100
, 68
, 26
, 142
, 111
, 57
, 17
, 151
, 36
, 132
, 7
, 161
, 89
, 79
, 23
, 145
, 65
, 103
, 164
, 4
, 155
, 13
, 122
, 46
, 5
, 163
, 47
, 121
, 106
, 62
, 159
, 9
, 82
, 86
, 144
, 24
, 24
, 144
, 21
, 147
, 110
, 58
, 128
, 40
, 81
, 87
, 100
, 68
, 34
, 134
, 47
, 121
, 7
, 161
, 35
, 133
, 65
, 103
, 101
, 67
, 65
, 103
, 1
, 167
, 61
, 107
, 155
, 13
, 69
, 99
, 127
, 41
, 150
, 18
, 39
, 129
, 164
, 4
, 118
, 50
, 92
, 76
, 136
, 32
, 86
, 82
, 130
, 38
, 110
, 58
, 130
, 38
, 50
, 118
, 136
, 32
, 156
, 12
, 47
, 121
, 10
, 158
, 78
, 90
, 37
, 131
, 3
, 165
, 116
, 52
, 77
, 91
, 166
, 2
, 158
, 10
, 153
, 15
, 65
, 103
, 8
, 160
, 17
, 151
, 55
, 113
, 75
, 93
, 118
, 50
, 155
, 13
, 161
, 7
, 159
, 9
, 138
, 30
, 160
, 8
, 78
, 90
, 18
, 150
, 29
, 139
, 40
, 128
, 42
, 126
, 29
, 139
, 154
, 14
, 160
, 8
, 122
, 46
, 132
, 36
, 58
, 110
, 35
, 133
, 139
, 29
, 134
, 34
, 96
, 72
, 41
, 127
, 59
, 109
, 103
, 65
, 113
, 55
, 87
, 81
, 40
, 128
, 102
, 66
, 159
, 9
, 128
, 40
, 105
, 63
, 140
, 28
, 149
, 19
, 117
, 51
, 11
, 157
, 50
, 118
, 123
, 45
, 72
, 96
, 119
, 49
, 17
, 151
, 38
, 130
, 78
, 90
, 137
, 31
, 23
, 145
, 96
, 72
, 80
, 88
, 166
, 2
, 108
, 60
, 88
, 80
, 7
, 161
, 139
, 29
, 113
, 55
, 82
, 86
, 79
, 89
, 42
, 126
, 48
, 120
, 89
, 79
, 24
, 144
, 41
, 127
, 134
, 34
, 161
, 7
, 161
, 7
, 21
, 147
, 27
, 141
, 112
, 56
, 119
, 49
, 131
, 37
, 37
, 131
, 100
, 68
, 110
, 58
, 159
, 9
, 59
, 109
, 128
, 40
, 107
, 61
, 129
, 39
, 38
, 130
, 38
, 130
, 160
, 8
, 52
, 116
, 110
, 58
, 52
, 116
, 76
, 92
, 148
, 20
, 105
, 63
, 9
, 159
, 137
, 31
, 65
, 103
, 140
, 28
, 111
, 57
, 163
, 5
, 116
, 52
, 26
, 142
, 29
, 139
, 8
, 160
, 141
, 27
, 138
, 30
, 31
, 137
, 94
, 74
, 11
, 157
, 6
, 162
, 82
, 86
, 161
, 7
, 154
, 14
, 11
, 157
, 127
, 41
, 128
, 40
, 128
, 40
, 2
, 166
, 36
, 132
, 54
, 114
, 12
, 156
, 2
, 166
, 60
, 108
, 21
, 147
, 102
, 66
, 38
, 130
, 14
, 154
, 110
, 58
, 49
, 119
, 108
, 60
, 2
, 166
, 78
, 90
, 121
, 47
, 65
, 103
, 152
, 16
, 67
, 101
, 33
, 135
, 52
, 116
, 12
, 156
, 7
, 161
, 16
, 152
, 136
, 32
, 150
, 18
, 12
, 156
, 26
, 142
, 54
, 114
, 115
, 53
, 57
, 111
, 111
, 57
, 88
, 80
, 37
, 131
, 164
, 4
, 81
, 87
, 69
, 99
, 78
, 90
, 7
, 161
, 37
, 131
, 10
, 158
, 22
, 146
, 16
, 152
, 149
, 19
, 26
, 142
, 145
, 23
, 16
, 152
, 39
, 129
, 51
, 117
, 120
, 48
, 14
, 154
, 115
, 53
, 9
, 159
, 149
, 19
, 38
, 130
, 133
, 35
, 142
, 26
, 120
, 48
, 34
, 134
, 33
, 135
, 124
, 44
, 163
, 5
, 130
, 38
, 157
, 11
, 73
, 95
, 54
, 114
, 71
, 97
, 69
, 99
, 52
, 116
, 27
, 141
, 107
, 61
, 58
, 110
, 134
, 34
, 150
, 18
, 141
, 27
, 158
, 10
, 35
, 133
, 3
, 165
, 59
, 109
, 57
, 111
, 92
, 76
, 145
, 23
, 58
, 110
, 4
, 164
, 99
, 69
, 59
, 109
, 93
, 75
, 147
, 21
, 50
, 118
, 17
, 151
, 84
, 84
, 77
, 91
, 38
, 130
, 151
, 17
, 104
, 64
, 53
, 115
, 122
, 46
, 8
, 160
, 16
, 152
, 1
, 167
, 147
, 21
, 103
, 65
, 16
, 152
, 7
, 161
, 153
, 15
, 138
, 30
, 74
, 94
, 137
, 31
, 37
, 131
, 153
, 15
, 139
, 29
, 129
, 39
, 60
, 108
, 97
, 71
, 159
, 9
, 83
, 85
, 12
, 156
, 144
, 24
, 41
, 127
, 139
, 29
, 4
, 164
, 149
, 19
, 64
, 104
, 87
, 81
, 121
, 47
, 43
, 125
, 151
, 17
, 62
, 106
, 75
, 93
, 13
, 155
, 143
, 25
, 72
, 96
, 159
, 9
, 100
, 68
, 140
, 28
, 145
, 23
, 5
, 163
, 166
, 2
, 144
, 24
, 132
, 36
, 115
, 53
, 164
, 4
, 49
, 119
, 122
, 46
, 20
, 148
, 160
, 8
, 92
, 76
, 77
, 91
, 133
, 35
, 40
, 128
, 157
, 11
, 158
, 10
, 139
, 29
, 73
, 95
, 114
, 54
, 22
, 146
, 54
, 114
, 123
, 45
, 165
, 3
, 142
, 26
, 151
, 17
, 108
, 60
, 69
, 99
, 137
, 31
, 123
, 45
, 125
, 43
, 84
, 84
, 34
, 134
, 25
, 143
, 92
, 76
, 31
, 137
, 108
, 60
, 34
, 134
, 141
, 27
, 37
, 131
, 3
, 165
, 14
, 154
, 9
, 159
, 140
, 28
, 16
, 152
, 40
, 128
, 139
, 29
, 149
, 19
, 67
, 101
, 92
, 76
, 9
, 159
, 122
, 46
, 20
, 148
, 120
, 48
, 105
, 63
, 28
, 140
, 79
, 89
, 99
, 69
, 39
, 129
, 133
, 35
, 89
, 79
, 67
, 101
, 100
, 68
, 57
, 111
, 54
, 114
, 156
, 12
, 9
, 159
, 140
, 28
, 154
, 14
, 90
, 78
, 120
, 48
, 117
, 51
, 49
, 119
, 53
, 115
, 122
, 46
, 19
, 149
, 32
, 136
, 135
, 33
, 84
, 84
, 158
, 10
, 47
, 121
, 107
, 61
, 77
, 91
, 121
, 47
, 119
, 49
, 65
, 103
, 25
, 143
, 56
, 112
, 53
, 115
, 27
, 141
, 52
, 116
, 95
, 73
, 26
, 142
, 48
, 120
, 153
, 15
, 153
, 15
, 84
, 84
, 102
, 66
, 62
, 106
, 28
, 140
, 124
, 44
, 119
, 49
, 61
, 107
, 58
, 110
, 148
, 20
, 69
, 99
, 52
, 116
, 31
, 137
, 77
, 91
, 53
, 115
, 38
, 130
, 42
, 126
, 55
, 113
, 149
, 19
, 72
, 96
, 117
, 51
, 165
, 3
, 166
, 2
, 102
, 66
, 9
, 159
, 64
, 104
, 45
, 123
, 144
, 24
, 141
, 27
, 138
, 30
, 117
, 51
, 10
, 158
, 96
, 72
, 126
, 42
, 52
, 116
, 47
, 121
, 116
, 52
, 55
, 113
, 117
, 51
, 165
, 3
, 47
, 121
, 18
, 150
, 18
, 150
, 76
, 92
, 84
, 84
, 48
, 120
, 133
, 35
, 19
, 149
, 107
, 61
, 134
, 34
, 160
, 8
, 72
, 96
, 116
, 52
, 14
, 154
, 6
, 162
, 78
, 90
, 51
, 117
, 12
, 156
, 120
, 48
, 27
, 141
, 51
, 117
, 64
, 104
, 37
, 131
, 99
, 69
, 36
, 132
, 102
, 66
, 78
, 90
, 144
, 24
, 1
, 167
, 37
, 131
, 53
, 115
, 78
, 90
, 124
, 44
, 162
, 6
, 125
, 43
, 160
, 8
, 123
, 45
, 64
, 104
, 32
, 136
, 15
, 153
, 151
, 17
, 111
, 57
, 63
, 105
, 74
, 94
, 156
, 12
, 112
, 56
, 49
, 119
, 142
, 26
, 99
, 69
, 110
, 58
, 54
, 114
, 103
, 65
, 21
, 147
, 70
, 98
, 106
, 62
, 90
, 78
, 137
, 31
, 133
, 35
, 142
, 26
, 111
, 57
, 14
, 154
, 147
, 21
, 133
, 35
, 84
, 84
, 110
, 58
, 86
, 82
, 113
, 55
, 116
, 52
, 77
, 91
, 110
, 58
, 31
, 137
, 90
, 78
, 98
, 70
, 129
, 39
, 33
, 135
, 103
, 65
, 128
, 40
, 35
, 133
, 68
, 100
, 154
, 14
, 79
, 89
, 40
, 128
, 142
, 26
, 69
, 99
, 40
, 128
, 64
, 104
, 110
, 58
, 38
, 130
, 72
, 96
, 99
, 69
, 145
, 23
, 24
, 144
, 145
, 23
, 5
, 163
, 2
, 166
, 122
, 46
, 54
, 114
, 158
, 10
, 63
, 105
, 63
, 105
, 94
, 74
, 5
, 163
, 117
, 51
, 77
, 91
, 48
, 120
, 55
, 113
, 82
, 86
, 53
, 115
, 47
, 121
, 146
, 22
, 113
, 55
, 123
, 45
, 144
, 24
, 62
, 106
, 16
, 152
, 39
, 129
, 134
, 34
, 114
, 54
, 158
, 10
, 96
, 72
, 27
, 141
, 95
, 73
, 95
, 73
, 44
, 124
, 9
, 159
, 153
, 15
, 83
, 85
, 36
, 132
, 15
, 153
, 152
, 16
, 99
, 69
, 38
, 130
, 135
, 33
, 153
, 15
, 125
, 43
, 46
, 122
, 41
, 127
, 124
, 44
, 8
, 160
, 84
, 84
, 82
, 86
, 156
, 12
, 26
, 142
, 144
, 24
, 62
, 106
, 74
, 94
, 63
, 105
, 142
, 26
, 113
, 55
, 56
, 112
, 155
, 13
, 15
, 153
, 95
, 73
, 87
, 81
, 92
, 76
, 113
, 55
, 14
, 154
, 29
, 139
, 123
, 45
, 164
, 4
, 136
, 32
, 164
, 4
, 55
, 113
, 135
, 33
, 27
, 141
, 112
, 56
, 96
, 72
, 164
, 4
, 2
, 166
, 142
, 26
, 51
, 117
, 88
, 80
, 3
, 165
, 40
, 128
, 12
, 156
, 68
, 100
, 134
, 34
, 13
, 155
, 125
, 43
, 76
, 92
, 106
, 62
, 166
, 2
, 22
, 146
, 30
, 138
, 67
, 101
, 23
, 145
, 40
, 128
, 94
, 74
, 150
, 18
, 53
, 115
, 14
, 154
, 98
, 70
, 96
, 72
, 69
, 99
, 83
, 85
, 156
, 12
, 117
, 51
, 62
, 106
, 99
, 69
, 19
, 149
, 113
, 55
, 136
, 32
, 110
, 58
, 83
, 85
, 106
, 62
, 103
, 65
, 71
, 97
, 29
, 139
, 28
, 140
, 36
, 132
, 72
, 96
, 125
, 43
, 104
, 64
, 133
, 35
, 101
, 67
, 76
, 92
, 63
, 105
, 104
, 64
, 51
, 117
, 89
, 79
, 43
, 125
, 59
, 109
, 46
, 122
, 20
, 148
, 48
, 120
, 59
, 109
, 67
, 101
, 159
, 9
, 153
, 15
, 127
, 41
, 71
, 97
, 81
, 87
, 38
, 130
, 13
, 155
, 109
, 59
, 86
, 82
, 151
, 17
, 21
, 147
, 71
, 97
, 129
, 39
, 125
, 43
, 61
, 107
, 7
, 161
, 120
, 48
, 92
, 76
, 95
, 73
, 81
, 87
, 104
, 64
, 118
, 50
, 67
, 101
, 131
, 37
, 108
, 60
, 91
, 77
, 17
, 151
, 3
, 165
, 156
, 12
, 102
, 66
, 10
, 158
, 16
, 152
, 58
, 110
, 161
, 7
, 41
, 127
, 159
, 9
, 70
, 98
, 144
, 24
, 12
, 156
, 107
, 61
, 130
, 38
, 149
, 19
, 82
, 86
, 24
, 144
, 37
, 131
, 14
, 154
, 85
, 83
, 134
, 34
, 80
, 88
, 95
, 73
, 142
, 26
, 136
, 32
, 33
, 135
, 109
, 59
, 114
, 54
, 16
, 152
, 71
, 97
, 20
, 148
, 57
, 111
, 27
, 141
, 158
, 10
, 26
, 142
, 134
, 34
, 10
, 158
, 58
, 110
, 49
, 119
, 144
, 24
, 107
, 61
, 90
, 78
, 69
, 99
, 127
, 41
, 71
, 97
, 100
, 68
, 121
, 47
, 133
, 35
, 41
, 127
, 19
, 149
, 21
, 147
, 32
, 136
, 7
, 161
, 154
, 14
, 87
, 81
, 139
, 29
, 46
, 122
, 162
, 6
, 42
, 126
, 137
, 31
, 77
, 91
, 91
, 77
, 114
, 54
, 113
, 55
, 111
, 57
, 79
, 89
, 94
, 74
, 95
, 73
, 146
, 22
, 121
, 47
, 53
, 115
, 47
, 121
, 159
, 9
, 115
, 53
, 166
, 2
, 48
, 120
, 121
, 47
, 58
, 110
, 98
, 70
, 105
, 63
, 19
, 149
, 91
, 77
, 80
, 88
, 151
, 17
, 90
, 78
, 165
, 3
, 161
, 7
, 22
, 146
, 68
, 100
, 149
, 19
, 102
, 66
, 44
, 124
, 144
, 24
, 139
, 29
, 10
, 158
, 79
, 89
, 147
, 21
, 107
, 61
, 132
, 36
, 147
, 21
, 89
, 79
, 166
, 2
, 13
, 155
, 24
, 144
, 45
, 123
, 114
, 54
, 37
, 131
, 127
, 41
, 146
, 22
, 59
, 109
, 67
, 101
, 47
, 121
, 145
, 23
, 86
, 82
, 114
, 54
, 67
, 101
, 121
, 47
, 22
, 146
, 53
, 115
, 139
, 29
, 156
, 12
, 145
, 23
, 115
, 53
, 95
, 73
, 112
, 56
, 105
, 63
, 51
, 117
, 75
, 93
, 54
, 114
, 122
, 46
, 159
, 9
, 34
, 134
, 44
, 124
, 43
, 125
, 160
, 8
, 127
, 41
, 10
, 158
, 54
, 114
, 140
, 28
, 124
, 44
, 33
, 135
, 10
, 158
, 12
, 156
, 66
, 102
, 160
, 8
, 149
, 19
, 15
, 153
, 123
, 45
, 92
, 76
, 2
, 166
, 166
, 2
, 10
, 158
, 49
, 119
, 65
, 103
, 19
, 149
, 82
, 86
, 117
, 51
, 13
, 155
, 156
, 12
, 63
, 105
, 152
, 16
, 111
, 57
, 140
, 28
, 20
, 148
, 61
, 107
, 34
, 134
, 156
, 12
, 101
, 67
, 29
, 139
, 102
, 66
, 124
, 44
, 101
, 67
, 58
, 110
, 91
, 77
, 2
, 166
, 114
, 54
, 70
, 98
, 156
, 12
, 103
, 65
, 32
, 136
, 21
, 147
, 131
, 37
, 97
, 71
, 73
, 95
, 13
, 155
, 20
, 148
, 119
, 49
, 85
, 83
, 133
, 35
, 12
, 156
, 139
, 29
, 85
, 83
, 115
, 53
, 162
, 6
, 33
, 135
, 120
, 48
, 13
, 155
, 66
, 102
, 108
, 60
, 147
, 21
, 129
, 39
, 155
, 13
, 157
, 11
, 54
, 114
, 28
, 140
, 118
, 50
, 152
, 16
, 32
, 136
, 103
, 65
, 94
, 74
, 132
, 36
, 156
, 12
, 115
, 53
, 79
, 89
, 57
, 111
, 94
, 74
, 93
, 75
, 69
, 99
, 161
, 7
, 120
, 48
, 124
, 44
, 95
, 73
, 103
, 65
, 118
, 50
, 148
, 20
, 142
, 26
, 80
, 88
, 22
, 146
, 93
, 75
, 16
, 152
, 35
, 133
, 34
, 134
, 91
, 77
, 23
, 145
, 32
, 136
, 99
, 69
, 34
, 134
, 110
, 58
, 88
, 80
, 129
, 39
, 62
, 106
, 41
, 127
, 105
, 63
, 109
, 59
, 164
, 4
, 151
, 17
, 163
, 5
, 91
, 77
, 140
, 28
, 134
, 34
, 144
, 24
, 144
, 24
, 20
, 148
, 64
, 104
, 158
, 10
, 81
, 87
, 139
, 29
, 153
, 15
, 18
, 150
, 139
, 29
, 122
, 46
, 73
, 95
, 88
, 80
, 119
, 49
, 7
, 161
, 8
, 160
, 91
, 77
, 49
, 119
, 100
, 68
, 25
, 143
, 107
, 61
, 35
, 133
, 11
, 157
, 8
, 160
, 149
, 19
, 17
, 151
, 57
, 111
, 18
, 150
, 156
, 12
, 97
, 71
, 114
, 54
, 18
, 150
, 23
, 145
, 70
, 98
, 130
, 38
, 46
, 122
, 136
, 32
, 24
, 144
, 147
, 21
, 83
, 85
, 80
, 88
, 153
, 15
, 41
, 127
, 65
, 103
, 85
, 83
, 16
, 152
, 66
, 102
, 8
, 160
, 112
, 56
, 7
, 161
, 30
, 138
, 105
, 63
, 96
, 72
, 145
, 23
, 107
, 61
, 40
, 128
, 135
, 33
, 9
, 159
, 56
, 112
, 153
, 15
, 94
, 74
, 127
, 41
, 68
, 100
, 9
, 159
, 57
, 111
, 20
, 148
, 64
, 104
, 101
, 67
, 77
, 91
, 34
, 134
, 153
, 15
, 58
, 110
, 1
, 167
, 77
, 91
, 150
, 18
, 7
, 161
, 44
, 124
, 125
, 43
, 84
, 84
, 70
, 98
, 142
, 26
, 15
, 153
, 132
, 36
, 149
, 19
, 113
, 55
, 59
, 109
, 142
, 26
, 51
, 117
, 48
, 120
, 136
, 32
, 137
, 31
, 104
, 64
, 62
, 106
, 18
, 150
, 131
, 37
, 40
, 128
, 153
, 15
, 14
, 154
, 50
, 118
, 104
, 64
, 15
, 153
, 18
, 150
, 53
, 115
, 51
, 117
, 105
, 63
, 138
, 30
, 63
, 105
, 119
, 49
, 138
, 30
, 80
, 88
, 62
, 106
, 101
, 67
, 109
, 59
, 28
, 140
, 166
, 2
, 160
, 8
, 21
, 147
, 71
, 97
, 6
, 162
, 30
, 138
, 20
, 148
, 106
, 62
, 64
, 104
, 34
, 134
, 52
, 116
, 155
, 13
, 45
, 123
, 121
, 47
, 68
, 100
, 34
, 134
, 50
, 118
, 148
, 20
, 87
, 81
, 141
, 27
, 7
, 161
, 151
, 17
, 17
, 151
, 16
, 152
, 17
, 151
, 131
, 37
, 43
, 125
, 111
, 57
, 61
, 107
, 125
, 43
, 152
, 16
, 149
, 19
, 4
, 164
, 75
, 93
, 20
, 148
, 125
, 43
, 139
, 29
, 156
, 12
, 139
, 29
, 9
, 159
, 113
, 55
, 8
, 160
, 13
, 155
, 79
, 89
, 49
, 119
, 62
, 106
, 108
, 60
, 110
, 58
, 7
, 161
, 76
, 92
, 88
, 80
, 6
, 162
, 75
, 93
, 156
, 12
, 38
, 130
, 61
, 107
, 159
, 9
, 48
, 120
, 3
, 165
, 75
, 93
, 103
, 65
, 71
, 97
, 6
, 162
, 48
, 120
, 41
, 127
, 137
, 31
, 96
, 72
, 88
, 80
, 35
, 133
, 43
, 125
, 56
, 112
, 22
, 146
, 53
, 115
, 134
, 34
, 139
, 29
, 8
, 160
, 8
, 160
, 33
, 135
, 129
, 39
, 20
, 148
, 6
, 162
, 125
, 43
, 85
, 83
, 139
, 29
, 133
, 35
, 158
, 10
, 95
, 73
, 147
, 21
, 112
, 56
, 107
, 61
, 48
, 120
, 72
, 96
, 88
, 80
, 133
, 35
, 54
, 114
, 105
, 63
, 115
, 53
, 24
, 144
, 156
, 12
, 8
, 160
, 103
, 65
, 17
, 151
, 144
, 24
, 5
, 163
, 129
, 39
, 160
, 8
, 37
, 131
, 140
, 28
, 107
, 61
, 11
, 157
, 58
, 110
, 166
, 2
, 58
, 110
, 88
, 80
, 11
, 157
, 110
, 58
, 87
, 81
, 55
, 113
, 94
, 74
, 73
, 95
, 140
, 28
, 65
, 103
, 156
, 12
, 19
, 149
, 64
, 104
, 112
, 56
, 92
, 76
, 162
, 6
, 138
, 30
, 159
, 9
, 1
, 167
, 129
, 39
, 15
, 153
, 49
, 119
, 69
, 99
, 21
, 147
, 149
, 19
, 121
, 47
, 80
, 88
, 75
, 93
, 26
, 142
, 125
, 43
, 128
, 40
, 149
, 19
, 107
, 61
, 38
, 130
, 154
, 14
, 155
, 13
, 19
, 149
, 31
, 137
, 126
, 42
, 99
, 69
, 49
, 119
, 53
, 115
, 94
, 74
, 126
, 42
, 159
, 9
, 50
, 118
, 111
, 57
, 147
, 21
, 144
, 24
, 153
, 15
, 112
, 56
, 65
, 103
, 68
, 100
, 82
, 86
, 90
, 78
, 9
, 159
, 132
, 36
, 34
, 134
, 25
, 143
, 40
, 128
, 80
, 88
, 90
, 78
, 91
, 77
, 18
, 150
, 78
, 90
, 94
, 74
, 29
, 139
, 63
, 105
, 164
, 4
, 115
, 53
, 84
, 84
, 82
, 86
, 44
, 124
, 37
, 131
, 38
, 130
, 100
, 68
, 13
, 155
, 123
, 45
, 85
, 83
, 144
, 24
, 143
, 25
, 98
, 70
, 142
, 26
, 90
, 78
, 95
, 73
, 38
, 130
, 93
, 75
, 162
, 6
, 149
, 19
, 96
, 72
, 32
, 136
, 125
, 43
, 124
, 44
, 87
, 81
, 116
, 52
, 7
, 161
, 24
, 144
, 75
, 93
, 107
, 61
, 93
, 75
, 78
, 90
, 100
, 68
, 110
, 58
, 13
, 155
, 39
, 129
, 31
, 137
, 160
, 8
, 141
, 27
, 155
, 13
, 149
, 19
, 121
, 47
, 153
, 15
, 160
, 8
, 32
, 136
, 65
, 103
, 96
, 72
, 80
, 88
, 84
, 84
, 51
, 117
, 107
, 61
, 73
, 95
, 42
, 126
, 108
, 60
, 41
, 127
, 2
, 166
, 20
, 148
, 110
, 58
, 66
, 102
, 33
, 135
, 23
, 145
, 160
, 8
, 11
, 157
, 76
, 92
, 39
, 129
, 32
, 136
, 20
, 148
, 52
, 116
, 156
, 12
, 131
, 37
, 101
, 67
, 1
, 167
, 142
, 26
, 101
, 67
, 49
, 119
, 156
, 12
, 15
, 153
, 128
, 40
, 105
, 63
, 117
, 51
, 59
, 109
, 148
, 20
, 38
, 130
, 72
, 96
, 59
, 109
, 163
, 5
, 69
, 99
, 73
, 95
, 66
, 102
, 106
, 62
, 156
, 12
, 91
, 77
, 43
, 125
, 102
, 66
, 104
, 64
, 81
, 87
, 115
, 53
, 138
, 30
, 100
, 68
, 9
, 159
, 37
, 131
, 51
, 117
, 35
, 133
, 44
, 124
, 118
, 50
, 77
, 91
, 50
, 118
, 141
, 27
, 93
, 75
, 29
, 139
, 81
, 87
, 52
, 116
, 123
, 45
, 133
, 35
, 79
, 89
, 86
, 82
, 139
, 29
, 85
, 83
, 91
, 77
, 70
, 98
, 132
, 36
, 125
, 43
, 164
, 4
, 133
, 35
, 138
, 30
, 129
, 39
, 82
, 86
, 15
, 153
, 146
, 22
, 47
, 121
, 118
, 50
, 63
, 105
, 77
, 91
, 36
, 132
, 117
, 51
, 115
, 53
, 117
, 51
, 76
, 92
, 113
, 55
, 37
, 131
, 74
, 94
, 67
, 101
, 118
, 50
, 27
, 141
, 158
, 10
, 93
, 75
, 7
, 161
, 96
, 72
, 34
, 134
, 6
, 162
, 81
, 87
, 24
, 144
, 91
, 77
, 6
, 162
, 161
, 7
, 12
, 156
, 80
, 88
, 74
, 94
, 97
, 71
, 79
, 89
, 71
, 97
, 28
, 140
, 9
, 159
, 41
, 127
, 130
, 38
, 142
, 26
, 43
, 125
, 36
, 132
, 50
, 118
, 162
, 6
, 146
, 22
, 133
, 35
, 164
, 4
, 154
, 14
, 10
, 158
, 52
, 116
, 18
, 150
, 99
, 69
, 164
, 4
, 154
, 14
, 76
, 92
, 96
, 72
, 154
, 14
, 66
, 102
, 20
, 148
, 51
, 117
, 129
, 39
, 115
, 53
, 4
, 164
, 84
, 84
, 59
, 109
, 128
, 40
, 67
, 101
, 32
, 136
, 30
, 138
, 9
, 159
, 119
, 49
, 133
, 35
, 79
, 89
, 98
, 70
, 117
, 51
, 82
, 86
, 87
, 81
, 105
, 63
, 31
, 137
, 15
, 153
, 87
, 81
, 48
, 120
, 22
, 146
, 102
, 66
, 111
, 57
, 135
, 33
, 87
, 81
, 27
, 141
, 127
, 41
, 102
, 66
, 145
, 23
, 13
, 155
, 8
, 160
, 164
, 4
, 133
, 35
, 21
, 147
, 87
, 81
, 103
, 65
, 64
, 104
, 29
, 139
, 90
, 78
, 132
, 36
, 52
, 116
, 20
, 148
, 147
, 21
, 93
, 75
, 121
, 47
, 34
, 134
, 79
, 89
, 156
, 12
, 94
, 74
, 139
, 29
, 91
, 77
, 84
, 84
, 3
, 165
, 61
, 107
, 105
, 63
, 60
, 108
, 69
, 99
, 82
, 86
, 147
, 21
, 67
, 101
, 65
, 103
, 100
, 68
, 2
, 166
, 145
, 23
, 154
, 14
, 53
, 115
, 13
, 155
, 70
, 98
, 86
, 82
, 54
, 114
, 110
, 58
, 42
, 126
, 58
, 110
, 154
, 14
, 19
, 149
, 112
, 56
, 138
, 30
, 104
, 64
, 116
, 52
, 22
, 146
, 153
, 15
, 95
, 73
, 96
, 72
, 25
, 143
, 144
, 24
, 155
, 13
, 116
, 52
, 26
, 142
, 53
, 115
, 2
, 166
, 109
, 59
, 158
, 10
, 156
, 12
, 124
, 44
, 74
, 94
, 43
, 125
, 59
, 109
, 144
, 24
, 129
, 39
, 89
, 79
, 123
, 45
, 5
, 163
, 161
, 7
, 90
, 78
, 9
, 159
, 139
, 29
, 75
, 93
, 47
, 121
, 84
, 84
, 39
, 129
, 45
, 123
, 94
, 74
, 38
, 130
, 32
, 136
, 48
, 120
, 50
, 118
, 18
, 150
, 162
, 6
, 87
, 81
, 139
, 29
, 166
, 2
, 157
, 11
, 91
, 77
, 100
, 68
, 55
, 113
, 138
, 30
, 149
, 19
, 82
, 86
, 119
, 49
, 116
, 52
, 73
, 95
, 80
, 88
, 150
, 18
, 159
, 9
, 90
, 78
, 150
, 18
, 103
, 65
, 44
, 124
, 28
, 140
, 6
, 162
, 138
, 30
, 61
, 107
, 127
, 41
, 131
, 37
, 77
, 91
, 23
, 145
, 73
, 95
, 139
, 29
, 110
, 58
, 81
, 87
, 69
, 99
, 151
, 17
, 41
, 127
, 97
, 71
, 66
, 102
, 129
, 39
, 136
, 32
, 23
, 145
, 152
, 16
, 31
, 137
, 110
, 58
, 149
, 19
, 166
, 2
, 40
, 128
, 18
, 150
, 1
, 167
, 111
, 57
, 78
, 90
, 2
, 166
, 145
, 23
, 131
, 37
, 46
, 122
, 142
, 26
, 112
, 56
, 44
, 124
, 32
, 136
, 39
, 129
, 93
, 75
, 6
, 162
, 106
, 62
, 57
, 111
, 7
, 161
, 89
, 79
, 141
, 27
, 86
, 82
, 156
, 12
, 36
, 132
, 8
, 160
, 46
, 122
, 51
, 117
, 42
, 126
, 17
, 151
, 152
, 16
, 49
, 119
, 54
, 114
, 90
, 78
, 129
, 39
, 52
, 116
, 32
, 136
, 65
, 103
, 108
, 60
, 110
, 58
, 115
, 53
, 22
, 146
, 154
, 14
, 56
, 112
, 79
, 89
, 146
, 22
, 106
, 62
, 97
, 71
, 16
, 152
, 152
, 16
, 102
, 66
, 77
, 91
, 135
, 33
, 40
, 128
, 144
, 24
, 125
, 43
, 55
, 113
, 82
, 86
, 115
, 53
, 71
, 97
, 97
, 71
, 81
, 87
, 42
, 126
, 20
, 148
, 134
, 34
, 141
, 27
, 68
, 100
, 95
, 73
, 95
, 73
, 39
, 129
, 36
, 132
, 75
, 93
, 62
, 106
, 151
, 17
, 55
, 113
, 131
, 37
, 17
, 151
, 23
, 145
, 33
, 135
, 21
, 147
, 164
, 4
, 50
, 118
, 36
, 132
, 140
, 28
, 57
, 111
, 145
, 23
, 98
, 70
, 52
, 116
, 16
, 152
, 12
, 156
, 69
, 99
, 10
, 158
, 20
, 148
, 45
, 123
, 42
, 126
, 52
, 116
, 74
, 94
, 103
, 65
, 24
, 144
, 12
, 156
, 106
, 62
, 145
, 23
, 10
, 158
, 161
, 7
, 75
, 93
, 44
, 124
, 68
, 100
, 66
, 102
, 148
, 20
, 13
, 155
, 2
, 166
, 56
, 112
, 26
, 142
, 103
, 65
, 44
, 124
, 40
, 128
, 145
, 23
, 28
, 140
, 158
, 10
, 55
, 113
, 69
, 99
, 4
, 164
, 35
, 133
, 32
, 136
, 72
, 96
, 60
, 108
, 37
, 131
, 90
, 78
, 59
, 109
, 120
, 48
, 39
, 129
, 136
, 32
, 7
, 161
, 4
, 164
, 162
, 6
, 99
, 69
, 58
, 110
, 119
, 49
, 135
, 33
, 98
, 70
, 159
, 9
, 89
, 79
, 16
, 152
, 122
, 46
, 55
, 113
, 133
, 35
, 114
, 54
, 77
, 91
, 81
, 87
, 134
, 34
, 29
, 139
, 24
, 144
, 138
, 30
, 85
, 83
, 84
, 84
, 79
, 89
, 147
, 21
, 79
, 89
, 6
, 162
, 148
, 20
, 128
, 40
, 148
, 20
, 102
, 66
, 29
, 139
, 128
, 40
, 12
, 156
, 120
, 48
, 85
, 83
, 58
, 110
, 98
, 70
, 34
, 134
, 21
, 147
, 3
, 165
, 67
, 101
, 157
, 11
, 3
, 165
, 109
, 59
, 124
, 44
, 63
, 105
, 69
, 99
, 141
, 27
, 34
, 134
, 57
, 111
, 115
, 53
, 141
, 27
, 29
, 139
, 105
, 63
, 106
, 62
, 24
, 144
, 111
, 57
, 32
, 136
, 43
, 125
, 60
, 108
, 33
, 135
, 69
, 99
, 108
, 60
, 11
, 157
, 141
, 27
, 113
, 55
, 145
, 23
, 75
, 93
, 151
, 17
, 154
, 14
, 102
, 66
, 63
, 105
, 24
, 144
, 95
, 73
, 93
, 75
, 14
, 154
, 1
, 167
, 63
, 105
, 157
, 11
, 6
, 162
, 135
, 33
, 99
, 69
, 36
, 132
, 8
, 160
, 128
, 40
, 6
, 162
, 150
, 18
, 29
, 139
, 91
, 77
, 143
, 25
, 110
, 58
, 8
, 160
, 37
, 131
, 58
, 110
, 39
, 129
, 37
, 131
, 164
, 4
, 19
, 149
, 128
, 40
, 160
, 8
, 96
, 72
, 105
, 63
, 101
, 67
, 10
, 158
, 10
, 158
, 21
, 147
, 25
, 143
, 118
, 50
, 22
, 146
, 116
, 52
, 126
, 42
, 21
, 147
, 154
, 14
, 66
, 102
, 92
, 76
, 2
, 166
, 150
, 18
, 77
, 91
, 23
, 145
, 129
, 39
, 89
, 79
, 5
, 163
, 109
, 59
, 154
, 14
, 44
, 124
, 10
, 158
, 147
, 21
, 5
, 163
, 17
, 151
, 33
, 135
, 100
, 68
, 125
, 43
, 109
, 59
, 76
, 92
, 159
, 9
, 82
, 86
, 112
, 56
, 41
, 127
, 107
, 61
, 40
, 128
, 149
, 19
, 54
, 114
, 52
, 116
, 154
, 14
, 95
, 73
, 134
, 34
, 117
, 51
, 153
, 15
, 162
, 6
, 78
, 90
, 11
, 157
, 14
, 154
, 21
, 147
, 165
, 3
, 73
, 95
, 159
, 9
, 4
, 164
, 57
, 111
, 28
, 140
, 165
, 3
, 144
, 24
, 127
, 41
, 152
, 16
, 41
, 127
, 130
, 38
, 82
, 86
, 127
, 41
, 100
, 68
, 81
, 87
, 97
, 71
, 119
, 49
, 78
, 90
, 14
, 154
, 59
, 109
, 140
, 28
, 70
, 98
, 86
, 82
, 28
, 140
, 86
, 82
, 38
, 130
, 100
, 68
, 8
, 160
, 50
, 118
, 127
, 41
, 134
, 34
, 47
, 121
, 151
, 17
, 46
, 122
, 148
, 20
, 75
, 93
, 82
, 86
, 40
, 128
, 107
, 61
, 157
, 11
, 162
, 6
, 136
, 32
, 105
, 63
, 64
, 104
, 120
, 48
, 1
, 167
, 126
, 42
, 160
, 8
, 79
, 89
, 145
, 23
, 52
, 116
, 71
, 97
, 124
, 44
, 147
, 21
, 87
, 81
, 162
, 6
, 113
, 55
, 74
, 94
, 96
, 72
, 105
, 63
, 47
, 121
, 116
, 52
, 165
, 3
, 115
, 53
, 124
, 44
, 127
, 41
, 60
, 108
, 69
, 99
, 96
, 72
, 51
, 117
, 1
, 167
, 55
, 113
, 15
, 153
, 44
, 124
, 139
, 29
, 107
, 61
, 1
, 167
, 38
, 130
, 10
, 158
, 39
, 129
, 9
, 159
, 123
, 45
, 98
, 70
, 91
, 77
, 139
, 29
, 5
, 163
, 60
, 108
, 147
, 21
, 96
, 72
, 45
, 123
, 32
, 136
, 67
, 101
, 20
, 148
, 52
, 116
, 11
, 157
, 75
, 93
, 90
, 78
, 159
, 9
, 160
, 8
, 100
, 68
, 93
, 75
, 118
, 50
, 131
, 37
, 91
, 77
, 51
, 117
, 110
, 58
, 90
, 78
, 166
, 2
, 52
, 116
, 74
, 94
, 63
, 105
, 144
, 24
, 137
, 31
, 93
, 75
, 144
, 24
, 148
, 20
, 94
, 74
, 37
, 131
, 84
, 84
, 144
, 24
, 44
, 124
, 3
, 165
, 113
, 55
, 93
, 75
, 158
, 10
, 102
, 66
, 9
, 159
, 141
, 27
, 164
, 4
, 163
, 5
, 160
, 8
, 144
, 24
, 46
, 122
, 66
, 102
, 119
, 49
, 123
, 45
, 122
, 46
, 96
, 72
, 95
, 73
, 156
, 12
, 13
, 155
, 135
, 33
, 108
, 60
, 146
, 22
, 88
, 80
, 28
, 140
, 102
, 66
, 106
, 62
, 116
, 52
, 146
, 22
, 5
, 163
, 123
, 45
, 126
, 42
, 107
, 61
, 96
, 72
, 126
, 42
, 88
, 80
, 102
, 66
, 39
, 129
, 75
, 93
, 39
, 129
, 34
, 134
, 164
, 4
, 136
, 32
, 33
, 135
, 69
, 99
, 164
, 4
, 16
, 152
, 147
, 21
, 88
, 80
, 46
, 122
, 12
, 156
, 99
, 69
, 122
, 46
, 66
, 102
, 100
, 68
, 96
, 72
, 68
, 100
, 117
, 51
, 141
, 27
, 106
, 62
, 117
, 51
, 62
, 106
, 137
, 31
, 98
, 70
, 54
, 114
, 8
, 160
, 147
, 21
, 32
, 136
, 65
, 103
, 119
, 49
, 30
, 138
, 125
, 43
, 8
, 160
, 92
, 76
, 66
, 102
, 60
, 108
, 120
, 48
, 9
, 159
, 101
, 67
, 70
, 98
, 120
, 48
, 60
, 108
, 20
, 148
, 132
, 36
, 73
, 95
, 73
, 95
, 138
, 30
, 95
, 73
, 104
, 64
, 107
, 61
, 161
, 7
, 117
, 51
, 143
, 25
, 112
, 56
, 103
, 65
, 132
, 36
, 106
, 62
, 42
, 126
, 30
, 138
, 94
, 74
, 63
, 105
, 62
, 106
, 128
, 40
, 116
, 52
, 71
, 97
, 65
, 103
, 105
, 63
, 98
, 70
, 148
, 20
, 99
, 69
, 50
, 118
, 17
, 151
, 77
, 91
, 143
, 25
, 112
, 56
, 16
, 152
, 155
, 13
, 108
, 60
, 28
, 140
, 45
, 123
, 79
, 89
, 35
, 133
, 114
, 54
, 123
, 45
, 165
, 3
, 163
, 5
, 11
, 157
, 3
, 165
, 111
, 57
, 148
, 20
, 65
, 103
, 106
, 62
, 133
, 35
, 68
, 100
, 44
, 124
, 9
, 159
, 162
, 6
, 112
, 56
, 4
, 164
, 84
, 84
, 165
, 3
, 10
, 158
, 157
, 11
, 148
, 20
, 120
, 48
, 147
, 21
, 153
, 15
, 153
, 15
, 100
, 68
, 58
, 110
, 72
, 96
, 6
, 162
, 119
, 49
, 97
, 71
, 130
, 38
, 3
, 165
, 86
, 82
, 74
, 94
, 35
, 133
, 37
, 131
, 163
, 5
, 158
, 10
, 14
, 154
, 157
, 11
, 76
, 92
, 87
, 81
, 156
, 12
, 105
, 63
, 26
, 142
, 77
, 91
, 6
, 162
, 8
, 160
, 164
, 4
, 157
, 11
, 109
, 59
, 9
, 159
, 165
, 3
, 111
, 57
, 6
, 162
, 46
, 122
, 49
, 119
, 68
, 100
, 112
, 56
, 106
, 62
, 97
, 71
, 85
, 83
, 148
, 20
, 157
, 11
, 162
, 6
, 85
, 83
, 58
, 110
, 10
, 158
, 144
, 24
, 75
, 93
, 75
, 93
, 55
, 113
, 11
, 157
, 128
, 40
, 111
, 57
, 92
, 76
, 112
, 56
, 33
, 135
, 120
, 48
, 16
, 152
, 55
, 113
, 89
, 79
, 41
, 127
, 68
, 100
, 32
, 136
, 141
, 27
, 150
, 18
, 122
, 46
, 135
, 33
, 105
, 63
, 142
, 26
, 24
, 144
, 144
, 24
, 42
, 126
, 64
, 104
, 8
, 160
, 85
, 83
, 25
, 143
, 153
, 15
, 157
, 11
, 121
, 47
, 79
, 89
, 20
, 148
, 157
, 11
, 40
, 128
, 126
, 42
, 51
, 117
, 24
, 144
, 95
, 73
, 86
, 82
, 162
, 6
, 77
, 91
, 107
, 61
, 15
, 153
, 119
, 49
, 81
, 87
, 2
, 166
, 164
, 4
, 128
, 40
, 83
, 85
, 91
, 77
, 116
, 52
, 37
, 131
, 6
, 162
, 162
, 6
, 111
, 57
, 89
, 79
, 45
, 123
, 48
, 120
, 123
, 45
, 109
, 59
, 155
, 13
, 29
, 139
, 148
, 20
, 47
, 121
, 31
, 137
, 81
, 87
, 68
, 100
, 113
, 55
, 60
, 108
, 126
, 42
, 27
, 141
, 12
, 156
, 66
, 102
, 115
, 53
, 143
, 25
, 63
, 105
, 23
, 145
, 157
, 11
, 20
, 148
, 144
, 24
, 149
, 19
, 52
, 116
, 38
, 130
, 83
, 85
, 74
, 94
, 130
, 38
, 19
, 149
, 87
, 81
, 130
, 38
, 57
, 111
, 160
, 8
, 112
, 56
, 108
, 60
, 29
, 139
, 54
, 114
, 59
, 109
, 35
, 133
, 31
, 137
, 120
, 48
