
3080
, 27
, 110
, 20
, 117
, 130
, 7
, 37
, 100
, 53
, 84
, 111
, 26
, 14
, 123
, 89
, 48
, 54
, 83
, 119
, 18
, 29
, 108
, 23
, 114
, 109
, 28
, 34
, 103
, 31
, 106
, 121
, 16
, 18
, 119
, 64
, 73
, 125
, 12
, 14
, 123
, 42
, 95
, 128
, 9
, 19
, 118
, 47
, 90
, 37
, 100
, 84
, 53
, 75
, 62
, 86
, 51
, 99
, 38
, 5
, 132
, 107
, 30
, 79
, 58
, 49
, 88
, 43
, 94
, 25
, 112
, 130
, 7
, 71
, 66
, 104
, 33
, 10
, 127
, 132
, 5
, 62
, 75
, 124
, 13
, 111
, 26
, 45
, 92
, 64
, 73
, 14
, 123
, 128
, 9
, 53
, 84
, 87
, 50
, 133
, 4
, 11
, 126
, 64
, 73
, 68
, 69
, 61
, 76
, 128
, 9
, 71
, 66
, 26
, 111
, 10
, 127
, 9
, 128
, 118
, 19
, 53
, 84
, 51
, 86
, 131
, 6
, 97
, 40
, 48
, 89
, 84
, 53
, 55
, 82
, 39
, 98
, 130
, 7
, 20
, 117
, 55
, 82
, 35
, 102
, 133
, 4
, 66
, 71
, 22
, 115
, 133
, 4
, 119
, 18
, 18
, 119
, 131
, 6
, 105
, 32
, 90
, 47
, 114
, 23
, 46
, 91
, 15
, 122
, 8
, 129
, 64
, 73
, 48
, 89
, 61
, 76
, 94
, 43
, 75
, 62
, 65
, 72
, 44
, 93
, 76
, 61
, 82
, 55
, 74
, 63
, 114
, 23
, 58
, 79
, 30
, 107
, 31
, 106
, 99
, 38
, 105
, 32
, 100
, 37
, 5
, 132
, 79
, 58
, 87
, 50
, 20
, 117
, 3
, 134
, 116
, 21
, 134
, 3
, 79
, 58
, 61
, 76
, 2
, 135
, 100
, 37
, 129
, 8
, 76
, 61
, 86
, 51
, 103
, 34
, 82
, 55
, 59
, 78
, 109
, 28
, 131
, 6
, 12
, 125
, 37
, 100
, 109
, 28
, 80
, 57
, 82
, 55
, 100
, 37
, 124
, 13
, 36
, 101
, 123
, 14
, 19
, 118
, 116
, 21
, 61
, 76
, 1
, 136
, 106
, 31
, 113
, 24
, 12
, 125
, 127
, 10
, 31
, 106
, 54
, 83
, 37
, 100
, 35
, 102
, 117
, 20
, 62
, 75
, 61
, 76
, 117
, 20
, 43
, 94
, 49
, 88
, 41
, 96
, 63
, 74
, 33
, 104
, 39
, 98
, 135
, 2
, 74
, 63
, 73
, 64
, 29
, 108
, 75
, 62
, 102
, 35
, 101
, 36
, 110
, 27
, 59
, 78
, 65
, 72
, 22
, 115
, 107
, 30
, 134
, 3
, 102
, 35
, 15
, 122
, 62
, 75
, 80
, 57
, 92
, 45
, 95
, 42
, 10
, 127
, 94
, 43
, 94
, 43
, 31
, 106
, 127
, 10
, 99
, 38
, 97
, 40
, 12
, 125
, 66
, 71
, 18
, 119
, 95
, 42
, 80
, 57
, 78
, 59
, 87
, 50
, 86
, 51
, 90
, 47
, 3
, 134
, 86
, 51
, 117
, 20
, 23
, 114
, 115
, 22
, 27
, 110
, 92
, 45
, 95
, 42
, 36
, 101
, 70
, 67
, 75
, 62
, 105
, 32
, 124
, 13
, 29
, 108
, 7
, 130
, 70
, 67
, 20
, 117
, 22
, 115
, 18
, 119
, 5
, 132
, 73
, 64
, 17
, 120
, 9
, 128
, 62
, 75
, 33
, 104
, 75
, 62
, 86
, 51
, 42
, 95
, 112
, 25
, 42
, 95
, 118
, 19
, 37
, 100
, 122
, 15
, 40
, 97
, 60
, 77
, 50
, 87
, 65
, 72
, 2
, 135
, 8
, 129
, 132
, 5
, 42
, 95
, 82
, 55
, 50
, 87
, 44
, 93
, 21
, 116
, 91
, 46
, 86
, 51
, 119
, 18
, 53
, 84
, 102
, 35
, 68
, 69
, 108
, 29
, 127
, 10
, 25
, 112
, 78
, 59
, 130
, 7
, 99
, 38
, 110
, 27
, 50
, 87
, 17
, 120
, 68
, 69
, 120
, 17
, 85
, 52
, 11
, 126
, 25
, 112
, 53
, 84
, 129
, 8
, 77
, 60
, 65
, 72
, 42
, 95
, 78
, 59
, 119
, 18
, 1
, 136
, 78
, 59
, 1
, 136
, 16
, 121
, 75
, 62
, 124
, 13
, 76
, 61
, 93
, 44
, 61
, 76
, 98
, 39
, 64
, 73
, 4
, 133
, 50
, 87
, 31
, 106
, 116
, 21
, 74
, 63
, 90
, 47
, 41
, 96
, 28
, 109
, 42
, 95
, 20
, 117
, 69
, 68
, 104
, 33
, 27
, 110
, 96
, 41
, 63
, 74
, 86
, 51
, 27
, 110
, 83
, 54
, 26
, 111
, 56
, 81
, 77
, 60
, 15
, 122
, 49
, 88
, 8
, 129
, 129
, 8
, 115
, 22
, 112
, 25
, 55
, 82
, 30
, 107
, 93
, 44
, 91
, 46
, 98
, 39
, 131
, 6
, 54
, 83
, 75
, 62
, 84
, 53
, 79
, 58
, 71
, 66
, 17
, 120
, 121
, 16
, 51
, 86
, 113
, 24
, 15
, 122
, 125
, 12
, 53
, 84
, 45
, 92
, 99
, 38
, 129
, 8
, 29
, 108
, 26
, 111
, 132
, 5
, 103
, 34
, 115
, 22
, 85
, 52
, 115
, 22
, 47
, 90
, 127
, 10
, 24
, 113
, 64
, 73
, 111
, 26
, 127
, 10
, 25
, 112
, 34
, 103
, 4
, 133
, 82
, 55
, 132
, 5
, 113
, 24
, 44
, 93
, 87
, 50
, 104
, 33
, 82
, 55
, 13
, 124
, 90
, 47
, 104
, 33
, 11
, 126
, 9
, 128
, 78
, 59
, 52
, 85
, 7
, 130
, 18
, 119
, 121
, 16
, 112
, 25
, 55
, 82
, 34
, 103
, 98
, 39
, 98
, 39
, 131
, 6
, 38
, 99
, 44
, 93
, 54
, 83
, 103
, 34
, 25
, 112
, 134
, 3
, 127
, 10
, 9
, 128
, 45
, 92
, 95
, 42
, 85
, 52
, 4
, 133
, 15
, 122
, 108
, 29
, 125
, 12
, 14
, 123
, 27
, 110
, 8
, 129
, 72
, 65
, 47
, 90
, 92
, 45
, 70
, 67
, 79
, 58
, 99
, 38
, 77
, 60
, 72
, 65
, 63
, 74
, 135
, 2
, 9
, 128
, 106
, 31
, 22
, 115
, 46
, 91
, 96
, 41
, 39
, 98
, 40
, 97
, 61
, 76
, 26
, 111
, 13
, 124
, 15
, 122
, 65
, 72
, 122
, 15
, 17
, 120
, 91
, 46
, 96
, 41
, 86
, 51
, 63
, 74
, 100
, 37
, 27
, 110
, 1
, 136
, 99
, 38
, 28
, 109
, 53
, 84
, 23
, 114
, 46
, 91
, 34
, 103
, 49
, 88
, 70
, 67
, 60
, 77
, 67
, 70
, 126
, 11
, 47
, 90
, 71
, 66
, 73
, 64
, 5
, 132
, 41
, 96
, 61
, 76
, 28
, 109
, 25
, 112
, 123
, 14
, 35
, 102
, 135
, 2
, 123
, 14
, 35
, 102
, 115
, 22
, 91
, 46
, 134
, 3
, 10
, 127
, 113
, 24
, 98
, 39
, 124
, 13
, 134
, 3
, 110
, 27
, 34
, 103
, 47
, 90
, 41
, 96
, 88
, 49
, 78
, 59
, 60
, 77
, 30
, 107
, 18
, 119
, 100
, 37
, 89
, 48
, 54
, 83
, 52
, 85
, 33
, 104
, 28
, 109
, 122
, 15
, 127
, 10
, 131
, 6
, 53
, 84
, 45
, 92
, 52
, 85
, 97
, 40
, 10
, 127
, 93
, 44
, 3
, 134
, 19
, 118
, 35
, 102
, 46
, 91
, 19
, 118
, 10
, 127
, 54
, 83
, 61
, 76
, 77
, 60
, 110
, 27
, 123
, 14
, 92
, 45
, 20
, 117
, 80
, 57
, 27
, 110
, 81
, 56
, 121
, 16
, 49
, 88
, 61
, 76
, 37
, 100
, 73
, 64
, 11
, 126
, 115
, 22
, 60
, 77
, 35
, 102
, 70
, 67
, 82
, 55
, 107
, 30
, 28
, 109
, 20
, 117
, 11
, 126
, 111
, 26
, 55
, 82
, 109
, 28
, 63
, 74
, 123
, 14
, 38
, 99
, 63
, 74
, 70
, 67
, 126
, 11
, 42
, 95
, 6
, 131
, 94
, 43
, 26
, 111
, 112
, 25
, 47
, 90
, 109
, 28
, 102
, 35
, 19
, 118
, 46
, 91
, 94
, 43
, 63
, 74
, 55
, 82
, 62
, 75
, 51
, 86
, 68
, 69
, 62
, 75
, 14
, 123
, 123
, 14
, 34
, 103
, 57
, 80
, 9
, 128
, 64
, 73
, 75
, 62
, 94
, 43
, 78
, 59
, 61
, 76
, 40
, 97
, 110
, 27
, 72
, 65
, 8
, 129
, 7
, 130
, 48
, 89
, 106
, 31
, 64
, 73
, 49
, 88
, 30
, 107
, 96
, 41
, 55
, 82
, 111
, 26
, 28
, 109
, 103
, 34
, 52
, 85
, 118
, 19
, 62
, 75
, 39
, 98
, 67
, 70
, 115
, 22
, 50
, 87
, 84
, 53
, 28
, 109
, 74
, 63
, 26
, 111
, 106
, 31
, 33
, 104
, 100
, 37
, 119
, 18
, 50
, 87
, 126
, 11
, 51
, 86
, 44
, 93
, 3
, 134
, 27
, 110
, 93
, 44
, 22
, 115
, 22
, 115
, 63
, 74
, 16
, 121
, 29
, 108
, 55
, 82
, 92
, 45
, 43
, 94
, 19
, 118
, 65
, 72
, 88
, 49
, 109
, 28
, 30
, 107
, 60
, 77
, 38
, 99
, 127
, 10
, 126
, 11
, 130
, 7
, 125
, 12
, 117
, 20
, 36
, 101
, 90
, 47
, 121
, 16
, 76
, 61
, 59
, 78
, 33
, 104
, 44
, 93
, 31
, 106
, 84
, 53
, 51
, 86
, 36
, 101
, 131
, 6
, 19
, 118
, 83
, 54
, 107
, 30
, 39
, 98
, 80
, 57
, 91
, 46
, 55
, 82
, 15
, 122
, 96
, 41
, 75
, 62
, 130
, 7
, 109
, 28
, 75
, 62
, 50
, 87
, 135
, 2
, 83
, 54
, 13
, 124
, 30
, 107
, 132
, 5
, 130
, 7
, 135
, 2
, 48
, 89
, 119
, 18
, 37
, 100
, 74
, 63
, 29
, 108
, 4
, 133
, 120
, 17
, 32
, 105
, 61
, 76
, 98
, 39
, 81
, 56
, 17
, 120
, 24
, 113
, 113
, 24
, 60
, 77
, 97
, 40
, 93
, 44
, 129
, 8
, 30
, 107
, 8
, 129
, 101
, 36
, 118
, 19
, 37
, 100
, 32
, 105
, 71
, 66
, 16
, 121
, 95
, 42
, 58
, 79
, 70
, 67
, 86
, 51
, 42
, 95
, 124
, 13
, 68
, 69
, 23
, 114
, 10
, 127
, 47
, 90
, 34
, 103
, 118
, 19
, 100
, 37
, 36
, 101
, 97
, 40
, 11
, 126
, 30
, 107
, 86
, 51
, 37
, 100
, 95
, 42
, 49
, 88
, 41
, 96
, 130
, 7
, 75
, 62
, 17
, 120
, 14
, 123
, 52
, 85
, 86
, 51
, 13
, 124
, 123
, 14
, 52
, 85
, 94
, 43
, 26
, 111
, 17
, 120
, 93
, 44
, 120
, 17
, 120
, 17
, 93
, 44
, 10
, 127
, 11
, 126
, 92
, 45
, 61
, 76
, 83
, 54
, 95
, 42
, 99
, 38
, 22
, 115
, 134
, 3
, 133
, 4
, 113
, 24
, 84
, 53
, 65
, 72
, 84
, 53
, 122
, 15
, 39
, 98
, 47
, 90
, 84
, 53
, 98
, 39
, 67
, 70
, 112
, 25
, 14
, 123
, 107
, 30
, 33
, 104
, 69
, 68
, 88
, 49
, 55
, 82
, 4
, 133
, 8
, 129
, 25
, 112
, 100
, 37
, 28
, 109
, 15
, 122
, 88
, 49
, 125
, 12
, 33
, 104
, 57
, 80
, 114
, 23
, 77
, 60
, 133
, 4
, 95
, 42
, 48
, 89
, 9
, 128
, 8
, 129
, 76
, 61
, 118
, 19
, 33
, 104
, 66
, 71
, 133
, 4
, 22
, 115
, 18
, 119
, 78
, 59
, 39
, 98
, 55
, 82
, 46
, 91
, 94
, 43
, 116
, 21
, 82
, 55
, 31
, 106
, 71
, 66
, 101
, 36
, 57
, 80
, 99
, 38
, 97
, 40
, 64
, 73
, 55
, 82
, 118
, 19
, 106
, 31
, 125
, 12
, 22
, 115
, 55
, 82
, 10
, 127
, 90
, 47
, 83
, 54
, 60
, 77
, 24
, 113
, 132
, 5
, 31
, 106
, 8
, 129
, 104
, 33
, 87
, 50
, 69
, 68
, 91
, 46
, 104
, 33
, 35
, 102
, 113
, 24
, 98
, 39
, 107
, 30
, 106
, 31
, 92
, 45
, 94
, 43
, 22
, 115
, 57
, 80
, 85
, 52
, 7
, 130
, 12
, 125
, 60
, 77
, 1
, 136
, 17
, 120
, 116
, 21
, 37
, 100
, 110
, 27
, 32
, 105
, 80
, 57
, 27
, 110
, 84
, 53
, 82
, 55
, 92
, 45
, 42
, 95
, 50
, 87
, 129
, 8
, 123
, 14
, 93
, 44
, 82
, 55
, 17
, 120
, 9
, 128
, 73
, 64
, 91
, 46
, 114
, 23
, 27
, 110
, 100
, 37
, 72
, 65
, 98
, 39
, 82
, 55
, 116
, 21
, 30
, 107
, 102
, 35
, 20
, 117
, 37
, 100
, 67
, 70
, 89
, 48
, 77
, 60
, 134
, 3
, 109
, 28
, 128
, 9
, 103
, 34
, 107
, 30
, 128
, 9
, 1
, 136
, 127
, 10
, 26
, 111
, 108
, 29
, 84
, 53
, 110
, 27
, 76
, 61
, 17
, 120
, 13
, 124
, 47
, 90
, 27
, 110
, 110
, 27
, 133
, 4
, 51
, 86
, 39
, 98
, 93
, 44
, 132
, 5
, 90
, 47
, 9
, 128
, 69
, 68
, 111
, 26
, 122
, 15
, 58
, 79
, 123
, 14
, 112
, 25
, 76
, 61
, 104
, 33
, 105
, 32
, 21
, 116
, 33
, 104
, 67
, 70
, 31
, 106
, 41
, 96
, 75
, 62
, 134
, 3
, 107
, 30
, 101
, 36
, 22
, 115
, 53
, 84
, 17
, 120
, 5
, 132
, 128
, 9
, 97
, 40
, 106
, 31
, 2
, 135
, 88
, 49
, 103
, 34
, 54
, 83
, 20
, 117
, 126
, 11
, 61
, 76
, 67
, 70
, 123
, 14
, 82
, 55
, 101
, 36
, 9
, 128
, 90
, 47
, 22
, 115
, 111
, 26
, 102
, 35
, 16
, 121
, 113
, 24
, 129
, 8
, 57
, 80
, 13
, 124
, 134
, 3
, 16
, 121
, 114
, 23
, 34
, 103
, 133
, 4
, 116
, 21
, 60
, 77
, 86
, 51
, 128
, 9
, 10
, 127
, 12
, 125
, 76
, 61
, 72
, 65
, 45
, 92
, 10
, 127
, 40
, 97
, 48
, 89
, 36
, 101
, 87
, 50
, 1
, 136
, 47
, 90
, 85
, 52
, 56
, 81
, 36
, 101
, 54
, 83
, 48
, 89
, 86
, 51
, 125
, 12
, 4
, 133
, 71
, 66
, 12
, 125
, 90
, 47
, 93
, 44
, 37
, 100
, 90
, 47
, 1
, 136
, 39
, 98
, 93
, 44
, 53
, 84
, 126
, 11
, 19
, 118
, 48
, 89
, 98
, 39
, 95
, 42
, 20
, 117
, 51
, 86
, 86
, 51
, 52
, 85
, 100
, 37
, 119
, 18
, 13
, 124
, 129
, 8
, 117
, 20
, 120
, 17
, 121
, 16
, 132
, 5
, 72
, 65
, 80
, 57
, 10
, 127
, 52
, 85
, 7
, 130
, 45
, 92
, 79
, 58
, 106
, 31
, 5
, 132
, 14
, 123
, 53
, 84
, 7
, 130
, 12
, 125
, 67
, 70
, 36
, 101
, 34
, 103
, 7
, 130
, 87
, 50
, 53
, 84
, 110
, 27
, 19
, 118
, 71
, 66
, 13
, 124
, 94
, 43
, 117
, 20
, 79
, 58
, 113
, 24
, 109
, 28
, 58
, 79
, 75
, 62
, 36
, 101
, 69
, 68
, 39
, 98
, 126
, 11
, 15
, 122
, 132
, 5
, 103
, 34
, 74
, 63
, 55
, 82
, 89
, 48
, 40
, 97
, 104
, 33
, 72
, 65
, 43
, 94
, 12
, 125
, 65
, 72
, 61
, 76
, 68
, 69
, 124
, 13
, 91
, 46
, 100
, 37
, 119
, 18
, 7
, 130
, 39
, 98
, 130
, 7
, 44
, 93
, 78
, 59
, 21
, 116
, 130
, 7
, 74
, 63
, 12
, 125
, 25
, 112
, 126
, 11
, 83
, 54
, 55
, 82
, 115
, 22
, 109
, 28
, 64
, 73
, 124
, 13
, 114
, 23
, 100
, 37
, 1
, 136
, 93
, 44
, 37
, 100
, 35
, 102
, 110
, 27
, 112
, 25
, 114
, 23
, 74
, 63
, 101
, 36
, 63
, 74
, 6
, 131
, 99
, 38
, 4
, 133
, 6
, 131
, 8
, 129
, 6
, 131
, 53
, 84
, 58
, 79
, 52
, 85
, 59
, 78
, 86
, 51
, 105
, 32
, 33
, 104
, 74
, 63
, 56
, 81
, 48
, 89
, 1
, 136
, 80
, 57
, 91
, 46
, 95
, 42
, 24
, 113
, 62
, 75
, 58
, 79
, 14
, 123
, 67
, 70
, 130
, 7
, 68
, 69
, 108
, 29
, 91
, 46
, 129
, 8
, 46
, 91
, 88
, 49
, 99
, 38
, 35
, 102
, 14
, 123
, 130
, 7
, 109
, 28
, 69
, 68
, 66
, 71
, 95
, 42
, 99
, 38
, 39
, 98
, 117
, 20
, 91
, 46
, 121
, 16
, 48
, 89
, 63
, 74
, 105
, 32
, 17
, 120
, 76
, 61
, 116
, 21
, 41
, 96
, 39
, 98
, 30
, 107
, 134
, 3
, 39
, 98
, 113
, 24
, 13
, 124
, 105
, 32
, 63
, 74
, 108
, 29
, 57
, 80
, 82
, 55
, 58
, 79
, 57
, 80
, 44
, 93
, 114
, 23
, 44
, 93
, 10
, 127
, 79
, 58
, 118
, 19
, 40
, 97
, 69
, 68
, 108
, 29
, 13
, 124
, 16
, 121
, 121
, 16
, 100
, 37
, 115
, 22
, 19
, 118
, 78
, 59
, 20
, 117
, 56
, 81
, 64
, 73
, 38
, 99
, 69
, 68
, 39
, 98
, 129
, 8
, 109
, 28
, 33
, 104
, 21
, 116
, 78
, 59
, 100
, 37
, 30
, 107
, 46
, 91
, 58
, 79
, 56
, 81
, 87
, 50
, 16
, 121
, 40
, 97
, 45
, 92
, 45
, 92
, 119
, 18
, 37
, 100
, 52
, 85
, 45
, 92
, 101
, 36
, 106
, 31
, 29
, 108
, 44
, 93
, 59
, 78
, 73
, 64
, 19
, 118
, 18
, 119
, 96
, 41
, 4
, 133
, 122
, 15
, 98
, 39
, 101
, 36
, 21
, 116
, 9
, 128
, 131
, 6
, 17
, 120
, 91
, 46
, 64
, 73
, 29
, 108
, 90
, 47
, 99
, 38
, 80
, 57
, 95
, 42
, 12
, 125
, 124
, 13
, 74
, 63
, 8
, 129
, 42
, 95
, 100
, 37
, 74
, 63
, 57
, 80
, 85
, 52
, 15
, 122
, 27
, 110
, 41
, 96
, 40
, 97
, 64
, 73
, 73
, 64
, 99
, 38
, 32
, 105
, 16
, 121
, 55
, 82
, 124
, 13
, 97
, 40
, 75
, 62
, 124
, 13
, 134
, 3
, 90
, 47
, 28
, 109
, 127
, 10
, 34
, 103
, 23
, 114
, 48
, 89
, 55
, 82
, 117
, 20
, 10
, 127
, 94
, 43
, 28
, 109
, 89
, 48
, 81
, 56
, 14
, 123
, 56
, 81
, 113
, 24
, 22
, 115
, 123
, 14
, 126
, 11
, 23
, 114
, 126
, 11
, 59
, 78
, 109
, 28
, 70
, 67
, 49
, 88
, 19
, 118
, 10
, 127
, 57
, 80
, 131
, 6
, 16
, 121
, 22
, 115
, 44
, 93
, 48
, 89
, 31
, 106
, 10
, 127
, 39
, 98
, 124
, 13
, 58
, 79
, 58
, 79
, 29
, 108
, 107
, 30
, 110
, 27
, 2
, 135
, 33
, 104
, 109
, 28
, 11
, 126
, 47
, 90
, 68
, 69
, 46
, 91
, 84
, 53
, 29
, 108
, 116
, 21
, 10
, 127
, 1
, 136
, 67
, 70
, 71
, 66
, 8
, 129
, 57
, 80
, 38
, 99
, 16
, 121
, 103
, 34
, 57
, 80
, 111
, 26
, 4
, 133
, 63
, 74
, 133
, 4
, 56
, 81
, 44
, 93
, 88
, 49
, 48
, 89
, 72
, 65
, 26
, 111
, 45
, 92
, 86
, 51
, 61
, 76
, 25
, 112
, 119
, 18
, 120
, 17
, 130
, 7
, 21
, 116
, 132
, 5
, 46
, 91
, 30
, 107
, 43
, 94
, 85
, 52
, 51
, 86
, 125
, 12
, 123
, 14
, 55
, 82
, 105
, 32
, 80
, 57
, 132
, 5
, 37
, 100
, 130
, 7
, 122
, 15
, 42
, 95
, 70
, 67
, 31
, 106
, 8
, 129
, 64
, 73
, 59
, 78
, 130
, 7
, 106
, 31
, 21
, 116
, 105
, 32
, 74
, 63
, 133
, 4
, 126
, 11
, 129
, 8
, 13
, 124
, 111
, 26
, 14
, 123
, 82
, 55
, 82
, 55
, 59
, 78
, 29
, 108
, 73
, 64
, 127
, 10
, 92
, 45
, 74
, 63
, 93
, 44
, 65
, 72
, 42
, 95
, 69
, 68
, 42
, 95
, 78
, 59
, 60
, 77
, 58
, 79
, 95
, 42
, 23
, 114
, 124
, 13
, 34
, 103
, 127
, 10
, 103
, 34
, 26
, 111
, 62
, 75
, 80
, 57
, 11
, 126
, 126
, 11
, 66
, 71
, 36
, 101
, 43
, 94
, 98
, 39
, 9
, 128
, 132
, 5
, 74
, 63
, 20
, 117
, 117
, 20
, 19
, 118
, 85
, 52
, 103
, 34
, 23
, 114
, 127
, 10
, 78
, 59
, 86
, 51
, 116
, 21
, 15
, 122
, 110
, 27
, 6
, 131
, 93
, 44
, 83
, 54
, 123
, 14
, 125
, 12
, 48
, 89
, 2
, 135
, 109
, 28
, 31
, 106
, 44
, 93
, 102
, 35
, 127
, 10
, 106
, 31
, 63
, 74
, 85
, 52
, 115
, 22
, 87
, 50
, 96
, 41
, 120
, 17
, 72
, 65
, 67
, 70
, 80
, 57
, 73
, 64
, 54
, 83
, 116
, 21
, 71
, 66
, 81
, 56
, 63
, 74
, 60
, 77
, 74
, 63
, 79
, 58
, 4
, 133
, 80
, 57
, 33
, 104
, 70
, 67
, 40
, 97
, 63
, 74
, 25
, 112
, 14
, 123
, 69
, 68
, 19
, 118
, 28
, 109
, 93
, 44
, 107
, 30
, 43
, 94
, 119
, 18
, 99
, 38
, 96
, 41
, 126
, 11
, 76
, 61
, 121
, 16
, 35
, 102
, 128
, 9
, 42
, 95
, 41
, 96
, 72
, 65
, 102
, 35
, 41
, 96
, 28
, 109
, 4
, 133
, 13
, 124
, 39
, 98
, 71
, 66
, 73
, 64
, 56
, 81
, 10
, 127
, 21
, 116
, 132
, 5
, 12
, 125
, 110
, 27
, 71
, 66
, 13
, 124
, 75
, 62
, 5
, 132
, 99
, 38
, 120
, 17
, 53
, 84
, 4
, 133
, 111
, 26
, 97
, 40
, 2
, 135
, 44
, 93
, 86
, 51
, 69
, 68
, 50
, 87
, 17
, 120
, 42
, 95
, 8
, 129
, 59
, 78
, 21
, 116
, 86
, 51
, 104
, 33
, 22
, 115
, 80
, 57
, 55
, 82
, 13
, 124
, 108
, 29
, 37
, 100
, 10
, 127
, 99
, 38
, 53
, 84
, 65
, 72
, 45
, 92
, 56
, 81
, 35
, 102
, 34
, 103
, 132
, 5
, 89
, 48
, 105
, 32
, 13
, 124
, 72
, 65
, 124
, 13
, 78
, 59
, 114
, 23
, 53
, 84
, 82
, 55
, 79
, 58
, 104
, 33
, 80
, 57
, 42
, 95
, 98
, 39
, 90
, 47
, 65
, 72
, 128
, 9
, 128
, 9
, 24
, 113
, 118
, 19
, 78
, 59
, 33
, 104
, 65
, 72
, 102
, 35
, 13
, 124
, 4
, 133
, 5
, 132
, 75
, 62
, 115
, 22
, 121
, 16
, 33
, 104
, 37
, 100
, 64
, 73
, 32
, 105
, 48
, 89
, 86
, 51
, 135
, 2
, 96
, 41
, 13
, 124
, 95
, 42
, 40
, 97
, 125
, 12
, 15
, 122
, 12
, 125
, 109
, 28
, 59
, 78
, 93
, 44
, 13
, 124
, 36
, 101
, 1
, 136
, 128
, 9
, 4
, 133
, 20
, 117
, 61
, 76
, 15
, 122
, 124
, 13
, 62
, 75
, 22
, 115
, 16
, 121
, 28
, 109
, 83
, 54
, 84
, 53
, 57
, 80
, 106
, 31
, 126
, 11
, 37
, 100
, 131
, 6
, 5
, 132
, 13
, 124
, 102
, 35
, 73
, 64
, 76
, 61
, 13
, 124
, 47
, 90
, 22
, 115
, 80
, 57
, 91
, 46
, 11
, 126
, 73
, 64
, 111
, 26
, 108
, 29
, 57
, 80
, 101
, 36
, 101
, 36
, 40
, 97
, 35
, 102
, 97
, 40
, 101
, 36
, 13
, 124
, 65
, 72
, 38
, 99
, 37
, 100
, 22
, 115
, 55
, 82
, 25
, 112
, 5
, 132
, 20
, 117
, 69
, 68
, 14
, 123
, 38
, 99
, 109
, 28
, 13
, 124
, 12
, 125
, 80
, 57
, 98
, 39
, 30
, 107
, 64
, 73
, 49
, 88
, 122
, 15
, 90
, 47
, 6
, 131
, 79
, 58
, 1
, 136
, 47
, 90
, 37
, 100
, 49
, 88
, 104
, 33
, 73
, 64
, 31
, 106
, 83
, 54
, 35
, 102
, 103
, 34
, 12
, 125
, 15
, 122
, 62
, 75
, 46
, 91
, 128
, 9
, 14
, 123
, 124
, 13
, 111
, 26
, 83
, 54
, 120
, 17
, 17
, 120
, 77
, 60
, 18
, 119
, 135
, 2
, 127
, 10
, 131
, 6
, 109
, 28
, 70
, 67
, 44
, 93
, 107
, 30
, 95
, 42
, 55
, 82
, 60
, 77
, 12
, 125
, 114
, 23
, 95
, 42
, 83
, 54
, 30
, 107
, 108
, 29
, 11
, 126
, 45
, 92
, 33
, 104
, 76
, 61
, 130
, 7
, 30
, 107
, 36
, 101
, 22
, 115
, 38
, 99
, 71
, 66
, 102
, 35
, 64
, 73
, 99
, 38
, 135
, 2
, 14
, 123
, 23
, 114
, 60
, 77
, 69
, 68
, 127
, 10
, 20
, 117
, 32
, 105
, 38
, 99
, 79
, 58
, 71
, 66
, 122
, 15
, 43
, 94
, 47
, 90
, 61
, 76
, 119
, 18
, 99
, 38
, 91
, 46
, 59
, 78
, 82
, 55
, 55
, 82
, 134
, 3
, 53
, 84
, 88
, 49
, 134
, 3
, 115
, 22
, 90
, 47
, 113
, 24
, 32
, 105
, 86
, 51
, 88
, 49
, 47
, 90
, 119
, 18
, 126
, 11
, 2
, 135
, 57
, 80
, 107
, 30
, 73
, 64
, 125
, 12
, 23
, 114
, 59
, 78
, 45
, 92
, 39
, 98
, 37
, 100
, 29
, 108
, 71
, 66
, 12
, 125
, 49
, 88
, 92
, 45
, 9
, 128
, 94
, 43
, 100
, 37
, 28
, 109
, 28
, 109
, 116
, 21
, 71
, 66
, 9
, 128
, 67
, 70
, 124
, 13
, 16
, 121
, 58
, 79
, 71
, 66
, 126
, 11
, 78
, 59
, 36
, 101
, 86
, 51
, 63
, 74
, 46
, 91
, 27
, 110
, 83
, 54
, 121
, 16
, 74
, 63
, 120
, 17
, 40
, 97
, 29
, 108
, 10
, 127
, 133
, 4
, 42
, 95
, 103
, 34
, 44
, 93
, 2
, 135
, 23
, 114
, 36
, 101
, 114
, 23
, 4
, 133
, 110
, 27
, 65
, 72
, 34
, 103
, 63
, 74
, 14
, 123
, 62
, 75
, 113
, 24
, 11
, 126
, 120
, 17
, 110
, 27
, 47
, 90
, 10
, 127
, 81
, 56
, 41
, 96
, 80
, 57
, 50
, 87
, 91
, 46
, 59
, 78
, 104
, 33
, 5
, 132
, 128
, 9
, 119
, 18
, 135
, 2
, 38
, 99
, 60
, 77
, 23
, 114
, 87
, 50
, 6
, 131
, 6
, 131
, 93
, 44
, 102
, 35
, 87
, 50
, 64
, 73
, 125
, 12
, 71
, 66
, 27
, 110
, 21
, 116
, 132
, 5
, 56
, 81
, 70
, 67
, 43
, 94
, 76
, 61
, 65
, 72
, 18
, 119
, 6
, 131
, 8
, 129
, 128
, 9
, 82
, 55
, 71
, 66
, 51
, 86
, 5
, 132
, 102
, 35
, 27
, 110
, 9
, 128
, 84
, 53
, 5
, 132
, 105
, 32
, 99
, 38
, 11
, 126
, 14
, 123
, 94
, 43
, 63
, 74
, 83
, 54
, 123
, 14
, 26
, 111
, 66
, 71
, 96
, 41
, 77
, 60
, 23
, 114
, 79
, 58
, 47
, 90
, 66
, 71
, 94
, 43
, 100
, 37
, 118
, 19
, 90
, 47
, 60
, 77
, 69
, 68
, 40
, 97
, 75
, 62
, 79
, 58
, 124
, 13
, 70
, 67
, 104
, 33
, 84
, 53
, 39
, 98
, 25
, 112
, 41
, 96
, 126
, 11
, 90
, 47
, 47
, 90
, 129
, 8
, 109
, 28
, 11
, 126
, 123
, 14
, 25
, 112
, 11
, 126
, 42
, 95
, 97
, 40
, 74
, 63
, 107
, 30
, 79
, 58
, 49
, 88
, 13
, 124
, 134
, 3
, 66
, 71
, 31
, 106
, 20
, 117
, 81
, 56
, 79
, 58
, 128
, 9
, 44
, 93
, 68
, 69
, 119
, 18
, 84
, 53
, 90
, 47
, 113
, 24
, 94
, 43
, 78
, 59
, 23
, 114
, 115
, 22
, 114
, 23
, 11
, 126
, 71
, 66
, 78
, 59
, 106
, 31
, 18
, 119
, 81
, 56
, 82
, 55
, 107
, 30
, 96
, 41
, 101
, 36
, 37
, 100
, 86
, 51
, 97
, 40
, 67
, 70
, 8
, 129
, 32
, 105
, 100
, 37
, 35
, 102
, 133
, 4
, 94
, 43
, 133
, 4
, 103
, 34
, 15
, 122
, 84
, 53
, 50
, 87
, 64
, 73
, 8
, 129
, 61
, 76
, 13
, 124
, 57
, 80
, 11
, 126
, 73
, 64
, 122
, 15
, 18
, 119
, 21
, 116
, 7
, 130
, 35
, 102
, 25
, 112
, 102
, 35
, 97
, 40
, 76
, 61
, 126
, 11
, 51
, 86
, 106
, 31
, 67
, 70
, 37
, 100
, 73
, 64
, 114
, 23
, 32
, 105
, 71
, 66
, 48
, 89
, 104
, 33
, 21
, 116
, 106
, 31
, 119
, 18
, 74
, 63
, 46
, 91
, 71
, 66
, 36
, 101
, 125
, 12
, 41
, 96
, 94
, 43
, 67
, 70
, 36
, 101
, 4
, 133
, 31
, 106
, 59
, 78
, 56
, 81
, 46
, 91
, 96
, 41
, 67
, 70
, 78
, 59
, 124
, 13
, 91
, 46
, 104
, 33
, 100
, 37
, 45
, 92
, 65
, 72
, 38
, 99
, 118
, 19
, 63
, 74
, 86
, 51
, 40
, 97
, 122
, 15
, 9
, 128
, 6
, 131
, 21
, 116
, 85
, 52
, 130
, 7
, 97
, 40
, 114
, 23
, 80
, 57
, 54
, 83
, 87
, 50
, 134
, 3
, 62
, 75
, 79
, 58
, 127
, 10
, 5
, 132
, 68
, 69
, 95
, 42
, 11
, 126
, 88
, 49
, 115
, 22
, 51
, 86
, 78
, 59
, 40
, 97
, 24
, 113
, 109
, 28
, 41
, 96
, 62
, 75
, 113
, 24
, 32
, 105
, 115
, 22
, 4
, 133
, 107
, 30
, 2
, 135
, 57
, 80
, 112
, 25
, 9
, 128
, 3
, 134
, 112
, 25
, 119
, 18
, 69
, 68
, 74
, 63
, 24
, 113
, 116
, 21
, 64
, 73
, 130
, 7
, 110
, 27
, 124
, 13
, 57
, 80
, 51
, 86
, 56
, 81
, 56
, 81
, 6
, 131
, 40
, 97
, 43
, 94
, 58
, 79
, 128
, 9
, 55
, 82
, 47
, 90
, 31
, 106
, 78
, 59
, 27
, 110
, 10
, 127
, 40
, 97
, 6
, 131
, 105
, 32
, 57
, 80
, 100
, 37
, 93
, 44
, 54
, 83
, 35
, 102
, 1
, 136
, 31
, 106
, 7
, 130
, 125
, 12
, 83
, 54
, 106
, 31
, 128
, 9
, 55
, 82
, 103
, 34
, 22
, 115
, 16
, 121
, 76
, 61
, 97
, 40
, 102
, 35
, 73
, 64
, 71
, 66
, 45
, 92
, 80
, 57
, 21
, 116
, 83
, 54
, 63
, 74
, 46
, 91
, 33
, 104
, 115
, 22
, 48
, 89
, 75
, 62
, 114
, 23
, 7
, 130
, 5
, 132
, 50
, 87
, 31
, 106
, 85
, 52
, 39
, 98
, 30
, 107
, 21
, 116
, 19
, 118
, 50
, 87
, 25
, 112
, 51
, 86
, 37
, 100
, 121
, 16
, 47
, 90
, 118
, 19
, 20
, 117
, 38
, 99
, 5
, 132
, 114
, 23
, 50
, 87
, 111
, 26
, 47
, 90
, 47
, 90
, 54
, 83
, 11
, 126
, 116
, 21
, 65
, 72
, 91
, 46
, 8
, 129
, 57
, 80
, 105
, 32
, 35
, 102
, 17
, 120
, 52
, 85
, 95
, 42
, 43
, 94
, 21
, 116
, 21
, 116
, 127
, 10
, 117
, 20
, 104
, 33
, 122
, 15
, 131
, 6
, 102
, 35
, 98
, 39
, 128
, 9
, 88
, 49
, 94
, 43
, 1
, 136
, 78
, 59
, 32
, 105
, 134
, 3
, 109
, 28
, 103
, 34
, 53
, 84
, 109
, 28
, 125
, 12
, 62
, 75
, 131
, 6
, 106
, 31
, 118
, 19
, 98
, 39
, 69
, 68
, 72
, 65
, 88
, 49
, 123
, 14
, 93
, 44
, 90
, 47
, 24
, 113
, 107
, 30
, 26
, 111
, 18
, 119
, 38
, 99
, 45
, 92
, 113
, 24
, 115
, 22
, 33
, 104
, 49
, 88
, 11
, 126
, 107
, 30
, 131
, 6
, 132
, 5
, 100
, 37
, 61
, 76
, 118
, 19
, 124
, 13
, 51
, 86
, 60
, 77
, 69
, 68
, 84
, 53
, 37
, 100
, 57
, 80
, 30
, 107
, 23
, 114
, 57
, 80
, 90
, 47
, 46
, 91
, 4
, 133
, 48
, 89
, 43
, 94
, 69
, 68
, 66
, 71
, 98
, 39
, 49
, 88
, 65
, 72
, 33
, 104
, 29
, 108
, 108
, 29
, 59
, 78
, 133
, 4
, 81
, 56
, 124
, 13
, 52
, 85
, 20
, 117
, 121
, 16
, 71
, 66
, 14
, 123
, 109
, 28
, 28
, 109
, 25
, 112
, 86
, 51
, 90
, 47
, 17
, 120
, 33
, 104
, 60
, 77
, 119
, 18
, 128
, 9
, 93
, 44
, 109
, 28
, 105
, 32
, 56
, 81
, 50
, 87
, 116
, 21
, 121
, 16
, 65
, 72
, 95
, 42
, 57
, 80
, 34
, 103
, 51
, 86
, 74
, 63
, 85
, 52
, 81
, 56
, 78
, 59
, 62
, 75
, 108
, 29
, 2
, 135
, 46
, 91
, 110
, 27
, 37
, 100
, 64
, 73
, 52
, 85
, 131
, 6
, 56
, 81
, 91
, 46
, 102
, 35
, 76
, 61
, 103
, 34
, 28
, 109
, 29
, 108
, 20
, 117
, 12
, 125
, 117
, 20
, 46
, 91
, 88
, 49
, 55
, 82
, 28
, 109
, 81
, 56
, 110
, 27
, 104
, 33
, 77
, 60
, 133
, 4
, 134
, 3
, 1
, 136
, 17
, 120
, 3
, 134
, 52
, 85
, 86
, 51
, 68
, 69
, 110
, 27
, 106
, 31
, 134
, 3
, 111
, 26
, 44
, 93
, 101
, 36
, 42
, 95
, 5
, 132
, 100
, 37
, 112
, 25
, 69
, 68
, 128
, 9
, 36
, 101
, 21
, 116
, 101
, 36
, 2
, 135
, 6
, 131
, 84
, 53
, 85
, 52
, 120
, 17
, 12
, 125
, 14
, 123
, 17
, 120
, 8
, 129
, 41
, 96
, 48
, 89
, 27
, 110
, 7
, 130
, 18
, 119
, 125
, 12
, 128
, 9
, 20
, 117
, 134
, 3
, 105
, 32
, 56
, 81
, 42
, 95
, 43
, 94
, 78
, 59
, 134
, 3
, 50
, 87
, 131
, 6
, 110
, 27
, 95
, 42
, 54
, 83
, 130
, 7
, 68
, 69
, 106
, 31
, 19
, 118
, 66
, 71
, 80
, 57
, 98
, 39
, 35
, 102
, 88
, 49
, 100
, 37
, 89
, 48
, 27
, 110
, 114
, 23
, 97
, 40
, 45
, 92
, 123
, 14
, 115
, 22
, 134
, 3
, 55
, 82
, 82
, 55
, 52
, 85
, 135
, 2
, 106
, 31
, 107
, 30
, 35
, 102
, 132
, 5
, 48
, 89
, 30
, 107
, 85
, 52
, 75
, 62
, 110
, 27
, 79
, 58
, 92
, 45
, 62
, 75
, 91
, 46
, 55
, 82
, 84
, 53
, 37
, 100
, 83
, 54
, 17
, 120
, 128
, 9
, 85
, 52
, 102
, 35
, 7
, 130
, 79
, 58
, 22
, 115
, 107
, 30
, 98
, 39
, 37
, 100
, 106
, 31
, 50
, 87
, 94
, 43
, 22
, 115
, 47
, 90
, 48
, 89
, 33
, 104
, 133
, 4
, 11
, 126
, 7
, 130
, 23
, 114
, 120
, 17
, 31
, 106
, 68
, 69
, 50
, 87
, 36
, 101
, 31
, 106
, 83
, 54
, 81
, 56
, 57
, 80
, 46
, 91
, 17
, 120
, 45
, 92
, 134
, 3
, 38
, 99
, 121
, 16
, 111
, 26
, 112
, 25
, 93
, 44
, 98
, 39
, 90
, 47
, 83
, 54
, 76
, 61
, 65
, 72
, 119
, 18
, 88
, 49
, 49
, 88
, 6
, 131
, 8
, 129
, 123
, 14
, 63
, 74
, 84
, 53
, 76
, 61
, 61
, 76
, 6
, 131
, 78
, 59
, 51
, 86
, 53
, 84
, 12
, 125
, 42
, 95
, 91
, 46
, 120
, 17
, 134
, 3
, 86
, 51
, 118
, 19
, 38
, 99
, 113
, 24
, 65
, 72
, 55
, 82
, 37
, 100
, 95
, 42
, 74
, 63
, 117
, 20
, 127
, 10
, 15
, 122
, 2
, 135
, 74
, 63
, 69
, 68
, 19
, 118
, 112
, 25
, 23
, 114
, 86
, 51
, 117
, 20
, 120
, 17
, 41
, 96
, 102
, 35
, 74
, 63
, 7
, 130
, 92
, 45
, 41
, 96
, 111
, 26
, 62
, 75
, 133
, 4
, 10
, 127
, 84
, 53
, 34
, 103
, 117
, 20
, 113
, 24
, 50
, 87
, 45
, 92
, 54
, 83
, 54
, 83
, 48
, 89
, 63
, 74
, 93
, 44
, 114
, 23
, 94
, 43
, 4
, 133
, 106
, 31
, 49
, 88
, 100
, 37
, 100
, 37
, 37
, 100
, 11
, 126
, 129
, 8
, 95
, 42
, 108
, 29
, 82
, 55
, 27
, 110
, 85
, 52
, 35
, 102
, 127
, 10
, 56
, 81
, 5
, 132
, 120
, 17
, 87
, 50
, 74
, 63
, 54
, 83
, 116
, 21
, 43
, 94
, 135
, 2
, 24
, 113
, 32
, 105
, 53
, 84
, 63
, 74
, 88
, 49
, 36
, 101
, 44
, 93
, 32
, 105
, 39
, 98
, 113
, 24
, 66
, 71
, 124
, 13
, 69
, 68
, 99
, 38
, 125
, 12
, 131
, 6
, 5
, 132
, 48
, 89
, 22
, 115
, 104
, 33
, 60
, 77
, 40
, 97
, 89
, 48
, 107
, 30
, 118
, 19
, 118
, 19
, 20
, 117
, 17
, 120
, 31
, 106
, 115
, 22
, 135
, 2
, 127
, 10
, 125
, 12
, 85
, 52
, 61
, 76
, 104
, 33
, 34
, 103
, 110
, 27
, 101
, 36
, 132
, 5
, 107
, 30
, 16
, 121
, 115
, 22
, 100
, 37
, 88
, 49
, 47
, 90
, 35
, 102
, 133
, 4
, 66
, 71
, 130
, 7
, 80
, 57
, 54
, 83
, 28
, 109
, 101
, 36
, 2
, 135
, 33
, 104
, 12
, 125
, 100
, 37
, 50
, 87
, 1
, 136
, 26
, 111
, 24
, 113
, 94
, 43
, 18
, 119
, 31
, 106
, 69
, 68
, 106
, 31
, 128
, 9
, 89
, 48
, 49
, 88
, 44
, 93
, 66
, 71
, 31
, 106
, 25
, 112
, 37
, 100
, 99
, 38
, 106
, 31
, 36
, 101
, 44
, 93
, 27
, 110
, 69
, 68
, 84
, 53
, 134
, 3
, 68
, 69
, 11
, 126
, 129
, 8
, 92
, 45
, 112
, 25
, 23
, 114
, 24
, 113
, 132
, 5
, 120
, 17
, 3
, 134
, 56
, 81
, 26
, 111
, 91
, 46
, 17
, 120
, 69
, 68
, 45
, 92
, 19
, 118
, 1
, 136
, 56
, 81
, 120
, 17
, 52
, 85
, 16
, 121
, 38
, 99
, 52
, 85
, 13
, 124
, 91
, 46
, 76
, 61
, 99
, 38
, 30
, 107
, 64
, 73
, 14
, 123
, 107
, 30
, 104
, 33
, 66
, 71
, 113
, 24
, 92
, 45
, 101
, 36
, 72
, 65
, 110
, 27
, 23
, 114
, 21
, 116
, 79
, 58
, 45
, 92
, 37
, 100
, 52
, 85
, 3
, 134
, 67
, 70
, 125
, 12
, 41
, 96
, 98
, 39
, 8
, 129
, 64
, 73
, 42
, 95
, 78
, 59
, 117
, 20
, 88
, 49
, 125
, 12
, 88
, 49
, 4
, 133
, 35
, 102
, 129
, 8
, 28
, 109
, 13
, 124
, 126
, 11
, 105
, 32
, 104
, 33
, 82
, 55
, 20
, 117
, 2
, 135
, 93
, 44
, 126
, 11
, 127
, 10
, 20
, 117
, 123
, 14
, 50
, 87
, 13
, 124
, 79
, 58
, 124
, 13
, 38
, 99
, 28
, 109
, 89
, 48
, 12
, 125
, 116
, 21
, 34
, 103
, 41
, 96
, 102
, 35
, 97
, 40
, 9
, 128
, 100
, 37
, 24
, 113
, 79
, 58
, 101
, 36
, 66
, 71
, 52
, 85
, 67
, 70
, 116
, 21
, 4
, 133
, 111
, 26
, 39
, 98
, 75
, 62
, 84
, 53
, 80
, 57
, 64
, 73
, 96
, 41
, 128
, 9
, 60
, 77
, 107
, 30
, 89
, 48
, 20
, 117
, 3
, 134
, 78
, 59
, 112
, 25
, 31
, 106
, 71
, 66
, 55
, 82
, 110
, 27
, 37
, 100
, 49
, 88
, 28
, 109
, 43
, 94
, 31
, 106
, 15
, 122
, 94
, 43
, 35
, 102
, 91
, 46
, 71
, 66
, 89
, 48
, 95
, 42
, 21
, 116
, 20
, 117
, 108
, 29
, 117
, 20
, 48
, 89
, 33
, 104
, 132
, 5
, 42
, 95
, 6
, 131
, 24
, 113
, 38
, 99
, 85
, 52
, 59
, 78
, 30
, 107
, 86
, 51
, 52
, 85
, 21
, 116
, 22
, 115
, 114
, 23
, 91
, 46
, 92
, 45
, 104
, 33
, 2
, 135
, 114
, 23
, 107
, 30
, 96
, 41
, 19
, 118
, 57
, 80
, 6
, 131
, 43
, 94
, 14
, 123
, 12
, 125
, 8
, 129
, 90
, 47
, 63
, 74
, 98
, 39
, 3
, 134
, 32
, 105
, 129
, 8
, 18
, 119
, 95
, 42
, 134
, 3
, 108
, 29
, 32
, 105
, 8
, 129
, 115
, 22
, 8
, 129
, 133
, 4
, 59
, 78
, 125
, 12
, 10
, 127
, 133
, 4
, 92
, 45
, 4
, 133
, 113
, 24
, 48
, 89
, 26
, 111
, 102
, 35
, 44
, 93
, 116
, 21
, 104
, 33
, 84
, 53
, 130
, 7
, 11
, 126
, 79
, 58
, 41
, 96
, 12
, 125
, 101
, 36
, 96
, 41
, 29
, 108
, 38
, 99
, 75
, 62
, 63
, 74
, 53
, 84
, 131
, 6
, 115
, 22
, 68
, 69
, 48
, 89
, 56
, 81
, 114
, 23
, 112
, 25
, 49
, 88
, 100
, 37
, 2
, 135
, 14
, 123
, 88
, 49
, 29
, 108
, 1
, 136
, 127
, 10
, 89
, 48
, 9
, 128
, 16
, 121
, 29
, 108
, 23
, 114
, 61
, 76
, 127
, 10
, 35
, 102
, 9
, 128
, 53
, 84
, 23
, 114
, 18
, 119
, 108
, 29
, 76
, 61
, 115
, 22
, 63
, 74
, 17
, 120
, 25
, 112
, 84
, 53
, 134
, 3
, 42
, 95
, 52
, 85
, 60
, 77
, 131
, 6
, 56
, 81
, 126
, 11
, 6
, 131
, 80
, 57
, 66
, 71
, 85
, 52
, 22
, 115
, 85
, 52
, 47
, 90
, 118
, 19
, 104
, 33
, 14
, 123
, 32
, 105
, 84
, 53
, 27
, 110
, 61
, 76
, 7
, 130
, 53
, 84
, 30
, 107
, 133
, 4
, 129
, 8
, 119
, 18
, 14
, 123
, 118
, 19
, 28
, 109
, 125
, 12
, 95
, 42
, 61
, 76
, 26
, 111
, 99
, 38
, 27
, 110
, 62
, 75
, 82
, 55
, 15
, 122
, 121
, 16
, 134
, 3
, 94
, 43
, 26
, 111
, 78
, 59
, 52
, 85
, 67
, 70
, 128
, 9
, 98
, 39
, 120
, 17
, 117
, 20
, 107
, 30
, 57
, 80
, 39
, 98
, 124
, 13
, 74
, 63
, 95
, 42
, 9
, 128
, 5
, 132
, 74
, 63
, 55
, 82
, 11
, 126
, 99
, 38
, 128
, 9
, 69
, 68
, 104
, 33
, 68
, 69
, 89
, 48
, 10
, 127
, 20
, 117
, 7
, 130
, 75
, 62
, 95
, 42
, 40
, 97
, 131
, 6
, 31
, 106
, 14
, 123
, 129
, 8
, 57
, 80
, 120
, 17
, 108
, 29
, 106
, 31
, 15
, 122
, 98
, 39
, 117
, 20
, 102
, 35
, 22
, 115
, 22
, 115
, 97
, 40
, 58
, 79
, 133
, 4
, 29
, 108
, 58
, 79
, 120
, 17
, 90
, 47
, 24
, 113
, 132
, 5
, 2
, 135
, 97
, 40
, 26
, 111
, 8
, 129
, 68
, 69
, 18
, 119
, 69
, 68
, 120
, 17
, 32
, 105
, 48
, 89
, 65
, 72
, 38
, 99
, 20
, 117
, 113
, 24
, 63
, 74
, 123
, 14
, 111
, 26
, 109
, 28
, 96
, 41
, 42
, 95
, 131
, 6
, 11
, 126
, 123
, 14
, 134
, 3
, 91
, 46
, 122
, 15
, 118
, 19
, 38
, 99
, 107
, 30
, 114
, 23
, 103
, 34
, 127
, 10
, 119
, 18
, 92
, 45
, 55
, 82
, 123
, 14
, 97
, 40
, 35
, 102
, 83
, 54
, 102
, 35
, 61
, 76
, 114
, 23
, 119
, 18
, 133
, 4
, 118
, 19
, 108
, 29
, 36
, 101
, 78
, 59
, 84
, 53
, 62
, 75
, 16
, 121
, 119
, 18
, 113
, 24
, 7
, 130
, 61
, 76
, 119
, 18
, 96
, 41
, 33
, 104
, 93
, 44
, 27
, 110
, 129
, 8
, 69
, 68
, 120
, 17
, 43
, 94
, 101
, 36
, 117
, 20
, 47
, 90
, 14
, 123
, 29
, 108
, 4
, 133
, 135
, 2
, 127
, 10
, 36
, 101
, 130
, 7
, 6
, 131
, 121
, 16
, 92
, 45
, 15
, 122
, 9
, 128
, 101
, 36
, 40
, 97
, 113
, 24
, 52
, 85
, 118
, 19
, 73
, 64
, 18
, 119
, 67
, 70
, 67
, 70
, 49
, 88
, 52
, 85
, 27
, 110
, 105
, 32
, 120
, 17
, 37
, 100
, 19
, 118
, 88
, 49
, 45
, 92
, 73
, 64
, 30
, 107
, 45
, 92
, 40
, 97
, 21
, 116
, 47
, 90
, 28
, 109
, 73
, 64
, 28
, 109
, 73
, 64
, 47
, 90
, 3
, 134
, 123
, 14
, 28
, 109
, 52
, 85
, 69
, 68
, 74
, 63
, 64
, 73
, 89
, 48
, 115
, 22
, 64
, 73
, 62
, 75
, 112
, 25
, 112
, 25
, 123
, 14
, 67
, 70
, 4
, 133
, 110
, 27
, 56
, 81
, 100
, 37
, 69
, 68
, 73
, 64
, 39
, 98
, 22
, 115
, 101
, 36
, 70
, 67
, 113
, 24
, 118
, 19
, 107
, 30
, 1
, 136
, 44
, 93
, 12
, 125
, 85
, 52
, 8
, 129
, 2
, 135
, 115
, 22
, 121
, 16
, 73
, 64
, 88
, 49
, 3
, 134
, 135
, 2
, 55
, 82
, 2
, 135
, 95
, 42
, 122
, 15
, 50
, 87
, 121
, 16
, 106
, 31
, 61
, 76
, 79
, 58
, 57
, 80
, 127
, 10
, 131
, 6
, 19
, 118
, 126
, 11
, 124
, 13
, 37
, 100
, 115
, 22
, 56
, 81
, 6
, 131
, 57
, 80
, 43
, 94
, 40
, 97
, 80
, 57
, 16
, 121
, 41
, 96
, 21
, 116
, 9
, 128
, 102
, 35
, 133
, 4
, 76
, 61
, 30
, 107
, 112
, 25
, 53
, 84
, 119
, 18
, 57
, 80
, 132
, 5
, 2
, 135
, 118
, 19
, 105
, 32
, 11
, 126
, 85
, 52
, 55
, 82
, 19
, 118
, 106
, 31
, 127
, 10
, 89
, 48
, 87
, 50
, 99
, 38
, 115
, 22
, 12
, 125
, 58
, 79
, 108
, 29
, 78
, 59
, 93
, 44
, 25
, 112
, 60
, 77
, 74
, 63
, 1
, 136
, 44
, 93
, 27
, 110
, 6
, 131
, 16
, 121
, 70
, 67
, 91
, 46
, 102
, 35
, 34
, 103
, 13
, 124
, 60
, 77
, 32
, 105
, 134
, 3
, 85
, 52
, 114
, 23
, 66
, 71
, 10
, 127
, 8
, 129
, 67
, 70
, 20
, 117
, 49
, 88
, 23
, 114
, 105
, 32
, 131
, 6
, 9
, 128
, 96
, 41
, 82
, 55
, 13
, 124
, 102
, 35
, 95
, 42
, 74
, 63
, 60
, 77
, 107
, 30
, 101
, 36
, 40
, 97
, 72
, 65
, 90
, 47
, 124
, 13
, 84
, 53
, 133
, 4
, 1
, 136
, 3
, 134
, 34
, 103
, 14
, 123
, 8
, 129
, 133
, 4
, 43
, 94
, 55
, 82
, 59
, 78
, 87
, 50
, 25
, 112
, 84
, 53
, 56
, 81
, 52
, 85
, 76
, 61
, 77
, 60
, 83
, 54
, 58
, 79
, 127
, 10
, 87
, 50
, 29
, 108
, 80
, 57
, 37
, 100
, 73
, 64
, 30
, 107
, 83
, 54
, 14
, 123
, 79
, 58
, 105
, 32
, 84
, 53
, 34
, 103
, 19
, 118
, 47
, 90
