
3090
, 225
, 3
, 216
, 12
, 197
, 31
, 205
, 23
, 226
, 2
, 195
, 33
, 108
, 120
, 139
, 89
, 117
, 111
, 85
, 143
, 117
, 111
, 51
, 177
, 83
, 145
, 194
, 34
, 36
, 192
, 48
, 180
, 40
, 188
, 121
, 107
, 58
, 170
, 203
, 25
, 145
, 83
, 58
, 170
, 98
, 130
, 82
, 146
, 49
, 179
, 38
, 190
, 15
, 213
, 127
, 101
, 217
, 11
, 181
, 47
, 122
, 106
, 49
, 179
, 18
, 210
, 156
, 72
, 102
, 126
, 108
, 120
, 152
, 76
, 168
, 60
, 85
, 143
, 182
, 46
, 214
, 14
, 202
, 26
, 203
, 25
, 190
, 38
, 79
, 149
, 36
, 192
, 173
, 55
, 110
, 118
, 98
, 130
, 126
, 102
, 97
, 131
, 175
, 53
, 56
, 172
, 80
, 148
, 194
, 34
, 64
, 164
, 85
, 143
, 70
, 158
, 202
, 26
, 26
, 202
, 2
, 226
, 40
, 188
, 114
, 114
, 86
, 142
, 31
, 197
, 151
, 77
, 64
, 164
, 200
, 28
, 209
, 19
, 87
, 141
, 125
, 103
, 97
, 131
, 125
, 103
, 78
, 150
, 100
, 128
, 86
, 142
, 169
, 59
, 1
, 227
, 189
, 39
, 89
, 139
, 52
, 176
, 29
, 199
, 195
, 33
, 75
, 153
, 46
, 182
, 68
, 160
, 205
, 23
, 95
, 133
, 16
, 212
, 190
, 38
, 217
, 11
, 22
, 206
, 51
, 177
, 154
, 74
, 30
, 198
, 96
, 132
, 70
, 158
, 197
, 31
, 138
, 90
, 91
, 137
, 175
, 53
, 1
, 227
, 36
, 192
, 82
, 146
, 80
, 148
, 25
, 203
, 155
, 73
, 113
, 115
, 176
, 52
, 166
, 62
, 218
, 10
, 162
, 66
, 67
, 161
, 190
, 38
, 36
, 192
, 223
, 5
, 5
, 223
, 195
, 33
, 115
, 113
, 158
, 70
, 3
, 225
, 82
, 146
, 29
, 199
, 191
, 37
, 5
, 223
, 189
, 39
, 30
, 198
, 108
, 120
, 160
, 68
, 161
, 67
, 165
, 63
, 45
, 183
, 19
, 209
, 13
, 215
, 120
, 108
, 90
, 138
, 215
, 13
, 145
, 83
, 2
, 226
, 222
, 6
, 72
, 156
, 153
, 75
, 158
, 70
, 10
, 218
, 103
, 125
, 119
, 109
, 187
, 41
, 87
, 141
, 70
, 158
, 41
, 187
, 11
, 217
, 214
, 14
, 67
, 161
, 58
, 170
, 107
, 121
, 134
, 94
, 7
, 221
, 194
, 34
, 69
, 159
, 123
, 105
, 109
, 119
, 185
, 43
, 89
, 139
, 208
, 20
, 37
, 191
, 12
, 216
, 75
, 153
, 125
, 103
, 69
, 159
, 208
, 20
, 181
, 47
, 150
, 78
, 67
, 161
, 183
, 45
, 33
, 195
, 171
, 57
, 153
, 75
, 49
, 179
, 28
, 200
, 194
, 34
, 95
, 133
, 42
, 186
, 223
, 5
, 149
, 79
, 9
, 219
, 103
, 125
, 226
, 2
, 77
, 151
, 58
, 170
, 209
, 19
, 178
, 50
, 32
, 196
, 79
, 149
, 119
, 109
, 178
, 50
, 118
, 110
, 138
, 90
, 141
, 87
, 202
, 26
, 18
, 210
, 220
, 8
, 129
, 99
, 207
, 21
, 58
, 170
, 13
, 215
, 112
, 116
, 18
, 210
, 41
, 187
, 221
, 7
, 136
, 92
, 104
, 124
, 122
, 106
, 225
, 3
, 224
, 4
, 17
, 211
, 196
, 32
, 122
, 106
, 51
, 177
, 28
, 200
, 32
, 196
, 160
, 68
, 99
, 129
, 105
, 123
, 163
, 65
, 42
, 186
, 39
, 189
, 193
, 35
, 106
, 122
, 193
, 35
, 179
, 49
, 41
, 187
, 200
, 28
, 206
, 22
, 121
, 107
, 36
, 192
, 214
, 14
, 15
, 213
, 91
, 137
, 157
, 71
, 89
, 139
, 60
, 168
, 106
, 122
, 57
, 171
, 106
, 122
, 89
, 139
, 28
, 200
, 40
, 188
, 80
, 148
, 218
, 10
, 26
, 202
, 214
, 14
, 13
, 215
, 176
, 52
, 153
, 75
, 90
, 138
, 100
, 128
, 13
, 215
, 114
, 114
, 80
, 148
, 131
, 97
, 55
, 173
, 120
, 108
, 29
, 199
, 170
, 58
, 133
, 95
, 9
, 219
, 117
, 111
, 118
, 110
, 193
, 35
, 87
, 141
, 11
, 217
, 81
, 147
, 223
, 5
, 34
, 194
, 32
, 196
, 49
, 179
, 189
, 39
, 133
, 95
, 104
, 124
, 69
, 159
, 39
, 189
, 224
, 4
, 50
, 178
, 221
, 7
, 33
, 195
, 208
, 20
, 41
, 187
, 125
, 103
, 165
, 63
, 28
, 200
, 82
, 146
, 93
, 135
, 59
, 169
, 163
, 65
, 81
, 147
, 1
, 227
, 135
, 93
, 19
, 209
, 159
, 69
, 152
, 76
, 46
, 182
, 118
, 110
, 64
, 164
, 28
, 200
, 194
, 34
, 29
, 199
, 191
, 37
, 167
, 61
, 200
, 28
, 15
, 213
, 94
, 134
, 195
, 33
, 130
, 98
, 149
, 79
, 92
, 136
, 170
, 58
, 44
, 184
, 106
, 122
, 81
, 147
, 164
, 64
, 189
, 39
, 202
, 26
, 210
, 18
, 95
, 133
, 50
, 178
, 82
, 146
, 121
, 107
, 193
, 35
, 50
, 178
, 222
, 6
, 64
, 164
, 69
, 159
, 145
, 83
, 124
, 104
, 99
, 129
, 101
, 127
, 138
, 90
, 203
, 25
, 182
, 46
, 174
, 54
, 59
, 169
, 70
, 158
, 180
, 48
, 118
, 110
, 161
, 67
, 68
, 160
, 73
, 155
, 194
, 34
, 77
, 151
, 136
, 92
, 69
, 159
, 165
, 63
, 113
, 115
, 118
, 110
, 167
, 61
, 86
, 142
, 128
, 100
, 216
, 12
, 47
, 181
, 220
, 8
, 190
, 38
, 67
, 161
, 151
, 77
, 30
, 198
, 46
, 182
, 185
, 43
, 25
, 203
, 203
, 25
, 42
, 186
, 13
, 215
, 208
, 20
, 27
, 201
, 197
, 31
, 152
, 76
, 222
, 6
, 129
, 99
, 151
, 77
, 178
, 50
, 47
, 181
, 73
, 155
, 38
, 190
, 105
, 123
, 77
, 151
, 99
, 129
, 175
, 53
, 199
, 29
, 136
, 92
, 56
, 172
, 23
, 205
, 147
, 81
, 37
, 191
, 178
, 50
, 198
, 30
, 85
, 143
, 193
, 35
, 60
, 168
, 226
, 2
, 145
, 83
, 159
, 69
, 67
, 161
, 72
, 156
, 133
, 95
, 18
, 210
, 50
, 178
, 63
, 165
, 179
, 49
, 23
, 205
, 129
, 99
, 222
, 6
, 20
, 208
, 8
, 220
, 11
, 217
, 129
, 99
, 152
, 76
, 165
, 63
, 86
, 142
, 92
, 136
, 89
, 139
, 206
, 22
, 64
, 164
, 136
, 92
, 148
, 80
, 37
, 191
, 2
, 226
, 182
, 46
, 222
, 6
, 122
, 106
, 65
, 163
, 169
, 59
, 149
, 79
, 138
, 90
, 166
, 62
, 123
, 105
, 225
, 3
, 36
, 192
, 115
, 113
, 37
, 191
, 97
, 131
, 150
, 78
, 187
, 41
, 189
, 39
, 104
, 124
, 17
, 211
, 58
, 170
, 132
, 96
, 133
, 95
, 101
, 127
, 45
, 183
, 101
, 127
, 95
, 133
, 71
, 157
, 14
, 214
, 20
, 208
, 209
, 19
, 23
, 205
, 32
, 196
, 149
, 79
, 67
, 161
, 143
, 85
, 195
, 33
, 5
, 223
, 13
, 215
, 136
, 92
, 55
, 173
, 64
, 164
, 63
, 165
, 126
, 102
, 116
, 112
, 100
, 128
, 72
, 156
, 191
, 37
, 25
, 203
, 29
, 199
, 207
, 21
, 195
, 33
, 21
, 207
, 148
, 80
, 47
, 181
, 90
, 138
, 97
, 131
, 35
, 193
, 145
, 83
, 152
, 76
, 87
, 141
, 78
, 150
, 89
, 139
, 39
, 189
, 65
, 163
, 220
, 8
, 224
, 4
, 42
, 186
, 194
, 34
, 83
, 145
, 102
, 126
, 50
, 178
, 182
, 46
, 97
, 131
, 192
, 36
, 38
, 190
, 101
, 127
, 166
, 62
, 153
, 75
, 103
, 125
, 45
, 183
, 179
, 49
, 45
, 183
, 98
, 130
, 61
, 167
, 60
, 168
, 135
, 93
, 177
, 51
, 140
, 88
, 138
, 90
, 93
, 135
, 17
, 211
, 20
, 208
, 13
, 215
, 135
, 93
, 33
, 195
, 193
, 35
, 156
, 72
, 146
, 82
, 60
, 168
, 115
, 113
, 62
, 166
, 141
, 87
, 69
, 159
, 95
, 133
, 51
, 177
, 54
, 174
, 218
, 10
, 177
, 51
, 28
, 200
, 38
, 190
, 75
, 153
, 195
, 33
, 13
, 215
, 66
, 162
, 125
, 103
, 59
, 169
, 36
, 192
, 216
, 12
, 169
, 59
, 84
, 144
, 197
, 31
, 84
, 144
, 182
, 46
, 138
, 90
, 117
, 111
, 116
, 112
, 5
, 223
, 154
, 74
, 100
, 128
, 225
, 3
, 41
, 187
, 175
, 53
, 33
, 195
, 31
, 197
, 49
, 179
, 138
, 90
, 134
, 94
, 195
, 33
, 71
, 157
, 223
, 5
, 34
, 194
, 73
, 155
, 95
, 133
, 161
, 67
, 171
, 57
, 9
, 219
, 18
, 210
, 200
, 28
, 174
, 54
, 109
, 119
, 106
, 122
, 18
, 210
, 3
, 225
, 197
, 31
, 207
, 21
, 76
, 152
, 189
, 39
, 75
, 153
, 79
, 149
, 157
, 71
, 52
, 176
, 15
, 213
, 29
, 199
, 92
, 136
, 92
, 136
, 141
, 87
, 126
, 102
, 9
, 219
, 107
, 121
, 114
, 114
, 107
, 121
, 27
, 201
, 32
, 196
, 170
, 58
, 23
, 205
, 190
, 38
, 140
, 88
, 141
, 87
, 198
, 30
, 142
, 86
, 146
, 82
, 148
, 80
, 146
, 82
, 118
, 110
, 23
, 205
, 226
, 2
, 100
, 128
, 30
, 198
, 201
, 27
, 55
, 173
, 70
, 158
, 225
, 3
, 88
, 140
, 103
, 125
, 73
, 155
, 66
, 162
, 70
, 158
, 152
, 76
, 43
, 185
, 4
, 224
, 26
, 202
, 191
, 37
, 44
, 184
, 7
, 221
, 139
, 89
, 165
, 63
, 159
, 69
, 135
, 93
, 45
, 183
, 52
, 176
, 177
, 51
, 31
, 197
, 168
, 60
, 1
, 227
, 72
, 156
, 82
, 146
, 67
, 161
, 150
, 78
, 206
, 22
, 1
, 227
, 128
, 100
, 88
, 140
, 166
, 62
, 139
, 89
, 21
, 207
, 194
, 34
, 35
, 193
, 67
, 161
, 15
, 213
, 226
, 2
, 90
, 138
, 182
, 46
, 57
, 171
, 71
, 157
, 132
, 96
, 39
, 189
, 74
, 154
, 96
, 132
, 67
, 161
, 164
, 64
, 135
, 93
, 4
, 224
, 76
, 152
, 185
, 43
, 174
, 54
, 95
, 133
, 52
, 176
, 89
, 139
, 5
, 223
, 118
, 110
, 39
, 189
, 104
, 124
, 110
, 118
, 205
, 23
, 195
, 33
, 135
, 93
, 87
, 141
, 213
, 15
, 220
, 8
, 18
, 210
, 199
, 29
, 90
, 138
, 198
, 30
, 39
, 189
, 52
, 176
, 169
, 59
, 74
, 154
, 53
, 175
, 112
, 116
, 93
, 135
, 161
, 67
, 203
, 25
, 193
, 35
, 80
, 148
, 67
, 161
, 151
, 77
, 84
, 144
, 156
, 72
, 204
, 24
, 183
, 45
, 157
, 71
, 181
, 47
, 100
, 128
, 105
, 123
, 77
, 151
, 167
, 61
, 153
, 75
, 223
, 5
, 107
, 121
, 108
, 120
, 116
, 112
, 84
, 144
, 45
, 183
, 193
, 35
, 219
, 9
, 39
, 189
, 184
, 44
, 80
, 148
, 81
, 147
, 61
, 167
, 158
, 70
, 137
, 91
, 42
, 186
, 211
, 17
, 213
, 15
, 34
, 194
, 110
, 118
, 25
, 203
, 34
, 194
, 181
, 47
, 197
, 31
, 132
, 96
, 177
, 51
, 120
, 108
, 29
, 199
, 36
, 192
, 168
, 60
, 128
, 100
, 6
, 222
, 109
, 119
, 105
, 123
, 192
, 36
, 175
, 53
, 217
, 11
, 31
, 197
, 25
, 203
, 52
, 176
, 226
, 2
, 63
, 165
, 139
, 89
, 156
, 72
, 38
, 190
, 148
, 80
, 170
, 58
, 180
, 48
, 217
, 11
, 31
, 197
, 124
, 104
, 143
, 85
, 78
, 150
, 155
, 73
, 47
, 181
, 176
, 52
, 94
, 134
, 139
, 89
, 4
, 224
, 216
, 12
, 20
, 208
, 170
, 58
, 15
, 213
, 133
, 95
, 37
, 191
, 195
, 33
, 149
, 79
, 186
, 42
, 103
, 125
, 191
, 37
, 44
, 184
, 194
, 34
, 77
, 151
, 38
, 190
, 128
, 100
, 133
, 95
, 40
, 188
, 74
, 154
, 9
, 219
, 222
, 6
, 222
, 6
, 211
, 17
, 133
, 95
, 214
, 14
, 39
, 189
, 162
, 66
, 208
, 20
, 53
, 175
, 6
, 222
, 55
, 173
, 129
, 99
, 38
, 190
, 8
, 220
, 117
, 111
, 222
, 6
, 55
, 173
, 83
, 145
, 2
, 226
, 123
, 105
, 102
, 126
, 89
, 139
, 64
, 164
, 197
, 31
, 214
, 14
, 62
, 166
, 78
, 150
, 89
, 139
, 122
, 106
, 45
, 183
, 180
, 48
, 27
, 201
, 164
, 64
, 18
, 210
, 143
, 85
, 208
, 20
, 78
, 150
, 209
, 19
, 191
, 37
, 224
, 4
, 173
, 55
, 105
, 123
, 130
, 98
, 117
, 111
, 140
, 88
, 108
, 120
, 13
, 215
, 181
, 47
, 208
, 20
, 180
, 48
, 67
, 161
, 224
, 4
, 62
, 166
, 5
, 223
, 40
, 188
, 177
, 51
, 198
, 30
, 73
, 155
, 76
, 152
, 37
, 191
, 35
, 193
, 26
, 202
, 67
, 161
, 88
, 140
, 72
, 156
, 23
, 205
, 101
, 127
, 69
, 159
, 151
, 77
, 189
, 39
, 211
, 17
, 203
, 25
, 225
, 3
, 97
, 131
, 226
, 2
, 109
, 119
, 148
, 80
, 89
, 139
, 148
, 80
, 54
, 174
, 205
, 23
, 161
, 67
, 117
, 111
, 117
, 111
, 24
, 204
, 128
, 100
, 151
, 77
, 124
, 104
, 53
, 175
, 187
, 41
, 145
, 83
, 15
, 213
, 26
, 202
, 116
, 112
, 25
, 203
, 182
, 46
, 82
, 146
, 73
, 155
, 59
, 169
, 218
, 10
, 44
, 184
, 181
, 47
, 192
, 36
, 184
, 44
, 185
, 43
, 220
, 8
, 198
, 30
, 211
, 17
, 170
, 58
, 72
, 156
, 221
, 7
, 167
, 61
, 47
, 181
, 37
, 191
, 122
, 106
, 130
, 98
, 164
, 64
, 215
, 13
, 224
, 4
, 155
, 73
, 19
, 209
, 167
, 61
, 158
, 70
, 76
, 152
, 181
, 47
, 74
, 154
, 212
, 16
, 226
, 2
, 143
, 85
, 176
, 52
, 36
, 192
, 166
, 62
, 72
, 156
, 119
, 109
, 125
, 103
, 115
, 113
, 41
, 187
, 85
, 143
, 190
, 38
, 196
, 32
, 204
, 24
, 204
, 24
, 37
, 191
, 42
, 186
, 189
, 39
, 204
, 24
, 168
, 60
, 144
, 84
, 202
, 26
, 130
, 98
, 49
, 179
, 122
, 106
, 40
, 188
, 214
, 14
, 66
, 162
, 110
, 118
, 101
, 127
, 15
, 213
, 161
, 67
, 119
, 109
, 201
, 27
, 17
, 211
, 124
, 104
, 76
, 152
, 93
, 135
, 49
, 179
, 10
, 218
, 153
, 75
, 190
, 38
, 38
, 190
, 24
, 204
, 37
, 191
, 99
, 129
, 32
, 196
, 65
, 163
, 8
, 220
, 206
, 22
, 223
, 5
, 41
, 187
, 27
, 201
, 202
, 26
, 149
, 79
, 204
, 24
, 33
, 195
, 185
, 43
, 210
, 18
, 156
, 72
, 167
, 61
, 38
, 190
, 95
, 133
, 142
, 86
, 153
, 75
, 207
, 21
, 70
, 158
, 208
, 20
, 87
, 141
, 202
, 26
, 197
, 31
, 34
, 194
, 50
, 178
, 177
, 51
, 88
, 140
, 57
, 171
, 176
, 52
, 91
, 137
, 77
, 151
, 164
, 64
, 37
, 191
, 64
, 164
, 37
, 191
, 23
, 205
, 149
, 79
, 101
, 127
, 122
, 106
, 79
, 149
, 12
, 216
, 118
, 110
, 188
, 40
, 195
, 33
, 15
, 213
, 65
, 163
, 146
, 82
, 63
, 165
, 6
, 222
, 86
, 142
, 86
, 142
, 166
, 62
, 19
, 209
, 135
, 93
, 175
, 53
, 32
, 196
, 54
, 174
, 47
, 181
, 28
, 200
, 63
, 165
, 29
, 199
, 143
, 85
, 23
, 205
, 201
, 27
, 166
, 62
, 184
, 44
, 56
, 172
, 86
, 142
, 25
, 203
, 24
, 204
, 148
, 80
, 12
, 216
, 133
, 95
, 3
, 225
, 46
, 182
, 181
, 47
, 215
, 13
, 163
, 65
, 26
, 202
, 18
, 210
, 3
, 225
, 152
, 76
, 107
, 121
, 73
, 155
, 143
, 85
, 139
, 89
, 4
, 224
, 169
, 59
, 172
, 56
, 25
, 203
, 163
, 65
, 108
, 120
, 198
, 30
, 217
, 11
, 56
, 172
, 7
, 221
, 94
, 134
, 42
, 186
, 191
, 37
, 37
, 191
, 40
, 188
, 91
, 137
, 201
, 27
, 45
, 183
, 42
, 186
, 148
, 80
, 29
, 199
, 79
, 149
, 79
, 149
, 126
, 102
, 223
, 5
, 218
, 10
, 181
, 47
, 130
, 98
, 105
, 123
, 149
, 79
, 205
, 23
, 119
, 109
, 223
, 5
, 49
, 179
, 112
, 116
, 112
, 116
, 150
, 78
, 127
, 101
, 62
, 166
, 183
, 45
, 188
, 40
, 22
, 206
, 175
, 53
, 96
, 132
, 187
, 41
, 30
, 198
, 3
, 225
, 3
, 225
, 51
, 177
, 221
, 7
, 201
, 27
, 23
, 205
, 61
, 167
, 182
, 46
, 105
, 123
, 214
, 14
, 198
, 30
, 30
, 198
, 75
, 153
, 188
, 40
, 173
, 55
, 164
, 64
, 111
, 117
, 210
, 18
, 170
, 58
, 66
, 162
, 17
, 211
, 162
, 66
, 167
, 61
, 76
, 152
, 200
, 28
, 183
, 45
, 19
, 209
, 70
, 158
, 180
, 48
, 200
, 28
, 13
, 215
, 190
, 38
, 223
, 5
, 69
, 159
, 154
, 74
, 84
, 144
, 108
, 120
, 209
, 19
, 152
, 76
, 187
, 41
, 58
, 170
, 100
, 128
, 181
, 47
, 161
, 67
, 71
, 157
, 49
, 179
, 118
, 110
, 218
, 10
, 140
, 88
, 31
, 197
, 100
, 128
, 7
, 221
, 155
, 73
, 110
, 118
, 178
, 50
, 48
, 180
, 65
, 163
, 145
, 83
, 70
, 158
, 187
, 41
, 135
, 93
, 9
, 219
, 218
, 10
, 154
, 74
, 65
, 163
, 205
, 23
, 209
, 19
, 179
, 49
, 202
, 26
, 193
, 35
, 109
, 119
, 54
, 174
, 85
, 143
, 181
, 47
, 208
, 20
, 8
, 220
, 168
, 60
, 191
, 37
, 163
, 65
, 35
, 193
, 66
, 162
, 1
, 227
, 167
, 61
, 174
, 54
, 42
, 186
, 208
, 20
, 129
, 99
, 133
, 95
, 109
, 119
, 93
, 135
, 189
, 39
, 123
, 105
, 52
, 176
, 107
, 121
, 75
, 153
, 107
, 121
, 47
, 181
, 215
, 13
, 12
, 216
, 31
, 197
, 69
, 159
, 62
, 166
, 50
, 178
, 142
, 86
, 144
, 84
, 161
, 67
, 15
, 213
, 148
, 80
, 136
, 92
, 5
, 223
, 180
, 48
, 190
, 38
, 14
, 214
, 50
, 178
, 160
, 68
, 98
, 130
, 151
, 77
, 186
, 42
, 204
, 24
, 148
, 80
, 14
, 214
, 57
, 171
, 112
, 116
, 146
, 82
, 212
, 16
, 169
, 59
, 206
, 22
, 100
, 128
, 178
, 50
, 208
, 20
, 151
, 77
, 88
, 140
, 170
, 58
, 178
, 50
, 13
, 215
, 131
, 97
, 164
, 64
, 80
, 148
, 71
, 157
, 139
, 89
, 11
, 217
, 157
, 71
, 110
, 118
, 43
, 185
, 49
, 179
, 149
, 79
, 7
, 221
, 159
, 69
, 160
, 68
, 16
, 212
, 115
, 113
, 159
, 69
, 127
, 101
, 63
, 165
, 166
, 62
, 160
, 68
, 77
, 151
, 79
, 149
, 188
, 40
, 76
, 152
, 154
, 74
, 220
, 8
, 11
, 217
, 113
, 115
, 161
, 67
, 108
, 120
, 21
, 207
, 209
, 19
, 176
, 52
, 111
, 117
, 30
, 198
, 137
, 91
, 127
, 101
, 188
, 40
, 165
, 63
, 221
, 7
, 32
, 196
, 178
, 50
, 209
, 19
, 77
, 151
, 189
, 39
, 107
, 121
, 89
, 139
, 206
, 22
, 21
, 207
, 23
, 205
, 225
, 3
, 173
, 55
, 197
, 31
, 209
, 19
, 195
, 33
, 69
, 159
, 212
, 16
, 149
, 79
, 180
, 48
, 39
, 189
, 99
, 129
, 173
, 55
, 49
, 179
, 164
, 64
, 159
, 69
, 55
, 173
, 88
, 140
, 106
, 122
, 50
, 178
, 1
, 227
, 187
, 41
, 163
, 65
, 27
, 201
, 208
, 20
, 40
, 188
, 205
, 23
, 109
, 119
, 26
, 202
, 7
, 221
, 223
, 5
, 143
, 85
, 116
, 112
, 143
, 85
, 170
, 58
, 143
, 85
, 18
, 210
, 57
, 171
, 120
, 108
, 92
, 136
, 81
, 147
, 198
, 30
, 169
, 59
, 216
, 12
, 225
, 3
, 33
, 195
, 81
, 147
, 79
, 149
, 226
, 2
, 84
, 144
, 71
, 157
, 33
, 195
, 134
, 94
, 142
, 86
, 52
, 176
, 121
, 107
, 112
, 116
, 37
, 191
, 59
, 169
, 222
, 6
, 93
, 135
, 130
, 98
, 1
, 227
, 109
, 119
, 199
, 29
, 28
, 200
, 34
, 194
, 186
, 42
, 24
, 204
, 222
, 6
, 83
, 145
, 166
, 62
, 132
, 96
, 58
, 170
, 174
, 54
, 185
, 43
, 186
, 42
, 129
, 99
, 131
, 97
, 12
, 216
, 114
, 114
, 180
, 48
, 50
, 178
, 177
, 51
, 68
, 160
, 44
, 184
, 58
, 170
, 72
, 156
, 127
, 101
, 17
, 211
, 199
, 29
, 179
, 49
, 131
, 97
, 72
, 156
, 14
, 214
, 164
, 64
, 122
, 106
, 91
, 137
, 63
, 165
, 97
, 131
, 185
, 43
, 47
, 181
, 224
, 4
, 76
, 152
, 10
, 218
, 120
, 108
, 42
, 186
, 89
, 139
, 43
, 185
, 121
, 107
, 79
, 149
, 216
, 12
, 51
, 177
, 85
, 143
, 17
, 211
, 89
, 139
, 199
, 29
, 164
, 64
, 119
, 109
, 87
, 141
, 209
, 19
, 110
, 118
, 119
, 109
, 49
, 179
, 223
, 5
, 76
, 152
, 137
, 91
, 92
, 136
, 155
, 73
, 148
, 80
, 143
, 85
, 45
, 183
, 209
, 19
, 192
, 36
, 92
, 136
, 159
, 69
, 26
, 202
, 103
, 125
, 94
, 134
, 66
, 162
, 107
, 121
, 28
, 200
, 51
, 177
, 215
, 13
, 166
, 62
, 126
, 102
, 127
, 101
, 165
, 63
, 215
, 13
, 99
, 129
, 78
, 150
, 69
, 159
, 86
, 142
, 169
, 59
, 160
, 68
, 51
, 177
, 194
, 34
, 76
, 152
, 185
, 43
, 149
, 79
, 19
, 209
, 100
, 128
, 222
, 6
, 49
, 179
, 194
, 34
, 188
, 40
, 197
, 31
, 179
, 49
, 63
, 165
, 36
, 192
, 97
, 131
, 69
, 159
, 176
, 52
, 5
, 223
, 164
, 64
, 198
, 30
, 157
, 71
, 224
, 4
, 95
, 133
, 150
, 78
, 102
, 126
, 173
, 55
, 18
, 210
, 21
, 207
, 75
, 153
, 186
, 42
, 1
, 227
, 28
, 200
, 163
, 65
, 169
, 59
, 201
, 27
, 97
, 131
, 169
, 59
, 203
, 25
, 87
, 141
, 168
, 60
, 168
, 60
, 170
, 58
, 143
, 85
, 35
, 193
, 57
, 171
, 124
, 104
, 65
, 163
, 90
, 138
, 35
, 193
, 222
, 6
, 77
, 151
, 53
, 175
, 150
, 78
, 87
, 141
, 202
, 26
, 93
, 135
, 130
, 98
, 152
, 76
, 137
, 91
, 116
, 112
, 206
, 22
, 211
, 17
, 80
, 148
, 54
, 174
, 124
, 104
, 4
, 224
, 157
, 71
, 11
, 217
, 92
, 136
, 189
, 39
, 86
, 142
, 162
, 66
, 2
, 226
, 81
, 147
, 226
, 2
, 2
, 226
, 51
, 177
, 2
, 226
, 54
, 174
, 162
, 66
, 140
, 88
, 164
, 64
, 58
, 170
, 134
, 94
, 197
, 31
, 136
, 92
, 52
, 176
, 194
, 34
, 141
, 87
, 146
, 82
, 167
, 61
, 55
, 173
, 11
, 217
, 23
, 205
, 207
, 21
, 145
, 83
, 62
, 166
, 45
, 183
, 57
, 171
, 125
, 103
, 148
, 80
, 164
, 64
, 145
, 83
, 24
, 204
, 51
, 177
, 208
, 20
, 66
, 162
, 92
, 136
, 129
, 99
, 57
, 171
, 17
, 211
, 3
, 225
, 59
, 169
, 18
, 210
, 183
, 45
, 69
, 159
, 17
, 211
, 113
, 115
, 162
, 66
, 191
, 37
, 159
, 69
, 224
, 4
, 174
, 54
, 195
, 33
, 62
, 166
, 62
, 166
, 153
, 75
, 63
, 165
, 191
, 37
, 222
, 6
, 49
, 179
, 20
, 208
, 93
, 135
, 107
, 121
, 186
, 42
, 164
, 64
, 27
, 201
, 64
, 164
, 76
, 152
, 140
, 88
, 3
, 225
, 3
, 225
, 32
, 196
, 53
, 175
, 25
, 203
, 11
, 217
, 12
, 216
, 169
, 59
, 149
, 79
, 4
, 224
, 28
, 200
, 7
, 221
, 85
, 143
, 93
, 135
, 13
, 215
, 152
, 76
, 44
, 184
, 48
, 180
, 115
, 113
, 81
, 147
, 34
, 194
, 94
, 134
, 174
, 54
, 105
, 123
, 60
, 168
, 195
, 33
, 166
, 62
, 72
, 156
, 154
, 74
, 49
, 179
, 54
, 174
, 58
, 170
, 203
, 25
, 56
, 172
, 41
, 187
, 141
, 87
, 213
, 15
, 184
, 44
, 184
, 44
, 226
, 2
, 84
, 144
, 190
, 38
, 169
, 59
, 159
, 69
, 63
, 165
, 195
, 33
, 48
, 180
, 23
, 205
, 218
, 10
, 58
, 170
, 66
, 162
, 35
, 193
, 197
, 31
, 219
, 9
, 218
, 10
, 213
, 15
, 33
, 195
, 95
, 133
, 67
, 161
, 40
, 188
, 166
, 62
, 48
, 180
, 52
, 176
, 129
, 99
, 141
, 87
, 72
, 156
, 31
, 197
, 173
, 55
, 211
, 17
, 117
, 111
, 110
, 118
, 29
, 199
, 197
, 31
, 6
, 222
, 57
, 171
, 60
, 168
, 71
, 157
, 29
, 199
, 111
, 117
, 210
, 18
, 9
, 219
, 74
, 154
, 211
, 17
, 144
, 84
, 85
, 143
, 49
, 179
, 160
, 68
, 172
, 56
, 73
, 155
, 189
, 39
, 30
, 198
, 9
, 219
, 114
, 114
, 153
, 75
, 60
, 168
, 164
, 64
, 92
, 136
, 209
, 19
, 158
, 70
, 169
, 59
, 86
, 142
, 77
, 151
, 206
, 22
, 166
, 62
, 55
, 173
, 25
, 203
, 99
, 129
, 72
, 156
, 130
, 98
, 10
, 218
, 80
, 148
, 89
, 139
, 207
, 21
, 5
, 223
, 63
, 165
, 188
, 40
, 136
, 92
, 115
, 113
, 136
, 92
, 71
, 157
, 39
, 189
, 113
, 115
, 82
, 146
, 41
, 187
, 41
, 187
, 71
, 157
, 186
, 42
, 51
, 177
, 135
, 93
, 7
, 221
, 170
, 58
, 92
, 136
, 74
, 154
, 113
, 115
, 125
, 103
, 53
, 175
, 138
, 90
, 6
, 222
, 33
, 195
, 51
, 177
, 76
, 152
, 210
, 18
, 21
, 207
, 133
, 95
, 120
, 108
, 50
, 178
, 186
, 42
, 61
, 167
, 13
, 215
, 59
, 169
, 8
, 220
, 47
, 181
, 144
, 84
, 173
, 55
, 184
, 44
, 24
, 204
, 221
, 7
, 125
, 103
, 135
, 93
, 216
, 12
, 4
, 224
, 20
, 208
, 12
, 216
, 87
, 141
, 157
, 71
, 170
, 58
, 47
, 181
, 145
, 83
, 41
, 187
, 150
, 78
, 37
, 191
, 70
, 158
, 190
, 38
, 6
, 222
, 1
, 227
, 198
, 30
, 131
, 97
, 94
, 134
, 153
, 75
, 136
, 92
, 115
, 113
, 155
, 73
, 99
, 129
, 32
, 196
, 103
, 125
, 110
, 118
, 168
, 60
, 64
, 164
, 185
, 43
, 38
, 190
, 42
, 186
, 155
, 73
, 211
, 17
, 5
, 223
, 38
, 190
, 118
, 110
, 180
, 48
, 176
, 52
, 78
, 150
, 177
, 51
, 134
, 94
, 176
, 52
, 92
, 136
, 175
, 53
, 121
, 107
, 170
, 58
, 132
, 96
, 5
, 223
, 177
, 51
, 18
, 210
, 39
, 189
, 83
, 145
, 83
, 145
, 191
, 37
, 81
, 147
, 36
, 192
, 189
, 39
, 141
, 87
, 164
, 64
, 45
, 183
, 85
, 143
, 151
, 77
, 88
, 140
, 196
, 32
, 17
, 211
, 117
, 111
, 19
, 209
, 167
, 61
, 219
, 9
, 211
, 17
, 169
, 59
, 88
, 140
, 106
, 122
, 110
, 118
, 170
, 58
, 205
, 23
, 88
, 140
, 202
, 26
, 208
, 20
, 11
, 217
, 180
, 48
, 164
, 64
, 34
, 194
, 135
, 93
, 128
, 100
, 127
, 101
, 121
, 107
, 220
, 8
, 209
, 19
, 201
, 27
, 133
, 95
, 209
, 19
, 147
, 81
, 23
, 205
, 55
, 173
, 21
, 207
, 189
, 39
, 39
, 189
, 74
, 154
, 202
, 26
, 11
, 217
, 29
, 199
, 64
, 164
, 106
, 122
, 80
, 148
, 78
, 150
, 23
, 205
, 62
, 166
, 143
, 85
, 144
, 84
, 76
, 152
, 8
, 220
, 150
, 78
, 90
, 138
, 149
, 79
, 218
, 10
, 176
, 52
, 98
, 130
, 54
, 174
, 117
, 111
, 48
, 180
, 46
, 182
, 221
, 7
, 98
, 130
, 101
, 127
, 218
, 10
, 179
, 49
, 54
, 174
, 209
, 19
, 73
, 155
, 104
, 124
, 155
, 73
, 58
, 170
, 154
, 74
, 67
, 161
, 138
, 90
, 56
, 172
, 96
, 132
, 65
, 163
, 64
, 164
, 36
, 192
, 189
, 39
, 48
, 180
, 47
, 181
, 189
, 39
, 72
, 156
, 57
, 171
, 124
, 104
, 226
, 2
, 154
, 74
, 77
, 151
, 69
, 159
, 49
, 179
, 172
, 56
, 101
, 127
, 156
, 72
, 204
, 24
, 111
, 117
, 8
, 220
, 192
, 36
, 217
, 11
, 51
, 177
, 103
, 125
, 121
, 107
, 189
, 39
, 169
, 59
, 6
, 222
, 154
, 74
, 88
, 140
, 127
, 101
, 62
, 166
, 38
, 190
, 67
, 161
, 140
, 88
, 178
, 50
, 34
, 194
, 38
, 190
, 167
, 61
, 5
, 223
, 60
, 168
, 127
, 101
, 94
, 134
, 208
, 20
, 38
, 190
, 6
, 222
, 39
, 189
, 168
, 60
, 74
, 154
, 119
, 109
, 130
, 98
, 211
, 17
, 143
, 85
, 139
, 89
, 117
, 111
, 198
, 30
, 9
, 219
, 204
, 24
, 178
, 50
, 53
, 175
, 188
, 40
, 180
, 48
, 207
, 21
, 118
, 110
, 150
, 78
, 107
, 121
, 219
, 9
, 129
, 99
, 214
, 14
, 132
, 96
, 122
, 106
, 71
, 157
, 140
, 88
, 84
, 144
, 77
, 151
, 103
, 125
, 81
, 147
, 165
, 63
, 101
, 127
, 180
, 48
, 84
, 144
, 168
, 60
, 116
, 112
, 180
, 48
, 55
, 173
, 190
, 38
, 72
, 156
, 158
, 70
, 167
, 61
, 181
, 47
, 172
, 56
, 191
, 37
, 40
, 188
, 10
, 218
, 32
, 196
, 122
, 106
, 209
, 19
, 107
, 121
, 97
, 131
, 4
, 224
, 150
, 78
, 69
, 159
, 71
, 157
, 95
, 133
, 205
, 23
, 13
, 215
, 119
, 109
, 186
, 42
, 88
, 140
, 162
, 66
, 29
, 199
, 86
, 142
, 98
, 130
, 140
, 88
, 2
, 226
, 97
, 131
, 113
, 115
, 127
, 101
, 55
, 173
, 164
, 64
, 176
, 52
, 85
, 143
, 75
, 153
, 100
, 128
, 103
, 125
, 214
, 14
, 219
, 9
, 214
, 14
, 133
, 95
, 108
, 120
, 14
, 214
, 3
, 225
, 180
, 48
, 103
, 125
, 143
, 85
, 59
, 169
, 25
, 203
, 50
, 178
, 76
, 152
, 71
, 157
, 45
, 183
, 203
, 25
, 40
, 188
, 105
, 123
, 122
, 106
, 167
, 61
, 44
, 184
, 124
, 104
, 186
, 42
, 34
, 194
, 90
, 138
, 12
, 216
, 165
, 63
, 44
, 184
, 86
, 142
, 106
, 122
, 223
, 5
, 168
, 60
, 220
, 8
, 4
, 224
, 108
, 120
, 210
, 18
, 38
, 190
, 81
, 147
, 17
, 211
, 139
, 89
, 112
, 116
, 84
, 144
, 125
, 103
, 152
, 76
, 56
, 172
, 88
, 140
, 132
, 96
, 48
, 180
, 20
, 208
, 35
, 193
, 40
, 188
, 72
, 156
, 214
, 14
, 104
, 124
, 160
, 68
, 50
, 178
, 217
, 11
, 42
, 186
, 175
, 53
, 174
, 54
, 186
, 42
, 179
, 49
, 85
, 143
, 195
, 33
, 220
, 8
, 166
, 62
, 61
, 167
, 102
, 126
, 151
, 77
, 51
, 177
, 164
, 64
, 137
, 91
, 73
, 155
, 80
, 148
, 91
, 137
, 66
, 162
, 209
, 19
, 12
, 216
, 95
, 133
, 144
, 84
, 117
, 111
, 110
, 118
, 77
, 151
, 95
, 133
, 85
, 143
, 121
, 107
, 105
, 123
, 76
, 152
, 163
, 65
, 33
, 195
, 68
, 160
, 68
, 160
, 49
, 179
, 173
, 55
, 139
, 89
, 7
, 221
, 172
, 56
, 168
, 60
, 112
, 116
, 22
, 206
, 209
, 19
, 11
, 217
, 41
, 187
, 12
, 216
, 191
, 37
, 56
, 172
, 160
, 68
, 191
, 37
, 128
, 100
, 13
, 215
, 220
, 8
, 136
, 92
, 181
, 47
, 48
, 180
, 163
, 65
, 112
, 116
, 33
, 195
, 149
, 79
, 183
, 45
, 144
, 84
, 187
, 41
, 192
, 36
, 172
, 56
, 83
, 145
, 214
, 14
, 186
, 42
, 78
, 150
, 42
, 186
, 29
, 199
, 186
, 42
, 58
, 170
, 43
, 185
, 124
, 104
, 144
, 84
, 52
, 176
, 79
, 149
, 148
, 80
, 73
, 155
, 71
, 157
, 49
, 179
, 165
, 63
, 12
, 216
, 15
, 213
, 145
, 83
, 31
, 197
, 79
, 149
, 165
, 63
, 85
, 143
, 94
, 134
, 76
, 152
, 217
, 11
, 181
, 47
, 80
, 148
, 217
, 11
, 47
, 181
, 101
, 127
, 215
, 13
, 106
, 122
, 51
, 177
, 153
, 75
, 191
, 37
, 2
, 226
, 211
, 17
, 54
, 174
, 128
, 100
, 71
, 157
, 163
, 65
, 114
, 114
, 140
, 88
, 176
, 52
, 129
, 99
, 6
, 222
, 106
, 122
, 225
, 3
, 45
, 183
, 168
, 60
, 149
, 79
, 159
, 69
, 65
, 163
, 54
, 174
, 95
, 133
, 140
, 88
, 46
, 182
, 184
, 44
, 203
, 25
, 56
, 172
, 9
, 219
, 209
, 19
, 204
, 24
, 208
, 20
, 124
, 104
, 1
, 227
, 52
, 176
, 102
, 126
, 79
, 149
, 219
, 9
, 220
, 8
, 218
, 10
, 28
, 200
, 14
, 214
, 40
, 188
, 128
, 100
, 7
, 221
, 17
, 211
, 38
, 190
, 54
, 174
, 203
, 25
, 173
, 55
, 29
, 199
, 163
, 65
, 114
, 114
, 170
, 58
, 32
, 196
, 195
, 33
, 2
, 226
, 172
, 56
, 91
, 137
, 54
, 174
, 177
, 51
, 142
, 86
, 126
, 102
, 171
, 57
, 83
, 145
, 135
, 93
, 16
, 212
, 88
, 140
, 32
, 196
, 102
, 126
, 39
, 189
, 1
, 227
, 85
, 143
, 125
, 103
, 69
, 159
, 44
, 184
, 116
, 112
, 153
, 75
, 225
, 3
, 120
, 108
, 19
, 209
, 38
, 190
, 47
, 181
, 48
, 180
, 43
, 185
, 37
, 191
, 1
, 227
, 122
, 106
, 31
, 197
, 105
, 123
, 8
, 220
, 182
, 46
, 166
, 62
, 1
, 227
, 92
, 136
, 179
, 49
, 39
, 189
, 199
, 29
, 190
, 38
, 31
, 197
, 45
, 183
, 215
, 13
, 31
, 197
, 139
, 89
, 212
, 16
, 22
, 206
, 159
, 69
, 31
, 197
, 126
, 102
, 170
, 58
, 17
, 211
, 222
, 6
, 1
, 227
, 36
, 192
, 40
, 188
, 197
, 31
, 151
, 77
, 40
, 188
, 3
, 225
, 21
, 207
, 8
, 220
, 61
, 167
, 189
, 39
, 68
, 160
, 53
, 175
, 150
, 78
, 46
, 182
, 94
, 134
, 164
, 64
, 137
, 91
, 142
, 86
, 46
, 182
, 8
, 220
, 75
, 153
, 56
, 172
, 224
, 4
, 173
, 55
, 22
, 206
, 224
, 4
, 215
, 13
, 50
, 178
, 120
, 108
, 144
, 84
, 217
, 11
, 110
, 118
, 67
, 161
, 89
, 139
, 36
, 192
, 71
, 157
, 98
, 130
, 30
, 198
, 109
, 119
, 170
, 58
, 1
, 227
, 13
, 215
, 108
, 120
, 46
, 182
, 197
, 31
, 38
, 190
, 112
, 116
, 144
, 84
, 30
, 198
, 91
, 137
, 13
, 215
, 77
, 151
, 63
, 165
, 124
, 104
, 208
, 20
, 162
, 66
, 32
, 196
, 108
, 120
, 176
, 52
, 59
, 169
, 46
, 182
, 87
, 141
, 149
, 79
, 30
, 198
, 96
, 132
, 81
, 147
, 170
, 58
, 104
, 124
, 218
, 10
, 188
, 40
, 146
, 82
, 42
, 186
, 208
, 20
, 200
, 28
, 40
, 188
, 200
, 28
, 166
, 62
, 180
, 48
, 94
, 134
, 72
, 156
, 10
, 218
, 170
, 58
, 140
, 88
, 91
, 137
, 11
, 217
, 138
, 90
, 87
, 141
, 93
, 135
, 186
, 42
, 119
, 109
, 38
, 190
, 12
, 216
, 34
, 194
, 188
, 40
, 78
, 150
, 25
, 203
, 20
, 208
, 104
, 124
, 115
, 113
, 210
, 18
, 78
, 150
, 72
, 156
, 15
, 213
, 209
, 19
, 70
, 158
, 197
, 31
, 55
, 173
, 136
, 92
, 210
, 18
, 102
, 126
, 69
, 159
, 86
, 142
, 47
, 181
, 138
, 90
, 38
, 190
, 51
, 177
, 3
, 225
, 15
, 213
, 114
, 114
, 166
, 62
, 90
, 138
, 106
, 122
, 162
, 66
, 115
, 113
, 58
, 170
, 175
, 53
, 170
, 58
, 64
, 164
, 226
, 2
, 202
, 26
, 220
, 8
, 110
, 118
, 27
, 201
, 1
, 227
, 64
, 164
, 162
, 66
, 136
, 92
, 207
, 21
, 141
, 87
, 185
, 43
, 82
, 146
, 162
, 66
, 87
, 141
, 17
, 211
, 217
, 11
, 202
, 26
, 226
, 2
, 86
, 142
, 212
, 16
, 54
, 174
, 226
, 2
, 113
, 115
, 109
, 119
, 12
, 216
, 25
, 203
, 19
, 209
, 173
, 55
, 44
, 184
, 148
, 80
, 113
, 115
, 137
, 91
, 63
, 165
, 16
, 212
, 214
, 14
, 41
, 187
, 179
, 49
, 201
, 27
, 13
, 215
, 177
, 51
, 114
, 114
, 171
, 57
, 179
, 49
, 108
, 120
, 161
, 67
, 57
, 171
, 145
, 83
, 69
, 159
, 155
, 73
, 25
, 203
, 16
, 212
, 225
, 3
, 150
, 78
, 100
, 128
, 158
, 70
, 29
, 199
, 192
, 36
, 208
, 20
, 85
, 143
, 194
, 34
, 96
, 132
, 43
, 185
, 172
, 56
, 201
, 27
, 146
, 82
, 200
, 28
, 97
, 131
, 180
, 48
, 49
, 179
, 200
, 28
, 82
, 146
, 102
, 126
, 209
, 19
, 103
, 125
, 140
, 88
, 188
, 40
, 144
, 84
, 191
, 37
, 163
, 65
, 10
, 218
, 129
, 99
, 32
, 196
, 119
, 109
, 113
, 115
, 194
, 34
, 40
, 188
, 177
, 51
, 11
, 217
, 89
, 139
, 9
, 219
, 144
, 84
, 142
, 86
, 17
, 211
, 183
, 45
, 70
, 158
, 124
, 104
, 142
, 86
, 131
, 97
, 131
, 97
, 54
, 174
, 108
, 120
, 142
, 86
, 215
, 13
, 199
, 29
, 44
, 184
, 83
, 145
, 47
, 181
, 184
, 44
, 91
, 137
, 148
, 80
, 53
, 175
, 212
, 16
, 52
, 176
, 106
, 122
, 153
, 75
, 224
, 4
, 144
, 84
, 112
, 116
, 207
, 21
, 38
, 190
, 192
, 36
, 14
, 214
, 1
, 227
, 34
, 194
, 192
, 36
, 156
, 72
, 204
, 24
, 185
, 43
, 208
, 20
, 136
, 92
, 185
, 43
, 123
, 105
, 134
, 94
, 222
, 6
, 209
, 19
, 179
, 49
, 177
, 51
, 124
, 104
, 211
, 17
, 91
, 137
, 12
, 216
, 62
, 166
, 116
, 112
, 65
, 163
, 29
, 199
, 201
, 27
, 67
, 161
, 126
, 102
, 153
, 75
, 69
, 159
, 211
, 17
, 158
, 70
, 47
, 181
, 214
, 14
, 142
, 86
, 189
, 39
, 98
, 130
, 60
, 168
, 89
, 139
, 129
, 99
, 116
, 112
, 128
, 100
, 187
, 41
, 28
, 200
, 17
, 211
, 78
, 150
, 202
, 26
, 11
, 217
, 3
, 225
, 2
, 226
, 152
, 76
, 157
, 71
, 186
, 42
, 207
, 21
, 62
, 166
, 12
, 216
, 117
, 111
, 111
, 117
, 177
, 51
, 128
, 100
, 81
, 147
, 17
, 211
, 107
, 121
, 174
, 54
, 148
, 80
, 120
, 108
, 47
, 181
, 199
, 29
, 191
, 37
, 195
, 33
, 83
, 145
, 181
, 47
, 176
, 52
, 161
, 67
, 91
, 137
, 130
, 98
, 3
, 225
, 157
, 71
, 131
, 97
, 8
, 220
, 79
, 149
, 87
, 141
, 127
, 101
, 73
, 155
, 87
, 141
, 136
, 92
, 17
, 211
, 198
, 30
, 16
, 212
, 144
, 84
, 147
, 81
, 71
, 157
, 114
, 114
, 69
, 159
, 67
, 161
, 162
, 66
, 48
, 180
, 19
, 209
, 19
, 209
, 178
, 50
, 4
, 224
, 24
, 204
, 209
, 19
, 134
, 94
, 188
, 40
, 218
, 10
, 215
, 13
, 29
, 199
, 148
, 80
, 10
, 218
, 38
, 190
, 122
, 106
, 47
, 181
, 226
, 2
, 54
, 174
, 46
, 182
, 90
, 138
, 175
, 53
, 211
, 17
, 74
, 154
, 9
, 219
, 99
, 129
, 29
, 199
, 130
, 98
, 73
, 155
, 175
, 53
, 120
, 108
, 95
, 133
, 48
, 180
, 137
, 91
, 128
, 100
, 58
, 170
, 54
, 174
, 120
, 108
, 161
, 67
, 193
, 35
, 124
, 104
, 141
, 87
, 190
, 38
, 55
, 173
, 121
, 107
, 75
, 153
, 72
, 156
, 26
, 202
, 95
, 133
, 82
, 146
, 154
, 74
, 161
, 67
, 54
, 174
, 95
, 133
, 101
, 127
, 100
, 128
, 62
, 166
, 62
, 166
, 105
, 123
, 124
, 104
, 133
, 95
, 108
, 120
, 202
, 26
, 193
, 35
, 59
, 169
, 96
, 132
, 117
, 111
, 184
, 44
, 196
, 32
, 63
, 165
, 56
, 172
, 82
, 146
, 179
, 49
, 123
, 105
, 148
, 80
, 40
, 188
, 97
, 131
, 178
, 50
, 35
, 193
, 166
, 62
, 101
, 127
, 174
, 54
, 117
, 111
, 115
, 113
, 175
, 53
, 213
, 15
, 49
, 179
, 136
, 92
, 91
, 137
, 112
, 116
, 178
, 50
, 226
, 2
, 139
, 89
, 106
, 122
, 16
, 212
, 158
, 70
, 45
, 183
, 85
, 143
, 159
, 69
, 106
, 122
, 97
, 131
, 93
, 135
, 112
, 116
, 53
, 175
, 66
, 162
, 4
, 224
, 142
, 86
, 38
, 190
, 32
, 196
, 70
, 158
, 206
, 22
, 76
, 152
, 17
, 211
, 19
, 209
, 159
, 69
, 86
, 142
, 111
, 117
, 89
, 139
, 87
, 141
, 169
, 59
, 180
, 48
, 179
, 49
, 99
, 129
, 186
, 42
, 163
, 65
, 104
, 124
, 26
, 202
, 61
, 167
, 84
, 144
, 66
, 162
, 165
, 63
, 103
, 125
, 23
, 205
, 78
, 150
, 93
, 135
, 179
, 49
, 151
, 77
, 118
, 110
, 9
, 219
, 149
, 79
, 8
, 220
, 36
, 192
, 198
, 30
, 210
, 18
, 25
, 203
, 95
, 133
, 16
, 212
, 64
, 164
, 60
, 168
, 35
, 193
, 57
, 171
, 9
, 219
, 139
, 89
, 69
, 159
, 147
, 81
, 85
, 143
, 200
, 28
, 4
, 224
, 157
, 71
, 57
, 171
, 35
, 193
, 172
, 56
, 219
, 9
, 189
, 39
, 174
, 54
, 84
, 144
, 199
, 29
, 21
, 207
, 150
, 78
, 78
, 150
, 196
, 32
, 142
, 86
, 110
, 118
, 195
, 33
, 101
, 127
, 101
, 127
, 191
, 37
, 142
, 86
, 60
, 168
, 120
, 108
, 94
, 134
, 18
, 210
, 146
, 82
, 116
, 112
, 187
, 41
, 26
, 202
, 59
, 169
, 112
, 116
, 89
, 139
, 197
, 31
, 218
, 10
, 77
, 151
, 1
, 227
, 198
, 30
, 26
, 202
, 150
, 78
, 112
, 116
, 18
, 210
, 222
, 6
, 50
, 178
, 105
, 123
, 129
, 99
, 209
, 19
, 184
, 44
, 188
, 40
, 81
, 147
, 219
, 9
, 52
, 176
, 42
, 186
, 157
, 71
, 56
, 172
, 200
, 28
, 42
, 186
, 165
, 63
, 88
, 140
, 224
, 4
, 166
, 62
, 6
, 222
, 177
, 51
, 154
, 74
, 119
, 109
, 165
, 63
, 116
, 112
, 98
, 130
, 165
, 63
, 1
, 227
, 128
, 100
, 7
, 221
, 223
, 5
, 28
, 200
, 175
, 53
, 71
, 157
, 50
, 178
, 205
, 23
, 28
, 200
, 26
, 202
, 152
, 76
, 147
, 81
, 68
, 160
, 49
, 179
, 185
, 43
, 123
, 105
, 60
, 168
, 99
, 129
, 24
, 204
, 65
, 163
, 153
, 75
, 196
, 32
, 110
, 118
, 124
, 104
, 146
, 82
, 47
, 181
, 209
, 19
, 131
, 97
, 214
, 14
, 219
, 9
, 140
, 88
, 101
, 127
, 213
, 15
, 21
, 207
, 100
, 128
, 41
, 187
, 184
, 44
, 152
, 76
, 14
, 214
, 29
, 199
, 80
, 148
, 49
, 179
, 64
, 164
, 109
, 119
, 225
, 3
, 206
, 22
, 211
, 17
, 57
, 171
, 91
, 137
, 21
, 207
, 192
, 36
, 72
, 156
, 190
, 38
, 59
, 169
, 111
, 117
, 82
, 146
, 142
, 86
, 38
, 190
, 93
, 135
, 70
, 158
, 49
, 179
, 52
, 176
, 136
, 92
, 139
, 89
, 16
, 212
, 36
, 192
, 210
, 18
, 34
, 194
, 4
, 224
, 13
, 215
, 13
, 215
, 115
, 113
, 104
, 124
, 26
, 202
, 67
, 161
, 98
, 130
, 20
, 208
, 209
, 19
, 63
, 165
, 60
, 168
, 26
, 202
, 188
, 40
, 161
, 67
, 78
, 150
, 93
, 135
, 22
, 206
, 107
, 121
, 183
, 45
, 11
, 217
, 28
, 200
, 49
, 179
, 222
, 6
, 13
, 215
, 202
, 26
, 22
, 206
, 7
, 221
, 119
, 109
, 37
, 191
, 176
, 52
, 190
, 38
, 194
, 34
, 171
, 57
, 220
, 8
, 158
, 70
, 87
, 141
, 104
, 124
, 225
, 3
, 197
, 31
, 200
, 28
, 203
, 25
, 196
, 32
, 73
, 155
, 82
, 146
, 28
, 200
, 210
, 18
, 98
, 130
, 142
, 86
, 202
, 26
, 6
, 222
, 158
, 70
, 51
, 177
, 103
, 125
, 164
, 64
, 80
, 148
, 90
, 138
, 2
, 226
, 182
, 46
, 178
, 50
, 92
, 136
, 85
, 143
, 16
, 212
, 79
, 149
, 177
, 51
, 1
, 227
, 79
, 149
, 189
, 39
, 223
, 5
, 117
, 111
, 83
, 145
, 134
, 94
, 136
, 92
, 164
, 64
, 80
, 148
, 153
, 75
, 179
, 49
, 45
, 183
, 15
, 213
, 52
, 176
, 91
, 137
, 147
, 81
, 128
, 100
, 165
, 63
, 156
, 72
, 115
, 113
, 199
, 29
, 105
, 123
, 13
, 215
, 220
, 8
, 164
, 64
, 132
, 96
, 140
, 88
, 68
, 160
, 95
, 133
, 226
, 2
, 200
, 28
, 190
, 38
, 54
, 174
, 182
, 46
, 87
, 141
, 221
, 7
, 25
, 203
, 2
, 226
, 115
, 113
, 110
, 118
, 173
, 55
, 123
, 105
, 16
, 212
, 159
, 69
, 115
, 113
, 87
, 141
, 18
, 210
, 5
, 223
, 189
, 39
, 204
, 24
, 149
, 79
, 38
, 190
, 9
, 219
, 63
, 165
, 27
, 201
, 194
, 34
, 80
, 148
, 73
, 155
, 136
, 92
, 92
, 136
, 131
, 97
, 220
, 8
, 70
, 158
, 23
, 205
, 154
, 74
, 148
, 80
, 151
, 77
, 198
, 30
, 54
, 174
, 199
, 29
, 221
, 7
, 128
, 100
, 180
, 48
, 109
, 119
, 30
, 198
, 139
, 89
, 106
, 122
, 69
, 159
, 2
, 226
, 214
, 14
, 70
, 158
, 198
, 30
, 82
, 146
, 32
, 196
, 166
, 62
, 59
, 169
, 90
, 138
, 55
, 173
, 148
, 80
, 115
, 113
, 223
, 5
, 159
, 69
, 146
, 82
, 7
, 221
, 52
, 176
, 170
, 58
, 72
, 156
, 193
, 35
, 176
, 52
, 201
, 27
, 79
, 149
, 81
, 147
, 78
, 150
, 173
, 55
, 138
, 90
, 17
, 211
, 204
, 24
, 98
, 130
, 106
, 122
, 26
, 202
, 48
, 180
