
6270
549
595
708
348
959
201
487
489
256
377
361
343
538
217
285
464
692
787
540
747
982
930
983
108
122
495
896
577
109
713
858
921
288
650
937
838
120
307
463
908
139
655
408
193
163
436
583
614
833
492
974
492
557
951
518
370
761
881
116
643
200
834
608
872
823
646
142
544
439
810
304
311
506
596
661
583
430
155
201
502
421
318
365
676
581
847
682
867
991
554
491
377
948
232
435
807
760
399
964
330
655
254
668
865
148
766
324
784
445
247
195
286
657
259
139
398
892
306
629
394
957
201
844
254
394
638
400
360
614
362
743
500
530
677
129
277
722
273
320
549
655
355
475
740
477
630
179
785
381
128
336
664
177
277
944
539
587
931
601
220
425
907
976
302
245
463
262
161
759
436
331
966
941
257
319
196
590
707
997
119
694
485
976
748
595
744
583
708
322
163
329
815
865
311
813
134
257
145
461
514
685
820
139
126
148
391
102
197
766
814
820
639
835
130
483
635
423
477
120
477
377
979
147
436
394
694
724
343
685
209
422
311
297
111
356
654
395
620
607
867
193
773
623
530
258
564
810
128
313
686
653
242
375
243
692
106
109
773
920
605
693
482
190
866
989
404
749
451
726
902
976
123
323
937
151
424
382
961
426
945
148
343
288
271
853
204
488
317
351
975
133
369
212
646
625
597
630
189
203
622
864
814
866
611
813
444
249
205
256
804
752
152
292
165
845
553
697
581
832
400
174
669
192
969
850
578
630
933
175
569
526
629
717
282
668
465
369
187
308
722
668
381
371
512
563
287
481
930
506
754
964
303
126
963
190
928
651
134
676
169
958
378
812
834
982
124
606
614
280
219
312
851
357
857
178
362
151
798
427
515
328
466
139
991
304
673
569
695
776
484
217
223
843
324
330
217
113
877
958
488
808
895
180
199
418
328
968
573
422
288
953
148
215
817
778
860
220
293
331
209
735
605
457
750
822
971
395
664
772
765
461
319
843
900
240
162
666
424
476
152
596
870
509
906
661
819
284
924
481
512
726
491
855
920
992
511
859
382
801
821
556
248
139
496
475
645
394
109
438
859
334
904
111
696
954
831
583
536
860
768
175
553
457
751
208
849
314
912
211
492
526
179
480
680
329
256
954
750
566
503
404
895
154
312
467
469
771
802
357
436
487
909
179
266
731
976
414
879
400
123
224
964
129
434
801
655
749
988
735
805
797
522
208
160
765
714
109
411
188
432
132
807
158
208
805
852
238
994
601
653
407
652
965
343
932
640
973
443
795
624
821
537
578
999
942
331
498
472
954
876
405
221
118
275
458
441
808
796
286
640
323
210
452
232
302
474
813
997
559
822
308
950
746
144
405
536
544
403
510
929
649
107
804
669
141
416
480
238
261
957
593
392
170
378
172
336
295
504
857
283
783
187
181
171
888
919
568
965
923
631
955
316
983
231
830
965
961
172
369
910
178
292
850
798
150
268
827
966
196
655
585
615
883
294
137
791
436
978
835
190
488
944
428
910
582
651
171
980
923
838
404
676
408
303
306
642
837
733
340
622
635
275
686
888
667
716
694
691
191
743
919
798
189
441
734
649
239
247
883
455
612
440
178
712
976
111
436
571
548
142
361
915
942
815
772
629
446
143
323
702
390
740
355
856
541
254
289
944
202
204
175
123
662
607
785
363
104
884
677
342
423
205
151
350
734
242
347
615
251
628
559
157
421
894
747
380
407
144
961
502
403
463
605
862
578
497
446
432
542
206
781
932
818
489
375
508
749
405
739
990
125
287
930
633
752
830
988
921
346
553
762
120
596
607
275
833
826
803
528
454
316
750
268
988
724
265
514
800
153
295
127
294
129
352
455
297
467
810
556
586
296
736
230
595
946
805
208
463
262
823
265
226
211
229
758
397
119
137
471
663
812
489
660
782
950
682
921
843
418
104
325
538
375
105
915
248
486
611
789
236
867
116
308
276
721
951
737
242
264
565
447
423
118
499
113
825
575
528
346
981
973
694
164
758
319
688
397
925
654
924
595
237
267
174
757
381
808
254
302
583
373
230
532
374
642
893
223
675
981
560
141
366
783
801
114
520
653
655
520
826
913
696
353
972
289
311
568
952
127
692
880
183
933
639
820
550
482
184
814
322
950
173
489
214
177
642
907
489
253
726
243
857
581
375
279
667
209
545
140
200
232
184
492
971
498
703
138
117
822
472
743
365
984
625
350
716
397
781
525
188
918
937
301
875
655
245
958
601
813
662
787
835
210
395
794
732
912
209
517
704
555
494
281
187
434
277
548
145
696
120
244
957
365
803
757
749
376
781
343
808
910
273
650
943
343
479
330
938
989
959
143
957
760
409
969
412
244
538
636
416
743
167
318
508
921
614
244
107
504
302
294
288
789
420
466
777
671
332
552
151
132
241
549
964
720
479
304
205
406
608
725
485
856
867
736
207
103
981
723
844
622
433
901
421
636
886
481
955
263
322
931
279
263
643
752
643
119
705
914
238
882
562
513
317
403
523
779
390
706
327
178
242
121
256
693
895
614
671
954
465
194
605
174
489
292
883
930
300
334
642
621
277
240
822
407
261
188
507
759
939
808
312
321
245
501
270
631
855
567
872
800
201
928
481
400
884
399
445
751
944
953
803
725
991
961
337
906
482
542
930
381
396
745
258
660
781
939
412
962
518
674
847
160
446
646
961
113
216
114
247
910
430
533
282
940
343
321
981
166
608
483
228
695
196
652
393
530
215
387
580
476
614
288
701
333
195
380
551
365
626
760
131
840
780
452
292
739
168
961
872
984
681
892
295
584
832
117
685
185
308
107
347
448
256
505
305
664
617
833
174
160
835
691
985
975
820
888
293
757
228
435
640
636
918
310
399
212
286
209
375
712
180
802
926
850
263
136
991
674
491
457
859
577
278
190
342
896
408
141
539
379
303
805
615
471
427
750
977
556
149
116
356
187
400
203
434
401
115
320
654
743
456
710
348
576
793
126
384
948
274
827
807
263
151
322
604
122
343
874
150
659
983
566
720
748
937
385
234
519
150
955
129
298
151
980
447
907
242
579
988
891
875
610
473
770
607
794
276
116
462
396
459
206
622
900
804
812
356
675
876
485
244
523
802
461
577
756
759
198
843
320
805
483
404
855
984
489
723
779
112
197
508
649
990
498
305
196
653
704
201
183
749
911
172
989
968
703
502
135
779
352
202
667
169
757
405
314
864
375
144
927
233
387
621
711
248
178
501
724
701
245
844
319
512
884
289
917
245
359
281
862
408
463
237
290
959
917
137
167
801
854
934
802
669
187
171
176
580
775
162
729
491
855
962
912
275
325
166
299
959
887
715
553
249
323
228
933
715
324
413
325
614
466
459
355
399
888
610
450
798
222
299
484
431
484
693
594
380
337
346
517
735
356
708
971
481
605
443
380
627
537
132
541
213
511
796
812
211
639
539
642
167
325
881
450
290
887
362
106
770
809
494
169
718
575
776
745
414
191
710
678
850
426
833
814
349
719
970
785
632
936
728
175
903
857
101
660
535
882
453
401
748
330
185
445
407
517
952
750
207
502
241
164
882
935
443
147
206
362
223
663
284
192
449
271
149
552
149
329
999
483
736
832
116
920
545
186
695
503
153
972
669
425
881
407
179
524
278
293
520
883
562
876
695
229
532
936
557
264
297
763
985
792
299
460
113
845
184
745
622
167
783
694
848
855
859
306
114
340
535
418
242
409
882
528
686
223
515
239
513
198
432
750
563
871
631
106
555
165
597
617
526
446
597
126
916
102
935
141
684
649
809
884
669
347
487
710
640
354
793
321
110
616
504
947
784
386
147
668
454
825
208
111
894
832
832
880
742
280
463
279
801
526
291
632
951
738
762
847
189
339
288
812
327
306
794
402
151
819
800
528
931
321
274
222
846
158
150
855
167
110
692
925
905
972
393
182
539
422
288
744
865
396
517
809
862
459
347
326
218
995
440
365
605
292
672
354
481
309
571
510
698
755
417
854
324
843
190
498
308
742
247
980
314
887
862
203
856
856
580
468
878
639
377
145
947
511
986
881
679
825
825
628
713
383
963
714
235
851
771
886
917
508
446
258
455
762
606
874
636
492
524
122
114
541
192
162
304
210
486
231
521
104
966
771
724
534
912
390
860
783
337
125
312
185
664
361
332
592
341
541
683
804
564
710
894
596
542
828
126
997
900
406
177
791
667
289
939
847
824
164
165
632
121
467
157
335
608
729
722
629
404
972
166
493
803
893
424
586
227
195
558
568
660
129
389
761
620
791
536
283
220
768
654
362
921
114
556
270
404
126
798
506
112
230
907
472
252
641
984
958
386
847
765
598
969
374
123
233
255
947
874
694
594
303
585
166
635
459
940
577
143
589
607
901
545
749
706
589
413
968
134
979
186
358
921
531
574
372
522
781
909
282
637
876
294
295
152
810
879
103
608
235
201
442
995
495
295
381
829
388
898
474
623
728
245
179
727
375
626
815
106
426
580
409
543
929
640
755
779
213
721
464
364
545
411
110
602
514
583
473
998
645
703
251
534
202
631
488
439
624
239
599
836
246
339
635
678
803
801
850
362
490
148
260
410
301
406
144
946
791
446
871
817
723
754
149
342
940
413
318
629
119
432
699
888
157
257
804
172
562
318
594
945
233
975
856
669
553
304
232
802
751
225
433
635
712
654
313
734
516
100
987
496
699
142
165
467
644
925
434
578
783
694
681
884
682
294
772
385
779
417
518
150
607
886
260
467
447
457
712
376
494
740
962
128
268
981
719
947
649
584
947
565
997
265
443
308
550
962
673
836
478
337
215
333
110
931
926
721
335
805
257
909
475
229
930
171
240
999
621
823
679
613
794
640
360
461
462
560
664
178
114
955
197
386
556
470
887
527
459
198
439
873
408
480
932
434
364
350
721
777
303
747
746
959
449
292
872
401
892
721
893
707
425
724
308
639
814
887
639
989
878
337
605
230
771
717
440
627
533
774
914
495
427
744
764
891
880
640
285
761
577
991
705
897
377
289
387
745
177
526
419
725
322
684
906
642
178
775
220
500
181
646
372
363
115
954
510
752
123
385
859
416
237
556
221
206
153
637
781
150
462
906
551
580
987
554
708
990
975
384
950
586
903
994
877
847
455
725
777
541
755
621
843
742
149
340
784
517
542
616
857
413
269
923
416
426
913
791
499
583
348
328
885
595
212
310
961
640
446
293
802
458
971
140
626
771
131
558
830
630
785
611
484
903
923
397
365
561
934
775
828
357
810
125
182
675
779
287
293
205
624
400
348
575
793
837
724
595
322
129
551
247
177
312
576
256
984
594
236
292
655
868
784
600
796
317
973
631
147
985
901
365
112
189
440
368
879
129
517
713
659
785
512
365
283
295
362
684
591
927
423
595
245
961
115
196
874
748
213
984
483
486
949
818
111
406
985
420
717
779
724
100
961
886
955
727
976
546
968
164
124
279
990
396
717
606
824
374
896
918
750
209
206
756
105
550
875
431
556
485
691
512
161
468
759
816
133
335
493
531
396
162
356
196
268
988
848
864
833
227
526
522
474
102
631
226
475
694
196
683
976
900
980
175
974
371
462
716
594
115
833
764
138
839
828
200
381
342
542
306
914
670
257
936
879
607
591
701
290
742
797
993
438
238
414
681
894
677
394
781
939
256
348
417
883
691
741
233
558
321
180
798
775
389
799
619
311
758
859
870
236
724
845
820
477
785
470
475
111
243
745
713
116
607
632
403
837
839
803
179
765
228
738
554
862
717
329
671
569
698
813
746
239
465
643
725
442
909
686
536
929
220
816
847
226
735
848
912
282
496
457
191
518
898
618
178
918
867
431
706
252
623
320
487
441
684
547
117
966
921
310
936
987
859
642
725
752
771
951
753
626
769
274
677
579
613
542
533
315
877
190
602
315
213
723
311
521
765
918
506
585
754
431
772
548
180
933
429
460
854
554
275
829
592
917
686
839
640
415
273
679
228
580
821
481
117
530
694
254
525
777
963
509
411
119
963
579
798
481
755
247
959
581
213
561
291
400
881
469
436
531
403
120
237
799
867
646
490
721
205
534
580
570
190
631
730
453
573
139
583
635
405
349
185
896
526
927
431
886
111
617
598
650
431
915
663
809
237
128
822
903
501
889
807
286
555
825
555
938
302
656
500
443
113
710
119
959
284
547
739
951
589
968
712
715
252
638
337
352
327
985
373
404
242
246
495
187
464
294
410
489
789
931
595
875
439
108
870
367
145
530
810
413
477
755
249
583
244
152
193
281
274
712
1000
694
938
466
775
188
770
370
332
100
515
703
782
824
244
536
753
330
516
338
680
521
887
471
274
512
960
658
901
941
374
382
535
119
369
126
483
467
560
615
917
112
419
918
540
101
722
182
349
390
131
146
463
992
481
919
169
889
409
469
474
413
797
890
387
290
139
394
472
382
399
369
341
217
875
770
411
520
332
915
518
753
334
559
774
912
642
557
541
559
201
748
933
933
213
907
337
360
961
240
851
159
965
237
947
697
786
670
622
630
994
742
252
923
495
708
530
860
563
359
692
824
408
780
153
559
793
786
749
924
895
582
163
668
226
776
446
280
387
394
246
503
153
289
861
872
995
559
428
675
967
100
480
507
393
946
556
135
215
105
303
228
174
364
795
784
596
973
269
480
551
243
210
197
171
105
805
282
155
212
293
804
989
607
744
506
997
291
221
538
328
394
705
449
996
723
309
484
664
509
182
946
324
488
380
844
452
429
207
134
620
330
405
796
479
735
755
292
142
165
968
951
878
542
305
233
905
170
968
442
403
736
886
604
363
297
289
206
822
474
278
490
316
680
935
127
769
724
752
436
277
314
453
656
370
409
254
750
596
993
667
202
653
522
794
236
138
843
375
293
846
625
559
916
385
329
300
562
784
924
318
331
358
796
293
448
847
899
729
818
429
889
828
700
825
568
434
887
682
646
840
119
750
624
383
778
388
731
278
975
920
732
459
113
371
798
194
653
930
129
619
743
291
733
299
217
623
167
587
468
417
398
700
769
180
554
196
272
233
648
438
627
215
917
855
487
137
887
616
510
171
511
817
105
523
563
122
365
301
160
966
394
330
212
721
960
589
523
677
662
393
476
175
537
439
868
630
300
927
368
389
473
442
890
839
482
622
109
871
644
250
626
179
144
542
524
638
483
827
991
530
893
782
357
262
692
882
382
224
967
767
746
200
510
998
897
728
817
629
806
562
253
904
524
384
859
931
561
159
262
572
947
327
241
743
181
223
208
518
796
331
419
261
520
684
186
443
469
844
601
538
574
776
245
674
862
231
457
570
229
409
973
836
825
380
909
883
920
943
962
602
685
821
556
399
666
504
115
760
964
602
517
963
270
996
905
404
457
298
744
881
824
289
887
358
454
164
909
449
813
165
204
829
210
446
700
602
828
618
728
102
543
546
359
140
558
738
120
417
123
593
635
239
735
140
900
309
665
285
907
697
615
793
645
688
896
685
263
547
366
989
418
774
941
263
427
336
411
715
812
358
719
617
715
449
410
695
990
978
328
846
496
166
425
733
324
196
461
275
454
333
411
147
158
201
386
899
236
143
125
760
291
562
820
125
413
487
235
474
232
758
184
316
850
194
280
104
921
553
300
144
638
586
185
189
291
902
550
449
234
705
511
288
295
722
456
441
119
141
694
465
145
351
885
224
939
404
953
437
213
461
897
851
616
413
274
314
415
173
629
337
471
292
836
586
967
628
806
240
226
472
494
650
336
541
830
881
726
169
410
544
489
169
571
368
930
782
393
242
648
997
192
547
304
310
386
187
101
103
949
271
580
716
741
911
669
633
647
943
389
893
227
981
273
461
421
941
529
709
207
562
313
624
766
889
726
451
568
550
800
919
496
242
414
897
718
494
532
427
331
374
239
889
793
687
458
353
411
418
665
154
665
603
529
174
168
770
200
367
296
879
998
784
654
481
423
953
651
809
244
362
607
678
291
341
820
714
454
191
345
897
673
622
426
293
504
986
160
360
262
649
846
425
352
503
829
123
481
700
536
719
152
861
324
550
496
622
337
302
795
319
269
209
215
260
500
620
515
351
899
543
927
312
537
108
622
599
298
643
706
834
215
225
579
297
125
128
916
267
225
201
126
807
391
403
411
470
879
622
182
319
330
875
600
892
802
945
273
705
923
544
437
965
532
663
590
135
127
718
146
660
150
326
750
271
739
919
388
613
501
173
752
219
572
951
689
576
370
390
137
923
495
304
461
384
655
268
100
326
674
402
226
314
136
390
559
775
815
999
326
266
956
971
808
760
515
263
511
422
822
120
662
920
234
690
744
940
464
783
223
790
459
312
861
852
619
816
393
736
434
416
418
693
852
917
467
926
464
301
168
454
848
782
925
150
722
560
652
215
881
389
381
439
366
685
397
928
740
640
907
417
987
555
234
620
614
496
813
694
551
873
322
793
562
533
615
152
481
326
561
873
609
209
245
140
410
147
434
346
425
333
250
994
993
687
734
351
298
760
168
788
799
902
523
554
844
724
390
678
796
797
100
967
609
524
813
105
887
741
853
802
396
517
181
678
788
242
791
408
136
705
536
252
292
765
805
589
588
245
646
339
394
982
497
432
855
129
160
755
988
462
419
561
193
820
644
593
337
503
461
817
933
850
321
353
811
486
447
982
584
183
782
657
955
680
208
482
706
922
809
760
697
490
244
334
624
562
511
397
162
650
851
876
781
946
718
878
322
912
103
139
239
923
741
467
961
120
432
643
239
196
437
181
208
692
638
467
157
170
269
592
797
433
521
390
362
339
787
374
813
819
209
841
458
596
789
345
954
576
450
215
630
751
897
529
990
137
896
291
641
532
477
147
700
661
846
616
160
362
862
937
788
792
950
532
161
467
614
424
729
579
287
707
640
118
544
760
858
917
161
982
797
954
513
926
982
438
444
982
391
566
486
691
145
371
775
980
134
339
473
136
780
931
770
756
615
868
389
330
479
986
984
676
977
236
173
728
614
551
774
193
775
306
355
213
288
754
485
191
645
142
980
741
361
238
112
1000
946
123
446
655
313
171
492
665
415
763
103
496
152
324
359
288
384
150
483
991
371
773
641
533
406
387
327
326
768
247
219
862
174
171
936
893
748
608
530
457
159
693
341
493
392
680
441
556
309
904
661
218
457
532
747
541
833
767
779
670
830
897
809
695
730
452
879
288
736
459
401
274
976
904
254
692
686
675
319
179
232
636
658
413
939
158
658
752
985
435
597
542
831
666
501
658
408
459
755
842
283
602
184
497
599
216
830
978
714
295
669
450
279
697
156
577
441
763
766
222
489
925
586
216
701
891
107
314
906
606
844
929
204
500
734
988
577
612
908
982
347
502
565
665
419
455
733
492
351
185
980
614
949
925
801
509
926
180
282
125
843
224
225
253
766
777
467
319
797
452
862
259
219
258
813
535
589
582
642
462
162
468
668
322
599
557
909
371
475
417
317
925
922
716
403
787
709
467
955
615
899
681
386
746
770
773
824
102
371
902
334
815
348
979
481
664
377
635
618
526
965
469
166
300
991
655
621
235
334
761
536
669
139
815
105
237
632
740
994
827
659
258
179
409
594
238
277
481
674
766
918
907
909
154
962
887
945
993
170
779
898
396
774
486
491
383
746
498
209
311
596
825
601
763
391
604
993
939
755
477
570
167
450
243
889
717
499
570
533
962
324
526
334
169
515
252
418
496
766
506
457
420
566
609
194
225
316
175
312
530
646
621
454
430
484
707
766
411
562
537
425
240
569
219
719
777
625
996
394
920
397
339
643
339
681
727
554
107
576
766
112
150
972
983
755
221
839
699
580
270
687
770
173
611
310
166
149
725
920
349
194
304
592
129
174
711
439
111
935
332
493
141
991
514
210
710
976
536
563
136
718
969
876
201
510
813
897
403
654
465
767
217
711
639
335
411
642
396
242
455
185
964
267
464
591
160
818
570
965
196
571
464
501
917
712
458
202
245
876
821
892
792
639
825
856
143
201
228
657
136
884
881
252
371
416
511
928
272
566
882
380
556
615
318
638
738
599
376
127
671
991
898
705
948
840
641
292
838
987
491
981
112
422
413
360
127
689
678
728
273
267
173
461
200
985
774
566
492
722
822
131
557
740
799
998
764
929
898
220
324
530
144
336
818
794
499
802
121
329
720
300
869
869
591
589
920
582
833
258
249
784
664
623
122
750
635
976
132
658
455
966
151
333
938
909
234
374
406
255
354
381
605
791
475
828
943
341
843
343
860
535
856
777
890
893
305
764
508
326
695
661
281
838
346
377
907
441
701
245
414
434
133
799
521
790
996
821
429
346
472
727
672
472
255
527
140
430
565
102
410
984
783
625
497
770
292
761
534
826
507
559
278
446
584
609
897
346
356
363
464
686
818
296
883
833
383
527
340
971
118
287
680
354
117
587
213
355
708
693
675
713
818
622
670
118
392
109
572
492
870
683
466
300
264
556
968
196
200
611
435
582
502
719
527
306
644
584
144
481
342
240
100
400
212
673
284
272
690
690
252
992
995
467
819
502
296
670
606
301
758
338
955
405
295
962
877
674
740
856
218
484
519
268
886
187
801
623
320
337
516
656
705
871
310
394
237
504
515
333
892
135
423
250
997
826
218
166
948
669
183
250
544
235
710
398
549
355
344
714
428
496
816
549
402
327
353
575
159
230
818
581
113
701
548
274
671
570
911
164
470
711
800
258
654
846
578
490
281
123
542
413
579
108
850
484
927
639
379
485
870
493
983
988
154
148
869
831
709
943
641
936
762
596
212
735
209
892
268
336
778
992
624
126
465
927
477
715
597
113
299
993
536
246
836
422
455
364
708
442
196
499
563
177
620
543
485
166
286
651
321
604
501
667
979
650
700
977
519
219
177
347
271
626
986
735
107
979
610
775
509
853
866
728
984
486
800
153
695
947
870
723
910
233
720
146
506
581
648
670
841
590
991
538
315
162
375
234
499
330
901
881
439
221
286
167
856
418
612
444
347
729
467
462
476
987
254
900
768
656
561
900
829
754
337
144
945
853
841
794
504
943
374
650
278
242
316
161
599
850
392
660
792
417
864
829
972
523
492
350
557
697
941
631
797
671
970
646
530
467
476
873
126
249
440
290
346
104
880
711
672
273
945
271
422
442
891
435
630
658
864
350
324
218
732
175
741
200
774
839
156
362
577
961
402
173
823
588
576
974
429
706
538
307
373
487
632
803
161
301
152
264
220
415
819
572
194
855
425
863
516
421
935
772
658
165
945
236
681
914
824
498
548
102
172
635
486
500
335
316
778
490
108
426
416
882
463
729
871
564
203
160
940
956
500
536
320
248
973
682
342
660
213
742
683
492
834
507
161
607
445
848
566
902
688
967
114
947
288
880
336
898
723
202
897
258
693
739
116
369
897
290
236
785
938
267
968
187
728
757
431
312
656
895
631
958
610
625
232
597
447
667
178
145
349
448
735
643
902
758
957
215
445
613
417
357
713
140
954
169
514
732
550
516
256
385
706
978
675
777
951
646
408
970
560
173
330
660
449
504
334
180
349
334
212
349
851
531
591
686
783
140
811
966
441
959
496
783
517
523
116
493
860
879
607
486
938
493
799
838
462
801
375
778
629
453
725
691
910
376
681
120
651
984
363
381
695
363
641
499
621
293
672
513
249
793
474
638
553
806
934
376
409
386
295
232
340
654
350
663
802
414
788
599
826
224
139
912
284
296
112
931
304
520
759
511
581
138
110
763
989
881
725
903
975
959
788
516
593
228
763
871
180
595
135
878
488
115
377
165
694
177
377
117
814
830
299
255
578
289
126
896
961
439
460
959
300
796
322
314
219
481
687
899
946
866
530
660
204
735
263
609
559
528
404
741
564
722
773
982
577
397
114
663
454
311
725
284
411
808
269
367
889
809
200
348
806
183
484
900
972
429
785
129
180
489
840
944
415
379
822
313
700
232
914
127
463
773
599
152
947
843
681
126
755
790
928
905
449
214
918
892
311
289
625
961
358
428
857
228
470
477
280
349
667
655
420
325
574
611
681
734
114
341
721
557
736
230
469
842
389
168
176
829
879
182
100
595
140
626
905
109
911
397
177
410
858
345
515
991
136
903
721
574
638
472
364
130
455
812
679
313
555
200
321
906
571
930
816
632
797
600
894
933
467
908
822
606
318
602
882
177
701
209
664
498
974
878
289
357
304
800
376
698
125
915
617
987
171
329
160
807
303
423
125
819
340
914
285
969
741
504
528
739
215
848
806
471
975
752
395
720
879
264
494
966
759
136
706
711
258
982
482
747
133
289
756
773
929
209
964
312
418
150
581
676
388
174
635
961
779
186
274
315
466
770
854
322
783
279
936
654
431
763
195
433
597
818
848
906
489
844
121
967
308
509
938
425
400
485
681
672
791
465
961
776
188
935
873
654
226
640
276
709
397
754
437
996
630
965
422
259
695
111
626
901
398
843
276
689
897
118
765
852
962
734
243
701
396
907
636
791
146
678
112
133
716
878
986
702
860
697
805
373
927
665
571
177
412
143
259
933
863
112
696
712
364
491
464
900
329
328
244
287
952
344
460
226
538
300
496
156
934
241
117
450
314
406
853
188
343
519
198
516
706
435
935
253
860
387
479
965
282
948
642
267
238
143
637
759
573
170
826
140
424
861
882
579
317
412
379
988
497
463
134
760
438
260
364
967
164
239
765
752
606
305
602
692
298
387
404
285
132
451
455
138
931
434
487
672
762
890
221
543
513
305
905
505
151
283
145
156
703
288
354
272
393
704
560
397
468
577
394
706
882
583
476
389
200
906
912
859
286
101
988
963
300
910
721
624
127
188
881
158
276
405
857
274
227
486
663
965
116
807
195
632
331
429
963
470
118
726
792
673
206
757
394
920
903
292
234
984
925
279
795
682
400
950
977
766
431
737
727
746
227
637
351
837
618
383
900
258
770
639
896
692
140
978
217
392
999
287
615
567
285
898
710
207
227
406
972
469
719
776
752
815
531
377
357
767
123
387
933
859
407
163
603
992
335
800
484
283
406
919
673
795
177
419
771
885
620
264
657
542
999
543
457
357
639
307
967
808
565
137
786
795
366
491
821
961
536
957
825
483
497
305
954
907
946
962
635
549
174
406
858
335
465
354
520
700
390
284
271
748
439
857
370
527
643
470
219
265
674
406
857
195
694
749
649
203
812
662
328
304
434
851
560
459
199
616
571
290
673
242
131
937
782
530
211
534
683
544
486
596
558
542
653
493
214
388
972
613
537
322
647
450
709
320
581
521
238
871
866
249
282
227
463
554
284
888
790
521
250
193
708
600
639
975
592
732
362
649
662
337
328
208
764
928
667
295
223
960
399
516
209
347
463
654
300
423
212
435
361
574
496
556
217
212
725
169
144
364
266
547
456
810
934
895
211
162
221
472
754
307
439
436
166
942
810
333
208
891
173
937
468
869
536
232
866
502
808
755
640
834
133
946
821
190
105
898
450
329
957
939
786
521
159
601
246
892
587
558
413
491
733
811
583
367
692
177
449
724
183
188
769
906
716
487
377
920
163
733
735
871
785
650
595
783
876
240
802
539
212
777
262
321
796
922
532
937
818
887
100
131
229
594
798
988
979
240
102
473
456
573
452
711
855
759
370
507
415
573
605
238
329
877
994
159
847
289
292
188
626
544
587
532
729
793
434
931
386
469
500
328
739
347
254
638
654
660
397
778
259
696
502
652
959
175
887
761
646
458
696
889
896
834
451
385
553
891
913
749
736
877
548
410
309
410
561
500
479
160
526
349
102
209
620
738
832
188
575
582
979
432
366
962
255
149
948
608
202
760
525
354
599
550
941
852
753
312
736
785
257
609
703
218
329
598
996
517
919
468
966
432
278
741
736
218
179
662
395
238
682
717
890
479
541
259
517
765
308
821
759
999
222
856
590
823
222
102
556
335
185
989
850
595
544
810
952
773
919
636
179
998
825
120
167
660
666
710
535
909
338
416
592
861
271
630
497
739
966
609
352
562
315
598
422
436
494
893
285
497
329
594
392
839
530
716
387
835
228
194
948
108
715
169
618
627
582
134
283
365
138
863
195
654
192
416
834
937
151
647
100
111
333
765
194
653
681
490
732
747
211
929
217
346
360
132
457
573
437
344
654
841
324
140
351
261
258
50
50
50
51
51
52
52
52
52
52
53
53
53
54
54
54
54
54
55
57
57
57
57
57
58
58
58
59
59
59
59
59
60
60
60
61
61
61
61
61
62
62
62
63
63
63
63
63
63
63
64
64
64
64
64
64
64
65
65
65
66
66
66
67
67
68
68
68
68
68
68
69
69
70
70
70
71
71
71
71
71
72
72
72
73
73
73
73
73
74
74
74
75
75
76
76
77
77
77
77
78
78
78
78
78
79
79
80
80
80
80
81
81
81
81
82
82
82
83
83
83
84
85
86
87
87
87
87
88
88
88
88
90
90
90
90
90
91
91
91
92
92
92
92
92
93
93
94
94
95
96
96
96
96
97
98
98
98
98
98
98
98
99
99
99
100
100
100
100
100
100
101
101
101
101
102
102
102
103
103
103
103
104
104
104
104
104
104
104
105
105
105
105
105
106
106
106
107
107
107
107
107
108
108
108
110
110
110
110
111
111
111
111
111
112
112
112
112
113
113
114
114
114
114
114
115
115
115
115
116
116
116
117
118
118
119
119
119
119
119
119
119
120
120
120
121
121
121
122
122
123
123
124
124
124
124
125
125
125
125
125
126
126
126
126
127
127
127
128
128
128
128
129
129
129
129
130
130
130
131
131
131
132
132
132
132
133
133
133
134
134
134
134
134
135
135
136
136
136
136
136
137
137
137
138
138
139
139
140
140
140
140
140
141
141
141
141
141
141
142
142
142
142
143
143
144
144
144
145
145
145
145
145
147
147
148
149
150
150
150
150
151
152
152
152
153
153
153
153
153
153
154
154
154
154
155
155
155
155
156
156
156
157
157
158
158
159
159
160
160
161
161
161
162
162
162
162
163
163
164
164
164
164
164
165
165
165
165
165
166
166
166
166
167
168
168
169
169
169
169
169
170
171
172
172
172
172
174
175
176
176
176
176
176
177
177
177
177
177
177
177
178
178
178
178
178
179
179
180
180
181
182
182
183
183
183
183
183
183
183
184
184
185
185
185
185
186
187
187
187
187
187
188
188
188
188
188
188
188
189
189
189
190
190
191
191
191
191
192
192
193
193
193
193
193
194
194
194
194
195
195
195
196
196
196
197
198
198
198
198
199
199
199
199
200
201
201
202
202
203
203
204
205
205
205
205
206
206
206
206
207
207
207
208
208
209
209
209
209
210
210
210
210
210
210
210
210
211
212
212
212
212
212
213
213
213
214
214
214
214
215
216
216
218
218
219
219
219
220
220
220
221
221
221
222
222
225
225
225
225
226
226
226
226
227
227
227
227
227
227
228
228
228
228
229
229
229
230
230
230
230
231
231
231
231
231
231
231
231
232
232
232
234
234
235
235
235
235
236
236
236
236
236
236
237
237
239
239
240
240
240
240
241
241
241
241
242
242
242
243
243
243
243
243
244
244
244
244
244
244
245
245
245
245
245
246
246
246
246
246
246
247
247
247
247
248
249
249
249
249
250
250
251
252
252
252
252
252
252
253
253
253
254
255
255
255
255
256
257
257
257
257
257
258
258
258
258
259
259
259
259
259
259
260
260
260
260
261
261
262
262
262
263
264
264
265
265
265
266
267
267
267
268
268
269
269
269
270
270
270
270
270
271
271
271
271
271
272
273
273
273
273
273
273
273
274
274
274
274
274
275
275
275
275
275
276
276
276
276
276
276
276
277
277
277
278
278
278
278
279
279
279
279
279
279
279
279
280
280
280
280
281
281
282
282
282
282
283
283
283
283
284
285
285
286
286
286
287
287
287
287
287
287
288
288
288
288
289
290
290
290
290
290
291
291
291
291
292
292
292
292
292
292
292
293
293
293
293
293
294
294
295
296
296
296
296
297
297
298
298
298
299
299
299
299
300
300
300
300
301
301
302
302
302
302
302
302
303
303
304
304
305
306
306
306
306
306
306
307
307
307
307
307
307
307
307
307
307
308
308
308
308
308
308
309
309
309
309
310
310
310
310
311
311
312
312
312
312
313
313
313
314
314
314
314
315
315
315
315
315
316
317
317
317
317
317
318
318
318
318
318
319
319
320
320
320
320
321
321
321
321
321
322
322
322
322
323
323
323
323
324
324
324
325
325
325
325
326
326
327
327
327
327
327
328
328
328
328
328
329
329
329
329
330
330
330
331
331
332
333
333
334
334
335
335
335
335
336
336
336
337
337
338
338
338
338
339
340
340
340
340
340
340
340
340
341
341
341
342
342
342
343
343
343
344
344
344
344
345
345
345
346
347
347
348
348
348
348
349
349
349
350
350
350
350
350
351
352
352
352
352
352
352
353
353
353
354
354
355
355
356
356
356
356
357
357
357
357
357
357
357
358
358
358
358
358
358
359
359
359
359
359
359
359
360
360
360
360
360
361
361
362
362
362
362
362
363
364
364
364
364
364
365
365
365
366
366
366
366
367
367
368
369
369
369
370
371
371
372
372
372
372
373
373
373
374
375
375
377
377
377
378
378
378
379
379
379
380
381
381
381
381
381
382
382
382
383
383
384
385
385
385
386
386
386
386
386
387
387
388
388
388
388
388
388
389
389
390
390
390
390
390
390
390
390
391
391
391
392
393
393
393
393
394
394
395
395
395
395
395
396
396
396
396
396
396
396
396
397
397
398
398
399
399
399
399
400
400
400
400
400
401
401
401
401
401
402
402
402
403
403
403
403
404
404
404
404
405
405
405
405
406
406
406
407
407
407
407
408
408
408
409
409
409
409
409
409
409
410
410
410
411
411
411
411
411
413
413
413
413
413
414
414
414
414
415
415
415
415
415
416
416
416
417
417
417
419
419
419
419
419
420
420
420
421
421
422
423
423
423
423
424
424
424
424
424
425
426
427
427
427
427
427
428
429
429
429
429
429
430
430
430
430
431
431
431
431
431
432
432
432
433
433
433
434
434
434
434
434
434
435
435
435
435
436
436
436
436
437
438
438
438
438
439
439
439
440
442
442
442
443
443
443
443
443
443
444
444
445
445
445
445
445
446
447
447
448
449
449
449
449
450
451
451
451
452
452
452
453
453
453
454
454
454
454
454
454
455
455
455
456
456
456
457
458
458
459
459
459
459
460
460
461
461
462
462
462
462
462
462
463
463
463
464
464
464
465
465
465
466
467
467
467
467
467
467
468
468
468
468
469
469
469
470
470
470
470
471
471
471
471
472
472
472
472
473
473
474
474
474
474
475
475
475
475
475
475
476
476
476
477
477
477
478
478
478
478
478
478
479
479
479
480
480
481
481
481
482
483
483
483
484
484
484
484
484
484
485
485
485
486
486
487
487
487
487
487
488
488
489
489
490
490
490
491
491
491
491
491
491
492
494
494
494
494
495
495
495
496
496
496
497
497
498
499
499
500
500
501
501
501
501
502
502
504
505
505
506
507
507
507
508
508
508
508
508
509
509
509
509
509
510
510
511
512
512
512
512
513
513
513
514
515
516
516
517
517
517
517
517
517
517
518
518
519
519
520
520
520
520
520
521
521
521
521
522
522
522
522
522
523
523
523
524
524
524
524
524
524
525
525
525
525
526
526
526
527
527
527
528
528
528
529
529
529
530
530
530
530
530
531
531
531
532
532
533
533
533
533
534
534
534
534
534
535
535
535
535
535
536
536
536
536
536
536
537
538
538
539
539
539
541
541
541
541
542
543
544
544
545
545
545
545
546
547
547
547
547
548
549
549
550
550
551
551
552
552
552
552
552
553
553
553
553
553
554
554
555
555
555
555
555
555
556
556
556
556
556
556
556
556
556
557
557
557
558
558
558
558
558
559
559
559
559
559
560
560
561
561
561
562
562
562
562
562
564
564
564
565
565
565
565
566
567
567
567
568
568
568
568
568
569
569
570
570
571
571
571
571
572
572
572
572
573
573
573
573
573
574
575
575
576
576
577
578
578
579
579
579
579
579
580
580
580
581
581
581
581
581
582
582
582
582
582
582
583
583
583
583
583
583
584
584
584
584
585
586
586
586
586
587
587
587
587
588
589
590
590
590
590
591
591
591
592
593
593
594
595
596
598
598
598
599
600
600
600
600
601
601
602
602
602
602
602
603
603
603
604
604
604
604
605
605
605
605
606
606
607
607
607
608
608
608
608
608
609
609
609
609
609
610
610
610
610
611
612
612
612
613
613
614
614
614
615
616
616
617
617
617
617
617
618
618
618
618
618
618
619
619
619
619
620
620
621
621
621
621
621
622
622
622
622
622
622
623
623
623
624
624
625
625
626
626
626
627
627
629
629
629
629
630
630
630
631
631
631
631
631
632
632
632
632
633
633
633
634
634
634
634
635
635
636
636
636
636
636
636
637
637
637
637
637
638
638
638
638
639
639
639
639
639
639
639
639
640
640
640
640
641
641
641
641
641
641
642
643
643
643
643
643
644
644
644
645
645
645
645
645
645
646
646
646
646
646
647
647
647
647
647
648
648
648
649
649
649
649
650
650
651
652
652
652
652
653
653
653
653
654
654
655
655
655
655
656
658
658
658
658
658
658
658
659
659
659
660
660
660
661
661
661
661
661
662
662
662
662
663
663
663
663
663
663
664
664
665
665
665
666
666
666
666
666
666
666
666
667
667
667
668
668
669
669
669
669
669
669
669
670
671
671
671
671
671
672
673
674
674
675
675
675
675
675
676
677
678
678
679
679
680
680
680
680
681
681
682
682
682
683
683
683
684
684
684
685
685
685
686
686
686
686
687
687
688
688
689
689
689
689
690
690
690
690
690
690
691
691
691
691
691
691
691
691
692
692
692
693
693
693
693
694
695
695
695
695
695
695
696
696
697
697
698
698
699
699
699
699
700
700
700
701
701
702
702
702
702
703
703
703
703
703
704
704
705
705
705
706
706
706
706
707
707
708
709
710
710
711
711
711
712
713
714
714
715
715
715
715
715
715
716
716
716
716
717
717
718
718
719
719
719
720
720
721
721
722
722
723
723
723
723
723
724
724
725
725
725
726
726
726
727
727
727
727
727
728
728
728
728
728
728
729
729
730
731
731
731
731
731
732
732
732
733
733
733
733
733
734
734
734
734
734
734
734
735
736
736
737
737
737
738
738
738
739
739
740
740
740
740
740
741
742
742
742
742
742
743
743
743
743
744
745
745
745
745
746
746
747
747
747
747
748
748
748
749
749
750
751
752
752
752
753
753
753
753
753
754
754
754
754
755
755
756
756
756
756
757
757
758
758
758
758
758
758
759
759
759
760
760
760
760
760
760
760
761
761
761
762
762
763
764
764
764
765
765
766
766
766
767
767
767
767
767
768
768
769
769
770
770
770
771
771
772
772
772
772
772
772
773
773
773
773
774
775
775
775
775
776
776
776
777
777
778
778
778
778
778
778
778
778
779
779
779
779
779
780
780
780
781
781
781
782
782
782
782
782
783
783
783
785
785
785
785
785
785
786
786
786
786
786
786
787
787
788
788
788
789
789
789
789
789
790
791
791
792
792
793
793
794
794
794
795
795
795
795
795
796
797
797
798
798
798
798
798
799
800
800
800
800
801
801
801
801
801
802
803
803
803
803
803
803
803
803
804
804
804
804
804
805
805
805
805
806
806
807
807
807
807
807
808
808
808
809
809
809
809
809
809
809
810
811
811
812
812
812
813
813
814
814
814
814
814
815
815
815
815
816
817
817
817
817
817
817
818
818
818
818
818
818
818
820
820
822
822
823
823
823
823
823
824
824
824
825
825
825
826
826
827
827
828
828
829
829
829
829
829
830
830
830
830
831
832
832
832
833
833
833
834
834
834
834
834
834
834
834
834
835
836
836
837
837
837
837
838
838
838
838
838
838
838
839
839
839
839
840
840
840
840
840
841
841
841
841
842
842
842
842
842
843
843
844
845
845
845
846
846
847
847
848
848
848
848
848
848
848
849
849
850
850
850
850
850
851
851
851
852
852
852
853
854
854
854
854
855
855
855
856
856
857
857
858
858
858
858
859
859
860
860
860
861
861
861
861
861
861
862
862
863
863
863
863
864
864
866
866
867
867
868
868
868
868
869
869
870
870
870
870
870
870
871
872
872
873
874
874
874
874
875
875
875
876
876
876
877
877
877
877
878
878
878
879
879
881
881
882
882
882
883
883
883
883
884
884
884
884
884
884
885
885
885
885
886
886
886
886
887
887
887
887
887
888
888
888
888
888
888
889
889
889
889
889
889
889
889
889
889
890
890
890
890
890
890
891
891
891
891
892
892
892
892
892
892
893
893
894
894
895
895
895
895
896
896
896
897
897
897
898
898
898
899
899
899
899
902
902
903
903
904
905
905
905
906
906
906
907
907
907
908
908
908
908
908
908
909
909
909
910
910
910
910
911
911
911
911
911
911
912
913
913
913
913
913
914
914
914
915
915
916
916
916
916
916
916
916
917
917
917
917
918
918
918
918
919
919
919
919
919
920
921
921
921
921
921
921
921
922
922
922
923
923
923
924
925
925
925
925
926
926
927
928
928
928
928
929
929
930
930
930
931
931
932
932
932
933
933
933
933
933
933
934
934
934
935
935
936
936
936
936
936
938
939
939
940
941
941
942
942
942
942
943
943
943
943
944
944
944
944
945
945
946
946
946
946
946
947
947
947
947
947
948
948
948
948
949
951
951
951
951
952
952
952
952
952
952
952
952
952
952
953
953
953
954
954
954
955
955
955
955
955
956
956
956
956
956
957
957
957
957
957
958
958
959
960
960
961
961
961
961
962
962
963
963
963
963
964
964
964
965
966
966
966
967
967
967
968
968
968
968
969
969
970
970
970
970
970
971
971
971
972
972
972
973
973
973
973
974
974
974
974
974
974
975
976
976
976
976
977
977
977
978
978
978
979
980
980
980
981
981
981
981
981
982
982
983
983
983
984
984
984
984
985
985
987
987
987
987
987
988
988
988
988
988
989
989
989
989
989
989
989
989
990
990
990
990
991
992
992
992
992
992
993
993
993
994
994
994
995
995
996
996
996
997
997
997
997
998
998
998
998
998
999
999
1001
1001
1001
1001
1001
1001
1001
1002
1002
1002
1003
1003
1003
1003
1003
1003
1003
1004
1004
1004
1005
1005
1005
1005
1005
1005
1006
1006
1006
1006
1007
1008
1009
1009
1010
1010
1010
1010
1010
1011
1011
1012
1012
1013
1013
1013
1013
1013
1014
1014
1015
1015
1015
1016
1017
1017
1017
1017
1018
1018
1018
1018
1019
1019
1020
1020
1020
1020
1020
1020
1020
1021
1021
1021
1021
1021
1022
1023
1023
1024
1024
1024
1024
1025
1026
1026
1026
1026
1026
1026
1026
1026
1026
1027
1027
1027
1028
1028
1028
1028
1029
1030
1031
1031
1031
1031
1031
1032
1033
1033
1034
1034
1034
1034
1034
1035
1035
1035
1035
1035
1036
1037
1037
1037
1037
1038
1038
1039
1039
1040
1040
1040
1040
1040
1041
1041
1041
1042
1042
1042
1042
1042
1042
1042
1042
1042
1043
1043
1043
1044
1044
1044
1044
1044
1044
1045
1045
1045
1045
1046
1046
1046
1046
1048
1048
1048
1048
1049
1049
1049
1049
1050
1050
1050
1051
1052
1052
1052
1053
1053
1053
1054
1054
1055
1056
1056
1056
1056
1056
1056
1057
1057
1057
1058
1058
1058
1059
1059
1059
1059
1059
1059
1059
1060
1060
1060
1060
1061
1062
1062
1062
1063
1063
1063
1064
1064
1065
1065
1065
1066
1067
1067
1067
1067
1068
1068
1068
1069
1069
1069
1069
1069
1069
1069
1070
1070
1070
1070
1071
1072
1072
1072
1073
1073
1073
1074
1074
1074
1074
1075
1075
1075
1075
1075
1075
1076
1076
1076
1077
1077
1078
1079
1079
1079
1079
1080
1080
1080
1081
1082
1082
1083
1084
1084
1084
1085
1085
1085
1086
1086
1087
1087
1087
1088
1088
1088
1088
1089
1089
1089
1089
1090
1091
1091
1091
1091
1091
1091
1092
1092
1093
1093
1094
1094
1095
1095
1095
1096
1097
1097
1097
1098
1098
1098
1099
1100
1100
1101
1101
1101
1101
1102
1102
1102
1103
1103
1103
1103
1104
1105
1105
1105
1105
1106
1106
1107
1107
1107
1107
1107
1107
1108
1108
1108
1109
1109
1109
1110
1110
1110
1111
1111
1111
1112
1112
1112
1112
1112
1113
1113
1113
1114
1114
1114
1115
1115
1115
1115
1116
1116
1117
1117
1117
1117
1118
1118
1118
1118
1118
1119
1119
1119
1119
1120
1120
1120
1120
1121
1121
1121
1122
1122
1122
1122
1122
1122
1122
1122
1123
1123
1123
1123
1123
1124
1124
1125
1125
1126
1126
1126
1126
1127
1128
1128
1128
1128
1129
1129
1129
1129
1129
1130
1131
1131
1131
1131
1133
1133
1133
1135
1135
1136
1136
1137
1137
1138
1138
1138
1139
1139
1139
1139
1139
1140
1140
1140
1141
1142
1143
1143
1143
1143
1143
1144
1144
1144
1145
1145
1146
1146
1146
1146
1147
1147
1147
1147
1147
1148
1148
1148
1148
1148
1149
1149
1149
1150
1150
1150
1150
1151
1151
1151
1151
1151
1152
1152
1152
1152
1152
1152
1153
1153
1153
1153
1154
1154
1155
1155
1155
1155
1156
1156
1156
1156
1157
1157
1158
1159
1159
1160
1160
1161
1161
1161
1162
1162
1162
1162
1162
1163
1163
1163
1163
1164
1164
1165
1165
1166
1166
1166
1166
1166
1166
1167
1167
1167
1167
1168
1168
1168
1169
1169
1169
1169
1170
1171
1171
1171
1171
1171
1171
1172
1172
1172
1172
1172
1172
1173
1174
1175
1175
1175
1176
1176
1176
1176
1177
1177
1177
1177
1177
1178
1178
1178
1178
1179
1180
1180
1181
1181
1182
1182
1182
1182
1183
1183
1183
1183
1183
1184
1184
1184
1184
1185
1185
1186
1186
1186
1186
1186
1187
1187
1187
1188
1189
1191
1191
1192
1192
1192
1192
1192
1193
1193
1194
1194
1195
1195
1195
1195
1195
1196
1197
1198
1198
1198
1198
1199
1199
1200
1200
1201
1201
1201
1202
1202
1203
1203
1203
1203
1203
1203
1203
1204
1205
1205
1205
1205
1205
1205
1206
1206
1206
1207
1207
1207
1207
1208
1208
1208
1208
1209
1209
1210
1210
1210
1210
1210
1210
1210
1210
1210
1211
1211
1212
1212
1212
1212
1212
1212
1213
1213
1213
1214
1214
1214
1214
1214
1215
1215
1216
1216
1216
1217
1217
1217
1218
1219
1219
1219
1219
1219
1220
1221
1221
1221
1222
1222
1222
1223
1223
1223
1223
1223
1224
1224
1225
1226
1226
1226
1226
1227
1228
1229
1230
1230
1230
1230
1231
1231
1231
1231
1232
1232
1233
1233
1234
1234
1234
1235
1235
1235
1235
1236
1236
1237
1237
1238
1238
1239
1239
1239
1239
1239
1240
1240
1240
1240
1241
1241
1242
1243
1243
1243
1244
1244
1244
1244
1244
1245
1245
1245
1245
1245
1245
1245
1245
1246
1248
1248
1248
1248
1249
1249
1249
1249
1250
1250
1250
1251
1252
1252
1252
1252
1252
1253
1253
1253
1254
1254
1255
1256
1256
1257
1257
1257
1257
1257
1257
1257
1259
1259
1259
1259
1259
1260
1260
1261
1261
1261
1261
1262
1262
1262
1263
1263
1263
1263
1263
1263
1264
1265
1265
1265
1265
1266
1266
1266
1267
1267
1267
1268
1268
1268
1269
1269
1270
1271
1271
1272
1272
1272
1273
1273
1273
1273
1274
1274
1274
1274
1275
1275
1276
1276
1276
1277
1277
1278
1279
1279
1279
1280
1280
1280
1280
1281
1282
1282
1283
1283
1284
1284
1284
1285
1285
1285
1286
1286
1287
1288
1288
1288
1289
1289
1289
1290
1290
1290
1291
1291
1291
1291
1291
1292
1292
1292
1293
1293
1293
1293
1293
1294
1294
1294
1294
1295
1296
1296
1296
1297
1297
1298
1298
1298
1298
1299
1299
1300
1300
1300
1300
1300
1300
1300
1300
1300
1302
1302
1302
1302
1303
1303
1303
1303
1304
1304
1304
1304
1304
1305
1305
1305
1306
1306
1306
1306
1307
1307
1307
1307
1308
1308
1308
1309
1309
1310
1310
1310
1310
1310
1310
1311
1311
1311
1311
1311
1312
1312
1312
1313
1313
1313
1314
1314
1314
1314
1314
1315
1315
1315
1316
1316
1316
1316
1317
1317
1317
1317
1317
1317
1318
1318
1318
1318
1318
1318
1318
1319
1319
1319
1319
1321
1321
1321
1321
1322
1322
1323
1323
1323
1323
1324
1325
1326
1326
1327
1327
1328
1329
1329
1329
1330
1330
1332
1332
1332
1332
1333
1333
1334
1334
1334
1334
1335
1338
1338
1338
1339
1339
1339
1339
1340
1340
1340
1340
1340
1341
1341
1343
1343
1343
1343
1344
1344
1344
1344
1345
1345
1346
1346
1346
1346
1346
1346
1346
1347
1347
1347
1347
1348
1348
1348
1348
1348
1349
1349
1349
1350
1350
1350
1351
1352
1352
1352
1353
1353
1354
1354
1354
1355
1355
1355
1355
1355
1356
1356
1356
1356
1357
1357
1357
1357
1358
1358
1359
1359
1359
1359
1360
1361
1361
1361
1362
1362
1362
1362
1362
1363
1363
1363
1363
1365
1365
1365
1367
1368
1368
1368
1368
1368
1369
1369
1370
1370
1370
1370
1370
1370
1371
1371
1371
1371
1371
1371
1371
1372
1372
1373
1373
1374
1374
1375
1375
1375
1376
1376
1376
1377
1377
1377
1378
1379
1379
1380
1380
1381
1382
1382
1382
1383
1383
1384
1384
1384
1385
1385
1385
1385
1385
1386
1386
1386
1387
1387
1387
1388
1388
1389
1389
1389
1389
1389
1390
1390
1391
1392
1392
1392
1392
1393
1393
1394
1394
1394
1394
1394
1395
1395
1395
1395
1395
1396
1396
1396
1397
1397
1397
1397
1397
1397
1397
1398
1398
1398
1398
1398
1399
1399
1399
1399
1399
1399
1399
1399
1399
1400
1400
1401
1402
1402
1402
1402
1402
1402
1403
1404
1404
1404
1405
1405
1405
1405
1406
1406
1406
1407
1407
1408
1408
1408
1409
1409
1409
1410
1410
1410
1411
1411
1412
1412
1412
1413
1413
1414
1415
1415
1415
1415
1416
1416
1417
1417
1418
1418
1419
1419
1419
1419
1420
1420
1420
1420
1420
1421
1421
1421
1421
1421
1421
1422
1422
1422
1422
1423
1423
1423
1423
1424
1424
1424
1425
1425
1425
1425
1425
1426
1426
1426
1426
1427
1427
1427
1428
1428
1428
1429
1429
1429
1430
1431
1431
1431
1432
1432
1432
1432
1433
1433
1433
1433
1433
1434
1435
1435
1435
1435
1436
1436
1436
1437
1437
1437
1437
1437
1437
1438
1438
1438
1439
1439
1440
1441
1441
1441
1441
1442
1442
1442
1442
1442
1442
1442
1443
1443
1443
1443
1444
1444
1444
1444
1445
1445
1445
1446
1446
1446
1446
1447
1447
1447
1447
1447
1447
1448
1448
1448
1448
1448
1449
1449
1450
1450
1451
1451
1452
1453
1453
1453
1453
1453
1454
1454
1454
1455
1455
1455
1455
1456
1456
1456
1456
1456
1457
1457
1457
1457
1458
1458
1458
1459
1459
1459
1459
1459
1459
1459
1460
1460
1460
1460
1461
1462
1462
1462
1462
1463
1463
1463
1464
1464
1464
1465
1465
1465
1465
1465
1466
1466
1466
1466
1466
1467
1467
1467
1469
1469
1469
1469
1469
1470
1470
1470
1470
1471
1471
1471
1472
1472
1473
1473
1474
1474
1475
1475
1475
1475
1475
1476
1476
1476
1476
1476
1476
1476
1476
1477
1477
1478
1478
1478
1479
1479
1479
1479
1479
1480
1480
1480
1480
1480
1480
1480
1480
1480
1480
1480
1481
1481
1482
1483
1483
1483
1483
1484
1484
1484
1484
1484
1485
1485
1485
1485
1486
1487
1487
1488
1488
1489
1489
1489
1489
1490
1490
1490
1490
1491
1491
1491
1491
1492
1492
1492
1492
1493
1493
1493
1493
1493
1493
1493
1493
1493
1493
1494
1495
1495
1495
1495
1496
1496
1496
1497
1497
1497
1498
1499
1499
1499
1499
1499
1499
1500
1500
1501
1501
1501
1501
1501
1502
1502
1502
1503
1503
1503
1503
1504
1504
1504
1504
1504
1504
1504
1505
1505
1505
1505
1506
1507
1507
1507
1507
1508
1508
1509
1509
1510
1510
1511
1511
1511
1512
1512
1512
1512
1512
1512
1513
1513
1513
1513
1513
1514
1514
1514
1514
1515
1515
1515
1515
1516
1516
1516
1516
1517
1517
1517
1518
1519
1519
1519
1519
1519
1519
1519
1519
1520
1520
1520
1521
1522
1522
1522
1522
1522
1522
1523
1523
1524
1524
1524
1524
1524
1525
1525
1525
1526
1527
1527
1527
1527
1528
1528
1528
1529
1529
1529
1529
1529
1530
1530
1530
1530
1531
1531
1531
1531
1532
1532
1533
1533
1533
1533
1534
1535
1535
1535
1535
1536
1536
1536
1537
1537
1539
1539
1539
1539
1540
1541
1541
1541
1542
1542
1542
1543
1544
1546
1546
1546
1546
1548
1548
1548
1548
1548
1549
1549
1549
1550
1551
1551
1551
1551
1552
1552
1553
1553
1553
1554
1554
1555
1555
1555
1555
1556
1557
1557
1557
1557
1557
1558
1558
1558
1558
1559
1559
1560
1560
1561
1561
1562
1562
1562
1563
1563
1563
1565
1566
1566
1566
1566
1567
1567
1567
1567
1567
1567
1568
1568
1569
1569
1570
1570
1571
1571
1572
1572
1572
1572
1572
1572
1573
1574
1574
1574
1575
1575
1575
1575
1575
1577
1577
1577
1578
1578
1578
1578
1578
1579
1580
1580
1580
1580
1581
1581
1581
1581
1582
1582
1582
1583
1584
1584
1584
1584
1584
1584
1585
1585
1585
1585
1586
1586
1586
1586
1588
1588
1588
1588
1589
1589
1589
1590
1590
1591
1592
1592
1592
1592
1592
1593
1594
1594
1594
1594
1595
1595
1595
1595
1596
1596
1596
1597
1598
1598
1598
1599
1600
1600
1601
1601
1601
1601
1601
1601
1602
1602
1602
1603
1603
1604
1604
1604
1604
1605
1605
1605
1605
1606
1606
1607
1607
1609
1610
1610
1610
1611
1612
1612
1612
1612
1612
1612
1613
1614
1614
1614
1614
1614
1616
1616
1616
1616
1617
1617
1617
1617
1617
1618
1618
1619
1619
1619
1619
1620
1620
1620
1620
1620
1620
1621
1621
1621
1622
1622
1622
1623
1623
1623
1624
1624
1624
1625
1625
1625
1625
1626
1627
1628
1628
1629
1629
1629
1629
1629
1629
1630
1630
1631
1631
1631
1631
1632
1632
1632
1633
1633
1633
1634
1634
1634
1634
1635
1635
1635
1636
1636
1636
1636
1636
1636
1636
1636
1637
1637
1638
1638
1638
1638
1639
1639
1639
1639
1640
1640
1640
1640
1641
1641
1641
1641
1641
1641
1642
1642
1642
1643
1643
1643
1644
1644
1645
1645
1645
1646
1647
1647
1647
1648
1648
1648
1648
1648
1648
1648
1649
1649
1649
1649
1650
1651
1651
1652
1652
1652
1652
1653
1653
1654
1654
1654
1654
1654
1654
1655
1655
1655
1655
1655
1656
1656
1656
1657
1657
1657
1658
1658
1658
1658
1659
1659
1659
1660
1660
1660
1660
1660
1660
1661
1661
1661
1661
1661
1662
1663
1663
1664
1664
1664
1664
1664
1664
1665
1665
1665
1666
1667
1667
1667
1667
1667
1667
1668
1668
1668
1668
1669
1669
1669
1669
1670
1670
1670
1670
1670
1670
1671
1671
1671
1671
1671
1672
1672
1672
1673
1674
1675
1675
1675
1675
1676
1676
1676
1676
1676
1676
1677
1677
1677
1678
1679
1679
1679
1679
1679
1680
1680
1680
1680
1681
1681
1681
1681
1681
1681
1682
1682
1682
1683
1683
1683
1684
1684
1684
1684
1684
1685
1685
1685
1685
1686
1687
1687
1687
1687
1688
1688
1688
1688
1688
1689
1689
1690
1690
1691
1691
1692
1692
1693
1693
1693
1695
1695
1695
1696
1697
1697
1698
1698
1698
1698
1698
1699
1699
1700
1700
1700
1700
1701
1701
1701
1701
1702
1702
1703
1703
1703
1703
1703
1703
1703
1705
1705
1705
1705
1705
1705
1705
1706
1706
1706
1706
1707
1707
1707
1707
1708
1709
1709
1709
1710
1710
1710
1710
1711
1711
1711
1711
1712
1712
1712
1712
1713
1713
1714
1714
1714
1715
1715
1716
1717
1717
1717
1717
1718
1718
1718
1719
1720
1720
1720
1720
1720
1721
1722
1722
1722
1723
1723
1723
1723
1723
1724
1724
1724
1724
1725
1725
1726
1726
1726
1727
1727
1727
1728
1728
1728
1729
1729
1729
1730
1730
1730
1730
1730
1731
1731
1731
1732
1732
1733
1733
1733
1733
1734
1734
1734
1734
1734
1734
1734
1734
1735
1735
1736
1736
1736
1736
1736
1736
1737
1737
1737
1737
1737
1738
1738
1738
1739
1739
1739
1740
1740
1740
1741
1741
1741
1742
1742
1742
1742
1743
1743
1743
1743
1744
1744
1744
1744
1744
1745
1745
1745
1745
1745
1745
1746
1747
1747
1748
1748
1748
1749
1750
1750
1750
1750
1750
1751
1751
1751
1751
1752
1753
1753
1753
1753
1754
1754
1755
1755
1755
1755
1755
1755
1756
1756
1757
1757
1758
1758
1758
1759
1759
1759
1759
1759
1759
1759
1760
1760
1760
1760
1761
1762
1762
1762
1762
1763
1763
1763
1764
1764
1764
1764
1764
1765
1765
1765
1765
1766
1766
1767
1767
1768
1769
1769
1769
1769
1770
1770
1770
1770
1770
1771
1771
1771
1771
1771
1772
1773
1773
1773
1774
1774
1774
1774
1775
1775
1775
1776
1776
1776
1776
1776
1776
1776
1776
1777
1777
1778
1778
1778
1778
1778
1779
1779
1780
1781
1781
1781
1781
1781
1781
1782
1782
1783
1784
1786
1786
1786
1787
1787
1788
1788
1789
1789
1789
1790
1790
1790
1791
1791
1791
1791
1791
1792
1792
1792
1792
1793
1793
1793
1794
1794
1794
1795
1795
1795
1796
1796
1797
1797
1798
1798
1798
1798
1798
1798
1798
1799
1800
1800
1800
1801
1801
1801
1801
1801
1801
1801
1802
1802
1803
1803
1804
1804
1804
1804
1805
1805
1805
1805
1805
1805
1805
1806
1806
1807
1807
1807
1808
1808
1808
1808
1808
1809
1809
1810
1810
1810
1810
1811
1812
1812
1812
1812
1812
1813
1813
1813
1813
1813
1813
1814
1814
1814
1814
1814
1815
1815
1815
1816
1817
1817
1817
1817
1818
1818
1819
1819
1819
1819
1820
1820
1821
1821
1821
1822
1822
1822
1823
1823
1823
1824
1824
1824
1825
1825
1825
1826
1826
1827
1828
1828
1828
1829
1829
1830
1830
1831
1831
1833
1833
1833
1834
1835
1835
1835
1835
1836
1836
1836
1836
1837
1837
1837
1837
1838
1838
1838
1838
1838
1839
1839
1839
1839
1839
1839
1839
1840
1841
1842
1842
1843
1843
1843
1843
1843
1844
1845
1845
1845
1846
1847
1848
1848
1848
1849
1849
1849
1849
1849
1850
1850
1851
1852
1852
1853
1853
1853
1853
1854
1855
1855
1856
1857
1857
1858
1858
1858
1858
1858
1858
1859
1859
1859
1860
1860
1860
1860
1860
1861
1861
1861
1861
1862
1862
1863
1863
1863
1864
1864
1864
1864
1865
1867
1867
1868
1868
1868
1868
1869
1869
1869
1869
1869
1869
1870
1870
1870
1871
1871
1871
1872
1872
1872
1872
1872
1872
1873
1873
1873
1874
1874
1874
1874
1875
1875
1875
1875
1875
1876
1876
1876
1876
1877
1877
1877
1877
1877
1877
1877
1877
1878
1878
1878
1880
1881
1881
1881
1881
1881
1881
1882
1882
1882
1882
1883
1883
1883
1883
1883
1884
1884
1884
1885
1885
1885
1885
1887
1887
1887
1887
1888
1889
1889
1890
1891
1891
1891
1891
1892
1893
1893
1894
1895
1895
1895
1895
1895
1896
1896
1896
1897
1897
1897
1897
1897
1897
1898
1898
1898
1898
1898
1899
1900
1900
1900
1900
1902
1902
1903
1903
1903
1903
1904
1905
1905
1905
1905
1906
1906
1907
1907
1907
1907
1908
1908
1908
1908
1908
1908
1908
1908
1909
1909
1909
1909
1910
1910
1910
1911
1912
1912
1912
1912
1912
1912
1913
1913
1913
1913
1914
1914
1914
1915
1915
1916
1916
1916
1916
1917
1917
1917
1917
1917
1917
1918
1918
1918
1918
1918
1919
1919
1919
1919
1920
1921
1921
1921
1922
1923
1923
1923
1924
1924
1924
1925
1925
1926
1927
1928
1928
1928
1928
1929
1929
1929
1929
1929
1929
1930
1930
1930
1930
1930
1930
1931
1932
1932
1932
1932
1932
1932
1933
1933
1934
1934
1934
1934
1934
1935
1935
1936
1936
1937
1937
1937
1937
1937
1938
1938
1938
1939
1940
1940
1940
1940
1940
1941
1941
1941
1942
1942
1942
1942
1943
1943
1943
1944
1944
1945
1945
1945
1945
1945
1946
1946
1946
1947
1948
1948
1948
1948
1948
1949
1949
1949
1949
1949
1950
1950
1951
1951
1952
1952
1952
1952
1952
1952
1952
1952
1953
1954
1954
1954
1954
1954
1955
1955
1955
1955
1955
1955
1956
1956
1956
1957
1957
1958
1959
1959
1960
1960
1960
1960
1961
1961
1961
1961
1961
1961
1962
1962
1962
1962
1962
1962
1963
1964
1964
1965
1965
1965
1965
1965
1966
1966
1966
1966
1966
1967
1967
1967
1968
1969
1969
1969
1970
1970
1970
1970
1972
1972
1972
1972
1973
1973
1973
1973
1973
1973
1973
1974
1974
1974
1974
1975
1975
1976
1976
1976
1976
1976
1977
1977
1977
1978
1978
1978
1978
1978
1979
1979
1979
1979
1979
1979
1979
1979
1979
1980
1980
1981
1981
1982
1982
1982
1983
1983
1983
1984
1984
1985
1985
1986
1986
1986
1987
1987
1987
1988
1988
1988
1988
1988
1988
1988
1988
1989
1990
1991
1991
1991
1991
1991
1991
1992
1992
1992
1993
1995
1996
1996
1996
1996
1997
1997
1997
1997
1997
1997
1998
1998
1999
1999
1999
1999
1999
1999
