
3190
, 98
, 92
, 89
, 101
, 161
, 29
, 30
, 160
, 158
, 32
, 22
, 168
, 182
, 8
, 188
, 2
, 42
, 148
, 121
, 69
, 168
, 22
, 59
, 131
, 115
, 75
, 97
, 93
, 19
, 171
, 159
, 31
, 67
, 123
, 46
, 144
, 31
, 159
, 161
, 29
, 10
, 180
, 63
, 127
, 182
, 8
, 183
, 7
, 149
, 41
, 40
, 150
, 45
, 145
, 92
, 98
, 79
, 111
, 72
, 118
, 53
, 137
, 159
, 31
, 33
, 157
, 175
, 15
, 152
, 38
, 95
, 95
, 69
, 121
, 126
, 64
, 179
, 11
, 73
, 117
, 29
, 161
, 60
, 130
, 173
, 17
, 43
, 147
, 110
, 80
, 54
, 136
, 147
, 43
, 50
, 140
, 125
, 65
, 138
, 52
, 136
, 54
, 108
, 82
, 16
, 174
, 79
, 111
, 17
, 173
, 44
, 146
, 76
, 114
, 85
, 105
, 82
, 108
, 2
, 188
, 86
, 104
, 136
, 54
, 38
, 152
, 156
, 34
, 110
, 80
, 38
, 152
, 164
, 26
, 41
, 149
, 16
, 174
, 91
, 99
, 93
, 97
, 135
, 55
, 12
, 178
, 37
, 153
, 175
, 15
, 82
, 108
, 129
, 61
, 138
, 52
, 24
, 166
, 183
, 7
, 109
, 81
, 66
, 124
, 94
, 96
, 41
, 149
, 188
, 2
, 36
, 154
, 126
, 64
, 136
, 54
, 145
, 45
, 22
, 168
, 146
, 44
, 16
, 174
, 61
, 129
, 148
, 42
, 105
, 85
, 128
, 62
, 109
, 81
, 167
, 23
, 101
, 89
, 123
, 67
, 40
, 150
, 35
, 155
, 187
, 3
, 48
, 142
, 128
, 62
, 154
, 36
, 95
, 95
, 74
, 116
, 62
, 128
, 100
, 90
, 101
, 89
, 130
, 60
, 60
, 130
, 73
, 117
, 86
, 104
, 8
, 182
, 85
, 105
, 167
, 23
, 185
, 5
, 13
, 177
, 99
, 91
, 111
, 79
, 188
, 2
, 111
, 79
, 78
, 112
, 23
, 167
, 76
, 114
, 144
, 46
, 33
, 157
, 178
, 12
, 141
, 49
, 17
, 173
, 188
, 2
, 48
, 142
, 183
, 7
, 74
, 116
, 68
, 122
, 54
, 136
, 28
, 162
, 111
, 79
, 100
, 90
, 152
, 38
, 98
, 92
, 100
, 90
, 58
, 132
, 180
, 10
, 170
, 20
, 110
, 80
, 185
, 5
, 50
, 140
, 184
, 6
, 140
, 50
, 45
, 145
, 141
, 49
, 4
, 186
, 99
, 91
, 153
, 37
, 11
, 179
, 112
, 78
, 41
, 149
, 113
, 77
, 43
, 147
, 138
, 52
, 95
, 95
, 17
, 173
, 147
, 43
, 73
, 117
, 20
, 170
, 176
, 14
, 72
, 118
, 4
, 186
, 48
, 142
, 29
, 161
, 52
, 138
, 113
, 77
, 121
, 69
, 152
, 38
, 162
, 28
, 132
, 58
, 61
, 129
, 178
, 12
, 73
, 117
, 90
, 100
, 46
, 144
, 47
, 143
, 116
, 74
, 76
, 114
, 37
, 153
, 27
, 163
, 128
, 62
, 164
, 26
, 71
, 119
, 39
, 151
, 160
, 30
, 147
, 43
, 21
, 169
, 82
, 108
, 120
, 70
, 6
, 184
, 181
, 9
, 52
, 138
, 48
, 142
, 39
, 151
, 154
, 36
, 92
, 98
, 126
, 64
, 109
, 81
, 42
, 148
, 21
, 169
, 58
, 132
, 176
, 14
, 149
, 41
, 133
, 57
, 45
, 145
, 94
, 96
, 11
, 179
, 19
, 171
, 162
, 28
, 94
, 96
, 138
, 52
, 127
, 63
, 129
, 61
, 184
, 6
, 173
, 17
, 83
, 107
, 181
, 9
, 14
, 176
, 43
, 147
, 160
, 30
, 105
, 85
, 91
, 99
, 112
, 78
, 95
, 95
, 118
, 72
, 102
, 88
, 88
, 102
, 145
, 45
, 124
, 66
, 133
, 57
, 188
, 2
, 80
, 110
, 167
, 23
, 27
, 163
, 66
, 124
, 182
, 8
, 151
, 39
, 72
, 118
, 182
, 8
, 129
, 61
, 70
, 120
, 32
, 158
, 160
, 30
, 152
, 38
, 157
, 33
, 181
, 9
, 110
, 80
, 183
, 7
, 154
, 36
, 107
, 83
, 60
, 130
, 131
, 59
, 175
, 15
, 9
, 181
, 10
, 180
, 75
, 115
, 62
, 128
, 72
, 118
, 156
, 34
, 77
, 113
, 60
, 130
, 165
, 25
, 84
, 106
, 1
, 189
, 29
, 161
, 94
, 96
, 113
, 77
, 61
, 129
, 166
, 24
, 37
, 153
, 41
, 149
, 3
, 187
, 100
, 90
, 171
, 19
, 153
, 37
, 185
, 5
, 171
, 19
, 123
, 67
, 10
, 180
, 21
, 169
, 90
, 100
, 176
, 14
, 120
, 70
, 34
, 156
, 132
, 58
, 176
, 14
, 89
, 101
, 33
, 157
, 166
, 24
, 8
, 182
, 33
, 157
, 98
, 92
, 48
, 142
, 85
, 105
, 50
, 140
, 170
, 20
, 110
, 80
, 131
, 59
, 38
, 152
, 32
, 158
, 136
, 54
, 1
, 189
, 135
, 55
, 62
, 128
, 135
, 55
, 14
, 176
, 15
, 175
, 75
, 115
, 112
, 78
, 141
, 49
, 101
, 89
, 93
, 97
, 154
, 36
, 144
, 46
, 1
, 189
, 43
, 147
, 103
, 87
, 82
, 108
, 14
, 176
, 10
, 180
, 179
, 11
, 187
, 3
, 129
, 61
, 133
, 57
, 50
, 140
, 137
, 53
, 60
, 130
, 105
, 85
, 152
, 38
, 68
, 122
, 7
, 183
, 79
, 111
, 6
, 184
, 183
, 7
, 76
, 114
, 149
, 41
, 53
, 137
, 11
, 179
, 185
, 5
, 88
, 102
, 55
, 135
, 103
, 87
, 87
, 103
, 106
, 84
, 50
, 140
, 25
, 165
, 60
, 130
, 83
, 107
, 81
, 109
, 181
, 9
, 76
, 114
, 13
, 177
, 136
, 54
, 95
, 95
, 135
, 55
, 42
, 148
, 171
, 19
, 65
, 125
, 46
, 144
, 118
, 72
, 100
, 90
, 3
, 187
, 110
, 80
, 111
, 79
, 147
, 43
, 164
, 26
, 38
, 152
, 162
, 28
, 53
, 137
, 186
, 4
, 14
, 176
, 120
, 70
, 130
, 60
, 85
, 105
, 121
, 69
, 13
, 177
, 132
, 58
, 141
, 49
, 74
, 116
, 58
, 132
, 112
, 78
, 91
, 99
, 58
, 132
, 26
, 164
, 119
, 71
, 98
, 92
, 22
, 168
, 29
, 161
, 94
, 96
, 141
, 49
, 48
, 142
, 174
, 16
, 158
, 32
, 124
, 66
, 54
, 136
, 181
, 9
, 140
, 50
, 185
, 5
, 52
, 138
, 161
, 29
, 132
, 58
, 144
, 46
, 3
, 187
, 11
, 179
, 48
, 142
, 43
, 147
, 16
, 174
, 96
, 94
, 90
, 100
, 41
, 149
, 104
, 86
, 147
, 43
, 23
, 167
, 58
, 132
, 74
, 116
, 120
, 70
, 153
, 37
, 24
, 166
, 111
, 79
, 187
, 3
, 173
, 17
, 109
, 81
, 6
, 184
, 179
, 11
, 164
, 26
, 75
, 115
, 153
, 37
, 124
, 66
, 183
, 7
, 113
, 77
, 173
, 17
, 11
, 179
, 17
, 173
, 144
, 46
, 125
, 65
, 38
, 152
, 152
, 38
, 117
, 73
, 126
, 64
, 186
, 4
, 12
, 178
, 120
, 70
, 49
, 141
, 53
, 137
, 47
, 143
, 157
, 33
, 100
, 90
, 15
, 175
, 13
, 177
, 166
, 24
, 97
, 93
, 114
, 76
, 132
, 58
, 13
, 177
, 73
, 117
, 111
, 79
, 100
, 90
, 58
, 132
, 48
, 142
, 85
, 105
, 52
, 138
, 101
, 89
, 167
, 23
, 18
, 172
, 42
, 148
, 35
, 155
, 43
, 147
, 5
, 185
, 84
, 106
, 14
, 176
, 153
, 37
, 182
, 8
, 153
, 37
, 99
, 91
, 78
, 112
, 17
, 173
, 127
, 63
, 97
, 93
, 48
, 142
, 100
, 90
, 117
, 73
, 1
, 189
, 67
, 123
, 10
, 180
, 29
, 161
, 10
, 180
, 76
, 114
, 174
, 16
, 119
, 71
, 148
, 42
, 66
, 124
, 101
, 89
, 21
, 169
, 161
, 29
, 137
, 53
, 155
, 35
, 168
, 22
, 17
, 173
, 137
, 53
, 129
, 61
, 171
, 19
, 39
, 151
, 109
, 81
, 37
, 153
, 163
, 27
, 179
, 11
, 12
, 178
, 170
, 20
, 140
, 50
, 169
, 21
, 58
, 132
, 59
, 131
, 28
, 162
, 13
, 177
, 80
, 110
, 74
, 116
, 186
, 4
, 2
, 188
, 48
, 142
, 26
, 164
, 170
, 20
, 76
, 114
, 133
, 57
, 94
, 96
, 16
, 174
, 140
, 50
, 174
, 16
, 100
, 90
, 168
, 22
, 25
, 165
, 94
, 96
, 81
, 109
, 156
, 34
, 156
, 34
, 89
, 101
, 158
, 32
, 141
, 49
, 124
, 66
, 129
, 61
, 129
, 61
, 23
, 167
, 48
, 142
, 119
, 71
, 109
, 81
, 149
, 41
, 146
, 44
, 92
, 98
, 29
, 161
, 183
, 7
, 30
, 160
, 14
, 176
, 100
, 90
, 57
, 133
, 87
, 103
, 59
, 131
, 27
, 163
, 70
, 120
, 69
, 121
, 101
, 89
, 21
, 169
, 66
, 124
, 155
, 35
, 171
, 19
, 50
, 140
, 84
, 106
, 55
, 135
, 145
, 45
, 126
, 64
, 47
, 143
, 149
, 41
, 11
, 179
, 121
, 69
, 52
, 138
, 10
, 180
, 71
, 119
, 47
, 143
, 49
, 141
, 20
, 170
, 124
, 66
, 1
, 189
, 19
, 171
, 86
, 104
, 90
, 100
, 56
, 134
, 165
, 25
, 73
, 117
, 160
, 30
, 91
, 99
, 163
, 27
, 142
, 48
, 45
, 145
, 125
, 65
, 78
, 112
, 95
, 95
, 75
, 115
, 2
, 188
, 169
, 21
, 177
, 13
, 32
, 158
, 137
, 53
, 37
, 153
, 104
, 86
, 177
, 13
, 174
, 16
, 38
, 152
, 84
, 106
, 127
, 63
, 183
, 7
, 7
, 183
, 99
, 91
, 124
, 66
, 51
, 139
, 89
, 101
, 91
, 99
, 149
, 41
, 132
, 58
, 65
, 125
, 73
, 117
, 30
, 160
, 176
, 14
, 129
, 61
, 83
, 107
, 36
, 154
, 46
, 144
, 130
, 60
, 149
, 41
, 115
, 75
, 181
, 9
, 106
, 84
, 3
, 187
, 4
, 186
, 56
, 134
, 146
, 44
, 180
, 10
, 132
, 58
, 142
, 48
, 48
, 142
, 27
, 163
, 69
, 121
, 93
, 97
, 43
, 147
, 135
, 55
, 39
, 151
, 87
, 103
, 185
, 5
, 104
, 86
, 179
, 11
, 21
, 169
, 151
, 39
, 30
, 160
, 167
, 23
, 133
, 57
, 35
, 155
, 35
, 155
, 129
, 61
, 156
, 34
, 104
, 86
, 59
, 131
, 154
, 36
, 178
, 12
, 17
, 173
, 109
, 81
, 154
, 36
, 125
, 65
, 61
, 129
, 24
, 166
, 17
, 173
, 6
, 184
, 90
, 100
, 99
, 91
, 90
, 100
, 131
, 59
, 175
, 15
, 167
, 23
, 33
, 157
, 131
, 59
, 123
, 67
, 106
, 84
, 178
, 12
, 4
, 186
, 66
, 124
, 4
, 186
, 180
, 10
, 158
, 32
, 186
, 4
, 13
, 177
, 55
, 135
, 50
, 140
, 64
, 126
, 134
, 56
, 73
, 117
, 77
, 113
, 31
, 159
, 89
, 101
, 85
, 105
, 77
, 113
, 89
, 101
, 144
, 46
, 67
, 123
, 121
, 69
, 17
, 173
, 102
, 88
, 25
, 165
, 184
, 6
, 163
, 27
, 148
, 42
, 76
, 114
, 55
, 135
, 58
, 132
, 127
, 63
, 136
, 54
, 163
, 27
, 105
, 85
, 169
, 21
, 93
, 97
, 187
, 3
, 11
, 179
, 63
, 127
, 100
, 90
, 51
, 139
, 116
, 74
, 77
, 113
, 63
, 127
, 160
, 30
, 55
, 135
, 69
, 121
, 87
, 103
, 56
, 134
, 122
, 68
, 57
, 133
, 107
, 83
, 139
, 51
, 58
, 132
, 62
, 128
, 58
, 132
, 105
, 85
, 120
, 70
, 127
, 63
, 131
, 59
, 60
, 130
, 134
, 56
, 113
, 77
, 9
, 181
, 123
, 67
, 72
, 118
, 70
, 120
, 21
, 169
, 163
, 27
, 17
, 173
, 107
, 83
, 14
, 176
, 7
, 183
, 70
, 120
, 135
, 55
, 138
, 52
, 172
, 18
, 21
, 169
, 163
, 27
, 80
, 110
, 118
, 72
, 179
, 11
, 67
, 123
, 188
, 2
, 14
, 176
, 178
, 12
, 109
, 81
, 58
, 132
, 153
, 37
, 4
, 186
, 39
, 151
, 41
, 149
, 90
, 100
, 104
, 86
, 156
, 34
, 114
, 76
, 176
, 14
, 27
, 163
, 27
, 163
, 150
, 40
, 154
, 36
, 60
, 130
, 146
, 44
, 128
, 62
, 174
, 16
, 27
, 163
, 107
, 83
, 141
, 49
, 9
, 181
, 55
, 135
, 178
, 12
, 114
, 76
, 98
, 92
, 29
, 161
, 81
, 109
, 124
, 66
, 64
, 126
, 130
, 60
, 173
, 17
, 144
, 46
, 91
, 99
, 152
, 38
, 69
, 121
, 151
, 39
, 161
, 29
, 186
, 4
, 83
, 107
, 147
, 43
, 121
, 69
, 139
, 51
, 122
, 68
, 188
, 2
, 72
, 118
, 81
, 109
, 161
, 29
, 182
, 8
, 76
, 114
, 52
, 138
, 176
, 14
, 114
, 76
, 167
, 23
, 181
, 9
, 3
, 187
, 13
, 177
, 24
, 166
, 183
, 7
, 95
, 95
, 58
, 132
, 106
, 84
, 175
, 15
, 93
, 97
, 22
, 168
, 129
, 61
, 34
, 156
, 4
, 186
, 17
, 173
, 137
, 53
, 133
, 57
, 113
, 77
, 32
, 158
, 48
, 142
, 163
, 27
, 133
, 57
, 117
, 73
, 38
, 152
, 79
, 111
, 85
, 105
, 113
, 77
, 144
, 46
, 65
, 125
, 40
, 150
, 134
, 56
, 73
, 117
, 80
, 110
, 94
, 96
, 4
, 186
, 77
, 113
, 9
, 181
, 36
, 154
, 12
, 178
, 54
, 136
, 81
, 109
, 31
, 159
, 35
, 155
, 147
, 43
, 110
, 80
, 114
, 76
, 180
, 10
, 186
, 4
, 140
, 50
, 52
, 138
, 152
, 38
, 187
, 3
, 167
, 23
, 148
, 42
, 26
, 164
, 147
, 43
, 58
, 132
, 75
, 115
, 137
, 53
, 104
, 86
, 6
, 184
, 8
, 182
, 55
, 135
, 67
, 123
, 4
, 186
, 92
, 98
, 8
, 182
, 30
, 160
, 124
, 66
, 58
, 132
, 159
, 31
, 49
, 141
, 116
, 74
, 29
, 161
, 76
, 114
, 34
, 156
, 156
, 34
, 101
, 89
, 39
, 151
, 145
, 45
, 75
, 115
, 125
, 65
, 1
, 189
, 111
, 79
, 75
, 115
, 68
, 122
, 122
, 68
, 188
, 2
, 68
, 122
, 59
, 131
, 52
, 138
, 157
, 33
, 51
, 139
, 82
, 108
, 188
, 2
, 186
, 4
, 94
, 96
, 174
, 16
, 160
, 30
, 6
, 184
, 86
, 104
, 157
, 33
, 57
, 133
, 51
, 139
, 149
, 41
, 121
, 69
, 117
, 73
, 94
, 96
, 110
, 80
, 108
, 82
, 47
, 143
, 162
, 28
, 80
, 110
, 21
, 169
, 155
, 35
, 143
, 47
, 38
, 152
, 53
, 137
, 102
, 88
, 145
, 45
, 177
, 13
, 120
, 70
, 51
, 139
, 38
, 152
, 107
, 83
, 32
, 158
, 154
, 36
, 43
, 147
, 139
, 51
, 84
, 106
, 158
, 32
, 15
, 175
, 101
, 89
, 33
, 157
, 65
, 125
, 57
, 133
, 63
, 127
, 150
, 40
, 187
, 3
, 50
, 140
, 93
, 97
, 84
, 106
, 113
, 77
, 181
, 9
, 146
, 44
, 175
, 15
, 181
, 9
, 9
, 181
, 158
, 32
, 51
, 139
, 150
, 40
, 6
, 184
, 162
, 28
, 56
, 134
, 27
, 163
, 31
, 159
, 96
, 94
, 106
, 84
, 35
, 155
, 163
, 27
, 134
, 56
, 108
, 82
, 86
, 104
, 187
, 3
, 52
, 138
, 52
, 138
, 44
, 146
, 69
, 121
, 125
, 65
, 158
, 32
, 42
, 148
, 125
, 65
, 7
, 183
, 98
, 92
, 155
, 35
, 11
, 179
, 11
, 179
, 10
, 180
, 56
, 134
, 147
, 43
, 14
, 176
, 165
, 25
, 44
, 146
, 187
, 3
, 160
, 30
, 80
, 110
, 141
, 49
, 72
, 118
, 126
, 64
, 142
, 48
, 155
, 35
, 138
, 52
, 3
, 187
, 179
, 11
, 37
, 153
, 87
, 103
, 137
, 53
, 14
, 176
, 86
, 104
, 134
, 56
, 59
, 131
, 37
, 153
, 104
, 86
, 98
, 92
, 1
, 189
, 109
, 81
, 93
, 97
, 90
, 100
, 160
, 30
, 125
, 65
, 131
, 59
, 154
, 36
, 69
, 121
, 119
, 71
, 22
, 168
, 62
, 128
, 156
, 34
, 178
, 12
, 163
, 27
, 117
, 73
, 117
, 73
, 56
, 134
, 76
, 114
, 127
, 63
, 135
, 55
, 97
, 93
, 18
, 172
, 111
, 79
, 138
, 52
, 39
, 151
, 12
, 178
, 90
, 100
, 143
, 47
, 129
, 61
, 153
, 37
, 50
, 140
, 14
, 176
, 71
, 119
, 29
, 161
, 99
, 91
, 24
, 166
, 21
, 169
, 89
, 101
, 169
, 21
, 55
, 135
, 57
, 133
, 149
, 41
, 102
, 88
, 59
, 131
, 151
, 39
, 47
, 143
, 159
, 31
, 172
, 18
, 52
, 138
, 128
, 62
, 116
, 74
, 122
, 68
, 142
, 48
, 34
, 156
, 188
, 2
, 60
, 130
, 129
, 61
, 148
, 42
, 84
, 106
, 93
, 97
, 112
, 78
, 70
, 120
, 161
, 29
, 26
, 164
, 104
, 86
, 3
, 187
, 28
, 162
, 109
, 81
, 121
, 69
, 82
, 108
, 39
, 151
, 77
, 113
, 141
, 49
, 20
, 170
, 88
, 102
, 53
, 137
, 187
, 3
, 180
, 10
, 169
, 21
, 141
, 49
, 113
, 77
, 113
, 77
, 14
, 176
, 173
, 17
, 51
, 139
, 161
, 29
, 103
, 87
, 136
, 54
, 146
, 44
, 153
, 37
, 41
, 149
, 68
, 122
, 186
, 4
, 51
, 139
, 18
, 172
, 75
, 115
, 1
, 189
, 76
, 114
, 103
, 87
, 156
, 34
, 82
, 108
, 183
, 7
, 183
, 7
, 163
, 27
, 143
, 47
, 105
, 85
, 23
, 167
, 96
, 94
, 18
, 172
, 73
, 117
, 143
, 47
, 17
, 173
, 174
, 16
, 133
, 57
, 41
, 149
, 135
, 55
, 3
, 187
, 94
, 96
, 75
, 115
, 121
, 69
, 58
, 132
, 147
, 43
, 9
, 181
, 82
, 108
, 20
, 170
, 104
, 86
, 19
, 171
, 60
, 130
, 145
, 45
, 26
, 164
, 170
, 20
, 65
, 125
, 91
, 99
, 94
, 96
, 170
, 20
, 83
, 107
, 179
, 11
, 160
, 30
, 136
, 54
, 10
, 180
, 96
, 94
, 109
, 81
, 33
, 157
, 37
, 153
, 178
, 12
, 116
, 74
, 187
, 3
, 59
, 131
, 140
, 50
, 94
, 96
, 78
, 112
, 146
, 44
, 121
, 69
, 77
, 113
, 66
, 124
, 106
, 84
, 131
, 59
, 21
, 169
, 138
, 52
, 168
, 22
, 91
, 99
, 47
, 143
, 108
, 82
, 46
, 144
, 144
, 46
, 64
, 126
, 83
, 107
, 13
, 177
, 9
, 181
, 42
, 148
, 102
, 88
, 113
, 77
, 76
, 114
, 91
, 99
, 82
, 108
, 49
, 141
, 114
, 76
, 185
, 5
, 20
, 170
, 178
, 12
, 153
, 37
, 49
, 141
, 186
, 4
, 14
, 176
, 101
, 89
, 13
, 177
, 134
, 56
, 168
, 22
, 75
, 115
, 92
, 98
, 13
, 177
, 10
, 180
, 77
, 113
, 27
, 163
, 119
, 71
, 90
, 100
, 68
, 122
, 140
, 50
, 126
, 64
, 153
, 37
, 113
, 77
, 12
, 178
, 54
, 136
, 16
, 174
, 64
, 126
, 37
, 153
, 59
, 131
, 172
, 18
, 45
, 145
, 142
, 48
, 39
, 151
, 108
, 82
, 69
, 121
, 178
, 12
, 29
, 161
, 157
, 33
, 179
, 11
, 21
, 169
, 152
, 38
, 11
, 179
, 153
, 37
, 125
, 65
, 47
, 143
, 100
, 90
, 48
, 142
, 155
, 35
, 30
, 160
, 21
, 169
, 13
, 177
, 66
, 124
, 105
, 85
, 131
, 59
, 105
, 85
, 86
, 104
, 151
, 39
, 56
, 134
, 114
, 76
, 76
, 114
, 108
, 82
, 117
, 73
, 96
, 94
, 143
, 47
, 20
, 170
, 108
, 82
, 57
, 133
, 43
, 147
, 163
, 27
, 187
, 3
, 102
, 88
, 6
, 184
, 187
, 3
, 102
, 88
, 183
, 7
, 82
, 108
, 41
, 149
, 127
, 63
, 40
, 150
, 5
, 185
, 138
, 52
, 48
, 142
, 110
, 80
, 20
, 170
, 28
, 162
, 120
, 70
, 169
, 21
, 51
, 139
, 125
, 65
, 74
, 116
, 142
, 48
, 140
, 50
, 41
, 149
, 153
, 37
, 92
, 98
, 86
, 104
, 93
, 97
, 169
, 21
, 100
, 90
, 150
, 40
, 123
, 67
, 43
, 147
, 84
, 106
, 32
, 158
, 154
, 36
, 53
, 137
, 39
, 151
, 135
, 55
, 39
, 151
, 87
, 103
, 169
, 21
, 57
, 133
, 25
, 165
, 116
, 74
, 126
, 64
, 37
, 153
, 173
, 17
, 8
, 182
, 135
, 55
, 24
, 166
, 10
, 180
, 166
, 24
, 145
, 45
, 122
, 68
, 185
, 5
, 61
, 129
, 89
, 101
, 25
, 165
, 133
, 57
, 137
, 53
, 84
, 106
, 21
, 169
, 102
, 88
, 178
, 12
, 79
, 111
, 24
, 166
, 138
, 52
, 134
, 56
, 13
, 177
, 52
, 138
, 69
, 121
, 177
, 13
, 145
, 45
, 14
, 176
, 40
, 150
, 65
, 125
, 86
, 104
, 183
, 7
, 32
, 158
, 169
, 21
, 70
, 120
, 2
, 188
, 110
, 80
, 36
, 154
, 86
, 104
, 129
, 61
, 158
, 32
, 71
, 119
, 143
, 47
, 127
, 63
, 183
, 7
, 171
, 19
, 96
, 94
, 111
, 79
, 178
, 12
, 150
, 40
, 82
, 108
, 70
, 120
, 70
, 120
, 18
, 172
, 172
, 18
, 65
, 125
, 8
, 182
, 7
, 183
, 21
, 169
, 111
, 79
, 53
, 137
, 56
, 134
, 143
, 47
, 48
, 142
, 23
, 167
, 51
, 139
, 43
, 147
, 95
, 95
, 61
, 129
, 28
, 162
, 69
, 121
, 167
, 23
, 41
, 149
, 184
, 6
, 8
, 182
, 166
, 24
, 103
, 87
, 142
, 48
, 68
, 122
, 122
, 68
, 42
, 148
, 11
, 179
, 57
, 133
, 95
, 95
, 66
, 124
, 27
, 163
, 1
, 189
, 118
, 72
, 178
, 12
, 72
, 118
, 154
, 36
, 127
, 63
, 180
, 10
, 150
, 40
, 176
, 14
, 121
, 69
, 173
, 17
, 90
, 100
, 37
, 153
, 143
, 47
, 2
, 188
, 166
, 24
, 72
, 118
, 160
, 30
, 95
, 95
, 71
, 119
, 69
, 121
, 22
, 168
, 169
, 21
, 108
, 82
, 165
, 25
, 11
, 179
, 176
, 14
, 78
, 112
, 68
, 122
, 162
, 28
, 40
, 150
, 30
, 160
, 131
, 59
, 172
, 18
, 140
, 50
, 120
, 70
, 99
, 91
, 119
, 71
, 116
, 74
, 109
, 81
, 52
, 138
, 156
, 34
, 169
, 21
, 188
, 2
, 14
, 176
, 143
, 47
, 128
, 62
, 9
, 181
, 187
, 3
, 187
, 3
, 112
, 78
, 171
, 19
, 22
, 168
, 186
, 4
, 99
, 91
, 152
, 38
, 155
, 35
, 80
, 110
, 35
, 155
, 91
, 99
, 185
, 5
, 168
, 22
, 6
, 184
, 178
, 12
, 138
, 52
, 57
, 133
, 26
, 164
, 144
, 46
, 36
, 154
, 10
, 180
, 120
, 70
, 17
, 173
, 94
, 96
, 91
, 99
, 128
, 62
, 39
, 151
, 133
, 57
, 88
, 102
, 6
, 184
, 30
, 160
, 165
, 25
, 30
, 160
, 141
, 49
, 173
, 17
, 64
, 126
, 104
, 86
, 112
, 78
, 141
, 49
, 100
, 90
, 109
, 81
, 139
, 51
, 15
, 175
, 2
, 188
, 39
, 151
, 59
, 131
, 150
, 40
, 19
, 171
, 133
, 57
, 59
, 131
, 154
, 36
, 79
, 111
, 124
, 66
, 135
, 55
, 54
, 136
, 63
, 127
, 5
, 185
, 6
, 184
, 143
, 47
, 64
, 126
, 62
, 128
, 34
, 156
, 68
, 122
, 153
, 37
, 141
, 49
, 188
, 2
, 85
, 105
, 185
, 5
, 99
, 91
, 42
, 148
, 83
, 107
, 168
, 22
, 171
, 19
, 182
, 8
, 101
, 89
, 93
, 97
, 133
, 57
, 99
, 91
, 39
, 151
, 139
, 51
, 70
, 120
, 33
, 157
, 118
, 72
, 91
, 99
, 37
, 153
, 124
, 66
, 177
, 13
, 96
, 94
, 12
, 178
, 48
, 142
, 91
, 99
, 68
, 122
, 46
, 144
, 25
, 165
, 100
, 90
, 60
, 130
, 33
, 157
, 44
, 146
, 9
, 181
, 1
, 189
, 81
, 109
, 102
, 88
, 41
, 149
, 154
, 36
, 50
, 140
, 88
, 102
, 160
, 30
, 84
, 106
, 145
, 45
, 6
, 184
, 184
, 6
, 45
, 145
, 83
, 107
, 159
, 31
, 88
, 102
, 50
, 140
, 160
, 30
, 51
, 139
, 116
, 74
, 25
, 165
, 37
, 153
, 96
, 94
, 95
, 95
, 105
, 85
, 79
, 111
, 85
, 105
, 87
, 103
, 12
, 178
, 52
, 138
, 3
, 187
, 177
, 13
, 53
, 137
, 88
, 102
, 14
, 176
, 135
, 55
, 120
, 70
, 107
, 83
, 1
, 189
, 144
, 46
, 97
, 93
, 137
, 53
, 146
, 44
, 38
, 152
, 136
, 54
, 114
, 76
, 18
, 172
, 11
, 179
, 34
, 156
, 125
, 65
, 168
, 22
, 160
, 30
, 57
, 133
, 73
, 117
, 13
, 177
, 152
, 38
, 50
, 140
, 103
, 87
, 171
, 19
, 133
, 57
, 63
, 127
, 131
, 59
, 19
, 171
, 43
, 147
, 144
, 46
, 84
, 106
, 168
, 22
, 171
, 19
, 52
, 138
, 12
, 178
, 91
, 99
, 82
, 108
, 62
, 128
, 14
, 176
, 94
, 96
, 92
, 98
, 65
, 125
, 76
, 114
, 177
, 13
, 180
, 10
, 131
, 59
, 135
, 55
, 171
, 19
, 83
, 107
, 57
, 133
, 112
, 78
, 123
, 67
, 50
, 140
, 137
, 53
, 44
, 146
, 26
, 164
, 71
, 119
, 26
, 164
, 41
, 149
, 107
, 83
, 40
, 150
, 64
, 126
, 166
, 24
, 22
, 168
, 160
, 30
, 89
, 101
, 121
, 69
, 45
, 145
, 184
, 6
, 143
, 47
, 153
, 37
, 150
, 40
, 163
, 27
, 56
, 134
, 153
, 37
, 119
, 71
, 169
, 21
, 64
, 126
, 28
, 162
, 80
, 110
, 82
, 108
, 120
, 70
, 77
, 113
, 105
, 85
, 120
, 70
, 5
, 185
, 72
, 118
, 28
, 162
, 166
, 24
, 42
, 148
, 181
, 9
, 100
, 90
, 125
, 65
, 36
, 154
, 183
, 7
, 164
, 26
, 144
, 46
, 96
, 94
, 74
, 116
, 164
, 26
, 177
, 13
, 174
, 16
, 58
, 132
, 164
, 26
, 185
, 5
, 98
, 92
, 171
, 19
, 13
, 177
, 123
, 67
, 115
, 75
, 66
, 124
, 10
, 180
, 95
, 95
, 92
, 98
, 149
, 41
, 121
, 69
, 151
, 39
, 176
, 14
, 40
, 150
, 136
, 54
, 182
, 8
, 154
, 36
, 120
, 70
, 123
, 67
, 144
, 46
, 171
, 19
, 127
, 63
, 16
, 174
, 133
, 57
, 139
, 51
, 23
, 167
, 122
, 68
, 158
, 32
, 35
, 155
, 184
, 6
, 92
, 98
, 74
, 116
, 35
, 155
, 9
, 181
, 171
, 19
, 183
, 7
, 69
, 121
, 22
, 168
, 35
, 155
, 147
, 43
, 124
, 66
, 181
, 9
, 61
, 129
, 166
, 24
, 26
, 164
, 45
, 145
, 108
, 82
, 19
, 171
, 159
, 31
, 144
, 46
, 135
, 55
, 66
, 124
, 1
, 189
, 45
, 145
, 82
, 108
, 126
, 64
, 83
, 107
, 129
, 61
, 17
, 173
, 40
, 150
, 31
, 159
, 142
, 48
, 161
, 29
, 76
, 114
, 18
, 172
, 175
, 15
, 150
, 40
, 145
, 45
, 171
, 19
, 167
, 23
, 28
, 162
, 155
, 35
, 20
, 170
, 170
, 20
, 35
, 155
, 33
, 157
, 98
, 92
, 26
, 164
, 6
, 184
, 65
, 125
, 36
, 154
, 122
, 68
, 94
, 96
, 78
, 112
, 172
, 18
, 9
, 181
, 69
, 121
, 163
, 27
, 55
, 135
, 72
, 118
, 107
, 83
, 177
, 13
, 51
, 139
, 144
, 46
, 62
, 128
, 126
, 64
, 148
, 42
, 27
, 163
, 129
, 61
, 151
, 39
, 20
, 170
, 6
, 184
, 73
, 117
, 93
, 97
, 180
, 10
, 31
, 159
, 153
, 37
, 32
, 158
, 144
, 46
, 177
, 13
, 11
, 179
, 18
, 172
, 67
, 123
, 170
, 20
, 130
, 60
, 119
, 71
, 84
, 106
, 85
, 105
, 186
, 4
, 160
, 30
, 29
, 161
, 29
, 161
, 2
, 188
, 49
, 141
, 2
, 188
, 24
, 166
, 7
, 183
, 75
, 115
, 11
, 179
, 169
, 21
, 74
, 116
, 117
, 73
, 18
, 172
, 172
, 18
, 144
, 46
, 69
, 121
, 123
, 67
, 184
, 6
, 125
, 65
, 77
, 113
, 124
, 66
, 85
, 105
, 32
, 158
, 38
, 152
, 154
, 36
, 59
, 131
, 105
, 85
, 42
, 148
, 22
, 168
, 184
, 6
, 117
, 73
, 104
, 86
, 41
, 149
, 39
, 151
, 28
, 162
, 33
, 157
, 11
, 179
, 66
, 124
, 118
, 72
, 44
, 146
, 44
, 146
, 17
, 173
, 181
, 9
, 133
, 57
, 160
, 30
, 54
, 136
, 137
, 53
, 2
, 188
, 99
, 91
, 101
, 89
, 126
, 64
, 87
, 103
, 177
, 13
, 56
, 134
, 181
, 9
, 37
, 153
, 86
, 104
, 164
, 26
, 142
, 48
, 151
, 39
, 22
, 168
, 46
, 144
, 53
, 137
, 157
, 33
, 83
, 107
, 8
, 182
, 4
, 186
, 47
, 143
, 182
, 8
, 130
, 60
, 186
, 4
, 24
, 166
, 135
, 55
, 28
, 162
, 7
, 183
, 136
, 54
, 151
, 39
, 184
, 6
, 149
, 41
, 150
, 40
, 70
, 120
, 150
, 40
, 122
, 68
, 107
, 83
, 186
, 4
, 35
, 155
, 161
, 29
, 114
, 76
, 176
, 14
, 79
, 111
, 102
, 88
, 103
, 87
, 60
, 130
, 93
, 97
, 41
, 149
, 92
, 98
, 6
, 184
, 145
, 45
, 171
, 19
, 6
, 184
, 157
, 33
, 178
, 12
, 45
, 145
, 95
, 95
, 129
, 61
, 116
, 74
, 138
, 52
, 94
, 96
, 59
, 131
, 11
, 179
, 188
, 2
, 27
, 163
, 65
, 125
, 169
, 21
, 44
, 146
, 114
, 76
, 13
, 177
, 62
, 128
, 153
, 37
, 76
, 114
, 187
, 3
, 124
, 66
, 26
, 164
, 172
, 18
, 52
, 138
, 31
, 159
, 142
, 48
, 163
, 27
, 79
, 111
, 116
, 74
, 165
, 25
, 93
, 97
, 113
, 77
, 83
, 107
, 20
, 170
, 157
, 33
, 62
, 128
, 77
, 113
, 90
, 100
, 142
, 48
, 45
, 145
, 71
, 119
, 71
, 119
, 152
, 38
, 38
, 152
, 133
, 57
, 161
, 29
, 52
, 138
, 55
, 135
, 156
, 34
, 70
, 120
, 93
, 97
, 21
, 169
, 174
, 16
, 20
, 170
, 188
, 2
, 36
, 154
, 46
, 144
, 151
, 39
, 38
, 152
, 58
, 132
, 15
, 175
, 145
, 45
, 72
, 118
, 14
, 176
, 58
, 132
, 46
, 144
, 118
, 72
, 63
, 127
, 88
, 102
, 161
, 29
, 67
, 123
, 12
, 178
, 87
, 103
, 98
, 92
, 97
, 93
, 70
, 120
, 79
, 111
, 112
, 78
, 75
, 115
, 94
, 96
, 121
, 69
, 70
, 120
, 177
, 13
, 16
, 174
, 33
, 157
, 60
, 130
, 1
, 189
, 68
, 122
, 76
, 114
, 81
, 109
, 148
, 42
, 91
, 99
, 111
, 79
, 143
, 47
, 23
, 167
, 10
, 180
, 119
, 71
, 25
, 165
, 75
, 115
, 45
, 145
, 35
, 155
, 156
, 34
, 144
, 46
, 188
, 2
, 10
, 180
, 3
, 187
, 130
, 60
, 161
, 29
, 62
, 128
, 91
, 99
, 39
, 151
, 153
, 37
, 90
, 100
, 30
, 160
, 71
, 119
, 132
, 58
, 7
, 183
, 41
, 149
, 77
, 113
, 150
, 40
, 99
, 91
, 166
, 24
, 33
, 157
, 159
, 31
, 115
, 75
, 107
, 83
, 125
, 65
, 168
, 22
, 80
, 110
, 79
, 111
, 50
, 140
, 182
, 8
, 140
, 50
, 143
, 47
, 166
, 24
, 142
, 48
, 119
, 71
, 64
, 126
, 166
, 24
, 181
, 9
, 82
, 108
, 122
, 68
, 95
, 95
, 165
, 25
, 105
, 85
, 112
, 78
, 116
, 74
, 73
, 117
, 40
, 150
, 188
, 2
, 1
, 189
, 173
, 17
, 138
, 52
, 9
, 181
, 108
, 82
, 145
, 45
, 115
, 75
, 161
, 29
, 139
, 51
, 20
, 170
, 43
, 147
, 20
, 170
, 185
, 5
, 116
, 74
, 25
, 165
, 75
, 115
, 169
, 21
, 13
, 177
, 42
, 148
, 128
, 62
, 144
, 46
, 110
, 80
, 174
, 16
, 86
, 104
, 147
, 43
, 188
, 2
, 145
, 45
, 109
, 81
, 170
, 20
, 98
, 92
, 153
, 37
, 70
, 120
, 45
, 145
, 44
, 146
, 88
, 102
, 36
, 154
, 51
, 139
, 162
, 28
, 141
, 49
, 123
, 67
, 149
, 41
, 185
, 5
, 185
, 5
, 71
, 119
, 66
, 124
, 58
, 132
, 36
, 154
, 54
, 136
, 173
, 17
, 7
, 183
, 36
, 154
, 97
, 93
, 84
, 106
, 66
, 124
, 7
, 183
, 91
, 99
, 87
, 103
, 171
, 19
, 13
, 177
, 80
, 110
, 112
, 78
, 126
, 64
, 127
, 63
, 78
, 112
, 124
, 66
, 38
, 152
, 107
, 83
, 170
, 20
, 99
, 91
, 107
, 83
, 157
, 33
, 28
, 162
, 156
, 34
, 130
, 60
, 112
, 78
, 168
, 22
, 40
, 150
, 174
, 16
, 112
, 78
, 44
, 146
, 3
, 187
, 124
, 66
, 104
, 86
, 116
, 74
, 154
, 36
, 130
, 60
, 180
, 10
, 124
, 66
, 152
, 38
, 76
, 114
, 137
, 53
, 34
, 156
, 27
, 163
, 32
, 158
, 47
, 143
, 55
, 135
, 126
, 64
, 64
, 126
, 114
, 76
, 57
, 133
, 72
, 118
, 172
, 18
, 86
, 104
, 28
, 162
, 136
, 54
, 24
, 166
, 112
, 78
, 145
, 45
, 39
, 151
, 37
, 153
, 50
, 140
, 109
, 81
, 17
, 173
, 176
, 14
, 71
, 119
, 22
, 168
, 184
, 6
, 99
, 91
, 156
, 34
, 145
, 45
, 167
, 23
, 100
, 90
, 166
, 24
, 46
, 144
, 46
, 144
, 151
, 39
, 123
, 67
, 111
, 79
, 52
, 138
, 166
, 24
, 127
, 63
, 123
, 67
, 70
, 120
, 68
, 122
, 116
, 74
, 130
, 60
, 136
, 54
, 129
, 61
, 131
, 59
, 167
, 23
, 94
, 96
, 25
, 165
, 181
, 9
, 130
, 60
, 107
, 83
, 116
, 74
, 4
, 186
, 171
, 19
, 166
, 24
, 146
, 44
, 73
, 117
, 22
, 168
, 46
, 144
, 155
, 35
, 113
, 77
, 24
, 166
, 144
, 46
, 79
, 111
, 167
, 23
, 103
, 87
, 175
, 15
, 102
, 88
, 82
, 108
, 9
, 181
, 142
, 48
, 187
, 3
, 104
, 86
, 110
, 80
, 29
, 161
, 94
, 96
, 139
, 51
, 90
, 100
, 141
, 49
, 79
, 111
, 162
, 28
, 25
, 165
, 127
, 63
, 184
, 6
, 58
, 132
, 111
, 79
, 56
, 134
, 138
, 52
, 179
, 11
, 138
, 52
, 145
, 45
, 35
, 155
, 175
, 15
, 33
, 157
, 22
, 168
, 94
, 96
, 160
, 30
, 170
, 20
, 48
, 142
, 125
, 65
, 19
, 171
, 137
, 53
, 92
, 98
, 60
, 130
, 74
, 116
, 35
, 155
, 7
, 183
, 158
, 32
, 60
, 130
, 23
, 167
, 144
, 46
, 176
, 14
, 156
, 34
, 103
, 87
, 130
, 60
, 79
, 111
, 92
, 98
, 167
, 23
, 105
, 85
, 75
, 115
, 170
, 20
, 5
, 185
, 123
, 67
, 164
, 26
, 148
, 42
, 104
, 86
, 126
, 64
, 187
, 3
, 142
, 48
, 18
, 172
, 22
, 168
, 26
, 164
, 117
, 73
, 12
, 178
, 120
, 70
, 187
, 3
, 94
, 96
, 143
, 47
, 43
, 147
, 85
, 105
, 92
, 98
, 29
, 161
, 94
, 96
, 157
, 33
, 47
, 143
, 164
, 26
, 73
, 117
, 7
, 183
, 138
, 52
, 179
, 11
, 12
, 178
, 43
, 147
, 181
, 9
, 49
, 141
, 81
, 109
, 26
, 164
, 83
, 107
, 86
, 104
, 140
, 50
, 168
, 22
, 146
, 44
, 17
, 173
, 118
, 72
, 3
, 187
, 89
, 101
, 178
, 12
, 160
, 30
, 128
, 62
, 10
, 180
, 143
, 47
, 82
, 108
, 10
, 180
, 35
, 155
, 45
, 145
, 23
, 167
, 154
, 36
, 68
, 122
, 45
, 145
, 162
, 28
, 84
, 106
, 152
, 38
, 143
, 47
, 187
, 3
, 166
, 24
, 68
, 122
, 18
, 172
, 35
, 155
, 60
, 130
, 116
, 74
, 101
, 89
, 124
, 66
, 13
, 177
, 115
, 75
, 109
, 81
, 7
, 183
, 9
, 181
, 78
, 112
, 55
, 135
, 75
, 115
, 124
, 66
, 102
, 88
, 145
, 45
, 21
, 169
, 133
, 57
, 104
, 86
, 92
, 98
, 136
, 54
, 167
, 23
, 112
, 78
, 139
, 51
, 37
, 153
, 154
, 36
, 89
, 101
, 17
, 173
, 174
, 16
, 97
, 93
, 43
, 147
, 123
, 67
, 160
, 30
, 125
, 65
, 53
, 137
, 163
, 27
, 138
, 52
, 62
, 128
, 32
, 158
, 76
, 114
, 120
, 70
, 177
, 13
, 56
, 134
, 32
, 158
, 60
, 130
, 119
, 71
, 105
, 85
, 104
, 86
, 106
, 84
, 143
, 47
, 73
, 117
, 106
, 84
, 176
, 14
, 106
, 84
, 57
, 133
, 74
, 116
, 42
, 148
, 135
, 55
, 158
, 32
, 12
, 178
, 161
, 29
, 109
, 81
, 177
, 13
, 160
, 30
, 151
, 39
, 108
, 82
, 160
, 30
, 121
, 69
, 21
, 169
, 73
, 117
, 159
, 31
, 70
, 120
, 99
, 91
, 158
, 32
, 65
, 125
, 118
, 72
, 51
, 139
, 133
, 57
, 70
, 120
, 99
, 91
, 58
, 132
, 46
, 144
, 6
, 184
, 63
, 127
, 67
, 123
, 94
, 96
, 122
, 68
, 91
, 99
, 73
, 117
, 64
, 126
, 147
, 43
, 148
, 42
, 28
, 162
, 51
, 139
, 155
, 35
, 79
, 111
, 68
, 122
, 134
, 56
, 128
, 62
, 91
, 99
, 83
, 107
, 118
, 72
, 143
, 47
, 26
, 164
, 51
, 139
, 71
, 119
, 38
, 152
, 82
, 108
, 20
, 170
, 18
, 172
, 143
, 47
, 124
, 66
, 181
, 9
, 114
, 76
, 183
, 7
, 118
, 72
, 63
, 127
, 56
, 134
, 126
, 64
, 46
, 144
, 83
, 107
, 44
, 146
, 34
, 156
, 98
, 92
, 171
, 19
, 170
, 20
, 96
, 94
, 67
, 123
, 15
, 175
, 143
, 47
, 156
, 34
, 166
, 24
, 156
, 34
, 59
, 131
, 4
, 186
, 184
, 6
, 178
, 12
, 76
, 114
, 94
, 96
, 120
, 70
, 62
, 128
, 10
, 180
, 117
, 73
, 57
, 133
, 167
, 23
, 131
, 59
, 71
, 119
, 186
, 4
, 50
, 140
, 104
, 86
, 112
, 78
, 139
, 51
, 25
, 165
, 92
, 98
, 89
, 101
, 28
, 162
, 120
, 70
, 150
, 40
, 7
, 183
, 152
, 38
, 114
, 76
, 127
, 63
, 49
, 141
, 97
, 93
, 64
, 126
, 161
, 29
, 21
, 169
, 178
, 12
, 101
, 89
, 168
, 22
, 163
, 27
, 3
, 187
, 70
, 120
, 8
, 182
, 175
, 15
, 53
, 137
, 19
, 171
, 11
, 179
, 149
, 41
, 188
, 2
, 111
, 79
, 120
, 70
, 82
, 108
, 164
, 26
, 29
, 161
, 80
, 110
, 185
, 5
, 145
, 45
, 156
, 34
, 92
, 98
, 8
, 182
, 40
, 150
, 188
, 2
, 110
, 80
, 11
, 179
, 42
, 148
, 152
, 38
, 64
, 126
, 131
, 59
, 150
, 40
, 172
, 18
, 41
, 149
, 86
, 104
, 104
, 86
, 120
, 70
, 3
, 187
, 139
, 51
, 88
, 102
, 98
, 92
, 34
, 156
, 139
, 51
, 144
, 46
, 16
, 174
, 54
, 136
, 130
, 60
, 183
, 7
, 1
, 189
, 21
, 169
, 159
, 31
, 101
, 89
, 26
, 164
, 181
, 9
, 9
, 181
, 96
, 94
, 119
, 71
, 23
, 167
, 56
, 134
, 178
, 12
, 90
, 100
, 96
, 94
, 36
, 154
, 66
, 124
, 57
, 133
, 46
, 144
, 12
, 178
, 36
, 154
, 19
, 171
, 165
, 25
, 49
, 141
, 153
, 37
, 105
, 85
, 108
, 82
, 22
, 168
, 145
, 45
, 151
, 39
, 163
, 27
, 134
, 56
, 41
, 149
, 109
, 81
, 50
, 140
, 14
, 176
, 184
, 6
, 85
, 105
, 51
, 139
, 32
, 158
, 98
, 92
, 152
, 38
, 76
, 114
, 95
, 95
, 66
, 124
, 20
, 170
, 116
, 74
, 84
, 106
, 112
, 78
, 77
, 113
, 77
, 113
, 29
, 161
, 113
, 77
, 50
, 140
, 161
, 29
, 41
, 149
, 112
, 78
, 126
, 64
, 160
, 30
, 12
, 178
, 95
, 95
, 129
, 61
, 157
, 33
, 134
, 56
, 148
, 42
, 186
, 4
, 16
, 174
, 152
, 38
, 113
, 77
, 151
, 39
, 165
, 25
, 89
, 101
, 8
, 182
, 18
, 172
, 67
, 123
, 146
, 44
, 160
, 30
, 168
, 22
, 111
, 79
, 95
, 95
, 80
, 110
, 59
, 131
, 53
, 137
, 45
, 145
, 14
, 176
, 37
, 153
, 68
, 122
, 58
, 132
, 143
, 47
, 116
, 74
, 108
, 82
, 23
, 167
, 80
, 110
, 32
, 158
, 11
, 179
, 116
, 74
, 129
, 61
, 109
, 81
, 150
, 40
, 87
, 103
, 187
, 3
, 17
, 173
, 29
, 161
, 137
, 53
, 9
, 181
, 49
, 141
, 35
, 155
, 4
, 186
, 38
, 152
, 38
, 152
, 148
, 42
, 136
, 54
, 126
, 64
, 168
, 22
, 86
, 104
, 42
, 148
, 9
, 181
, 94
, 96
, 16
, 174
, 113
, 77
, 90
, 100
, 27
, 163
, 94
, 96
, 32
, 158
, 76
, 114
, 27
, 163
, 169
, 21
, 106
, 84
, 171
, 19
, 20
, 170
, 84
, 106
, 170
, 20
, 137
, 53
, 101
, 89
, 39
, 151
, 156
, 34
, 119
, 71
, 82
, 108
, 102
, 88
, 92
, 98
, 40
, 150
, 170
, 20
, 148
, 42
, 144
, 46
, 159
, 31
, 138
, 52
, 72
, 118
, 184
, 6
, 74
, 116
, 18
, 172
, 130
, 60
, 134
, 56
, 22
, 168
, 67
, 123
, 140
, 50
, 99
, 91
, 150
, 40
, 54
, 136
, 78
, 112
, 9
, 181
, 175
, 15
, 99
, 91
, 72
, 118
, 149
, 41
, 118
, 72
, 141
, 49
, 78
, 112
, 143
, 47
, 178
, 12
, 43
, 147
, 186
, 4
, 16
, 174
, 75
, 115
, 158
, 32
, 18
, 172
, 68
, 122
, 30
, 160
, 170
, 20
, 37
, 153
, 111
, 79
, 103
, 87
, 113
, 77
, 146
, 44
, 159
, 31
, 159
, 31
, 45
, 145
, 97
, 93
, 41
, 149
, 30
, 160
, 172
, 18
, 79
, 111
, 52
, 138
, 30
, 160
, 31
, 159
, 113
, 77
, 21
, 169
, 90
, 100
, 30
, 160
, 91
, 99
, 96
, 94
, 149
, 41
, 5
, 185
, 154
, 36
, 123
, 67
, 30
, 160
, 61
, 129
, 108
, 82
, 155
, 35
, 31
, 159
, 60
, 130
, 159
, 31
, 35
, 155
, 176
, 14
, 59
, 131
, 115
, 75
, 118
, 72
, 28
, 162
, 77
, 113
, 38
, 152
, 80
, 110
, 63
, 127
, 112
, 78
, 33
, 157
, 137
, 53
, 150
, 40
, 49
, 141
, 117
, 73
, 5
, 185
, 65
, 125
, 14
, 176
, 11
, 179
, 44
, 146
, 91
, 99
, 98
, 92
, 74
, 116
, 82
, 108
, 15
, 175
, 172
, 18
, 46
, 144
, 8
, 182
, 24
, 166
, 137
, 53
, 77
, 113
, 15
, 175
, 133
, 57
, 140
, 50
, 70
, 120
, 19
, 171
, 137
, 53
, 91
, 99
, 170
, 20
, 100
, 90
, 163
, 27
, 135
, 55
, 128
, 62
, 146
, 44
, 37
, 153
, 112
, 78
, 90
, 100
, 67
, 123
, 156
, 34
, 176
, 14
, 174
, 16
, 52
, 138
, 172
, 18
, 49
, 141
, 145
, 45
, 41
, 149
, 29
, 161
, 119
, 71
, 159
, 31
, 94
, 96
, 130
, 60
, 104
, 86
, 47
, 143
, 85
, 105
, 19
, 171
, 113
, 77
, 159
, 31
, 57
, 133
, 81
, 109
, 83
, 107
, 143
, 47
, 4
, 186
, 13
, 177
, 166
, 24
, 120
, 70
, 102
, 88
, 28
, 162
, 14
, 176
, 111
, 79
, 158
, 32
, 79
, 111
, 114
, 76
, 60
, 130
, 105
, 85
, 50
, 140
, 159
, 31
, 77
, 113
, 182
, 8
, 88
, 102
, 87
, 103
, 83
, 107
, 74
, 116
, 58
, 132
, 14
, 176
, 178
, 12
, 179
, 11
, 152
, 38
, 86
, 104
, 103
, 87
, 38
, 152
, 22
, 168
, 75
, 115
, 30
, 160
, 148
, 42
, 1
, 189
, 146
, 44
, 52
, 138
, 95
, 95
, 58
, 132
, 118
, 72
, 39
, 151
, 188
, 2
, 69
, 121
, 78
, 112
, 150
, 40
, 107
, 83
, 148
, 42
, 188
, 2
, 50
, 140
, 57
, 133
, 27
, 163
, 90
, 100
, 58
, 132
, 170
, 20
, 59
, 131
, 2
, 188
, 26
, 164
, 76
, 114
, 30
, 160
, 56
, 134
, 29
, 161
, 142
, 48
, 113
, 77
, 156
, 34
, 88
, 102
, 35
, 155
, 90
, 100
, 11
, 179
, 106
, 84
, 186
, 4
, 7
, 183
, 89
, 101
, 82
, 108
, 158
, 32
, 18
, 172
, 78
, 112
, 17
, 173
, 143
, 47
, 83
, 107
, 10
, 180
, 155
, 35
, 95
, 95
, 65
, 125
, 90
, 100
, 54
, 136
, 91
, 99
, 171
, 19
, 51
, 139
, 60
, 130
, 87
, 103
, 55
, 135
, 22
, 168
, 173
, 17
, 161
, 29
, 116
, 74
, 40
, 150
, 135
, 55
, 97
, 93
, 77
, 113
, 13
, 177
, 46
, 144
, 70
, 120
, 117
, 73
, 58
, 132
, 102
, 88
, 44
, 146
, 83
, 107
, 77
, 113
, 67
, 123
, 107
, 83
, 116
, 74
, 2
, 188
, 88
, 102
, 55
, 135
, 68
, 122
, 132
, 58
, 142
, 48
, 138
, 52
, 21
, 169
, 80
, 110
, 105
, 85
, 30
, 160
, 24
, 166
, 41
, 149
, 186
, 4
, 187
, 3
, 33
, 157
, 127
, 63
, 147
, 43
, 108
, 82
, 21
, 169
, 29
, 161
, 7
, 183
, 38
, 152
, 186
, 4
, 139
, 51
, 139
, 51
, 61
, 129
, 6
, 184
, 40
, 150
, 26
, 164
, 22
, 168
, 79
, 111
, 99
, 91
, 110
, 80
, 23
, 167
, 182
, 8
, 104
, 86
, 61
, 129
, 81
, 109
, 124
, 66
, 27
, 163
, 103
, 87
, 180
, 10
, 174
, 16
, 168
, 22
, 35
, 155
, 128
, 62
, 62
, 128
, 164
, 26
, 98
, 92
, 16
, 174
, 24
, 166
, 185
, 5
, 142
, 48
, 76
, 114
, 154
, 36
, 128
, 62
, 30
, 160
, 24
, 166
, 184
, 6
, 122
, 68
, 5
, 185
, 108
, 82
, 66
, 124
, 25
, 165
, 78
, 112
, 148
, 42
, 47
, 143
, 153
, 37
, 170
, 20
, 49
, 141
, 61
, 129
, 50
, 140
, 4
, 186
, 64
, 126
, 28
, 162
, 94
, 96
, 21
, 169
, 174
, 16
, 32
, 158
, 185
, 5
, 12
, 178
, 94
, 96
, 146
, 44
, 51
, 139
, 33
, 157
, 23
, 167
, 39
, 151
, 72
, 118
, 114
, 76
, 122
, 68
, 125
, 65
, 61
, 129
, 132
, 58
, 180
, 10
, 96
, 94
, 148
, 42
, 34
, 156
, 70
, 120
, 133
, 57
, 151
, 39
, 123
, 67
, 35
, 155
, 129
, 61
, 89
, 101
, 57
, 133
, 152
, 38
, 13
, 177
, 151
, 39
, 82
, 108
, 181
, 9
, 169
, 21
, 81
, 109
, 161
, 29
, 120
, 70
, 44
, 146
, 86
, 104
, 101
, 89
, 145
, 45
, 163
, 27
, 94
, 96
, 72
, 118
, 108
, 82
, 154
, 36
, 171
, 19
, 116
, 74
, 67
, 123
, 173
, 17
, 100
, 90
, 153
, 37
, 83
, 107
, 45
, 145
, 79
, 111
, 133
, 57
, 146
, 44
, 56
, 134
, 158
, 32
, 13
, 177
, 69
, 121
, 86
, 104
, 169
, 21
, 163
, 27
, 37
, 153
, 108
, 82
, 56
, 134
, 133
, 57
, 177
, 13
, 60
, 130
, 99
, 91
, 18
, 172
, 71
, 119
, 93
, 97
, 29
, 161
, 178
, 12
, 39
, 151
, 12
, 178
, 32
, 158
, 117
, 73
, 54
, 136
, 142
, 48
, 108
, 82
, 4
, 186
, 186
, 4
, 167
, 23
, 123
, 67
, 73
, 117
, 65
, 125
, 140
, 50
, 3
, 187
, 26
, 164
, 113
, 77
, 12
, 178
, 144
, 46
, 157
, 33
, 138
, 52
, 63
, 127
, 10
, 180
, 56
, 134
, 146
, 44
, 104
, 86
, 102
, 88
, 121
, 69
, 69
, 121
, 15
, 175
, 152
, 38
, 181
, 9
, 141
, 49
, 28
, 162
, 131
, 59
, 4
, 186
, 71
, 119
, 20
, 170
, 16
, 174
, 112
, 78
, 161
, 29
, 127
, 63
, 7
, 183
, 15
, 175
, 51
, 139
, 134
, 56
, 19
, 171
, 63
, 127
, 18
, 172
, 109
, 81
, 171
, 19
, 129
, 61
, 10
, 180
, 158
, 32
, 26
, 164
, 5
, 185
, 12
, 178
, 109
, 81
, 20
, 170
, 187
, 3
, 111
, 79
, 138
, 52
, 45
, 145
, 71
, 119
, 143
, 47
, 70
, 120
, 136
, 54
, 90
, 100
, 53
, 137
, 140
, 50
, 142
, 48
, 51
, 139
, 65
, 125
, 59
, 131
, 128
, 62
