
321
, 55
, 2
, 15
, 42
, 54
, 3
, 14
, 43
, 10
, 47
, 13
, 44
, 19
, 38
, 1
, 56
, 20
, 37
, 15
, 42
, 5
, 52
, 12
, 45
, 13
, 44
, 40
, 17
, 55
, 2
, 3
, 54
, 47
, 10
, 29
, 28
, 52
, 5
, 2
, 55
, 20
, 37
, 28
, 29
, 22
, 35
, 28
, 29
, 31
, 26
, 17
, 40
, 26
, 31
, 46
, 11
, 42
, 15
, 24
, 33
, 15
, 42
, 44
, 13
, 25
, 32
, 14
, 43
, 46
, 11
, 55
, 2
, 46
, 11
, 13
, 44
, 14
, 43
, 26
, 31
, 10
, 47
, 42
, 15
, 49
, 8
, 34
, 23
, 12
, 45
, 50
, 7
, 20
, 37
, 52
, 5
, 47
, 10
, 32
, 25
, 43
, 14
, 7
, 50
, 11
, 46
, 4
, 53
, 51
, 6
, 44
, 13
, 52
, 5
, 19
, 38
, 18
, 39
, 1
, 56
, 52
, 5
, 15
, 42
, 23
, 34
, 19
, 38
, 40
, 17
, 49
, 8
, 5
, 52
, 5
, 52
, 34
, 23
, 29
, 28
, 18
, 39
, 44
, 13
, 53
, 4
, 53
, 4
, 36
, 21
, 10
, 47
, 53
, 4
, 11
, 46
, 3
, 54
, 9
, 48
, 22
, 35
, 6
, 51
, 3
, 54
, 44
, 13
, 26
, 31
, 34
, 23
, 14
, 43
, 53
, 4
, 40
, 17
, 52
, 5
, 34
, 23
, 41
, 16
, 50
, 7
, 48
, 9
, 26
, 31
, 50
, 7
, 43
, 14
, 9
, 48
, 19
, 38
, 45
, 12
, 37
, 20
, 54
, 3
, 5
, 52
, 2
, 55
, 7
, 50
, 17
, 40
, 22
, 35
, 12
, 45
, 32
, 25
, 42
, 15
, 49
, 8
, 24
, 33
, 13
, 44
, 16
, 41
, 37
, 20
, 50
, 7
, 19
, 38
, 35
, 22
, 5
, 52
, 25
, 32
, 50
, 7
, 19
, 38
, 26
, 31
, 22
, 35
, 39
, 18
, 44
, 13
, 5
, 52
, 22
, 35
, 16
, 41
, 37
, 20
, 13
, 44
, 18
, 39
, 26
, 31
, 41
, 16
, 39
, 18
, 19
, 38
, 25
, 32
, 18
, 39
, 46
, 11
, 8
, 49
, 42
, 15
, 26
, 31
, 17
, 40
, 48
, 9
, 50
, 7
, 52
, 5
, 9
, 48
, 22
, 35
, 42
, 15
, 24
, 33
, 17
, 40
, 37
, 20
, 50
, 7
, 6
, 51
, 55
, 2
, 31
, 26
, 5
, 52
, 5
, 52
, 55
, 2
, 16
, 41
, 43
, 14
, 13
, 44
, 36
, 21
, 18
, 39
, 42
, 15
, 12
, 45
, 9
, 48
, 30
, 27
, 45
, 12
, 31
, 26
, 55
, 2
, 22
, 35
, 18
, 39
, 43
, 14
, 24
, 33
, 31
, 26
, 42
, 15
, 39
, 18
, 40
, 17
, 46
, 11
, 37
, 20
, 7
, 50
, 42
, 15
, 15
, 42
, 27
, 30
, 12
, 45
, 22
, 35
, 1
, 56
, 49
, 8
, 16
, 41
, 41
, 16
, 36
, 21
, 7
, 50
, 35
, 22
, 51
, 6
, 25
, 32
, 11
, 46
, 27
, 30
, 4
, 53
, 5
, 52
, 13
, 44
, 24
, 33
, 19
, 38
, 50
, 7
, 21
, 36
, 6
, 51
, 47
, 10
, 23
, 34
, 5
, 52
, 37
, 20
, 32
, 25
, 7
, 50
, 48
, 9
, 14
, 43
, 1
, 56
, 41
, 16
, 20
, 37
, 52
, 5
, 45
, 12
, 19
, 38
, 50
, 7
, 20
, 37
, 50
, 7
, 15
, 42
, 7
, 50
, 13
, 44
, 40
, 17
, 17
, 40
, 14
, 43
, 33
, 24
, 14
, 43
, 48
, 9
, 6
, 51
, 18
, 39
, 9
, 48
, 34
, 23
, 26
, 31
, 29
, 28
, 47
, 10
, 11
, 46
, 27
, 30
, 46
, 11
, 39
, 18
, 7
, 50
, 39
, 18
, 48
, 9
, 4
, 53
, 18
, 39
, 3
, 54
, 32
, 25
, 13
, 44
, 34
, 23
, 5
, 52
, 18
, 39
, 29
, 28
, 3
, 54
, 9
, 48
, 46
, 11
, 4
, 53
, 2
, 55
, 22
, 35
, 7
, 50
, 12
, 45
, 40
, 17
, 22
, 35
, 22
, 35
, 18
, 39
, 51
, 6
, 38
, 19
, 15
, 42
, 43
, 14
, 12
, 45
, 49
, 8
, 48
, 9
, 33
, 24
, 3
, 54
, 27
, 30
, 28
, 29
, 52
, 5
, 14
, 43
, 27
, 30
, 28
, 29
, 6
, 51
, 16
, 41
, 20
, 37
, 3
, 54
, 50
, 7
, 54
, 3
, 24
, 33
, 21
, 36
, 32
, 25
, 39
, 18
, 21
, 36
, 6
, 51
, 43
, 14
, 15
, 42
, 48
, 9
, 11
, 46
, 35
, 22
, 44
, 13
, 15
, 42
, 14
, 43
, 27
, 30
, 6
, 51
, 37
, 20
, 33
, 24
, 46
, 11
, 39
, 18
, 26
, 31
, 33
, 24
, 3
, 54
, 29
, 28
, 23
, 34
, 20
, 37
, 23
, 34
, 39
, 18
, 12
, 45
, 17
, 40
, 54
, 3
, 21
, 36
, 31
, 26
