
3220
, 184
, 29
, 55
, 158
, 121
, 92
, 131
, 82
, 201
, 12
, 165
, 48
, 62
, 151
, 6
, 207
, 92
, 121
, 170
, 43
, 93
, 120
, 138
, 75
, 7
, 206
, 98
, 115
, 127
, 86
, 90
, 123
, 207
, 6
, 83
, 130
, 51
, 162
, 72
, 141
, 39
, 174
, 160
, 53
, 78
, 135
, 194
, 19
, 73
, 140
, 126
, 87
, 209
, 4
, 166
, 47
, 72
, 141
, 66
, 147
, 200
, 13
, 169
, 44
, 153
, 60
, 27
, 186
, 97
, 116
, 54
, 159
, 159
, 54
, 53
, 160
, 147
, 66
, 174
, 39
, 69
, 144
, 35
, 178
, 183
, 30
, 53
, 160
, 83
, 130
, 109
, 104
, 44
, 169
, 125
, 88
, 7
, 206
, 98
, 115
, 33
, 180
, 163
, 50
, 118
, 95
, 189
, 24
, 134
, 79
, 38
, 175
, 148
, 65
, 107
, 106
, 149
, 64
, 160
, 53
, 34
, 179
, 28
, 185
, 159
, 54
, 184
, 29
, 113
, 100
, 32
, 181
, 152
, 61
, 210
, 3
, 148
, 65
, 7
, 206
, 159
, 54
, 204
, 9
, 154
, 59
, 108
, 105
, 34
, 179
, 110
, 103
, 152
, 61
, 179
, 34
, 157
, 56
, 53
, 160
, 59
, 154
, 110
, 103
, 211
, 2
, 15
, 198
, 179
, 34
, 143
, 70
, 20
, 193
, 54
, 159
, 73
, 140
, 5
, 208
, 166
, 47
, 37
, 176
, 156
, 57
, 6
, 207
, 203
, 10
, 90
, 123
, 102
, 111
, 4
, 209
, 38
, 175
, 81
, 132
, 205
, 8
, 138
, 75
, 189
, 24
, 204
, 9
, 6
, 207
, 16
, 197
, 176
, 37
, 136
, 77
, 36
, 177
, 131
, 82
, 20
, 193
, 39
, 174
, 87
, 126
, 72
, 141
, 200
, 13
, 207
, 6
, 191
, 22
, 144
, 69
, 23
, 190
, 124
, 89
, 201
, 12
, 59
, 154
, 178
, 35
, 96
, 117
, 198
, 15
, 125
, 88
, 64
, 149
, 10
, 203
, 36
, 177
, 18
, 195
, 6
, 207
, 167
, 46
, 26
, 187
, 8
, 205
, 151
, 62
, 21
, 192
, 84
, 129
, 119
, 94
, 58
, 155
, 32
, 181
, 129
, 84
, 72
, 141
, 78
, 135
, 47
, 166
, 30
, 183
, 196
, 17
, 121
, 92
, 91
, 122
, 98
, 115
, 84
, 129
, 88
, 125
, 5
, 208
, 47
, 166
, 103
, 110
, 71
, 142
, 102
, 111
, 170
, 43
, 201
, 12
, 118
, 95
, 183
, 30
, 79
, 134
, 91
, 122
, 151
, 62
, 70
, 143
, 128
, 85
, 149
, 64
, 126
, 87
, 174
, 39
, 28
, 185
, 36
, 177
, 56
, 157
, 76
, 137
, 125
, 88
, 113
, 100
, 187
, 26
, 40
, 173
, 75
, 138
, 142
, 71
, 31
, 182
, 148
, 65
, 78
, 135
, 2
, 211
, 189
, 24
, 190
, 23
, 139
, 74
, 101
, 112
, 117
, 96
, 68
, 145
, 198
, 15
, 172
, 41
, 135
, 78
, 15
, 198
, 135
, 78
, 10
, 203
, 114
, 99
, 68
, 145
, 61
, 152
, 191
, 22
, 129
, 84
, 148
, 65
, 157
, 56
, 29
, 184
, 145
, 68
, 111
, 102
, 112
, 101
, 202
, 11
, 164
, 49
, 129
, 84
, 70
, 143
, 11
, 202
, 188
, 25
, 121
, 92
, 64
, 149
, 80
, 133
, 122
, 91
, 204
, 9
, 182
, 31
, 190
, 23
, 190
, 23
, 199
, 14
, 198
, 15
, 18
, 195
, 57
, 156
, 95
, 118
, 120
, 93
, 85
, 128
, 111
, 102
, 205
, 8
, 47
, 166
, 149
, 64
, 143
, 70
, 90
, 123
, 194
, 19
, 8
, 205
, 198
, 15
, 3
, 210
, 25
, 188
, 191
, 22
, 154
, 59
, 86
, 127
, 210
, 3
, 52
, 161
, 34
, 179
, 24
, 189
, 56
, 157
, 190
, 23
, 4
, 209
, 32
, 181
, 84
, 129
, 117
, 96
, 168
, 45
, 143
, 70
, 152
, 61
, 201
, 12
, 37
, 176
, 89
, 124
, 71
, 142
, 55
, 158
, 22
, 191
, 35
, 178
, 76
, 137
, 136
, 77
, 155
, 58
, 195
, 18
, 6
, 207
, 211
, 2
, 130
, 83
, 26
, 187
, 160
, 53
, 81
, 132
, 89
, 124
, 25
, 188
, 130
, 83
, 97
, 116
, 206
, 7
, 144
, 69
, 69
, 144
, 40
, 173
, 165
, 48
, 89
, 124
, 210
, 3
, 96
, 117
, 93
, 120
, 82
, 131
, 86
, 127
, 200
, 13
, 56
, 157
, 163
, 50
, 149
, 64
, 148
, 65
, 114
, 99
, 176
, 37
, 120
, 93
, 84
, 129
, 85
, 128
, 137
, 76
, 184
, 29
, 121
, 92
, 99
, 114
, 84
, 129
, 153
, 60
, 111
, 102
, 25
, 188
, 92
, 121
, 109
, 104
, 21
, 192
, 16
, 197
, 198
, 15
, 164
, 49
, 53
, 160
, 17
, 196
, 39
, 174
, 148
, 65
, 66
, 147
, 209
, 4
, 94
, 119
, 135
, 78
, 54
, 159
, 117
, 96
, 179
, 34
, 189
, 24
, 72
, 141
, 109
, 104
, 93
, 120
, 140
, 73
, 71
, 142
, 156
, 57
, 53
, 160
, 21
, 192
, 105
, 108
, 10
, 203
, 168
, 45
, 51
, 162
, 205
, 8
, 39
, 174
, 38
, 175
, 111
, 102
, 203
, 10
, 172
, 41
, 206
, 7
, 159
, 54
, 204
, 9
, 137
, 76
, 81
, 132
, 135
, 78
, 121
, 92
, 136
, 77
, 157
, 56
, 75
, 138
, 14
, 199
, 71
, 142
, 97
, 116
, 191
, 22
, 35
, 178
, 81
, 132
, 96
, 117
, 54
, 159
, 4
, 209
, 164
, 49
, 16
, 197
, 168
, 45
, 26
, 187
, 29
, 184
, 23
, 190
, 151
, 62
, 156
, 57
, 23
, 190
, 31
, 182
, 171
, 42
, 119
, 94
, 193
, 20
, 114
, 99
, 154
, 59
, 26
, 187
, 190
, 23
, 186
, 27
, 83
, 130
, 205
, 8
, 126
, 87
, 148
, 65
, 139
, 74
, 59
, 154
, 166
, 47
, 153
, 60
, 39
, 174
, 189
, 24
, 12
, 201
, 20
, 193
, 110
, 103
, 163
, 50
, 8
, 205
, 208
, 5
, 206
, 7
, 107
, 106
, 186
, 27
, 125
, 88
, 146
, 67
, 166
, 47
, 97
, 116
, 79
, 134
, 85
, 128
, 6
, 207
, 180
, 33
, 172
, 41
, 137
, 76
, 126
, 87
, 211
, 2
, 102
, 111
, 24
, 189
, 211
, 2
, 119
, 94
, 5
, 208
, 60
, 153
, 169
, 44
, 50
, 163
, 184
, 29
, 50
, 163
, 161
, 52
, 131
, 82
, 12
, 201
, 89
, 124
, 77
, 136
, 18
, 195
, 39
, 174
, 26
, 187
, 73
, 140
, 59
, 154
, 72
, 141
, 35
, 178
, 118
, 95
, 50
, 163
, 61
, 152
, 178
, 35
, 46
, 167
, 180
, 33
, 189
, 24
, 84
, 129
, 70
, 143
, 150
, 63
, 27
, 186
, 86
, 127
, 179
, 34
, 43
, 170
, 165
, 48
, 92
, 121
, 63
, 150
, 12
, 201
, 20
, 193
, 158
, 55
, 180
, 33
, 177
, 36
, 128
, 85
, 136
, 77
, 87
, 126
, 58
, 155
, 181
, 32
, 177
, 36
, 122
, 91
, 56
, 157
, 202
, 11
, 137
, 76
, 149
, 64
, 47
, 166
, 60
, 153
, 172
, 41
, 28
, 185
, 189
, 24
, 50
, 163
, 33
, 180
, 13
, 200
, 210
, 3
, 92
, 121
, 148
, 65
, 52
, 161
, 148
, 65
, 99
, 114
, 35
, 178
, 160
, 53
, 29
, 184
, 116
, 97
, 164
, 49
, 10
, 203
, 162
, 51
, 27
, 186
, 50
, 163
, 176
, 37
, 17
, 196
, 101
, 112
, 20
, 193
, 200
, 13
, 186
, 27
, 13
, 200
, 99
, 114
, 132
, 81
, 81
, 132
, 24
, 189
, 52
, 161
, 186
, 27
, 77
, 136
, 115
, 98
, 197
, 16
, 58
, 155
, 50
, 163
, 39
, 174
, 19
, 194
, 131
, 82
, 123
, 90
, 153
, 60
, 209
, 4
, 133
, 80
, 60
, 153
, 95
, 118
, 155
, 58
, 71
, 142
, 42
, 171
, 137
, 76
, 2
, 211
, 63
, 150
, 143
, 70
, 211
, 2
, 33
, 180
, 123
, 90
, 57
, 156
, 196
, 17
, 61
, 152
, 146
, 67
, 107
, 106
, 14
, 199
, 47
, 166
, 8
, 205
, 186
, 27
, 193
, 20
, 127
, 86
, 109
, 104
, 31
, 182
, 18
, 195
, 128
, 85
, 82
, 131
, 170
, 43
, 102
, 111
, 123
, 90
, 113
, 100
, 6
, 207
, 136
, 77
, 182
, 31
, 133
, 80
, 147
, 66
, 7
, 206
, 138
, 75
, 46
, 167
, 200
, 13
, 95
, 118
, 5
, 208
, 44
, 169
, 41
, 172
, 25
, 188
, 180
, 33
, 91
, 122
, 124
, 89
, 145
, 68
, 191
, 22
, 144
, 69
, 75
, 138
, 105
, 108
, 160
, 53
, 57
, 156
, 188
, 25
, 162
, 51
, 97
, 116
, 77
, 136
, 77
, 136
, 125
, 88
, 27
, 186
, 122
, 91
, 131
, 82
, 193
, 20
, 44
, 169
, 140
, 73
, 209
, 4
, 91
, 122
, 180
, 33
, 5
, 208
, 74
, 139
, 96
, 117
, 176
, 37
, 138
, 75
, 58
, 155
, 167
, 46
, 79
, 134
, 23
, 190
, 15
, 198
, 39
, 174
, 7
, 206
, 194
, 19
, 172
, 41
, 40
, 173
, 177
, 36
, 43
, 170
, 105
, 108
, 202
, 11
, 190
, 23
, 75
, 138
, 82
, 131
, 65
, 148
, 80
, 133
, 27
, 186
, 141
, 72
, 39
, 174
, 179
, 34
, 182
, 31
, 20
, 193
, 77
, 136
, 63
, 150
, 85
, 128
, 189
, 24
, 3
, 210
, 140
, 73
, 105
, 108
, 22
, 191
, 29
, 184
, 122
, 91
, 14
, 199
, 191
, 22
, 80
, 133
, 9
, 204
, 120
, 93
, 20
, 193
, 122
, 91
, 194
, 19
, 202
, 11
, 102
, 111
, 73
, 140
, 43
, 170
, 45
, 168
, 117
, 96
, 180
, 33
, 164
, 49
, 196
, 17
, 41
, 172
, 11
, 202
, 101
, 112
, 51
, 162
, 46
, 167
, 76
, 137
, 170
, 43
, 31
, 182
, 118
, 95
, 135
, 78
, 163
, 50
, 60
, 153
, 110
, 103
, 58
, 155
, 33
, 180
, 86
, 127
, 76
, 137
, 133
, 80
, 87
, 126
, 171
, 42
, 32
, 181
, 40
, 173
, 153
, 60
, 98
, 115
, 184
, 29
, 165
, 48
, 124
, 89
, 65
, 148
, 186
, 27
, 200
, 13
, 209
, 4
, 64
, 149
, 197
, 16
, 37
, 176
, 141
, 72
, 182
, 31
, 111
, 102
, 76
, 137
, 168
, 45
, 147
, 66
, 130
, 83
, 19
, 194
, 49
, 164
, 61
, 152
, 88
, 125
, 117
, 96
, 19
, 194
, 27
, 186
, 33
, 180
, 92
, 121
, 60
, 153
, 202
, 11
, 147
, 66
, 156
, 57
, 37
, 176
, 186
, 27
, 35
, 178
, 117
, 96
, 50
, 163
, 170
, 43
, 173
, 40
, 117
, 96
, 34
, 179
, 203
, 10
, 34
, 179
, 48
, 165
, 36
, 177
, 119
, 94
, 6
, 207
, 58
, 155
, 8
, 205
, 158
, 55
, 73
, 140
, 80
, 133
, 123
, 90
, 7
, 206
, 83
, 130
, 48
, 165
, 176
, 37
, 210
, 3
, 84
, 129
, 127
, 86
, 181
, 32
, 123
, 90
, 157
, 56
, 84
, 129
, 189
, 24
, 184
, 29
, 18
, 195
, 157
, 56
, 2
, 211
, 209
, 4
, 104
, 109
, 156
, 57
, 8
, 205
, 88
, 125
, 99
, 114
, 98
, 115
, 24
, 189
, 45
, 168
, 159
, 54
, 6
, 207
, 140
, 73
, 185
, 28
, 11
, 202
, 145
, 68
, 180
, 33
, 181
, 32
, 3
, 210
, 158
, 55
, 154
, 59
, 14
, 199
, 203
, 10
, 121
, 92
, 19
, 194
, 94
, 119
, 5
, 208
, 181
, 32
, 179
, 34
, 163
, 50
, 25
, 188
, 178
, 35
, 115
, 98
, 174
, 39
, 186
, 27
, 74
, 139
, 110
, 103
, 17
, 196
, 130
, 83
, 172
, 41
, 127
, 86
, 66
, 147
, 185
, 28
, 84
, 129
, 46
, 167
, 83
, 130
, 156
, 57
, 143
, 70
, 2
, 211
, 75
, 138
, 95
, 118
, 94
, 119
, 179
, 34
, 189
, 24
, 97
, 116
, 14
, 199
, 168
, 45
, 120
, 93
, 165
, 48
, 9
, 204
, 19
, 194
, 24
, 189
, 12
, 201
, 26
, 187
, 36
, 177
, 38
, 175
, 195
, 18
, 40
, 173
, 139
, 74
, 17
, 196
, 77
, 136
, 59
, 154
, 26
, 187
, 9
, 204
, 16
, 197
, 100
, 113
, 211
, 2
, 88
, 125
, 109
, 104
, 110
, 103
, 82
, 131
, 107
, 106
, 111
, 102
, 18
, 195
, 93
, 120
, 66
, 147
, 30
, 183
, 3
, 210
, 135
, 78
, 133
, 80
, 167
, 46
, 74
, 139
, 148
, 65
, 114
, 99
, 168
, 45
, 149
, 64
, 154
, 59
, 77
, 136
, 92
, 121
, 57
, 156
, 173
, 40
, 165
, 48
, 43
, 170
, 85
, 128
, 36
, 177
, 128
, 85
, 177
, 36
, 90
, 123
, 22
, 191
, 45
, 168
, 209
, 4
, 159
, 54
, 185
, 28
, 154
, 59
, 141
, 72
, 17
, 196
, 119
, 94
, 78
, 135
, 100
, 113
, 63
, 150
, 117
, 96
, 32
, 181
, 104
, 109
, 57
, 156
, 99
, 114
, 94
, 119
, 133
, 80
, 31
, 182
, 161
, 52
, 119
, 94
, 83
, 130
, 90
, 123
, 103
, 110
, 40
, 173
, 44
, 169
, 43
, 170
, 63
, 150
, 150
, 63
, 183
, 30
, 129
, 84
, 173
, 40
, 114
, 99
, 201
, 12
, 85
, 128
, 79
, 134
, 81
, 132
, 103
, 110
, 17
, 196
, 25
, 188
, 81
, 132
, 39
, 174
, 29
, 184
, 137
, 76
, 132
, 81
, 167
, 46
, 98
, 115
, 56
, 157
, 64
, 149
, 8
, 205
, 168
, 45
, 45
, 168
, 93
, 120
, 175
, 38
, 107
, 106
, 136
, 77
, 189
, 24
, 109
, 104
, 79
, 134
, 86
, 127
, 138
, 75
, 79
, 134
, 12
, 201
, 27
, 186
, 181
, 32
, 1
, 212
, 165
, 48
, 172
, 41
, 206
, 7
, 56
, 157
, 127
, 86
, 150
, 63
, 13
, 200
, 9
, 204
, 54
, 159
, 186
, 27
, 181
, 32
, 83
, 130
, 63
, 150
, 155
, 58
, 6
, 207
, 41
, 172
, 90
, 123
, 82
, 131
, 107
, 106
, 68
, 145
, 148
, 65
, 70
, 143
, 132
, 81
, 7
, 206
, 36
, 177
, 77
, 136
, 93
, 120
, 151
, 62
, 174
, 39
, 96
, 117
, 181
, 32
, 25
, 188
, 91
, 122
, 96
, 117
, 202
, 11
, 20
, 193
, 10
, 203
, 56
, 157
, 106
, 107
, 15
, 198
, 170
, 43
, 6
, 207
, 195
, 18
, 207
, 6
, 202
, 11
, 167
, 46
, 102
, 111
, 105
, 108
, 51
, 162
, 50
, 163
, 129
, 84
, 68
, 145
, 211
, 2
, 40
, 173
, 129
, 84
, 27
, 186
, 25
, 188
, 110
, 103
, 71
, 142
, 19
, 194
, 6
, 207
, 8
, 205
, 150
, 63
, 70
, 143
, 167
, 46
, 80
, 133
, 8
, 205
, 91
, 122
, 199
, 14
, 97
, 116
, 207
, 6
, 206
, 7
, 142
, 71
, 67
, 146
, 12
, 201
, 29
, 184
, 62
, 151
, 34
, 179
, 48
, 165
, 123
, 90
, 23
, 190
, 36
, 177
, 161
, 52
, 207
, 6
, 154
, 59
, 176
, 37
, 126
, 87
, 161
, 52
, 40
, 173
, 183
, 30
, 154
, 59
, 62
, 151
, 62
, 151
, 152
, 61
, 75
, 138
, 71
, 142
, 72
, 141
, 76
, 137
, 18
, 195
, 36
, 177
, 47
, 166
, 195
, 18
, 180
, 33
, 25
, 188
, 139
, 74
, 164
, 49
, 46
, 167
, 72
, 141
, 55
, 158
, 131
, 82
, 2
, 211
, 96
, 117
, 178
, 35
, 3
, 210
, 205
, 8
, 167
, 46
, 63
, 150
, 102
, 111
, 73
, 140
, 66
, 147
, 42
, 171
, 77
, 136
, 102
, 111
, 205
, 8
, 51
, 162
, 41
, 172
, 75
, 138
, 169
, 44
, 208
, 5
, 171
, 42
, 167
, 46
, 125
, 88
, 210
, 3
, 79
, 134
, 40
, 173
, 79
, 134
, 96
, 117
, 171
, 42
, 16
, 197
, 99
, 114
, 23
, 190
, 9
, 204
, 152
, 61
, 69
, 144
, 180
, 33
, 187
, 26
, 164
, 49
, 164
, 49
, 23
, 190
, 95
, 118
, 20
, 193
, 181
, 32
, 26
, 187
, 152
, 61
, 196
, 17
, 141
, 72
, 67
, 146
, 107
, 106
, 105
, 108
, 181
, 32
, 139
, 74
, 135
, 78
, 23
, 190
, 105
, 108
, 81
, 132
, 189
, 24
, 98
, 115
, 97
, 116
, 46
, 167
, 65
, 148
, 67
, 146
, 119
, 94
, 131
, 82
, 48
, 165
, 15
, 198
, 98
, 115
, 85
, 128
, 128
, 85
, 14
, 199
, 106
, 107
, 12
, 201
, 112
, 101
, 111
, 102
, 63
, 150
, 109
, 104
, 136
, 77
, 36
, 177
, 22
, 191
, 155
, 58
, 135
, 78
, 65
, 148
, 107
, 106
, 201
, 12
, 2
, 211
, 55
, 158
, 26
, 187
, 87
, 126
, 14
, 199
, 190
, 23
, 204
, 9
, 172
, 41
, 61
, 152
, 86
, 127
, 32
, 181
, 103
, 110
, 11
, 202
, 16
, 197
, 181
, 32
, 189
, 24
, 34
, 179
, 87
, 126
, 40
, 173
, 180
, 33
, 152
, 61
, 143
, 70
, 2
, 211
, 70
, 143
, 186
, 27
, 163
, 50
, 46
, 167
, 30
, 183
, 63
, 150
, 44
, 169
, 81
, 132
, 58
, 155
, 187
, 26
, 138
, 75
, 103
, 110
, 134
, 79
, 200
, 13
, 47
, 166
, 177
, 36
, 177
, 36
, 54
, 159
, 11
, 202
, 90
, 123
, 93
, 120
, 85
, 128
, 95
, 118
, 135
, 78
, 136
, 77
, 95
, 118
, 145
, 68
, 190
, 23
, 96
, 117
, 12
, 201
, 81
, 132
, 30
, 183
, 28
, 185
, 147
, 66
, 137
, 76
, 41
, 172
, 205
, 8
, 55
, 158
, 92
, 121
, 111
, 102
, 169
, 44
, 122
, 91
, 20
, 193
, 181
, 32
, 43
, 170
, 29
, 184
, 126
, 87
, 33
, 180
, 191
, 22
, 209
, 4
, 26
, 187
, 119
, 94
, 114
, 99
, 120
, 93
, 191
, 22
, 120
, 93
, 5
, 208
, 87
, 126
, 166
, 47
, 147
, 66
, 205
, 8
, 67
, 146
, 93
, 120
, 210
, 3
, 197
, 16
, 92
, 121
, 80
, 133
, 92
, 121
, 54
, 159
, 201
, 12
, 91
, 122
, 133
, 80
, 97
, 116
, 90
, 123
, 128
, 85
, 122
, 91
, 182
, 31
, 36
, 177
, 50
, 163
, 87
, 126
, 58
, 155
, 118
, 95
, 195
, 18
, 12
, 201
, 138
, 75
, 114
, 99
, 122
, 91
, 129
, 84
, 6
, 207
, 205
, 8
, 153
, 60
, 29
, 184
, 50
, 163
, 39
, 174
, 163
, 50
, 67
, 146
, 159
, 54
, 175
, 38
, 147
, 66
, 2
, 211
, 105
, 108
, 202
, 11
, 143
, 70
, 107
, 106
, 28
, 185
, 47
, 166
, 1
, 212
, 18
, 195
, 141
, 72
, 159
, 54
, 2
, 211
, 134
, 79
, 35
, 178
, 9
, 204
, 141
, 72
, 88
, 125
, 52
, 161
, 112
, 101
, 163
, 50
, 200
, 13
, 98
, 115
, 184
, 29
, 186
, 27
, 165
, 48
, 34
, 179
, 151
, 62
, 96
, 117
, 188
, 25
, 114
, 99
, 192
, 21
, 55
, 158
, 35
, 178
, 120
, 93
, 111
, 102
, 45
, 168
, 200
, 13
, 171
, 42
, 132
, 81
, 93
, 120
, 37
, 176
, 11
, 202
, 208
, 5
, 73
, 140
, 211
, 2
, 8
, 205
, 181
, 32
, 143
, 70
, 29
, 184
, 110
, 103
, 30
, 183
, 66
, 147
, 162
, 51
, 40
, 173
, 4
, 209
, 64
, 149
, 11
, 202
, 16
, 197
, 94
, 119
, 116
, 97
, 35
, 178
, 4
, 209
, 69
, 144
, 84
, 129
, 134
, 79
, 33
, 180
, 106
, 107
, 60
, 153
, 135
, 78
, 95
, 118
, 128
, 85
, 107
, 106
, 187
, 26
, 82
, 131
, 169
, 44
, 136
, 77
, 97
, 116
, 188
, 25
, 139
, 74
, 204
, 9
, 74
, 139
, 194
, 19
, 42
, 171
, 141
, 72
, 176
, 37
, 87
, 126
, 58
, 155
, 196
, 17
, 126
, 87
, 8
, 205
, 132
, 81
, 139
, 74
, 166
, 47
, 116
, 97
, 139
, 74
, 202
, 11
, 121
, 92
, 50
, 163
, 44
, 169
, 127
, 86
, 182
, 31
, 196
, 17
, 83
, 130
, 79
, 134
, 143
, 70
, 74
, 139
, 93
, 120
, 6
, 207
, 190
, 23
, 121
, 92
, 51
, 162
, 171
, 42
, 171
, 42
, 207
, 6
, 205
, 8
, 145
, 68
, 70
, 143
, 142
, 71
, 182
, 31
, 94
, 119
, 32
, 181
, 68
, 145
, 54
, 159
, 58
, 155
, 189
, 24
, 57
, 156
, 149
, 64
, 199
, 14
, 72
, 141
, 77
, 136
, 165
, 48
, 123
, 90
, 92
, 121
, 178
, 35
, 52
, 161
, 16
, 197
, 187
, 26
, 162
, 51
, 200
, 13
, 107
, 106
, 88
, 125
, 207
, 6
, 8
, 205
, 149
, 64
, 174
, 39
, 33
, 180
, 31
, 182
, 163
, 50
, 109
, 104
, 142
, 71
, 20
, 193
, 49
, 164
, 123
, 90
, 180
, 33
, 41
, 172
, 85
, 128
, 60
, 153
, 35
, 178
, 46
, 167
, 161
, 52
, 59
, 154
, 144
, 69
, 119
, 94
, 52
, 161
, 151
, 62
, 203
, 10
, 103
, 110
, 150
, 63
, 178
, 35
, 27
, 186
, 127
, 86
, 4
, 209
, 12
, 201
, 114
, 99
, 35
, 178
, 126
, 87
, 24
, 189
, 130
, 83
, 25
, 188
, 64
, 149
, 34
, 179
, 73
, 140
, 38
, 175
, 22
, 191
, 57
, 156
, 167
, 46
, 133
, 80
, 36
, 177
, 33
, 180
, 57
, 156
, 162
, 51
, 164
, 49
, 132
, 81
, 89
, 124
, 112
, 101
, 55
, 158
, 77
, 136
, 4
, 209
, 70
, 143
, 37
, 176
, 164
, 49
, 124
, 89
, 109
, 104
, 63
, 150
, 134
, 79
, 150
, 63
, 106
, 107
, 70
, 143
, 6
, 207
, 154
, 59
, 211
, 2
, 11
, 202
, 56
, 157
, 112
, 101
, 1
, 212
, 210
, 3
, 95
, 118
, 45
, 168
, 51
, 162
, 62
, 151
, 119
, 94
, 64
, 149
, 74
, 139
, 81
, 132
, 101
, 112
, 142
, 71
, 122
, 91
, 172
, 41
, 160
, 53
, 4
, 209
, 33
, 180
, 69
, 144
, 16
, 197
, 126
, 87
, 142
, 71
, 72
, 141
, 136
, 77
, 129
, 84
, 43
, 170
, 175
, 38
, 123
, 90
, 59
, 154
, 56
, 157
, 5
, 208
, 67
, 146
, 141
, 72
, 119
, 94
, 36
, 177
, 112
, 101
, 40
, 173
, 117
, 96
, 100
, 113
, 167
, 46
, 196
, 17
, 72
, 141
, 14
, 199
, 20
, 193
, 174
, 39
, 97
, 116
, 204
, 9
, 4
, 209
, 123
, 90
, 58
, 155
, 78
, 135
, 94
, 119
, 18
, 195
, 51
, 162
, 210
, 3
, 14
, 199
, 98
, 115
, 12
, 201
, 103
, 110
, 211
, 2
, 177
, 36
, 205
, 8
, 23
, 190
, 93
, 120
, 113
, 100
, 70
, 143
, 165
, 48
, 74
, 139
, 85
, 128
, 144
, 69
, 79
, 134
, 138
, 75
, 55
, 158
, 190
, 23
, 197
, 16
, 128
, 85
, 209
, 4
, 199
, 14
, 32
, 181
, 102
, 111
, 138
, 75
, 31
, 182
, 50
, 163
, 56
, 157
, 39
, 174
, 64
, 149
, 110
, 103
, 30
, 183
, 58
, 155
, 126
, 87
, 196
, 17
, 107
, 106
, 162
, 51
, 162
, 51
, 132
, 81
, 164
, 49
, 91
, 122
, 15
, 198
, 167
, 46
, 35
, 178
, 165
, 48
, 188
, 25
, 71
, 142
, 139
, 74
, 115
, 98
, 159
, 54
, 54
, 159
, 179
, 34
, 149
, 64
, 188
, 25
, 65
, 148
, 172
, 41
, 194
, 19
, 20
, 193
, 176
, 37
, 159
, 54
, 176
, 37
, 20
, 193
, 163
, 50
, 7
, 206
, 86
, 127
, 109
, 104
, 102
, 111
, 44
, 169
, 25
, 188
, 36
, 177
, 157
, 56
, 186
, 27
, 26
, 187
, 154
, 59
, 154
, 59
, 79
, 134
, 115
, 98
, 85
, 128
, 96
, 117
, 8
, 205
, 47
, 166
, 54
, 159
, 124
, 89
, 18
, 195
, 137
, 76
, 122
, 91
, 167
, 46
, 63
, 150
, 107
, 106
, 200
, 13
, 11
, 202
, 101
, 112
, 38
, 175
, 203
, 10
, 154
, 59
, 78
, 135
, 59
, 154
, 23
, 190
, 175
, 38
, 199
, 14
, 85
, 128
, 138
, 75
, 129
, 84
, 82
, 131
, 156
, 57
, 143
, 70
, 152
, 61
, 83
, 130
, 86
, 127
, 165
, 48
, 200
, 13
, 27
, 186
, 88
, 125
, 71
, 142
, 13
, 200
, 16
, 197
, 76
, 137
, 92
, 121
, 139
, 74
, 187
, 26
, 199
, 14
, 207
, 6
, 107
, 106
, 118
, 95
, 205
, 8
, 84
, 129
, 126
, 87
, 185
, 28
, 65
, 148
, 102
, 111
, 97
, 116
, 187
, 26
, 56
, 157
, 106
, 107
, 25
, 188
, 176
, 37
, 201
, 12
, 193
, 20
, 161
, 52
, 45
, 168
, 65
, 148
, 66
, 147
, 47
, 166
, 25
, 188
, 6
, 207
, 70
, 143
, 139
, 74
, 17
, 196
, 117
, 96
, 110
, 103
, 163
, 50
, 140
, 73
, 94
, 119
, 143
, 70
, 90
, 123
, 24
, 189
, 131
, 82
, 112
, 101
, 36
, 177
, 20
, 193
, 175
, 38
, 84
, 129
, 59
, 154
, 68
, 145
, 57
, 156
, 170
, 43
, 186
, 27
, 132
, 81
, 110
, 103
, 88
, 125
, 138
, 75
, 180
, 33
, 60
, 153
, 183
, 30
, 128
, 85
, 35
, 178
, 165
, 48
, 197
, 16
, 95
, 118
, 119
, 94
, 14
, 199
, 177
, 36
, 126
, 87
, 36
, 177
, 22
, 191
, 104
, 109
, 2
, 211
, 11
, 202
, 11
, 202
, 120
, 93
, 176
, 37
, 115
, 98
, 45
, 168
, 163
, 50
, 29
, 184
, 146
, 67
, 37
, 176
, 168
, 45
, 59
, 154
, 196
, 17
, 63
, 150
, 131
, 82
, 184
, 29
, 206
, 7
, 154
, 59
, 78
, 135
, 155
, 58
, 132
, 81
, 76
, 137
, 33
, 180
, 148
, 65
, 96
, 117
, 206
, 7
, 184
, 29
, 143
, 70
, 182
, 31
, 106
, 107
, 24
, 189
, 20
, 193
, 202
, 11
, 98
, 115
, 82
, 131
, 122
, 91
, 173
, 40
, 37
, 176
, 81
, 132
, 40
, 173
, 187
, 26
, 150
, 63
, 191
, 22
, 112
, 101
, 143
, 70
, 92
, 121
, 181
, 32
, 176
, 37
, 97
, 116
, 106
, 107
, 86
, 127
, 76
, 137
, 15
, 198
, 121
, 92
, 2
, 211
, 209
, 4
, 108
, 105
, 110
, 103
, 66
, 147
, 125
, 88
, 19
, 194
, 1
, 212
, 33
, 180
, 22
, 191
, 199
, 14
, 88
, 125
, 93
, 120
, 132
, 81
, 162
, 51
, 34
, 179
, 14
, 199
, 124
, 89
, 23
, 190
, 102
, 111
, 100
, 113
, 200
, 13
, 172
, 41
, 17
, 196
, 199
, 14
, 137
, 76
, 59
, 154
, 160
, 53
, 70
, 143
, 195
, 18
, 89
, 124
, 194
, 19
, 151
, 62
, 108
, 105
, 43
, 170
, 80
, 133
, 148
, 65
, 110
, 103
, 5
, 208
, 177
, 36
, 37
, 176
, 9
, 204
, 28
, 185
, 65
, 148
, 155
, 58
, 17
, 196
, 126
, 87
, 35
, 178
, 86
, 127
, 206
, 7
, 5
, 208
, 203
, 10
, 168
, 45
, 164
, 49
, 34
, 179
, 104
, 109
, 208
, 5
, 189
, 24
, 163
, 50
, 16
, 197
, 168
, 45
, 56
, 157
, 91
, 122
, 17
, 196
, 54
, 159
, 43
, 170
, 188
, 25
, 3
, 210
, 12
, 201
, 121
, 92
, 182
, 31
, 161
, 52
, 155
, 58
, 142
, 71
, 34
, 179
, 56
, 157
, 4
, 209
, 98
, 115
, 116
, 97
, 16
, 197
, 211
, 2
, 172
, 41
, 33
, 180
, 99
, 114
, 187
, 26
, 79
, 134
, 70
, 143
, 159
, 54
, 48
, 165
, 11
, 202
, 194
, 19
, 67
, 146
, 142
, 71
, 123
, 90
, 13
, 200
, 185
, 28
, 113
, 100
, 2
, 211
, 191
, 22
, 113
, 100
, 8
, 205
, 11
, 202
, 40
, 173
, 15
, 198
, 130
, 83
, 202
, 11
, 102
, 111
, 68
, 145
, 126
, 87
, 51
, 162
, 196
, 17
, 177
, 36
, 64
, 149
, 123
, 90
, 163
, 50
, 131
, 82
, 56
, 157
, 47
, 166
, 84
, 129
, 104
, 109
, 149
, 64
, 85
, 128
, 60
, 153
, 79
, 134
, 21
, 192
, 1
, 212
, 11
, 202
, 188
, 25
, 201
, 12
, 53
, 160
, 21
, 192
, 42
, 171
, 64
, 149
, 49
, 164
, 61
, 152
, 111
, 102
, 64
, 149
, 52
, 161
, 14
, 199
, 111
, 102
, 96
, 117
, 112
, 101
, 148
, 65
, 75
, 138
, 190
, 23
, 149
, 64
, 33
, 180
, 128
, 85
, 91
, 122
, 206
, 7
, 52
, 161
, 117
, 96
, 170
, 43
, 68
, 145
, 170
, 43
, 138
, 75
, 3
, 210
, 79
, 134
, 100
, 113
, 209
, 4
, 61
, 152
, 67
, 146
, 115
, 98
, 141
, 72
, 96
, 117
, 46
, 167
, 150
, 63
, 67
, 146
, 60
, 153
, 74
, 139
, 39
, 174
, 93
, 120
, 33
, 180
, 28
, 185
, 163
, 50
, 25
, 188
, 171
, 42
, 185
, 28
, 196
, 17
, 148
, 65
, 120
, 93
, 78
, 135
, 24
, 189
, 173
, 40
, 196
, 17
, 50
, 163
, 14
, 199
, 150
, 63
, 202
, 11
, 84
, 129
, 60
, 153
, 57
, 156
, 94
, 119
, 44
, 169
, 37
, 176
, 143
, 70
, 196
, 17
, 207
, 6
, 44
, 169
, 206
, 7
, 186
, 27
, 110
, 103
, 164
, 49
, 84
, 129
, 187
, 26
, 176
, 37
, 180
, 33
, 35
, 178
, 178
, 35
, 203
, 10
, 105
, 108
, 201
, 12
, 39
, 174
, 146
, 67
, 201
, 12
, 95
, 118
, 32
, 181
, 30
, 183
, 179
, 34
, 64
, 149
, 103
, 110
, 176
, 37
, 210
, 3
, 39
, 174
, 198
, 15
, 199
, 14
, 101
, 112
, 99
, 114
, 167
, 46
, 76
, 137
, 132
, 81
, 130
, 83
, 1
, 212
, 10
, 203
, 211
, 2
, 111
, 102
, 116
, 97
, 72
, 141
, 127
, 86
, 105
, 108
, 47
, 166
, 29
, 184
, 117
, 96
, 102
, 111
, 64
, 149
, 209
, 4
, 48
, 165
, 132
, 81
, 159
, 54
, 102
, 111
, 83
, 130
, 188
, 25
, 100
, 113
, 173
, 40
, 118
, 95
, 43
, 170
, 101
, 112
, 102
, 111
, 185
, 28
, 139
, 74
, 93
, 120
, 94
, 119
, 123
, 90
, 116
, 97
, 209
, 4
, 60
, 153
, 207
, 6
, 28
, 185
, 29
, 184
, 46
, 167
, 207
, 6
, 207
, 6
, 149
, 64
, 140
, 73
, 4
, 209
, 188
, 25
, 78
, 135
, 63
, 150
, 53
, 160
, 184
, 29
, 136
, 77
, 3
, 210
, 197
, 16
, 183
, 30
, 25
, 188
, 88
, 125
, 2
, 211
, 120
, 93
, 132
, 81
, 56
, 157
, 195
, 18
, 209
, 4
, 54
, 159
, 61
, 152
, 176
, 37
, 124
, 89
, 27
, 186
, 161
, 52
, 211
, 2
, 203
, 10
, 134
, 79
, 119
, 94
, 179
, 34
, 158
, 55
, 72
, 141
, 188
, 25
, 76
, 137
, 76
, 137
, 143
, 70
, 134
, 79
, 85
, 128
, 39
, 174
, 177
, 36
, 97
, 116
, 122
, 91
, 54
, 159
, 121
, 92
, 202
, 11
, 157
, 56
, 102
, 111
, 58
, 155
, 162
, 51
, 147
, 66
, 148
, 65
, 56
, 157
, 117
, 96
, 93
, 120
, 110
, 103
, 48
, 165
, 78
, 135
, 16
, 197
, 187
, 26
, 158
, 55
, 9
, 204
, 99
, 114
, 34
, 179
, 29
, 184
, 66
, 147
, 179
, 34
, 47
, 166
, 8
, 205
, 81
, 132
, 178
, 35
, 112
, 101
, 9
, 204
, 105
, 108
, 117
, 96
, 177
, 36
, 111
, 102
, 208
, 5
, 207
, 6
, 24
, 189
, 190
, 23
, 167
, 46
, 94
, 119
, 70
, 143
, 191
, 22
, 105
, 108
, 69
, 144
, 146
, 67
, 66
, 147
, 146
, 67
, 91
, 122
, 21
, 192
, 51
, 162
, 41
, 172
, 39
, 174
, 136
, 77
, 195
, 18
, 37
, 176
, 50
, 163
, 5
, 208
, 35
, 178
, 204
, 9
, 166
, 47
, 163
, 50
, 32
, 181
, 88
, 125
, 89
, 124
, 194
, 19
, 127
, 86
, 54
, 159
, 4
, 209
, 21
, 192
, 178
, 35
, 194
, 19
, 168
, 45
, 36
, 177
, 130
, 83
, 149
, 64
, 155
, 58
, 208
, 5
, 159
, 54
, 9
, 204
, 140
, 73
, 164
, 49
, 119
, 94
, 65
, 148
, 12
, 201
, 109
, 104
, 154
, 59
, 204
, 9
, 104
, 109
, 194
, 19
, 156
, 57
, 58
, 155
, 115
, 98
, 105
, 108
, 107
, 106
, 77
, 136
, 60
, 153
, 96
, 117
, 164
, 49
, 99
, 114
, 65
, 148
, 52
, 161
, 9
, 204
, 43
, 170
, 23
, 190
, 101
, 112
, 6
, 207
, 98
, 115
, 24
, 189
, 141
, 72
, 171
, 42
, 204
, 9
, 140
, 73
, 164
, 49
, 124
, 89
, 45
, 168
, 138
, 75
, 11
, 202
, 169
, 44
, 73
, 140
, 7
, 206
, 9
, 204
, 100
, 113
, 80
, 133
, 102
, 111
, 88
, 125
, 75
, 138
, 205
, 8
, 143
, 70
, 1
, 212
, 167
, 46
, 146
, 67
, 180
, 33
, 188
, 25
, 126
, 87
, 209
, 4
, 46
, 167
, 86
, 127
, 22
, 191
, 59
, 154
, 148
, 65
, 168
, 45
, 60
, 153
, 107
, 106
, 31
, 182
, 36
, 177
, 37
, 176
, 163
, 50
, 133
, 80
, 53
, 160
, 82
, 131
, 172
, 41
, 156
, 57
, 114
, 99
, 49
, 164
, 66
, 147
, 93
, 120
, 154
, 59
, 8
, 205
, 191
, 22
, 36
, 177
, 141
, 72
, 142
, 71
, 39
, 174
, 85
, 128
, 156
, 57
, 112
, 101
, 18
, 195
, 64
, 149
, 169
, 44
, 9
, 204
, 34
, 179
, 187
, 26
, 37
, 176
, 199
, 14
, 92
, 121
, 87
, 126
, 39
, 174
, 79
, 134
, 199
, 14
, 101
, 112
, 141
, 72
, 136
, 77
, 178
, 35
, 28
, 185
, 62
, 151
, 7
, 206
, 144
, 69
, 67
, 146
, 60
, 153
, 2
, 211
, 102
, 111
, 38
, 175
, 58
, 155
, 198
, 15
, 113
, 100
, 61
, 152
, 20
, 193
, 201
, 12
, 96
, 117
, 178
, 35
, 120
, 93
, 16
, 197
, 88
, 125
, 160
, 53
, 190
, 23
, 15
, 198
, 174
, 39
, 91
, 122
, 169
, 44
, 164
, 49
, 65
, 148
, 137
, 76
, 17
, 196
, 32
, 181
, 58
, 155
, 104
, 109
, 169
, 44
, 176
, 37
, 142
, 71
, 18
, 195
, 85
, 128
, 152
, 61
, 183
, 30
, 23
, 190
, 115
, 98
, 155
, 58
, 162
, 51
, 124
, 89
, 164
, 49
, 131
, 82
, 34
, 179
, 145
, 68
, 177
, 36
, 160
, 53
, 23
, 190
, 99
, 114
, 65
, 148
, 182
, 31
, 14
, 199
, 199
, 14
, 209
, 4
, 61
, 152
, 181
, 32
, 164
, 49
, 69
, 144
, 18
, 195
, 66
, 147
, 122
, 91
, 160
, 53
, 6
, 207
, 128
, 85
, 126
, 87
, 105
, 108
, 140
, 73
, 17
, 196
, 111
, 102
, 9
, 204
, 80
, 133
, 100
, 113
, 147
, 66
, 39
, 174
, 151
, 62
, 167
, 46
, 193
, 20
, 191
, 22
, 70
, 143
, 53
, 160
, 65
, 148
, 2
, 211
, 43
, 170
, 166
, 47
, 192
, 21
, 83
, 130
, 143
, 70
, 149
, 64
, 211
, 2
, 83
, 130
, 181
, 32
, 43
, 170
, 46
, 167
, 49
, 164
, 110
, 103
, 147
, 66
, 189
, 24
, 157
, 56
, 67
, 146
, 159
, 54
, 184
, 29
, 130
, 83
, 128
, 85
, 34
, 179
, 171
, 42
, 42
, 171
, 63
, 150
, 127
, 86
, 125
, 88
, 69
, 144
, 52
, 161
, 104
, 109
, 83
, 130
, 86
, 127
, 185
, 28
, 16
, 197
, 167
, 46
, 188
, 25
, 47
, 166
, 67
, 146
, 2
, 211
, 156
, 57
, 71
, 142
, 17
, 196
, 27
, 186
, 7
, 206
, 84
, 129
, 152
, 61
, 12
, 201
, 118
, 95
, 164
, 49
, 77
, 136
, 164
, 49
, 73
, 140
, 34
, 179
, 10
, 203
, 34
, 179
, 48
, 165
, 65
, 148
, 88
, 125
, 143
, 70
, 135
, 78
, 23
, 190
, 74
, 139
, 38
, 175
, 101
, 112
, 86
, 127
, 132
, 81
, 161
, 52
, 38
, 175
, 195
, 18
, 179
, 34
, 77
, 136
, 65
, 148
, 64
, 149
, 14
, 199
, 209
, 4
, 132
, 81
, 128
, 85
, 37
, 176
, 69
, 144
, 148
, 65
, 193
, 20
, 31
, 182
, 118
, 95
, 205
, 8
, 58
, 155
, 151
, 62
, 153
, 60
, 65
, 148
, 207
, 6
, 75
, 138
, 140
, 73
, 83
, 130
, 13
, 200
, 148
, 65
, 153
, 60
, 115
, 98
, 144
, 69
, 160
, 53
, 83
, 130
, 82
, 131
, 63
, 150
, 167
, 46
, 50
, 163
, 70
, 143
, 56
, 157
, 159
, 54
, 139
, 74
, 84
, 129
, 154
, 59
, 35
, 178
, 62
, 151
, 65
, 148
, 38
, 175
, 38
, 175
, 90
, 123
, 192
, 21
, 49
, 164
, 76
, 137
, 99
, 114
, 150
, 63
, 156
, 57
, 8
, 205
, 81
, 132
, 99
, 114
, 44
, 169
, 80
, 133
, 152
, 61
, 14
, 199
, 80
, 133
, 131
, 82
, 108
, 105
, 205
, 8
, 189
, 24
, 77
, 136
, 28
, 185
, 35
, 178
, 17
, 196
, 28
, 185
, 124
, 89
, 125
, 88
, 73
, 140
, 58
, 155
, 164
, 49
, 39
, 174
, 155
, 58
, 199
, 14
, 114
, 99
, 200
, 13
, 128
, 85
, 149
, 64
, 151
, 62
, 195
, 18
, 186
, 27
, 130
, 83
, 94
, 119
, 146
, 67
, 46
, 167
, 115
, 98
, 116
, 97
, 113
, 100
, 109
, 104
, 124
, 89
, 206
, 7
, 72
, 141
, 133
, 80
, 66
, 147
, 204
, 9
, 180
, 33
, 170
, 43
, 82
, 131
, 52
, 161
, 48
, 165
, 173
, 40
, 210
, 3
, 51
, 162
, 164
, 49
, 9
, 204
, 162
, 51
, 41
, 172
, 15
, 198
, 103
, 110
, 189
, 24
, 171
, 42
, 113
, 100
, 96
, 117
, 10
, 203
, 130
, 83
, 32
, 181
, 138
, 75
, 120
, 93
, 122
, 91
, 139
, 74
, 159
, 54
, 186
, 27
, 134
, 79
, 175
, 38
, 54
, 159
, 81
, 132
, 46
, 167
, 173
, 40
, 10
, 203
, 97
, 116
, 156
, 57
, 92
, 121
, 25
, 188
, 30
, 183
, 115
, 98
, 40
, 173
, 177
, 36
, 75
, 138
, 164
, 49
, 1
, 212
, 133
, 80
, 193
, 20
, 80
, 133
, 180
, 33
, 104
, 109
, 69
, 144
, 161
, 52
, 136
, 77
, 131
, 82
, 118
, 95
, 108
, 105
, 177
, 36
, 101
, 112
, 84
, 129
, 16
, 197
, 87
, 126
, 110
, 103
, 37
, 176
, 58
, 155
, 138
, 75
, 195
, 18
, 98
, 115
, 88
, 125
, 137
, 76
, 208
, 5
, 105
, 108
, 160
, 53
, 204
, 9
, 53
, 160
, 41
, 172
, 50
, 163
, 190
, 23
, 10
, 203
, 48
, 165
, 43
, 170
, 111
, 102
, 170
, 43
, 4
, 209
, 174
, 39
, 102
, 111
, 47
, 166
, 9
, 204
, 130
, 83
, 208
, 5
, 16
, 197
, 140
, 73
, 51
, 162
, 167
, 46
, 65
, 148
, 151
, 62
, 59
, 154
, 80
, 133
, 54
, 159
, 59
, 154
, 204
, 9
, 104
, 109
, 134
, 79
, 185
, 28
, 145
, 68
, 21
, 192
, 76
, 137
, 26
, 187
, 85
, 128
, 22
, 191
, 172
, 41
, 17
, 196
, 19
, 194
, 210
, 3
, 54
, 159
, 190
, 23
, 54
, 159
, 28
, 185
, 108
, 105
, 111
, 102
, 166
, 47
, 88
, 125
, 180
, 33
, 200
, 13
, 21
, 192
, 165
, 48
, 44
, 169
, 211
, 2
, 155
, 58
, 181
, 32
, 123
, 90
, 127
, 86
, 36
, 177
, 125
, 88
, 63
, 150
, 112
, 101
, 39
, 174
, 94
, 119
, 49
, 164
, 33
, 180
, 40
, 173
, 193
, 20
, 171
, 42
, 3
, 210
, 68
, 145
, 155
, 58
, 87
, 126
, 43
, 170
, 190
, 23
, 6
, 207
, 208
, 5
, 126
, 87
, 40
, 173
, 186
, 27
, 131
, 82
, 82
, 131
, 141
, 72
, 111
, 102
, 140
, 73
, 170
, 43
, 50
, 163
, 10
, 203
, 99
, 114
, 126
, 87
, 153
, 60
, 119
, 94
, 43
, 170
, 145
, 68
, 167
, 46
, 56
, 157
, 123
, 90
, 70
, 143
, 126
, 87
, 112
, 101
, 160
, 53
, 119
, 94
, 175
, 38
, 31
, 182
, 70
, 143
, 129
, 84
, 191
, 22
, 77
, 136
, 64
, 149
, 167
, 46
, 134
, 79
, 65
, 148
, 190
, 23
, 73
, 140
, 42
, 171
, 185
, 28
, 70
, 143
, 196
, 17
, 9
, 204
, 163
, 50
, 60
, 153
, 92
, 121
, 70
, 143
, 86
, 127
, 25
, 188
, 85
, 128
, 138
, 75
, 168
, 45
, 18
, 195
, 135
, 78
, 138
, 75
, 179
, 34
, 38
, 175
, 202
, 11
, 164
, 49
, 32
, 181
, 203
, 10
, 142
, 71
, 58
, 155
, 202
, 11
, 11
, 202
, 109
, 104
, 168
, 45
, 188
, 25
, 187
, 26
, 81
, 132
, 171
, 42
, 43
, 170
, 83
, 130
, 105
, 108
, 53
, 160
, 188
, 25
, 123
, 90
, 206
, 7
, 38
, 175
, 19
, 194
, 6
, 207
, 43
, 170
, 162
, 51
, 109
, 104
, 50
, 163
, 21
, 192
, 92
, 121
, 58
, 155
, 55
, 158
, 79
, 134
, 158
, 55
, 43
, 170
, 3
, 210
, 76
, 137
, 23
, 190
, 83
, 130
, 87
, 126
, 159
, 54
, 99
, 114
, 26
, 187
, 43
, 170
, 118
, 95
, 76
, 137
, 46
, 167
, 53
, 160
, 175
, 38
, 181
, 32
, 109
, 104
, 48
, 165
, 122
, 91
, 121
, 92
, 87
, 126
, 100
, 113
, 25
, 188
, 159
, 54
, 154
, 59
, 176
, 37
, 26
, 187
, 70
, 143
, 7
, 206
, 201
, 12
, 107
, 106
, 196
, 17
, 140
, 73
, 122
, 91
, 47
, 166
, 4
, 209
, 16
, 197
, 139
, 74
, 23
, 190
, 22
, 191
, 34
, 179
, 45
, 168
, 13
, 200
, 82
, 131
, 123
, 90
, 77
, 136
, 50
, 163
, 86
, 127
, 33
, 180
, 184
, 29
, 116
, 97
, 177
, 36
, 26
, 187
, 84
, 129
, 107
, 106
, 4
, 209
, 74
, 139
, 56
, 157
, 122
, 91
, 159
, 54
, 87
, 126
, 79
, 134
, 32
, 181
, 124
, 89
, 166
, 47
, 105
, 108
, 161
, 52
, 114
, 99
, 42
, 171
, 65
, 148
, 103
, 110
, 149
, 64
, 68
, 145
, 175
, 38
, 12
, 201
, 80
, 133
, 98
, 115
, 63
, 150
, 123
, 90
, 84
, 129
, 70
, 143
, 137
, 76
, 38
, 175
, 139
, 74
, 71
, 142
, 128
, 85
, 50
, 163
, 27
, 186
, 155
, 58
, 114
, 99
, 3
, 210
, 118
, 95
, 170
, 43
, 142
, 71
, 144
, 69
, 148
, 65
, 188
, 25
, 73
, 140
, 207
, 6
, 91
, 122
, 59
, 154
, 60
, 153
, 141
, 72
, 93
, 120
, 104
, 109
, 105
, 108
, 199
, 14
, 138
, 75
, 82
, 131
, 152
, 61
, 5
, 208
, 13
, 200
, 86
, 127
, 92
, 121
, 71
, 142
, 184
, 29
, 175
, 38
, 43
, 170
, 166
, 47
, 51
, 162
, 171
, 42
, 125
, 88
, 59
, 154
, 139
, 74
, 83
, 130
, 7
, 206
, 133
, 80
, 25
, 188
, 71
, 142
, 154
, 59
, 150
, 63
, 54
, 159
, 52
, 161
, 175
, 38
, 141
, 72
, 31
, 182
, 37
, 176
, 99
, 114
, 18
, 195
, 193
, 20
, 211
, 2
, 206
, 7
, 65
, 148
, 28
, 185
, 172
, 41
, 114
, 99
, 175
, 38
, 172
, 41
, 6
, 207
, 176
, 37
, 168
, 45
, 39
, 174
, 151
, 62
, 1
, 212
, 89
, 124
, 54
, 159
, 191
, 22
, 126
, 87
, 191
, 22
, 202
, 11
, 15
, 198
, 198
, 15
, 114
, 99
, 164
, 49
, 200
, 13
, 62
, 151
, 105
, 108
, 201
, 12
, 170
, 43
, 129
, 84
, 191
, 22
, 113
, 100
, 47
, 166
, 84
, 129
, 46
, 167
, 134
, 79
, 161
, 52
, 75
, 138
, 50
, 163
, 12
, 201
, 83
, 130
, 28
, 185
, 28
, 185
, 22
, 191
, 171
, 42
, 201
, 12
, 3
, 210
, 25
, 188
, 107
, 106
, 41
, 172
, 61
, 152
, 38
, 175
, 81
, 132
, 112
, 101
, 168
, 45
, 31
, 182
, 172
, 41
, 108
, 105
, 156
, 57
, 97
, 116
, 56
, 157
, 92
, 121
, 77
, 136
, 162
, 51
, 153
, 60
, 1
, 212
, 63
, 150
, 160
, 53
, 192
, 21
, 164
, 49
, 86
, 127
, 73
, 140
, 201
, 12
, 68
, 145
, 95
, 118
, 61
, 152
, 17
, 196
, 125
, 88
, 167
, 46
, 34
, 179
, 49
, 164
, 3
, 210
, 179
, 34
, 33
, 180
, 193
, 20
, 83
, 130
, 139
, 74
, 21
, 192
, 34
, 179
, 32
, 181
, 110
, 103
, 112
, 101
, 162
, 51
, 8
, 205
, 201
, 12
, 207
, 6
, 39
, 174
, 29
, 184
, 161
, 52
, 117
, 96
, 138
, 75
, 120
, 93
, 93
, 120
, 147
, 66
, 117
, 96
, 73
, 140
, 6
, 207
, 152
, 61
, 207
, 6
, 30
, 183
, 53
, 160
, 82
, 131
, 187
, 26
, 182
, 31
, 67
, 146
, 46
, 167
, 168
, 45
, 187
, 26
, 81
, 132
, 83
, 130
, 148
, 65
, 178
, 35
, 99
, 114
, 197
, 16
, 133
, 80
, 196
, 17
, 202
, 11
, 120
, 93
, 127
, 86
, 210
, 3
, 114
, 99
, 143
, 70
, 141
, 72
, 29
, 184
, 173
, 40
, 186
, 27
, 135
, 78
, 170
, 43
, 101
, 112
, 155
, 58
, 98
, 115
, 116
, 97
, 137
, 76
, 145
, 68
, 25
, 188
, 66
, 147
, 123
, 90
, 117
, 96
, 196
, 17
, 175
, 38
, 103
, 110
, 98
, 115
, 85
, 128
, 27
, 186
, 141
, 72
, 176
, 37
, 38
, 175
, 136
, 77
, 30
, 183
, 11
, 202
, 153
, 60
, 186
, 27
, 88
, 125
, 127
, 86
, 2
, 211
, 196
, 17
, 202
, 11
, 184
, 29
, 127
, 86
, 28
, 185
, 25
, 188
, 130
, 83
, 58
, 155
, 100
, 113
, 131
, 82
, 105
, 108
, 106
, 107
, 5
, 208
, 191
, 22
, 195
, 18
, 5
, 208
, 60
, 153
, 91
, 122
, 204
, 9
, 69
, 144
, 198
, 15
, 186
, 27
, 129
, 84
, 191
, 22
, 53
, 160
, 127
, 86
, 92
, 121
, 118
, 95
, 141
, 72
, 123
, 90
, 129
, 84
, 50
, 163
, 81
, 132
, 155
, 58
, 144
, 69
, 194
, 19
, 73
, 140
, 176
, 37
, 132
, 81
, 8
, 205
, 21
, 192
, 204
, 9
, 64
, 149
, 138
, 75
, 113
, 100
, 29
, 184
, 114
, 99
, 115
, 98
, 2
, 211
, 159
, 54
, 37
, 176
, 185
, 28
, 86
, 127
, 202
, 11
, 210
, 3
, 71
, 142
, 42
, 171
, 17
, 196
, 148
, 65
, 36
, 177
, 5
, 208
, 164
, 49
, 161
, 52
, 95
, 118
, 86
, 127
, 80
, 133
, 65
, 148
, 59
, 154
, 95
, 118
, 97
, 116
, 189
, 24
, 60
, 153
, 82
, 131
, 68
, 145
, 30
, 183
, 18
, 195
, 165
, 48
, 5
, 208
, 120
, 93
, 157
, 56
, 104
, 109
, 148
, 65
, 129
, 84
, 199
, 14
, 188
, 25
, 88
, 125
, 132
, 81
, 45
, 168
, 8
, 205
, 195
, 18
, 115
, 98
, 87
, 126
, 210
, 3
, 25
, 188
, 182
, 31
, 74
, 139
, 110
, 103
, 80
, 133
, 4
, 209
, 178
, 35
, 82
, 131
, 105
, 108
, 197
, 16
, 157
, 56
, 35
, 178
, 115
, 98
, 57
, 156
, 83
, 130
, 180
, 33
, 27
, 186
, 134
, 79
, 191
, 22
, 109
, 104
, 121
, 92
, 117
, 96
, 46
, 167
, 172
, 41
, 113
, 100
, 185
, 28
, 151
, 62
, 28
, 185
, 141
, 72
, 8
, 205
, 33
, 180
, 89
, 124
, 4
, 209
, 182
, 31
, 177
, 36
, 5
, 208
, 12
, 201
, 181
, 32
, 34
, 179
, 183
, 30
, 41
, 172
, 207
, 6
, 12
, 201
, 83
, 130
, 140
, 73
, 65
, 148
, 52
, 161
, 82
, 131
, 25
, 188
, 74
, 139
, 155
, 58
, 181
, 32
, 183
, 30
, 27
, 186
, 36
, 177
, 69
, 144
, 111
, 102
, 61
, 152
, 175
, 38
, 56
, 157
, 89
, 124
, 35
, 178
, 99
, 114
, 26
, 187
, 97
, 116
, 62
, 151
, 141
, 72
, 63
, 150
, 139
, 74
, 2
, 211
, 186
, 27
, 185
, 28
, 6
, 207
, 99
, 114
, 91
, 122
, 120
, 93
, 204
, 9
, 12
, 201
, 192
, 21
, 84
, 129
, 173
, 40
, 98
, 115
, 96
, 117
, 58
, 155
, 78
, 135
, 136
, 77
, 37
, 176
, 66
, 147
, 93
, 120
, 67
, 146
, 147
, 66
, 127
, 86
, 29
, 184
, 211
, 2
, 57
, 156
, 71
, 142
, 34
, 179
, 179
, 34
, 34
, 179
, 64
, 149
, 82
, 131
, 134
, 79
, 134
, 79
