
3240
, 149
, 33
, 44
, 138
, 20
, 162
, 52
, 130
, 5
, 177
, 34
, 148
, 163
, 19
, 144
, 38
, 72
, 110
, 102
, 80
, 41
, 141
, 39
, 143
, 109
, 73
, 96
, 86
, 16
, 166
, 80
, 102
, 167
, 15
, 98
, 84
, 59
, 123
, 8
, 174
, 52
, 130
, 154
, 28
, 122
, 60
, 118
, 64
, 53
, 129
, 122
, 60
, 1
, 181
, 37
, 145
, 104
, 78
, 20
, 162
, 177
, 5
, 121
, 61
, 20
, 162
, 141
, 41
, 57
, 125
, 89
, 93
, 84
, 98
, 110
, 72
, 90
, 92
, 127
, 55
, 8
, 174
, 136
, 46
, 9
, 173
, 29
, 153
, 13
, 169
, 113
, 69
, 134
, 48
, 129
, 53
, 56
, 126
, 153
, 29
, 27
, 155
, 148
, 34
, 66
, 116
, 134
, 48
, 162
, 20
, 143
, 39
, 144
, 38
, 72
, 110
, 30
, 152
, 125
, 57
, 171
, 11
, 178
, 4
, 150
, 32
, 134
, 48
, 136
, 46
, 180
, 2
, 79
, 103
, 117
, 65
, 54
, 128
, 150
, 32
, 56
, 126
, 158
, 24
, 122
, 60
, 150
, 32
, 67
, 115
, 93
, 89
, 39
, 143
, 132
, 50
, 116
, 66
, 157
, 25
, 22
, 160
, 17
, 165
, 172
, 10
, 109
, 73
, 80
, 102
, 19
, 163
, 156
, 26
, 22
, 160
, 139
, 43
, 61
, 121
, 177
, 5
, 120
, 62
, 120
, 62
, 95
, 87
, 57
, 125
, 48
, 134
, 58
, 124
, 91
, 91
, 33
, 149
, 67
, 115
, 102
, 80
, 119
, 63
, 5
, 177
, 126
, 56
, 151
, 31
, 33
, 149
, 113
, 69
, 113
, 69
, 152
, 30
, 104
, 78
, 37
, 145
, 33
, 149
, 24
, 158
, 44
, 138
, 83
, 99
, 36
, 146
, 163
, 19
, 133
, 49
, 54
, 128
, 82
, 100
, 176
, 6
, 120
, 62
, 24
, 158
, 58
, 124
, 174
, 8
, 5
, 177
, 107
, 75
, 79
, 103
, 180
, 2
, 18
, 164
, 102
, 80
, 41
, 141
, 70
, 112
, 40
, 142
, 164
, 18
, 46
, 136
, 13
, 169
, 31
, 151
, 103
, 79
, 152
, 30
, 34
, 148
, 166
, 16
, 76
, 106
, 175
, 7
, 42
, 140
, 129
, 53
, 168
, 14
, 78
, 104
, 11
, 171
, 14
, 168
, 25
, 157
, 154
, 28
, 6
, 176
, 91
, 91
, 3
, 179
, 156
, 26
, 152
, 30
, 165
, 17
, 66
, 116
, 55
, 127
, 40
, 142
, 165
, 17
, 53
, 129
, 66
, 116
, 156
, 26
, 41
, 141
, 35
, 147
, 168
, 14
, 161
, 21
, 128
, 54
, 44
, 138
, 69
, 113
, 135
, 47
, 160
, 22
, 26
, 156
, 142
, 40
, 150
, 32
, 179
, 3
, 21
, 161
, 130
, 52
, 58
, 124
, 179
, 3
, 117
, 65
, 86
, 96
, 130
, 52
, 58
, 124
, 77
, 105
, 64
, 118
, 86
, 96
, 2
, 180
, 165
, 17
, 101
, 81
, 42
, 140
, 6
, 176
, 68
, 114
, 37
, 145
, 18
, 164
, 93
, 89
, 133
, 49
, 27
, 155
, 50
, 132
, 88
, 94
, 134
, 48
, 150
, 32
, 61
, 121
, 48
, 134
, 55
, 127
, 158
, 24
, 173
, 9
, 120
, 62
, 89
, 93
, 165
, 17
, 120
, 62
, 52
, 130
, 30
, 152
, 80
, 102
, 76
, 106
, 63
, 119
, 103
, 79
, 27
, 155
, 17
, 165
, 86
, 96
, 3
, 179
, 144
, 38
, 154
, 28
, 90
, 92
, 46
, 136
, 111
, 71
, 111
, 71
, 64
, 118
, 108
, 74
, 140
, 42
, 47
, 135
, 77
, 105
, 114
, 68
, 22
, 160
, 126
, 56
, 129
, 53
, 61
, 121
, 180
, 2
, 168
, 14
, 151
, 31
, 56
, 126
, 172
, 10
, 46
, 136
, 84
, 98
, 17
, 165
, 8
, 174
, 180
, 2
, 7
, 175
, 21
, 161
, 150
, 32
, 108
, 74
, 29
, 153
, 2
, 180
, 56
, 126
, 16
, 166
, 99
, 83
, 25
, 157
, 61
, 121
, 75
, 107
, 92
, 90
, 40
, 142
, 169
, 13
, 95
, 87
, 11
, 171
, 61
, 121
, 73
, 109
, 51
, 131
, 106
, 76
, 115
, 67
, 162
, 20
, 131
, 51
, 57
, 125
, 165
, 17
, 170
, 12
, 137
, 45
, 98
, 84
, 42
, 140
, 78
, 104
, 95
, 87
, 87
, 95
, 140
, 42
, 63
, 119
, 35
, 147
, 94
, 88
, 52
, 130
, 20
, 162
, 55
, 127
, 113
, 69
, 81
, 101
, 73
, 109
, 29
, 153
, 10
, 172
, 113
, 69
, 72
, 110
, 93
, 89
, 170
, 12
, 169
, 13
, 114
, 68
, 117
, 65
, 24
, 158
, 171
, 11
, 101
, 81
, 9
, 173
, 94
, 88
, 76
, 106
, 116
, 66
, 43
, 139
, 63
, 119
, 4
, 178
, 36
, 146
, 15
, 167
, 142
, 40
, 116
, 66
, 139
, 43
, 166
, 16
, 71
, 111
, 103
, 79
, 68
, 114
, 79
, 103
, 74
, 108
, 66
, 116
, 25
, 157
, 18
, 164
, 42
, 140
, 50
, 132
, 24
, 158
, 75
, 107
, 112
, 70
, 148
, 34
, 110
, 72
, 122
, 60
, 12
, 170
, 105
, 77
, 13
, 169
, 176
, 6
, 57
, 125
, 142
, 40
, 168
, 14
, 13
, 169
, 172
, 10
, 152
, 30
, 7
, 175
, 47
, 135
, 128
, 54
, 56
, 126
, 114
, 68
, 159
, 23
, 69
, 113
, 157
, 25
, 116
, 66
, 177
, 5
, 20
, 162
, 95
, 87
, 73
, 109
, 99
, 83
, 62
, 120
, 83
, 99
, 68
, 114
, 170
, 12
, 75
, 107
, 92
, 90
, 49
, 133
, 135
, 47
, 93
, 89
, 8
, 174
, 162
, 20
, 35
, 147
, 31
, 151
, 150
, 32
, 160
, 22
, 50
, 132
, 81
, 101
, 63
, 119
, 47
, 135
, 108
, 74
, 165
, 17
, 65
, 117
, 144
, 38
, 25
, 157
, 118
, 64
, 98
, 84
, 99
, 83
, 2
, 180
, 145
, 37
, 72
, 110
, 59
, 123
, 48
, 134
, 69
, 113
, 123
, 59
, 176
, 6
, 144
, 38
, 132
, 50
, 103
, 79
, 169
, 13
, 17
, 165
, 159
, 23
, 132
, 50
, 94
, 88
, 118
, 64
, 75
, 107
, 75
, 107
, 18
, 164
, 20
, 162
, 24
, 158
, 118
, 64
, 144
, 38
, 93
, 89
, 164
, 18
, 139
, 43
, 115
, 67
, 116
, 66
, 177
, 5
, 48
, 134
, 92
, 90
, 50
, 132
, 44
, 138
, 110
, 72
, 178
, 4
, 26
, 156
, 126
, 56
, 152
, 30
, 173
, 9
, 139
, 43
, 9
, 173
, 52
, 130
, 151
, 31
, 162
, 20
, 39
, 143
, 66
, 116
, 42
, 140
, 174
, 8
, 157
, 25
, 22
, 160
, 116
, 66
, 35
, 147
, 175
, 7
, 105
, 77
, 53
, 129
, 79
, 103
, 88
, 94
, 179
, 3
, 55
, 127
, 108
, 74
, 121
, 61
, 51
, 131
, 16
, 166
, 172
, 10
, 56
, 126
, 132
, 50
, 168
, 14
, 136
, 46
, 100
, 82
, 20
, 162
, 138
, 44
, 28
, 154
, 96
, 86
, 124
, 58
, 43
, 139
, 105
, 77
, 81
, 101
, 50
, 132
, 58
, 124
, 131
, 51
, 105
, 77
, 132
, 50
, 101
, 81
, 159
, 23
, 111
, 71
, 109
, 73
, 27
, 155
, 160
, 22
, 68
, 114
, 10
, 172
, 132
, 50
, 136
, 46
, 84
, 98
, 147
, 35
, 115
, 67
, 104
, 78
, 41
, 141
, 18
, 164
, 76
, 106
, 174
, 8
, 76
, 106
, 164
, 18
, 153
, 29
, 20
, 162
, 179
, 3
, 51
, 131
, 28
, 154
, 117
, 65
, 150
, 32
, 15
, 167
, 80
, 102
, 85
, 97
, 5
, 177
, 123
, 59
, 126
, 56
, 99
, 83
, 50
, 132
, 153
, 29
, 18
, 164
, 40
, 142
, 101
, 81
, 103
, 79
, 43
, 139
, 135
, 47
, 59
, 123
, 80
, 102
, 28
, 154
, 46
, 136
, 13
, 169
, 107
, 75
, 15
, 167
, 86
, 96
, 144
, 38
, 159
, 23
, 16
, 166
, 169
, 13
, 120
, 62
, 81
, 101
, 129
, 53
, 95
, 87
, 121
, 61
, 126
, 56
, 82
, 100
, 66
, 116
, 65
, 117
, 170
, 12
, 165
, 17
, 98
, 84
, 97
, 85
, 24
, 158
, 168
, 14
, 83
, 99
, 85
, 97
, 99
, 83
, 24
, 158
, 104
, 78
, 128
, 54
, 21
, 161
, 144
, 38
, 100
, 82
, 57
, 125
, 117
, 65
, 10
, 172
, 165
, 17
, 180
, 2
, 41
, 141
, 148
, 34
, 65
, 117
, 129
, 53
, 85
, 97
, 177
, 5
, 157
, 25
, 150
, 32
, 86
, 96
, 59
, 123
, 160
, 22
, 117
, 65
, 30
, 152
, 12
, 170
, 175
, 7
, 124
, 58
, 73
, 109
, 134
, 48
, 179
, 3
, 139
, 43
, 37
, 145
, 106
, 76
, 177
, 5
, 37
, 145
, 15
, 167
, 39
, 143
, 169
, 13
, 54
, 128
, 39
, 143
, 79
, 103
, 121
, 61
, 166
, 16
, 59
, 123
, 106
, 76
, 60
, 122
, 107
, 75
, 81
, 101
, 78
, 104
, 87
, 95
, 174
, 8
, 46
, 136
, 112
, 70
, 135
, 47
, 108
, 74
, 136
, 46
, 56
, 126
, 30
, 152
, 121
, 61
, 175
, 7
, 7
, 175
, 57
, 125
, 97
, 85
, 130
, 52
, 166
, 16
, 150
, 32
, 102
, 80
, 175
, 7
, 120
, 62
, 140
, 42
, 161
, 21
, 169
, 13
, 68
, 114
, 76
, 106
, 9
, 173
, 68
, 114
, 179
, 3
, 82
, 100
, 33
, 149
, 54
, 128
, 104
, 78
, 24
, 158
, 71
, 111
, 129
, 53
, 160
, 22
, 47
, 135
, 174
, 8
, 51
, 131
, 128
, 54
, 40
, 142
, 43
, 139
, 95
, 87
, 42
, 140
, 51
, 131
, 17
, 165
, 46
, 136
, 15
, 167
, 4
, 178
, 100
, 82
, 142
, 40
, 26
, 156
, 152
, 30
, 57
, 125
, 37
, 145
, 138
, 44
, 25
, 157
, 114
, 68
, 87
, 95
, 85
, 97
, 161
, 21
, 151
, 31
, 97
, 85
, 90
, 92
, 34
, 148
, 118
, 64
, 1
, 181
, 2
, 180
, 45
, 137
, 101
, 81
, 149
, 33
, 107
, 75
, 20
, 162
, 101
, 81
, 32
, 150
, 145
, 37
, 20
, 162
, 171
, 11
, 4
, 178
, 54
, 128
, 22
, 160
, 77
, 105
, 2
, 180
, 115
, 67
, 27
, 155
, 143
, 39
, 96
, 86
, 70
, 112
, 57
, 125
, 134
, 48
, 148
, 34
, 122
, 60
, 92
, 90
, 97
, 85
, 20
, 162
, 97
, 85
, 93
, 89
, 85
, 97
, 108
, 74
, 116
, 66
, 102
, 80
, 16
, 166
, 73
, 109
, 59
, 123
, 111
, 71
, 7
, 175
, 136
, 46
, 90
, 92
, 169
, 13
, 128
, 54
, 54
, 128
, 77
, 105
, 130
, 52
, 13
, 169
, 22
, 160
, 135
, 47
, 162
, 20
, 153
, 29
, 50
, 132
, 135
, 47
, 86
, 96
, 76
, 106
, 136
, 46
, 67
, 115
, 141
, 41
, 46
, 136
, 5
, 177
, 149
, 33
, 163
, 19
, 11
, 171
, 73
, 109
, 19
, 163
, 168
, 14
, 37
, 145
, 72
, 110
, 78
, 104
, 61
, 121
, 106
, 76
, 134
, 48
, 60
, 122
, 104
, 78
, 95
, 87
, 49
, 133
, 76
, 106
, 82
, 100
, 23
, 159
, 152
, 30
, 64
, 118
, 77
, 105
, 112
, 70
, 9
, 173
, 18
, 164
, 176
, 6
, 30
, 152
, 145
, 37
, 111
, 71
, 168
, 14
, 11
, 171
, 14
, 168
, 114
, 68
, 140
, 42
, 72
, 110
, 65
, 117
, 169
, 13
, 150
, 32
, 125
, 57
, 82
, 100
, 113
, 69
, 77
, 105
, 118
, 64
, 180
, 2
, 4
, 178
, 15
, 167
, 85
, 97
, 85
, 97
, 109
, 73
, 70
, 112
, 121
, 61
, 6
, 176
, 170
, 12
, 104
, 78
, 105
, 77
, 161
, 21
, 155
, 27
, 138
, 44
, 99
, 83
, 24
, 158
, 145
, 37
, 87
, 95
, 8
, 174
, 155
, 27
, 127
, 55
, 116
, 66
, 99
, 83
, 131
, 51
, 140
, 42
, 91
, 91
, 96
, 86
, 29
, 153
, 124
, 58
, 106
, 76
, 5
, 177
, 156
, 26
, 6
, 176
, 122
, 60
, 143
, 39
, 150
, 32
, 90
, 92
, 108
, 74
, 28
, 154
, 93
, 89
, 45
, 137
, 115
, 67
, 180
, 2
, 166
, 16
, 44
, 138
, 142
, 40
, 91
, 91
, 69
, 113
, 25
, 157
, 9
, 173
, 116
, 66
, 16
, 166
, 21
, 161
, 76
, 106
, 39
, 143
, 114
, 68
, 109
, 73
, 97
, 85
, 159
, 23
, 45
, 137
, 81
, 101
, 131
, 51
, 20
, 162
, 16
, 166
, 126
, 56
, 51
, 131
, 151
, 31
, 164
, 18
, 34
, 148
, 58
, 124
, 112
, 70
, 35
, 147
, 1
, 181
, 48
, 134
, 88
, 94
, 91
, 91
, 3
, 179
, 130
, 52
, 58
, 124
, 14
, 168
, 126
, 56
, 39
, 143
, 131
, 51
, 34
, 148
, 132
, 50
, 174
, 8
, 10
, 172
, 115
, 67
, 29
, 153
, 146
, 36
, 160
, 22
, 48
, 134
, 65
, 117
, 96
, 86
, 101
, 81
, 20
, 162
, 141
, 41
, 119
, 63
, 86
, 96
, 105
, 77
, 78
, 104
, 13
, 169
, 61
, 121
, 65
, 117
, 128
, 54
, 81
, 101
, 80
, 102
, 165
, 17
, 25
, 157
, 89
, 93
, 51
, 131
, 14
, 168
, 4
, 178
, 180
, 2
, 77
, 105
, 17
, 165
, 25
, 157
, 51
, 131
, 133
, 49
, 132
, 50
, 64
, 118
, 103
, 79
, 54
, 128
, 14
, 168
, 91
, 91
, 39
, 143
, 61
, 121
, 124
, 58
, 16
, 166
, 48
, 134
, 119
, 63
, 155
, 27
, 156
, 26
, 97
, 85
, 8
, 174
, 158
, 24
, 180
, 2
, 160
, 22
, 21
, 161
, 36
, 146
, 82
, 100
, 16
, 166
, 180
, 2
, 102
, 80
, 157
, 25
, 72
, 110
, 38
, 144
, 17
, 165
, 121
, 61
, 20
, 162
, 155
, 27
, 45
, 137
, 150
, 32
, 113
, 69
, 44
, 138
, 151
, 31
, 86
, 96
, 20
, 162
, 151
, 31
, 4
, 178
, 70
, 112
, 177
, 5
, 142
, 40
, 69
, 113
, 39
, 143
, 159
, 23
, 68
, 114
, 161
, 21
, 80
, 102
, 99
, 83
, 27
, 155
, 33
, 149
, 100
, 82
, 171
, 11
, 145
, 37
, 103
, 79
, 78
, 104
, 152
, 30
, 70
, 112
, 32
, 150
, 18
, 164
, 114
, 68
, 100
, 82
, 134
, 48
, 132
, 50
, 44
, 138
, 137
, 45
, 129
, 53
, 146
, 36
, 166
, 16
, 71
, 111
, 93
, 89
, 25
, 157
, 67
, 115
, 180
, 2
, 112
, 70
, 35
, 147
, 39
, 143
, 13
, 169
, 47
, 135
, 112
, 70
, 2
, 180
, 126
, 56
, 26
, 156
, 157
, 25
, 17
, 165
, 167
, 15
, 169
, 13
, 171
, 11
, 165
, 17
, 18
, 164
, 171
, 11
, 66
, 116
, 76
, 106
, 73
, 109
, 159
, 23
, 125
, 57
, 52
, 130
, 140
, 42
, 171
, 11
, 17
, 165
, 53
, 129
, 21
, 161
, 125
, 57
, 144
, 38
, 178
, 4
, 24
, 158
, 112
, 70
, 4
, 178
, 43
, 139
, 136
, 46
, 51
, 131
, 99
, 83
, 52
, 130
, 141
, 41
, 25
, 157
, 139
, 43
, 177
, 5
, 8
, 174
, 16
, 166
, 177
, 5
, 71
, 111
, 119
, 63
, 11
, 171
, 128
, 54
, 100
, 82
, 84
, 98
, 91
, 91
, 164
, 18
, 114
, 68
, 158
, 24
, 124
, 58
, 25
, 157
, 158
, 24
, 104
, 78
, 102
, 80
, 30
, 152
, 143
, 39
, 119
, 63
, 173
, 9
, 83
, 99
, 1
, 181
, 159
, 23
, 24
, 158
, 157
, 25
, 88
, 94
, 106
, 76
, 124
, 58
, 161
, 21
, 165
, 17
, 76
, 106
, 43
, 139
, 90
, 92
, 107
, 75
, 93
, 89
, 150
, 32
, 103
, 79
, 143
, 39
, 102
, 80
, 159
, 23
, 149
, 33
, 174
, 8
, 17
, 165
, 83
, 99
, 3
, 179
, 155
, 27
, 168
, 14
, 87
, 95
, 100
, 82
, 107
, 75
, 151
, 31
, 57
, 125
, 22
, 160
, 7
, 175
, 97
, 85
, 124
, 58
, 95
, 87
, 5
, 177
, 150
, 32
, 24
, 158
, 157
, 25
, 103
, 79
, 17
, 165
, 91
, 91
, 5
, 177
, 171
, 11
, 104
, 78
, 70
, 112
, 136
, 46
, 135
, 47
, 169
, 13
, 75
, 107
, 92
, 90
, 179
, 3
, 104
, 78
, 108
, 74
, 164
, 18
, 115
, 67
, 88
, 94
, 23
, 159
, 28
, 154
, 8
, 174
, 76
, 106
, 175
, 7
, 105
, 77
, 90
, 92
, 117
, 65
, 26
, 156
, 151
, 31
, 82
, 100
, 109
, 73
, 112
, 70
, 173
, 9
, 38
, 144
, 36
, 146
, 168
, 14
, 30
, 152
, 148
, 34
, 84
, 98
, 45
, 137
, 74
, 108
, 16
, 166
, 79
, 103
, 147
, 35
, 127
, 55
, 124
, 58
, 85
, 97
, 117
, 65
, 4
, 178
, 40
, 142
, 113
, 69
, 121
, 61
, 139
, 43
, 70
, 112
, 161
, 21
, 130
, 52
, 49
, 133
, 41
, 141
, 126
, 56
, 174
, 8
, 152
, 30
, 166
, 16
, 175
, 7
, 149
, 33
, 9
, 173
, 139
, 43
, 33
, 149
, 92
, 90
, 73
, 109
, 87
, 95
, 132
, 50
, 57
, 125
, 115
, 67
, 55
, 127
, 89
, 93
, 51
, 131
, 81
, 101
, 43
, 139
, 43
, 139
, 25
, 157
, 100
, 82
, 9
, 173
, 138
, 44
, 42
, 140
, 61
, 121
, 76
, 106
, 118
, 64
, 86
, 96
, 17
, 165
, 28
, 154
, 180
, 2
, 2
, 180
, 22
, 160
, 18
, 164
, 107
, 75
, 170
, 12
, 166
, 16
, 121
, 61
, 32
, 150
, 124
, 58
, 30
, 152
, 33
, 149
, 1
, 181
, 108
, 74
, 84
, 98
, 124
, 58
, 22
, 160
, 19
, 163
, 42
, 140
, 169
, 13
, 62
, 120
, 69
, 113
, 61
, 121
, 26
, 156
, 8
, 174
, 28
, 154
, 28
, 154
, 81
, 101
, 60
, 122
, 68
, 114
, 156
, 26
, 145
, 37
, 179
, 3
, 151
, 31
, 139
, 43
, 35
, 147
, 29
, 153
, 161
, 21
, 67
, 115
, 52
, 130
, 130
, 52
, 27
, 155
, 64
, 118
, 142
, 40
, 152
, 30
, 173
, 9
, 25
, 157
, 166
, 16
, 174
, 8
, 89
, 93
, 109
, 73
, 66
, 116
, 111
, 71
, 107
, 75
, 53
, 129
, 143
, 39
, 158
, 24
, 161
, 21
, 4
, 178
, 31
, 151
, 164
, 18
, 125
, 57
, 43
, 139
, 170
, 12
, 132
, 50
, 142
, 40
, 19
, 163
, 52
, 130
, 86
, 96
, 159
, 23
, 115
, 67
, 67
, 115
, 175
, 7
, 21
, 161
, 121
, 61
, 134
, 48
, 108
, 74
, 58
, 124
, 163
, 19
, 76
, 106
, 88
, 94
, 88
, 94
, 59
, 123
, 104
, 78
, 76
, 106
, 165
, 17
, 17
, 165
, 102
, 80
, 126
, 56
, 8
, 174
, 34
, 148
, 67
, 115
, 162
, 20
, 48
, 134
, 155
, 27
, 41
, 141
, 48
, 134
, 115
, 67
, 134
, 48
, 81
, 101
, 153
, 29
, 113
, 69
, 85
, 97
, 17
, 165
, 83
, 99
, 91
, 91
, 71
, 111
, 57
, 125
, 97
, 85
, 4
, 178
, 56
, 126
, 167
, 15
, 40
, 142
, 178
, 4
, 176
, 6
, 14
, 168
, 123
, 59
, 120
, 62
, 80
, 102
, 62
, 120
, 146
, 36
, 21
, 161
, 58
, 124
, 132
, 50
, 101
, 81
, 48
, 134
, 178
, 4
, 138
, 44
, 31
, 151
, 114
, 68
, 105
, 77
, 137
, 45
, 54
, 128
, 103
, 79
, 115
, 67
, 68
, 114
, 157
, 25
, 14
, 168
, 27
, 155
, 87
, 95
, 155
, 27
, 10
, 172
, 58
, 124
, 51
, 131
, 173
, 9
, 155
, 27
, 25
, 157
, 93
, 89
, 51
, 131
, 128
, 54
, 70
, 112
, 153
, 29
, 77
, 105
, 91
, 91
, 38
, 144
, 98
, 84
, 114
, 68
, 54
, 128
, 81
, 101
, 42
, 140
, 157
, 25
, 157
, 25
, 87
, 95
, 13
, 169
, 64
, 118
, 90
, 92
, 14
, 168
, 132
, 50
, 10
, 172
, 62
, 120
, 80
, 102
, 146
, 36
, 52
, 130
, 118
, 64
, 122
, 60
, 97
, 85
, 135
, 47
, 153
, 29
, 115
, 67
, 159
, 23
, 42
, 140
, 104
, 78
, 72
, 110
, 66
, 116
, 14
, 168
, 156
, 26
, 4
, 178
, 168
, 14
, 161
, 21
, 34
, 148
, 93
, 89
, 20
, 162
, 155
, 27
, 3
, 179
, 5
, 177
, 157
, 25
, 112
, 70
, 84
, 98
, 112
, 70
, 147
, 35
, 112
, 70
, 179
, 3
, 138
, 44
, 71
, 111
, 114
, 68
, 92
, 90
, 168
, 14
, 84
, 98
, 147
, 35
, 104
, 78
, 98
, 84
, 168
, 14
, 49
, 133
, 18
, 164
, 107
, 75
, 173
, 9
, 100
, 82
, 34
, 148
, 41
, 141
, 82
, 100
, 15
, 167
, 86
, 96
, 44
, 138
, 136
, 46
, 129
, 53
, 134
, 48
, 91
, 91
, 66
, 116
, 89
, 93
, 176
, 6
, 102
, 80
, 46
, 136
, 174
, 8
, 122
, 60
, 16
, 166
, 50
, 132
, 180
, 2
, 155
, 27
, 30
, 152
, 55
, 127
, 45
, 137
, 84
, 98
, 110
, 72
, 179
, 3
, 71
, 111
, 135
, 47
, 22
, 160
, 32
, 150
, 125
, 57
, 89
, 93
, 156
, 26
, 153
, 29
, 97
, 85
, 93
, 89
, 64
, 118
, 150
, 32
, 103
, 79
, 169
, 13
, 35
, 147
, 163
, 19
, 13
, 169
, 47
, 135
, 30
, 152
, 149
, 33
, 20
, 162
, 128
, 54
, 165
, 17
, 87
, 95
, 64
, 118
, 159
, 23
, 107
, 75
, 80
, 102
, 7
, 175
, 172
, 10
, 90
, 92
, 25
, 157
, 114
, 68
, 135
, 47
, 101
, 81
, 156
, 26
, 82
, 100
, 50
, 132
, 171
, 11
, 94
, 88
, 178
, 4
, 151
, 31
, 85
, 97
, 139
, 43
, 97
, 85
, 46
, 136
, 91
, 91
, 33
, 149
, 13
, 169
, 147
, 35
, 145
, 37
, 83
, 99
, 25
, 157
, 50
, 132
, 112
, 70
, 109
, 73
, 27
, 155
, 63
, 119
, 76
, 106
, 163
, 19
, 71
, 111
, 178
, 4
, 99
, 83
, 147
, 35
, 162
, 20
, 67
, 115
, 131
, 51
, 1
, 181
, 173
, 9
, 15
, 167
, 134
, 48
, 41
, 141
, 151
, 31
, 121
, 61
, 170
, 12
, 160
, 22
, 87
, 95
, 1
, 181
, 91
, 91
, 17
, 165
, 93
, 89
, 143
, 39
, 15
, 167
, 137
, 45
, 99
, 83
, 163
, 19
, 10
, 172
, 73
, 109
, 93
, 89
, 95
, 87
, 33
, 149
, 85
, 97
, 19
, 163
, 23
, 159
, 89
, 93
, 179
, 3
, 91
, 91
, 37
, 145
, 80
, 102
, 56
, 126
, 166
, 16
, 176
, 6
, 16
, 166
, 21
, 161
, 122
, 60
, 52
, 130
, 148
, 34
, 143
, 39
, 40
, 142
, 110
, 72
, 141
, 41
, 104
, 78
, 116
, 66
, 140
, 42
, 109
, 73
, 8
, 174
, 141
, 41
, 12
, 170
, 104
, 78
, 168
, 14
, 144
, 38
, 16
, 166
, 7
, 175
, 164
, 18
, 167
, 15
, 25
, 157
, 92
, 90
, 106
, 76
, 30
, 152
, 119
, 63
, 140
, 42
, 134
, 48
, 41
, 141
, 139
, 43
, 39
, 143
, 37
, 145
, 177
, 5
, 79
, 103
, 10
, 172
, 132
, 50
, 130
, 52
, 97
, 85
, 118
, 64
, 173
, 9
, 121
, 61
, 172
, 10
, 150
, 32
, 139
, 43
, 21
, 161
, 45
, 137
, 11
, 171
, 37
, 145
, 15
, 167
, 166
, 16
, 108
, 74
, 49
, 133
, 107
, 75
, 24
, 158
, 142
, 40
, 165
, 17
, 27
, 155
, 107
, 75
, 61
, 121
, 37
, 145
, 81
, 101
, 117
, 65
, 40
, 142
, 52
, 130
, 180
, 2
, 104
, 78
, 104
, 78
, 12
, 170
, 77
, 105
, 115
, 67
, 11
, 171
, 165
, 17
, 6
, 176
, 179
, 3
, 39
, 143
, 111
, 71
, 139
, 43
, 52
, 130
, 109
, 73
, 51
, 131
, 58
, 124
, 98
, 84
, 123
, 59
, 157
, 25
, 70
, 112
, 57
, 125
, 151
, 31
, 51
, 131
, 29
, 153
, 103
, 79
, 109
, 73
, 59
, 123
, 17
, 165
, 175
, 7
, 99
, 83
, 94
, 88
, 128
, 54
, 130
, 52
, 83
, 99
, 132
, 50
, 126
, 56
, 134
, 48
, 76
, 106
, 64
, 118
, 42
, 140
, 26
, 156
, 81
, 101
, 150
, 32
, 23
, 159
, 79
, 103
, 93
, 89
, 119
, 63
, 98
, 84
, 70
, 112
, 95
, 87
, 14
, 168
, 8
, 174
, 36
, 146
, 170
, 12
, 173
, 9
, 137
, 45
, 40
, 142
, 99
, 83
, 29
, 153
, 18
, 164
, 160
, 22
, 32
, 150
, 48
, 134
, 167
, 15
, 113
, 69
, 63
, 119
, 62
, 120
, 80
, 102
, 172
, 10
, 125
, 57
, 78
, 104
, 159
, 23
, 18
, 164
, 149
, 33
, 141
, 41
, 75
, 107
, 83
, 99
, 178
, 4
, 31
, 151
, 27
, 155
, 114
, 68
, 178
, 4
, 97
, 85
, 115
, 67
, 16
, 166
, 36
, 146
, 41
, 141
, 101
, 81
, 145
, 37
, 13
, 169
, 62
, 120
, 158
, 24
, 87
, 95
, 10
, 172
, 52
, 130
, 61
, 121
, 90
, 92
, 54
, 128
, 176
, 6
, 62
, 120
, 138
, 44
, 150
, 32
, 130
, 52
, 115
, 67
, 88
, 94
, 29
, 153
, 112
, 70
, 42
, 140
, 71
, 111
, 20
, 162
, 154
, 28
, 82
, 100
, 38
, 144
, 95
, 87
, 172
, 10
, 160
, 22
, 169
, 13
, 148
, 34
, 71
, 111
, 128
, 54
, 21
, 161
, 157
, 25
, 84
, 98
, 152
, 30
, 109
, 73
, 148
, 34
, 150
, 32
, 144
, 38
, 131
, 51
, 118
, 64
, 179
, 3
, 83
, 99
, 80
, 102
, 162
, 20
, 93
, 89
, 165
, 17
, 14
, 168
, 134
, 48
, 94
, 88
, 82
, 100
, 81
, 101
, 131
, 51
, 171
, 11
, 150
, 32
, 93
, 89
, 53
, 129
, 46
, 136
, 102
, 80
, 179
, 3
, 4
, 178
, 157
, 25
, 67
, 115
, 119
, 63
, 11
, 171
, 120
, 62
, 87
, 95
, 104
, 78
, 177
, 5
, 177
, 5
, 103
, 79
, 174
, 8
, 143
, 39
, 138
, 44
, 164
, 18
, 1
, 181
, 62
, 120
, 146
, 36
, 109
, 73
, 67
, 115
, 78
, 104
, 70
, 112
, 27
, 155
, 2
, 180
, 43
, 139
, 80
, 102
, 18
, 164
, 152
, 30
, 125
, 57
, 33
, 149
, 139
, 43
, 156
, 26
, 93
, 89
, 31
, 151
, 12
, 170
, 159
, 23
, 15
, 167
, 103
, 79
, 93
, 89
, 132
, 50
, 109
, 73
, 175
, 7
, 27
, 155
, 19
, 163
, 150
, 32
, 125
, 57
, 109
, 73
, 166
, 16
, 170
, 12
, 180
, 2
, 154
, 28
, 171
, 11
, 26
, 156
, 131
, 51
, 14
, 168
, 100
, 82
, 87
, 95
, 146
, 36
, 180
, 2
, 180
, 2
, 65
, 117
, 139
, 43
, 105
, 77
, 14
, 168
, 80
, 102
, 118
, 64
, 108
, 74
, 43
, 139
, 127
, 55
, 16
, 166
, 167
, 15
, 71
, 111
, 119
, 63
, 137
, 45
, 118
, 64
, 178
, 4
, 37
, 145
, 16
, 166
, 113
, 69
, 96
, 86
, 149
, 33
, 92
, 90
, 28
, 154
, 38
, 144
, 2
, 180
, 177
, 5
, 24
, 158
, 31
, 151
, 18
, 164
, 62
, 120
, 172
, 10
, 93
, 89
, 39
, 143
, 29
, 153
, 143
, 39
, 43
, 139
, 114
, 68
, 83
, 99
, 160
, 22
, 21
, 161
, 12
, 170
, 88
, 94
, 71
, 111
, 178
, 4
, 71
, 111
, 49
, 133
, 23
, 159
, 73
, 109
, 92
, 90
, 45
, 137
, 142
, 40
, 110
, 72
, 177
, 5
, 143
, 39
, 88
, 94
, 67
, 115
, 79
, 103
, 84
, 98
, 170
, 12
, 61
, 121
, 3
, 179
, 94
, 88
, 95
, 87
, 74
, 108
, 40
, 142
, 107
, 75
, 114
, 68
, 60
, 122
, 122
, 60
, 29
, 153
, 26
, 156
, 132
, 50
, 92
, 90
, 7
, 175
, 96
, 86
, 37
, 145
, 17
, 165
, 160
, 22
, 172
, 10
, 41
, 141
, 51
, 131
, 166
, 16
, 171
, 11
, 180
, 2
, 155
, 27
, 67
, 115
, 98
, 84
, 161
, 21
, 53
, 129
, 42
, 140
, 56
, 126
, 67
, 115
, 19
, 163
, 55
, 127
, 144
, 38
, 102
, 80
, 114
, 68
, 2
, 180
, 13
, 169
, 32
, 150
, 68
, 114
, 87
, 95
, 20
, 162
, 105
, 77
, 19
, 163
, 111
, 71
, 131
, 51
, 119
, 63
, 55
, 127
, 58
, 124
, 85
, 97
, 122
, 60
, 173
, 9
, 30
, 152
, 113
, 69
, 93
, 89
, 171
, 11
, 35
, 147
, 95
, 87
, 148
, 34
, 31
, 151
, 144
, 38
, 103
, 79
, 82
, 100
, 34
, 148
, 37
, 145
, 171
, 11
, 149
, 33
, 11
, 171
, 14
, 168
, 10
, 172
, 173
, 9
, 167
, 15
, 43
, 139
, 170
, 12
, 100
, 82
, 62
, 120
, 84
, 98
, 55
, 127
, 32
, 150
, 152
, 30
, 7
, 175
, 99
, 83
, 134
, 48
, 2
, 180
, 21
, 161
, 43
, 139
, 148
, 34
, 25
, 157
, 94
, 88
, 85
, 97
, 70
, 112
, 131
, 51
, 67
, 115
, 17
, 165
, 170
, 12
, 114
, 68
, 178
, 4
, 5
, 177
, 128
, 54
, 11
, 171
, 96
, 86
, 148
, 34
, 130
, 52
, 60
, 122
, 29
, 153
, 38
, 144
, 150
, 32
, 20
, 162
, 41
, 141
, 45
, 137
, 76
, 106
, 11
, 171
, 11
, 171
, 89
, 93
, 126
, 56
, 157
, 25
, 110
, 72
, 138
, 44
, 124
, 58
, 40
, 142
, 126
, 56
, 7
, 175
, 133
, 49
, 104
, 78
, 128
, 54
, 127
, 55
, 158
, 24
, 100
, 82
, 61
, 121
, 23
, 159
, 51
, 131
, 54
, 128
, 70
, 112
, 17
, 165
, 101
, 81
, 115
, 67
, 42
, 140
, 58
, 124
, 149
, 33
, 82
, 100
, 69
, 113
, 169
, 13
, 8
, 174
, 145
, 37
, 141
, 41
, 82
, 100
, 166
, 16
, 143
, 39
, 19
, 163
, 99
, 83
, 124
, 58
, 165
, 17
, 120
, 62
, 7
, 175
, 30
, 152
, 161
, 21
, 55
, 127
, 92
, 90
, 170
, 12
, 125
, 57
, 129
, 53
, 78
, 104
, 55
, 127
, 116
, 66
, 109
, 73
, 23
, 159
, 53
, 129
, 111
, 71
, 65
, 117
, 116
, 66
, 79
, 103
, 140
, 42
, 66
, 116
, 40
, 142
, 41
, 141
, 131
, 51
, 85
, 97
, 95
, 87
, 133
, 49
, 40
, 142
, 1
, 181
, 144
, 38
, 125
, 57
, 40
, 142
, 61
, 121
, 61
, 121
, 41
, 141
, 127
, 55
, 157
, 25
, 153
, 29
, 92
, 90
, 86
, 96
, 4
, 178
, 52
, 130
, 99
, 83
, 60
, 122
, 16
, 166
, 116
, 66
, 111
, 71
, 49
, 133
, 113
, 69
, 180
, 2
, 127
, 55
, 177
, 5
, 132
, 50
, 104
, 78
, 111
, 71
, 36
, 146
, 156
, 26
, 22
, 160
, 94
, 88
, 31
, 151
, 28
, 154
, 141
, 41
, 39
, 143
, 40
, 142
, 34
, 148
, 23
, 159
, 140
, 42
, 173
, 9
, 121
, 61
, 144
, 38
, 27
, 155
, 121
, 61
, 31
, 151
, 32
, 150
, 35
, 147
, 81
, 101
, 172
, 10
, 49
, 133
, 164
, 18
, 42
, 140
, 74
, 108
, 156
, 26
, 69
, 113
, 12
, 170
, 13
, 169
, 104
, 78
, 52
, 130
, 33
, 149
, 19
, 163
, 65
, 117
, 106
, 76
, 17
, 165
, 139
, 43
, 23
, 159
, 31
, 151
, 154
, 28
, 108
, 74
, 117
, 65
, 118
, 64
, 141
, 41
, 123
, 59
, 34
, 148
, 9
, 173
, 8
, 174
, 126
, 56
, 45
, 137
, 66
, 116
, 37
, 145
, 144
, 38
, 144
, 38
, 116
, 66
, 25
, 157
, 71
, 111
, 32
, 150
, 137
, 45
, 177
, 5
, 125
, 57
, 136
, 46
, 157
, 25
, 14
, 168
, 31
, 151
, 54
, 128
, 30
, 152
, 158
, 24
, 51
, 131
, 107
, 75
, 19
, 163
, 38
, 144
, 58
, 124
, 120
, 62
, 17
, 165
, 123
, 59
, 74
, 108
, 2
, 180
, 170
, 12
, 91
, 91
, 130
, 52
, 164
, 18
, 128
, 54
, 149
, 33
, 53
, 129
, 171
, 11
, 114
, 68
, 28
, 154
, 135
, 47
, 120
, 62
, 143
, 39
, 46
, 136
, 21
, 161
, 96
, 86
, 85
, 97
, 43
, 139
, 123
, 59
, 120
, 62
, 48
, 134
, 73
, 109
, 125
, 57
, 75
, 107
, 43
, 139
, 141
, 41
, 1
, 181
, 174
, 8
, 114
, 68
, 166
, 16
, 167
, 15
, 142
, 40
, 19
, 163
, 10
, 172
, 119
, 63
, 17
, 165
, 170
, 12
, 99
, 83
, 58
, 124
, 10
, 172
, 149
, 33
, 45
, 137
, 35
, 147
, 177
, 5
, 74
, 108
, 101
, 81
, 50
, 132
, 79
, 103
, 80
, 102
, 81
, 101
, 29
, 153
, 169
, 13
, 176
, 6
, 112
, 70
, 125
, 57
, 42
, 140
, 60
, 122
, 2
, 180
, 61
, 121
, 167
, 15
, 96
, 86
, 7
, 175
, 167
, 15
, 167
, 15
, 160
, 22
, 1
, 181
, 23
, 159
, 161
, 21
, 21
, 161
, 96
, 86
, 60
, 122
, 157
, 25
, 170
, 12
, 129
, 53
, 115
, 67
, 30
, 152
, 5
, 177
, 55
, 127
, 59
, 123
, 135
, 47
, 175
, 7
, 19
, 163
, 145
, 37
, 37
, 145
, 11
, 171
, 85
, 97
, 4
, 178
, 42
, 140
, 4
, 178
, 149
, 33
, 168
, 14
, 5
, 177
, 157
, 25
, 73
, 109
, 172
, 10
, 81
, 101
, 26
, 156
, 38
, 144
, 63
, 119
, 169
, 13
, 27
, 155
, 66
, 116
, 89
, 93
, 161
, 21
, 71
, 111
, 150
, 32
, 71
, 111
, 59
, 123
, 107
, 75
, 153
, 29
, 141
, 41
, 76
, 106
, 58
, 124
, 110
, 72
, 95
, 87
, 29
, 153
, 18
, 164
, 161
, 21
, 127
, 55
, 180
, 2
, 56
, 126
, 28
, 154
, 138
, 44
, 131
, 51
, 114
, 68
, 39
, 143
, 84
, 98
, 173
, 9
, 61
, 121
, 91
, 91
, 138
, 44
, 48
, 134
, 29
, 153
, 94
, 88
, 180
, 2
, 49
, 133
, 156
, 26
, 63
, 119
, 41
, 141
, 92
, 90
, 176
, 6
, 165
, 17
, 168
, 14
, 68
, 114
, 68
, 114
, 59
, 123
, 150
, 32
, 36
, 146
, 142
, 40
, 25
, 157
, 172
, 10
, 12
, 170
, 41
, 141
, 110
, 72
, 180
, 2
, 141
, 41
, 108
, 74
, 88
, 94
, 74
, 108
, 32
, 150
, 80
, 102
, 65
, 117
, 14
, 168
, 74
, 108
, 112
, 70
, 57
, 125
, 121
, 61
, 87
, 95
, 104
, 78
, 11
, 171
, 81
, 101
, 86
, 96
, 73
, 109
, 70
, 112
, 58
, 124
, 88
, 94
, 159
, 23
, 139
, 43
, 23
, 159
, 13
, 169
, 11
, 171
, 173
, 9
, 159
, 23
, 100
, 82
, 53
, 129
, 35
, 147
, 83
, 99
, 79
, 103
, 154
, 28
, 87
, 95
, 130
, 52
, 22
, 160
, 151
, 31
, 97
, 85
, 18
, 164
, 119
, 63
, 79
, 103
, 88
, 94
, 61
, 121
, 176
, 6
, 113
, 69
, 174
, 8
, 45
, 137
, 14
, 168
, 52
, 130
, 158
, 24
, 40
, 142
, 12
, 170
, 129
, 53
, 65
, 117
, 113
, 69
, 151
, 31
, 131
, 51
, 35
, 147
, 19
, 163
, 4
, 178
, 145
, 37
, 141
, 41
, 81
, 101
, 96
, 86
, 21
, 161
, 47
, 135
, 19
, 163
, 177
, 5
, 118
, 64
, 109
, 73
, 163
, 19
, 134
, 48
, 88
, 94
, 150
, 32
, 6
, 176
, 32
, 150
, 31
, 151
, 178
, 4
, 76
, 106
, 15
, 167
, 53
, 129
, 115
, 67
, 144
, 38
, 66
, 116
, 37
, 145
, 77
, 105
, 142
, 40
, 19
, 163
, 154
, 28
, 8
, 174
, 8
, 174
, 51
, 131
, 148
, 34
, 30
, 152
, 147
, 35
, 157
, 25
, 110
, 72
, 81
, 101
, 110
, 72
, 35
, 147
, 42
, 140
, 13
, 169
, 48
, 134
, 101
, 81
, 35
, 147
, 53
, 129
, 172
, 10
, 69
, 113
, 37
, 145
, 47
, 135
, 31
, 151
, 104
, 78
, 97
, 85
, 84
, 98
, 123
, 59
, 66
, 116
, 13
, 169
, 29
, 153
, 129
, 53
, 5
, 177
, 76
, 106
, 97
, 85
, 169
, 13
, 18
, 164
, 72
, 110
, 111
, 71
, 105
, 77
, 117
, 65
, 139
, 43
, 51
, 131
, 134
, 48
, 24
, 158
, 122
, 60
, 180
, 2
, 167
, 15
, 163
, 19
, 89
, 93
, 61
, 121
, 141
, 41
, 4
, 178
, 110
, 72
, 69
, 113
, 78
, 104
, 164
, 18
, 30
, 152
, 8
, 174
, 44
, 138
, 52
, 130
, 112
, 70
, 147
, 35
, 5
, 177
, 19
, 163
, 31
, 151
, 41
, 141
, 110
, 72
, 83
, 99
, 156
, 26
, 57
, 125
, 54
, 128
, 62
, 120
, 125
, 57
, 16
, 166
, 73
, 109
, 23
, 159
, 83
, 99
, 155
, 27
, 40
, 142
, 26
, 156
, 64
, 118
, 89
, 93
, 86
, 96
, 157
, 25
, 66
, 116
, 17
, 165
, 32
, 150
, 15
, 167
, 163
, 19
, 161
, 21
, 86
, 96
, 130
, 52
, 38
, 144
, 38
, 144
, 154
, 28
, 40
, 142
, 148
, 34
, 157
, 25
, 37
, 145
, 148
, 34
, 7
, 175
, 23
, 159
, 41
, 141
, 29
, 153
, 175
, 7
, 28
, 154
, 52
, 130
, 104
, 78
, 128
, 54
, 93
, 89
, 175
, 7
, 70
, 112
, 7
, 175
, 82
, 100
, 162
, 20
, 180
, 2
, 110
, 72
, 3
, 179
, 58
, 124
, 52
, 130
, 47
, 135
, 142
, 40
, 134
, 48
, 107
, 75
, 24
, 158
, 122
, 60
, 37
, 145
, 149
, 33
, 148
, 34
, 171
, 11
, 177
, 5
, 117
, 65
, 100
, 82
, 147
, 35
, 103
, 79
, 36
, 146
, 55
, 127
, 45
, 137
, 151
, 31
, 148
, 34
, 104
, 78
, 37
, 145
, 122
, 60
, 31
, 151
, 60
, 122
, 150
, 32
, 1
, 181
, 41
, 141
, 113
, 69
, 124
, 58
, 117
, 65
, 88
, 94
, 1
, 181
, 48
, 134
, 65
, 117
, 145
, 37
, 32
, 150
, 145
, 37
, 157
, 25
, 123
, 59
, 80
, 102
, 173
, 9
, 35
, 147
, 142
, 40
, 129
, 53
, 29
, 153
, 86
, 96
, 78
, 104
, 172
, 10
, 98
, 84
, 67
, 115
, 36
, 146
, 106
, 76
, 114
, 68
, 35
, 147
, 174
, 8
, 106
, 76
, 148
, 34
, 180
, 2
, 40
, 142
, 148
, 34
, 152
, 30
, 149
, 33
, 81
, 101
, 27
, 155
, 96
, 86
, 118
, 64
, 89
, 93
, 92
, 90
, 91
, 91
, 33
, 149
, 11
, 171
, 39
, 143
, 125
, 57
, 93
, 89
, 112
, 70
, 52
, 130
, 142
, 40
, 45
, 137
, 128
, 54
, 106
, 76
, 42
, 140
, 135
, 47
, 165
, 17
, 141
, 41
, 10
, 172
, 11
, 171
, 176
, 6
, 29
, 153
, 147
, 35
, 58
, 124
, 11
, 171
, 5
, 177
, 72
, 110
, 136
, 46
, 169
, 13
, 143
, 39
, 74
, 108
, 116
, 66
, 149
, 33
, 42
, 140
, 28
, 154
, 136
, 46
, 122
, 60
, 177
, 5
, 48
, 134
, 142
, 40
, 136
, 46
, 55
, 127
, 75
, 107
, 24
, 158
, 64
, 118
, 119
, 63
, 41
, 141
, 165
, 17
, 45
, 137
, 153
, 29
, 139
, 43
, 20
, 162
, 54
, 128
, 30
, 152
, 9
, 173
, 56
, 126
, 13
, 169
, 130
, 52
, 48
, 134
, 40
, 142
, 15
, 167
, 49
, 133
, 36
, 146
, 166
, 16
, 101
, 81
, 43
, 139
, 51
, 131
, 79
, 103
, 67
, 115
, 80
, 102
, 117
, 65
, 34
, 148
, 150
, 32
, 56
, 126
, 29
, 153
, 121
, 61
, 3
, 179
, 17
, 165
, 141
, 41
, 2
, 180
, 115
, 67
, 20
, 162
, 57
, 125
, 63
, 119
, 174
, 8
, 83
, 99
, 83
, 99
, 86
, 96
, 7
, 175
, 42
, 140
, 62
, 120
, 38
, 144
, 8
, 174
, 2
, 180
, 23
, 159
, 54
, 128
, 56
, 126
, 5
, 177
, 127
, 55
, 5
, 177
, 2
, 180
, 27
, 155
, 127
, 55
, 120
, 62
, 17
, 165
, 180
, 2
, 38
, 144
, 82
, 100
, 159
, 23
, 44
, 138
, 110
, 72
, 84
, 98
, 71
, 111
, 173
, 9
, 62
, 120
, 72
, 110
, 48
, 134
, 58
, 124
, 118
, 64
, 159
, 23
, 14
, 168
, 167
, 15
, 112
, 70
, 28
, 154
, 13
, 169
, 42
, 140
, 78
, 104
, 31
, 151
, 91
, 91
, 72
, 110
, 154
, 28
, 28
, 154
, 7
, 175
, 16
, 166
, 127
, 55
, 36
, 146
, 89
, 93
, 74
, 108
, 164
, 18
, 58
, 124
, 58
, 124
, 49
, 133
, 105
, 77
, 159
, 23
, 66
, 116
, 125
, 57
, 15
, 167
, 41
, 141
, 70
, 112
, 107
, 75
, 151
, 31
, 33
, 149
, 65
, 117
, 15
, 167
, 92
, 90
, 60
, 122
, 137
, 45
, 46
, 136
, 58
, 124
, 12
, 170
, 113
, 69
, 144
, 38
, 151
, 31
, 19
, 163
, 99
, 83
, 77
, 105
, 10
, 172
, 43
, 139
, 138
, 44
, 21
, 161
, 176
, 6
, 13
, 169
, 152
, 30
, 38
, 144
, 149
, 33
, 84
, 98
, 38
, 144
, 96
, 86
, 178
, 4
, 59
, 123
, 21
, 161
, 27
, 155
, 129
, 53
, 4
, 178
, 111
, 71
, 109
, 73
, 59
, 123
, 139
, 43
, 73
, 109
, 85
, 97
, 124
, 58
, 114
, 68
, 30
, 152
, 129
, 53
, 176
, 6
, 29
, 153
, 113
, 69
, 44
, 138
, 7
, 175
, 53
, 129
, 105
, 77
, 37
, 145
, 124
, 58
, 110
, 72
, 138
, 44
, 129
, 53
, 88
, 94
, 131
, 51
, 84
, 98
, 171
, 11
, 29
, 153
, 133
, 49
, 113
, 69
, 3
, 179
, 90
, 92
, 147
, 35
, 146
, 36
, 54
, 128
, 37
, 145
, 154
, 28
, 149
, 33
, 162
, 20
, 128
, 54
, 3
, 179
, 167
, 15
, 12
, 170
, 113
, 69
, 66
, 116
, 36
, 146
, 54
, 128
, 171
, 11
, 100
, 82
, 148
, 34
, 91
, 91
, 69
, 113
, 175
, 7
, 10
, 172
, 77
, 105
, 100
, 82
, 2
, 180
, 149
, 33
, 68
, 114
, 165
, 17
, 131
, 51
, 175
, 7
, 170
, 12
, 8
, 174
, 138
, 44
, 41
, 141
, 80
, 102
, 38
, 144
, 37
, 145
, 107
, 75
, 27
, 155
, 154
, 28
, 81
, 101
, 17
, 165
, 168
, 14
, 36
, 146
, 128
, 54
, 61
, 121
, 43
, 139
, 49
, 133
, 69
, 113
, 80
, 102
, 81
, 101
, 45
, 137
, 28
, 154
, 22
, 160
, 53
, 129
, 88
, 94
, 139
, 43
, 10
, 172
, 106
, 76
, 139
, 43
, 3
, 179
, 138
, 44
, 107
, 75
, 96
, 86
, 81
, 101
, 120
, 62
, 109
, 73
, 97
, 85
, 67
, 115
, 93
, 89
, 40
, 142
, 170
, 12
, 45
, 137
, 58
, 124
, 170
, 12
, 37
, 145
, 55
, 127
, 94
, 88
, 36
, 146
, 149
, 33
, 7
, 175
, 34
, 148
, 58
, 124
, 67
, 115
, 1
, 181
, 164
, 18
, 142
, 40
, 13
, 169
, 64
, 118
, 86
, 96
, 15
, 167
, 46
, 136
, 6
, 176
, 150
, 32
, 25
, 157
, 78
, 104
, 9
, 173
, 120
, 62
, 175
, 7
, 171
, 11
, 115
, 67
, 39
, 143
, 140
, 42
, 109
, 73
, 1
, 181
, 128
, 54
, 59
, 123
, 72
, 110
, 135
, 47
, 128
, 54
, 172
, 10
, 157
, 25
, 141
, 41
, 79
, 103
, 49
, 133
, 39
, 143
, 16
, 166
, 139
, 43
, 100
, 82
, 23
, 159
, 139
, 43
, 25
, 157
, 85
, 97
, 72
, 110
, 124
, 58
, 172
, 10
, 11
, 171
, 63
, 119
, 35
, 147
, 97
, 85
, 13
, 169
, 164
, 18
, 106
, 76
, 128
, 54
, 70
, 112
, 35
, 147
, 151
, 31
, 49
, 133
, 76
, 106
, 125
, 57
, 10
, 172
, 118
, 64
, 179
, 3
, 143
, 39
, 111
, 71
, 40
, 142
, 2
, 180
, 98
, 84
, 24
, 158
, 45
, 137
, 78
, 104
, 177
, 5
, 89
, 93
, 64
, 118
, 160
, 22
, 23
, 159
, 146
, 36
, 166
, 16
, 123
, 59
, 9
, 173
, 46
, 136
, 88
, 94
, 154
, 28
, 11
, 171
, 159
, 23
, 129
, 53
, 21
, 161
, 30
, 152
, 128
, 54
, 84
, 98
, 171
, 11
, 154
, 28
, 59
, 123
, 13
, 169
, 155
, 27
, 13
, 169
, 7
, 175
, 105
, 77
, 100
, 82
, 12
, 170
, 33
, 149
, 78
, 104
, 43
, 139
, 127
, 55
, 145
, 37
, 88
, 94
, 19
, 163
, 11
, 171
, 30
, 152
, 116
, 66
, 138
, 44
, 46
, 136
, 89
, 93
, 35
, 147
, 108
, 74
, 101
, 81
, 53
, 129
, 143
, 39
, 137
, 45
, 74
, 108
, 57
, 125
, 28
, 154
, 66
, 116
, 39
, 143
, 22
, 160
, 80
, 102
, 108
, 74
, 44
, 138
, 154
, 28
, 81
, 101
, 76
, 106
, 104
, 78
, 56
, 126
, 133
, 49
, 135
, 47
, 142
, 40
, 46
, 136
, 126
, 56
, 59
, 123
, 25
, 157
, 108
, 74
, 175
, 7
, 98
, 84
, 145
, 37
, 124
, 58
, 130
, 52
, 83
, 99
, 80
, 102
, 160
, 22
, 150
, 32
, 141
, 41
, 164
, 18
, 99
, 83
, 59
, 123
, 142
, 40
, 111
, 71
, 72
, 110
, 40
, 142
, 94
, 88
, 156
, 26
, 175
, 7
, 103
, 79
, 161
, 21
, 142
, 40
, 127
, 55
, 104
, 78
, 40
, 142
, 55
, 127
, 175
, 7
, 96
, 86
, 128
, 54
, 87
, 95
, 133
, 49
, 3
, 179
, 87
, 95
, 90
, 92
, 156
, 26
, 85
, 97
, 7
, 175
, 159
, 23
, 98
, 84
, 137
, 45
, 152
, 30
, 147
, 35
, 46
, 136
, 81
, 101
, 101
, 81
, 126
, 56
, 29
, 153
, 152
, 30
, 134
, 48
, 9
, 173
, 111
, 71
, 20
, 162
, 87
, 95
, 24
, 158
, 53
, 129
, 113
, 69
, 118
, 64
, 49
, 133
, 74
, 108
, 131
, 51
, 155
, 27
, 130
, 52
, 42
, 140
, 39
, 143
, 30
, 152
, 130
, 52
, 71
, 111
, 99
, 83
, 52
, 130
, 176
, 6
, 72
, 110
, 81
, 101
, 35
, 147
, 44
, 138
, 20
, 162
, 77
, 105
, 139
, 43
, 31
, 151
, 64
, 118
, 162
, 20
, 103
, 79
, 148
, 34
, 47
, 135
, 74
, 108
, 141
, 41
, 46
, 136
, 30
, 152
, 112
, 70
, 70
, 112
, 139
, 43
, 105
, 77
, 149
, 33
, 63
, 119
, 107
, 75
, 177
, 5
, 112
, 70
, 144
, 38
, 178
, 4
, 110
, 72
, 59
, 123
, 160
, 22
, 82
, 100
, 13
, 169
, 49
, 133
, 5
, 177
, 77
, 105
, 98
, 84
, 40
, 142
, 132
, 50
, 173
, 9
, 132
, 50
, 75
, 107
, 58
, 124
, 99
, 83
, 149
, 33
, 53
, 129
, 87
, 95
, 27
, 155
, 121
, 61
, 167
, 15
, 117
, 65
, 119
, 63
, 44
, 138
, 69
, 113
, 1
, 181
, 172
, 10
, 130
, 52
, 119
, 63
, 28
, 154
, 31
, 151
, 1
, 181
, 160
, 22
, 55
, 127
, 47
, 135
, 31
, 151
, 64
, 118
, 14
, 168
, 124
, 58
, 134
, 48
, 81
, 101
, 23
, 159
, 57
, 125
, 137
, 45
, 71
, 111
, 22
, 160
, 102
, 80
, 126
, 56
, 146
, 36
, 116
, 66
, 18
, 164
, 162
, 20
, 146
, 36
, 105
, 77
, 106
, 76
, 94
, 88
, 7
, 175
, 104
, 78
, 19
, 163
, 119
, 63
, 169
, 13
, 26
, 156
, 112
, 70
, 85
, 97
, 103
, 79
, 112
, 70
, 50
, 132
, 57
, 125
, 156
, 26
, 13
, 169
, 164
, 18
, 127
, 55
, 173
, 9
, 119
, 63
, 78
, 104
, 36
, 146
, 121
, 61
, 154
, 28
, 23
, 159
, 81
, 101
, 163
, 19
, 94
, 88
, 82
, 100
, 155
, 27
, 44
, 138
, 33
, 149
, 76
, 106
, 139
, 43
, 99
, 83
, 101
, 81
, 129
, 53
, 18
, 164
, 118
, 64
, 109
, 73
, 112
, 70
, 65
, 117
, 179
, 3
, 79
, 103
, 38
, 144
, 96
, 86
, 178
, 4
, 111
, 71
, 171
, 11
, 154
, 28
, 34
, 148
, 107
, 75
, 52
, 130
, 144
, 38
, 25
, 157
, 29
, 153
, 122
, 60
, 72
, 110
, 66
, 116
, 22
, 160
, 134
, 48
, 11
, 171
, 7
, 175
, 100
, 82
, 37
, 145
, 131
, 51
, 81
, 101
, 61
, 121
, 112
, 70
, 90
, 92
, 25
, 157
, 154
, 28
, 128
, 54
, 95
, 87
, 167
, 15
, 128
, 54
, 157
, 25
, 119
, 63
, 151
, 31
, 107
, 75
, 117
, 65
, 89
, 93
, 177
, 5
, 109
, 73
, 18
, 164
, 51
, 131
, 92
, 90
, 92
, 90
, 120
, 62
, 17
, 165
, 46
, 136
, 48
, 134
, 124
, 58
, 32
, 150
, 168
, 14
, 9
, 173
, 32
, 150
, 141
, 41
, 26
, 156
, 35
, 147
, 160
, 22
