
6500
2452
2471
3320
1999
580
1622
429
3930
842
3438
3710
1979
4379
3539
1371
4720
4987
561
2096
2026
4558
2257
3724
694
539
2011
3356
319
3604
366
3640
560
4755
2943
4836
277
532
3444
2039
1925
2322
874
2915
1692
2346
3930
2830
2753
2849
142
2082
3695
3999
595
2604
1607
4970
1797
3672
621
2227
705
2894
3053
1953
856
3268
2407
3234
2785
1346
4375
1519
2165
1052
3496
93
2749
4640
1130
4427
3941
3419
1345
4650
2390
2449
1773
1411
3728
3328
3466
2598
1768
4773
3808
1521
4556
1357
4068
2211
886
2800
2638
1988
3294
667
4496
4343
2644
4034
3235
1654
4162
4174
3932
332
2591
1268
1866
2347
1954
4941
385
3878
3374
1992
341
3581
2129
520
297
793
955
185
3767
1828
692
4351
222
327
715
2010
3686
613
2184
1284
2214
2388
4902
4898
4351
1383
1986
422
809
476
1138
1990
4282
4663
1712
2531
4128
3102
2337
1609
1976
4674
1502
3146
177
1129
1101
366
4937
2404
3305
2790
1516
1567
2156
4184
2868
3518
3902
4418
4324
1089
3448
2264
1343
3979
1027
3497
4066
925
4691
2466
3473
182
3869
2466
2245
2715
4341
2694
2054
3149
4800
1162
1766
2858
3131
2611
3880
836
62
3590
2933
4427
973
2886
3857
925
1635
190
3637
1949
3301
334
1304
4517
527
4797
3882
2971
3842
806
1792
2231
1650
2070
1365
2212
1174
3152
574
3606
861
4448
1214
2309
248
1344
1982
2365
1553
14
4470
234
829
869
1267
3845
4881
4783
2564
708
2858
2490
3389
1558
4775
4510
3651
2220
1026
2821
3603
3379
2805
1982
3410
4960
585
4563
204
4711
1892
4193
3054
2643
4350
3029
2536
2563
1122
2593
810
957
1442
4140
3681
2116
4698
165
4615
3936
1754
3449
752
4708
3396
650
2231
1359
2579
2170
1413
3058
4780
3186
1005
4790
3214
669
1865
1112
2746
3334
3937
4399
2052
99
2996
2574
2874
417
3912
760
1612
3905
3354
3722
4447
2941
444
2813
3151
1934
754
3318
363
4609
267
901
276
585
2282
2516
2669
3652
4539
1618
1616
2409
1092
4820
854
3903
2151
4670
3176
2550
4679
3854
3501
4951
3400
3958
3396
4536
2923
3167
2214
2537
2344
4118
4290
2534
4712
4279
275
1754
2317
3337
1578
4626
2154
257
820
337
4115
943
2716
4667
4599
1528
930
682
609
2637
1816
1554
3549
1624
3457
4810
3673
1646
4911
2551
129
2017
253
4120
680
2906
2703
4420
3480
2130
706
3423
385
1331
3193
68
4102
587
346
1624
2160
4323
2460
2376
2656
150
1318
3437
4074
1788
3969
1174
2211
2672
1743
889
3748
3368
1117
3422
4854
2453
1631
4610
1795
1409
503
1499
2418
1612
911
934
548
3617
2034
4735
4825
3518
2625
697
2898
561
2859
804
805
310
2552
3990
2561
2462
4601
713
3865
536
3148
3296
3284
4791
4098
1164
3723
903
2409
690
2624
3600
2649
4888
3649
3716
2899
4354
2832
1144
1747
4070
3093
285
1273
4984
571
410
785
2076
1569
1482
3673
1395
3001
3685
4993
511
4507
3678
1340
2391
226
2150
3816
1276
2615
202
41
3172
2182
32
2471
4269
872
1159
4769
956
580
1371
350
677
1546
2800
4387
1220
3673
2784
1213
4075
2798
408
226
3528
3784
4048
2535
4831
2209
2846
608
4375
1171
2258
766
4333
367
1211
1495
2239
716
4828
4240
2842
1532
3205
3296
1247
4438
1849
2231
4114
388
4129
3131
2621
283
3816
3870
4324
978
787
3478
1401
1315
2521
2235
683
3067
2412
1729
4975
1787
716
923
257
4916
3760
2175
2173
1662
4371
3033
2320
2747
396
3603
1840
1326
2083
4342
1481
2035
4864
3922
1911
2683
4237
1596
512
146
2253
3320
2642
3046
427
3424
3182
2697
1239
1087
3409
4574
3763
1840
789
2335
3578
4911
2331
1766
3391
1139
290
2642
3628
879
3605
2209
1769
4160
1278
3193
548
3605
3667
4406
3274
3177
2329
1080
3177
2470
4277
226
4015
3310
4750
197
4157
1030
2167
4876
2212
1634
4475
2943
4858
2178
4219
1683
792
4684
312
3237
2729
2565
1820
4415
1315
866
4641
1625
3402
2647
3794
2411
4652
1011
3657
4438
3256
2313
4301
2841
779
709
2099
3052
1453
3025
4999
1133
535
2477
1845
2951
27
113
1324
2059
324
1692
3987
420
4842
1917
2849
2233
1362
335
1197
730
1557
285
194
2511
206
727
31
2424
1810
4289
4185
2659
2087
4556
265
3430
1942
549
1373
2662
4972
3410
4176
4025
4301
354
461
1601
1842
2726
4580
2651
3801
3674
1443
3376
575
3064
4733
4532
830
2879
3492
2539
1190
2200
2607
4576
1823
1089
3844
2551
3918
4125
4389
3693
2786
3312
895
4450
4566
1493
2071
621
2743
1577
4882
4197
2065
4923
3083
2561
2702
3398
3645
3518
4383
3709
2343
4454
2426
3645
2297
998
3813
120
4938
4832
2452
748
2764
1308
157
919
3682
1293
1915
210
1027
1787
4496
716
1363
3265
2661
4689
3295
843
2112
2109
3143
3542
1881
2127
4664
766
716
1112
4250
125
2081
4625
2629
1218
3343
1445
1422
1142
978
3491
1808
4331
1000
1736
3816
2569
3852
1686
2129
674
1697
1414
4383
1554
1905
4050
2618
3926
2738
4346
605
4377
4753
4058
1012
3715
1816
4215
2638
1423
1311
828
322
1779
4334
4182
2909
2086
1589
739
133
4210
2821
2904
2049
2176
3446
3364
4045
4839
1192
4025
2777
63
1049
312
3128
4125
642
2379
120
4276
3086
2759
113
1320
1516
4111
4618
4514
3207
3852
2795
730
2198
2734
3087
1131
1147
3589
1841
3049
4973
928
4997
949
2590
4526
2273
1446
3400
1738
635
2425
252
3267
3906
2549
3772
3557
4523
445
4669
1967
3212
1454
3268
3413
4775
1482
2957
1289
1647
1756
2307
4315
1702
240
4375
2415
3081
4684
729
2314
4982
3306
3171
1105
552
402
2727
3662
4738
312
1760
111
3602
3397
4152
1784
1354
2096
1559
4644
1486
821
4754
4680
3288
4184
4080
4638
3427
927
2449
4385
1318
3075
1143
262
1717
3551
4164
4294
3337
659
2843
415
2027
3902
4723
4594
4569
1432
4279
4884
1223
1721
338
1591
3363
3817
3326
3385
2432
2575
3045
4343
2004
4229
2791
2350
1194
1671
1070
2221
2819
2655
4279
1139
672
3035
4119
1376
2926
3406
4259
2470
2760
2297
4836
85
4177
471
1011
489
343
4271
117
1595
3252
3401
505
1648
862
1957
1783
4430
3111
4469
2198
1933
3663
2006
228
3285
3290
2645
3393
1957
2088
1907
4872
1673
4244
3728
3510
1285
2750
705
364
1430
4868
3198
4686
1010
1510
4006
558
272
2968
4024
4253
2096
4179
2804
4764
2074
4745
3606
4840
3347
3319
2545
1210
1211
2420
3613
1653
4510
792
3312
2509
3706
3062
4685
1655
3557
3258
4226
791
4683
3103
4822
4441
3483
3601
1539
1042
4525
3855
4731
4365
169
2052
1833
1162
754
3133
4637
234
2977
1108
988
4675
1834
1588
673
1641
1976
4850
687
3853
2628
1569
2871
4418
3342
4032
24
1739
1205
2506
3503
3903
1435
4814
1434
3486
1508
2255
2949
282
818
540
1412
4311
4283
4883
3369
811
4633
103
2508
1679
2965
2235
522
4198
2947
4089
2722
4284
1592
2476
4028
4511
482
1502
2171
1480
4960
662
885
1211
1631
3281
2484
1586
4712
4106
2801
1428
1509
3080
827
2887
3262
2439
546
1893
3176
1189
241
411
3438
2464
4231
554
573
4496
2175
69
231
829
1958
290
137
4484
530
4900
590
2540
1705
1928
2701
4934
3750
100
912
3658
3292
2105
2024
1240
2946
3895
2498
4169
1688
1774
3243
3000
3992
449
512
720
794
2102
4188
2288
16
1565
2733
30
1237
2039
903
4779
4071
2282
1417
1495
2643
4253
1551
4245
756
4757
4332
4949
2235
1065
237
1139
4587
552
3057
1814
2652
2463
794
3503
2447
2066
2510
144
3536
1967
1372
942
1834
4188
2204
4971
1052
2462
3569
1803
149
4671
3247
245
1990
2790
1080
2879
536
2135
363
2735
2765
3589
257
3565
3970
2491
4623
108
2046
493
1594
416
3118
2609
1942
4291
4780
114
4013
4902
197
453
249
4834
4576
2821
3284
1201
342
4729
2682
4913
719
3589
4193
1931
4064
2217
47
4425
2365
2346
830
2937
3665
2189
701
567
4502
1154
1073
4744
611
4603
1989
4679
785
4939
3427
4908
1478
433
2999
3241
1293
988
3010
1605
736
4639
3312
598
3302
1426
4721
77
453
1882
3653
1062
1306
3109
997
4756
1384
1084
2370
4873
555
3173
4967
4815
3609
4964
1344
4908
3608
1857
1345
509
2282
2483
3417
774
2078
3308
511
4690
3085
3038
2280
1290
1323
551
3258
2083
3293
958
2385
4232
113
2364
3058
1636
3780
1794
2929
3704
4866
1295
638
4274
2146
858
1560
2037
2668
325
4822
4191
3600
1579
397
435
4725
2362
4974
3682
3636
775
3166
243
3209
4647
292
2375
1983
2472
1401
3663
2026
562
4883
2180
4342
4881
2102
2882
1629
3803
2003
3017
267
1874
277
1408
2401
3461
242
1404
771
2812
3881
2222
1660
4923
3315
1999
2382
2630
1704
4420
4563
3791
2538
169
3823
2680
2476
1823
205
1390
3151
2474
906
3507
2351
3840
3824
2019
241
2114
1359
3847
3940
519
3873
4039
4253
1491
4238
4279
1480
3638
3260
4872
4718
1069
4761
4476
592
1850
1837
4092
2853
2400
1393
1549
2410
42
2870
3225
4161
3971
807
1809
1058
1856
1975
3037
1070
1445
1306
255
3765
184
4398
3429
470
4391
1847
4346
236
4108
1625
4492
3751
727
2845
726
2865
2425
1199
4786
2012
4712
4069
3964
1987
247
582
1654
2330
3572
3580
4248
1035
2677
4746
3332
3151
2246
4077
2168
995
4181
714
742
2019
973
4522
4241
4524
2165
3224
682
3380
3571
1748
61
2284
107
4656
2889
51
299
3131
4977
2786
4087
2719
3298
4965
2944
4840
94
2168
4539
1629
2741
1747
450
858
654
4217
1592
4901
1941
4255
1745
2529
2990
4568
3846
2275
3981
3804
1853
3038
4466
842
1651
2824
2924
406
3042
1173
4144
273
1574
2660
351
141
3310
2264
73
3130
115
225
506
4795
1680
3972
4564
3315
967
1350
2443
2369
4775
512
3663
345
4607
201
2715
39
251
2290
436
4492
125
4422
4124
3217
2552
178
316
3756
4836
2007
2768
676
2679
4968
4310
4117
2642
841
3451
2419
3043
54
4541
2151
1144
1373
1250
3746
3017
1611
381
925
3214
3219
3466
4163
493
1234
1967
683
1848
972
2129
299
2413
2760
577
2169
2115
959
4326
2441
4659
359
2519
1462
1394
1271
4331
2822
3784
4000
4673
2941
2824
115
1079
2477
1257
4143
169
3190
3876
1555
2856
3803
3153
1651
388
3900
4008
2088
1845
566
1880
4088
3149
3175
2745
4038
3556
2435
3705
676
3740
2459
4936
2281
1911
1757
1728
2152
4064
227
3557
3453
1656
1118
1651
781
2848
2822
323
2737
869
211
4541
3219
2861
477
2471
4565
1329
4864
1429
1350
282
4360
1501
3063
2189
1084
4988
3311
3609
2791
457
1599
3172
1124
2410
2600
3147
824
4331
2469
4803
4121
3570
4729
3280
3537
3928
829
2415
2330
3860
3447
4254
4004
1580
1555
1502
3871
652
787
1484
1103
3794
4813
182
4812
3387
1386
2227
1340
3106
1301
4557
3038
2435
23
2050
3480
251
358
4835
4142
4869
666
4253
535
1621
669
4011
3239
905
2083
4592
4334
4382
2501
2798
3394
3838
4230
2243
3377
1403
1047
351
1443
835
3607
4649
4162
3879
3487
2181
3773
4178
2076
1474
2204
1014
578
3235
1704
2321
3934
2201
4968
352
1069
3046
587
443
3672
3639
3453
4659
2368
2285
2818
2064
408
36
3793
2015
2590
1432
169
2796
1733
2382
1043
1557
4874
260
908
388
161
133
402
3110
3060
1671
2698
3992
3601
2038
654
2745
242
1138
314
1337
4164
3743
3401
658
4882
2692
4705
3593
704
2163
1559
4581
1309
1478
2127
763
4089
76
3985
542
2957
1544
2241
3121
3619
3165
3988
2274
4944
664
3726
4021
2113
1565
2222
2862
1597
2085
4359
3939
1912
4816
2878
3593
2536
1612
4804
2867
432
1101
1697
2727
1839
4724
4664
464
2423
1244
3416
4996
2203
2506
2262
2187
1520
2946
4842
2094
1909
4563
2864
4338
481
1485
4290
1418
845
1521
2005
352
2173
2216
2189
32
2586
646
3077
525
1844
340
4031
2915
4050
1173
3656
201
648
1521
3095
737
3039
2538
3218
2875
2723
4537
4829
56
2904
914
3178
2930
2890
3998
3536
4139
1111
23
2593
2670
3171
886
4010
3480
1866
4479
4758
56
1557
524
4952
2055
2724
4645
4225
3011
3803
1175
3150
3509
2132
4350
3634
640
1314
379
1628
3053
1044
3910
2689
101
1662
2311
1623
2186
2353
967
3083
1080
2594
1765
2759
136
1786
350
298
370
4053
2777
3728
782
4255
3193
1587
1483
4438
901
1298
1896
518
4439
218
2678
840
4631
3495
425
112
978
3323
3569
3195
4517
909
176
3410
879
3806
4532
945
1521
3209
2679
692
1118
3141
963
4299
3312
995
3511
2188
2213
2565
2669
1122
757
3295
259
2536
3747
4792
4728
1568
4499
959
2877
149
851
1057
296
1094
3994
3289
3890
3670
631
3706
1461
1712
4073
4864
2178
4328
2487
1176
1940
175
3750
74
4544
1971
4125
2504
3897
606
151
4253
3101
4016
3080
402
2619
1171
2249
3365
588
1437
4880
4081
2431
3349
323
3145
3035
3190
4115
3411
4237
1529
1708
711
3134
3030
1114
1141
1420
3870
440
4459
1674
4946
4976
3300
588
3128
531
3121
3553
4528
3744
577
3058
2203
747
4336
1845
1740
3795
3077
2484
3983
4516
1307
4906
3920
3908
295
2249
2707
1805
1408
315
1302
2612
2073
1898
3954
157
3908
1558
3225
3251
4640
250
3491
3267
636
3341
2758
1684
2678
1109
2630
3882
2871
3331
797
2251
530
520
2948
2462
1488
1287
4084
664
4856
3940
607
4893
2288
4453
3748
3014
2596
2024
1119
2008
2963
2092
451
2793
432
4882
4343
2279
224
4710
4092
3228
3861
346
902
4271
1194
1247
2248
4442
4130
2946
3378
1690
2448
2017
4408
3739
1176
1610
4551
2959
4924
3914
721
1588
2233
1136
375
3998
3748
3419
4728
2440
1553
4228
2790
1676
4527
2370
2081
4043
642
557
2192
620
4985
4490
4314
2250
4756
994
3941
3165
1214
899
3379
1585
2099
31
3392
2618
1181
4575
3052
3761
2040
997
4426
2100
3446
178
1566
4571
4809
1336
2153
4829
2198
796
4609
841
1270
237
551
2273
4423
2523
4976
4590
654
1945
3841
3631
2097
1891
4130
2373
1823
2969
4948
1684
3429
3916
3148
4948
365
591
2906
4433
3660
1276
1299
808
3009
2765
3324
3731
2281
311
4525
3371
4204
455
1199
2190
2655
895
4160
751
1637
1314
3137
48
505
999
751
583
23
398
2191
3283
242
75
4213
2744
1576
3817
3526
536
4157
2148
58
4123
3952
374
1220
662
118
3195
3296
4893
4102
18
178
1468
4246
3484
4551
3535
709
2344
474
176
4563
4396
635
2859
1111
3846
2570
3850
4338
309
2227
1034
4133
694
3932
602
69
2117
2219
4574
1354
733
2840
276
3076
1645
2910
4890
1990
2149
1195
2808
3800
3363
3846
460
4713
3596
635
1543
2805
4327
4246
1710
3079
3833
1734
559
2215
711
2227
4789
175
120
2820
3863
4167
4724
4472
2383
1258
3025
755
1646
1492
984
3821
2578
1272
2400
4738
1601
4706
3739
3084
3379
3484
4843
1968
4213
1192
1131
759
2577
1289
2436
932
1996
3784
4939
2255
3208
2402
3365
3154
4357
257
2250
1054
2467
2141
938
768
4971
3912
1330
2022
4157
4345
2754
4362
310
119
1016
658
3126
2937
1329
2072
1671
3256
2832
1258
3596
1140
1518
2898
3570
1275
1584
1447
2321
1685
1509
221
1651
4384
4993
794
4357
4353
3366
3040
4564
1625
2729
2374
1252
2932
145
180
2666
4045
283
839
1106
76
1257
4109
2038
4090
1676
759
3434
4731
1861
3985
3926
2405
2273
2089
4294
2081
2889
178
1568
3288
2973
1434
1244
2311
583
674
3770
4762
2235
4147
4278
347
1678
3727
947
4471
1839
3872
4008
3034
3942
2808
3067
3801
3043
2495
4337
4514
2054
2922
1125
3906
1247
4550
1967
3260
2557
4007
1545
4405
2500
1654
4319
1759
2127
1170
4589
4543
2588
4490
4615
3805
2422
2158
35
1319
597
3118
1251
2401
1219
673
2686
4478
2703
2338
2662
4444
1864
730
123
2337
3203
1782
2775
4142
1192
3605
2224
4019
3222
3558
870
4146
76
328
4584
2494
2539
515
2009
1874
1698
4425
4530
2044
1279
2362
4041
1409
3796
2571
3638
434
2197
355
126
4904
1311
338
2369
4807
3251
4363
694
1688
2763
737
170
1447
627
371
4898
1878
779
4776
948
356
3785
584
3319
4976
2855
247
2201
869
1122
1086
1331
4359
4492
4733
2484
4336
2934
2885
2572
3193
3502
1484
1479
3764
2359
1430
3939
305
658
260
3098
3725
2104
4461
1823
41
922
4454
1417
1816
3653
1120
3737
417
496
3784
2652
843
2749
157
4237
609
637
1469
1070
821
1678
443
4243
2206
2619
1741
405
2303
4018
2562
3669
2007
2713
1715
3748
3820
4234
2813
2861
2999
2169
4238
4506
4460
15
64
792
399
4290
4594
3483
1168
4342
2282
1275
3696
4543
4302
3475
3377
4931
1890
4441
2276
4108
4313
230
1245
2209
2472
3997
1377
4174
2777
1231
4948
4824
1133
4637
1540
3633
3335
3546
87
263
1584
1329
2527
4104
2970
772
4676
750
3832
1285
2211
4760
575
4500
2707
3807
3816
2339
3427
823
1503
1068
2513
610
42
4625
3966
1203
1475
2122
764
285
721
4533
4950
694
4344
2441
1095
3271
155
4103
4759
3517
3152
3850
1528
1012
4645
3597
2109
4083
3342
3058
2233
4529
3576
2756
1457
1085
3762
532
3378
847
3692
2953
389
2557
4018
1083
635
3643
2522
905
977
3767
2277
3932
3198
3483
2921
2286
1982
3830
785
1387
953
2818
3814
3243
3015
4942
2637
3035
4823
2574
69
3539
1474
3983
3908
2900
4968
2974
4741
1873
2848
3387
1063
3709
1638
2156
2193
4498
2299
494
4548
3231
697
4996
2810
2853
479
2641
105
1335
3184
3531
2382
744
3293
4683
778
21
4276
1060
2184
3869
153
4333
1268
2114
3256
4760
2644
1740
1920
3087
1762
3872
477
2561
744
3883
4337
1743
3807
4221
1316
1044
685
4773
1873
2575
2946
1045
3577
2530
3948
4313
3068
1461
2161
330
2909
1044
4467
3509
2421
4799
1892
4949
3136
358
1654
1563
4630
4521
1602
1709
4236
1924
4764
2319
159
347
1077
2145
3911
1455
4194
4543
2390
834
2956
2175
1238
1642
2000
4310
3414
1050
4377
512
4782
4848
3785
4120
3808
352
4123
2750
3882
4691
1362
3857
4881
869
3380
2794
525
383
4027
1813
2218
517
2974
2856
4537
2618
1508
646
3573
41
2750
1669
4250
4307
2910
211
2293
3196
2977
2524
642
2862
1035
2601
4344
2413
3952
295
4087
448
2029
2845
4854
23
2953
1758
1439
4890
3659
4835
781
3572
384
2905
3273
690
4439
4202
2357
351
1049
2568
3461
3928
3903
2189
436
3814
4788
36
1873
2262
2855
699
4446
4484
437
3533
2966
572
4135
533
929
98
4451
1478
2318
880
2376
989
2534
2204
4619
1002
3697
2526
2131
4611
3678
4736
1905
2816
4085
1879
4970
1842
1369
316
175
4698
4660
1685
2349
3463
562
62
4500
1863
600
3229
3781
840
755
1463
1193
2334
939
3527
1776
2114
4877
1359
2884
1399
3955
1790
1133
1435
3008
1649
1361
3999
1136
2941
4279
4257
4433
1828
781
982
41
2196
1585
4600
2824
2865
4711
4560
4820
2504
1519
385
1092
2714
1228
2380
342
3336
4549
3262
3791
4563
3677
1901
3007
4432
1929
1989
3997
693
4159
4705
1740
4031
4730
4034
1363
2778
4275
2957
4251
3418
3825
2225
2736
1974
4724
3012
119
1057
536
1463
1573
2260
4076
300
3974
2147
124
3426
4409
1793
3763
236
2295
4540
4634
4229
647
376
1866
4417
2589
3176
4564
327
2893
1664
380
2979
1212
647
3587
755
4477
693
2392
3232
2772
2782
2864
853
4269
473
2922
2882
708
3207
3254
1558
63
1948
4403
3233
4775
3741
976
3079
3052
2087
4541
2520
4528
4625
4596
923
554
472
3808
4812
1893
1389
333
155
2190
4343
4165
3999
3716
2423
1377
2370
2058
3650
3441
1210
4481
3715
2437
14
3256
4306
3458
1963
3454
3783
1401
1592
134
4772
3633
4064
2423
3676
1850
3999
1807
2921
1103
1034
2970
1560
1754
711
4881
3741
322
2156
1417
3172
2170
2877
4739
4291
3610
2947
1340
2494
388
3018
4880
1440
848
4457
3371
4287
2164
3975
3906
1122
2491
3365
4849
539
1274
3960
2206
808
1907
3966
4499
1940
3901
3147
2867
4874
3369
2577
1997
3232
2240
22
3803
3003
980
3522
3460
1910
491
1453
2741
2947
2906
3772
759
496
135
3792
1347
420
1933
3088
380
3908
828
2776
2318
1447
3485
2253
2534
3588
4869
2189
1905
3295
1216
4576
2146
4061
2995
4589
252
3386
866
1895
4264
3903
349
3934
386
3440
3296
880
3629
2804
769
3744
1741
2691
1700
3728
1815
634
1837
2982
4446
3180
3976
2927
2523
4314
1132
2109
4603
3455
2320
1300
1016
3611
4698
3908
3348
2919
1696
2080
1394
3335
2993
3297
3337
3799
4770
2077
1463
3578
4066
41
4492
4398
4149
4450
2619
2912
1565
960
2689
204
1127
1210
206
326
3057
4629
4030
2176
3324
342
1557
3812
4185
2712
1930
3731
662
4455
4997
3316
4192
457
2642
2698
4273
3771
590
1875
2326
3605
2483
1667
1876
4266
4355
4719
3659
3511
4627
541
3208
1329
1561
2821
3409
1101
173
800
2843
208
4623
3897
3472
2235
4566
3950
2992
2677
4957
1354
2654
2209
3610
2228
2474
666
695
627
3577
1660
4565
4401
1671
923
334
1284
417
1566
3935
779
3032
2309
695
3824
2401
1823
428
999
1233
126
4139
90
3728
1686
3558
1389
2210
1466
2664
3180
2083
147
2416
1273
913
3575
2233
1924
3512
1111
4451
2032
4333
874
3282
4124
3399
1307
752
3826
1250
2482
3888
4318
2774
3577
3058
1599
2448
1515
2491
2260
429
549
1494
3167
919
2568
732
4470
3183
808
102
1852
4774
4282
4632
2925
2022
3412
2237
1009
1367
4768
1505
2055
962
1338
535
4900
134
4617
3346
2475
2992
4817
2456
4086
3647
4505
3903
1727
2229
648
4683
2152
4729
4040
2279
495
4015
4214
4470
4456
1230
3996
3016
3913
2566
780
2720
3216
679
3921
1863
3468
4166
4633
3167
1351
2943
888
4855
4559
215
4423
3134
1081
2459
2835
2175
1396
4093
4751
2103
2487
791
257
828
3431
4432
2847
3703
246
3626
890
4453
903
854
3945
4419
3714
2603
3987
480
1948
3144
4721
3670
2898
3549
4334
2537
1393
2389
2733
967
2802
3324
162
806
4860
984
1420
4207
3614
654
2017
3622
463
380
2845
1397
4846
3933
859
1425
3994
3414
4495
167
3468
3938
843
2654
4617
675
889
2512
2936
1425
2227
1102
2546
3037
4516
3369
1722
3723
2851
341
1651
4674
166
3772
2395
2582
384
3881
3876
1983
1709
4542
4822
266
46
2291
4122
105
4256
2552
1238
4451
4936
3455
505
2461
4391
109
3490
4923
4859
2933
3990
2562
4140
3755
2271
3274
2762
763
2415
1474
4470
1252
1362
3731
3804
251
4727
2745
4849
3302
2263
1018
2489
3062
618
2651
4495
1499
1125
1127
226
4640
732
4184
3209
346
4401
2228
2326
3742
4105
1636
3168
4034
900
857
688
2869
49
2567
1666
1789
1705
3304
554
2398
286
51
3980
790
2880
318
1936
4616
4418
1402
352
947
2085
2250
4064
3188
4525
2941
1927
4624
2534
3156
3398
4341
1580
703
744
2358
667
809
4213
4903
4629
1596
4240
974
3775
1903
1900
382
362
2876
1377
3166
1452
1091
3695
1800
4218
888
4169
2576
4652
2669
1660
3909
4837
321
2148
4696
4730
3114
4208
2672
2740
4535
3533
1480
1886
3460
4093
2650
3680
241
1797
51
4055
1173
4997
2894
798
76
1278
2854
3484
2805
1145
129
3032
1184
2438
517
3572
1479
4562
4693
2272
3082
2291
77
628
3423
3741
3773
2288
2139
3577
1384
1235
4127
1032
1983
3124
183
1165
1665
2036
637
3450
3604
3294
428
2295
1160
1850
3436
3835
4658
799
3472
3253
4398
2900
1039
1233
2295
652
3735
2224
400
3004
4436
4747
4199
3296
4010
763
2654
4755
4420
277
2461
1828
3936
4457
3749
954
1743
525
1853
128
1851
2145
2345
1106
4231
3485
2634
4591
1147
1278
831
2602
2103
2477
2183
2742
4145
1883
2791
1443
94
2345
1426
3660
2155
2025
2633
691
3004
796
168
757
2760
3569
3682
679
993
1727
3143
3266
2204
133
1909
4286
283
3175
2661
3763
2209
3501
4099
1081
667
1137
3966
2992
4049
4243
3201
4884
897
2770
4567
3362
1378
2773
839
1599
2052
656
2475
2871
3848
1857
4327
2633
2289
1366
850
1495
2125
1981
1888
4388
4345
4777
4065
438
4668
3254
3703
3053
793
4346
3199
935
387
942
2494
3281
3422
975
4980
1250
4948
2194
1942
3010
1273
3624
750
1843
1316
1041
4345
4400
760
2535
4074
1520
1516
633
1581
3777
756
4467
3035
386
273
2137
3780
4267
4536
1175
1580
2862
4798
4999
578
204
2412
3627
2308
2654
2900
2017
3278
701
3802
333
1388
1749
2319
4805
88
2608
846
4700
3134
3433
3173
1159
2980
3851
3384
2221
33
4134
2178
1584
2770
2584
176
692
357
4008
4458
2445
1229
3015
521
2364
735
2304
690
3306
3071
127
2997
3957
1157
2086
501
1378
4838
240
793
893
106
572
127
514
3381
2313
3183
980
1318
3211
2553
4040
4450
4580
351
3443
3871
4574
2556
2037
1753
2005
4394
1061
2154
2029
1130
1331
4094
528
1182
3306
3879
1819
1012
1272
3685
4462
4640
337
4056
2345
1971
254
4194
2176
4527
971
4498
4745
1073
1948
401
3913
591
2308
2702
3390
1383
4448
2886
3062
3582
341
3024
3566
4085
2020
35
4187
2968
2196
2355
3488
3866
261
2102
4471
4546
4354
3222
4570
2828
3682
4342
3613
2093
1689
78
3889
117
1394
3858
1176
1855
1928
4594
3561
67
1747
1201
3166
342
4123
4127
4647
2884
183
783
1145
703
4520
4202
2974
3675
1533
3812
4745
818
2754
1037
918
2407
4142
2634
3838
1957
1706
2175
3537
3926
4001
3595
2216
1531
2039
3008
3354
2450
290
4172
3322
1025
841
2281
3959
1395
4228
868
256
3806
246
847
1737
3310
135
1775
4635
483
1732
2913
3625
2091
2856
3165
4652
3918
4197
4248
1429
284
578
2057
4134
2239
2901
228
3068
3128
274
1638
2876
2215
1748
2777
4091
1439
1475
4249
4132
2021
1192
3771
4331
2149
851
4926
3749
2646
3238
2299
3744
917
4813
3541
4281
1860
4402
4101
3436
977
1820
1183
2656
173
2803
1686
3605
3139
737
289
927
4839
4697
3854
1389
4790
1935
4902
1555
560
2371
3163
3971
393
2208
539
2830
4418
4539
4584
1044
548
4613
726
2325
109
3796
3948
2623
3715
4965
4340
1805
168
3214
4246
2988
3802
426
4730
1224
3212
1193
2118
3291
3501
1005
1404
3564
1533
3161
1325
3121
949
2015
4752
23
3629
1482
438
2690
1030
4353
1386
1266
1292
1171
3479
3946
2345
494
527
1245
3272
4190
3606
2592
1968
4261
2352
3959
155
157
4513
4817
487
2521
1082
2850
4620
2637
3854
3500
2903
3632
1787
3844
2424
4808
4469
1689
290
3829
3129
4847
2745
1613
4858
1563
3803
2237
3374
300
4643
4988
4066
50
3854
4207
2929
511
4933
3448
1673
1486
3759
322
4660
2952
2251
591
1961
648
3132
4925
4295
4601
2858
1002
4897
4785
789
1566
4282
4161
1414
3034
591
1217
4347
4336
2353
2479
4838
476
2101
2362
850
3838
2550
4839
2002
1783
1017
4207
2537
3235
3158
2526
225
867
3487
2936
3632
307
4854
1284
152
1227
531
4037
2927
4048
4745
2390
472
46
2350
1819
2839
1118
2028
1833
3785
2875
3165
4098
3330
3778
2446
4862
539
465
634
211
3505
4293
244
1269
3832
2872
699
1505
4096
113
889
4505
1646
4983
2921
2156
620
2747
2562
1661
4778
811
2223
4448
2677
216
4053
2845
1146
552
117
401
1768
2933
3581
3464
3657
313
851
897
685
4246
3716
1945
1148
4821
1730
979
186
3931
4645
2367
4441
2377
1719
4845
4871
2946
3300
401
767
3991
3536
4925
4053
3118
1376
4339
4432
328
599
1033
2895
4034
2821
1078
1512
2034
1011
594
1150
2445
170
2395
4151
2468
4023
1259
3145
3663
3683
1204
4768
3008
2808
163
3153
4561
1344
3115
2437
1948
999
1617
4147
2386
4258
3164
66
2107
2110
2876
2714
4272
4516
1731
559
210
3247
2487
2678
2686
3994
3874
2319
1263
4391
4100
2900
3173
4679
977
1493
1546
349
2979
2912
3948
2804
620
1095
2189
2808
3884
4242
3422
4375
2041
4144
2461
1114
1811
485
2484
435
3177
4096
4547
2651
140
504
3512
1851
4470
3358
3130
188
595
4562
4555
4224
2112
1695
2188
1555
3601
1817
281
2977
2162
1180
2230
896
748
4086
2086
4897
1597
3743
3176
1082
2278
2731
1794
3304
3946
3761
2678
2845
1768
2627
2142
4190
3875
3136
1318
3483
3110
3233
315
1589
4700
1349
3089
1262
3237
4405
2615
2452
456
2334
4458
1408
1811
4236
2289
738
3185
3134
2272
743
3992
2174
1879
3257
2831
615
3765
4457
3247
387
2103
2304
1175
541
903
3363
1405
888
154
3270
3918
3557
40
400
968
1454
4080
4848
145
1338
684
1199
127
2593
2701
2671
2708
720
2245
4127
219
4956
223
1758
537
2825
2219
586
131
1341
4319
262
4841
526
919
1537
3413
485
3030
2465
3220
4354
1288
2949
3085
3306
557
189
150
1678
3805
2054
3027
1444
1196
3289
1564
2557
2577
1562
1879
203
966
3225
1080
3678
2746
1907
2781
4207
3747
1506
1748
1585
4331
4320
378
4015
4721
3458
619
4778
1964
2664
2416
1094
4360
1742
4828
1624
3666
300
1187
2237
4455
524
220
4174
4996
4506
664
4147
2056
2057
3650
777
1323
2345
945
4542
500
3376
4471
3742
3234
660
3615
1398
4221
3842
2520
4045
1705
2930
1007
4944
1485
1127
1880
2399
3531
3737
3815
1246
1285
4291
1409
720
3072
4128
1714
2300
4235
1265
1103
3134
4487
1488
2735
2148
310
80
2790
3951
4739
3224
4409
156
1588
3619
1507
3949
572
518
2615
2442
3385
602
3004
742
3744
2966
3155
4195
4056
50
3186
1644
2197
435
4150
2644
1374
4250
2411
2117
4179
4653
4363
190
2296
4170
949
2176
4782
4429
3827
1260
3947
71
2518
3364
4875
2797
1964
4067
3554
1113
2123
385
4706
334
3570
205
4783
4017
4292
2103
4798
3965
4395
4351
709
3950
4601
2275
3557
3503
3423
3489
2510
676
3374
1032
1341
2876
335
1879
2022
4910
1244
3893
1965
2318
1291
2027
530
3879
2633
2662
459
1601
943
4055
3877
3464
1796
1329
2251
4098
3600
1584
2921
3580
4470
4562
2959
4752
3996
4937
4337
2045
407
2583
272
4024
4102
3895
2676
3572
935
3022
1825
186
2841
286
3485
1848
4967
157
902
1461
1688
860
2502
1724
1569
1568
4954
1099
2350
525
2926
4352
3911
3658
2850
530
4375
4531
1990
1254
345
973
1136
1309
1434
1538
2068
4177
3885
523
3662
1178
4491
2538
369
2542
808
453
643
2942
4802
1855
4389
2545
3239
3421
1909
1457
193
2827
3554
1836
1663
1435
91
4938
4909
3896
4509
496
2322
4880
2666
2657
1074
1377
1727
4727
1327
493
2413
3079
4029
2700
4635
3180
1634
2265
4116
4354
416
1184
68
361
933
4587
2483
1947
4555
4436
300
857
1513
656
672
4102
1028
4758
1601
4162
1816
1234
4844
3111
2840
979
4402
132
3479
4235
4398
4903
4226
2713
4479
4909
2163
1134
3619
492
641
3359
1619
514
1175
3064
4840
4705
586
1486
1170
1822
4303
3207
1953
4464
4307
4456
1957
511
2987
1429
166
4121
567
585
849
2864
1867
4088
3547
219
1360
2323
2521
2692
4429
3355
4834
3794
923
2578
1989
3747
188
262
1878
4316
3483
3165
4303
1443
2431
4003
1451
2311
2422
2024
3000
856
1398
3968
26
856
362
744
1919
4565
4015
2299
155
1405
1588
39
1203
3030
4360
1936
708
4251
1588
3439
2736
2601
1371
4012
2073
3480
2686
2144
4012
3840
4248
459
3374
3570
2169
480
917
774
2647
3269
2629
382
3012
4801
3688
587
4477
839
1230
3728
4424
4724
3662
4251
1806
427
17
2839
1762
3216
4673
2441
4276
4081
3275
478
4304
3005
3610
1340
4300
966
2627
3017
770
178
1794
4377
3009
3425
2178
976
1563
2691
2061
3394
2978
2062
2431
1954
1553
3348
3077
628
4746
900
1832
4466
3889
3487
3046
2371
1430
1623
2663
3066
443
3494
243
2089
3930
611
3310
4417
2090
503
1700
3588
805
2076
4502
2273
2423
3979
2701
3654
4274
268
2947
1712
431
2669
1740
3293
4947
3862
3870
4088
4308
1134
1366
548
248
2560
1767
3073
3928
1748
4536
151
2329
2874
1592
1681
1698
1469
4765
1674
2229
98
3031
3927
2535
3868
3052
2226
4900
1585
689
1062
3951
3642
507
1837
3597
3409
1429
2909
744
4240
4622
2307
882
3383
4112
3696
4852
2541
3081
4175
1727
1480
3843
1848
3572
4881
4688
2633
157
2089
973
316
715
3313
401
4746
1208
2871
829
3723
4770
3585
370
2732
3604
4442
4367
3093
2436
3712
487
3956
282
2859
2402
1316
2816
3527
1117
4808
4917
328
4129
2743
4474
100
2645
1294
3309
157
1293
548
2394
3686
2697
1034
3568
530
674
2749
4240
4867
2357
1175
4121
648
4538
614
102
616
4363
3088
3340
4724
1968
2237
1178
266
3097
1264
987
280
3851
3368
4937
3416
1154
1081
3962
4304
2908
4474
1341
975
4447
2787
1140
1678
4622
1079
2563
2750
3999
517
4268
419
3146
2170
4601
4062
4225
1748
1087
4849
3077
4513
4341
752
2681
115
4782
1130
1533
3487
874
3441
4249
2533
1335
973
2149
1919
3744
546
4208
1258
3604
2880
43
2097
4029
3352
1851
3333
2327
4864
3023
3481
1363
211
4973
3845
474
3454
1568
1910
4007
4774
4959
1679
2072
127
2675
4006
4614
1643
1552
2459
1746
3047
4956
1819
3929
1010
2682
840
3724
2198
4916
761
1311
510
3003
3553
1930
2422
2004
768
2468
2061
617
480
2840
186
374
127
3716
1265
2995
1888
2219
3443
2946
4980
1292
264
927
3379
374
599
4811
1074
4172
4264
290
239
573
2427
3718
1651
1221
1551
3974
353
1421
4970
1165
2163
1706
3673
3360
600
1306
984
1745
2847
177
678
4736
1982
4827
4241
2597
1593
1020
1648
1678
661
4318
4415
344
4383
3954
2521
4891
1249
2284
2101
4373
2444
3711
3708
740
4363
4427
3037
759
3524
4135
159
1418
59
1670
4331
4864
1841
52
4758
1097
2323
3881
225
3486
2080
2363
1982
1362
4851
3205
1277
2835
1347
401
452
3509
3114
1345
1688
4534
1074
3972
111
3983
4074
4140
113
4808
3661
2533
4798
2734
687
2719
1892
4591
3787
1659
614
331
4264
2272
4470
1768
1190
2195
4061
4317
2531
3776
4283
4739
1737
2226
1987
1837
3431
674
4216
2723
4453
583
3382
4553
4258
1578
4092
4304
148
1408
1226
3935
421
4593
3543
1738
3804
1318
1695
4283
30
1360
100
526
2941
3969
3317
197
4598
2597
3370
1606
1770
2387
2489
3993
2002
4759
2858
3098
275
1855
2718
4881
1618
3172
633
412
1646
4719
2857
4993
4612
1749
2863
3109
775
2377
4368
3081
1013
2005
4827
4393
2097
375
527
162
3917
4506
3841
946
1768
1119
2758
4362
3601
3940
3934
4949
3618
1435
228
2150
2036
2463
2588
2973
2604
2906
1094
177
632
3952
579
4015
1961
208
2005
904
1871
2724
790
4703
3348
2536
3708
2298
3139
951
2712
621
1343
4581
3544
94
1633
3110
3871
3031
4080
4265
3033
2379
4106
121
399
3340
835
2917
3890
4395
2296
3736
1849
4636
291
2375
4551
869
4765
3487
3701
3926
1140
2221
2422
1338
2554
441
4865
718
1865
791
3097
2513
4884
3354
384
4392
4262
1725
2631
4007
1162
2148
4570
1637
4786
4523
2886
2899
3801
1891
2587
829
570
2703
3897
3459
1611
2753
3281
2365
4679
1583
975
627
1482
1811
3896
3901
607
2424
4050
1159
2866
2864
3388
665
3091
485
1844
4047
1396
4640
1608
3712
3664
4777
2180
2435
4414
4189
4763
3704
1587
4231
3777
1075
4027
3595
4534
615
187
4555
1044
101
4988
1513
3054
1612
453
4703
2825
4954
4264
3465
1938
1490
4676
129
3303
4745
904
1386
3793
4969
4263
3932
2075
3684
4422
4883
1294
3323
1454
3457
4795
2496
3884
4505
1699
2243
3164
10
4137
345
91
4766
2081
475
335
3563
3052
2317
913
387
4292
2652
4644
1453
3045
1706
2894
4495
2252
2347
1147
3759
3113
3283
3241
954
1277
3511
2810
4687
258
2203
4371
205
1399
2217
3205
3247
4246
4875
2063
2811
4347
120
3878
3553
2038
1144
2179
1003
1559
966
3584
4202
4411
4104
4314
4776
3603
2707
195
2394
898
1585
1612
1439
1105
3244
3467
4517
3041
903
2820
3994
615
3228
293
3003
4364
312
2872
3579
689
12
12
12
13
15
16
16
16
20
22
22
32
33
33
33
37
40
40
40
42
45
46
53
54
54
54
55
58
59
62
64
65
68
69
70
72
73
74
74
75
79
80
80
82
82
85
85
86
89
94
100
102
104
106
107
109
111
114
115
116
120
121
122
123
124
124
125
128
128
130
135
135
138
140
149
153
154
154
155
158
161
164
165
168
170
173
175
175
178
184
190
193
200
201
203
204
206
206
207
207
221
222
222
222
225
225
225
226
227
227
229
229
230
236
237
239
239
240
243
249
250
253
253
268
269
274
276
279
282
284
287
289
291
291
292
294
296
299
299
301
306
306
306
307
308
308
308
312
315
320
320
321
323
327
327
329
332
334
338
339
342
342
345
352
355
356
356
361
364
369
370
371
372
375
376
376
378
378
383
386
387
387
391
391
397
398
399
402
407
409
410
411
412
412
416
421
425
425
435
437
442
443
444
445
446
448
450
453
457
458
461
463
466
468
468
471
471
474
475
475
476
476
476
477
478
479
479
480
480
481
481
485
485
487
488
492
493
494
494
495
497
502
502
505
507
508
508
509
512
517
518
521
521
523
525
527
528
529
535
537
541
541
542
543
548
550
550
554
556
557
558
559
563
566
570
577
580
582
585
587
588
588
590
590
593
594
595
598
602
602
603
604
605
608
608
609
610
612
613
616
618
620
621
623
624
625
626
631
632
635
636
638
638
644
645
646
656
658
658
660
660
662
669
673
681
683
687
692
699
700
702
704
707
708
708
710
712
720
724
734
735
736
737
740
742
743
744
749
749
750
755
757
759
762
762
763
766
767
770
772
772
773
773
779
779
781
781
783
785
789
793
796
799
800
803
804
811
813
815
817
818
831
834
835
839
845
845
851
852
854
857
857
858
862
863
865
867
869
871
872
875
877
889
893
895
897
898
901
904
906
906
908
910
911
911
913
913
916
924
926
926
928
929
929
936
940
941
944
945
946
946
951
953
954
954
954
962
966
969
972
975
976
977
977
981
981
981
982
987
987
997
998
1002
1004
1004
1006
1006
1009
1009
1012
1012
1013
1016
1017
1018
1021
1024
1026
1027
1028
1029
1031
1033
1033
1037
1042
1046
1047
1047
1050
1053
1054
1061
1064
1065
1067
1067
1070
1072
1073
1074
1076
1080
1084
1085
1085
1094
1094
1095
1095
1100
1101
1103
1110
1112
1112
1117
1121
1127
1128
1128
1132
1132
1134
1138
1141
1142
1143
1143
1146
1150
1154
1158
1162
1163
1164
1167
1167
1170
1170
1170
1173
1177
1178
1182
1185
1187
1187
1190
1191
1192
1198
1203
1210
1214
1214
1220
1220
1221
1222
1229
1229
1231
1232
1236
1236
1237
1242
1242
1248
1249
1250
1257
1257
1260
1261
1262
1264
1270
1271
1276
1276
1278
1282
1284
1286
1293
1294
1295
1295
1296
1296
1299
1301
1302
1305
1308
1310
1315
1317
1319
1320
1321
1325
1325
1328
1329
1331
1332
1332
1332
1333
1335
1335
1339
1340
1341
1345
1347
1349
1351
1354
1356
1357
1358
1362
1363
1370
1370
1371
1372
1375
1376
1378
1380
1382
1383
1384
1388
1388
1388
1389
1390
1395
1401
1405
1405
1407
1408
1411
1411
1413
1413
1415
1416
1420
1422
1426
1426
1429
1434
1436
1437
1438
1439
1442
1447
1451
1452
1452
1452
1454
1458
1459
1462
1463
1463
1471
1474
1474
1475
1479
1479
1480
1480
1485
1486
1488
1490
1495
1495
1496
1507
1509
1510
1511
1516
1518
1518
1520
1523
1526
1526
1527
1527
1529
1530
1531
1534
1534
1543
1545
1546
1551
1555
1556
1560
1560
1565
1572
1575
1575
1579
1580
1581
1582
1582
1582
1584
1586
1589
1595
1598
1598
1599
1600
1604
1606
1607
1609
1612
1614
1615
1615
1621
1621
1626
1630
1630
1633
1634
1639
1640
1642
1644
1646
1646
1648
1651
1651
1651
1654
1655
1662
1665
1669
1670
1670
1673
1677
1677
1681
1681
1685
1685
1686
1692
1693
1693
1698
1699
1699
1704
1705
1705
1709
1709
1715
1715
1716
1718
1718
1730
1730
1735
1736
1736
1738
1740
1743
1746
1748
1761
1763
1764
1772
1773
1781
1782
1783
1785
1785
1787
1794
1797
1798
1798
1802
1806
1808
1816
1817
1825
1829
1829
1831
1831
1833
1840
1840
1843
1846
1851
1859
1860
1864
1865
1865
1872
1872
1873
1882
1882
1882
1882
1885
1889
1891
1892
1892
1893
1897
1897
1897
1899
1902
1906
1908
1909
1909
1910
1916
1917
1918
1922
1924
1926
1928
1928
1928
1930
1930
1935
1938
1940
1945
1949
1952
1954
1954
1955
1955
1959
1959
1960
1961
1962
1964
1966
1967
1967
1968
1973
1973
1975
1979
1981
1984
1984
1985
1987
1988
1990
1994
1995
1995
1996
1997
2004
2006
2007
2016
2018
2022
2022
2026
2030
2032
2036
2041
2043
2044
2046
2054
2055
2058
2069
2074
2076
2076
2077
2081
2082
2085
2087
2091
2092
2095
2097
2097
2099
2101
2104
2105
2107
2107
2108
2110
2111
2115
2117
2118
2119
2119
2123
2124
2125
2127
2129
2131
2133
2135
2136
2141
2142
2143
2143
2146
2147
2152
2153
2161
2163
2168
2170
2171
2173
2182
2183
2184
2185
2187
2189
2192
2198
2202
2203
2207
2208
2209
2211
2215
2215
2215
2215
2216
2218
2218
2225
2228
2228
2229
2240
2248
2255
2255
2259
2261
2262
2262
2264
2265
2273
2274
2276
2288
2294
2299
2303
2304
2305
2308
2308
2311
2314
2314
2315
2319
2321
2321
2328
2330
2331
2333
2338
2339
2346
2350
2357
2358
2364
2365
2366
2367
2367
2371
2371
2373
2375
2378
2387
2388
2388
2394
2404
2408
2411
2411
2414
2416
2420
2423
2425
2426
2426
2432
2435
2437
2440
2443
2443
2447
2450
2452
2453
2454
2457
2462
2463
2464
2464
2475
2475
2475
2477
2479
2482
2484
2485
2486
2487
2495
2501
2501
2503
2504
2504
2512
2520
2520
2520
2522
2524
2529
2531
2534
2536
2538
2540
2542
2545
2545
2546
2546
2548
2553
2553
2554
2555
2557
2559
2564
2566
2567
2568
2568
2569
2574
2577
2578
2578
2579
2581
2582
2587
2588
2589
2591
2591
2597
2600
2603
2606
2607
2609
2609
2610
2621
2622
2623
2625
2626
2627
2632
2633
2636
2640
2647
2648
2656
2661
2667
2668
2671
2671
2673
2675
2677
2682
2682
2682
2683
2686
2687
2688
2694
2695
2696
2697
2698
2704
2708
2717
2717
2718
2718
2721
2721
2723
2725
2726
2731
2732
2732
2739
2742
2743
2746
2748
2751
2753
2762
2764
2764
2766
2766
2770
2770
2771
2773
2775
2776
2776
2777
2778
2779
2779
2779
2779
2780
2781
2783
2784
2785
2788
2796
2805
2805
2806
2806
2811
2811
2813
2813
2814
2817
2817
2820
2823
2824
2824
2827
2829
2829
2835
2839
2840
2842
2844
2847
2849
2850
2854
2863
2866
2876
2880
2882
2883
2886
2886
2893
2894
2897
2902
2908
2909
2910
2911
2911
2912
2918
2919
2922
2923
2924
2925
2925
2926
2927
2928
2934
2934
2937
2942
2943
2944
2944
2944
2952
2953
2953
2957
2962
2965
2966
2968
2969
2972
2976
2978
2979
2981
2981
2983
2988
2992
2994
2996
3002
3003
3004
3004
3007
3008
3009
3009
3010
3013
3014
3015
3022
3027
3039
3039
3039
3041
3044
3045
3045
3049
3053
3053
3054
3059
3067
3071
3073
3073
3075
3080
3082
3090
3094
3096
3097
3097
3098
3099
3101
3101
3101
3108
3109
3113
3118
3119
3122
3123
3127
3128
3131
3136
3139
3140
3141
3141
3141
3142
3145
3146
3146
3147
3149
3150
3151
3151
3154
3156
3160
3164
3164
3165
3165
3170
3174
3178
3180
3183
3184
3184
3185
3188
3188
3188
3189
3189
3191
3196
3200
3201
3203
3206
3206
3207
3207
3208
3210
3210
3210
3211
3211
3213
3220
3226
3228
3228
3229
3231
3236
3236
3237
3239
3240
3243
3243
3246
3250
3254
3255
3257
3260
3265
3273
3279
3282
3287
3291
3292
3292
3293
3293
3297
3297
3299
3306
3307
3308
3309
3314
3315
3317
3319
3322
3326
3330
3333
3337
3343
3349
3349
3349
3351
3352
3362
3365
3371
3375
3382
3387
3391
3392
3393
3393
3396
3400
3400
3405
3412
3412
3412
3415
3417
3418
3419
3419
3421
3427
3428
3433
3435
3436
3438
3438
3438
3442
3443
3443
3447
3455
3456
3465
3467
3469
3472
3473
3479
3488
3491
3491
3492
3492
3494
3494
3495
3496
3501
3502
3502
3513
3515
3520
3520
3525
3527
3528
3529
3532
3534
3539
3540
3540
3543
3544
3544
3548
3551
3552
3553
3554
3554
3558
3558
3559
3560
3563
3565
3568
3569
3569
3571
3572
3573
3580
3580
3581
3582
3583
3586
3587
3588
3588
3590
3591
3591
3594
3596
3598
3599
3599
3604
3604
3605
3607
3609
3612
3614
3615
3616
3616
3621
3621
3622
3625
3626
3627
3629
3629
3631
3633
3643
3646
3647
3656
3658
3658
3658
3662
3663
3664
3668
3673
3674
3675
3678
3682
3683
3683
3683
3684
3685
3685
3689
3689
3692
3693
3695
3697
3702
3705
3705
3705
3708
3709
3710
3712
3713
3717
3717
3721
3722
3726
3729
3730
3733
3734
3736
3736
3741
3744
3746
3752
3755
3755
3757
3769
3775
3777
3778
3779
3782
3783
3783
3784
3787
3787
3791
3791
3794
3800
3803
3805
3809
3809
3811
3814
3815
3815
3815
3819
3820
3821
3824
3826
3830
3833
3837
3839
3842
3845
3846
3847
3849
3853
3853
3859
3862
3864
3866
3872
3873
3874
3878
3880
3881
3883
3883
3883
3885
3887
3887
3896
3896
3897
3897
3898
3898
3901
3903
3905
3906
3913
3917
3918
3922
3924
3925
3927
3930
3930
3937
3942
3943
3943
3943
3944
3947
3949
3953
3954
3955
3957
3959
3961
3962
3963
3966
3969
3978
3980
3981
3986
3989
3990
3991
3992
3994
3997
4000
4000
4001
4007
4008
4008
4009
4012
4013
4013
4016
4017
4021
4022
4025
4030
4036
4037
4051
4058
4061
4066
4070
4076
4077
4083
4085
4086
4089
4091
4093
4094
4098
4099
4102
4103
4106
4108
4109
4113
4113
4114
4116
4117
4118
4124
4126
4126
4130
4130
4132
4134
4140
4143
4145
4145
4146
4149
4154
4155
4155
4158
4160
4162
4162
4163
4163
4165
4167
4168
4170
4178
4180
4180
4181
4184
4191
4195
4195
4201
4202
4205
4207
4210
4212
4212
4219
4220
4224
4224
4228
4230
4230
4236
4237
4238
4246
4249
4252
4253
4256
4257
4261
4261
4261
4265
4266
4266
4268
4269
4274
4278
4278
4283
4287
4296
4297
4309
4316
4319
4320
4320
4323
4325
4325
4326
4326
4328
4332
4333
4335
4336
4337
4338
4338
4342
4343
4344
4345
4350
4350
4355
4356
4357
4360
4361
4362
4365
4365
4366
4367
4367
4368
4369
4372
4381
4383
4383
4385
4385
4395
4400
4400
4403
4410
4412
4416
4416
4420
4421
4422
4427
4436
4437
4441
4443
4445
4448
4451
4452
4457
4457
4459
4461
4464
4466
4466
4468
4469
4469
4472
4476
4487
4488
4492
4496
4497
4499
4500
4504
4506
4514
4516
4527
4527
4528
4529
4530
4533
4534
4534
4540
4541
4545
4545
4549
4552
4552
4553
4554
4558
4559
4564
4567
4568
4573
4574
4574
4575
4575
4578
4582
4584
4585
4586
4586
4587
4589
4590
4592
4595
4600
4610
4613
4615
4616
4616
4616
4622
4623
4624
4624
4632
4634
4635
4642
4643
4645
4646
4647
4652
4654
4657
4661
4663
4667
4668
4670
4671
4673
4675
4687
4689
4691
4692
4697
4699
4699
4700
4702
4702
4703
4703
4704
4705
4706
4707
4709
4720
4722
4724
4727
4728
4731
4732
4735
4735
4736
4736
4738
4739
4742
4743
4746
4746
4746
4748
4756
4757
4757
4757
4761
4762
4763
4764
4764
4766
4771
4773
4775
4777
4778
4778
4779
4779
4785
4786
4786
4787
4790
4791
4793
4794
4796
4799
4803
4805
4806
4806
4809
4815
4818
4820
4820
4821
4825
4826
4827
4828
4828
4829
4833
4837
4838
4838
4841
4843
4844
4848
4851
4852
4853
4853
4857
4858
4860
4862
4865
4866
4867
4874
4888
4891
4893
4897
4898
4904
4907
4907
4912
4915
4917
4918
4919
4921
4921
4923
4925
4926
4927
4928
4931
4933
4933
4934
4939
4943
4945
4945
4946
4947
4949
4954
4962
4964
4965
4968
4970
4970
4972
4976
4977
4981
4983
4986
4987
4988
4989
4989
4990
4992
5004
5004
5004
5005
5006
5007
5009
5013
5013
5017
5018
5023
5029
5030
5031
5033
5033
5035
5036
5039
5046
5047
5049
5050
5054
5055
5057
5057
5058
5058
5061
5065
5072
5072
5078
5081
5081
5084
5085
5085
5090
5090
5096
5102
5104
5104
5112
5112
5114
5116
5118
5124
5127
5127
5130
5131
5132
5133
5141
5142
5146
5147
5149
5150
5150
5153
5156
5156
5156
5159
5161
5162
5166
5169
5169
5169
5170
5175
5176
5179
5181
5181
5183
5191
5191
5192
5192
5193
5198
5200
5203
5205
5206
5209
5211
5212
5216
5224
5226
5226
5227
5227
5230
5232
5240
5241
5244
5248
5248
5253
5254
5271
5273
5275
5277
5277
5278
5284
5284
5285
5287
5291
5296
5296
5300
5301
5310
5314
5314
5316
5323
5324
5327
5328
5328
5332
5332
5333
5333
5337
5337
5338
5339
5340
5347
5352
5354
5354
5356
5364
5365
5365
5368
5371
5372
5374
5375
5379
5382
5382
5384
5388
5391
5392
5396
5398
5398
5400
5401
5402
5405
5409
5414
5417
5420
5420
5422
5422
5428
5430
5433
5433
5434
5441
5447
5447
5447
5449
5455
5456
5456
5458
5463
5464
5465
5465
5471
5474
5475
5478
5479
5481
5482
5483
5483
5484
5484
5485
5490
5493
5498
5500
5503
5504
5505
5506
5508
5511
5516
5517
5531
5531
5534
5535
5536
5536
5536
5537
5543
5545
5546
5552
5558
5559
5565
5566
5566
5567
5567
5567
5571
5571
5572
5572
5574
5578
5580
5582
5583
5585
5586
5588
5588
5589
5594
5596
5596
5599
5602
5604
5608
5613
5613
5616
5617
5627
5627
5629
5631
5631
5631
5633
5633
5635
5639
5640
5640
5647
5648
5649
5649
5654
5660
5665
5666
5668
5669
5673
5675
5675
5676
5678
5686
5686
5686
5690
5694
5704
5705
5708
5709
5711
5712
5712
5713
5718
5719
5720
5722
5723
5727
5730
5731
5736
5738
5738
5739
5739
5740
5743
5754
5754
5756
5757
5757
5761
5764
5766
5767
5767
5768
5770
5771
5773
5774
5775
5777
5779
5779
5781
5783
5790
5792
5793
5797
5799
5800
5801
5802
5805
5806
5808
5809
5810
5811
5816
5816
5816
5820
5824
5824
5825
5825
5826
5831
5835
5839
5841
5842
5843
5844
5848
5848
5848
5850
5850
5858
5859
5866
5867
5871
5871
5875
5877
5878
5880
5881
5884
5889
5894
5895
5896
5896
5899
5901
5901
5902
5906
5906
5910
5912
5913
5913
5914
5915
5917
5921
5921
5922
5923
5924
5924
5927
5928
5929
5930
5935
5937
5948
5954
5954
5955
5957
5957
5957
5958
5966
5967
5971
5974
5975
5976
5979
5981
5983
5988
5990
5990
5998
5998
5999
6003
6005
6009
6010
6013
6014
6014
6014
6015
6024
6025
6025
6025
6027
6029
6030
6031
6038
6038
6040
6041
6043
6049
6049
6051
6052
6056
6056
6056
6057
6059
6064
6065
6065
6066
6068
6075
6076
6078
6082
6082
6083
6085
6088
6090
6091
6094
6099
6099
6100
6101
6101
6110
6110
6112
6113
6113
6113
6113
6117
6118
6119
6119
6121
6121
6126
6126
6129
6129
6130
6132
6133
6134
6138
6142
6143
6147
6147
6148
6154
6156
6161
6164
6165
6170
6171
6174
6176
6176
6176
6180
6182
6183
6185
6187
6187
6192
6192
6194
6199
6201
6205
6205
6206
6207
6208
6209
6210
6211
6219
6222
6223
6224
6225
6226
6230
6234
6236
6238
6239
6241
6244
6258
6270
6275
6276
6278
6287
6288
6289
6289
6297
6302
6306
6306
6307
6307
6309
6310
6310
6312
6312
6312
6312
6314
6319
6327
6329
6329
6336
6337
6338
6338
6338
6339
6341
6343
6349
6350
6350
6357
6359
6359
6360
6361
6363
6364
6365
6367
6370
6374
6376
6376
6378
6379
6379
6380
6380
6381
6382
6384
6389
6389
6391
6392
6394
6397
6398
6399
6399
6405
6406
6406
6409
6409
6414
6414
6416
6419
6422
6423
6425
6429
6431
6432
6438
6442
6443
6451
6453
6457
6459
6459
6467
6469
6470
6470
6472
6477
6478
6480
6482
6482
6483
6491
6492
6494
6496
6498
6499
6500
6500
6502
6503
6504
6508
6508
6513
6514
6516
6518
6521
6522
6522
6523
6525
6532
6532
6536
6536
6540
6545
6548
6551
6554
6556
6557
6559
6561
6562
6564
6564
6565
6566
6566
6575
6576
6578
6578
6588
6590
6591
6595
6595
6596
6598
6598
6598
6599
6605
6607
6613
6615
6615
6621
6625
6628
6628
6630
6631
6631
6633
6634
6635
6640
6648
6651
6652
6652
6653
6661
6665
6668
6669
6675
6676
6680
6681
6682
6685
6686
6687
6688
6688
6695
6711
6723
6724
6731
6731
6732
6743
6745
6747
6748
6752
6752
6752
6754
6755
6759
6759
6760
6769
6771
6772
6774
6779
6782
6782
6782
6785
6785
6786
6789
6789
6793
6794
6795
6798
6798
6799
6802
6806
6810
6812
6813
6814
6815
6816
6816
6818
6823
6823
6825
6828
6829
6830
6831
6835
6835
6840
6840
6847
6851
6851
6854
6868
6868
6870
6873
6876
6877
6880
6883
6885
6886
6886
6888
6891
6894
6896
6899
6913
6914
6915
6915
6918
6919
6919
6922
6923
6923
6928
6930
6930
6930
6934
6936
6937
6938
6939
6939
6942
6942
6944
6947
6951
6951
6958
6959
6963
6973
6986
6988
6990
6992
6993
6994
6995
6995
6996
7004
7008
7008
7009
7009
7010
7011
7012
7014
7015
7016
7018
7021
7022
7023
7023
7025
7028
7035
7037
7040
7041
7043
7045
7047
7047
7048
7048
7050
7053
7054
7058
7062
7063
7072
7074
7075
7076
7081
7083
7083
7084
7093
7093
7095
7095
7095
7099
7100
7101
7111
7113
7120
7122
7124
7129
7132
7135
7136
7137
7138
7138
7142
7146
7148
7153
7157
7157
7159
7167
7167
7167
7168
7170
7174
7174
7177
7178
7181
7186
7188
7189
7191
7191
7192
7196
7196
7198
7207
7215
7216
7217
7218
7221
7224
7225
7225
7227
7234
7236
7236
7239
7242
7243
7245
7245
7246
7247
7250
7251
7251
7252
7254
7255
7256
7257
7259
7260
7265
7265
7265
7266
7267
7268
7269
7269
7275
7276
7276
7277
7279
7280
7283
7283
7284
7285
7287
7288
7290
7293
7297
7301
7305
7305
7305
7308
7311
7311
7312
7313
7315
7317
7317
7323
7323
7325
7326
7326
7328
7334
7336
7338
7341
7351
7353
7355
7357
7361
7365
7367
7367
7375
7375
7380
7384
7385
7385
7393
7407
7407
7411
7413
7413
7414
7417
7426
7429
7429
7429
7432
7433
7433
7437
7441
7443
7444
7445
7447
7447
7463
7466
7466
7466
7471
7472
7472
7473
7479
7480
7485
7486
7488
7488
7489
7493
7497
7498
7499
7501
7502
7503
7505
7509
7515
7519
7525
7525
7526
7526
7526
7527
7531
7531
7532
7533
7534
7539
7540
7542
7546
7547
7549
7551
7551
7552
7553
7555
7561
7562
7565
7566
7567
7570
7572
7577
7578
7586
7588
7588
7588
7592
7593
7597
7598
7600
7602
7603
7605
7606
7609
7611
7613
7614
7615
7618
7619
7623
7634
7635
7635
7635
7635
7639
7640
7641
7645
7648
7648
7649
7652
7653
7661
7662
7665
7668
7669
7675
7676
7677
7679
7681
7682
7685
7686
7688
7689
7691
7691
7692
7693
7694
7699
7701
7702
7704
7705
7705
7706
7711
7712
7716
7719
7724
7724
7728
7729
7731
7731
7737
7746
7746
7749
7750
7750
7751
7752
7752
7754
7758
7762
7762
7768
7769
7771
7775
7776
7784
7784
7784
7785
7786
7792
7794
7796
7797
7798
7802
7805
7806
7810
7813
7816
7818
7821
7823
7824
7829
7830
7832
7834
7836
7837
7840
7843
7845
7847
7852
7853
7856
7860
7860
7863
7864
7870
7871
7871
7878
7878
7887
7889
7895
7905
7906
7909
7915
7916
7918
7918
7921
7924
7926
7926
7927
7928
7932
7932
7934
7936
7939
7941
7942
7944
7944
7944
7946
7948
7949
7952
7953
7955
7956
7967
7970
7971
7972
7973
7975
7975
7976
7977
7979
7986
7989
7990
7990
7993
7996
8000
8001
8009
8009
8009
8010
8011
8013
8016
8020
8020
8020
8022
8023
8024
8025
8025
8027
8030
8031
8032
8034
8034
8035
8035
8038
8040
8043
8043
8043
8043
8045
8051
8058
8058
8059
8061
8062
8064
8073
8075
8076
8078
8078
8079
8086
8088
8089
8091
8091
8092
8092
8093
8093
8095
8095
8096
8096
8098
8098
8099
8104
8105
8107
8107
8107
8108
8110
8110
8113
8116
8116
8119
8125
8133
8134
8135
8136
8136
8137
8140
8144
8145
8146
8147
8148
8148
8153
8153
8154
8156
8157
8162
8163
8163
8165
8165
8168
8170
8174
8179
8179
8179
8179
8185
8186
8186
8187
8191
8192
8193
8193
8195
8196
8202
8206
8211
8216
8216
8217
8217
8220
8222
8225
8229
8233
8234
8236
8237
8238
8239
8240
8246
8250
8258
8262
8262
8265
8268
8275
8276
8276
8279
8286
8287
8290
8294
8297
8300
8300
8300
8302
8303
8306
8307
8310
8310
8313
8315
8316
8317
8318
8323
8324
8326
8327
8344
8347
8348
8349
8352
8353
8353
8354
8356
8361
8363
8367
8368
8369
8373
8373
8375
8381
8381
8382
8383
8387
8390
8391
8394
8395
8396
8397
8397
8399
8402
8403
8407
8407
8409
8409
8410
8413
8414
8416
8417
8418
8419
8420
8421
8423
8424
8429
8432
8432
8434
8435
8436
8439
8448
8452
8453
8454
8462
8463
8464
8465
8469
8469
8470
8471
8473
8477
8478
8479
8479
8481
8487
8487
8494
8495
8501
8501
8504
8506
8509
8510
8510
8512
8515
8515
8516
8517
8519
8521
8526
8529
8529
8530
8532
8534
8537
8537
8540
8540
8541
8543
8543
8545
8550
8550
8552
8556
8558
8561
8562
8563
8563
8565
8565
8574
8576
8579
8579
8580
8588
8588
8590
8591
8592
8607
8608
8612
8613
8614
8616
8620
8621
8621
8623
8623
8628
8636
8639
8640
8642
8643
8643
8644
8645
8649
8649
8649
8650
8650
8650
8653
8653
8654
8656
8657
8659
8660
8663
8666
8668
8670
8671
8671
8678
8681
8682
8682
8684
8685
8685
8690
8690
8692
8694
8695
8696
8697
8698
8698
8701
8701
8704
8711
8712
8713
8716
8716
8717
8720
8721
8722
8722
8723
8726
8726
8726
8732
8734
8735
8738
8751
8752
8754
8754
8755
8756
8758
8760
8760
8767
8771
8772
8772
8772
8773
8774
8776
8778
8778
8784
8784
8785
8787
8787
8795
8796
8799
8802
8806
8808
8808
8810
8810
8814
8815
8815
8815
8818
8821
8823
8823
8823
8827
8828
8833
8841
8845
8849
8855
8858
8859
8865
8868
8870
8880
8880
8884
8892
8894
8895
8901
8905
8906
8907
8910
8910
8913
8914
8914
8915
8919
8920
8924
8924
8927
8930
8930
8931
8933
8935
8939
8941
8948
8957
8957
8957
8962
8962
8964
8964
8964
8966
8967
8968
8968
8974
8974
8976
8977
8977
8977
8978
8982
8983
8984
8986
8989
8992
8994
8994
8998
8999
8999
9007
9007
9009
9010
9011
9013
9019
9019
9019
9021
9022
9022
9024
9026
9028
9031
9034
9034
9042
9043
9050
9054
9059
9059
9060
9061
9068
9073
9075
9076
9078
9079
9081
9084
9085
9087
9088
9089
9089
9093
9095
9101
9104
9105
9106
9108
9113
9116
9119
9122
9125
9127
9128
9128
9131
9132
9136
9143
9148
9152
9154
9154
9157
9158
9168
9169
9177
9177
9181
9184
9186
9187
9189
9189
9190
9193
9195
9197
9197
9198
9199
9199
9199
9205
9212
9212
9212
9212
9217
9217
9219
9223
9225
9233
9237
9238
9244
9247
9250
9254
9255
9257
9258
9261
9261
9263
9264
9264
9267
9279
9285
9285
9289
9289
9292
9292
9295
9297
9301
9302
9304
9305
9306
9311
9311
9313
9314
9321
9323
9324
9325
9325
9325
9334
9336
9336
9342
9345
9346
9346
9349
9350
9351
9353
9358
9358
9358
9359
9361
9361
9362
9363
9365
9366
9372
9373
9380
9380
9381
9381
9384
9385
9387
9387
9391
9392
9395
9395
9401
9405
9405
9413
9413
9413
9416
9419
9420
9420
9425
9426
9427
9430
9431
9434
9435
9440
9440
9440
9443
9449
9452
9454
9454
9457
9457
9462
9463
9468
9473
9473
9474
9477
9478
9482
9483
9484
9489
9490
9491
9492
9492
9494
9500
9509
9514
9515
9518
9518
9520
9521
9522
9522
9523
9529
9534
9537
9541
9544
9545
9547
9551
9551
9553
9557
9558
9559
9559
9563
9575
9578
9580
9582
9583
9585
9587
9590
9590
9601
9602
9608
9608
9614
9614
9616
9620
9620
9620
9621
9622
9624
9624
9626
9626
9628
9633
9637
9641
9648
9648
9653
9657
9659
9659
9660
9660
9661
9662
9663
9668
9672
9673
9676
9679
9680
9689
9693
9693
9694
9698
9700
9702
9704
9705
9716
9718
9719
9720
9722
9723
9725
9728
9730
9732
9737
9737
9742
9743
9745
9751
9751
9753
9756
9757
9758
9760
9764
9767
9768
9769
9769
9770
9771
9774
9774
9776
9777
9778
9778
9780
9784
9784
9785
9792
9795
9803
9803
9806
9808
9809
9810
9810
9813
9819
9822
9827
9828
9829
9829
9834
9836
9837
9837
9838
9838
9839
9842
9845
9845
9849
9851
9854
9855
9857
9864
9868
9872
9874
9876
9876
9877
9878
9878
9882
9883
9884
9887
9887
9888
9889
9891
9895
9896
9900
9903
9904
9906
9908
9908
9910
9910
9911
9913
9915
9920
9921
9922
9923
9923
9925
9931
9932
9934
9938
9940
9951
9952
9954
9954
9954
9955
9957
9959
9959
9960
9962
9963
9964
9965
9969
9970
9972
9972
9973
9973
9974
9984
9985
9988
9989
9989
9990
9993
9993
9993
9995
10003
10003
10004
10007
10008
10009
10011
10012
10013
10015
10016
10026
10028
10031
10033
10035
10038
10039
10041
10045
10048
10050
10053
10057
10058
10062
10067
10068
10071
10073
10073
10075
10076
10076
10081
10083
10084
10085
10087
10089
10089
10090
10091
10094
10094
10095
10097
10098
10101
10103
10104
10106
10108
10108
10110
10111
10111
10116
10117
10120
10127
10133
10141
10141
10141
10142
10145
10147
10154
10157
10162
10162
10163
10173
10178
10179
10180
10183
10184
10186
10187
10190
10193
10195
10195
10196
10199
10199
10204
10205
10210
10213
10213
10213
10219
10220
10221
10224
10227
10229
10235
10237
10237
10239
10240
10241
10243
10246
10247
10249
10250
10254
10263
10265
10272
10273
10276
10277
10283
10288
10289
10292
10294
10296
10296
10298
10299
10305
10307
10310
10310
10313
10313
10318
10321
10321
10322
10326
10327
10328
10333
10334
10335
10336
10337
10343
10344
10345
10349
10350
10354
10356
10356
10357
10362
10364
10364
10365
10366
10368
10370
10370
10370
10371
10376
10379
10379
10383
10386
10389
10396
10397
10398
10398
10405
10420
10422
10426
10426
10431
10431
10433
10437
10441
10444
10447
10448
10449
10450
10456
10460
10462
10462
10464
10465
10466
10469
10471
10471
10475
10476
10477
10477
10478
10478
10480
10484
10485
10488
10490
10493
10494
10496
10498
10499
10500
10504
10508
10511
10513
10518
10522
10527
10527
10530
10535
10537
10540
10541
10554
10555
10563
10564
10566
10569
10569
10577
10584
10585
10587
10590
10599
10603
10606
10610
10610
10612
10614
10615
10616
10617
10623
10624
10628
10629
10630
10633
10637
10638
10638
10642
10643
10644
10645
10645
10645
10646
10646
10648
10648
10649
10651
10651
10654
10654
10655
10658
10664
10664
10665
10666
10667
10667
10683
10687
10688
10693
10695
10696
10699
10703
10711
10711
10718
10723
10723
10724
10725
10732
10736
10737
10738
10739
10740
10740
10742
10743
10747
10750
10750
10751
10752
10753
10755
10759
10760
10766
10767
10769
10772
10773
10777
10779
10779
10780
10784
10784
10785
10785
10786
10793
10793
10795
10796
10799
10803
10804
10804
10804
10806
10807
10807
10808
10808
10809
10811
10814
10819
10825
10827
10828
10828
10831
10835
10838
10844
10849
10850
10851
10852
10853
10859
10861
10863
10863
10867
10868
10874
10880
10880
10881
10882
10882
10884
10888
10889
10892
10897
10898
10898
10914
10917
10919
10922
10922
10922
10925
10933
10934
10934
10936
10938
10941
10943
10943
10946
10949
10955
10957
10961
10965
10972
10974
10975
10980
10981
10984
10986
10986
10988
10990
10991
10992
11004
11006
11007
11010
11013
11016
11017
11021
11027
11029
11030
11031
11031
11032
11033
11039
11039
11045
11049
11050
11056
11064
11071
11074
11078
11086
11089
11089
11094
11094
11095
11096
11100
11100
11100
11102
11102
11106
11107
11107
11110
11116
11119
11124
11126
11128
11129
11130
11131
11131
11132
11133
11138
11138
11144
11145
11148
11150
11151
11160
11163
11165
11171
11171
11173
11176
11176
11178
11179
11189
11189
11195
11195
11196
11198
11199
11199
11201
11206
11208
11214
11221
11222
11225
11227
11228
11232
11235
11238
11240
11247
11251
11257
11257
11261
11262
11266
11268
11269
11271
11271
11272
11277
11278
11280
11283
11286
11289
11291
11296
11298
11298
11299
11299
11305
11308
11311
11313
11313
11317
11318
11319
11323
11323
11325
11334
11340
11344
11349
11349
11350
11353
11353
11354
11360
11361
11362
11366
11376
11378
11378
11378
11379
11380
11383
11387
11392
11407
11407
11408
11410
11412
11413
11414
11415
11422
11422
11425
11425
11430
11431
11434
11435
11437
11443
11445
11455
11460
11461
11462
11463
11464
11465
11466
11467
11481
11484
11487
11489
11491
11491
11492
11494
11501
11508
11508
11509
11510
11511
11512
11513
11519
11520
11521
11524
11524
11526
11530
11531
11534
11535
11535
11538
11543
11544
11544
11545
11546
11550
11554
11558
11559
11562
11567
11568
11575
11580
11583
11584
11589
11593
11593
11600
11600
11601
11602
11602
11603
11603
11606
11607
11607
11609
11614
11617
11622
11625
11626
11627
11632
11634
11636
11641
11641
11643
11645
11649
11657
11660
11661
11663
11667
11668
11670
11673
11674
11675
11677
11677
11679
11682
11685
11687
11690
11691
11692
11695
11697
11698
11701
11702
11703
11703
11703
11708
11709
11711
11713
11714
11714
11716
11720
11721
11723
11724
11726
11735
11735
11737
11741
11742
11743
11747
11754
11761
11763
11763
11767
11773
11779
11780
11782
11782
11783
11783
11786
11788
11789
11790
11793
11794
11796
11802
11805
11819
11820
11821
11821
11824
11828
11830
11830
11830
11831
11831
11840
11844
11845
11845
11850
11851
11851
11854
11856
11858
11860
11860
11862
11862
11864
11870
11875
11876
11879
11880
11882
11886
11890
11891
11892
11896
11897
11897
11904
11907
11909
11914
11916
11923
11930
11933
11935
11938
11938
11941
11941
11942
11946
11949
11950
11952
11953
11954
11955
11955
11958
11960
11960
11962
11968
11968
11969
11979
11983
11987
11991
11991
11992
11995
11998
11998
12010
12010
12016
12027
12034
12036
12037
12037
12039
12042
12043
12045
12045
12045
12046
12046
12048
12054
12054
12059
12060
12060
12062
12062
12063
12070
12072
12076
12080
12081
12087
12087
12088
12091
12091
12092
12093
12094
12099
12101
12102
12105
12109
12113
12114
12114
12114
12117
12121
12122
12123
12124
12127
12127
12128
12129
12130
12131
12133
12133
12140
12146
12148
12152
12153
12156
12157
12158
12158
12162
12172
12174
12179
12185
12185
12186
12188
12188
12193
12194
12195
12197
12198
12198
12202
12206
12207
12208
12208
12210
12212
12214
12216
12218
12218
12222
12222
12225
12232
12237
12237
12240
12247
12248
12248
12248
12250
12252
12252
12256
12258
12262
12264
12268
12268
12270
12287
12292
12292
12294
12294
12294
12296
12300
12300
12302
12310
12311
12311
12312
12315
12315
12316
12319
12322
12324
12327
12327
12330
12330
12331
12334
12335
12337
12340
12341
12341
12341
12345
12345
12345
12347
12352
12356
12365
12367
12368
12372
12375
12381
12383
12383
12385
12387
12393
12393
12404
12409
12412
12419
12420
12422
12426
12428
12429
12430
12437
12438
12446
12448
12451
12452
12452
12453
12454
12456
12459
12459
12462
12463
12463
12463
12466
12469
12470
12470
12471
12471
12474
12489
12490
12491
12494
12495
12496
12497
12498
12500
12500
12500
12501
12503
12504
12504
12507
12509
12511
12513
12515
12516
12529
12529
12530
12531
12531
12533
12534
12536
12540
12543
12547
12547
12548
12555
12556
12557
12560
12560
12568
12573
12574
12581
12582
12582
12584
12587
12587
12592
12593
12594
12595
12596
12599
12604
12604
12612
12613
12616
12617
12618
12619
12619
12625
12626
12627
12628
12632
12633
12633
12635
12636
12637
12639
12641
12643
12643
12645
12645
12647
12648
12654
12655
12655
12659
12659
12663
12664
12665
12668
12679
12682
12682
12688
12688
12688
12689
12692
12694
12696
12699
12702
12702
12706
12711
12713
12713
12716
12724
12726
12727
12728
12730
12733
12733
12736
12737
12737
12740
12742
12743
12743
12747
12751
12756
12765
12767
12768
12771
12771
12776
12777
12779
12781
12782
12787
12796
12796
12797
12798
12799
12800
12801
12805
12809
12811
12811
12816
12819
12825
12825
12826
12828
12830
12833
12833
12834
12838
12839
12840
12841
12841
12842
12844
12844
12846
12846
12848
12850
12860
12860
12865
12869
12872
12874
12877
12878
12885
12885
12886
12887
12891
12895
12896
12896
12896
12899
12899
12899
12900
12901
12902
12903
12903
12903
12905
12906
12908
12909
12912
12913
12913
12917
12919
12926
12927
12928
12930
12931
12933
12935
12937
12939
12939
12944
12945
12945
12948
12948
12948
12949
12950
12951
12951
12951
12953
12962
12964
12968
12973
12974
12976
12979
12980
12984
12985
12987
12988
12991
12993
12993
12995
12996
12997
12998
12999
13009
13011
13012
13013
13026
13028
13029
13032
13033
13033
13034
13035
13035
13039
13046
13050
13050
13052
13064
13068
13069
13073
13074
13075
13077
13089
13091
13092
13097
13100
13100
13101
13101
13101
13104
13112
13122
13125
13125
13135
13135
13137
13139
13139
13141
13143
13144
13145
13150
13152
13152
13156
13158
13160
13163
13164
13165
13166
13169
13172
13178
13181
13183
13183
13184
13184
13186
13187
13188
13190
13192
13196
13197
13198
13198
13202
13202
13203
13203
13208
13212
13213
13214
13214
13214
13218
13219
13227
13230
13230
13233
13235
13238
13241
13243
13245
13249
13250
13251
13255
13258
13258
13260
13262
13263
13264
13268
13270
13271
13271
13277
13279
13286
13286
13287
13300
13302
13303
13305
13309
13309
13309
13310
13317
13317
13318
13321
13321
13329
13330
13330
13331
13333
13336
13336
13338
13339
13342
13344
13345
13346
13349
13353
13354
13357
13357
13362
13362
13362
13368
13375
13377
13377
13380
13382
13384
13385
13386
13389
13391
13391
13392
13395
13396
13403
13403
13404
13409
13412
13418
13424
13426
13432
13432
13433
13438
13439
13440
13445
13447
13447
13450
13452
13455
13456
13456
13458
13461
13462
13463
13464
13468
13469
13472
13472
13476
13477
13478
13481
13482
13482
13482
13486
13489
13489
13490
13490
13495
13497
13497
13499
13503
13504
13506
13508
13509
13514
13518
13520
13520
13522
13523
13524
13527
13528
13531
13534
13538
13540
13546
13550
13555
13556
13556
13557
13558
13561
13563
13578
13582
13585
13586
13587
13587
13592
13594
13594
13595
13601
13601
13603
13605
13607
13611
13611
13613
13614
13616
13616
13617
13618
13621
13627
13628
13629
13629
13630
13632
13633
13636
13639
13640
13641
13645
13648
13648
13648
13651
13652
13654
13657
13659
13659
13660
13665
13666
13667
13670
13671
13672
13680
13681
13682
13685
13685
13685
13688
13693
13695
13698
13699
13704
13704
13705
13707
13708
13711
13711
13712
13716
13717
13720
13723
13723
13723
13725
13725
13727
13728
13728
13729
13729
13730
13732
13732
13733
13736
13745
13747
13755
13755
13756
13756
13762
13765
13765
13766
13775
13775
13779
13781
13781
13781
13788
13789
13797
13799
13802
13802
13806
13807
13811
13813
13814
13816
13816
13818
13823
13825
13826
13826
13826
13827
13832
13833
13833
13834
13835
13838
13840
13844
13847
13848
13849
13849
13858
13861
13862
13864
13865
13867
13868
13869
13872
13873
13875
13875
13881
13881
13883
13884
13885
13895
13898
13907
13909
13912
13914
13921
13921
13922
13923
13923
13925
13927
13931
13933
13936
13939
13940
13943
13944
13945
13945
13945
13946
13954
13964
13967
13968
13969
13970
13970
13973
13976
13978
13982
13983
13989
13990
13992
13996
13997
14001
14001
14006
14009
14012
14014
14016
14024
14025
14026
14026
14027
14028
14030
14036
14039
14040
14042
14043
14045
14046
14047
14048
14048
14051
14056
14056
14060
14061
14064
14066
14067
14069
14072
14074
14076
14081
14082
14083
14084
14084
14086
14089
14095
14096
14101
14105
14105
14109
14111
14114
14119
14123
14123
14124
14131
14135
14135
14138
14138
14142
14142
14149
14154
14159
14163
14163
14165
14170
14172
14172
14179
14182
14183
14184
14185
14186
14188
14190
14190
14195
14200
14201
14205
14209
14211
14211
14216
14218
14225
14227
14233
14235
14235
14236
14238
14239
14240
14241
14241
14242
14242
14244
14249
14249
14251
14251
14257
14267
14268
14269
14270
14273
14273
14274
14275
14276
14280
14281
14285
14285
14287
14303
14303
14303
14304
14304
14305
14306
14310
14315
14318
14319
14321
14324
14326
14326
14326
14326
14329
14334
14338
14343
14344
14346
14347
14348
14348
14350
14351
14354
14357
14359
14365
14366
14367
14369
14370
14376
14379
14379
14382
14382
14383
14384
14386
14389
14392
14397
14399
14404
14404
14406
14415
14416
14417
14417
14420
14422
14425
14427
14431
14439
14440
14447
14447
14450
14452
14452
14452
14454
14455
14460
14461
14462
14467
14470
14474
14474
14478
14479
14486
14489
14491
14493
14494
14495
14500
14500
14502
14504
14505
14506
14508
14515
14519
14524
14531
14531
14535
14536
14538
14539
14544
14544
14545
14546
14548
14554
14555
14559
14560
14560
14561
14562
14566
14568
14572
14572
14573
14575
14577
14578
14579
14584
14585
14587
14587
14588
14588
14594
14596
14597
14606
14606
14609
14612
14612
14612
14615
14615
14618
14618
14620
14620
14622
14623
14629
14630
14632
14636
14638
14641
14642
14647
14648
14648
14649
14650
14655
14656
14657
14663
14668
14668
14675
14675
14683
14686
14688
14691
14691
14692
14692
14693
14697
14698
14700
14701
14707
14709
14712
14712
14714
14715
14718
14721
14721
14724
14727
14734
14736
14737
14740
14741
14742
14746
14748
14749
14753
14758
14760
14763
14766
14769
14774
14775
14776
14776
14776
14781
14787
14788
14788
14788
14789
14790
14792
14793
14793
14795
14795
14797
14801
14808
14810
14812
14812
14814
14815
14815
14816
14820
14821
14823
14824
14826
14827
14830
14833
14834
14835
14838
14840
14844
14846
14848
14850
14852
14852
14854
14858
14865
14865
14868
14869
14869
14869
14870
14870
14874
14876
14877
14878
14879
14890
14892
14894
14900
14900
14901
14906
14906
14907
14910
14913
14914
14916
14919
14921
14923
14923
14925
14931
14932
14933
14933
14936
14936
14936
14939
14941
14942
14944
14947
14949
14949
14950
14954
14956
14957
14957
14963
14969
14971
14972
14973
14976
14976
14981
14982
14991
14992
14992
