
3290
, 184
, 50
, 196
, 38
, 150
, 84
, 37
, 197
, 231
, 3
, 203
, 31
, 51
, 183
, 126
, 108
, 44
, 190
, 168
, 66
, 94
, 140
, 159
, 75
, 231
, 3
, 232
, 2
, 154
, 80
, 170
, 64
, 60
, 174
, 194
, 40
, 162
, 72
, 201
, 33
, 40
, 194
, 215
, 19
, 138
, 96
, 101
, 133
, 107
, 127
, 80
, 154
, 124
, 110
, 222
, 12
, 201
, 33
, 139
, 95
, 196
, 38
, 130
, 104
, 44
, 190
, 190
, 44
, 140
, 94
, 139
, 95
, 38
, 196
, 67
, 167
, 1
, 233
, 207
, 27
, 1
, 233
, 3
, 231
, 105
, 129
, 98
, 136
, 25
, 209
, 63
, 171
, 28
, 206
, 201
, 33
, 31
, 203
, 147
, 87
, 92
, 142
, 7
, 227
, 137
, 97
, 164
, 70
, 213
, 21
, 98
, 136
, 67
, 167
, 195
, 39
, 108
, 126
, 39
, 195
, 177
, 57
, 69
, 165
, 179
, 55
, 29
, 205
, 100
, 134
, 217
, 17
, 62
, 172
, 97
, 137
, 91
, 143
, 61
, 173
, 216
, 18
, 89
, 145
, 231
, 3
, 70
, 164
, 47
, 187
, 196
, 38
, 211
, 23
, 67
, 167
, 14
, 220
, 80
, 154
, 150
, 84
, 164
, 70
, 81
, 153
, 124
, 110
, 48
, 186
, 126
, 108
, 14
, 220
, 229
, 5
, 59
, 175
, 5
, 229
, 225
, 9
, 86
, 148
, 171
, 63
, 136
, 98
, 151
, 83
, 32
, 202
, 148
, 86
, 159
, 75
, 52
, 182
, 2
, 232
, 99
, 135
, 56
, 178
, 159
, 75
, 69
, 165
, 75
, 159
, 99
, 135
, 117
, 117
, 139
, 95
, 165
, 69
, 43
, 191
, 147
, 87
, 47
, 187
, 37
, 197
, 91
, 143
, 105
, 129
, 173
, 61
, 190
, 44
, 126
, 108
, 39
, 195
, 174
, 60
, 93
, 141
, 62
, 172
, 102
, 132
, 114
, 120
, 14
, 220
, 148
, 86
, 64
, 170
, 156
, 78
, 66
, 168
, 107
, 127
, 214
, 20
, 214
, 20
, 144
, 90
, 187
, 47
, 26
, 208
, 62
, 172
, 121
, 113
, 55
, 179
, 128
, 106
, 85
, 149
, 72
, 162
, 136
, 98
, 45
, 189
, 51
, 183
, 139
, 95
, 66
, 168
, 28
, 206
, 203
, 31
, 98
, 136
, 15
, 219
, 122
, 112
, 153
, 81
, 6
, 228
, 49
, 185
, 158
, 76
, 188
, 46
, 174
, 60
, 14
, 220
, 61
, 173
, 44
, 190
, 139
, 95
, 79
, 155
, 177
, 57
, 55
, 179
, 128
, 106
, 152
, 82
, 232
, 2
, 22
, 212
, 28
, 206
, 140
, 94
, 30
, 204
, 226
, 8
, 193
, 41
, 96
, 138
, 58
, 176
, 31
, 203
, 34
, 200
, 199
, 35
, 53
, 181
, 114
, 120
, 218
, 16
, 153
, 81
, 171
, 63
, 229
, 5
, 195
, 39
, 6
, 228
, 89
, 145
, 134
, 100
, 89
, 145
, 59
, 175
, 30
, 204
, 42
, 192
, 228
, 6
, 54
, 180
, 82
, 152
, 214
, 20
, 52
, 182
, 37
, 197
, 46
, 188
, 59
, 175
, 92
, 142
, 48
, 186
, 178
, 56
, 175
, 59
, 47
, 187
, 119
, 115
, 178
, 56
, 72
, 162
, 219
, 15
, 104
, 130
, 202
, 32
, 58
, 176
, 182
, 52
, 22
, 212
, 202
, 32
, 6
, 228
, 185
, 49
, 48
, 186
, 43
, 191
, 114
, 120
, 86
, 148
, 227
, 7
, 14
, 220
, 56
, 178
, 135
, 99
, 34
, 200
, 7
, 227
, 157
, 77
, 88
, 146
, 43
, 191
, 231
, 3
, 53
, 181
, 167
, 67
, 123
, 111
, 57
, 177
, 45
, 189
, 183
, 51
, 9
, 225
, 17
, 217
, 105
, 129
, 210
, 24
, 130
, 104
, 117
, 117
, 152
, 82
, 127
, 107
, 36
, 198
, 68
, 166
, 47
, 187
, 23
, 211
, 180
, 54
, 61
, 173
, 84
, 150
, 57
, 177
, 112
, 122
, 146
, 88
, 124
, 110
, 230
, 4
, 50
, 184
, 182
, 52
, 215
, 19
, 87
, 147
, 107
, 127
, 26
, 208
, 35
, 199
, 71
, 163
, 1
, 233
, 191
, 43
, 136
, 98
, 81
, 153
, 103
, 131
, 54
, 180
, 206
, 28
, 66
, 168
, 97
, 137
, 35
, 199
, 100
, 134
, 161
, 73
, 196
, 38
, 205
, 29
, 196
, 38
, 142
, 92
, 215
, 19
, 62
, 172
, 97
, 137
, 175
, 59
, 114
, 120
, 119
, 115
, 7
, 227
, 3
, 231
, 202
, 32
, 143
, 91
, 105
, 129
, 125
, 109
, 209
, 25
, 50
, 184
, 98
, 136
, 61
, 173
, 132
, 102
, 129
, 105
, 96
, 138
, 184
, 50
, 137
, 97
, 139
, 95
, 32
, 202
, 184
, 50
, 178
, 56
, 97
, 137
, 6
, 228
, 157
, 77
, 161
, 73
, 187
, 47
, 20
, 214
, 148
, 86
, 160
, 74
, 112
, 122
, 103
, 131
, 191
, 43
, 113
, 121
, 56
, 178
, 33
, 201
, 10
, 224
, 112
, 122
, 193
, 41
, 6
, 228
, 141
, 93
, 158
, 76
, 109
, 125
, 222
, 12
, 12
, 222
, 193
, 41
, 200
, 34
, 214
, 20
, 222
, 12
, 57
, 177
, 66
, 168
, 183
, 51
, 206
, 28
, 146
, 88
, 74
, 160
, 24
, 210
, 200
, 34
, 101
, 133
, 68
, 166
, 143
, 91
, 67
, 167
, 26
, 208
, 48
, 186
, 216
, 18
, 59
, 175
, 216
, 18
, 111
, 123
, 152
, 82
, 47
, 187
, 138
, 96
, 214
, 20
, 177
, 57
, 90
, 144
, 170
, 64
, 141
, 93
, 39
, 195
, 199
, 35
, 90
, 144
, 148
, 86
, 192
, 42
, 39
, 195
, 24
, 210
, 132
, 102
, 188
, 46
, 184
, 50
, 135
, 99
, 94
, 140
, 143
, 91
, 121
, 113
, 214
, 20
, 72
, 162
, 20
, 214
, 138
, 96
, 3
, 231
, 51
, 183
, 87
, 147
, 178
, 56
, 80
, 154
, 158
, 76
, 107
, 127
, 60
, 174
, 91
, 143
, 129
, 105
, 113
, 121
, 3
, 231
, 117
, 117
, 198
, 36
, 100
, 134
, 85
, 149
, 114
, 120
, 70
, 164
, 194
, 40
, 24
, 210
, 109
, 125
, 143
, 91
, 210
, 24
, 215
, 19
, 83
, 151
, 191
, 43
, 166
, 68
, 62
, 172
, 51
, 183
, 232
, 2
, 199
, 35
, 12
, 222
, 70
, 164
, 20
, 214
, 200
, 34
, 190
, 44
, 152
, 82
, 90
, 144
, 152
, 82
, 177
, 57
, 40
, 194
, 52
, 182
, 138
, 96
, 46
, 188
, 60
, 174
, 84
, 150
, 157
, 77
, 4
, 230
, 199
, 35
, 109
, 125
, 205
, 29
, 207
, 27
, 133
, 101
, 130
, 104
, 229
, 5
, 91
, 143
, 134
, 100
, 78
, 156
, 88
, 146
, 220
, 14
, 171
, 63
, 44
, 190
, 197
, 37
, 79
, 155
, 84
, 150
, 130
, 104
, 145
, 89
, 34
, 200
, 21
, 213
, 39
, 195
, 142
, 92
, 219
, 15
, 75
, 159
, 215
, 19
, 38
, 196
, 207
, 27
, 197
, 37
, 175
, 59
, 147
, 87
, 56
, 178
, 217
, 17
, 209
, 25
, 25
, 209
, 227
, 7
, 44
, 190
, 223
, 11
, 128
, 106
, 26
, 208
, 220
, 14
, 193
, 41
, 10
, 224
, 29
, 205
, 112
, 122
, 10
, 224
, 52
, 182
, 104
, 130
, 195
, 39
, 92
, 142
, 92
, 142
, 87
, 147
, 185
, 49
, 7
, 227
, 206
, 28
, 222
, 12
, 133
, 101
, 187
, 47
, 29
, 205
, 135
, 99
, 36
, 198
, 76
, 158
, 203
, 31
, 71
, 163
, 31
, 203
, 100
, 134
, 117
, 117
, 101
, 133
, 21
, 213
, 73
, 161
, 180
, 54
, 153
, 81
, 62
, 172
, 80
, 154
, 98
, 136
, 192
, 42
, 158
, 76
, 90
, 144
, 45
, 189
, 113
, 121
, 91
, 143
, 56
, 178
, 120
, 114
, 182
, 52
, 19
, 215
, 63
, 171
, 90
, 144
, 105
, 129
, 215
, 19
, 64
, 170
, 187
, 47
, 179
, 55
, 37
, 197
, 199
, 35
, 177
, 57
, 2
, 232
, 169
, 65
, 227
, 7
, 203
, 31
, 57
, 177
, 56
, 178
, 184
, 50
, 189
, 45
, 177
, 57
, 171
, 63
, 83
, 151
, 205
, 29
, 148
, 86
, 157
, 77
, 52
, 182
, 14
, 220
, 96
, 138
, 174
, 60
, 3
, 231
, 67
, 167
, 65
, 169
, 173
, 61
, 101
, 133
, 175
, 59
, 160
, 74
, 23
, 211
, 117
, 117
, 107
, 127
, 162
, 72
, 98
, 136
, 190
, 44
, 165
, 69
, 221
, 13
, 221
, 13
, 15
, 219
, 7
, 227
, 125
, 109
, 226
, 8
, 43
, 191
, 64
, 170
, 144
, 90
, 66
, 168
, 177
, 57
, 178
, 56
, 230
, 4
, 95
, 139
, 51
, 183
, 99
, 135
, 179
, 55
, 99
, 135
, 162
, 72
, 101
, 133
, 133
, 101
, 195
, 39
, 56
, 178
, 178
, 56
, 22
, 212
, 94
, 140
, 55
, 179
, 211
, 23
, 159
, 75
, 184
, 50
, 104
, 130
, 34
, 200
, 100
, 134
, 84
, 150
, 191
, 43
, 82
, 152
, 68
, 166
, 185
, 49
, 119
, 115
, 192
, 42
, 186
, 48
, 33
, 201
, 213
, 21
, 113
, 121
, 87
, 147
, 147
, 87
, 101
, 133
, 220
, 14
, 19
, 215
, 181
, 53
, 220
, 14
, 57
, 177
, 125
, 109
, 120
, 114
, 127
, 107
, 45
, 189
, 108
, 126
, 163
, 71
, 217
, 17
, 232
, 2
, 61
, 173
, 55
, 179
, 209
, 25
, 212
, 22
, 5
, 229
, 210
, 24
, 36
, 198
, 158
, 76
, 205
, 29
, 51
, 183
, 180
, 54
, 174
, 60
, 198
, 36
, 157
, 77
, 86
, 148
, 23
, 211
, 9
, 225
, 7
, 227
, 137
, 97
, 231
, 3
, 134
, 100
, 213
, 21
, 48
, 186
, 139
, 95
, 96
, 138
, 191
, 43
, 95
, 139
, 60
, 174
, 83
, 151
, 102
, 132
, 40
, 194
, 117
, 117
, 163
, 71
, 102
, 132
, 70
, 164
, 32
, 202
, 57
, 177
, 221
, 13
, 157
, 77
, 216
, 18
, 60
, 174
, 204
, 30
, 232
, 2
, 157
, 77
, 152
, 82
, 117
, 117
, 115
, 119
, 89
, 145
, 67
, 167
, 92
, 142
, 1
, 233
, 231
, 3
, 194
, 40
, 100
, 134
, 197
, 37
, 218
, 16
, 225
, 9
, 213
, 21
, 82
, 152
, 198
, 36
, 153
, 81
, 207
, 27
, 219
, 15
, 75
, 159
, 202
, 32
, 121
, 113
, 9
, 225
, 109
, 125
, 213
, 21
, 31
, 203
, 10
, 224
, 194
, 40
, 66
, 168
, 106
, 128
, 127
, 107
, 58
, 176
, 232
, 2
, 132
, 102
, 39
, 195
, 227
, 7
, 110
, 124
, 160
, 74
, 228
, 6
, 173
, 61
, 47
, 187
, 149
, 85
, 42
, 192
, 102
, 132
, 150
, 84
, 78
, 156
, 33
, 201
, 111
, 123
, 199
, 35
, 166
, 68
, 183
, 51
, 29
, 205
, 215
, 19
, 12
, 222
, 59
, 175
, 1
, 233
, 85
, 149
, 172
, 62
, 201
, 33
, 5
, 229
, 78
, 156
, 88
, 146
, 123
, 111
, 134
, 100
, 160
, 74
, 46
, 188
, 128
, 106
, 143
, 91
, 7
, 227
, 188
, 46
, 2
, 232
, 154
, 80
, 68
, 166
, 95
, 139
, 144
, 90
, 116
, 118
, 152
, 82
, 190
, 44
, 7
, 227
, 12
, 222
, 181
, 53
, 32
, 202
, 106
, 128
, 211
, 23
, 36
, 198
, 34
, 200
, 149
, 85
, 196
, 38
, 223
, 11
, 196
, 38
, 4
, 230
, 52
, 182
, 32
, 202
, 181
, 53
, 75
, 159
, 76
, 158
, 225
, 9
, 127
, 107
, 108
, 126
, 181
, 53
, 51
, 183
, 6
, 228
, 225
, 9
, 224
, 10
, 23
, 211
, 110
, 124
, 21
, 213
, 16
, 218
, 136
, 98
, 30
, 204
, 49
, 185
, 18
, 216
, 111
, 123
, 155
, 79
, 137
, 97
, 128
, 106
, 177
, 57
, 221
, 13
, 105
, 129
, 181
, 53
, 25
, 209
, 45
, 189
, 178
, 56
, 213
, 21
, 171
, 63
, 64
, 170
, 36
, 198
, 132
, 102
, 133
, 101
, 192
, 42
, 75
, 159
, 180
, 54
, 208
, 26
, 195
, 39
, 149
, 85
, 174
, 60
, 172
, 62
, 173
, 61
, 165
, 69
, 196
, 38
, 57
, 177
, 3
, 231
, 224
, 10
, 186
, 48
, 35
, 199
, 144
, 90
, 12
, 222
, 130
, 104
, 29
, 205
, 156
, 78
, 148
, 86
, 131
, 103
, 26
, 208
, 161
, 73
, 114
, 120
, 74
, 160
, 93
, 141
, 19
, 215
, 144
, 90
, 143
, 91
, 7
, 227
, 171
, 63
, 118
, 116
, 27
, 207
, 48
, 186
, 218
, 16
, 137
, 97
, 119
, 115
, 31
, 203
, 106
, 128
, 9
, 225
, 27
, 207
, 109
, 125
, 88
, 146
, 174
, 60
, 115
, 119
, 193
, 41
, 89
, 145
, 170
, 64
, 50
, 184
, 138
, 96
, 170
, 64
, 135
, 99
, 24
, 210
, 118
, 116
, 202
, 32
, 215
, 19
, 184
, 50
, 37
, 197
, 228
, 6
, 217
, 17
, 40
, 194
, 159
, 75
, 117
, 117
, 63
, 171
, 60
, 174
, 219
, 15
, 31
, 203
, 168
, 66
, 104
, 130
, 29
, 205
, 30
, 204
, 60
, 174
, 169
, 65
, 217
, 17
, 191
, 43
, 128
, 106
, 79
, 155
, 203
, 31
, 205
, 29
, 77
, 157
, 24
, 210
, 154
, 80
, 70
, 164
, 83
, 151
, 17
, 217
, 11
, 223
, 170
, 64
, 142
, 92
, 168
, 66
, 109
, 125
, 129
, 105
, 216
, 18
, 17
, 217
, 230
, 4
, 159
, 75
, 217
, 17
, 118
, 116
, 152
, 82
, 99
, 135
, 206
, 28
, 168
, 66
, 66
, 168
, 57
, 177
, 117
, 117
, 55
, 179
, 10
, 224
, 201
, 33
, 19
, 215
, 167
, 67
, 151
, 83
, 17
, 217
, 67
, 167
, 148
, 86
, 163
, 71
, 6
, 228
, 134
, 100
, 22
, 212
, 100
, 134
, 216
, 18
, 223
, 11
, 135
, 99
, 98
, 136
, 111
, 123
, 60
, 174
, 8
, 226
, 84
, 150
, 89
, 145
, 83
, 151
, 79
, 155
, 187
, 47
, 114
, 120
, 79
, 155
, 60
, 174
, 56
, 178
, 94
, 140
, 76
, 158
, 1
, 233
, 13
, 221
, 170
, 64
, 51
, 183
, 15
, 219
, 51
, 183
, 65
, 169
, 67
, 167
, 7
, 227
, 22
, 212
, 48
, 186
, 65
, 169
, 62
, 172
, 157
, 77
, 31
, 203
, 125
, 109
, 53
, 181
, 64
, 170
, 122
, 112
, 16
, 218
, 159
, 75
, 119
, 115
, 86
, 148
, 112
, 122
, 72
, 162
, 109
, 125
, 171
, 63
, 8
, 226
, 27
, 207
, 126
, 108
, 182
, 52
, 39
, 195
, 227
, 7
, 23
, 211
, 37
, 197
, 145
, 89
, 62
, 172
, 170
, 64
, 81
, 153
, 30
, 204
, 147
, 87
, 62
, 172
, 200
, 34
, 113
, 121
, 50
, 184
, 201
, 33
, 94
, 140
, 120
, 114
, 3
, 231
, 71
, 163
, 109
, 125
, 115
, 119
, 84
, 150
, 61
, 173
, 80
, 154
, 163
, 71
, 5
, 229
, 67
, 167
, 58
, 176
, 184
, 50
, 231
, 3
, 19
, 215
, 209
, 25
, 169
, 65
, 70
, 164
, 102
, 132
, 138
, 96
, 37
, 197
, 10
, 224
, 182
, 52
, 145
, 89
, 205
, 29
, 230
, 4
, 190
, 44
, 184
, 50
, 70
, 164
, 191
, 43
, 29
, 205
, 165
, 69
, 192
, 42
, 102
, 132
, 28
, 206
, 140
, 94
, 47
, 187
, 145
, 89
, 156
, 78
, 124
, 110
, 33
, 201
, 76
, 158
, 133
, 101
, 212
, 22
, 7
, 227
, 121
, 113
, 229
, 5
, 154
, 80
, 35
, 199
, 187
, 47
, 104
, 130
, 59
, 175
, 227
, 7
, 147
, 87
, 38
, 196
, 209
, 25
, 29
, 205
, 171
, 63
, 22
, 212
, 135
, 99
, 229
, 5
, 187
, 47
, 42
, 192
, 122
, 112
, 145
, 89
, 144
, 90
, 117
, 117
, 23
, 211
, 194
, 40
, 226
, 8
, 219
, 15
, 134
, 100
, 118
, 116
, 37
, 197
, 95
, 139
, 120
, 114
, 28
, 206
, 12
, 222
, 174
, 60
, 226
, 8
, 10
, 224
, 214
, 20
, 134
, 100
, 34
, 200
, 100
, 134
, 8
, 226
, 132
, 102
, 28
, 206
, 93
, 141
, 26
, 208
, 1
, 233
, 64
, 170
, 162
, 72
, 148
, 86
, 163
, 71
, 8
, 226
, 4
, 230
, 224
, 10
, 232
, 2
, 202
, 32
, 12
, 222
, 51
, 183
, 10
, 224
, 98
, 136
, 108
, 126
, 180
, 54
, 181
, 53
, 164
, 70
, 13
, 221
, 51
, 183
, 53
, 181
, 216
, 18
, 94
, 140
, 118
, 116
, 22
, 212
, 96
, 138
, 40
, 194
, 18
, 216
, 175
, 59
, 44
, 190
, 138
, 96
, 137
, 97
, 211
, 23
, 222
, 12
, 161
, 73
, 203
, 31
, 193
, 41
, 215
, 19
, 205
, 29
, 7
, 227
, 35
, 199
, 184
, 50
, 84
, 150
, 210
, 24
, 228
, 6
, 36
, 198
, 69
, 165
, 220
, 14
, 60
, 174
, 208
, 26
, 130
, 104
, 14
, 220
, 143
, 91
, 82
, 152
, 141
, 93
, 167
, 67
, 122
, 112
, 185
, 49
, 66
, 168
, 128
, 106
, 181
, 53
, 150
, 84
, 27
, 207
, 156
, 78
, 148
, 86
, 80
, 154
, 99
, 135
, 200
, 34
, 70
, 164
, 200
, 34
, 228
, 6
, 168
, 66
, 60
, 174
, 76
, 158
, 108
, 126
, 156
, 78
, 93
, 141
, 166
, 68
, 60
, 174
, 34
, 200
, 91
, 143
, 128
, 106
, 197
, 37
, 185
, 49
, 2
, 232
, 78
, 156
, 136
, 98
, 166
, 68
, 49
, 185
, 57
, 177
, 76
, 158
, 164
, 70
, 51
, 183
, 68
, 166
, 163
, 71
, 176
, 58
, 150
, 84
, 143
, 91
, 30
, 204
, 183
, 51
, 52
, 182
, 208
, 26
, 108
, 126
, 153
, 81
, 71
, 163
, 232
, 2
, 119
, 115
, 184
, 50
, 53
, 181
, 222
, 12
, 228
, 6
, 188
, 46
, 106
, 128
, 147
, 87
, 76
, 158
, 122
, 112
, 157
, 77
, 68
, 166
, 2
, 232
, 99
, 135
, 153
, 81
, 128
, 106
, 30
, 204
, 99
, 135
, 86
, 148
, 131
, 103
, 177
, 57
, 30
, 204
, 230
, 4
, 44
, 190
, 89
, 145
, 141
, 93
, 122
, 112
, 148
, 86
, 170
, 64
, 14
, 220
, 29
, 205
, 161
, 73
, 67
, 167
, 150
, 84
, 174
, 60
, 165
, 69
, 143
, 91
, 86
, 148
, 94
, 140
, 140
, 94
, 51
, 183
, 221
, 13
, 112
, 122
, 143
, 91
, 112
, 122
, 82
, 152
, 52
, 182
, 204
, 30
, 43
, 191
, 59
, 175
, 51
, 183
, 201
, 33
, 181
, 53
, 187
, 47
, 79
, 155
, 15
, 219
, 60
, 174
, 27
, 207
, 36
, 198
, 5
, 229
, 141
, 93
, 26
, 208
, 91
, 143
, 183
, 51
, 103
, 131
, 60
, 174
, 74
, 160
, 104
, 130
, 228
, 6
, 74
, 160
, 153
, 81
, 80
, 154
, 232
, 2
, 38
, 196
, 2
, 232
, 70
, 164
, 199
, 35
, 86
, 148
, 216
, 18
, 23
, 211
, 210
, 24
, 33
, 201
, 129
, 105
, 128
, 106
, 127
, 107
, 231
, 3
, 114
, 120
, 77
, 157
, 176
, 58
, 42
, 192
, 205
, 29
, 191
, 43
, 176
, 58
, 90
, 144
, 32
, 202
, 46
, 188
, 196
, 38
, 193
, 41
, 164
, 70
, 111
, 123
, 44
, 190
, 138
, 96
, 126
, 108
, 58
, 176
, 159
, 75
, 108
, 126
, 17
, 217
, 43
, 191
, 118
, 116
, 60
, 174
, 92
, 142
, 48
, 186
, 150
, 84
, 146
, 88
, 103
, 131
, 1
, 233
, 178
, 56
, 49
, 185
, 59
, 175
, 181
, 53
, 192
, 42
, 20
, 214
, 54
, 180
, 139
, 95
, 175
, 59
, 32
, 202
, 96
, 138
, 198
, 36
, 222
, 12
, 231
, 3
, 75
, 159
, 192
, 42
, 104
, 130
, 177
, 57
, 122
, 112
, 95
, 139
, 106
, 128
, 146
, 88
, 209
, 25
, 111
, 123
, 1
, 233
, 24
, 210
, 7
, 227
, 218
, 16
, 154
, 80
, 49
, 185
, 186
, 48
, 62
, 172
, 28
, 206
, 93
, 141
, 198
, 36
, 195
, 39
, 230
, 4
, 143
, 91
, 211
, 23
, 89
, 145
, 220
, 14
, 61
, 173
, 65
, 169
, 172
, 62
, 47
, 187
, 180
, 54
, 102
, 132
, 208
, 26
, 47
, 187
, 138
, 96
, 14
, 220
, 57
, 177
, 87
, 147
, 192
, 42
, 182
, 52
, 93
, 141
, 203
, 31
, 197
, 37
, 208
, 26
, 122
, 112
, 57
, 177
, 199
, 35
, 200
, 34
, 124
, 110
, 140
, 94
, 113
, 121
, 60
, 174
, 208
, 26
, 207
, 27
, 27
, 207
, 225
, 9
, 212
, 22
, 28
, 206
, 46
, 188
, 103
, 131
, 197
, 37
, 117
, 117
, 120
, 114
, 79
, 155
, 56
, 178
, 207
, 27
, 213
, 21
, 128
, 106
, 219
, 15
, 178
, 56
, 192
, 42
, 113
, 121
, 208
, 26
, 168
, 66
, 7
, 227
, 18
, 216
, 173
, 61
, 2
, 232
, 112
, 122
, 107
, 127
, 53
, 181
, 215
, 19
, 78
, 156
, 105
, 129
, 188
, 46
, 139
, 95
, 92
, 142
, 69
, 165
, 177
, 57
, 217
, 17
, 172
, 62
, 93
, 141
, 182
, 52
, 7
, 227
, 85
, 149
, 214
, 20
, 204
, 30
, 207
, 27
, 204
, 30
, 150
, 84
, 114
, 120
, 176
, 58
, 161
, 73
, 70
, 164
, 101
, 133
, 229
, 5
, 119
, 115
, 151
, 83
, 194
, 40
, 210
, 24
, 159
, 75
, 54
, 180
, 64
, 170
, 102
, 132
, 232
, 2
, 97
, 137
, 75
, 159
, 116
, 118
, 142
, 92
, 155
, 79
, 198
, 36
, 96
, 138
, 109
, 125
, 150
, 84
, 136
, 98
, 155
, 79
, 65
, 169
, 160
, 74
, 73
, 161
, 196
, 38
, 64
, 170
, 34
, 200
, 146
, 88
, 142
, 92
, 100
, 134
, 166
, 68
, 35
, 199
, 82
, 152
, 217
, 17
, 19
, 215
, 114
, 120
, 61
, 173
, 11
, 223
, 158
, 76
, 183
, 51
, 83
, 151
, 125
, 109
, 7
, 227
, 208
, 26
, 123
, 111
, 225
, 9
, 223
, 11
, 141
, 93
, 120
, 114
, 1
, 233
, 206
, 28
, 220
, 14
, 139
, 95
, 217
, 17
, 173
, 61
, 133
, 101
, 79
, 155
, 58
, 176
, 100
, 134
, 58
, 176
, 91
, 143
, 175
, 59
, 224
, 10
, 162
, 72
, 46
, 188
, 18
, 216
, 139
, 95
, 201
, 33
, 172
, 62
, 225
, 9
, 92
, 142
, 106
, 128
, 232
, 2
, 171
, 63
, 14
, 220
, 92
, 142
, 183
, 51
, 1
, 233
, 7
, 227
, 103
, 131
, 93
, 141
, 82
, 152
, 67
, 167
, 21
, 213
, 157
, 77
, 4
, 230
, 155
, 79
, 123
, 111
, 204
, 30
, 189
, 45
, 62
, 172
, 209
, 25
, 163
, 71
, 107
, 127
, 216
, 18
, 220
, 14
, 226
, 8
, 44
, 190
, 69
, 165
, 40
, 194
, 11
, 223
, 229
, 5
, 105
, 129
, 134
, 100
, 122
, 112
, 128
, 106
, 40
, 194
, 131
, 103
, 207
, 27
, 70
, 164
, 193
, 41
, 12
, 222
, 105
, 129
, 39
, 195
, 213
, 21
, 131
, 103
, 43
, 191
, 67
, 167
, 181
, 53
, 88
, 146
, 7
, 227
, 167
, 67
, 198
, 36
, 203
, 31
, 20
, 214
, 224
, 10
, 70
, 164
, 12
, 222
, 198
, 36
, 150
, 84
, 121
, 113
, 31
, 203
, 41
, 193
, 131
, 103
, 26
, 208
, 83
, 151
, 31
, 203
, 108
, 126
, 41
, 193
, 9
, 225
, 143
, 91
, 108
, 126
, 83
, 151
, 53
, 181
, 13
, 221
, 56
, 178
, 79
, 155
, 144
, 90
, 32
, 202
, 121
, 113
, 61
, 173
, 126
, 108
, 74
, 160
, 207
, 27
, 177
, 57
, 194
, 40
, 117
, 117
, 55
, 179
, 190
, 44
, 13
, 221
, 70
, 164
, 133
, 101
, 224
, 10
, 190
, 44
, 221
, 13
, 204
, 30
, 19
, 215
, 224
, 10
, 72
, 162
, 148
, 86
, 103
, 131
, 25
, 209
, 87
, 147
, 31
, 203
, 7
, 227
, 109
, 125
, 127
, 107
, 181
, 53
, 94
, 140
, 136
, 98
, 148
, 86
, 2
, 232
, 92
, 142
, 123
, 111
, 114
, 120
, 117
, 117
, 11
, 223
, 232
, 2
, 225
, 9
, 107
, 127
, 140
, 94
, 187
, 47
, 60
, 174
, 210
, 24
, 50
, 184
, 8
, 226
, 39
, 195
, 25
, 209
, 176
, 58
, 189
, 45
, 108
, 126
, 105
, 129
, 35
, 199
, 48
, 186
, 136
, 98
, 27
, 207
, 98
, 136
, 23
, 211
, 63
, 171
, 138
, 96
, 83
, 151
, 52
, 182
, 217
, 17
, 3
, 231
, 213
, 21
, 138
, 96
, 7
, 227
, 53
, 181
, 146
, 88
, 156
, 78
, 186
, 48
, 94
, 140
, 21
, 213
, 173
, 61
, 117
, 117
, 119
, 115
, 44
, 190
, 102
, 132
, 146
, 88
, 193
, 41
, 8
, 226
, 31
, 203
, 19
, 215
, 188
, 46
, 210
, 24
, 110
, 124
, 135
, 99
, 208
, 26
, 227
, 7
, 80
, 154
, 215
, 19
, 68
, 166
, 129
, 105
, 5
, 229
, 67
, 167
, 102
, 132
, 133
, 101
, 119
, 115
, 162
, 72
, 48
, 186
, 229
, 5
, 134
, 100
, 158
, 76
, 5
, 229
, 202
, 32
, 34
, 200
, 100
, 134
, 216
, 18
, 79
, 155
, 41
, 193
, 180
, 54
, 136
, 98
, 2
, 232
, 228
, 6
, 39
, 195
, 194
, 40
, 156
, 78
, 31
, 203
, 80
, 154
, 73
, 161
, 8
, 226
, 19
, 215
, 74
, 160
, 176
, 58
, 141
, 93
, 131
, 103
, 54
, 180
, 5
, 229
, 80
, 154
, 34
, 200
, 147
, 87
, 195
, 39
, 194
, 40
, 10
, 224
, 77
, 157
, 184
, 50
, 133
, 101
, 131
, 103
, 40
, 194
, 16
, 218
, 98
, 136
, 135
, 99
, 65
, 169
, 176
, 58
, 224
, 10
, 209
, 25
, 169
, 65
, 231
, 3
, 46
, 188
, 33
, 201
, 137
, 97
, 46
, 188
, 145
, 89
, 162
, 72
, 55
, 179
, 60
, 174
, 123
, 111
, 107
, 127
, 56
, 178
, 122
, 112
, 113
, 121
, 88
, 146
, 88
, 146
, 170
, 64
, 88
, 146
, 63
, 171
, 178
, 56
, 231
, 3
, 124
, 110
, 213
, 21
, 3
, 231
, 15
, 219
, 46
, 188
, 23
, 211
, 22
, 212
, 90
, 144
, 206
, 28
, 85
, 149
, 212
, 22
, 2
, 232
, 101
, 133
, 107
, 127
, 169
, 65
, 13
, 221
, 117
, 117
, 113
, 121
, 173
, 61
, 110
, 124
, 100
, 134
, 204
, 30
, 50
, 184
, 143
, 91
, 190
, 44
, 61
, 173
, 204
, 30
, 176
, 58
, 198
, 36
, 135
, 99
, 161
, 73
, 228
, 6
, 210
, 24
, 72
, 162
, 32
, 202
, 229
, 5
, 67
, 167
, 219
, 15
, 37
, 197
, 43
, 191
, 51
, 183
, 34
, 200
, 121
, 113
, 45
, 189
, 189
, 45
, 127
, 107
, 134
, 100
, 122
, 112
, 223
, 11
, 108
, 126
, 35
, 199
, 74
, 160
, 121
, 113
, 164
, 70
, 225
, 9
, 120
, 114
, 116
, 118
, 213
, 21
, 191
, 43
, 185
, 49
, 127
, 107
, 127
, 107
, 192
, 42
, 28
, 206
, 150
, 84
, 159
, 75
, 190
, 44
, 144
, 90
, 214
, 20
, 67
, 167
, 150
, 84
, 151
, 83
, 75
, 159
, 232
, 2
, 27
, 207
, 86
, 148
, 196
, 38
, 191
, 43
, 199
, 35
, 15
, 219
, 160
, 74
, 101
, 133
, 135
, 99
, 23
, 211
, 27
, 207
, 122
, 112
, 17
, 217
, 131
, 103
, 25
, 209
, 101
, 133
, 101
, 133
, 144
, 90
, 13
, 221
, 153
, 81
, 35
, 199
, 203
, 31
, 131
, 103
, 152
, 82
, 12
, 222
, 83
, 151
, 184
, 50
, 47
, 187
, 208
, 26
, 152
, 82
, 31
, 203
, 10
, 224
, 137
, 97
, 110
, 124
, 191
, 43
, 201
, 33
, 165
, 69
, 183
, 51
, 93
, 141
, 165
, 69
, 63
, 171
, 161
, 73
, 152
, 82
, 100
, 134
, 65
, 169
, 35
, 199
, 70
, 164
, 136
, 98
, 102
, 132
, 43
, 191
, 160
, 74
, 213
, 21
, 195
, 39
, 140
, 94
, 78
, 156
, 149
, 85
, 198
, 36
, 61
, 173
, 195
, 39
, 92
, 142
, 13
, 221
, 116
, 118
, 158
, 76
, 81
, 153
, 76
, 158
, 179
, 55
, 159
, 75
, 94
, 140
, 180
, 54
, 196
, 38
, 83
, 151
, 76
, 158
, 197
, 37
, 144
, 90
, 33
, 201
, 50
, 184
, 201
, 33
, 180
, 54
, 201
, 33
, 187
, 47
, 10
, 224
, 54
, 180
, 123
, 111
, 133
, 101
, 220
, 14
, 4
, 230
, 133
, 101
, 1
, 233
, 198
, 36
, 221
, 13
, 153
, 81
, 44
, 190
, 163
, 71
, 230
, 4
, 195
, 39
, 30
, 204
, 6
, 228
, 97
, 137
, 189
, 45
, 161
, 73
, 32
, 202
, 48
, 186
, 135
, 99
, 197
, 37
, 216
, 18
, 47
, 187
, 225
, 9
, 85
, 149
, 232
, 2
, 199
, 35
, 199
, 35
, 188
, 46
, 80
, 154
, 7
, 227
, 14
, 220
, 82
, 152
, 102
, 132
, 85
, 149
, 149
, 85
, 31
, 203
, 56
, 178
, 68
, 166
, 187
, 47
, 186
, 48
, 20
, 214
, 200
, 34
, 109
, 125
, 179
, 55
, 34
, 200
, 118
, 116
, 171
, 63
, 46
, 188
, 101
, 133
, 115
, 119
, 231
, 3
, 62
, 172
, 13
, 221
, 55
, 179
, 103
, 131
, 169
, 65
, 109
, 125
, 84
, 150
, 169
, 65
, 98
, 136
, 133
, 101
, 137
, 97
, 101
, 133
, 105
, 129
, 49
, 185
, 146
, 88
, 120
, 114
, 194
, 40
, 212
, 22
, 108
, 126
, 157
, 77
, 159
, 75
, 145
, 89
, 3
, 231
, 226
, 8
, 162
, 72
, 174
, 60
, 37
, 197
, 156
, 78
, 225
, 9
, 42
, 192
, 103
, 131
, 201
, 33
, 114
, 120
, 75
, 159
, 40
, 194
, 128
, 106
, 227
, 7
, 4
, 230
, 155
, 79
, 132
, 102
, 46
, 188
, 191
, 43
, 121
, 113
, 151
, 83
, 176
, 58
, 210
, 24
, 66
, 168
, 98
, 136
, 97
, 137
, 148
, 86
, 69
, 165
, 157
, 77
, 227
, 7
, 133
, 101
, 4
, 230
, 174
, 60
, 67
, 167
, 134
, 100
, 182
, 52
, 91
, 143
, 173
, 61
, 82
, 152
, 206
, 28
, 62
, 172
, 163
, 71
, 57
, 177
, 54
, 180
, 73
, 161
, 87
, 147
, 118
, 116
, 71
, 163
, 61
, 173
, 174
, 60
, 78
, 156
, 153
, 81
, 191
, 43
, 12
, 222
, 130
, 104
, 86
, 148
, 190
, 44
, 192
, 42
, 136
, 98
, 8
, 226
, 10
, 224
, 80
, 154
, 104
, 130
, 19
, 215
, 200
, 34
, 153
, 81
, 63
, 171
, 213
, 21
, 117
, 117
, 121
, 113
, 9
, 225
, 78
, 156
, 38
, 196
, 202
, 32
, 2
, 232
, 41
, 193
, 138
, 96
, 208
, 26
, 97
, 137
, 64
, 170
, 143
, 91
, 141
, 93
, 208
, 26
, 21
, 213
, 150
, 84
, 201
, 33
, 121
, 113
, 184
, 50
, 7
, 227
, 28
, 206
, 95
, 139
, 27
, 207
, 62
, 172
, 129
, 105
, 3
, 231
, 5
, 229
, 10
, 224
, 72
, 162
, 34
, 200
, 192
, 42
, 107
, 127
, 88
, 146
, 131
, 103
, 42
, 192
, 144
, 90
, 78
, 156
, 183
, 51
, 136
, 98
, 28
, 206
, 101
, 133
, 65
, 169
, 177
, 57
, 89
, 145
, 159
, 75
, 18
, 216
, 184
, 50
, 137
, 97
, 227
, 7
, 107
, 127
, 150
, 84
, 122
, 112
, 202
, 32
, 144
, 90
, 183
, 51
, 4
, 230
, 58
, 176
, 100
, 134
, 32
, 202
, 120
, 114
, 10
, 224
, 107
, 127
, 2
, 232
, 25
, 209
, 178
, 56
, 179
, 55
, 53
, 181
, 112
, 122
, 31
, 203
, 63
, 171
, 218
, 16
, 158
, 76
, 215
, 19
, 154
, 80
, 181
, 53
, 207
, 27
, 186
, 48
, 87
, 147
, 196
, 38
, 184
, 50
, 226
, 8
, 154
, 80
, 1
, 233
, 205
, 29
, 166
, 68
, 172
, 62
, 174
, 60
, 71
, 163
, 78
, 156
, 41
, 193
, 203
, 31
, 94
, 140
, 132
, 102
, 223
, 11
, 82
, 152
, 122
, 112
, 7
, 227
, 27
, 207
, 18
, 216
, 150
, 84
, 9
, 225
, 18
, 216
, 38
, 196
, 93
, 141
, 95
, 139
, 175
, 59
, 113
, 121
, 23
, 211
, 137
, 97
, 76
, 158
, 56
, 178
, 227
, 7
, 144
, 90
, 43
, 191
, 110
, 124
, 46
, 188
, 94
, 140
, 10
, 224
, 146
, 88
, 197
, 37
, 175
, 59
, 203
, 31
, 175
, 59
, 159
, 75
, 101
, 133
, 63
, 171
, 24
, 210
, 43
, 191
, 50
, 184
, 106
, 128
, 89
, 145
, 34
, 200
, 36
, 198
, 160
, 74
, 158
, 76
, 197
, 37
, 190
, 44
, 65
, 169
, 22
, 212
, 134
, 100
, 26
, 208
, 173
, 61
, 58
, 176
, 78
, 156
, 130
, 104
, 119
, 115
, 42
, 192
, 114
, 120
, 194
, 40
, 1
, 233
, 163
, 71
, 195
, 39
, 125
, 109
, 135
, 99
, 23
, 211
, 8
, 226
, 144
, 90
, 70
, 164
, 176
, 58
, 5
, 229
, 162
, 72
, 214
, 20
, 10
, 224
, 77
, 157
, 91
, 143
, 157
, 77
, 77
, 157
, 71
, 163
, 137
, 97
, 228
, 6
, 184
, 50
, 110
, 124
, 48
, 186
, 208
, 26
, 156
, 78
, 182
, 52
, 94
, 140
, 151
, 83
, 55
, 179
, 47
, 187
, 160
, 74
, 31
, 203
, 217
, 17
, 117
, 117
, 174
, 60
, 194
, 40
, 9
, 225
, 185
, 49
, 100
, 134
, 172
, 62
, 7
, 227
, 50
, 184
, 133
, 101
, 126
, 108
, 147
, 87
, 122
, 112
, 222
, 12
, 166
, 68
, 176
, 58
, 59
, 175
, 91
, 143
, 195
, 39
, 41
, 193
, 138
, 96
, 81
, 153
, 19
, 215
, 212
, 22
, 74
, 160
, 80
, 154
, 8
, 226
, 76
, 158
, 123
, 111
, 76
, 158
, 125
, 109
, 106
, 128
, 111
, 123
, 89
, 145
, 172
, 62
, 21
, 213
, 140
, 94
, 30
, 204
, 152
, 82
, 20
, 214
, 89
, 145
, 65
, 169
, 118
, 116
, 158
, 76
, 5
, 229
, 204
, 30
, 141
, 93
, 199
, 35
, 12
, 222
, 82
, 152
, 224
, 10
, 103
, 131
, 92
, 142
, 42
, 192
, 133
, 101
, 159
, 75
, 1
, 233
, 165
, 69
, 30
, 204
, 18
, 216
, 124
, 110
, 96
, 138
, 132
, 102
, 195
, 39
, 183
, 51
, 53
, 181
, 70
, 164
, 159
, 75
, 146
, 88
, 210
, 24
, 48
, 186
, 41
, 193
, 99
, 135
, 87
, 147
, 39
, 195
, 13
, 221
, 44
, 190
, 14
, 220
, 169
, 65
, 56
, 178
, 46
, 188
, 107
, 127
, 146
, 88
, 231
, 3
, 119
, 115
, 107
, 127
, 80
, 154
, 53
, 181
, 197
, 37
, 220
, 14
, 214
, 20
, 188
, 46
, 163
, 71
, 110
, 124
, 123
, 111
, 222
, 12
, 31
, 203
, 158
, 76
, 203
, 31
, 77
, 157
, 50
, 184
, 63
, 171
, 185
, 49
, 155
, 79
, 20
, 214
, 221
, 13
, 68
, 166
, 165
, 69
, 171
, 63
, 34
, 200
, 207
, 27
, 164
, 70
, 218
, 16
, 47
, 187
, 199
, 35
, 229
, 5
, 57
, 177
, 165
, 69
, 122
, 112
, 72
, 162
, 67
, 167
, 102
, 132
, 71
, 163
, 147
, 87
, 29
, 205
, 14
, 220
, 194
, 40
, 12
, 222
, 42
, 192
, 15
, 219
, 37
, 197
, 136
, 98
, 97
, 137
, 158
, 76
, 94
, 140
, 227
, 7
, 204
, 30
, 73
, 161
, 41
, 193
, 83
, 151
, 228
, 6
, 5
, 229
, 21
, 213
, 183
, 51
, 48
, 186
, 75
, 159
, 92
, 142
, 26
, 208
, 228
, 6
, 217
, 17
, 21
, 213
, 17
, 217
, 41
, 193
, 87
, 147
, 122
, 112
, 80
, 154
, 143
, 91
, 149
, 85
, 213
, 21
, 55
, 179
, 209
, 25
, 37
, 197
, 201
, 33
, 165
, 69
, 201
, 33
, 83
, 151
, 128
, 106
, 23
, 211
, 129
, 105
, 43
, 191
, 8
, 226
, 203
, 31
, 47
, 187
, 7
, 227
, 113
, 121
, 15
, 219
, 34
, 200
, 65
, 169
, 37
, 197
, 12
, 222
, 100
, 134
, 3
, 231
, 61
, 173
, 64
, 170
, 50
, 184
, 91
, 143
, 102
, 132
, 57
, 177
, 7
, 227
, 111
, 123
, 130
, 104
, 146
, 88
, 11
, 223
, 44
, 190
, 6
, 228
, 163
, 71
, 12
, 222
, 226
, 8
, 35
, 199
, 45
, 189
, 84
, 150
, 221
, 13
, 225
, 9
, 73
, 161
, 135
, 99
, 17
, 217
, 167
, 67
, 37
, 197
, 163
, 71
, 226
, 8
, 187
, 47
, 36
, 198
, 148
, 86
, 4
, 230
, 139
, 95
, 109
, 125
, 4
, 230
, 204
, 30
, 210
, 24
, 71
, 163
, 45
, 189
, 210
, 24
, 203
, 31
, 200
, 34
, 25
, 209
, 10
, 224
, 81
, 153
, 212
, 22
, 9
, 225
, 31
, 203
, 118
, 116
, 199
, 35
, 221
, 13
, 74
, 160
, 103
, 131
, 26
, 208
, 206
, 28
, 132
, 102
, 197
, 37
, 47
, 187
, 89
, 145
, 32
, 202
, 53
, 181
, 41
, 193
, 74
, 160
, 120
, 114
, 11
, 223
, 66
, 168
, 197
, 37
, 4
, 230
, 31
, 203
, 52
, 182
, 63
, 171
, 97
, 137
, 157
, 77
, 18
, 216
, 67
, 167
, 11
, 223
, 93
, 141
, 65
, 169
, 227
, 7
, 85
, 149
, 204
, 30
, 105
, 129
, 166
, 68
, 37
, 197
, 81
, 153
, 55
, 179
, 130
, 104
, 187
, 47
, 89
, 145
, 158
, 76
, 186
, 48
, 215
, 19
, 125
, 109
, 43
, 191
, 24
, 210
, 80
, 154
, 73
, 161
, 175
, 59
, 212
, 22
, 67
, 167
, 23
, 211
, 169
, 65
, 187
, 47
, 196
, 38
, 35
, 199
, 92
, 142
, 167
, 67
, 146
, 88
, 38
, 196
, 33
, 201
, 66
, 168
, 191
, 43
, 131
, 103
, 117
, 117
, 125
, 109
, 36
, 198
, 64
, 170
, 174
, 60
, 191
, 43
, 151
, 83
, 108
, 126
, 224
, 10
, 74
, 160
, 186
, 48
, 45
, 189
, 210
, 24
, 167
, 67
, 115
, 119
, 67
, 167
, 18
, 216
, 77
, 157
, 191
, 43
, 69
, 165
, 69
, 165
, 190
, 44
, 187
, 47
, 52
, 182
, 228
, 6
, 168
, 66
, 222
, 12
, 156
, 78
, 198
, 36
, 158
, 76
, 128
, 106
, 136
, 98
, 152
, 82
, 225
, 9
, 4
, 230
, 148
, 86
, 174
, 60
, 61
, 173
, 34
, 200
, 145
, 89
, 131
, 103
, 20
, 214
, 120
, 114
, 53
, 181
, 181
, 53
, 90
, 144
, 170
, 64
, 90
, 144
, 38
, 196
, 164
, 70
, 121
, 113
, 82
, 152
, 182
, 52
, 173
, 61
, 207
, 27
, 169
, 65
, 143
, 91
, 11
, 223
, 216
, 18
, 214
, 20
, 142
, 92
, 151
, 83
, 111
, 123
, 134
, 100
, 57
, 177
, 52
, 182
, 65
, 169
, 66
, 168
, 29
, 205
, 149
, 85
, 14
, 220
, 156
, 78
, 133
, 101
, 56
, 178
, 121
, 113
, 200
, 34
, 10
, 224
, 127
, 107
, 209
, 25
, 182
, 52
, 209
, 25
, 156
, 78
, 120
, 114
, 227
, 7
, 156
, 78
, 45
, 189
, 55
, 179
, 25
, 209
, 92
, 142
, 172
, 62
, 127
, 107
, 217
, 17
, 78
, 156
, 181
, 53
, 96
, 138
, 83
, 151
, 47
, 187
, 225
, 9
, 84
, 150
, 122
, 112
, 59
, 175
, 133
, 101
, 105
, 129
, 35
, 199
, 231
, 3
, 43
, 191
, 127
, 107
, 9
, 225
, 208
, 26
, 216
, 18
, 143
, 91
, 157
, 77
, 88
, 146
, 2
, 232
, 188
, 46
, 222
, 12
, 50
, 184
, 118
, 116
, 66
, 168
, 3
, 231
, 179
, 55
, 137
, 97
, 11
, 223
, 194
, 40
, 185
, 49
, 163
, 71
, 17
, 217
, 196
, 38
, 17
, 217
, 164
, 70
, 61
, 173
, 136
, 98
, 201
, 33
, 26
, 208
, 104
, 130
, 232
, 2
, 76
, 158
, 140
, 94
, 187
, 47
, 150
, 84
, 81
, 153
, 162
, 72
, 53
, 181
, 63
, 171
, 109
, 125
, 222
, 12
, 133
, 101
, 227
, 7
, 147
, 87
, 174
, 60
, 68
, 166
, 140
, 94
, 146
, 88
, 26
, 208
, 35
, 199
, 135
, 99
, 110
, 124
, 133
, 101
, 54
, 180
, 50
, 184
, 45
, 189
, 92
, 142
, 149
, 85
, 8
, 226
, 51
, 183
, 6
, 228
, 35
, 199
, 196
, 38
, 86
, 148
, 7
, 227
, 206
, 28
, 70
, 164
, 99
, 135
, 167
, 67
, 122
, 112
, 144
, 90
, 151
, 83
, 120
, 114
, 6
, 228
, 156
, 78
, 5
, 229
, 206
, 28
, 139
, 95
, 26
, 208
, 193
, 41
, 218
, 16
, 132
, 102
, 114
, 120
, 227
, 7
, 205
, 29
, 180
, 54
, 231
, 3
, 114
, 120
, 70
, 164
, 58
, 176
, 145
, 89
, 60
, 174
, 106
, 128
, 91
, 143
, 132
, 102
, 26
, 208
, 166
, 68
, 193
, 41
, 54
, 180
, 167
, 67
, 200
, 34
, 103
, 131
, 139
, 95
, 8
, 226
, 105
, 129
, 195
, 39
, 221
, 13
, 80
, 154
, 18
, 216
, 205
, 29
, 6
, 228
, 138
, 96
, 31
, 203
, 187
, 47
, 152
, 82
, 54
, 180
, 163
, 71
, 115
, 119
, 135
, 99
, 184
, 50
, 110
, 124
, 146
, 88
, 191
, 43
, 26
, 208
, 111
, 123
, 190
, 44
, 212
, 22
, 3
, 231
, 139
, 95
, 98
, 136
, 184
, 50
, 172
, 62
, 148
, 86
, 213
, 21
, 86
, 148
, 68
, 166
, 60
, 174
, 8
, 226
, 88
, 146
, 78
, 156
, 225
, 9
, 151
, 83
, 222
, 12
, 24
, 210
, 230
, 4
, 27
, 207
, 114
, 120
, 129
, 105
, 207
, 27
, 59
, 175
, 132
, 102
, 138
, 96
, 123
, 111
, 224
, 10
, 153
, 81
, 72
, 162
, 187
, 47
, 166
, 68
, 152
, 82
, 61
, 173
, 131
, 103
, 159
, 75
, 174
, 60
, 49
, 185
, 194
, 40
, 63
, 171
, 73
, 161
, 50
, 184
, 150
, 84
, 126
, 108
, 143
, 91
, 179
, 55
, 14
, 220
, 199
, 35
, 44
, 190
, 175
, 59
, 30
, 204
, 121
, 113
, 143
, 91
, 133
, 101
, 54
, 180
, 140
, 94
, 225
, 9
, 68
, 166
, 39
, 195
, 123
, 111
, 19
, 215
, 60
, 174
, 227
, 7
, 145
, 89
, 81
, 153
, 35
, 199
, 48
, 186
, 158
, 76
, 115
, 119
, 79
, 155
, 22
, 212
, 167
, 67
, 50
, 184
, 47
, 187
, 15
, 219
, 23
, 211
, 230
, 4
, 5
, 229
, 41
, 193
, 75
, 159
, 124
, 110
, 26
, 208
, 3
, 231
, 45
, 189
, 152
, 82
, 1
, 233
, 225
, 9
, 47
, 187
, 5
, 229
, 29
, 205
, 204
, 30
, 75
, 159
, 22
, 212
, 172
, 62
, 177
, 57
, 54
, 180
, 192
, 42
, 232
, 2
, 121
, 113
, 177
, 57
, 43
, 191
, 213
, 21
, 222
, 12
, 3
, 231
, 178
, 56
, 2
, 232
, 219
, 15
, 41
, 193
, 63
, 171
, 139
, 95
, 212
, 22
, 39
, 195
, 32
, 202
, 60
, 174
, 140
, 94
, 102
, 132
, 170
, 64
, 201
, 33
, 63
, 171
, 212
, 22
, 157
, 77
, 120
, 114
, 163
, 71
, 18
, 216
, 132
, 102
, 183
, 51
, 211
, 23
, 7
, 227
, 96
, 138
, 169
, 65
, 51
, 183
, 150
, 84
, 169
, 65
, 71
, 163
, 52
, 182
, 221
, 13
, 174
, 60
, 43
, 191
, 151
, 83
, 216
, 18
, 133
, 101
, 210
, 24
, 55
, 179
, 45
, 189
, 9
, 225
, 19
, 215
, 18
, 216
, 218
, 16
, 3
, 231
, 96
, 138
, 200
, 34
, 94
, 140
, 127
, 107
, 50
, 184
, 126
, 108
, 215
, 19
, 117
, 117
, 134
, 100
, 17
, 217
, 221
, 13
, 64
, 170
, 85
, 149
, 64
, 170
, 184
, 50
, 93
, 141
, 92
, 142
, 113
, 121
, 57
, 177
, 67
, 167
, 6
, 228
, 134
, 100
, 182
, 52
, 5
, 229
, 71
, 163
, 193
, 41
, 146
, 88
, 44
, 190
, 108
, 126
, 179
, 55
, 67
, 167
, 166
, 68
, 30
, 204
, 11
, 223
, 158
, 76
, 47
, 187
, 76
, 158
, 11
, 223
, 169
, 65
, 68
, 166
, 205
, 29
, 228
, 6
, 226
, 8
, 198
, 36
, 4
, 230
, 221
, 13
, 72
, 162
, 219
, 15
, 61
, 173
, 57
, 177
, 170
, 64
, 57
, 177
, 73
, 161
, 158
, 76
, 113
, 121
, 197
, 37
, 19
, 215
, 228
, 6
, 4
, 230
, 207
, 27
, 138
, 96
, 112
, 122
, 75
, 159
, 178
, 56
, 67
, 167
, 74
, 160
, 101
, 133
, 55
, 179
, 128
, 106
, 44
, 190
, 24
, 210
, 29
, 205
, 25
, 209
, 209
, 25
, 117
, 117
, 194
, 40
, 14
, 220
, 85
, 149
, 126
, 108
, 128
, 106
, 30
, 204
, 195
, 39
, 9
, 225
, 191
, 43
, 99
, 135
, 70
, 164
, 168
, 66
, 226
, 8
, 229
, 5
, 9
, 225
, 142
, 92
, 182
, 52
, 15
, 219
, 76
, 158
, 166
, 68
, 43
, 191
, 141
, 93
, 170
, 64
, 111
, 123
, 9
, 225
, 57
, 177
, 129
, 105
, 65
, 169
, 133
, 101
, 23
, 211
, 44
, 190
, 225
, 9
, 33
, 201
, 153
, 81
, 214
, 20
, 211
, 23
, 64
, 170
, 214
, 20
, 74
, 160
, 149
, 85
, 38
, 196
, 223
, 11
, 37
, 197
, 28
, 206
, 224
, 10
, 29
, 205
, 92
, 142
, 90
, 144
, 108
, 126
, 218
, 16
, 176
, 58
, 27
, 207
, 86
, 148
, 167
, 67
, 51
, 183
, 3
, 231
, 178
, 56
, 10
, 224
, 177
, 57
, 125
, 109
, 184
, 50
, 178
, 56
, 3
, 231
, 162
, 72
, 185
, 49
, 85
, 149
, 117
, 117
, 47
, 187
, 32
, 202
, 87
, 147
, 142
, 92
, 85
, 149
, 229
, 5
, 176
, 58
, 67
, 167
, 182
, 52
, 36
, 198
, 87
, 147
, 63
, 171
, 107
, 127
, 231
, 3
, 18
, 216
, 107
, 127
, 222
, 12
, 93
, 141
, 210
, 24
, 23
, 211
, 138
, 96
, 228
, 6
, 78
, 156
, 131
, 103
, 118
, 116
, 196
, 38
, 229
, 5
, 183
, 51
, 7
, 227
, 188
, 46
, 55
, 179
, 73
, 161
, 138
, 96
, 140
, 94
, 156
, 78
, 43
, 191
, 78
, 156
, 43
, 191
, 207
, 27
, 111
, 123
, 123
, 111
, 59
, 175
, 101
, 133
, 94
, 140
, 44
, 190
, 40
, 194
, 8
, 226
, 10
, 224
, 72
, 162
, 26
, 208
, 211
, 23
, 78
, 156
, 23
, 211
, 223
, 11
, 114
, 120
, 7
, 227
, 19
, 215
, 11
, 223
, 195
, 39
, 43
, 191
, 214
, 20
, 108
, 126
, 187
, 47
, 23
, 211
, 41
, 193
, 3
, 231
, 85
, 149
, 129
, 105
, 88
, 146
, 142
, 92
, 137
, 97
, 116
, 118
, 69
, 165
, 60
, 174
, 158
, 76
, 185
, 49
, 19
, 215
, 104
, 130
, 79
, 155
, 60
, 174
, 209
, 25
, 77
, 157
, 225
, 9
, 157
, 77
, 148
, 86
, 229
, 5
, 84
, 150
, 116
, 118
, 108
, 126
, 206
, 28
, 144
, 90
, 21
, 213
, 81
, 153
, 105
, 129
, 178
, 56
, 225
, 9
, 186
, 48
, 131
, 103
, 45
, 189
, 205
, 29
, 118
, 116
, 10
, 224
, 205
, 29
, 147
, 87
, 189
, 45
, 206
, 28
, 22
, 212
, 39
, 195
, 123
, 111
, 31
, 203
, 222
, 12
, 157
, 77
, 105
, 129
, 62
, 172
, 223
, 11
, 206
, 28
, 232
, 2
, 203
, 31
, 136
, 98
, 97
, 137
, 144
, 90
, 151
, 83
, 67
, 167
, 24
, 210
, 8
, 226
, 168
, 66
, 27
, 207
, 121
, 113
, 198
, 36
, 145
, 89
, 21
, 213
, 149
, 85
, 50
, 184
, 210
, 24
, 2
, 232
, 59
, 175
, 63
, 171
, 90
, 144
, 121
, 113
, 171
, 63
, 27
, 207
, 148
, 86
, 80
, 154
, 177
, 57
, 119
, 115
, 216
, 18
, 166
, 68
, 215
, 19
, 87
, 147
, 145
, 89
, 142
, 92
, 174
, 60
, 149
, 85
, 36
, 198
, 168
, 66
, 48
, 186
, 166
, 68
, 101
, 133
, 22
, 212
, 70
, 164
, 79
, 155
, 170
, 64
, 28
, 206
, 92
, 142
, 73
, 161
, 49
, 185
, 156
, 78
, 200
, 34
, 68
, 166
, 49
, 185
, 29
, 205
, 114
, 120
, 55
, 179
, 176
, 58
, 158
, 76
, 81
, 153
, 204
, 30
, 82
, 152
, 163
, 71
, 92
, 142
, 143
, 91
, 187
, 47
, 148
, 86
, 17
, 217
, 16
, 218
, 39
, 195
, 127
, 107
, 211
, 23
, 102
, 132
, 40
, 194
, 3
, 231
, 6
, 228
, 179
, 55
, 66
, 168
, 29
, 205
, 60
, 174
, 73
, 161
, 34
, 200
, 213
, 21
, 165
, 69
, 55
, 179
, 130
, 104
, 67
, 167
, 51
, 183
, 169
, 65
, 40
, 194
, 166
, 68
, 191
, 43
, 95
, 139
, 212
, 22
, 80
, 154
, 87
, 147
, 44
, 190
, 168
, 66
, 194
, 40
, 125
, 109
, 68
, 166
, 229
, 5
, 92
, 142
, 220
, 14
, 100
, 134
, 108
, 126
, 97
, 137
, 142
, 92
, 119
, 115
, 168
, 66
, 109
, 125
, 67
, 167
, 226
, 8
, 167
, 67
, 131
, 103
, 54
, 180
, 135
, 99
, 173
, 61
, 136
, 98
, 76
, 158
, 183
, 51
, 200
, 34
, 94
, 140
, 128
, 106
, 168
, 66
, 121
, 113
, 91
, 143
, 94
, 140
, 195
, 39
, 221
, 13
, 221
, 13
, 77
, 157
, 196
, 38
, 192
, 42
, 216
, 18
, 14
, 220
, 106
, 128
, 53
, 181
, 102
, 132
, 109
, 125
, 40
, 194
, 221
, 13
, 42
, 192
, 54
, 180
, 102
, 132
, 17
, 217
, 185
, 49
, 182
, 52
, 26
, 208
, 173
, 61
, 35
, 199
, 3
, 231
, 173
, 61
