
3300
, 59
, 80
, 29
, 110
, 123
, 16
, 58
, 81
, 130
, 9
, 128
, 11
, 9
, 130
, 128
, 11
, 22
, 117
, 37
, 102
, 15
, 124
, 120
, 19
, 79
, 60
, 20
, 119
, 51
, 88
, 10
, 129
, 132
, 7
, 127
, 12
, 117
, 22
, 58
, 81
, 130
, 9
, 47
, 92
, 39
, 100
, 2
, 137
, 58
, 81
, 13
, 126
, 54
, 85
, 74
, 65
, 38
, 101
, 89
, 50
, 106
, 33
, 130
, 9
, 58
, 81
, 85
, 54
, 59
, 80
, 76
, 63
, 97
, 42
, 87
, 52
, 93
, 46
, 43
, 96
, 112
, 27
, 3
, 136
, 74
, 65
, 109
, 30
, 6
, 133
, 101
, 38
, 1
, 138
, 99
, 40
, 61
, 78
, 45
, 94
, 45
, 94
, 67
, 72
, 6
, 133
, 31
, 108
, 65
, 74
, 85
, 54
, 66
, 73
, 109
, 30
, 100
, 39
, 48
, 91
, 87
, 52
, 66
, 73
, 44
, 95
, 44
, 95
, 42
, 97
, 27
, 112
, 136
, 3
, 94
, 45
, 27
, 112
, 36
, 103
, 129
, 10
, 8
, 131
, 95
, 44
, 81
, 58
, 97
, 42
, 127
, 12
, 69
, 70
, 114
, 25
, 119
, 20
, 42
, 97
, 111
, 28
, 90
, 49
, 45
, 94
, 125
, 14
, 109
, 30
, 57
, 82
, 9
, 130
, 20
, 119
, 24
, 115
, 30
, 109
, 46
, 93
, 80
, 59
, 62
, 77
, 106
, 33
, 60
, 79
, 5
, 134
, 136
, 3
, 49
, 90
, 80
, 59
, 50
, 89
, 58
, 81
, 32
, 107
, 73
, 66
, 90
, 49
, 112
, 27
, 10
, 129
, 96
, 43
, 74
, 65
, 137
, 2
, 118
, 21
, 47
, 92
, 130
, 9
, 47
, 92
, 133
, 6
, 98
, 41
, 70
, 69
, 119
, 20
, 9
, 130
, 65
, 74
, 104
, 35
, 21
, 118
, 24
, 115
, 61
, 78
, 56
, 83
, 23
, 116
, 113
, 26
, 61
, 78
, 2
, 137
, 42
, 97
, 97
, 42
, 101
, 38
, 38
, 101
, 121
, 18
, 76
, 63
, 70
, 69
, 80
, 59
, 96
, 43
, 87
, 52
, 79
, 60
, 53
, 86
, 39
, 100
, 84
, 55
, 61
, 78
, 77
, 62
, 113
, 26
, 64
, 75
, 88
, 51
, 120
, 19
, 102
, 37
, 120
, 19
, 58
, 81
, 74
, 65
, 44
, 95
, 23
, 116
, 5
, 134
, 8
, 131
, 13
, 126
, 29
, 110
, 123
, 16
, 16
, 123
, 127
, 12
, 110
, 29
, 42
, 97
, 60
, 79
, 24
, 115
, 82
, 57
, 102
, 37
, 10
, 129
, 1
, 138
, 80
, 59
, 103
, 36
, 38
, 101
, 46
, 93
, 28
, 111
, 71
, 68
, 52
, 87
, 21
, 118
, 8
, 131
, 9
, 130
, 16
, 123
, 108
, 31
, 3
, 136
, 93
, 46
, 43
, 96
, 121
, 18
, 137
, 2
, 19
, 120
, 93
, 46
, 15
, 124
, 49
, 90
, 108
, 31
, 26
, 113
, 134
, 5
, 27
, 112
, 12
, 127
, 130
, 9
, 86
, 53
, 90
, 49
, 87
, 52
, 8
, 131
, 1
, 138
, 87
, 52
, 24
, 115
, 25
, 114
, 42
, 97
, 41
, 98
, 76
, 63
, 53
, 86
, 43
, 96
, 126
, 13
, 15
, 124
, 85
, 54
, 14
, 125
, 23
, 116
, 74
, 65
, 111
, 28
, 48
, 91
, 24
, 115
, 135
, 4
, 103
, 36
, 54
, 85
, 72
, 67
, 18
, 121
, 91
, 48
, 117
, 22
, 122
, 17
, 52
, 87
, 76
, 63
, 79
, 60
, 21
, 118
, 86
, 53
, 28
, 111
, 7
, 132
, 2
, 137
, 71
, 68
, 112
, 27
, 32
, 107
, 118
, 21
, 41
, 98
, 28
, 111
, 48
, 91
, 15
, 124
, 35
, 104
, 108
, 31
, 41
, 98
, 1
, 138
, 93
, 46
, 45
, 94
, 25
, 114
, 26
, 113
, 105
, 34
, 44
, 95
, 116
, 23
, 126
, 13
, 5
, 134
, 58
, 81
, 8
, 131
, 51
, 88
, 25
, 114
, 17
, 122
, 121
, 18
, 114
, 25
, 67
, 72
, 135
, 4
, 16
, 123
, 137
, 2
, 125
, 14
, 127
, 12
, 20
, 119
, 28
, 111
, 28
, 111
, 105
, 34
, 118
, 21
, 98
, 41
, 38
, 101
, 107
, 32
, 121
, 18
, 5
, 134
, 80
, 59
, 29
, 110
, 55
, 84
, 28
, 111
, 73
, 66
, 44
, 95
, 121
, 18
, 32
, 107
, 119
, 20
, 127
, 12
, 19
, 120
, 42
, 97
, 55
, 84
, 74
, 65
, 86
, 53
, 38
, 101
, 95
, 44
, 135
, 4
, 34
, 105
, 90
, 49
, 26
, 113
, 24
, 115
, 76
, 63
, 101
, 38
, 88
, 51
, 133
, 6
, 108
, 31
, 24
, 115
, 1
, 138
, 28
, 111
, 126
, 13
, 69
, 70
, 113
, 26
, 128
, 11
, 69
, 70
, 14
, 125
, 8
, 131
, 49
, 90
, 17
, 122
, 100
, 39
, 65
, 74
, 127
, 12
, 89
, 50
, 24
, 115
, 63
, 76
, 95
, 44
, 71
, 68
, 33
, 106
, 10
, 129
, 98
, 41
, 135
, 4
, 122
, 17
, 71
, 68
, 79
, 60
, 61
, 78
, 133
, 6
, 134
, 5
, 90
, 49
, 103
, 36
, 18
, 121
, 19
, 120
, 93
, 46
, 90
, 49
, 133
, 6
, 95
, 44
, 91
, 48
, 13
, 126
, 22
, 117
, 82
, 57
, 105
, 34
, 37
, 102
, 69
, 70
, 67
, 72
, 2
, 137
, 71
, 68
, 81
, 58
, 79
, 60
, 112
, 27
, 31
, 108
, 14
, 125
, 34
, 105
, 119
, 20
, 45
, 94
, 118
, 21
, 21
, 118
, 62
, 77
, 92
, 47
, 33
, 106
, 118
, 21
, 91
, 48
, 45
, 94
, 137
, 2
, 9
, 130
, 65
, 74
, 132
, 7
, 135
, 4
, 24
, 115
, 76
, 63
, 30
, 109
, 114
, 25
, 114
, 25
, 54
, 85
, 122
, 17
, 24
, 115
, 8
, 131
, 8
, 131
, 20
, 119
, 14
, 125
, 63
, 76
, 44
, 95
, 40
, 99
, 51
, 88
, 122
, 17
, 98
, 41
, 27
, 112
, 121
, 18
, 101
, 38
, 119
, 20
, 6
, 133
, 41
, 98
, 114
, 25
, 19
, 120
, 65
, 74
, 65
, 74
, 32
, 107
, 90
, 49
, 133
, 6
, 5
, 134
, 93
, 46
, 11
, 128
, 42
, 97
, 104
, 35
, 94
, 45
, 16
, 123
, 103
, 36
, 72
, 67
, 136
, 3
, 2
, 137
, 28
, 111
, 100
, 39
, 60
, 79
, 77
, 62
, 71
, 68
, 87
, 52
, 114
, 25
, 61
, 78
, 44
, 95
, 93
, 46
, 124
, 15
, 113
, 26
, 95
, 44
, 15
, 124
, 118
, 21
, 107
, 32
, 116
, 23
, 17
, 122
, 10
, 129
, 99
, 40
, 29
, 110
, 111
, 28
, 11
, 128
, 106
, 33
, 57
, 82
, 22
, 117
, 65
, 74
, 83
, 56
, 4
, 135
, 56
, 83
, 13
, 126
, 108
, 31
, 40
, 99
, 65
, 74
, 75
, 64
, 10
, 129
, 15
, 124
, 15
, 124
, 53
, 86
, 17
, 122
, 31
, 108
, 137
, 2
, 32
, 107
, 101
, 38
, 117
, 22
, 73
, 66
, 6
, 133
, 20
, 119
, 51
, 88
, 73
, 66
, 69
, 70
, 112
, 27
, 127
, 12
, 61
, 78
, 66
, 73
, 77
, 62
, 30
, 109
, 19
, 120
, 21
, 118
, 59
, 80
, 47
, 92
, 6
, 133
, 6
, 133
, 20
, 119
, 94
, 45
, 84
, 55
, 137
, 2
, 43
, 96
, 123
, 16
, 105
, 34
, 129
, 10
, 21
, 118
, 8
, 131
, 131
, 8
, 52
, 87
, 113
, 26
, 53
, 86
, 99
, 40
, 70
, 69
, 102
, 37
, 72
, 67
, 95
, 44
, 65
, 74
, 101
, 38
, 14
, 125
, 123
, 16
, 88
, 51
, 28
, 111
, 85
, 54
, 98
, 41
, 54
, 85
, 120
, 19
, 42
, 97
, 134
, 5
, 23
, 116
, 36
, 103
, 45
, 94
, 98
, 41
, 52
, 87
, 88
, 51
, 54
, 85
, 91
, 48
, 89
, 50
, 45
, 94
, 10
, 129
, 43
, 96
, 44
, 95
, 46
, 93
, 8
, 131
, 136
, 3
, 69
, 70
, 30
, 109
, 35
, 104
, 41
, 98
, 31
, 108
, 110
, 29
, 85
, 54
, 129
, 10
, 37
, 102
, 88
, 51
, 60
, 79
, 24
, 115
, 123
, 16
, 48
, 91
, 92
, 47
, 73
, 66
, 96
, 43
, 46
, 93
, 17
, 122
, 66
, 73
, 72
, 67
, 83
, 56
, 23
, 116
, 33
, 106
, 62
, 77
, 101
, 38
, 117
, 22
, 26
, 113
, 20
, 119
, 126
, 13
, 136
, 3
, 112
, 27
, 31
, 108
, 101
, 38
, 108
, 31
, 106
, 33
, 11
, 128
, 65
, 74
, 14
, 125
, 95
, 44
, 45
, 94
, 19
, 120
, 112
, 27
, 47
, 92
, 31
, 108
, 88
, 51
, 6
, 133
, 109
, 30
, 131
, 8
, 126
, 13
, 55
, 84
, 57
, 82
, 134
, 5
, 1
, 138
, 88
, 51
, 104
, 35
, 119
, 20
, 12
, 127
, 115
, 24
, 3
, 136
, 73
, 66
, 13
, 126
, 44
, 95
, 23
, 116
, 93
, 46
, 17
, 122
, 55
, 84
, 10
, 129
, 69
, 70
, 101
, 38
, 9
, 130
, 50
, 89
, 97
, 42
, 32
, 107
, 103
, 36
, 23
, 116
, 92
, 47
, 127
, 12
, 1
, 138
, 81
, 58
, 73
, 66
, 82
, 57
, 49
, 90
, 5
, 134
, 43
, 96
, 22
, 117
, 4
, 135
, 125
, 14
, 41
, 98
, 38
, 101
, 125
, 14
, 16
, 123
, 97
, 42
, 109
, 30
, 45
, 94
, 9
, 130
, 54
, 85
, 43
, 96
, 48
, 91
, 4
, 135
, 133
, 6
, 43
, 96
, 118
, 21
, 38
, 101
, 83
, 56
, 2
, 137
, 109
, 30
, 5
, 134
, 106
, 33
, 127
, 12
, 25
, 114
, 98
, 41
, 94
, 45
, 6
, 133
, 122
, 17
, 43
, 96
, 102
, 37
, 72
, 67
, 55
, 84
, 58
, 81
, 47
, 92
, 56
, 83
, 75
, 64
, 77
, 62
, 82
, 57
, 23
, 116
, 125
, 14
, 4
, 135
, 43
, 96
, 54
, 85
, 29
, 110
, 60
, 79
, 82
, 57
, 116
, 23
, 55
, 84
, 75
, 64
, 126
, 13
, 57
, 82
, 78
, 61
, 79
, 60
, 12
, 127
, 6
, 133
, 91
, 48
, 80
, 59
, 91
, 48
, 67
, 72
, 52
, 87
, 63
, 76
, 75
, 64
, 55
, 84
, 89
, 50
, 123
, 16
, 66
, 73
, 11
, 128
, 83
, 56
, 16
, 123
, 69
, 70
, 41
, 98
, 82
, 57
, 72
, 67
, 26
, 113
, 132
, 7
, 110
, 29
, 73
, 66
, 73
, 66
, 41
, 98
, 31
, 108
, 135
, 4
, 37
, 102
, 81
, 58
, 137
, 2
, 123
, 16
, 46
, 93
, 105
, 34
, 108
, 31
, 89
, 50
, 118
, 21
, 82
, 57
, 32
, 107
, 14
, 125
, 89
, 50
, 14
, 125
, 58
, 81
, 123
, 16
, 57
, 82
, 83
, 56
, 11
, 128
, 44
, 95
, 96
, 43
, 40
, 99
, 62
, 77
, 94
, 45
, 99
, 40
, 95
, 44
, 61
, 78
, 31
, 108
, 89
, 50
, 27
, 112
, 48
, 91
, 7
, 132
, 101
, 38
, 58
, 81
, 96
, 43
, 111
, 28
, 134
, 5
, 132
, 7
, 8
, 131
, 121
, 18
, 10
, 129
, 41
, 98
, 121
, 18
, 135
, 4
, 31
, 108
, 39
, 100
, 126
, 13
, 74
, 65
, 24
, 115
, 74
, 65
, 47
, 92
, 33
, 106
, 9
, 130
, 101
, 38
, 68
, 71
, 60
, 79
, 128
, 11
, 96
, 43
, 122
, 17
, 38
, 101
, 87
, 52
, 30
, 109
, 14
, 125
, 76
, 63
, 101
, 38
, 112
, 27
, 1
, 138
, 51
, 88
, 56
, 83
, 66
, 73
, 99
, 40
, 131
, 8
, 1
, 138
, 41
, 98
, 39
, 100
, 57
, 82
, 117
, 22
, 21
, 118
, 134
, 5
, 54
, 85
, 56
, 83
, 40
, 99
, 78
, 61
, 112
, 27
, 27
, 112
, 18
, 121
, 24
, 115
, 116
, 23
, 44
, 95
, 85
, 54
, 35
, 104
, 19
, 120
, 59
, 80
, 51
, 88
, 108
, 31
, 33
, 106
, 120
, 19
, 15
, 124
, 7
, 132
, 107
, 32
, 64
, 75
, 97
, 42
, 48
, 91
, 125
, 14
, 28
, 111
, 23
, 116
, 62
, 77
, 82
, 57
, 16
, 123
, 132
, 7
, 130
, 9
, 40
, 99
, 128
, 11
, 83
, 56
, 70
, 69
, 71
, 68
, 87
, 52
, 112
, 27
, 28
, 111
, 110
, 29
, 100
, 39
, 22
, 117
, 94
, 45
, 136
, 3
, 60
, 79
, 50
, 89
, 116
, 23
, 53
, 86
, 88
, 51
, 137
, 2
, 53
, 86
, 42
, 97
, 133
, 6
, 99
, 40
, 124
, 15
, 55
, 84
, 22
, 117
, 99
, 40
, 41
, 98
, 59
, 80
, 96
, 43
, 12
, 127
, 13
, 126
, 116
, 23
, 34
, 105
, 74
, 65
, 103
, 36
, 54
, 85
, 116
, 23
, 78
, 61
, 25
, 114
, 79
, 60
, 52
, 87
, 113
, 26
, 123
, 16
, 21
, 118
, 50
, 89
, 50
, 89
, 130
, 9
, 99
, 40
, 64
, 75
, 47
, 92
, 86
, 53
, 52
, 87
, 26
, 113
, 94
, 45
, 22
, 117
, 92
, 47
, 67
, 72
, 102
, 37
, 56
, 83
, 26
, 113
, 84
, 55
, 65
, 74
, 91
, 48
, 56
, 83
, 126
, 13
, 91
, 48
, 82
, 57
, 79
, 60
, 86
, 53
, 47
, 92
, 44
, 95
, 109
, 30
, 26
, 113
, 122
, 17
, 107
, 32
, 42
, 97
, 41
, 98
, 98
, 41
, 18
, 121
, 118
, 21
, 45
, 94
, 38
, 101
, 134
, 5
, 84
, 55
, 70
, 69
, 93
, 46
, 95
, 44
, 120
, 19
, 104
, 35
, 120
, 19
, 57
, 82
, 70
, 69
, 3
, 136
, 55
, 84
, 121
, 18
, 60
, 79
, 116
, 23
, 75
, 64
, 70
, 69
, 17
, 122
, 132
, 7
, 114
, 25
, 1
, 138
, 29
, 110
, 78
, 61
, 41
, 98
, 121
, 18
, 84
, 55
, 25
, 114
, 50
, 89
, 88
, 51
, 84
, 55
, 36
, 103
, 10
, 129
, 31
, 108
, 94
, 45
, 54
, 85
, 122
, 17
, 83
, 56
, 118
, 21
, 121
, 18
, 112
, 27
, 18
, 121
, 30
, 109
, 95
, 44
, 125
, 14
, 90
, 49
, 13
, 126
, 91
, 48
, 66
, 73
, 119
, 20
, 102
, 37
, 92
, 47
, 82
, 57
, 92
, 47
, 11
, 128
, 100
, 39
, 137
, 2
, 128
, 11
, 7
, 132
, 121
, 18
, 90
, 49
, 56
, 83
, 46
, 93
, 134
, 5
, 1
, 138
, 92
, 47
, 94
, 45
, 51
, 88
, 117
, 22
, 97
, 42
, 37
, 102
, 90
, 49
, 20
, 119
, 51
, 88
, 11
, 128
, 2
, 137
, 129
, 10
, 122
, 17
, 60
, 79
, 125
, 14
, 102
, 37
, 3
, 136
, 85
, 54
, 137
, 2
, 99
, 40
, 33
, 106
, 42
, 97
, 125
, 14
, 17
, 122
, 9
, 130
, 135
, 4
, 129
, 10
, 27
, 112
, 72
, 67
, 81
, 58
, 2
, 137
, 46
, 93
, 15
, 124
, 42
, 97
, 41
, 98
, 4
, 135
, 92
, 47
, 90
, 49
, 119
, 20
, 108
, 31
, 43
, 96
, 66
, 73
, 75
, 64
, 23
, 116
, 28
, 111
, 126
, 13
, 86
, 53
, 55
, 84
, 116
, 23
, 60
, 79
, 28
, 111
, 125
, 14
, 136
, 3
, 81
, 58
, 8
, 131
, 73
, 66
, 32
, 107
, 84
, 55
, 44
, 95
, 53
, 86
, 35
, 104
, 92
, 47
, 130
, 9
, 9
, 130
, 19
, 120
, 20
, 119
, 36
, 103
, 87
, 52
, 22
, 117
, 46
, 93
, 26
, 113
, 61
, 78
, 14
, 125
, 134
, 5
, 76
, 63
, 38
, 101
, 104
, 35
, 23
, 116
, 46
, 93
, 121
, 18
, 134
, 5
, 115
, 24
, 54
, 85
, 84
, 55
, 129
, 10
, 137
, 2
, 79
, 60
, 31
, 108
, 88
, 51
, 61
, 78
, 3
, 136
, 81
, 58
, 123
, 16
, 2
, 137
, 52
, 87
, 15
, 124
, 52
, 87
, 19
, 120
, 37
, 102
, 31
, 108
, 45
, 94
, 78
, 61
, 54
, 85
, 7
, 132
, 105
, 34
, 133
, 6
, 95
, 44
, 95
, 44
, 129
, 10
, 3
, 136
, 65
, 74
, 33
, 106
, 7
, 132
, 134
, 5
, 117
, 22
, 76
, 63
, 89
, 50
, 42
, 97
, 77
, 62
, 21
, 118
, 47
, 92
, 22
, 117
, 55
, 84
, 43
, 96
, 53
, 86
, 71
, 68
, 136
, 3
, 36
, 103
, 85
, 54
, 57
, 82
, 96
, 43
, 32
, 107
, 129
, 10
, 10
, 129
, 105
, 34
, 15
, 124
, 65
, 74
, 26
, 113
, 100
, 39
, 85
, 54
, 62
, 77
, 29
, 110
, 80
, 59
, 47
, 92
, 92
, 47
, 39
, 100
, 22
, 117
, 97
, 42
, 130
, 9
, 96
, 43
, 74
, 65
, 28
, 111
, 85
, 54
, 99
, 40
, 130
, 9
, 2
, 137
, 108
, 31
, 105
, 34
, 47
, 92
, 21
, 118
, 132
, 7
, 133
, 6
, 56
, 83
, 45
, 94
, 3
, 136
, 134
, 5
, 98
, 41
, 53
, 86
, 117
, 22
, 11
, 128
, 114
, 25
, 124
, 15
, 44
, 95
, 69
, 70
, 87
, 52
, 12
, 127
, 103
, 36
, 119
, 20
, 67
, 72
, 125
, 14
, 74
, 65
, 123
, 16
, 16
, 123
, 71
, 68
, 39
, 100
, 17
, 122
, 136
, 3
, 136
, 3
, 32
, 107
, 69
, 70
, 32
, 107
, 74
, 65
, 36
, 103
, 114
, 25
, 93
, 46
, 135
, 4
, 14
, 125
, 27
, 112
, 64
, 75
, 134
, 5
, 38
, 101
, 90
, 49
, 69
, 70
, 132
, 7
, 26
, 113
, 125
, 14
, 34
, 105
, 32
, 107
, 71
, 68
, 124
, 15
, 103
, 36
, 110
, 29
, 52
, 87
, 131
, 8
, 91
, 48
, 127
, 12
, 50
, 89
, 46
, 93
, 60
, 79
, 26
, 113
, 71
, 68
, 81
, 58
, 85
, 54
, 92
, 47
, 73
, 66
, 26
, 113
, 115
, 24
, 79
, 60
, 81
, 58
, 27
, 112
, 83
, 56
, 87
, 52
, 23
, 116
, 114
, 25
, 81
, 58
, 48
, 91
, 31
, 108
, 28
, 111
, 45
, 94
, 30
, 109
, 99
, 40
, 58
, 81
, 74
, 65
, 105
, 34
, 126
, 13
, 85
, 54
, 30
, 109
, 87
, 52
, 133
, 6
, 12
, 127
, 82
, 57
, 53
, 86
, 59
, 80
, 69
, 70
, 73
, 66
, 11
, 128
, 108
, 31
, 14
, 125
, 11
, 128
, 105
, 34
, 99
, 40
, 37
, 102
, 55
, 84
, 70
, 69
, 125
, 14
, 42
, 97
, 28
, 111
, 124
, 15
, 64
, 75
, 17
, 122
, 114
, 25
, 125
, 14
, 45
, 94
, 31
, 108
, 114
, 25
, 93
, 46
, 1
, 138
, 55
, 84
, 72
, 67
, 26
, 113
, 58
, 81
, 136
, 3
, 58
, 81
, 81
, 58
, 17
, 122
, 114
, 25
, 69
, 70
, 73
, 66
, 26
, 113
, 64
, 75
, 122
, 17
, 50
, 89
, 115
, 24
, 131
, 8
, 109
, 30
, 73
, 66
, 12
, 127
, 52
, 87
, 19
, 120
, 86
, 53
, 85
, 54
, 19
, 120
, 28
, 111
, 48
, 91
, 90
, 49
, 22
, 117
, 51
, 88
, 33
, 106
, 80
, 59
, 5
, 134
, 106
, 33
, 69
, 70
, 87
, 52
, 57
, 82
, 78
, 61
, 23
, 116
, 129
, 10
, 40
, 99
, 52
, 87
, 135
, 4
, 77
, 62
, 69
, 70
, 56
, 83
, 126
, 13
, 58
, 81
, 121
, 18
, 68
, 71
, 137
, 2
, 57
, 82
, 10
, 129
, 53
, 86
, 91
, 48
, 85
, 54
, 109
, 30
, 95
, 44
, 6
, 133
, 54
, 85
, 88
, 51
, 29
, 110
, 43
, 96
, 92
, 47
, 74
, 65
, 13
, 126
, 81
, 58
, 8
, 131
, 39
, 100
, 11
, 128
, 134
, 5
, 1
, 138
, 69
, 70
, 71
, 68
, 116
, 23
, 11
, 128
, 1
, 138
, 85
, 54
, 87
, 52
, 20
, 119
, 58
, 81
, 79
, 60
, 103
, 36
, 38
, 101
, 91
, 48
, 15
, 124
, 39
, 100
, 43
, 96
, 105
, 34
, 68
, 71
, 115
, 24
, 107
, 32
, 136
, 3
, 39
, 100
, 58
, 81
, 75
, 64
, 43
, 96
, 111
, 28
, 131
, 8
, 58
, 81
, 79
, 60
, 56
, 83
, 1
, 138
, 114
, 25
, 26
, 113
, 104
, 35
, 24
, 115
, 75
, 64
, 108
, 31
, 36
, 103
, 54
, 85
, 92
, 47
, 101
, 38
, 35
, 104
, 49
, 90
, 38
, 101
, 93
, 46
, 54
, 85
, 121
, 18
, 84
, 55
, 134
, 5
, 47
, 92
, 35
, 104
, 109
, 30
, 116
, 23
, 122
, 17
, 119
, 20
, 11
, 128
, 40
, 99
, 52
, 87
, 110
, 29
, 38
, 101
, 37
, 102
, 30
, 109
, 126
, 13
, 28
, 111
, 114
, 25
, 24
, 115
, 5
, 134
, 1
, 138
, 119
, 20
, 96
, 43
, 120
, 19
, 62
, 77
, 105
, 34
, 76
, 63
, 13
, 126
, 102
, 37
, 72
, 67
, 111
, 28
, 85
, 54
, 108
, 31
, 130
, 9
, 29
, 110
, 15
, 124
, 114
, 25
, 106
, 33
, 67
, 72
, 24
, 115
, 71
, 68
, 36
, 103
, 123
, 16
, 125
, 14
, 42
, 97
, 7
, 132
, 135
, 4
, 60
, 79
, 54
, 85
, 76
, 63
, 53
, 86
, 90
, 49
, 5
, 134
, 70
, 69
, 130
, 9
, 90
, 49
, 34
, 105
, 77
, 62
, 26
, 113
, 40
, 99
, 62
, 77
, 92
, 47
, 75
, 64
, 71
, 68
, 59
, 80
, 6
, 133
, 106
, 33
, 40
, 99
, 136
, 3
, 83
, 56
, 106
, 33
, 33
, 106
, 133
, 6
, 84
, 55
, 66
, 73
, 133
, 6
, 49
, 90
, 10
, 129
, 33
, 106
, 132
, 7
, 127
, 12
, 91
, 48
, 98
, 41
, 73
, 66
, 78
, 61
, 131
, 8
, 69
, 70
, 4
, 135
, 126
, 13
, 97
, 42
, 74
, 65
, 12
, 127
, 9
, 130
, 65
, 74
, 100
, 39
, 129
, 10
, 61
, 78
, 29
, 110
, 112
, 27
, 3
, 136
, 57
, 82
, 135
, 4
, 10
, 129
, 105
, 34
, 27
, 112
, 110
, 29
, 135
, 4
, 85
, 54
, 134
, 5
, 116
, 23
, 32
, 107
, 19
, 120
, 44
, 95
, 120
, 19
, 9
, 130
, 95
, 44
, 118
, 21
, 113
, 26
, 61
, 78
, 55
, 84
, 39
, 100
, 101
, 38
, 104
, 35
, 88
, 51
, 56
, 83
, 4
, 135
, 72
, 67
, 63
, 76
, 22
, 117
, 69
, 70
, 98
, 41
, 87
, 52
, 27
, 112
, 20
, 119
, 35
, 104
, 88
, 51
, 67
, 72
, 109
, 30
, 36
, 103
, 122
, 17
, 86
, 53
, 49
, 90
, 28
, 111
, 62
, 77
, 127
, 12
, 81
, 58
, 40
, 99
, 107
, 32
, 19
, 120
, 109
, 30
, 97
, 42
, 95
, 44
, 21
, 118
, 97
, 42
, 114
, 25
, 136
, 3
, 117
, 22
, 113
, 26
, 120
, 19
, 127
, 12
, 77
, 62
, 133
, 6
, 65
, 74
, 8
, 131
, 103
, 36
, 127
, 12
, 110
, 29
, 106
, 33
, 58
, 81
, 104
, 35
, 66
, 73
, 96
, 43
, 67
, 72
, 43
, 96
, 127
, 12
, 1
, 138
, 59
, 80
, 10
, 129
, 129
, 10
, 96
, 43
, 21
, 118
, 136
, 3
, 38
, 101
, 132
, 7
, 29
, 110
, 105
, 34
, 128
, 11
, 87
, 52
, 34
, 105
, 104
, 35
, 59
, 80
, 23
, 116
, 89
, 50
, 23
, 116
, 78
, 61
, 61
, 78
, 4
, 135
, 39
, 100
, 52
, 87
, 106
, 33
, 51
, 88
, 93
, 46
, 38
, 101
, 104
, 35
, 122
, 17
, 129
, 10
, 128
, 11
, 121
, 18
, 26
, 113
, 133
, 6
, 88
, 51
, 122
, 17
, 15
, 124
, 20
, 119
, 98
, 41
, 20
, 119
, 5
, 134
, 59
, 80
, 46
, 93
, 41
, 98
, 36
, 103
, 73
, 66
, 94
, 45
, 128
, 11
, 115
, 24
, 2
, 137
, 132
, 7
, 7
, 132
, 79
, 60
, 107
, 32
, 2
, 137
, 100
, 39
, 95
, 44
, 97
, 42
, 90
, 49
, 22
, 117
, 20
, 119
, 115
, 24
, 57
, 82
, 119
, 20
, 48
, 91
, 49
, 90
, 1
, 138
, 25
, 114
, 22
, 117
, 55
, 84
, 76
, 63
, 78
, 61
, 5
, 134
, 73
, 66
, 93
, 46
, 36
, 103
, 61
, 78
, 78
, 61
, 65
, 74
, 108
, 31
, 96
, 43
, 33
, 106
, 82
, 57
, 24
, 115
, 132
, 7
, 57
, 82
, 69
, 70
, 15
, 124
, 89
, 50
, 50
, 89
, 22
, 117
, 76
, 63
, 102
, 37
, 10
, 129
, 47
, 92
, 15
, 124
, 134
, 5
, 100
, 39
, 104
, 35
, 128
, 11
, 106
, 33
, 87
, 52
, 96
, 43
, 61
, 78
, 85
, 54
, 49
, 90
, 36
, 103
, 137
, 2
, 64
, 75
, 103
, 36
, 31
, 108
, 14
, 125
, 97
, 42
, 116
, 23
, 83
, 56
, 32
, 107
, 20
, 119
, 81
, 58
, 39
, 100
, 110
, 29
, 132
, 7
, 80
, 59
, 22
, 117
, 79
, 60
, 66
, 73
, 136
, 3
, 66
, 73
, 132
, 7
, 107
, 32
, 23
, 116
, 48
, 91
, 51
, 88
, 117
, 22
, 74
, 65
, 12
, 127
, 41
, 98
, 49
, 90
, 37
, 102
, 12
, 127
, 83
, 56
, 19
, 120
, 14
, 125
, 77
, 62
, 94
, 45
, 10
, 129
, 123
, 16
, 55
, 84
, 25
, 114
, 52
, 87
, 17
, 122
, 20
, 119
, 9
, 130
, 29
, 110
, 62
, 77
, 84
, 55
, 129
, 10
, 15
, 124
, 129
, 10
, 86
, 53
, 121
, 18
, 105
, 34
, 131
, 8
, 80
, 59
, 40
, 99
, 100
, 39
, 53
, 86
, 26
, 113
, 130
, 9
, 32
, 107
, 22
, 117
, 122
, 17
, 73
, 66
, 10
, 129
, 130
, 9
, 82
, 57
, 113
, 26
, 24
, 115
, 35
, 104
, 5
, 134
, 63
, 76
, 120
, 19
, 8
, 131
, 12
, 127
, 118
, 21
, 90
, 49
, 8
, 131
, 9
, 130
, 81
, 58
, 121
, 18
, 77
, 62
, 101
, 38
, 57
, 82
, 95
, 44
, 59
, 80
, 73
, 66
, 95
, 44
, 137
, 2
, 119
, 20
, 12
, 127
, 53
, 86
, 137
, 2
, 87
, 52
, 16
, 123
, 32
, 107
, 106
, 33
, 32
, 107
, 68
, 71
, 20
, 119
, 92
, 47
, 53
, 86
, 94
, 45
, 33
, 106
, 110
, 29
, 13
, 126
, 82
, 57
, 107
, 32
, 57
, 82
, 133
, 6
, 21
, 118
, 123
, 16
, 123
, 16
, 90
, 49
, 45
, 94
, 41
, 98
, 47
, 92
, 106
, 33
, 7
, 132
, 97
, 42
, 17
, 122
, 39
, 100
, 32
, 107
, 22
, 117
, 89
, 50
, 34
, 105
, 43
, 96
, 5
, 134
, 123
, 16
, 83
, 56
, 31
, 108
, 73
, 66
, 44
, 95
, 6
, 133
, 25
, 114
, 92
, 47
, 72
, 67
, 119
, 20
, 97
, 42
, 15
, 124
, 19
, 120
, 10
, 129
, 83
, 56
, 119
, 20
, 63
, 76
, 5
, 134
, 19
, 120
, 80
, 59
, 60
, 79
, 107
, 32
, 103
, 36
, 58
, 81
, 126
, 13
, 118
, 21
, 92
, 47
, 37
, 102
, 36
, 103
, 113
, 26
, 88
, 51
, 79
, 60
, 67
, 72
, 114
, 25
, 107
, 32
, 97
, 42
, 120
, 19
, 123
, 16
, 22
, 117
, 12
, 127
, 89
, 50
, 59
, 80
, 60
, 79
, 88
, 51
, 29
, 110
, 28
, 111
, 57
, 82
, 111
, 28
, 135
, 4
, 49
, 90
, 117
, 22
, 76
, 63
, 128
, 11
, 71
, 68
, 82
, 57
, 50
, 89
, 69
, 70
, 109
, 30
, 7
, 132
, 51
, 88
, 83
, 56
, 58
, 81
, 1
, 138
, 66
, 73
, 127
, 12
, 12
, 127
, 117
, 22
, 126
, 13
, 82
, 57
, 131
, 8
, 114
, 25
, 134
, 5
, 38
, 101
, 34
, 105
, 121
, 18
, 18
, 121
, 106
, 33
, 9
, 130
, 103
, 36
, 11
, 128
, 30
, 109
, 22
, 117
, 84
, 55
, 70
, 69
, 86
, 53
, 68
, 71
, 115
, 24
, 53
, 86
, 18
, 121
, 51
, 88
, 38
, 101
, 57
, 82
, 98
, 41
, 21
, 118
, 87
, 52
, 60
, 79
, 16
, 123
, 40
, 99
, 67
, 72
, 95
, 44
, 76
, 63
, 52
, 87
, 102
, 37
, 31
, 108
, 53
, 86
, 98
, 41
, 52
, 87
, 42
, 97
, 130
, 9
, 126
, 13
, 90
, 49
, 123
, 16
, 98
, 41
, 50
, 89
, 40
, 99
, 18
, 121
, 14
, 125
, 33
, 106
, 30
, 109
, 73
, 66
, 59
, 80
, 104
, 35
, 37
, 102
, 15
, 124
, 50
, 89
, 26
, 113
, 54
, 85
, 121
, 18
, 99
, 40
, 116
, 23
, 98
, 41
, 96
, 43
, 104
, 35
, 110
, 29
, 84
, 55
, 14
, 125
, 41
, 98
, 27
, 112
, 121
, 18
, 72
, 67
, 3
, 136
, 109
, 30
, 2
, 137
, 136
, 3
, 16
, 123
, 83
, 56
, 49
, 90
, 16
, 123
, 48
, 91
, 7
, 132
, 64
, 75
, 23
, 116
, 98
, 41
, 73
, 66
, 106
, 33
, 107
, 32
, 83
, 56
, 32
, 107
, 63
, 76
, 136
, 3
, 129
, 10
, 89
, 50
, 46
, 93
, 98
, 41
, 1
, 138
, 24
, 115
, 83
, 56
, 79
, 60
, 121
, 18
, 60
, 79
, 108
, 31
, 111
, 28
, 42
, 97
, 8
, 131
, 119
, 20
, 23
, 116
, 131
, 8
, 24
, 115
, 114
, 25
, 103
, 36
, 135
, 4
, 46
, 93
, 132
, 7
, 4
, 135
, 104
, 35
, 85
, 54
, 88
, 51
, 86
, 53
, 22
, 117
, 94
, 45
, 22
, 117
, 48
, 91
, 73
, 66
, 106
, 33
, 9
, 130
, 31
, 108
, 13
, 126
, 61
, 78
, 136
, 3
, 36
, 103
, 96
, 43
, 59
, 80
, 90
, 49
, 4
, 135
, 109
, 30
, 126
, 13
, 35
, 104
, 105
, 34
, 129
, 10
, 7
, 132
, 73
, 66
, 21
, 118
, 68
, 71
, 44
, 95
, 37
, 102
, 68
, 71
, 106
, 33
, 77
, 62
, 30
, 109
, 86
, 53
, 125
, 14
, 28
, 111
, 8
, 131
, 97
, 42
, 33
, 106
, 48
, 91
, 48
, 91
, 4
, 135
, 37
, 102
, 79
, 60
, 100
, 39
, 30
, 109
, 101
, 38
, 38
, 101
, 18
, 121
, 44
, 95
, 33
, 106
, 64
, 75
, 65
, 74
, 47
, 92
, 98
, 41
, 48
, 91
, 33
, 106
, 85
, 54
, 26
, 113
, 4
, 135
, 23
, 116
, 80
, 59
, 69
, 70
, 111
, 28
, 10
, 129
, 97
, 42
, 130
, 9
, 23
, 116
, 99
, 40
, 16
, 123
, 128
, 11
, 86
, 53
, 29
, 110
, 125
, 14
, 120
, 19
, 112
, 27
, 12
, 127
, 110
, 29
, 122
, 17
, 82
, 57
, 126
, 13
, 120
, 19
, 54
, 85
, 66
, 73
, 130
, 9
, 18
, 121
, 73
, 66
, 67
, 72
, 25
, 114
, 25
, 114
, 120
, 19
, 63
, 76
, 137
, 2
, 94
, 45
, 71
, 68
, 31
, 108
, 15
, 124
, 9
, 130
, 118
, 21
, 15
, 124
, 78
, 61
, 118
, 21
, 126
, 13
, 77
, 62
, 121
, 18
, 136
, 3
, 35
, 104
, 49
, 90
, 12
, 127
, 115
, 24
, 42
, 97
, 44
, 95
, 100
, 39
, 85
, 54
, 79
, 60
, 61
, 78
, 71
, 68
, 120
, 19
, 15
, 124
, 83
, 56
, 73
, 66
, 82
, 57
, 92
, 47
, 22
, 117
, 85
, 54
, 47
, 92
, 42
, 97
, 113
, 26
, 52
, 87
, 101
, 38
, 6
, 133
, 21
, 118
, 10
, 129
, 7
, 132
, 30
, 109
, 18
, 121
, 120
, 19
, 56
, 83
, 35
, 104
, 73
, 66
, 87
, 52
, 93
, 46
, 124
, 15
, 105
, 34
, 15
, 124
, 66
, 73
, 118
, 21
, 123
, 16
, 31
, 108
, 91
, 48
, 33
, 106
, 44
, 95
, 49
, 90
, 78
, 61
, 10
, 129
, 71
, 68
, 50
, 89
, 66
, 73
, 3
, 136
, 66
, 73
, 14
, 125
, 48
, 91
, 101
, 38
, 135
, 4
, 8
, 131
, 127
, 12
, 133
, 6
, 23
, 116
, 14
, 125
, 4
, 135
, 46
, 93
, 123
, 16
, 28
, 111
, 31
, 108
, 116
, 23
, 104
, 35
, 35
, 104
, 90
, 49
, 49
, 90
, 33
, 106
, 95
, 44
, 80
, 59
, 116
, 23
, 95
, 44
, 51
, 88
, 36
, 103
, 96
, 43
, 31
, 108
, 35
, 104
, 105
, 34
, 63
, 76
, 41
, 98
, 98
, 41
, 54
, 85
, 33
, 106
, 15
, 124
, 126
, 13
, 56
, 83
, 87
, 52
, 117
, 22
, 94
, 45
, 111
, 28
, 109
, 30
, 73
, 66
, 129
, 10
, 85
, 54
, 31
, 108
, 35
, 104
, 70
, 69
, 54
, 85
, 63
, 76
, 65
, 74
, 87
, 52
, 123
, 16
, 90
, 49
, 29
, 110
, 114
, 25
, 15
, 124
, 123
, 16
, 54
, 85
, 94
, 45
, 80
, 59
, 11
, 128
, 76
, 63
, 57
, 82
, 31
, 108
, 9
, 130
, 30
, 109
, 36
, 103
, 92
, 47
, 86
, 53
, 66
, 73
, 106
, 33
, 44
, 95
, 96
, 43
, 1
, 138
, 101
, 38
, 108
, 31
, 14
, 125
, 105
, 34
, 20
, 119
, 64
, 75
, 131
, 8
, 93
, 46
, 52
, 87
, 84
, 55
, 34
, 105
, 125
, 14
, 28
, 111
, 137
, 2
, 112
, 27
, 116
, 23
, 119
, 20
, 78
, 61
, 60
, 79
, 18
, 121
, 24
, 115
, 127
, 12
, 52
, 87
, 59
, 80
, 128
, 11
, 27
, 112
, 13
, 126
, 29
, 110
, 43
, 96
, 34
, 105
, 52
, 87
, 77
, 62
, 110
, 29
, 53
, 86
, 129
, 10
, 52
, 87
, 74
, 65
, 40
, 99
, 78
, 61
, 27
, 112
, 69
, 70
, 58
, 81
, 80
, 59
, 42
, 97
, 80
, 59
, 38
, 101
, 121
, 18
, 60
, 79
, 65
, 74
, 126
, 13
, 24
, 115
, 122
, 17
, 61
, 78
, 78
, 61
, 117
, 22
, 25
, 114
, 84
, 55
, 98
, 41
, 35
, 104
, 44
, 95
, 38
, 101
, 131
, 8
, 46
, 93
, 11
, 128
, 7
, 132
, 121
, 18
, 88
, 51
, 93
, 46
, 122
, 17
, 4
, 135
, 130
, 9
, 26
, 113
, 93
, 46
, 63
, 76
, 28
, 111
, 13
, 126
, 44
, 95
, 91
, 48
, 82
, 57
, 61
, 78
, 69
, 70
, 74
, 65
, 3
, 136
, 74
, 65
, 50
, 89
, 96
, 43
, 38
, 101
, 38
, 101
, 31
, 108
, 25
, 114
, 96
, 43
, 19
, 120
, 111
, 28
, 1
, 138
, 77
, 62
, 23
, 116
, 111
, 28
, 21
, 118
, 131
, 8
, 15
, 124
, 132
, 7
, 127
, 12
, 103
, 36
, 2
, 137
, 126
, 13
, 119
, 20
, 44
, 95
, 108
, 31
, 8
, 131
, 70
, 69
, 78
, 61
, 108
, 31
, 85
, 54
, 43
, 96
, 97
, 42
, 135
, 4
, 9
, 130
, 93
, 46
, 79
, 60
, 24
, 115
, 116
, 23
, 40
, 99
, 2
, 137
, 101
, 38
, 37
, 102
, 101
, 38
, 117
, 22
, 47
, 92
, 93
, 46
, 55
, 84
, 117
, 22
, 101
, 38
, 82
, 57
, 51
, 88
, 110
, 29
, 132
, 7
, 10
, 129
, 133
, 6
, 82
, 57
, 61
, 78
, 107
, 32
, 30
, 109
, 39
, 100
, 133
, 6
, 113
, 26
, 126
, 13
, 59
, 80
, 41
, 98
, 129
, 10
, 116
, 23
, 101
, 38
, 63
, 76
, 135
, 4
, 52
, 87
, 68
, 71
, 91
, 48
, 115
, 24
, 28
, 111
, 94
, 45
, 68
, 71
, 84
, 55
, 41
, 98
, 69
, 70
, 101
, 38
, 19
, 120
, 124
, 15
, 122
, 17
, 77
, 62
, 16
, 123
, 121
, 18
, 35
, 104
, 5
, 134
, 17
, 122
, 45
, 94
, 91
, 48
, 25
, 114
, 131
, 8
, 59
, 80
, 17
, 122
, 58
, 81
, 5
, 134
, 99
, 40
, 30
, 109
, 10
, 129
, 9
, 130
, 95
, 44
, 1
, 138
, 66
, 73
, 109
, 30
, 64
, 75
, 116
, 23
, 80
, 59
, 106
, 33
, 80
, 59
, 109
, 30
, 3
, 136
, 46
, 93
, 35
, 104
, 37
, 102
, 15
, 124
, 120
, 19
, 9
, 130
, 6
, 133
, 43
, 96
, 23
, 116
, 93
, 46
, 133
, 6
, 36
, 103
, 68
, 71
, 54
, 85
, 120
, 19
, 23
, 116
, 71
, 68
, 100
, 39
, 54
, 85
, 83
, 56
, 33
, 106
, 12
, 127
, 121
, 18
, 125
, 14
, 66
, 73
, 129
, 10
, 29
, 110
, 70
, 69
, 23
, 116
, 41
, 98
, 32
, 107
, 92
, 47
, 33
, 106
, 104
, 35
, 91
, 48
, 58
, 81
, 62
, 77
, 46
, 93
, 64
, 75
, 66
, 73
, 117
, 22
, 78
, 61
, 134
, 5
, 55
, 84
, 10
, 129
, 43
, 96
, 122
, 17
, 84
, 55
, 55
, 84
, 71
, 68
, 69
, 70
, 117
, 22
, 79
, 60
, 80
, 59
, 136
, 3
, 136
, 3
, 34
, 105
, 18
, 121
, 55
, 84
, 39
, 100
, 71
, 68
, 8
, 131
, 54
, 85
, 122
, 17
, 120
, 19
, 59
, 80
, 94
, 45
, 68
, 71
, 132
, 7
, 26
, 113
, 6
, 133
, 114
, 25
, 101
, 38
, 54
, 85
, 133
, 6
, 134
, 5
, 96
, 43
, 59
, 80
, 84
, 55
, 36
, 103
, 92
, 47
, 49
, 90
, 58
, 81
, 38
, 101
, 47
, 92
, 10
, 129
, 45
, 94
, 46
, 93
, 22
, 117
, 76
, 63
, 46
, 93
, 12
, 127
, 22
, 117
, 130
, 9
, 72
, 67
, 62
, 77
, 3
, 136
, 89
, 50
, 125
, 14
, 25
, 114
, 71
, 68
, 94
, 45
, 100
, 39
, 124
, 15
, 22
, 117
, 119
, 20
, 61
, 78
, 105
, 34
, 47
, 92
, 11
, 128
, 2
, 137
, 102
, 37
, 28
, 111
, 45
, 94
, 125
, 14
, 45
, 94
, 24
, 115
, 117
, 22
, 45
, 94
, 132
, 7
, 108
, 31
, 98
, 41
, 99
, 40
, 96
, 43
, 98
, 41
, 75
, 64
, 21
, 118
, 86
, 53
, 54
, 85
, 80
, 59
, 46
, 93
, 26
, 113
, 110
, 29
, 63
, 76
, 33
, 106
, 47
, 92
, 111
, 28
, 65
, 74
, 28
, 111
, 16
, 123
, 76
, 63
, 96
, 43
, 115
, 24
, 59
, 80
, 125
, 14
, 66
, 73
, 16
, 123
, 90
, 49
, 100
, 39
, 121
, 18
, 97
, 42
, 113
, 26
, 14
, 125
, 8
, 131
, 29
, 110
, 116
, 23
, 38
, 101
, 35
, 104
, 48
, 91
, 110
, 29
, 71
, 68
, 36
, 103
, 78
, 61
, 83
, 56
, 50
, 89
, 99
, 40
, 10
, 129
, 55
, 84
, 68
, 71
, 13
, 126
, 75
, 64
, 53
, 86
, 107
, 32
, 116
, 23
, 76
, 63
, 25
, 114
, 130
, 9
, 15
, 124
, 132
, 7
, 106
, 33
, 48
, 91
, 48
, 91
, 88
, 51
, 95
, 44
, 26
, 113
, 73
, 66
, 52
, 87
, 28
, 111
, 117
, 22
, 133
, 6
, 11
, 128
, 71
, 68
, 108
, 31
, 102
, 37
, 73
, 66
, 77
, 62
, 67
, 72
, 87
, 52
, 30
, 109
, 50
, 89
, 19
, 120
, 135
, 4
, 119
, 20
, 122
, 17
, 61
, 78
, 45
, 94
, 90
, 49
, 18
, 121
, 94
, 45
, 72
, 67
, 24
, 115
, 13
, 126
, 76
, 63
, 22
, 117
, 127
, 12
, 78
, 61
, 137
, 2
, 48
, 91
, 97
, 42
, 11
, 128
, 86
, 53
, 56
, 83
, 114
, 25
, 18
, 121
, 82
, 57
, 115
, 24
, 103
, 36
, 60
, 79
, 39
, 100
, 121
, 18
, 41
, 98
, 66
, 73
, 119
, 20
, 3
, 136
, 41
, 98
, 121
, 18
, 136
, 3
, 127
, 12
, 19
, 120
, 16
, 123
, 33
, 106
, 122
, 17
, 120
, 19
, 64
, 75
, 110
, 29
, 23
, 116
, 35
, 104
, 17
, 122
, 36
, 103
, 101
, 38
, 51
, 88
, 136
, 3
, 45
, 94
, 51
, 88
, 47
, 92
, 41
, 98
, 58
, 81
, 95
, 44
, 115
, 24
, 8
, 131
, 11
, 128
, 86
, 53
, 22
, 117
, 11
, 128
, 102
, 37
, 101
, 38
, 36
, 103
, 38
, 101
, 55
, 84
, 85
, 54
, 22
, 117
, 24
, 115
, 131
, 8
, 28
, 111
, 92
, 47
, 1
, 138
, 37
, 102
, 32
, 107
, 41
, 98
, 29
, 110
, 94
, 45
, 11
, 128
, 71
, 68
, 104
, 35
, 135
, 4
, 80
, 59
, 87
, 52
, 103
, 36
, 86
, 53
, 34
, 105
, 6
, 133
, 62
, 77
, 2
, 137
, 12
, 127
, 61
, 78
, 120
, 19
, 107
, 32
, 47
, 92
, 117
, 22
, 89
, 50
, 111
, 28
, 106
, 33
, 24
, 115
, 72
, 67
, 87
, 52
, 112
, 27
, 136
, 3
, 105
, 34
, 93
, 46
, 6
, 133
, 40
, 99
, 35
, 104
, 27
, 112
, 52
, 87
, 35
, 104
, 118
, 21
, 10
, 129
, 21
, 118
, 74
, 65
, 5
, 134
, 67
, 72
, 53
, 86
, 51
, 88
, 42
, 97
, 18
, 121
, 115
, 24
, 35
, 104
, 116
, 23
, 115
, 24
, 99
, 40
, 40
, 99
, 112
, 27
, 61
, 78
, 124
, 15
, 109
, 30
, 7
, 132
, 26
, 113
, 70
, 69
, 110
, 29
, 66
, 73
, 50
, 89
, 121
, 18
, 88
, 51
, 10
, 129
, 18
, 121
, 32
, 107
, 93
, 46
, 85
, 54
, 25
, 114
, 94
, 45
, 132
, 7
, 113
, 26
, 44
, 95
, 117
, 22
, 12
, 127
, 118
, 21
, 16
, 123
, 17
, 122
, 94
, 45
, 97
, 42
, 91
, 48
, 52
, 87
, 114
, 25
, 122
, 17
, 103
, 36
, 72
, 67
, 6
, 133
, 91
, 48
, 94
, 45
, 54
, 85
, 19
, 120
, 61
, 78
, 42
, 97
, 9
, 130
, 116
, 23
, 55
, 84
, 133
, 6
, 72
, 67
, 4
, 135
, 14
, 125
, 102
, 37
, 6
, 133
, 28
, 111
, 25
, 114
, 55
, 84
, 73
, 66
, 64
, 75
, 11
, 128
, 56
, 83
, 76
, 63
, 33
, 106
, 67
, 72
, 91
, 48
, 19
, 120
, 27
, 112
, 78
, 61
, 122
, 17
, 16
, 123
, 107
, 32
, 104
, 35
, 9
, 130
, 135
, 4
, 8
, 131
, 61
, 78
, 49
, 90
, 5
, 134
, 5
, 134
, 50
, 89
, 61
, 78
, 98
, 41
, 33
, 106
, 87
, 52
, 128
, 11
, 107
, 32
, 43
, 96
, 94
, 45
, 103
, 36
, 107
, 32
, 84
, 55
, 108
, 31
, 130
, 9
, 64
, 75
, 117
, 22
, 40
, 99
, 41
, 98
, 128
, 11
, 47
, 92
, 110
, 29
, 51
, 88
, 1
, 138
, 81
, 58
, 95
, 44
, 95
, 44
, 56
, 83
, 107
, 32
, 133
, 6
, 126
, 13
, 134
, 5
, 38
, 101
, 29
, 110
, 97
, 42
, 81
, 58
, 92
, 47
, 121
, 18
, 121
, 18
, 4
, 135
, 119
, 20
, 80
, 59
, 123
, 16
, 106
, 33
, 72
, 67
, 44
, 95
, 22
, 117
, 95
, 44
, 15
, 124
, 28
, 111
, 133
, 6
, 22
, 117
, 124
, 15
, 44
, 95
, 109
, 30
, 74
, 65
, 130
, 9
, 118
, 21
, 84
, 55
, 13
, 126
, 101
, 38
, 128
, 11
, 63
, 76
, 5
, 134
, 95
, 44
, 25
, 114
, 12
, 127
, 21
, 118
, 109
, 30
, 6
, 133
, 66
, 73
, 86
, 53
, 108
, 31
, 110
, 29
, 20
, 119
, 102
, 37
, 118
, 21
, 36
, 103
, 4
, 135
, 66
, 73
, 112
, 27
, 63
, 76
, 36
, 103
, 63
, 76
, 62
, 77
, 111
, 28
, 29
, 110
, 51
, 88
, 23
, 116
, 124
, 15
, 24
, 115
, 27
, 112
, 137
, 2
, 68
, 71
, 112
, 27
, 105
, 34
, 62
, 77
, 128
, 11
, 16
, 123
, 12
, 127
, 45
, 94
, 48
, 91
, 131
, 8
, 96
, 43
, 91
, 48
, 50
, 89
, 66
, 73
, 95
, 44
, 46
, 93
, 97
, 42
, 106
, 33
, 70
, 69
, 95
, 44
, 104
, 35
, 2
, 137
, 76
, 63
, 10
, 129
, 61
, 78
, 121
, 18
, 12
, 127
, 29
, 110
, 13
, 126
, 40
, 99
, 33
, 106
, 43
, 96
, 103
, 36
, 26
, 113
, 92
, 47
, 45
, 94
, 45
, 94
, 71
, 68
, 68
, 71
, 102
, 37
, 121
, 18
, 123
, 16
, 72
, 67
, 82
, 57
, 10
, 129
, 33
, 106
, 49
, 90
, 48
, 91
, 62
, 77
, 99
, 40
, 60
, 79
, 2
, 137
, 40
, 99
, 135
, 4
, 81
, 58
, 28
, 111
, 132
, 7
, 32
, 107
, 45
, 94
, 35
, 104
, 1
, 138
, 7
, 132
, 90
, 49
, 36
, 103
, 88
, 51
, 101
, 38
, 130
, 9
, 80
, 59
, 70
, 69
, 70
, 69
, 18
, 121
, 5
, 134
, 18
, 121
, 102
, 37
, 30
, 109
, 33
, 106
, 26
, 113
, 115
, 24
, 45
, 94
, 78
, 61
, 130
, 9
, 12
, 127
, 117
, 22
, 118
, 21
, 77
, 62
, 84
, 55
, 5
, 134
, 87
, 52
, 86
, 53
, 93
, 46
, 106
, 33
, 115
, 24
, 46
, 93
, 18
, 121
, 33
, 106
, 113
, 26
, 33
, 106
, 20
, 119
, 29
, 110
, 14
, 125
, 135
, 4
, 121
, 18
, 134
, 5
, 47
, 92
, 37
, 102
, 98
, 41
, 64
, 75
, 66
, 73
, 81
, 58
, 121
, 18
, 12
, 127
, 83
, 56
, 114
, 25
, 45
, 94
, 44
, 95
, 45
, 94
, 27
, 112
, 26
, 113
, 38
, 101
, 63
, 76
, 13
, 126
, 35
, 104
, 25
, 114
, 54
, 85
, 136
, 3
, 47
, 92
, 101
, 38
, 119
, 20
, 126
, 13
, 113
, 26
, 116
, 23
, 127
, 12
, 99
, 40
, 94
, 45
, 86
, 53
, 23
, 116
, 75
, 64
, 101
, 38
, 49
, 90
, 136
, 3
, 32
, 107
, 19
, 120
, 24
, 115
, 116
, 23
, 63
, 76
, 56
, 83
, 118
, 21
, 36
, 103
, 88
, 51
, 69
, 70
, 114
, 25
, 71
, 68
, 49
, 90
, 71
, 68
, 104
, 35
, 25
, 114
, 35
, 104
, 105
, 34
, 56
, 83
, 14
, 125
, 38
, 101
, 56
, 83
, 106
, 33
, 27
, 112
, 31
, 108
, 15
, 124
, 35
, 104
, 133
, 6
, 28
, 111
, 73
, 66
, 86
, 53
, 35
, 104
, 107
, 32
, 74
, 65
, 46
, 93
, 63
, 76
, 57
, 82
, 100
, 39
, 40
, 99
, 78
, 61
, 132
, 7
, 3
, 136
, 126
, 13
, 66
, 73
, 96
, 43
, 25
, 114
, 103
, 36
, 79
, 60
, 121
, 18
, 23
, 116
, 82
, 57
, 33
, 106
, 3
, 136
, 64
, 75
, 99
, 40
, 116
, 23
, 136
, 3
, 81
, 58
, 66
, 73
, 126
, 13
, 8
, 131
, 57
, 82
, 25
, 114
, 82
, 57
, 19
, 120
, 113
, 26
, 27
, 112
, 78
, 61
, 103
, 36
, 86
, 53
, 55
, 84
, 27
, 112
, 131
, 8
, 63
, 76
, 62
, 77
, 113
, 26
, 56
, 83
, 136
, 3
, 91
, 48
, 98
, 41
, 76
, 63
, 27
, 112
, 68
, 71
, 114
, 25
, 70
, 69
, 16
, 123
, 99
, 40
, 40
, 99
, 33
, 106
, 6
, 133
, 101
, 38
, 24
, 115
, 30
, 109
, 74
, 65
, 107
, 32
, 95
, 44
, 51
, 88
, 47
, 92
, 100
, 39
, 63
, 76
, 133
, 6
, 39
, 100
, 114
, 25
, 89
, 50
, 21
, 118
, 24
, 115
, 8
, 131
, 80
, 59
, 107
, 32
, 12
, 127
, 42
, 97
, 6
, 133
, 8
, 131
, 135
, 4
, 104
, 35
, 87
, 52
, 21
, 118
, 10
, 129
, 109
, 30
, 67
, 72
, 17
, 122
, 83
, 56
, 127
, 12
, 63
, 76
, 82
, 57
, 17
, 122
, 36
, 103
, 88
, 51
, 41
, 98
, 4
, 135
, 17
, 122
, 41
, 98
, 115
, 24
, 137
, 2
, 74
, 65
, 54
, 85
, 134
, 5
, 124
, 15
, 117
, 22
, 127
, 12
, 115
, 24
, 47
, 92
, 35
, 104
, 34
, 105
, 40
, 99
, 70
, 69
, 25
, 114
, 94
, 45
, 54
, 85
, 131
, 8
, 38
, 101
, 126
, 13
, 92
, 47
, 91
, 48
, 96
, 43
, 51
, 88
, 94
, 45
, 31
, 108
, 76
, 63
, 52
, 87
, 63
, 76
, 112
, 27
, 126
, 13
, 1
, 138
, 109
, 30
, 34
, 105
, 43
, 96
, 8
, 131
, 92
, 47
, 76
, 63
, 6
, 133
, 30
, 109
, 76
, 63
, 113
, 26
, 82
, 57
, 84
, 55
, 96
, 43
, 81
, 58
, 117
, 22
, 55
, 84
, 38
, 101
, 137
, 2
, 28
, 111
, 1
, 138
, 84
, 55
, 23
, 116
, 95
, 44
, 105
, 34
, 25
, 114
, 2
, 137
, 120
, 19
, 134
, 5
, 36
, 103
, 47
, 92
, 53
, 86
, 105
, 34
, 42
, 97
, 125
, 14
, 132
, 7
, 78
, 61
, 124
, 15
, 72
, 67
, 65
, 74
, 39
, 100
, 52
, 87
, 92
, 47
, 66
, 73
, 120
, 19
, 86
, 53
, 23
, 116
, 51
, 88
, 34
, 105
, 47
, 92
, 44
, 95
, 104
, 35
, 41
, 98
, 74
, 65
, 116
, 23
, 20
, 119
, 33
, 106
, 79
, 60
, 85
, 54
, 35
, 104
, 2
, 137
, 19
, 120
, 45
, 94
, 21
, 118
, 75
, 64
, 71
, 68
, 57
, 82
, 131
, 8
, 96
, 43
, 116
, 23
, 34
, 105
, 5
, 134
, 121
, 18
, 37
, 102
, 31
, 108
, 5
, 134
, 65
, 74
, 12
, 127
, 12
, 127
, 81
, 58
, 7
, 132
, 18
, 121
, 106
, 33
, 32
, 107
, 3
, 136
, 98
, 41
, 6
, 133
, 110
, 29
, 85
, 54
, 64
, 75
, 100
, 39
, 45
, 94
, 98
, 41
, 65
, 74
, 19
, 120
, 125
, 14
, 29
, 110
, 21
, 118
, 100
, 39
, 59
, 80
, 117
, 22
, 4
, 135
, 135
, 4
, 121
, 18
, 55
, 84
, 89
, 50
, 84
, 55
, 54
, 85
, 70
, 69
, 32
, 107
, 101
, 38
, 58
, 81
, 62
, 77
, 15
, 124
, 119
, 20
, 136
, 3
, 43
, 96
, 137
, 2
, 107
, 32
, 37
, 102
