
3350
, 110
, 28
, 130
, 8
, 52
, 86
, 127
, 11
, 105
, 33
, 117
, 21
, 65
, 73
, 6
, 132
, 87
, 51
, 47
, 91
, 34
, 104
, 19
, 119
, 89
, 49
, 64
, 74
, 50
, 88
, 45
, 93
, 73
, 65
, 51
, 87
, 52
, 86
, 2
, 136
, 31
, 107
, 112
, 26
, 20
, 118
, 118
, 20
, 38
, 100
, 31
, 107
, 6
, 132
, 29
, 109
, 56
, 82
, 12
, 126
, 78
, 60
, 35
, 103
, 8
, 130
, 64
, 74
, 3
, 135
, 124
, 14
, 71
, 67
, 133
, 5
, 92
, 46
, 63
, 75
, 122
, 16
, 19
, 119
, 67
, 71
, 84
, 54
, 75
, 63
, 4
, 134
, 114
, 24
, 89
, 49
, 63
, 75
, 122
, 16
, 4
, 134
, 135
, 3
, 18
, 120
, 97
, 41
, 82
, 56
, 83
, 55
, 63
, 75
, 42
, 96
, 111
, 27
, 26
, 112
, 6
, 132
, 12
, 126
, 56
, 82
, 83
, 55
, 50
, 88
, 121
, 17
, 125
, 13
, 33
, 105
, 69
, 69
, 85
, 53
, 2
, 136
, 18
, 120
, 118
, 20
, 118
, 20
, 39
, 99
, 45
, 93
, 131
, 7
, 40
, 98
, 129
, 9
, 97
, 41
, 49
, 89
, 50
, 88
, 110
, 28
, 130
, 8
, 65
, 73
, 129
, 9
, 107
, 31
, 60
, 78
, 41
, 97
, 46
, 92
, 69
, 69
, 23
, 115
, 84
, 54
, 36
, 102
, 29
, 109
, 101
, 37
, 59
, 79
, 115
, 23
, 44
, 94
, 19
, 119
, 109
, 29
, 12
, 126
, 63
, 75
, 124
, 14
, 6
, 132
, 101
, 37
, 107
, 31
, 135
, 3
, 19
, 119
, 106
, 32
, 28
, 110
, 49
, 89
, 122
, 16
, 67
, 71
, 15
, 123
, 24
, 114
, 99
, 39
, 55
, 83
, 98
, 40
, 121
, 17
, 31
, 107
, 25
, 113
, 107
, 31
, 58
, 80
, 57
, 81
, 50
, 88
, 72
, 66
, 38
, 100
, 126
, 12
, 10
, 128
, 74
, 64
, 20
, 118
, 135
, 3
, 73
, 65
, 104
, 34
, 64
, 74
, 60
, 78
, 18
, 120
, 117
, 21
, 122
, 16
, 40
, 98
, 104
, 34
, 77
, 61
, 27
, 111
, 25
, 113
, 43
, 95
, 23
, 115
, 130
, 8
, 17
, 121
, 50
, 88
, 2
, 136
, 66
, 72
, 70
, 68
, 36
, 102
, 108
, 30
, 1
, 137
, 68
, 70
, 89
, 49
, 133
, 5
, 114
, 24
, 46
, 92
, 85
, 53
, 87
, 51
, 121
, 17
, 5
, 133
, 123
, 15
, 27
, 111
, 10
, 128
, 105
, 33
, 126
, 12
, 106
, 32
, 80
, 58
, 25
, 113
, 86
, 52
, 26
, 112
, 53
, 85
, 119
, 19
, 39
, 99
, 19
, 119
, 6
, 132
, 89
, 49
, 74
, 64
, 71
, 67
, 43
, 95
, 126
, 12
, 45
, 93
, 109
, 29
, 10
, 128
, 70
, 68
, 70
, 68
, 49
, 89
, 47
, 91
, 26
, 112
, 16
, 122
, 84
, 54
, 70
, 68
, 21
, 117
, 38
, 100
, 62
, 76
, 121
, 17
, 6
, 132
, 95
, 43
, 55
, 83
, 14
, 124
, 81
, 57
, 21
, 117
, 14
, 124
, 40
, 98
, 116
, 22
, 128
, 10
, 99
, 39
, 105
, 33
, 4
, 134
, 110
, 28
, 12
, 126
, 112
, 26
, 64
, 74
, 69
, 69
, 73
, 65
, 9
, 129
, 42
, 96
, 67
, 71
, 111
, 27
, 87
, 51
, 82
, 56
, 84
, 54
, 119
, 19
, 90
, 48
, 107
, 31
, 46
, 92
, 3
, 135
, 127
, 11
, 102
, 36
, 116
, 22
, 41
, 97
, 100
, 38
, 1
, 137
, 122
, 16
, 117
, 21
, 136
, 2
, 86
, 52
, 98
, 40
, 97
, 41
, 86
, 52
, 11
, 127
, 18
, 120
, 53
, 85
, 32
, 106
, 33
, 105
, 36
, 102
, 127
, 11
, 134
, 4
, 24
, 114
, 4
, 134
, 128
, 10
, 127
, 11
, 105
, 33
, 56
, 82
, 17
, 121
, 109
, 29
, 104
, 34
, 30
, 108
, 26
, 112
, 53
, 85
, 86
, 52
, 36
, 102
, 74
, 64
, 10
, 128
, 69
, 69
, 25
, 113
, 115
, 23
, 74
, 64
, 97
, 41
, 103
, 35
, 43
, 95
, 50
, 88
, 16
, 122
, 91
, 47
, 45
, 93
, 2
, 136
, 108
, 30
, 98
, 40
, 136
, 2
, 131
, 7
, 49
, 89
, 25
, 113
, 120
, 18
, 74
, 64
, 131
, 7
, 5
, 133
, 90
, 48
, 101
, 37
, 5
, 133
, 20
, 118
, 73
, 65
, 5
, 133
, 81
, 57
, 73
, 65
, 100
, 38
, 78
, 60
, 56
, 82
, 34
, 104
, 100
, 38
, 132
, 6
, 136
, 2
, 36
, 102
, 98
, 40
, 28
, 110
, 35
, 103
, 107
, 31
, 11
, 127
, 118
, 20
, 5
, 133
, 134
, 4
, 124
, 14
, 124
, 14
, 66
, 72
, 36
, 102
, 124
, 14
, 107
, 31
, 61
, 77
, 45
, 93
, 3
, 135
, 112
, 26
, 89
, 49
, 40
, 98
, 53
, 85
, 64
, 74
, 115
, 23
, 81
, 57
, 4
, 134
, 129
, 9
, 129
, 9
, 7
, 131
, 27
, 111
, 121
, 17
, 35
, 103
, 42
, 96
, 115
, 23
, 61
, 77
, 28
, 110
, 59
, 79
, 51
, 87
, 99
, 39
, 129
, 9
, 8
, 130
, 74
, 64
, 34
, 104
, 57
, 81
, 64
, 74
, 131
, 7
, 97
, 41
, 20
, 118
, 21
, 117
, 113
, 25
, 64
, 74
, 107
, 31
, 113
, 25
, 93
, 45
, 54
, 84
, 45
, 93
, 86
, 52
, 38
, 100
, 121
, 17
, 96
, 42
, 99
, 39
, 41
, 97
, 47
, 91
, 112
, 26
, 115
, 23
, 68
, 70
, 119
, 19
, 99
, 39
, 3
, 135
, 22
, 116
, 73
, 65
, 27
, 111
, 57
, 81
, 11
, 127
, 55
, 83
, 130
, 8
, 7
, 131
, 87
, 51
, 135
, 3
, 96
, 42
, 108
, 30
, 121
, 17
, 129
, 9
, 71
, 67
, 116
, 22
, 19
, 119
, 94
, 44
, 109
, 29
, 54
, 84
, 124
, 14
, 107
, 31
, 73
, 65
, 71
, 67
, 134
, 4
, 53
, 85
, 129
, 9
, 90
, 48
, 73
, 65
, 125
, 13
, 73
, 65
, 111
, 27
, 119
, 19
, 50
, 88
, 46
, 92
, 2
, 136
, 29
, 109
, 23
, 115
, 12
, 126
, 119
, 19
, 18
, 120
, 115
, 23
, 87
, 51
, 31
, 107
, 68
, 70
, 98
, 40
, 11
, 127
, 18
, 120
, 128
, 10
, 43
, 95
, 29
, 109
, 68
, 70
, 36
, 102
, 97
, 41
, 49
, 89
, 48
, 90
, 43
, 95
, 40
, 98
, 111
, 27
, 124
, 14
, 7
, 131
, 79
, 59
, 100
, 38
, 30
, 108
, 26
, 112
, 12
, 126
, 67
, 71
, 98
, 40
, 82
, 56
, 41
, 97
, 50
, 88
, 30
, 108
, 115
, 23
, 55
, 83
, 86
, 52
, 47
, 91
, 8
, 130
, 82
, 56
, 130
, 8
, 63
, 75
, 35
, 103
, 105
, 33
, 40
, 98
, 110
, 28
, 46
, 92
, 86
, 52
, 82
, 56
, 115
, 23
, 107
, 31
, 87
, 51
, 54
, 84
, 89
, 49
, 75
, 63
, 131
, 7
, 20
, 118
, 96
, 42
, 120
, 18
, 92
, 46
, 37
, 101
, 90
, 48
, 23
, 115
, 120
, 18
, 36
, 102
, 93
, 45
, 29
, 109
, 116
, 22
, 2
, 136
, 84
, 54
, 26
, 112
, 36
, 102
, 92
, 46
, 7
, 131
, 132
, 6
, 74
, 64
, 120
, 18
, 136
, 2
, 36
, 102
, 42
, 96
, 30
, 108
, 129
, 9
, 37
, 101
, 29
, 109
, 89
, 49
, 82
, 56
, 78
, 60
, 5
, 133
, 94
, 44
, 98
, 40
, 119
, 19
, 18
, 120
, 126
, 12
, 25
, 113
, 48
, 90
, 136
, 2
, 2
, 136
, 69
, 69
, 9
, 129
, 126
, 12
, 69
, 69
, 30
, 108
, 83
, 55
, 30
, 108
, 33
, 105
, 106
, 32
, 28
, 110
, 53
, 85
, 134
, 4
, 75
, 63
, 29
, 109
, 121
, 17
, 23
, 115
, 83
, 55
, 96
, 42
, 108
, 30
, 127
, 11
, 136
, 2
, 47
, 91
, 38
, 100
, 88
, 50
, 71
, 67
, 41
, 97
, 58
, 80
, 103
, 35
, 32
, 106
, 75
, 63
, 92
, 46
, 111
, 27
, 52
, 86
, 10
, 128
, 89
, 49
, 104
, 34
, 58
, 80
, 76
, 62
, 23
, 115
, 24
, 114
, 61
, 77
, 7
, 131
, 91
, 47
, 66
, 72
, 113
, 25
, 26
, 112
, 126
, 12
, 81
, 57
, 82
, 56
, 26
, 112
, 98
, 40
, 85
, 53
, 93
, 45
, 99
, 39
, 111
, 27
, 26
, 112
, 6
, 132
, 78
, 60
, 130
, 8
, 81
, 57
, 82
, 56
, 136
, 2
, 124
, 14
, 131
, 7
, 97
, 41
, 59
, 79
, 38
, 100
, 35
, 103
, 91
, 47
, 113
, 25
, 9
, 129
, 81
, 57
, 43
, 95
, 106
, 32
, 99
, 39
, 75
, 63
, 15
, 123
, 24
, 114
, 133
, 5
, 9
, 129
, 61
, 77
, 98
, 40
, 1
, 137
, 53
, 85
, 15
, 123
, 18
, 120
, 119
, 19
, 68
, 70
, 97
, 41
, 63
, 75
, 34
, 104
, 32
, 106
, 101
, 37
, 94
, 44
, 99
, 39
, 36
, 102
, 105
, 33
, 58
, 80
, 21
, 117
, 107
, 31
, 100
, 38
, 68
, 70
, 87
, 51
, 58
, 80
, 89
, 49
, 3
, 135
, 26
, 112
, 57
, 81
, 120
, 18
, 103
, 35
, 62
, 76
, 66
, 72
, 18
, 120
, 30
, 108
, 61
, 77
, 57
, 81
, 100
, 38
, 25
, 113
, 104
, 34
, 8
, 130
, 14
, 124
, 36
, 102
, 101
, 37
, 19
, 119
, 123
, 15
, 10
, 128
, 81
, 57
, 123
, 15
, 111
, 27
, 124
, 14
, 72
, 66
, 21
, 117
, 30
, 108
, 117
, 21
, 44
, 94
, 73
, 65
, 22
, 116
, 135
, 3
, 134
, 4
, 133
, 5
, 110
, 28
, 110
, 28
, 42
, 96
, 124
, 14
, 16
, 122
, 31
, 107
, 59
, 79
, 103
, 35
, 17
, 121
, 17
, 121
, 68
, 70
, 7
, 131
, 30
, 108
, 127
, 11
, 76
, 62
, 49
, 89
, 22
, 116
, 15
, 123
, 12
, 126
, 85
, 53
, 70
, 68
, 11
, 127
, 40
, 98
, 50
, 88
, 35
, 103
, 125
, 13
, 4
, 134
, 61
, 77
, 110
, 28
, 39
, 99
, 35
, 103
, 25
, 113
, 45
, 93
, 129
, 9
, 110
, 28
, 63
, 75
, 40
, 98
, 82
, 56
, 131
, 7
, 110
, 28
, 29
, 109
, 74
, 64
, 84
, 54
, 133
, 5
, 38
, 100
, 104
, 34
, 89
, 49
, 4
, 134
, 55
, 83
, 32
, 106
, 124
, 14
, 71
, 67
, 2
, 136
, 56
, 82
, 20
, 118
, 62
, 76
, 30
, 108
, 54
, 84
, 25
, 113
, 76
, 62
, 41
, 97
, 88
, 50
, 73
, 65
, 34
, 104
, 109
, 29
, 27
, 111
, 101
, 37
, 114
, 24
, 67
, 71
, 83
, 55
, 50
, 88
, 50
, 88
, 41
, 97
, 82
, 56
, 79
, 59
, 57
, 81
, 57
, 81
, 92
, 46
, 126
, 12
, 92
, 46
, 17
, 121
, 23
, 115
, 77
, 61
, 111
, 27
, 20
, 118
, 79
, 59
, 82
, 56
, 123
, 15
, 129
, 9
, 63
, 75
, 100
, 38
, 26
, 112
, 80
, 58
, 42
, 96
, 96
, 42
, 31
, 107
, 111
, 27
, 130
, 8
, 57
, 81
, 124
, 14
, 86
, 52
, 46
, 92
, 108
, 30
, 97
, 41
, 1
, 137
, 121
, 17
, 32
, 106
, 32
, 106
, 104
, 34
, 108
, 30
, 123
, 15
, 53
, 85
, 117
, 21
, 33
, 105
, 50
, 88
, 43
, 95
, 109
, 29
, 103
, 35
, 79
, 59
, 66
, 72
, 59
, 79
, 121
, 17
, 97
, 41
, 69
, 69
, 122
, 16
, 5
, 133
, 42
, 96
, 98
, 40
, 13
, 125
, 32
, 106
, 3
, 135
, 14
, 124
, 87
, 51
, 23
, 115
, 79
, 59
, 36
, 102
, 12
, 126
, 135
, 3
, 123
, 15
, 35
, 103
, 43
, 95
, 21
, 117
, 136
, 2
, 126
, 12
, 23
, 115
, 43
, 95
, 104
, 34
, 64
, 74
, 87
, 51
, 40
, 98
, 57
, 81
, 101
, 37
, 10
, 128
, 110
, 28
, 61
, 77
, 94
, 44
, 43
, 95
, 67
, 71
, 39
, 99
, 81
, 57
, 69
, 69
, 26
, 112
, 85
, 53
, 111
, 27
, 71
, 67
, 34
, 104
, 34
, 104
, 109
, 29
, 21
, 117
, 101
, 37
, 113
, 25
, 40
, 98
, 38
, 100
, 74
, 64
, 98
, 40
, 15
, 123
, 69
, 69
, 67
, 71
, 46
, 92
, 91
, 47
, 16
, 122
, 59
, 79
, 122
, 16
, 115
, 23
, 86
, 52
, 41
, 97
, 98
, 40
, 9
, 129
, 97
, 41
, 56
, 82
, 119
, 19
, 29
, 109
, 62
, 76
, 60
, 78
, 69
, 69
, 56
, 82
, 124
, 14
, 129
, 9
, 47
, 91
, 75
, 63
, 110
, 28
, 17
, 121
, 26
, 112
, 17
, 121
, 119
, 19
, 30
, 108
, 36
, 102
, 10
, 128
, 115
, 23
, 116
, 22
, 18
, 120
, 58
, 80
, 80
, 58
, 40
, 98
, 12
, 126
, 110
, 28
, 112
, 26
, 62
, 76
, 60
, 78
, 18
, 120
, 25
, 113
, 69
, 69
, 15
, 123
, 12
, 126
, 28
, 110
, 124
, 14
, 102
, 36
, 71
, 67
, 126
, 12
, 56
, 82
, 36
, 102
, 26
, 112
, 70
, 68
, 80
, 58
, 78
, 60
, 82
, 56
, 131
, 7
, 41
, 97
, 2
, 136
, 32
, 106
, 6
, 132
, 26
, 112
, 84
, 54
, 100
, 38
, 89
, 49
, 32
, 106
, 77
, 61
, 28
, 110
, 21
, 117
, 47
, 91
, 24
, 114
, 104
, 34
, 76
, 62
, 76
, 62
, 24
, 114
, 136
, 2
, 40
, 98
, 7
, 131
, 83
, 55
, 35
, 103
, 110
, 28
, 18
, 120
, 58
, 80
, 112
, 26
, 92
, 46
, 123
, 15
, 110
, 28
, 95
, 43
, 124
, 14
, 42
, 96
, 64
, 74
, 47
, 91
, 128
, 10
, 132
, 6
, 21
, 117
, 112
, 26
, 121
, 17
, 112
, 26
, 55
, 83
, 36
, 102
, 71
, 67
, 134
, 4
, 27
, 111
, 69
, 69
, 120
, 18
, 96
, 42
, 136
, 2
, 25
, 113
, 136
, 2
, 19
, 119
, 81
, 57
, 89
, 49
, 84
, 54
, 36
, 102
, 129
, 9
, 52
, 86
, 31
, 107
, 58
, 80
, 37
, 101
, 7
, 131
, 32
, 106
, 118
, 20
, 2
, 136
, 125
, 13
, 11
, 127
, 7
, 131
, 54
, 84
, 121
, 17
, 14
, 124
, 83
, 55
, 22
, 116
, 106
, 32
, 113
, 25
, 29
, 109
, 97
, 41
, 36
, 102
, 98
, 40
, 114
, 24
, 111
, 27
, 122
, 16
, 135
, 3
, 19
, 119
, 61
, 77
, 54
, 84
, 7
, 131
, 64
, 74
, 26
, 112
, 6
, 132
, 105
, 33
, 63
, 75
, 45
, 93
, 58
, 80
, 63
, 75
, 126
, 12
, 5
, 133
, 56
, 82
, 18
, 120
, 90
, 48
, 80
, 58
, 97
, 41
, 111
, 27
, 126
, 12
, 50
, 88
, 99
, 39
, 95
, 43
, 45
, 93
, 130
, 8
, 16
, 122
, 34
, 104
, 68
, 70
, 33
, 105
, 2
, 136
, 61
, 77
, 130
, 8
, 30
, 108
, 113
, 25
, 7
, 131
, 70
, 68
, 32
, 106
, 111
, 27
, 116
, 22
, 42
, 96
, 34
, 104
, 100
, 38
, 84
, 54
, 59
, 79
, 60
, 78
, 26
, 112
, 123
, 15
, 83
, 55
, 4
, 134
, 111
, 27
, 58
, 80
, 31
, 107
, 26
, 112
, 76
, 62
, 122
, 16
, 49
, 89
, 70
, 68
, 129
, 9
, 60
, 78
, 122
, 16
, 85
, 53
, 113
, 25
, 96
, 42
, 42
, 96
, 38
, 100
, 72
, 66
, 6
, 132
, 136
, 2
, 86
, 52
, 23
, 115
, 136
, 2
, 69
, 69
, 100
, 38
, 8
, 130
, 83
, 55
, 4
, 134
, 59
, 79
, 44
, 94
, 58
, 80
, 133
, 5
, 38
, 100
, 62
, 76
, 79
, 59
, 68
, 70
, 64
, 74
, 43
, 95
, 79
, 59
, 10
, 128
, 108
, 30
, 128
, 10
, 112
, 26
, 116
, 22
, 102
, 36
, 74
, 64
, 40
, 98
, 10
, 128
, 89
, 49
, 121
, 17
, 14
, 124
, 94
, 44
, 28
, 110
, 47
, 91
, 127
, 11
, 95
, 43
, 130
, 8
, 7
, 131
, 132
, 6
, 75
, 63
, 118
, 20
, 16
, 122
, 123
, 15
, 108
, 30
, 20
, 118
, 57
, 81
, 131
, 7
, 77
, 61
, 50
, 88
, 111
, 27
, 96
, 42
, 1
, 137
, 79
, 59
, 64
, 74
, 33
, 105
, 13
, 125
, 103
, 35
, 93
, 45
, 120
, 18
, 62
, 76
, 100
, 38
, 127
, 11
, 125
, 13
, 52
, 86
, 97
, 41
, 73
, 65
, 61
, 77
, 112
, 26
, 117
, 21
, 37
, 101
, 131
, 7
, 84
, 54
, 6
, 132
, 84
, 54
, 32
, 106
, 112
, 26
, 84
, 54
, 44
, 94
, 102
, 36
, 136
, 2
, 19
, 119
, 6
, 132
, 90
, 48
, 111
, 27
, 106
, 32
, 89
, 49
, 44
, 94
, 73
, 65
, 93
, 45
, 67
, 71
, 58
, 80
, 7
, 131
, 131
, 7
, 22
, 116
, 46
, 92
, 48
, 90
, 42
, 96
, 40
, 98
, 79
, 59
, 67
, 71
, 51
, 87
, 86
, 52
, 45
, 93
, 122
, 16
, 61
, 77
, 122
, 16
, 47
, 91
, 24
, 114
, 84
, 54
, 50
, 88
, 85
, 53
, 71
, 67
, 54
, 84
, 115
, 23
, 20
, 118
, 53
, 85
, 21
, 117
, 118
, 20
, 3
, 135
, 75
, 63
, 86
, 52
, 133
, 5
, 60
, 78
, 78
, 60
, 66
, 72
, 102
, 36
, 11
, 127
, 35
, 103
, 99
, 39
, 13
, 125
, 32
, 106
, 89
, 49
, 134
, 4
, 19
, 119
, 117
, 21
, 70
, 68
, 27
, 111
, 86
, 52
, 123
, 15
, 15
, 123
, 97
, 41
, 6
, 132
, 129
, 9
, 18
, 120
, 72
, 66
, 29
, 109
, 66
, 72
, 123
, 15
, 124
, 14
, 42
, 96
, 86
, 52
, 72
, 66
, 123
, 15
, 29
, 109
, 10
, 128
, 8
, 130
, 96
, 42
, 21
, 117
, 1
, 137
, 16
, 122
, 42
, 96
, 13
, 125
, 87
, 51
, 61
, 77
, 77
, 61
, 77
, 61
, 115
, 23
, 42
, 96
, 135
, 3
, 18
, 120
, 21
, 117
, 128
, 10
, 130
, 8
, 116
, 22
, 88
, 50
, 133
, 5
, 110
, 28
, 12
, 126
, 71
, 67
, 30
, 108
, 122
, 16
, 85
, 53
, 32
, 106
, 27
, 111
, 63
, 75
, 122
, 16
, 56
, 82
, 120
, 18
, 81
, 57
, 19
, 119
, 7
, 131
, 36
, 102
, 28
, 110
, 48
, 90
, 113
, 25
, 33
, 105
, 29
, 109
, 77
, 61
, 110
, 28
, 129
, 9
, 49
, 89
, 111
, 27
, 50
, 88
, 13
, 125
, 69
, 69
, 39
, 99
, 67
, 71
, 60
, 78
, 39
, 99
, 107
, 31
, 116
, 22
, 82
, 56
, 28
, 110
, 55
, 83
, 132
, 6
, 43
, 95
, 28
, 110
, 41
, 97
, 30
, 108
, 118
, 20
, 88
, 50
, 70
, 68
, 119
, 19
, 4
, 134
, 94
, 44
, 46
, 92
, 19
, 119
, 34
, 104
, 2
, 136
, 29
, 109
, 74
, 64
, 91
, 47
, 129
, 9
, 49
, 89
, 124
, 14
, 54
, 84
, 75
, 63
, 114
, 24
, 129
, 9
, 121
, 17
, 29
, 109
, 94
, 44
, 22
, 116
, 44
, 94
, 7
, 131
, 40
, 98
, 72
, 66
, 68
, 70
, 46
, 92
, 42
, 96
, 22
, 116
, 90
, 48
, 24
, 114
, 102
, 36
, 60
, 78
, 35
, 103
, 52
, 86
, 92
, 46
, 103
, 35
, 68
, 70
, 33
, 105
, 55
, 83
, 94
, 44
, 125
, 13
, 35
, 103
, 122
, 16
, 54
, 84
, 27
, 111
, 4
, 134
, 23
, 115
, 13
, 125
, 57
, 81
, 4
, 134
, 89
, 49
, 64
, 74
, 125
, 13
, 77
, 61
, 90
, 48
, 45
, 93
, 18
, 120
, 123
, 15
, 12
, 126
, 79
, 59
, 37
, 101
, 66
, 72
, 45
, 93
, 51
, 87
, 22
, 116
, 43
, 95
, 102
, 36
, 94
, 44
, 41
, 97
, 68
, 70
, 64
, 74
, 45
, 93
, 74
, 64
, 69
, 69
, 30
, 108
, 9
, 129
, 132
, 6
, 112
, 26
, 100
, 38
, 102
, 36
, 4
, 134
, 69
, 69
, 79
, 59
, 17
, 121
, 120
, 18
, 35
, 103
, 11
, 127
, 132
, 6
, 119
, 19
, 50
, 88
, 64
, 74
, 118
, 20
, 124
, 14
, 49
, 89
, 75
, 63
, 95
, 43
, 69
, 69
, 134
, 4
, 111
, 27
, 83
, 55
, 45
, 93
, 8
, 130
, 7
, 131
, 63
, 75
, 54
, 84
, 54
, 84
, 59
, 79
, 27
, 111
, 67
, 71
, 64
, 74
, 69
, 69
, 110
, 28
, 81
, 57
, 17
, 121
, 131
, 7
, 70
, 68
, 25
, 113
, 107
, 31
, 58
, 80
, 19
, 119
, 43
, 95
, 58
, 80
, 28
, 110
, 20
, 118
, 52
, 86
, 43
, 95
, 74
, 64
, 118
, 20
, 116
, 22
, 65
, 73
, 97
, 41
, 56
, 82
, 93
, 45
, 4
, 134
, 75
, 63
, 104
, 34
, 56
, 82
, 66
, 72
, 128
, 10
, 8
, 130
, 114
, 24
, 77
, 61
, 35
, 103
, 104
, 34
, 20
, 118
, 28
, 110
, 24
, 114
, 84
, 54
, 97
, 41
, 82
, 56
, 16
, 122
, 105
, 33
, 19
, 119
, 96
, 42
, 13
, 125
, 97
, 41
, 34
, 104
, 91
, 47
, 102
, 36
, 87
, 51
, 121
, 17
, 124
, 14
, 71
, 67
, 81
, 57
, 115
, 23
, 103
, 35
, 69
, 69
, 45
, 93
, 53
, 85
, 126
, 12
, 81
, 57
, 119
, 19
, 91
, 47
, 18
, 120
, 118
, 20
, 122
, 16
, 58
, 80
, 32
, 106
, 64
, 74
, 60
, 78
, 101
, 37
, 71
, 67
, 124
, 14
, 84
, 54
, 90
, 48
, 2
, 136
, 104
, 34
, 41
, 97
, 42
, 96
, 19
, 119
, 14
, 124
, 50
, 88
, 9
, 129
, 56
, 82
, 113
, 25
, 73
, 65
, 75
, 63
, 22
, 116
, 77
, 61
, 108
, 30
, 100
, 38
, 88
, 50
, 22
, 116
, 97
, 41
, 5
, 133
, 58
, 80
, 48
, 90
, 3
, 135
, 58
, 80
, 65
, 73
, 30
, 108
, 25
, 113
, 41
, 97
, 86
, 52
, 94
, 44
, 51
, 87
, 50
, 88
, 99
, 39
, 31
, 107
, 51
, 87
, 61
, 77
, 69
, 69
, 117
, 21
, 1
, 137
, 115
, 23
, 98
, 40
, 104
, 34
, 8
, 130
, 57
, 81
, 133
, 5
, 79
, 59
, 107
, 31
, 89
, 49
, 45
, 93
, 128
, 10
, 28
, 110
, 86
, 52
, 8
, 130
, 2
, 136
, 127
, 11
, 2
, 136
, 17
, 121
, 43
, 95
, 132
, 6
, 45
, 93
, 95
, 43
, 47
, 91
, 6
, 132
, 126
, 12
, 35
, 103
, 39
, 99
, 50
, 88
, 23
, 115
, 5
, 133
, 65
, 73
, 116
, 22
, 136
, 2
, 7
, 131
, 53
, 85
, 79
, 59
, 80
, 58
, 67
, 71
, 51
, 87
, 95
, 43
, 27
, 111
, 91
, 47
, 58
, 80
, 96
, 42
, 100
, 38
, 82
, 56
, 12
, 126
, 110
, 28
, 83
, 55
, 93
, 45
, 8
, 130
, 47
, 91
, 2
, 136
, 130
, 8
, 115
, 23
, 33
, 105
, 79
, 59
, 21
, 117
, 134
, 4
, 4
, 134
, 61
, 77
, 116
, 22
, 39
, 99
, 32
, 106
, 126
, 12
, 46
, 92
, 127
, 11
, 69
, 69
, 124
, 14
, 57
, 81
, 93
, 45
, 101
, 37
, 20
, 118
, 101
, 37
, 127
, 11
, 52
, 86
, 20
, 118
, 122
, 16
, 127
, 11
, 23
, 115
, 65
, 73
, 128
, 10
, 80
, 58
, 22
, 116
, 101
, 37
, 96
, 42
, 61
, 77
, 125
, 13
, 96
, 42
, 44
, 94
, 102
, 36
, 80
, 58
, 89
, 49
, 126
, 12
, 93
, 45
, 2
, 136
, 111
, 27
, 71
, 67
, 130
, 8
, 98
, 40
, 19
, 119
, 76
, 62
, 23
, 115
, 76
, 62
, 45
, 93
, 46
, 92
, 14
, 124
, 39
, 99
, 73
, 65
, 134
, 4
, 38
, 100
, 38
, 100
, 77
, 61
, 56
, 82
, 58
, 80
, 66
, 72
, 53
, 85
, 39
, 99
, 27
, 111
, 20
, 118
, 19
, 119
, 126
, 12
, 5
, 133
, 119
, 19
, 110
, 28
, 119
, 19
, 63
, 75
, 54
, 84
, 12
, 126
, 33
, 105
, 94
, 44
, 12
, 126
, 111
, 27
, 83
, 55
, 99
, 39
, 18
, 120
, 25
, 113
, 3
, 135
, 25
, 113
, 9
, 129
, 54
, 84
, 16
, 122
, 119
, 19
, 79
, 59
, 94
, 44
, 53
, 85
, 34
, 104
, 39
, 99
, 131
, 7
, 98
, 40
, 41
, 97
, 91
, 47
, 64
, 74
, 22
, 116
, 104
, 34
, 115
, 23
, 10
, 128
, 65
, 73
, 114
, 24
, 88
, 50
, 136
, 2
, 65
, 73
, 33
, 105
, 39
, 99
, 122
, 16
, 112
, 26
, 21
, 117
, 58
, 80
, 37
, 101
, 86
, 52
, 14
, 124
, 80
, 58
, 10
, 128
, 97
, 41
, 56
, 82
, 103
, 35
, 11
, 127
, 106
, 32
, 98
, 40
, 112
, 26
, 69
, 69
, 123
, 15
, 80
, 58
, 96
, 42
, 41
, 97
, 120
, 18
, 23
, 115
, 29
, 109
, 76
, 62
, 120
, 18
, 22
, 116
, 19
, 119
, 15
, 123
, 85
, 53
, 134
, 4
, 113
, 25
, 86
, 52
, 54
, 84
, 3
, 135
, 82
, 56
, 102
, 36
, 50
, 88
, 84
, 54
, 71
, 67
, 73
, 65
, 93
, 45
, 7
, 131
, 98
, 40
, 117
, 21
, 90
, 48
, 103
, 35
, 25
, 113
, 72
, 66
, 136
, 2
, 48
, 90
, 108
, 30
, 62
, 76
, 14
, 124
, 43
, 95
, 23
, 115
, 28
, 110
, 121
, 17
, 11
, 127
, 80
, 58
, 47
, 91
, 90
, 48
, 99
, 39
, 59
, 79
, 36
, 102
, 27
, 111
, 98
, 40
, 104
, 34
, 69
, 69
, 91
, 47
, 68
, 70
, 114
, 24
, 109
, 29
, 26
, 112
, 43
, 95
, 121
, 17
, 4
, 134
, 99
, 39
, 12
, 126
, 70
, 68
, 17
, 121
, 102
, 36
, 101
, 37
, 111
, 27
, 78
, 60
, 97
, 41
, 81
, 57
, 86
, 52
, 68
, 70
, 128
, 10
, 42
, 96
, 99
, 39
, 125
, 13
, 22
, 116
, 120
, 18
, 47
, 91
, 63
, 75
, 37
, 101
, 29
, 109
, 47
, 91
, 41
, 97
, 75
, 63
, 34
, 104
, 55
, 83
, 35
, 103
, 1
, 137
, 51
, 87
, 110
, 28
, 77
, 61
, 49
, 89
, 15
, 123
, 99
, 39
, 19
, 119
, 102
, 36
, 13
, 125
, 113
, 25
, 13
, 125
, 108
, 30
, 106
, 32
, 45
, 93
, 64
, 74
, 8
, 130
, 105
, 33
, 126
, 12
, 32
, 106
, 66
, 72
, 93
, 45
, 19
, 119
, 43
, 95
, 72
, 66
, 125
, 13
, 62
, 76
, 25
, 113
, 120
, 18
, 115
, 23
, 21
, 117
, 23
, 115
, 81
, 57
, 106
, 32
, 17
, 121
, 75
, 63
, 37
, 101
, 98
, 40
, 34
, 104
, 22
, 116
, 28
, 110
, 5
, 133
, 95
, 43
, 50
, 88
, 90
, 48
, 71
, 67
, 82
, 56
, 32
, 106
, 82
, 56
, 132
, 6
, 7
, 131
, 116
, 22
, 103
, 35
, 116
, 22
, 122
, 16
, 107
, 31
, 64
, 74
, 54
, 84
, 65
, 73
, 110
, 28
, 54
, 84
, 72
, 66
, 54
, 84
, 21
, 117
, 106
, 32
, 89
, 49
, 74
, 64
, 1
, 137
, 107
, 31
, 49
, 89
, 70
, 68
, 39
, 99
, 43
, 95
, 58
, 80
, 60
, 78
, 23
, 115
, 49
, 89
, 100
, 38
, 89
, 49
, 29
, 109
, 8
, 130
, 136
, 2
, 7
, 131
, 61
, 77
, 47
, 91
, 118
, 20
, 126
, 12
, 11
, 127
, 12
, 126
, 1
, 137
, 98
, 40
, 99
, 39
, 37
, 101
, 65
, 73
, 39
, 99
, 14
, 124
, 78
, 60
, 27
, 111
, 79
, 59
, 126
, 12
, 85
, 53
, 50
, 88
, 26
, 112
, 12
, 126
, 33
, 105
, 120
, 18
, 118
, 20
, 2
, 136
, 68
, 70
, 99
, 39
, 35
, 103
, 46
, 92
, 126
, 12
, 39
, 99
, 24
, 114
, 120
, 18
, 40
, 98
, 134
, 4
, 117
, 21
, 70
, 68
, 17
, 121
, 81
, 57
, 132
, 6
, 19
, 119
, 20
, 118
, 78
, 60
, 26
, 112
, 2
, 136
, 27
, 111
, 120
, 18
, 103
, 35
, 72
, 66
, 51
, 87
, 65
, 73
, 49
, 89
, 110
, 28
, 75
, 63
, 28
, 110
, 113
, 25
, 44
, 94
, 98
, 40
, 94
, 44
, 129
, 9
, 126
, 12
, 51
, 87
, 74
, 64
, 11
, 127
, 27
, 111
, 31
, 107
, 37
, 101
, 46
, 92
, 110
, 28
, 42
, 96
, 98
, 40
, 54
, 84
, 20
, 118
, 101
, 37
, 113
, 25
, 78
, 60
, 33
, 105
, 79
, 59
, 41
, 97
, 43
, 95
, 92
, 46
, 38
, 100
, 54
, 84
, 32
, 106
, 42
, 96
, 8
, 130
, 81
, 57
, 79
, 59
, 31
, 107
, 78
, 60
, 126
, 12
, 49
, 89
, 26
, 112
, 89
, 49
, 24
, 114
, 45
, 93
, 22
, 116
, 32
, 106
, 48
, 90
, 14
, 124
, 72
, 66
, 77
, 61
, 80
, 58
, 123
, 15
, 42
, 96
, 26
, 112
, 16
, 122
, 10
, 128
, 124
, 14
, 125
, 13
, 111
, 27
, 50
, 88
, 117
, 21
, 102
, 36
, 94
, 44
, 88
, 50
, 38
, 100
, 27
, 111
, 93
, 45
, 69
, 69
, 17
, 121
, 98
, 40
, 96
, 42
, 101
, 37
, 37
, 101
, 35
, 103
, 128
, 10
, 28
, 110
, 56
, 82
, 79
, 59
, 5
, 133
, 41
, 97
, 90
, 48
, 100
, 38
, 111
, 27
, 19
, 119
, 118
, 20
, 48
, 90
, 126
, 12
, 61
, 77
, 71
, 67
, 109
, 29
, 27
, 111
, 128
, 10
, 129
, 9
, 33
, 105
, 127
, 11
, 2
, 136
, 64
, 74
, 93
, 45
, 34
, 104
, 26
, 112
, 7
, 131
, 2
, 136
, 109
, 29
, 133
, 5
, 12
, 126
, 122
, 16
, 37
, 101
, 76
, 62
, 27
, 111
, 51
, 87
, 50
, 88
, 135
, 3
, 39
, 99
, 69
, 69
, 41
, 97
, 13
, 125
, 56
, 82
, 40
, 98
, 92
, 46
, 107
, 31
, 50
, 88
, 131
, 7
, 72
, 66
, 93
, 45
, 101
, 37
, 110
, 28
, 130
, 8
, 35
, 103
, 42
, 96
, 66
, 72
, 31
, 107
, 81
, 57
, 83
, 55
, 38
, 100
, 84
, 54
, 4
, 134
, 92
, 46
, 18
, 120
, 92
, 46
, 113
, 25
, 58
, 80
, 51
, 87
, 79
, 59
, 76
, 62
, 9
, 129
, 48
, 90
, 76
, 62
, 122
, 16
, 36
, 102
, 20
, 118
, 96
, 42
, 17
, 121
, 4
, 134
, 17
, 121
, 107
, 31
, 63
, 75
, 17
, 121
, 101
, 37
, 43
, 95
, 33
, 105
, 59
, 79
, 28
, 110
, 22
, 116
, 77
, 61
, 14
, 124
, 115
, 23
, 78
, 60
, 132
, 6
, 76
, 62
, 81
, 57
, 107
, 31
, 13
, 125
, 92
, 46
, 23
, 115
, 109
, 29
, 130
, 8
, 107
, 31
, 92
, 46
, 102
, 36
, 1
, 137
, 80
, 58
, 10
, 128
, 104
, 34
, 60
, 78
, 63
, 75
, 51
, 87
, 8
, 130
, 49
, 89
, 11
, 127
, 64
, 74
, 69
, 69
, 89
, 49
, 127
, 11
, 12
, 126
, 136
, 2
, 102
, 36
, 103
, 35
, 35
, 103
, 30
, 108
, 74
, 64
, 85
, 53
, 77
, 61
, 100
, 38
, 33
, 105
, 49
, 89
, 82
, 56
, 87
, 51
, 71
, 67
, 74
, 64
, 21
, 117
, 18
, 120
, 133
, 5
, 7
, 131
, 106
, 32
, 67
, 71
, 72
, 66
, 72
, 66
, 99
, 39
, 11
, 127
, 68
, 70
, 78
, 60
, 123
, 15
, 25
, 113
, 100
, 38
, 76
, 62
, 65
, 73
, 132
, 6
, 21
, 117
, 43
, 95
, 89
, 49
, 123
, 15
, 80
, 58
, 28
, 110
, 72
, 66
, 44
, 94
, 16
, 122
, 43
, 95
, 25
, 113
, 135
, 3
, 131
, 7
, 1
, 137
, 106
, 32
, 67
, 71
, 103
, 35
, 21
, 117
, 77
, 61
, 110
, 28
, 88
, 50
, 49
, 89
, 123
, 15
, 6
, 132
, 46
, 92
, 88
, 50
, 67
, 71
, 45
, 93
, 40
, 98
, 135
, 3
, 27
, 111
, 12
, 126
, 36
, 102
, 47
, 91
, 23
, 115
, 10
, 128
, 74
, 64
, 28
, 110
, 56
, 82
, 5
, 133
, 72
, 66
, 94
, 44
, 36
, 102
, 68
, 70
, 63
, 75
, 106
, 32
, 100
, 38
, 22
, 116
, 47
, 91
, 13
, 125
, 68
, 70
, 64
, 74
, 110
, 28
, 31
, 107
, 134
, 4
, 10
, 128
, 46
, 92
, 113
, 25
, 122
, 16
, 4
, 134
, 70
, 68
, 5
, 133
, 83
, 55
, 105
, 33
, 128
, 10
, 125
, 13
, 124
, 14
, 45
, 93
, 72
, 66
, 64
, 74
, 129
, 9
, 38
, 100
, 2
, 136
, 64
, 74
, 20
, 118
, 66
, 72
, 47
, 91
, 117
, 21
, 119
, 19
, 101
, 37
, 121
, 17
, 47
, 91
, 38
, 100
, 80
, 58
, 101
, 37
, 62
, 76
, 110
, 28
, 113
, 25
, 107
, 31
, 118
, 20
, 86
, 52
, 80
, 58
, 32
, 106
, 85
, 53
, 109
, 29
, 52
, 86
, 59
, 79
, 76
, 62
, 23
, 115
, 83
, 55
, 63
, 75
, 17
, 121
, 43
, 95
, 89
, 49
, 53
, 85
, 83
, 55
, 92
, 46
, 17
, 121
, 79
, 59
, 111
, 27
, 89
, 49
, 7
, 131
, 34
, 104
, 37
, 101
, 20
, 118
, 103
, 35
, 99
, 39
, 57
, 81
, 17
, 121
, 118
, 20
, 29
, 109
, 101
, 37
, 85
, 53
, 123
, 15
, 69
, 69
, 100
, 38
, 106
, 32
, 6
, 132
, 108
, 30
, 129
, 9
, 115
, 23
, 88
, 50
, 7
, 131
, 91
, 47
, 131
, 7
, 114
, 24
, 76
, 62
, 125
, 13
, 44
, 94
, 50
, 88
, 126
, 12
, 132
, 6
, 7
, 131
, 124
, 14
, 72
, 66
, 74
, 64
, 39
, 99
, 36
, 102
, 66
, 72
, 95
, 43
, 76
, 62
, 94
, 44
, 30
, 108
, 112
, 26
, 46
, 92
, 131
, 7
, 51
, 87
, 54
, 84
, 78
, 60
, 91
, 47
, 124
, 14
, 124
, 14
, 63
, 75
, 4
, 134
, 120
, 18
, 38
, 100
, 20
, 118
, 97
, 41
, 5
, 133
, 104
, 34
, 55
, 83
, 101
, 37
, 82
, 56
, 74
, 64
, 118
, 20
, 9
, 129
, 58
, 80
, 63
, 75
, 118
, 20
, 24
, 114
, 131
, 7
, 95
, 43
, 24
, 114
, 16
, 122
, 60
, 78
, 43
, 95
, 7
, 131
, 112
, 26
, 77
, 61
, 66
, 72
, 121
, 17
, 31
, 107
, 61
, 77
, 3
, 135
, 32
, 106
, 21
, 117
, 18
, 120
, 119
, 19
, 43
, 95
, 9
, 129
, 51
, 87
, 119
, 19
, 100
, 38
, 73
, 65
, 67
, 71
, 58
, 80
, 68
, 70
, 63
, 75
, 95
, 43
, 136
, 2
, 3
, 135
, 127
, 11
, 43
, 95
, 12
, 126
, 52
, 86
, 130
, 8
, 78
, 60
, 13
, 125
, 97
, 41
, 56
, 82
, 136
, 2
, 14
, 124
, 86
, 52
, 77
, 61
, 24
, 114
, 24
, 114
, 37
, 101
, 110
, 28
, 66
, 72
, 55
, 83
, 125
, 13
, 23
, 115
, 83
, 55
, 91
, 47
, 53
, 85
, 2
, 136
, 92
, 46
, 12
, 126
, 91
, 47
, 68
, 70
, 116
, 22
, 39
, 99
, 84
, 54
, 21
, 117
, 96
, 42
, 17
, 121
, 51
, 87
, 14
, 124
, 104
, 34
, 105
, 33
, 118
, 20
, 64
, 74
, 8
, 130
, 81
, 57
, 45
, 93
, 128
, 10
, 121
, 17
, 73
, 65
, 105
, 33
, 122
, 16
, 101
, 37
, 30
, 108
, 64
, 74
, 53
, 85
, 82
, 56
, 26
, 112
, 87
, 51
, 53
, 85
, 107
, 31
, 126
, 12
, 123
, 15
, 62
, 76
, 38
, 100
, 92
, 46
, 65
, 73
, 12
, 126
, 108
, 30
, 117
, 21
, 9
, 129
, 30
, 108
, 35
, 103
, 29
, 109
, 119
, 19
, 62
, 76
, 18
, 120
, 41
, 97
, 41
, 97
, 127
, 11
, 29
, 109
, 91
, 47
, 17
, 121
, 6
, 132
, 122
, 16
, 130
, 8
, 90
, 48
, 93
, 45
, 47
, 91
, 64
, 74
, 32
, 106
, 40
, 98
, 97
, 41
, 90
, 48
, 76
, 62
, 68
, 70
, 75
, 63
, 106
, 32
, 129
, 9
, 36
, 102
, 108
, 30
, 31
, 107
, 24
, 114
, 41
, 97
, 84
, 54
, 12
, 126
, 15
, 123
, 23
, 115
, 86
, 52
, 116
, 22
, 28
, 110
, 14
, 124
, 117
, 21
, 1
, 137
, 50
, 88
, 131
, 7
, 90
, 48
, 98
, 40
, 104
, 34
, 55
, 83
, 111
, 27
, 31
, 107
, 61
, 77
, 95
, 43
, 111
, 27
, 117
, 21
, 60
, 78
, 9
, 129
, 31
, 107
, 102
, 36
, 136
, 2
, 83
, 55
, 41
, 97
, 48
, 90
, 107
, 31
, 75
, 63
, 69
, 69
, 108
, 30
, 22
, 116
, 20
, 118
, 87
, 51
, 10
, 128
, 76
, 62
, 130
, 8
, 2
, 136
, 68
, 70
, 53
, 85
, 103
, 35
, 108
, 30
, 7
, 131
, 105
, 33
, 2
, 136
, 104
, 34
, 112
, 26
, 85
, 53
, 90
, 48
, 26
, 112
, 6
, 132
, 44
, 94
, 113
, 25
, 83
, 55
, 17
, 121
, 5
, 133
, 111
, 27
, 123
, 15
, 103
, 35
, 12
, 126
, 41
, 97
, 79
, 59
, 71
, 67
, 129
, 9
, 83
, 55
, 94
, 44
, 122
, 16
, 18
, 120
, 23
, 115
, 13
, 125
, 65
, 73
, 46
, 92
, 56
, 82
, 94
, 44
, 101
, 37
, 65
, 73
, 78
, 60
, 47
, 91
, 27
, 111
, 133
, 5
, 68
, 70
, 33
, 105
, 42
, 96
, 92
, 46
, 34
, 104
, 101
, 37
, 70
, 68
, 26
, 112
, 1
, 137
, 34
, 104
, 20
, 118
, 109
, 29
, 74
, 64
, 57
, 81
, 105
, 33
, 25
, 113
, 131
, 7
, 8
, 130
, 122
, 16
, 93
, 45
, 61
, 77
, 124
, 14
, 89
, 49
, 99
, 39
, 123
, 15
, 67
, 71
, 15
, 123
, 94
, 44
, 108
, 30
, 33
, 105
, 136
, 2
, 78
, 60
, 47
, 91
, 92
, 46
, 15
, 123
, 11
, 127
, 71
, 67
, 80
, 58
, 42
, 96
, 41
, 97
, 45
, 93
, 29
, 109
, 75
, 63
, 76
, 62
, 120
, 18
, 38
, 100
, 60
, 78
, 93
, 45
, 35
, 103
, 47
, 91
, 58
, 80
, 136
, 2
, 89
, 49
, 47
, 91
, 72
, 66
, 46
, 92
, 123
, 15
, 47
, 91
, 80
, 58
, 100
, 38
, 78
, 60
, 90
, 48
, 50
, 88
, 106
, 32
, 92
, 46
, 8
, 130
, 57
, 81
, 18
, 120
, 2
, 136
, 105
, 33
, 44
, 94
, 130
, 8
, 69
, 69
, 56
, 82
, 66
, 72
, 20
, 118
, 91
, 47
, 8
, 130
, 123
, 15
, 133
, 5
, 93
, 45
, 4
, 134
, 23
, 115
, 36
, 102
, 6
, 132
, 26
, 112
, 103
, 35
, 70
, 68
, 55
, 83
, 52
, 86
, 92
, 46
, 89
, 49
, 100
, 38
, 13
, 125
, 129
, 9
, 79
, 59
, 134
, 4
, 4
, 134
, 8
, 130
, 18
, 120
, 82
, 56
, 4
, 134
, 83
, 55
, 46
, 92
, 17
, 121
, 103
, 35
, 66
, 72
, 100
, 38
, 14
, 124
, 46
, 92
, 11
, 127
, 27
, 111
, 38
, 100
, 121
, 17
, 123
, 15
, 16
, 122
, 104
, 34
, 124
, 14
, 106
, 32
, 72
, 66
, 7
, 131
, 111
, 27
, 96
, 42
, 92
, 46
, 69
, 69
, 110
, 28
, 117
, 21
, 44
, 94
, 113
, 25
, 82
, 56
, 75
, 63
, 9
, 129
, 34
, 104
, 129
, 9
, 2
, 136
, 110
, 28
, 73
, 65
, 78
, 60
, 83
, 55
, 82
, 56
, 49
, 89
, 74
, 64
, 37
, 101
, 32
, 106
, 82
, 56
, 91
, 47
, 27
, 111
, 122
, 16
, 105
, 33
, 118
, 20
, 107
, 31
, 61
, 77
, 124
, 14
, 131
, 7
, 82
, 56
, 13
, 125
, 92
, 46
, 58
, 80
, 41
, 97
, 69
, 69
, 104
, 34
, 60
, 78
, 112
, 26
, 85
, 53
, 58
, 80
, 38
, 100
, 128
, 10
, 120
, 18
, 118
, 20
, 79
, 59
, 57
, 81
, 76
, 62
, 87
, 51
, 136
, 2
, 124
, 14
, 8
, 130
, 135
, 3
, 40
, 98
, 62
, 76
, 49
, 89
, 10
, 128
, 106
, 32
, 53
, 85
, 112
, 26
, 117
, 21
, 53
, 85
, 21
, 117
, 7
, 131
, 70
, 68
, 23
, 115
, 39
, 99
, 45
, 93
, 55
, 83
, 50
, 88
, 19
, 119
, 23
, 115
, 101
, 37
, 126
, 12
, 18
, 120
, 82
, 56
, 92
, 46
, 17
, 121
, 98
, 40
, 106
, 32
, 79
, 59
, 76
, 62
, 38
, 100
, 116
, 22
, 4
, 134
, 33
, 105
, 78
, 60
, 35
, 103
, 37
, 101
, 102
, 36
, 27
, 111
, 118
, 20
, 56
, 82
, 97
, 41
, 77
, 61
, 113
, 25
, 136
, 2
, 116
, 22
, 2
, 136
, 103
, 35
, 99
, 39
, 136
, 2
, 49
, 89
, 56
, 82
, 20
, 118
, 9
, 129
, 37
, 101
, 54
, 84
, 24
, 114
, 75
, 63
, 131
, 7
, 31
, 107
, 96
, 42
, 86
, 52
, 104
, 34
, 13
, 125
, 62
, 76
, 78
, 60
, 130
, 8
, 31
, 107
, 12
, 126
, 88
, 50
, 77
, 61
, 69
, 69
, 26
, 112
, 11
, 127
, 95
, 43
, 76
, 62
, 63
, 75
, 84
, 54
, 102
, 36
, 27
, 111
, 57
, 81
, 128
, 10
, 71
, 67
, 37
, 101
, 123
, 15
, 16
, 122
, 45
, 93
, 47
, 91
, 21
, 117
, 119
, 19
, 127
, 11
, 8
, 130
, 116
, 22
, 10
, 128
, 66
, 72
, 51
, 87
, 53
, 85
, 47
, 91
, 119
, 19
, 78
, 60
, 135
, 3
, 4
, 134
, 57
, 81
, 15
, 123
, 15
, 123
, 13
, 125
, 11
, 127
, 39
, 99
, 88
, 50
, 95
, 43
, 44
, 94
, 132
, 6
, 91
, 47
, 94
, 44
, 77
, 61
, 130
, 8
, 110
, 28
, 123
, 15
, 11
, 127
, 94
, 44
, 107
, 31
, 66
, 72
, 118
, 20
, 49
, 89
, 43
, 95
, 83
, 55
, 108
, 30
, 116
, 22
, 1
, 137
, 124
, 14
, 91
, 47
, 7
, 131
, 93
, 45
, 93
, 45
, 48
, 90
, 110
, 28
, 100
, 38
, 80
, 58
, 96
, 42
, 25
, 113
, 62
, 76
, 38
, 100
, 69
, 69
, 15
, 123
, 136
, 2
, 48
, 90
, 80
, 58
, 42
, 96
, 98
, 40
, 130
, 8
, 1
, 137
, 14
, 124
, 52
, 86
, 106
, 32
, 23
, 115
, 6
, 132
, 18
, 120
, 78
, 60
, 49
, 89
, 74
, 64
, 21
, 117
, 117
, 21
, 26
, 112
, 87
, 51
, 98
, 40
, 87
, 51
, 102
, 36
, 77
, 61
, 84
, 54
, 6
, 132
, 124
, 14
, 47
, 91
, 50
, 88
, 8
, 130
, 10
, 128
, 93
, 45
, 56
, 82
, 68
, 70
, 127
, 11
, 109
, 29
, 96
, 42
, 75
, 63
, 17
, 121
, 18
, 120
, 114
, 24
, 41
, 97
, 50
, 88
, 46
, 92
, 91
, 47
, 41
, 97
, 46
, 92
, 126
, 12
, 109
, 29
, 114
, 24
, 111
, 27
, 13
, 125
, 10
, 128
, 133
, 5
, 37
, 101
, 44
, 94
, 56
, 82
, 81
, 57
, 26
, 112
, 63
, 75
, 120
, 18
, 45
, 93
, 10
, 128
, 47
, 91
, 82
, 56
, 21
, 117
, 17
, 121
, 82
, 56
, 53
, 85
, 88
, 50
, 74
, 64
, 63
, 75
, 14
, 124
, 127
, 11
, 76
, 62
, 54
, 84
, 127
, 11
, 113
, 25
, 97
, 41
, 129
, 9
, 6
, 132
, 61
, 77
, 135
, 3
, 96
, 42
, 118
, 20
, 88
, 50
, 32
, 106
, 10
, 128
, 37
, 101
, 5
, 133
, 124
, 14
, 96
, 42
, 125
, 13
, 53
, 85
, 118
, 20
, 26
, 112
, 69
, 69
, 46
, 92
, 121
, 17
, 40
, 98
, 133
, 5
, 69
, 69
, 13
, 125
, 2
, 136
, 92
, 46
, 94
, 44
, 27
, 111
, 117
, 21
, 113
, 25
, 57
, 81
, 46
, 92
, 55
, 83
, 42
, 96
, 52
, 86
, 93
, 45
, 25
, 113
, 126
, 12
, 94
, 44
, 50
, 88
, 113
, 25
, 116
, 22
, 91
, 47
, 42
, 96
, 135
, 3
, 121
, 17
, 16
, 122
, 88
, 50
, 40
, 98
, 41
, 97
, 71
, 67
, 11
, 127
, 112
, 26
, 117
, 21
, 55
, 83
, 75
, 63
, 129
, 9
, 85
, 53
, 128
, 10
, 39
, 99
, 120
, 18
, 133
, 5
, 127
, 11
, 70
, 68
, 130
, 8
, 125
, 13
, 4
, 134
, 12
, 126
, 130
, 8
, 136
, 2
, 90
, 48
, 132
, 6
, 58
, 80
, 61
, 77
, 22
, 116
, 41
, 97
, 53
, 85
, 48
, 90
, 30
, 108
, 82
, 56
, 131
, 7
, 124
, 14
, 68
, 70
, 14
, 124
, 71
, 67
, 132
, 6
, 9
, 129
, 126
, 12
, 23
, 115
, 50
, 88
, 113
, 25
, 84
, 54
, 124
, 14
, 120
, 18
, 78
, 60
, 17
, 121
, 91
, 47
, 77
, 61
, 71
, 67
, 3
, 135
, 30
, 108
, 39
, 99
, 49
, 89
, 5
, 133
, 131
, 7
, 32
, 106
, 10
, 128
, 31
, 107
, 12
, 126
, 43
, 95
, 2
, 136
, 129
, 9
, 6
, 132
, 13
, 125
, 121
, 17
, 29
, 109
, 64
, 74
, 75
, 63
, 124
, 14
, 85
, 53
, 4
, 134
, 116
, 22
, 35
, 103
, 101
, 37
, 42
, 96
, 117
, 21
, 69
, 69
, 30
, 108
, 8
, 130
, 127
, 11
, 81
, 57
, 29
, 109
, 77
, 61
, 82
, 56
, 46
, 92
, 51
, 87
, 18
, 120
, 31
, 107
, 102
, 36
, 34
, 104
, 70
, 68
, 100
, 38
, 4
, 134
, 134
, 4
, 70
, 68
, 17
, 121
, 111
, 27
, 3
, 135
, 105
, 33
, 78
, 60
, 16
, 122
, 31
, 107
, 124
, 14
, 69
, 69
, 14
, 124
, 121
, 17
, 73
, 65
, 124
, 14
, 41
, 97
, 107
, 31
, 63
, 75
, 40
, 98
, 19
, 119
, 112
, 26
, 35
, 103
, 52
, 86
, 60
, 78
, 114
, 24
, 118
, 20
, 103
, 35
, 135
, 3
, 118
, 20
, 102
, 36
, 78
, 60
, 95
, 43
, 34
, 104
, 98
, 40
, 46
, 92
, 43
, 95
, 37
, 101
, 96
, 42
, 16
, 122
, 37
, 101
, 100
, 38
, 122
, 16
, 35
, 103
, 3
, 135
, 88
, 50
, 78
, 60
, 43
, 95
, 86
, 52
, 130
, 8
, 55
, 83
, 31
, 107
, 118
, 20
, 12
, 126
, 22
, 116
, 110
, 28
, 82
, 56
, 93
, 45
, 135
, 3
, 54
, 84
, 28
, 110
, 49
, 89
, 39
, 99
, 134
, 4
, 56
, 82
, 94
, 44
, 54
, 84
, 32
, 106
, 15
, 123
, 38
, 100
, 68
, 70
, 122
, 16
, 106
, 32
, 57
, 81
, 114
, 24
, 134
, 4
, 135
, 3
, 26
, 112
, 123
, 15
, 129
, 9
, 100
, 38
, 18
, 120
, 131
, 7
, 83
, 55
, 103
, 35
, 22
, 116
, 5
, 133
, 65
, 73
, 100
, 38
, 34
, 104
, 68
, 70
, 122
, 16
, 20
, 118
, 94
, 44
, 30
, 108
, 56
, 82
, 83
, 55
, 101
, 37
, 13
, 125
, 21
, 117
, 118
, 20
, 97
, 41
, 40
, 98
, 40
, 98
, 93
, 45
, 111
, 27
, 22
, 116
, 49
, 89
, 13
, 125
, 117
, 21
, 80
, 58
, 108
, 30
, 2
, 136
, 78
, 60
, 27
, 111
, 136
, 2
, 91
, 47
, 136
, 2
, 1
, 137
, 24
, 114
, 129
, 9
, 9
, 129
, 126
, 12
, 115
, 23
, 125
, 13
, 104
, 34
, 100
, 38
, 133
, 5
, 64
, 74
, 42
, 96
, 51
, 87
, 107
, 31
, 101
, 37
, 66
, 72
, 39
, 99
, 55
, 83
, 94
, 44
, 119
, 19
, 38
, 100
, 30
, 108
, 29
, 109
, 39
, 99
, 6
, 132
, 135
, 3
, 45
, 93
, 133
, 5
, 92
, 46
, 83
, 55
, 40
, 98
, 93
, 45
, 116
, 22
, 77
, 61
, 59
, 79
, 12
, 126
, 89
, 49
, 47
, 91
, 52
, 86
, 51
, 87
, 58
, 80
, 27
, 111
, 61
, 77
, 83
, 55
, 54
, 84
, 7
, 131
, 70
, 68
, 9
, 129
, 71
, 67
, 107
, 31
, 85
, 53
, 89
, 49
, 88
, 50
, 128
, 10
, 73
, 65
, 12
, 126
, 8
, 130
, 51
, 87
, 96
, 42
, 26
, 112
, 102
, 36
, 132
, 6
, 104
, 34
, 106
, 32
, 113
, 25
, 19
, 119
, 1
, 137
, 71
, 67
, 40
, 98
, 122
, 16
, 23
, 115
, 133
, 5
, 104
, 34
, 6
, 132
, 21
, 117
, 74
, 64
, 70
, 68
, 92
, 46
, 50
, 88
, 117
, 21
, 79
, 59
, 38
, 100
, 83
, 55
, 24
, 114
, 115
, 23
, 105
, 33
, 31
, 107
, 31
, 107
, 68
, 70
, 43
, 95
, 80
, 58
, 35
, 103
, 84
, 54
, 102
, 36
, 104
, 34
, 36
, 102
, 18
, 120
, 101
, 37
, 24
, 114
, 87
, 51
, 107
, 31
, 64
, 74
, 133
, 5
, 116
, 22
, 122
, 16
, 50
, 88
, 24
, 114
, 114
, 24
, 82
, 56
, 65
, 73
, 86
, 52
, 12
, 126
, 77
, 61
, 134
, 4
, 130
, 8
, 48
, 90
, 41
, 97
, 88
, 50
, 49
, 89
, 20
, 118
, 103
, 35
, 135
, 3
, 98
, 40
, 32
, 106
, 122
, 16
, 35
, 103
, 86
, 52
, 12
, 126
, 120
, 18
, 43
, 95
, 51
, 87
, 38
, 100
, 129
, 9
, 114
, 24
, 86
, 52
, 123
, 15
, 107
, 31
, 50
, 88
, 56
, 82
, 93
, 45
, 100
, 38
, 136
, 2
, 82
, 56
, 38
, 100
, 57
, 81
, 122
, 16
, 114
, 24
, 55
, 83
, 4
, 134
, 6
, 132
, 50
, 88
, 128
, 10
, 104
, 34
, 63
, 75
, 110
, 28
, 128
, 10
, 71
, 67
, 10
, 128
, 87
, 51
, 9
, 129
, 126
, 12
, 115
, 23
, 125
, 13
, 29
, 109
, 80
, 58
, 78
, 60
, 117
, 21
, 77
, 61
, 15
, 123
, 79
, 59
, 24
, 114
, 55
, 83
, 118
, 20
, 55
, 83
, 88
, 50
, 100
, 38
, 52
, 86
, 38
, 100
, 1
, 137
