
3400
, 268
, 26
, 213
, 81
, 254
, 40
, 100
, 194
, 55
, 239
, 120
, 174
, 98
, 196
, 125
, 169
, 165
, 129
, 29
, 265
, 178
, 116
, 209
, 85
, 257
, 37
, 9
, 285
, 67
, 227
, 229
, 65
, 259
, 35
, 193
, 101
, 38
, 256
, 22
, 272
, 13
, 281
, 29
, 265
, 146
, 148
, 187
, 107
, 146
, 148
, 50
, 244
, 253
, 41
, 285
, 9
, 49
, 245
, 221
, 73
, 47
, 247
, 86
, 208
, 43
, 251
, 6
, 288
, 125
, 169
, 196
, 98
, 9
, 285
, 125
, 169
, 215
, 79
, 15
, 279
, 287
, 7
, 291
, 3
, 282
, 12
, 120
, 174
, 40
, 254
, 240
, 54
, 116
, 178
, 11
, 283
, 89
, 205
, 149
, 145
, 162
, 132
, 159
, 135
, 140
, 154
, 109
, 185
, 54
, 240
, 46
, 248
, 204
, 90
, 123
, 171
, 28
, 266
, 116
, 178
, 78
, 216
, 205
, 89
, 188
, 106
, 111
, 183
, 107
, 187
, 28
, 266
, 37
, 257
, 215
, 79
, 61
, 233
, 152
, 142
, 33
, 261
, 3
, 291
, 226
, 68
, 118
, 176
, 193
, 101
, 142
, 152
, 87
, 207
, 9
, 285
, 156
, 138
, 46
, 248
, 240
, 54
, 176
, 118
, 197
, 97
, 142
, 152
, 129
, 165
, 143
, 151
, 192
, 102
, 106
, 188
, 151
, 143
, 114
, 180
, 135
, 159
, 179
, 115
, 285
, 9
, 242
, 52
, 264
, 30
, 282
, 12
, 285
, 9
, 11
, 283
, 138
, 156
, 193
, 101
, 31
, 263
, 108
, 186
, 292
, 2
, 215
, 79
, 156
, 138
, 252
, 42
, 164
, 130
, 204
, 90
, 217
, 77
, 42
, 252
, 223
, 71
, 230
, 64
, 263
, 31
, 114
, 180
, 199
, 95
, 15
, 279
, 104
, 190
, 232
, 62
, 171
, 123
, 44
, 250
, 122
, 172
, 196
, 98
, 124
, 170
, 97
, 197
, 223
, 71
, 264
, 30
, 62
, 232
, 179
, 115
, 152
, 142
, 228
, 66
, 89
, 205
, 232
, 62
, 138
, 156
, 15
, 279
, 57
, 237
, 27
, 267
, 114
, 180
, 180
, 114
, 106
, 188
, 26
, 268
, 228
, 66
, 196
, 98
, 155
, 139
, 44
, 250
, 165
, 129
, 138
, 156
, 223
, 71
, 99
, 195
, 41
, 253
, 115
, 179
, 89
, 205
, 142
, 152
, 102
, 192
, 153
, 141
, 224
, 70
, 51
, 243
, 121
, 173
, 241
, 53
, 108
, 186
, 5
, 289
, 100
, 194
, 89
, 205
, 115
, 179
, 123
, 171
, 267
, 27
, 4
, 290
, 8
, 286
, 285
, 9
, 233
, 61
, 158
, 136
, 241
, 53
, 214
, 80
, 116
, 178
, 106
, 188
, 201
, 93
, 217
, 77
, 262
, 32
, 241
, 53
, 22
, 272
, 106
, 188
, 41
, 253
, 26
, 268
, 106
, 188
, 172
, 122
, 49
, 245
, 24
, 270
, 2
, 292
, 257
, 37
, 183
, 111
, 78
, 216
, 165
, 129
, 218
, 76
, 64
, 230
, 93
, 201
, 125
, 169
, 4
, 290
, 186
, 108
, 59
, 235
, 220
, 74
, 227
, 67
, 262
, 32
, 232
, 62
, 130
, 164
, 222
, 72
, 43
, 251
, 5
, 289
, 79
, 215
, 15
, 279
, 251
, 43
, 10
, 284
, 285
, 9
, 249
, 45
, 154
, 140
, 118
, 176
, 161
, 133
, 38
, 256
, 63
, 231
, 83
, 211
, 3
, 291
, 80
, 214
, 7
, 287
, 208
, 86
, 262
, 32
, 105
, 189
, 180
, 114
, 88
, 206
, 112
, 182
, 13
, 281
, 234
, 60
, 186
, 108
, 206
, 88
, 17
, 277
, 173
, 121
, 292
, 2
, 167
, 127
, 280
, 14
, 165
, 129
, 110
, 184
, 247
, 47
, 94
, 200
, 64
, 230
, 252
, 42
, 200
, 94
, 178
, 116
, 20
, 274
, 235
, 59
, 73
, 221
, 176
, 118
, 104
, 190
, 208
, 86
, 90
, 204
, 152
, 142
, 276
, 18
, 93
, 201
, 197
, 97
, 116
, 178
, 66
, 228
, 164
, 130
, 16
, 278
, 8
, 286
, 18
, 276
, 123
, 171
, 109
, 185
, 153
, 141
, 139
, 155
, 291
, 3
, 230
, 64
, 278
, 16
, 111
, 183
, 171
, 123
, 34
, 260
, 151
, 143
, 66
, 228
, 239
, 55
, 267
, 27
, 145
, 149
, 188
, 106
, 159
, 135
, 218
, 76
, 9
, 285
, 76
, 218
, 152
, 142
, 195
, 99
, 242
, 52
, 138
, 156
, 176
, 118
, 279
, 15
, 201
, 93
, 230
, 64
, 255
, 39
, 265
, 29
, 14
, 280
, 196
, 98
, 257
, 37
, 285
, 9
, 168
, 126
, 281
, 13
, 224
, 70
, 135
, 159
, 177
, 117
, 1
, 293
, 129
, 165
, 262
, 32
, 186
, 108
, 201
, 93
, 69
, 225
, 243
, 51
, 217
, 77
, 98
, 196
, 206
, 88
, 248
, 46
, 165
, 129
, 169
, 125
, 229
, 65
, 289
, 5
, 223
, 71
, 289
, 5
, 65
, 229
, 168
, 126
, 204
, 90
, 16
, 278
, 15
, 279
, 25
, 269
, 231
, 63
, 130
, 164
, 51
, 243
, 125
, 169
, 172
, 122
, 193
, 101
, 257
, 37
, 101
, 193
, 174
, 120
, 40
, 254
, 246
, 48
, 257
, 37
, 275
, 19
, 134
, 160
, 146
, 148
, 17
, 277
, 141
, 153
, 211
, 83
, 5
, 289
, 185
, 109
, 165
, 129
, 247
, 47
, 88
, 206
, 161
, 133
, 14
, 280
, 270
, 24
, 12
, 282
, 42
, 252
, 179
, 115
, 125
, 169
, 288
, 6
, 266
, 28
, 102
, 192
, 232
, 62
, 75
, 219
, 66
, 228
, 22
, 272
, 4
, 290
, 64
, 230
, 236
, 58
, 154
, 140
, 34
, 260
, 168
, 126
, 37
, 257
, 228
, 66
, 280
, 14
, 75
, 219
, 57
, 237
, 131
, 163
, 24
, 270
, 112
, 182
, 133
, 161
, 253
, 41
, 12
, 282
, 100
, 194
, 166
, 128
, 252
, 42
, 120
, 174
, 287
, 7
, 258
, 36
, 194
, 100
, 171
, 123
, 24
, 270
, 148
, 146
, 95
, 199
, 15
, 279
, 266
, 28
, 168
, 126
, 161
, 133
, 24
, 270
, 151
, 143
, 120
, 174
, 264
, 30
, 21
, 273
, 42
, 252
, 98
, 196
, 12
, 282
, 161
, 133
, 42
, 252
, 230
, 64
, 260
, 34
, 55
, 239
, 37
, 257
, 227
, 67
, 288
, 6
, 227
, 67
, 238
, 56
, 72
, 222
, 242
, 52
, 224
, 70
, 12
, 282
, 127
, 167
, 103
, 191
, 189
, 105
, 105
, 189
, 69
, 225
, 151
, 143
, 176
, 118
, 46
, 248
, 185
, 109
, 173
, 121
, 292
, 2
, 216
, 78
, 244
, 50
, 48
, 246
, 165
, 129
, 5
, 289
, 68
, 226
, 192
, 102
, 222
, 72
, 100
, 194
, 101
, 193
, 283
, 11
, 280
, 14
, 20
, 274
, 93
, 201
, 166
, 128
, 239
, 55
, 231
, 63
, 144
, 150
, 29
, 265
, 219
, 75
, 173
, 121
, 138
, 156
, 149
, 145
, 130
, 164
, 16
, 278
, 7
, 287
, 197
, 97
, 265
, 29
, 224
, 70
, 18
, 276
, 147
, 147
, 135
, 159
, 40
, 254
, 73
, 221
, 273
, 21
, 122
, 172
, 133
, 161
, 103
, 191
, 127
, 167
, 7
, 287
, 104
, 190
, 269
, 25
, 265
, 29
, 261
, 33
, 275
, 19
, 256
, 38
, 16
, 278
, 194
, 100
, 253
, 41
, 77
, 217
, 213
, 81
, 172
, 122
, 247
, 47
, 280
, 14
, 168
, 126
, 214
, 80
, 143
, 151
, 209
, 85
, 13
, 281
, 141
, 153
, 234
, 60
, 142
, 152
, 162
, 132
, 20
, 274
, 202
, 92
, 209
, 85
, 238
, 56
, 290
, 4
, 115
, 179
, 122
, 172
, 41
, 253
, 96
, 198
, 168
, 126
, 252
, 42
, 97
, 197
, 265
, 29
, 137
, 157
, 260
, 34
, 111
, 183
, 3
, 291
, 111
, 183
, 78
, 216
, 28
, 266
, 78
, 216
, 2
, 292
, 85
, 209
, 7
, 287
, 231
, 63
, 217
, 77
, 227
, 67
, 181
, 113
, 46
, 248
, 10
, 284
, 167
, 127
, 48
, 246
, 20
, 274
, 285
, 9
, 292
, 2
, 101
, 193
, 163
, 131
, 288
, 6
, 291
, 3
, 218
, 76
, 67
, 227
, 275
, 19
, 280
, 14
, 244
, 50
, 176
, 118
, 159
, 135
, 157
, 137
, 70
, 224
, 278
, 16
, 284
, 10
, 202
, 92
, 82
, 212
, 167
, 127
, 72
, 222
, 201
, 93
, 158
, 136
, 118
, 176
, 19
, 275
, 140
, 154
, 17
, 277
, 57
, 237
, 92
, 202
, 285
, 9
, 274
, 20
, 189
, 105
, 240
, 54
, 20
, 274
, 280
, 14
, 243
, 51
, 246
, 48
, 246
, 48
, 253
, 41
, 100
, 194
, 71
, 223
, 91
, 203
, 289
, 5
, 44
, 250
, 80
, 214
, 247
, 47
, 237
, 57
, 124
, 170
, 10
, 284
, 13
, 281
, 110
, 184
, 91
, 203
, 67
, 227
, 49
, 245
, 15
, 279
, 30
, 264
, 282
, 12
, 34
, 260
, 39
, 255
, 285
, 9
, 55
, 239
, 86
, 208
, 254
, 40
, 150
, 144
, 185
, 109
, 51
, 243
, 146
, 148
, 191
, 103
, 92
, 202
, 183
, 111
, 273
, 21
, 72
, 222
, 57
, 237
, 291
, 3
, 268
, 26
, 114
, 180
, 256
, 38
, 105
, 189
, 122
, 172
, 20
, 274
, 191
, 103
, 36
, 258
, 24
, 270
, 136
, 158
, 225
, 69
, 130
, 164
, 221
, 73
, 95
, 199
, 82
, 212
, 288
, 6
, 180
, 114
, 264
, 30
, 92
, 202
, 198
, 96
, 184
, 110
, 54
, 240
, 78
, 216
, 266
, 28
, 115
, 179
, 164
, 130
, 216
, 78
, 48
, 246
, 62
, 232
, 135
, 159
, 28
, 266
, 229
, 65
, 86
, 208
, 136
, 158
, 182
, 112
, 79
, 215
, 188
, 106
, 148
, 146
, 109
, 185
, 91
, 203
, 4
, 290
, 80
, 214
, 189
, 105
, 155
, 139
, 148
, 146
, 59
, 235
, 36
, 258
, 70
, 224
, 44
, 250
, 134
, 160
, 162
, 132
, 49
, 245
, 138
, 156
, 49
, 245
, 223
, 71
, 48
, 246
, 72
, 222
, 81
, 213
, 22
, 272
, 287
, 7
, 117
, 177
, 157
, 137
, 200
, 94
, 101
, 193
, 261
, 33
, 71
, 223
, 6
, 288
, 22
, 272
, 268
, 26
, 69
, 225
, 83
, 211
, 23
, 271
, 106
, 188
, 13
, 281
, 279
, 15
, 262
, 32
, 89
, 205
, 222
, 72
, 96
, 198
, 282
, 12
, 205
, 89
, 6
, 288
, 97
, 197
, 8
, 286
, 18
, 276
, 55
, 239
, 273
, 21
, 130
, 164
, 48
, 246
, 215
, 79
, 143
, 151
, 11
, 283
, 18
, 276
, 166
, 128
, 62
, 232
, 262
, 32
, 172
, 122
, 16
, 278
, 32
, 262
, 10
, 284
, 32
, 262
, 292
, 2
, 162
, 132
, 249
, 45
, 199
, 95
, 281
, 13
, 215
, 79
, 182
, 112
, 229
, 65
, 206
, 88
, 71
, 223
, 148
, 146
, 58
, 236
, 248
, 46
, 273
, 21
, 234
, 60
, 213
, 81
, 126
, 168
, 267
, 27
, 2
, 292
, 30
, 264
, 211
, 83
, 85
, 209
, 3
, 291
, 192
, 102
, 175
, 119
, 260
, 34
, 249
, 45
, 248
, 46
, 246
, 48
, 271
, 23
, 48
, 246
, 163
, 131
, 178
, 116
, 50
, 244
, 193
, 101
, 41
, 253
, 209
, 85
, 257
, 37
, 151
, 143
, 42
, 252
, 154
, 140
, 82
, 212
, 176
, 118
, 286
, 8
, 274
, 20
, 184
, 110
, 259
, 35
, 157
, 137
, 155
, 139
, 272
, 22
, 46
, 248
, 114
, 180
, 179
, 115
, 213
, 81
, 89
, 205
, 134
, 160
, 119
, 175
, 108
, 186
, 216
, 78
, 99
, 195
, 50
, 244
, 226
, 68
, 224
, 70
, 41
, 253
, 160
, 134
, 68
, 226
, 32
, 262
, 30
, 264
, 34
, 260
, 12
, 282
, 137
, 157
, 66
, 228
, 147
, 147
, 168
, 126
, 228
, 66
, 144
, 150
, 52
, 242
, 17
, 277
, 267
, 27
, 122
, 172
, 169
, 125
, 216
, 78
, 220
, 74
, 292
, 2
, 283
, 11
, 182
, 112
, 185
, 109
, 47
, 247
, 111
, 183
, 185
, 109
, 246
, 48
, 232
, 62
, 124
, 170
, 242
, 52
, 49
, 245
, 170
, 124
, 111
, 183
, 248
, 46
, 65
, 229
, 286
, 8
, 31
, 263
, 31
, 263
, 288
, 6
, 278
, 16
, 261
, 33
, 166
, 128
, 55
, 239
, 196
, 98
, 193
, 101
, 129
, 165
, 272
, 22
, 236
, 58
, 186
, 108
, 78
, 216
, 126
, 168
, 134
, 160
, 224
, 70
, 239
, 55
, 242
, 52
, 145
, 149
, 246
, 48
, 12
, 282
, 64
, 230
, 222
, 72
, 142
, 152
, 133
, 161
, 121
, 173
, 278
, 16
, 84
, 210
, 62
, 232
, 189
, 105
, 68
, 226
, 52
, 242
, 200
, 94
, 136
, 158
, 251
, 43
, 20
, 274
, 197
, 97
, 38
, 256
, 291
, 3
, 262
, 32
, 271
, 23
, 280
, 14
, 61
, 233
, 95
, 199
, 288
, 6
, 20
, 274
, 56
, 238
, 257
, 37
, 139
, 155
, 160
, 134
, 253
, 41
, 168
, 126
, 49
, 245
, 109
, 185
, 241
, 53
, 10
, 284
, 122
, 172
, 120
, 174
, 179
, 115
, 194
, 100
, 257
, 37
, 11
, 283
, 122
, 172
, 79
, 215
, 223
, 71
, 55
, 239
, 16
, 278
, 88
, 206
, 278
, 16
, 193
, 101
, 4
, 290
, 9
, 285
, 160
, 134
, 114
, 180
, 209
, 85
, 66
, 228
, 133
, 161
, 283
, 11
, 194
, 100
, 127
, 167
, 83
, 211
, 214
, 80
, 72
, 222
, 12
, 282
, 72
, 222
, 60
, 234
, 18
, 276
, 122
, 172
, 228
, 66
, 282
, 12
, 187
, 107
, 147
, 147
, 76
, 218
, 40
, 254
, 16
, 278
, 117
, 177
, 107
, 187
, 166
, 128
, 102
, 192
, 155
, 139
, 9
, 285
, 81
, 213
, 282
, 12
, 157
, 137
, 260
, 34
, 124
, 170
, 220
, 74
, 275
, 19
, 149
, 145
, 266
, 28
, 291
, 3
, 237
, 57
, 189
, 105
, 139
, 155
, 91
, 203
, 274
, 20
, 84
, 210
, 279
, 15
, 204
, 90
, 66
, 228
, 257
, 37
, 84
, 210
, 215
, 79
, 3
, 291
, 258
, 36
, 235
, 59
, 5
, 289
, 207
, 87
, 81
, 213
, 271
, 23
, 8
, 286
, 127
, 167
, 19
, 275
, 114
, 180
, 282
, 12
, 40
, 254
, 101
, 193
, 176
, 118
, 114
, 180
, 225
, 69
, 194
, 100
, 102
, 192
, 121
, 173
, 56
, 238
, 200
, 94
, 13
, 281
, 180
, 114
, 45
, 249
, 52
, 242
, 14
, 280
, 271
, 23
, 76
, 218
, 276
, 18
, 267
, 27
, 201
, 93
, 212
, 82
, 77
, 217
, 47
, 247
, 1
, 293
, 274
, 20
, 62
, 232
, 73
, 221
, 16
, 278
, 183
, 111
, 95
, 199
, 221
, 73
, 70
, 224
, 65
, 229
, 185
, 109
, 58
, 236
, 216
, 78
, 177
, 117
, 211
, 83
, 240
, 54
, 254
, 40
, 263
, 31
, 254
, 40
, 216
, 78
, 38
, 256
, 8
, 286
, 98
, 196
, 183
, 111
, 96
, 198
, 157
, 137
, 190
, 104
, 177
, 117
, 91
, 203
, 74
, 220
, 275
, 19
, 254
, 40
, 108
, 186
, 271
, 23
, 68
, 226
, 67
, 227
, 201
, 93
, 291
, 3
, 59
, 235
, 250
, 44
, 262
, 32
, 51
, 243
, 165
, 129
, 83
, 211
, 55
, 239
, 148
, 146
, 260
, 34
, 173
, 121
, 22
, 272
, 96
, 198
, 51
, 243
, 237
, 57
, 220
, 74
, 259
, 35
, 38
, 256
, 85
, 209
, 40
, 254
, 166
, 128
, 48
, 246
, 261
, 33
, 93
, 201
, 149
, 145
, 8
, 286
, 260
, 34
, 283
, 11
, 167
, 127
, 186
, 108
, 101
, 193
, 62
, 232
, 127
, 167
, 91
, 203
, 34
, 260
, 88
, 206
, 246
, 48
, 146
, 148
, 11
, 283
, 106
, 188
, 162
, 132
, 198
, 96
, 265
, 29
, 95
, 199
, 292
, 2
, 74
, 220
, 6
, 288
, 201
, 93
, 67
, 227
, 253
, 41
, 180
, 114
, 276
, 18
, 76
, 218
, 108
, 186
, 73
, 221
, 40
, 254
, 281
, 13
, 139
, 155
, 48
, 246
, 223
, 71
, 210
, 84
, 216
, 78
, 259
, 35
, 104
, 190
, 93
, 201
, 226
, 68
, 99
, 195
, 227
, 67
, 124
, 170
, 39
, 255
, 230
, 64
, 265
, 29
, 9
, 285
, 283
, 11
, 103
, 191
, 88
, 206
, 279
, 15
, 86
, 208
, 259
, 35
, 94
, 200
, 43
, 251
, 182
, 112
, 167
, 127
, 8
, 286
, 227
, 67
, 235
, 59
, 18
, 276
, 87
, 207
, 89
, 205
, 76
, 218
, 161
, 133
, 249
, 45
, 116
, 178
, 245
, 49
, 221
, 73
, 87
, 207
, 252
, 42
, 182
, 112
, 90
, 204
, 193
, 101
, 69
, 225
, 14
, 280
, 24
, 270
, 59
, 235
, 87
, 207
, 50
, 244
, 195
, 99
, 118
, 176
, 120
, 174
, 147
, 147
, 84
, 210
, 203
, 91
, 65
, 229
, 281
, 13
, 247
, 47
, 217
, 77
, 187
, 107
, 289
, 5
, 227
, 67
, 46
, 248
, 239
, 55
, 36
, 258
, 36
, 258
, 258
, 36
, 70
, 224
, 194
, 100
, 192
, 102
, 104
, 190
, 107
, 187
, 160
, 134
, 100
, 194
, 58
, 236
, 13
, 281
, 239
, 55
, 220
, 74
, 186
, 108
, 123
, 171
, 256
, 38
, 116
, 178
, 10
, 284
, 229
, 65
, 177
, 117
, 205
, 89
, 208
, 86
, 97
, 197
, 71
, 223
, 35
, 259
, 38
, 256
, 46
, 248
, 118
, 176
, 226
, 68
, 290
, 4
, 245
, 49
, 237
, 57
, 266
, 28
, 199
, 95
, 210
, 84
, 273
, 21
, 28
, 266
, 246
, 48
, 215
, 79
, 221
, 73
, 69
, 225
, 36
, 258
, 146
, 148
, 124
, 170
, 283
, 11
, 199
, 95
, 184
, 110
, 148
, 146
, 201
, 93
, 117
, 177
, 38
, 256
, 122
, 172
, 7
, 287
, 251
, 43
, 147
, 147
, 191
, 103
, 25
, 269
, 261
, 33
, 144
, 150
, 28
, 266
, 112
, 182
, 226
, 68
, 131
, 163
, 269
, 25
, 49
, 245
, 160
, 134
, 44
, 250
, 157
, 137
, 131
, 163
, 174
, 120
, 42
, 252
, 40
, 254
, 1
, 293
, 124
, 170
, 274
, 20
, 64
, 230
, 225
, 69
, 76
, 218
, 190
, 104
, 144
, 150
, 243
, 51
, 24
, 270
, 183
, 111
, 228
, 66
, 85
, 209
, 12
, 282
, 247
, 47
, 180
, 114
, 32
, 262
, 267
, 27
, 144
, 150
, 241
, 53
, 161
, 133
, 144
, 150
, 100
, 194
, 79
, 215
, 169
, 125
, 285
, 9
, 195
, 99
, 43
, 251
, 71
, 223
, 81
, 213
, 218
, 76
, 26
, 268
, 4
, 290
, 284
, 10
, 27
, 267
, 52
, 242
, 26
, 268
, 214
, 80
, 52
, 242
, 176
, 118
, 53
, 241
, 106
, 188
, 159
, 135
, 146
, 148
, 4
, 290
, 111
, 183
, 135
, 159
, 228
, 66
, 178
, 116
, 263
, 31
, 146
, 148
, 107
, 187
, 152
, 142
, 50
, 244
, 34
, 260
, 128
, 166
, 234
, 60
, 51
, 243
, 123
, 171
, 39
, 255
, 269
, 25
, 53
, 241
, 51
, 243
, 6
, 288
, 58
, 236
, 167
, 127
, 99
, 195
, 67
, 227
, 95
, 199
, 108
, 186
, 78
, 216
, 161
, 133
, 65
, 229
, 47
, 247
, 171
, 123
, 13
, 281
, 233
, 61
, 153
, 141
, 161
, 133
, 208
, 86
, 247
, 47
, 167
, 127
, 242
, 52
, 212
, 82
, 9
, 285
, 123
, 171
, 239
, 55
, 105
, 189
, 192
, 102
, 28
, 266
, 175
, 119
, 84
, 210
, 256
, 38
, 106
, 188
, 195
, 99
, 272
, 22
, 112
, 182
, 249
, 45
, 280
, 14
, 134
, 160
, 100
, 194
, 147
, 147
, 258
, 36
, 83
, 211
, 191
, 103
, 283
, 11
, 97
, 197
, 80
, 214
, 7
, 287
, 34
, 260
, 58
, 236
, 161
, 133
, 146
, 148
, 248
, 46
, 241
, 53
, 153
, 141
, 179
, 115
, 115
, 179
, 52
, 242
, 25
, 269
, 4
, 290
, 61
, 233
, 148
, 146
, 202
, 92
, 149
, 145
, 284
, 10
, 171
, 123
, 143
, 151
, 292
, 2
, 276
, 18
, 52
, 242
, 87
, 207
, 113
, 181
, 106
, 188
, 63
, 231
, 16
, 278
, 169
, 125
, 259
, 35
, 274
, 20
, 254
, 40
, 179
, 115
, 93
, 201
, 280
, 14
, 95
, 199
, 291
, 3
, 147
, 147
, 22
, 272
, 37
, 257
, 165
, 129
, 17
, 277
, 258
, 36
, 263
, 31
, 208
, 86
, 77
, 217
, 241
, 53
, 174
, 120
, 290
, 4
, 242
, 52
, 89
, 205
, 271
, 23
, 79
, 215
, 239
, 55
, 239
, 55
, 19
, 275
, 148
, 146
, 73
, 221
, 194
, 100
, 182
, 112
, 36
, 258
, 94
, 200
, 36
, 258
, 291
, 3
, 124
, 170
, 171
, 123
, 179
, 115
, 75
, 219
, 160
, 134
, 178
, 116
, 73
, 221
, 246
, 48
, 12
, 282
, 161
, 133
, 20
, 274
, 148
, 146
, 185
, 109
, 198
, 96
, 70
, 224
, 58
, 236
, 85
, 209
, 74
, 220
, 72
, 222
, 43
, 251
, 47
, 247
, 44
, 250
, 280
, 14
, 159
, 135
, 167
, 127
, 103
, 191
, 262
, 32
, 81
, 213
, 42
, 252
, 86
, 208
, 36
, 258
, 208
, 86
, 223
, 71
, 284
, 10
, 155
, 139
, 21
, 273
, 217
, 77
, 9
, 285
, 183
, 111
, 92
, 202
, 289
, 5
, 224
, 70
, 279
, 15
, 94
, 200
, 276
, 18
, 118
, 176
, 182
, 112
, 233
, 61
, 108
, 186
, 41
, 253
, 223
, 71
, 130
, 164
, 65
, 229
, 224
, 70
, 29
, 265
, 121
, 173
, 246
, 48
, 264
, 30
, 44
, 250
, 128
, 166
, 199
, 95
, 104
, 190
, 250
, 44
, 284
, 10
, 45
, 249
, 103
, 191
, 126
, 168
, 50
, 244
, 96
, 198
, 188
, 106
, 98
, 196
, 290
, 4
, 102
, 192
, 277
, 17
, 33
, 261
, 92
, 202
, 91
, 203
, 251
, 43
, 124
, 170
, 65
, 229
, 268
, 26
, 87
, 207
, 108
, 186
, 157
, 137
, 77
, 217
, 45
, 249
, 84
, 210
, 240
, 54
, 235
, 59
, 98
, 196
, 287
, 7
, 10
, 284
, 52
, 242
, 235
, 59
, 86
, 208
, 228
, 66
, 183
, 111
, 7
, 287
, 202
, 92
, 288
, 6
, 248
, 46
, 13
, 281
, 94
, 200
, 83
, 211
, 181
, 113
, 290
, 4
, 88
, 206
, 178
, 116
, 238
, 56
, 30
, 264
, 59
, 235
, 34
, 260
, 22
, 272
, 4
, 290
, 186
, 108
, 55
, 239
, 257
, 37
, 166
, 128
, 169
, 125
, 110
, 184
, 54
, 240
, 103
, 191
, 49
, 245
, 122
, 172
, 161
, 133
, 97
, 197
, 165
, 129
, 31
, 263
, 95
, 199
, 169
, 125
, 176
, 118
, 152
, 142
, 164
, 130
, 19
, 275
, 122
, 172
, 277
, 17
, 150
, 144
, 55
, 239
, 167
, 127
, 266
, 28
, 275
, 19
, 180
, 114
, 182
, 112
, 282
, 12
, 216
, 78
, 42
, 252
, 267
, 27
, 98
, 196
, 155
, 139
, 144
, 150
, 140
, 154
, 131
, 163
, 241
, 53
, 111
, 183
, 288
, 6
, 10
, 284
, 189
, 105
, 111
, 183
, 231
, 63
, 193
, 101
, 100
, 194
, 61
, 233
, 204
, 90
, 23
, 271
, 261
, 33
, 217
, 77
, 232
, 62
, 191
, 103
, 141
, 153
, 143
, 151
, 43
, 251
, 65
, 229
, 214
, 80
, 95
, 199
, 87
, 207
, 275
, 19
, 93
, 201
, 125
, 169
, 243
, 51
, 166
, 128
, 145
, 149
, 15
, 279
, 131
, 163
, 1
, 293
, 166
, 128
, 254
, 40
, 239
, 55
, 117
, 177
, 197
, 97
, 187
, 107
, 92
, 202
, 60
, 234
, 123
, 171
, 5
, 289
, 281
, 13
, 168
, 126
, 118
, 176
, 64
, 230
, 87
, 207
, 53
, 241
, 198
, 96
, 225
, 69
, 269
, 25
, 20
, 274
, 29
, 265
, 259
, 35
, 76
, 218
, 234
, 60
, 53
, 241
, 292
, 2
, 160
, 134
, 116
, 178
, 206
, 88
, 271
, 23
, 100
, 194
, 221
, 73
, 87
, 207
, 52
, 242
, 127
, 167
, 37
, 257
, 194
, 100
, 148
, 146
, 289
, 5
, 279
, 15
, 89
, 205
, 114
, 180
, 84
, 210
, 246
, 48
, 59
, 235
, 132
, 162
, 106
, 188
, 13
, 281
, 173
, 121
, 35
, 259
, 215
, 79
, 166
, 128
, 196
, 98
, 235
, 59
, 53
, 241
, 196
, 98
, 67
, 227
, 277
, 17
, 17
, 277
, 143
, 151
, 119
, 175
, 167
, 127
, 134
, 160
, 269
, 25
, 139
, 155
, 2
, 292
, 189
, 105
, 170
, 124
, 270
, 24
, 268
, 26
, 226
, 68
, 78
, 216
, 195
, 99
, 260
, 34
, 61
, 233
, 122
, 172
, 276
, 18
, 100
, 194
, 72
, 222
, 229
, 65
, 140
, 154
, 152
, 142
, 47
, 247
, 143
, 151
, 65
, 229
, 125
, 169
, 288
, 6
, 274
, 20
, 151
, 143
, 2
, 292
, 133
, 161
, 239
, 55
, 273
, 21
, 84
, 210
, 54
, 240
, 34
, 260
, 164
, 130
, 154
, 140
, 162
, 132
, 83
, 211
, 291
, 3
, 196
, 98
, 252
, 42
, 283
, 11
, 164
, 130
, 81
, 213
, 243
, 51
, 285
, 9
, 101
, 193
, 83
, 211
, 14
, 280
, 238
, 56
, 142
, 152
, 269
, 25
, 40
, 254
, 153
, 141
, 106
, 188
, 91
, 203
, 134
, 160
, 157
, 137
, 57
, 237
, 94
, 200
, 258
, 36
, 191
, 103
, 6
, 288
, 161
, 133
, 102
, 192
, 157
, 137
, 191
, 103
, 134
, 160
, 28
, 266
, 179
, 115
, 41
, 253
, 255
, 39
, 199
, 95
, 42
, 252
, 282
, 12
, 242
, 52
, 154
, 140
, 282
, 12
, 237
, 57
, 286
, 8
, 259
, 35
, 89
, 205
, 117
, 177
, 238
, 56
, 260
, 34
, 6
, 288
, 199
, 95
, 72
, 222
, 80
, 214
, 21
, 273
, 271
, 23
, 20
, 274
, 273
, 21
, 226
, 68
, 193
, 101
, 96
, 198
, 60
, 234
, 141
, 153
, 218
, 76
, 176
, 118
, 187
, 107
, 3
, 291
, 183
, 111
, 237
, 57
, 51
, 243
, 201
, 93
, 264
, 30
, 29
, 265
, 154
, 140
, 30
, 264
, 276
, 18
, 106
, 188
, 37
, 257
, 71
, 223
, 271
, 23
, 174
, 120
, 256
, 38
, 143
, 151
, 211
, 83
, 128
, 166
, 224
, 70
, 115
, 179
, 32
, 262
, 286
, 8
, 225
, 69
, 114
, 180
, 101
, 193
, 115
, 179
, 138
, 156
, 113
, 181
, 155
, 139
, 44
, 250
, 16
, 278
, 264
, 30
, 87
, 207
, 1
, 293
, 41
, 253
, 265
, 29
, 139
, 155
, 135
, 159
, 202
, 92
, 228
, 66
, 150
, 144
, 121
, 173
, 100
, 194
, 144
, 150
, 47
, 247
, 254
, 40
, 133
, 161
, 211
, 83
, 26
, 268
, 97
, 197
, 166
, 128
, 22
, 272
, 216
, 78
, 246
, 48
, 106
, 188
, 147
, 147
, 31
, 263
, 154
, 140
, 126
, 168
, 181
, 113
, 125
, 169
, 181
, 113
, 90
, 204
, 253
, 41
, 173
, 121
, 16
, 278
, 77
, 217
, 52
, 242
, 188
, 106
, 213
, 81
, 117
, 177
, 88
, 206
, 291
, 3
, 199
, 95
, 102
, 192
, 3
, 291
, 159
, 135
, 196
, 98
, 72
, 222
, 118
, 176
, 1
, 293
, 9
, 285
, 251
, 43
, 62
, 232
, 211
, 83
, 190
, 104
, 158
, 136
, 270
, 24
, 146
, 148
, 200
, 94
, 104
, 190
, 246
, 48
, 279
, 15
, 50
, 244
, 191
, 103
, 154
, 140
, 1
, 293
, 233
, 61
, 132
, 162
, 133
, 161
, 230
, 64
, 70
, 224
, 117
, 177
, 106
, 188
, 165
, 129
, 189
, 105
, 198
, 96
, 268
, 26
, 262
, 32
, 218
, 76
, 203
, 91
, 280
, 14
, 49
, 245
, 162
, 132
, 238
, 56
, 271
, 23
, 94
, 200
, 215
, 79
, 211
, 83
, 181
, 113
, 205
, 89
, 3
, 291
, 102
, 192
, 164
, 130
, 208
, 86
, 219
, 75
, 207
, 87
, 260
, 34
, 230
, 64
, 226
, 68
, 33
, 261
, 198
, 96
, 85
, 209
, 260
, 34
, 154
, 140
, 120
, 174
, 19
, 275
, 45
, 249
, 159
, 135
, 122
, 172
, 286
, 8
, 231
, 63
, 40
, 254
, 84
, 210
, 216
, 78
, 2
, 292
, 263
, 31
, 245
, 49
, 275
, 19
, 42
, 252
, 114
, 180
, 206
, 88
, 270
, 24
, 9
, 285
, 277
, 17
, 282
, 12
, 183
, 111
, 172
, 122
, 135
, 159
, 181
, 113
, 200
, 94
, 28
, 266
, 192
, 102
, 37
, 257
, 262
, 32
, 43
, 251
, 18
, 276
, 253
, 41
, 273
, 21
, 34
, 260
, 271
, 23
, 155
, 139
, 134
, 160
, 32
, 262
, 30
, 264
, 18
, 276
, 193
, 101
, 79
, 215
, 56
, 238
, 285
, 9
, 125
, 169
, 256
, 38
, 227
, 67
, 45
, 249
, 250
, 44
, 126
, 168
, 256
, 38
, 119
, 175
, 205
, 89
, 79
, 215
, 244
, 50
, 175
, 119
, 161
, 133
, 204
, 90
, 83
, 211
, 228
, 66
, 34
, 260
, 127
, 167
, 68
, 226
, 285
, 9
, 250
, 44
, 266
, 28
, 39
, 255
, 34
, 260
, 62
, 232
, 41
, 253
, 70
, 224
, 111
, 183
, 129
, 165
, 263
, 31
, 203
, 91
, 134
, 160
, 79
, 215
, 24
, 270
, 59
, 235
, 165
, 129
, 11
, 283
, 281
, 13
, 168
, 126
, 30
, 264
, 235
, 59
, 101
, 193
, 241
, 53
, 146
, 148
, 21
, 273
, 62
, 232
, 26
, 268
, 237
, 57
, 112
, 182
, 229
, 65
, 233
, 61
, 47
, 247
, 165
, 129
, 6
, 288
, 239
, 55
, 187
, 107
, 191
, 103
, 39
, 255
, 203
, 91
, 148
, 146
, 186
, 108
, 124
, 170
, 203
, 91
, 257
, 37
, 184
, 110
, 281
, 13
, 282
, 12
, 27
, 267
, 23
, 271
, 1
, 293
, 24
, 270
, 167
, 127
, 197
, 97
, 232
, 62
, 102
, 192
, 248
, 46
, 102
, 192
, 215
, 79
, 253
, 41
, 288
, 6
, 168
, 126
, 217
, 77
, 283
, 11
, 245
, 49
, 70
, 224
, 156
, 138
, 229
, 65
, 85
, 209
, 126
, 168
, 156
, 138
, 246
, 48
, 223
, 71
, 281
, 13
, 11
, 283
, 1
, 293
, 17
, 277
, 201
, 93
, 64
, 230
, 14
, 280
, 226
, 68
, 1
, 293
, 131
, 163
, 245
, 49
, 85
, 209
, 54
, 240
, 213
, 81
, 29
, 265
, 219
, 75
, 131
, 163
, 284
, 10
, 272
, 22
, 10
, 284
, 197
, 97
, 139
, 155
, 176
, 118
, 113
, 181
, 149
, 145
, 172
, 122
, 134
, 160
, 119
, 175
, 176
, 118
, 183
, 111
, 54
, 240
, 254
, 40
, 8
, 286
, 238
, 56
, 239
, 55
, 118
, 176
, 228
, 66
, 216
, 78
, 80
, 214
, 243
, 51
, 235
, 59
, 214
, 80
, 269
, 25
, 58
, 236
, 286
, 8
, 24
, 270
, 217
, 77
, 125
, 169
, 253
, 41
, 2
, 292
, 137
, 157
, 166
, 128
, 251
, 43
, 108
, 186
, 80
, 214
, 69
, 225
, 289
, 5
, 279
, 15
, 88
, 206
, 47
, 247
, 278
, 16
, 186
, 108
, 222
, 72
, 184
, 110
, 13
, 281
, 235
, 59
, 77
, 217
, 150
, 144
, 176
, 118
, 228
, 66
, 41
, 253
, 80
, 214
, 141
, 153
, 179
, 115
, 154
, 140
, 35
, 259
, 128
, 166
, 170
, 124
, 272
, 22
, 146
, 148
, 40
, 254
, 5
, 289
, 204
, 90
, 272
, 22
, 152
, 142
, 270
, 24
, 159
, 135
, 211
, 83
, 277
, 17
, 105
, 189
, 188
, 106
, 272
, 22
, 160
, 134
, 116
, 178
, 121
, 173
, 278
, 16
, 187
, 107
, 109
, 185
, 166
, 128
, 221
, 73
, 95
, 199
, 179
, 115
, 172
, 122
, 266
, 28
, 119
, 175
, 174
, 120
, 22
, 272
, 279
, 15
, 159
, 135
, 249
, 45
, 177
, 117
, 54
, 240
, 171
, 123
, 113
, 181
, 129
, 165
, 131
, 163
, 46
, 248
, 268
, 26
, 88
, 206
, 116
, 178
, 166
, 128
, 90
, 204
, 106
, 188
, 91
, 203
, 135
, 159
, 224
, 70
, 227
, 67
, 290
, 4
, 267
, 27
, 74
, 220
, 85
, 209
, 138
, 156
, 4
, 290
, 257
, 37
, 179
, 115
, 35
, 259
, 63
, 231
, 176
, 118
, 236
, 58
, 15
, 279
, 209
, 85
, 1
, 293
, 157
, 137
, 33
, 261
, 101
, 193
, 286
, 8
, 22
, 272
, 124
, 170
, 156
, 138
, 251
, 43
, 208
, 86
, 46
, 248
, 84
, 210
, 75
, 219
, 158
, 136
, 262
, 32
, 116
, 178
, 169
, 125
, 117
, 177
, 133
, 161
, 14
, 280
, 63
, 231
, 12
, 282
, 118
, 176
, 138
, 156
, 142
, 152
, 142
, 152
, 250
, 44
, 88
, 206
, 244
, 50
, 246
, 48
, 34
, 260
, 20
, 274
, 272
, 22
, 83
, 211
, 175
, 119
, 185
, 109
, 103
, 191
, 100
, 194
, 160
, 134
, 162
, 132
, 113
, 181
, 88
, 206
, 222
, 72
, 62
, 232
, 156
, 138
, 45
, 249
, 40
, 254
, 16
, 278
, 122
, 172
, 192
, 102
, 271
, 23
, 213
, 81
, 282
, 12
, 118
, 176
, 54
, 240
, 162
, 132
, 239
, 55
, 179
, 115
, 122
, 172
, 87
, 207
, 291
, 3
, 186
, 108
, 19
, 275
, 186
, 108
, 200
, 94
, 22
, 272
, 144
, 150
, 126
, 168
, 57
, 237
, 193
, 101
, 271
, 23
, 129
, 165
, 170
, 124
, 56
, 238
, 171
, 123
, 183
, 111
, 236
, 58
, 289
, 5
, 165
, 129
, 91
, 203
, 198
, 96
, 71
, 223
, 9
, 285
, 40
, 254
, 262
, 32
, 30
, 264
, 246
, 48
, 120
, 174
, 100
, 194
, 58
, 236
, 245
, 49
, 192
, 102
, 2
, 292
, 275
, 19
, 210
, 84
, 209
, 85
, 197
, 97
, 195
, 99
, 28
, 266
, 40
, 254
, 8
, 286
, 108
, 186
, 181
, 113
, 93
, 201
, 233
, 61
, 163
, 131
, 67
, 227
, 46
, 248
, 259
, 35
, 273
, 21
, 161
, 133
, 45
, 249
, 244
, 50
, 279
, 15
, 1
, 293
, 62
, 232
, 141
, 153
, 220
, 74
, 159
, 135
, 150
, 144
, 220
, 74
, 127
, 167
, 138
, 156
, 177
, 117
, 211
, 83
, 113
, 181
, 59
, 235
, 147
, 147
, 181
, 113
, 130
, 164
, 190
, 104
, 19
, 275
, 138
, 156
, 204
, 90
, 292
, 2
, 248
, 46
, 191
, 103
, 176
, 118
, 136
, 158
, 163
, 131
, 251
, 43
, 5
, 289
, 183
, 111
, 143
, 151
, 226
, 68
, 279
, 15
, 215
, 79
, 37
, 257
, 191
, 103
, 28
, 266
, 125
, 169
, 184
, 110
, 151
, 143
, 112
, 182
, 32
, 262
, 128
, 166
, 236
, 58
, 98
, 196
, 31
, 263
, 80
, 214
, 139
, 155
, 261
, 33
, 219
, 75
, 66
, 228
, 2
, 292
, 251
, 43
, 150
, 144
, 279
, 15
, 268
, 26
, 73
, 221
, 286
, 8
, 194
, 100
, 160
, 134
, 41
, 253
, 40
, 254
, 113
, 181
, 114
, 180
, 85
, 209
, 76
, 218
, 57
, 237
, 141
, 153
, 35
, 259
, 46
, 248
, 277
, 17
, 20
, 274
, 286
, 8
, 169
, 125
, 290
, 4
, 194
, 100
, 214
, 80
, 19
, 275
, 183
, 111
, 138
, 156
, 21
, 273
, 234
, 60
, 75
, 219
, 179
, 115
, 9
, 285
, 245
, 49
, 55
, 239
, 84
, 210
, 251
, 43
, 80
, 214
, 128
, 166
, 219
, 75
, 127
, 167
, 127
, 167
, 140
, 154
, 68
, 226
, 74
, 220
, 136
, 158
, 93
, 201
, 200
, 94
, 58
, 236
, 91
, 203
, 176
, 118
, 126
, 168
, 125
, 169
, 7
, 287
, 205
, 89
, 119
, 175
, 56
, 238
, 141
, 153
, 24
, 270
, 57
, 237
, 281
, 13
, 151
, 143
, 93
, 201
, 48
, 246
, 185
, 109
, 232
, 62
, 137
, 157
, 274
, 20
, 254
, 40
, 153
, 141
, 13
, 281
, 292
, 2
, 65
, 229
, 274
, 20
, 143
, 151
, 31
, 263
, 209
, 85
, 239
, 55
, 57
, 237
, 110
, 184
, 36
, 258
, 166
, 128
, 92
, 202
, 92
, 202
, 15
, 279
, 227
, 67
, 56
, 238
, 284
, 10
, 263
, 31
, 232
, 62
, 2
, 292
, 252
, 42
, 91
, 203
, 98
, 196
, 146
, 148
, 49
, 245
, 279
, 15
, 109
, 185
, 193
, 101
, 279
, 15
, 57
, 237
, 13
, 281
, 27
, 267
, 35
, 259
, 232
, 62
, 282
, 12
, 195
, 99
, 226
, 68
, 267
, 27
, 11
, 283
, 249
, 45
, 193
, 101
, 43
, 251
, 4
, 290
, 189
, 105
, 150
, 144
, 219
, 75
, 227
, 67
, 150
, 144
, 65
, 229
, 249
, 45
, 150
, 144
, 17
, 277
, 274
, 20
, 23
, 271
, 36
, 258
, 274
, 20
, 110
, 184
, 204
, 90
, 163
, 131
, 220
, 74
, 3
, 291
, 172
, 122
, 236
, 58
, 250
, 44
, 292
, 2
, 87
, 207
, 218
, 76
, 56
, 238
, 74
, 220
, 188
, 106
, 107
, 187
, 170
, 124
, 275
, 19
, 189
, 105
, 190
, 104
, 284
, 10
, 47
, 247
, 141
, 153
, 264
, 30
, 151
, 143
, 191
, 103
, 157
, 137
, 174
, 120
, 34
, 260
, 91
, 203
, 96
, 198
, 243
, 51
, 91
, 203
, 241
, 53
, 41
, 253
, 245
, 49
, 176
, 118
, 261
, 33
, 145
, 149
, 12
, 282
, 81
, 213
, 64
, 230
, 180
, 114
, 268
, 26
, 140
, 154
, 230
, 64
, 22
, 272
, 77
, 217
, 62
, 232
, 53
, 241
, 197
, 97
, 226
, 68
, 288
, 6
, 210
, 84
, 257
, 37
, 207
, 87
, 35
, 259
, 97
, 197
, 130
, 164
, 38
, 256
, 121
, 173
, 150
, 144
, 148
, 146
, 36
, 258
, 159
, 135
, 223
, 71
, 195
, 99
, 8
, 286
, 33
, 261
, 255
, 39
, 69
, 225
, 76
, 218
, 188
, 106
, 109
, 185
, 129
, 165
, 97
, 197
, 202
, 92
, 211
, 83
, 201
, 93
, 136
, 158
, 130
, 164
, 145
, 149
, 272
, 22
, 9
, 285
, 25
, 269
, 130
, 164
, 279
, 15
, 78
, 216
, 75
, 219
, 42
, 252
, 180
, 114
, 230
, 64
, 86
, 208
, 79
, 215
, 16
, 278
, 189
, 105
, 102
, 192
, 131
, 163
, 254
, 40
, 166
, 128
, 99
, 195
, 103
, 191
, 59
, 235
, 199
, 95
, 151
, 143
, 207
, 87
, 284
, 10
, 257
, 37
, 242
, 52
, 230
, 64
, 158
, 136
, 291
, 3
, 51
, 243
, 66
, 228
, 283
, 11
, 191
, 103
, 265
, 29
, 145
, 149
, 43
, 251
, 31
, 263
, 227
, 67
, 167
, 127
, 88
, 206
, 233
, 61
, 203
, 91
, 248
, 46
, 289
, 5
, 178
, 116
, 290
, 4
, 137
, 157
, 5
, 289
, 237
, 57
, 168
, 126
, 98
, 196
, 63
, 231
, 158
, 136
, 42
, 252
, 203
, 91
, 160
, 134
, 8
, 286
, 131
, 163
, 159
, 135
, 34
, 260
, 128
, 166
, 288
, 6
, 139
, 155
, 266
, 28
, 101
, 193
, 287
, 7
, 157
, 137
, 224
, 70
, 41
, 253
, 175
, 119
, 274
, 20
, 82
, 212
, 190
, 104
, 76
, 218
, 108
, 186
, 202
, 92
, 36
, 258
, 107
, 187
, 160
, 134
, 38
, 256
, 19
, 275
, 178
, 116
, 108
, 186
, 114
, 180
, 45
, 249
, 50
, 244
, 277
, 17
, 8
, 286
, 246
, 48
, 215
, 79
, 61
, 233
, 48
, 246
, 77
, 217
, 179
, 115
, 251
, 43
, 167
, 127
, 26
, 268
, 279
, 15
, 225
, 69
, 8
, 286
, 258
, 36
, 283
, 11
, 99
, 195
, 71
, 223
, 285
, 9
, 187
, 107
, 196
, 98
, 225
, 69
, 270
, 24
, 78
, 216
, 88
, 206
, 88
, 206
, 156
, 138
, 265
, 29
, 272
, 22
, 271
, 23
, 199
, 95
, 292
, 2
, 278
, 16
, 236
, 58
, 184
, 110
, 118
, 176
, 153
, 141
, 205
, 89
, 230
, 64
, 34
, 260
, 270
, 24
, 249
, 45
, 186
, 108
, 109
, 185
, 91
, 203
, 232
, 62
, 236
, 58
, 124
, 170
, 207
, 87
, 157
, 137
, 103
, 191
, 190
, 104
, 136
, 158
, 89
, 205
, 239
, 55
, 119
, 175
, 74
, 220
, 185
, 109
, 251
, 43
, 213
, 81
, 12
, 282
, 204
, 90
, 116
, 178
, 88
, 206
, 163
, 131
, 256
, 38
, 24
, 270
, 292
, 2
, 176
, 118
, 81
, 213
, 32
, 262
, 197
, 97
, 243
, 51
, 172
, 122
, 148
, 146
, 62
, 232
, 158
, 136
, 89
, 205
, 90
, 204
, 122
, 172
, 133
, 161
, 56
, 238
, 138
, 156
, 86
, 208
, 256
, 38
, 282
, 12
, 202
, 92
, 260
, 34
, 66
, 228
, 158
, 136
, 271
, 23
, 100
, 194
, 161
, 133
, 281
, 13
, 34
, 260
, 24
, 270
, 255
, 39
, 196
, 98
, 209
, 85
, 156
, 138
, 30
, 264
, 135
, 159
, 4
, 290
, 209
, 85
, 178
, 116
, 170
, 124
, 213
, 81
, 195
, 99
, 261
, 33
, 115
, 179
, 250
, 44
, 25
, 269
, 52
, 242
, 248
, 46
, 270
, 24
, 259
, 35
, 274
, 20
, 47
, 247
, 216
, 78
, 8
, 286
, 224
, 70
, 59
, 235
, 42
, 252
, 97
, 197
, 156
, 138
, 205
, 89
, 9
, 285
, 93
, 201
, 283
, 11
, 245
, 49
, 110
, 184
, 273
, 21
, 45
, 249
, 106
, 188
, 197
, 97
, 131
, 163
, 105
, 189
, 12
, 282
, 218
, 76
, 216
, 78
, 227
, 67
, 73
, 221
, 13
, 281
, 186
, 108
, 141
, 153
, 86
, 208
, 14
, 280
, 172
, 122
, 219
, 75
, 30
, 264
, 180
, 114
, 75
, 219
, 164
, 130
, 130
, 164
, 227
, 67
, 76
, 218
, 160
, 134
, 25
, 269
, 51
, 243
, 287
, 7
, 22
, 272
, 30
, 264
, 127
, 167
, 36
, 258
, 116
, 178
, 191
, 103
, 283
, 11
, 125
, 169
, 202
, 92
, 82
, 212
, 255
, 39
, 269
, 25
, 252
, 42
, 43
, 251
, 24
, 270
, 142
, 152
, 179
, 115
, 215
, 79
, 146
, 148
, 182
, 112
, 128
, 166
, 154
, 140
, 24
, 270
, 290
, 4
, 263
, 31
, 225
, 69
, 1
, 293
, 164
, 130
, 183
, 111
, 44
, 250
, 127
, 167
, 102
, 192
, 86
, 208
, 32
, 262
, 228
, 66
, 221
, 73
, 61
, 233
, 50
, 244
, 279
, 15
, 83
, 211
, 176
, 118
, 143
, 151
, 242
, 52
, 68
, 226
, 84
, 210
, 287
, 7
, 18
, 276
, 258
, 36
, 73
, 221
, 159
, 135
, 92
, 202
, 239
, 55
, 162
, 132
, 152
, 142
, 292
, 2
, 44
, 250
, 8
, 286
, 118
, 176
, 167
, 127
, 172
, 122
, 248
, 46
, 2
, 292
, 15
, 279
, 197
, 97
, 4
, 290
, 75
, 219
, 96
, 198
, 61
, 233
, 85
, 209
, 2
, 292
, 144
, 150
, 163
, 131
, 104
, 190
, 81
, 213
, 38
, 256
, 182
, 112
, 279
, 15
, 7
, 287
, 178
, 116
, 68
, 226
, 31
, 263
, 254
, 40
, 135
, 159
, 251
, 43
, 28
, 266
, 84
, 210
, 210
, 84
, 184
, 110
, 282
, 12
, 207
, 87
, 43
, 251
, 249
, 45
, 15
, 279
, 139
, 155
, 11
, 283
, 222
, 72
, 273
, 21
, 84
, 210
, 98
, 196
, 117
, 177
, 191
, 103
, 248
, 46
, 131
, 163
, 219
, 75
, 68
, 226
, 88
, 206
, 207
, 87
, 116
, 178
, 39
, 255
, 268
, 26
, 194
, 100
, 226
, 68
, 192
, 102
, 221
, 73
, 284
, 10
, 246
, 48
, 155
, 139
, 42
, 252
, 204
, 90
, 100
, 194
, 84
, 210
, 17
, 277
, 50
, 244
, 126
, 168
, 207
, 87
, 263
, 31
, 210
, 84
, 32
, 262
, 255
, 39
, 261
, 33
, 269
, 25
, 241
, 53
, 162
, 132
, 57
, 237
, 67
, 227
, 152
, 142
, 235
, 59
, 194
, 100
, 256
, 38
, 226
, 68
, 140
, 154
, 154
, 140
, 27
, 267
, 171
, 123
, 17
, 277
, 252
, 42
, 196
, 98
, 12
, 282
, 289
, 5
, 104
, 190
, 221
, 73
, 237
, 57
, 172
, 122
, 140
, 154
, 271
, 23
, 164
, 130
, 64
, 230
, 269
, 25
, 212
, 82
, 201
, 93
, 235
, 59
, 181
, 113
, 48
, 246
, 261
, 33
, 146
, 148
, 149
, 145
, 97
, 197
, 208
, 86
, 87
, 207
, 143
, 151
, 23
, 271
, 267
, 27
, 127
, 167
, 1
, 293
, 58
, 236
, 283
, 11
, 232
, 62
, 282
, 12
, 33
, 261
, 247
, 47
, 237
, 57
, 15
, 279
, 283
, 11
, 246
, 48
, 20
, 274
, 141
, 153
, 286
, 8
, 119
, 175
, 89
, 205
, 57
, 237
, 115
, 179
, 276
, 18
, 139
, 155
, 246
, 48
, 214
, 80
, 75
, 219
, 135
, 159
, 253
, 41
, 199
, 95
, 113
, 181
, 251
, 43
, 5
, 289
, 12
, 282
, 132
, 162
, 165
, 129
, 215
, 79
, 58
, 236
, 107
, 187
, 250
, 44
, 290
, 4
, 18
, 276
, 104
, 190
, 83
, 211
, 127
, 167
, 215
, 79
, 207
, 87
, 255
, 39
, 274
, 20
, 76
, 218
, 48
, 246
, 17
, 277
, 255
, 39
, 108
, 186
, 88
, 206
, 250
, 44
, 232
, 62
, 37
, 257
, 206
, 88
, 55
, 239
, 154
, 140
, 140
, 154
, 121
, 173
, 247
, 47
, 150
, 144
, 88
, 206
, 36
, 258
, 193
, 101
, 188
, 106
, 55
, 239
, 193
, 101
, 208
, 86
, 68
, 226
, 144
, 150
, 171
, 123
, 20
, 274
, 273
, 21
, 174
, 120
, 42
, 252
, 210
, 84
, 221
, 73
, 85
, 209
, 195
, 99
, 165
, 129
, 68
, 226
, 10
, 284
, 284
, 10
, 161
, 133
, 262
, 32
, 182
, 112
, 155
, 139
, 16
, 278
, 9
, 285
, 230
, 64
, 199
, 95
, 171
, 123
, 52
, 242
, 151
, 143
, 38
, 256
, 50
, 244
, 54
, 240
, 108
, 186
, 275
, 19
, 166
, 128
, 184
, 110
, 100
, 194
, 231
, 63
, 157
, 137
, 19
, 275
, 271
, 23
, 183
, 111
, 54
, 240
, 65
, 229
, 129
, 165
, 32
, 262
, 112
, 182
, 29
, 265
, 206
, 88
, 84
, 210
, 248
, 46
, 168
, 126
, 149
, 145
, 37
, 257
, 200
, 94
, 239
, 55
, 214
, 80
, 102
, 192
, 14
, 280
, 283
, 11
, 173
, 121
, 11
, 283
, 102
, 192
, 193
, 101
, 216
, 78
, 139
, 155
, 149
, 145
, 19
, 275
, 288
, 6
, 255
, 39
, 213
, 81
, 232
, 62
, 66
, 228
, 281
, 13
, 80
, 214
, 214
, 80
, 16
, 278
, 164
, 130
, 36
, 258
, 11
, 283
, 253
, 41
, 146
, 148
, 218
, 76
, 124
, 170
, 132
, 162
, 161
, 133
, 175
, 119
, 276
, 18
, 225
, 69
, 148
, 146
, 49
, 245
, 186
, 108
, 248
, 46
, 201
, 93
, 88
, 206
, 23
, 271
, 112
, 182
, 23
, 271
, 126
, 168
, 239
, 55
, 111
, 183
, 198
, 96
, 156
, 138
, 87
, 207
, 57
, 237
, 53
, 241
, 241
, 53
, 23
, 271
, 73
, 221
, 77
, 217
, 277
, 17
, 183
, 111
, 4
, 290
, 276
, 18
, 191
, 103
, 98
, 196
, 261
, 33
, 107
, 187
, 9
, 285
, 219
, 75
, 271
, 23
, 188
, 106
, 262
, 32
, 77
, 217
, 95
, 199
, 142
, 152
, 226
, 68
, 253
, 41
, 118
, 176
, 158
, 136
, 120
, 174
, 73
, 221
, 114
, 180
, 286
, 8
, 161
, 133
, 176
, 118
, 223
, 71
, 50
, 244
, 186
, 108
, 204
, 90
, 187
, 107
, 187
, 107
, 6
, 288
, 126
, 168
, 20
, 274
, 246
, 48
, 36
, 258
, 20
, 274
, 264
, 30
, 18
, 276
, 286
, 8
, 72
, 222
, 18
, 276
, 79
, 215
, 286
, 8
, 222
, 72
, 24
, 270
, 156
, 138
, 210
, 84
, 38
, 256
, 180
, 114
, 48
, 246
, 115
, 179
, 5
, 289
, 129
, 165
, 60
, 234
, 232
, 62
, 174
, 120
, 21
, 273
, 98
, 196
, 286
, 8
, 119
, 175
, 3
, 291
, 148
, 146
, 1
, 293
, 95
, 199
, 90
, 204
, 14
, 280
, 2
, 292
, 155
, 139
, 24
, 270
, 182
, 112
, 209
, 85
, 52
, 242
, 269
, 25
, 247
, 47
, 157
, 137
, 121
, 173
, 220
, 74
, 176
, 118
, 110
, 184
, 72
, 222
, 122
, 172
, 84
, 210
, 200
, 94
, 33
, 261
, 257
, 37
, 186
, 108
, 27
, 267
, 237
, 57
, 115
, 179
, 109
, 185
, 186
, 108
, 167
, 127
, 195
, 99
, 113
, 181
, 217
, 77
, 252
, 42
, 95
, 199
, 156
, 138
, 34
, 260
, 214
, 80
, 88
, 206
, 120
, 174
, 74
, 220
, 116
, 178
, 65
, 229
, 63
, 231
, 98
, 196
, 258
, 36
, 59
, 235
, 151
, 143
, 255
, 39
, 29
, 265
, 207
, 87
, 140
, 154
, 259
, 35
, 30
, 264
, 104
, 190
, 253
, 41
, 87
, 207
, 256
, 38
, 23
, 271
, 24
, 270
, 104
, 190
, 173
, 121
, 219
, 75
, 52
, 242
, 48
, 246
, 160
, 134
, 188
, 106
, 26
, 268
, 99
, 195
, 196
, 98
, 232
, 62
, 199
, 95
, 220
, 74
, 289
, 5
, 21
, 273
, 178
, 116
, 154
, 140
, 152
, 142
, 268
, 26
, 159
, 135
, 101
, 193
, 32
, 262
, 62
, 232
, 156
, 138
, 142
, 152
, 177
, 117
, 285
, 9
, 262
, 32
, 228
, 66
, 270
, 24
, 241
, 53
, 252
, 42
, 25
, 269
, 159
, 135
, 201
, 93
, 184
, 110
, 101
, 193
, 30
, 264
, 13
, 281
, 193
, 101
, 265
, 29
, 53
, 241
, 164
, 130
, 80
, 214
, 255
, 39
, 219
, 75
, 176
, 118
, 85
, 209
, 179
, 115
, 176
, 118
, 61
, 233
, 273
, 21
, 92
, 202
, 115
, 179
, 163
, 131
, 50
, 244
, 179
, 115
, 20
, 274
, 117
, 177
, 16
, 278
, 212
, 82
, 187
, 107
, 3
, 291
, 270
, 24
, 230
, 64
, 206
, 88
, 23
, 271
, 252
, 42
, 115
, 179
, 13
, 281
, 57
, 237
, 142
, 152
, 2
, 292
, 1
, 293
, 234
, 60
, 112
, 182
, 287
, 7
, 283
, 11
, 289
, 5
, 117
, 177
, 285
, 9
, 18
, 276
, 224
, 70
, 46
, 248
, 180
, 114
, 20
, 274
, 177
, 117
, 176
, 118
, 144
, 150
, 179
, 115
, 238
, 56
, 220
, 74
, 15
, 279
, 195
, 99
, 230
, 64
, 205
, 89
, 145
, 149
, 63
, 231
, 203
, 91
, 2
, 292
, 14
, 280
, 8
, 286
, 234
, 60
, 75
, 219
, 159
, 135
, 144
, 150
, 111
, 183
, 175
, 119
, 292
, 2
, 122
, 172
, 95
, 199
, 290
, 4
, 292
, 2
, 225
, 69
, 172
, 122
, 20
, 274
, 261
, 33
, 75
, 219
, 211
, 83
, 109
, 185
, 127
, 167
, 205
, 89
, 57
, 237
, 262
, 32
, 251
, 43
, 219
, 75
, 238
, 56
, 116
, 178
, 164
, 130
, 223
, 71
, 194
, 100
, 139
, 155
, 91
, 203
, 71
, 223
, 38
, 256
, 280
, 14
, 270
, 24
, 7
, 287
, 196
, 98
, 65
, 229
, 125
, 169
, 21
, 273
, 202
, 92
, 140
, 154
, 214
, 80
, 190
, 104
, 54
, 240
, 205
, 89
, 292
, 2
, 79
, 215
, 146
, 148
, 262
, 32
, 232
, 62
, 109
, 185
, 72
, 222
, 115
, 179
, 113
, 181
, 46
, 248
, 264
, 30
, 102
, 192
, 120
, 174
, 159
, 135
, 12
, 282
, 132
, 162
, 59
, 235
, 195
, 99
, 214
, 80
, 228
, 66
, 237
, 57
, 122
, 172
, 119
, 175
, 109
, 185
, 175
, 119
, 138
, 156
, 69
, 225
, 87
, 207
, 151
, 143
, 132
, 162
, 177
, 117
, 221
, 73
, 51
, 243
, 2
, 292
, 254
, 40
, 262
, 32
, 152
, 142
, 75
, 219
, 214
, 80
, 137
, 157
, 158
, 136
