
3460
, 128
, 90
, 215
, 3
, 164
, 54
, 110
, 108
, 57
, 161
, 102
, 116
, 123
, 95
, 138
, 80
, 62
, 156
, 12
, 206
, 102
, 116
, 70
, 148
, 31
, 187
, 182
, 36
, 68
, 150
, 36
, 182
, 32
, 186
, 83
, 135
, 117
, 101
, 71
, 147
, 97
, 121
, 61
, 157
, 104
, 114
, 141
, 77
, 12
, 206
, 48
, 170
, 155
, 63
, 109
, 109
, 140
, 78
, 200
, 18
, 44
, 174
, 129
, 89
, 116
, 102
, 180
, 38
, 176
, 42
, 192
, 26
, 199
, 19
, 28
, 190
, 123
, 95
, 69
, 149
, 85
, 133
, 146
, 72
, 84
, 134
, 20
, 198
, 94
, 124
, 157
, 61
, 170
, 48
, 98
, 120
, 112
, 106
, 178
, 40
, 63
, 155
, 141
, 77
, 135
, 83
, 125
, 93
, 191
, 27
, 198
, 20
, 92
, 126
, 27
, 191
, 32
, 186
, 207
, 11
, 88
, 130
, 117
, 101
, 185
, 33
, 170
, 48
, 18
, 200
, 13
, 205
, 183
, 35
, 29
, 189
, 183
, 35
, 66
, 152
, 83
, 135
, 48
, 170
, 2
, 216
, 125
, 93
, 87
, 131
, 97
, 121
, 119
, 99
, 108
, 110
, 75
, 143
, 109
, 109
, 79
, 139
, 168
, 50
, 56
, 162
, 100
, 118
, 68
, 150
, 32
, 186
, 203
, 15
, 11
, 207
, 13
, 205
, 123
, 95
, 54
, 164
, 209
, 9
, 40
, 178
, 121
, 97
, 39
, 179
, 182
, 36
, 100
, 118
, 63
, 155
, 71
, 147
, 188
, 30
, 156
, 62
, 3
, 215
, 117
, 101
, 119
, 99
, 132
, 86
, 71
, 147
, 106
, 112
, 16
, 202
, 148
, 70
, 201
, 17
, 52
, 166
, 113
, 105
, 68
, 150
, 187
, 31
, 63
, 155
, 212
, 6
, 123
, 95
, 80
, 138
, 11
, 207
, 17
, 201
, 156
, 62
, 43
, 175
, 13
, 205
, 118
, 100
, 104
, 114
, 180
, 38
, 74
, 144
, 12
, 206
, 24
, 194
, 159
, 59
, 194
, 24
, 145
, 73
, 84
, 134
, 5
, 213
, 198
, 20
, 101
, 117
, 163
, 55
, 50
, 168
, 192
, 26
, 195
, 23
, 40
, 178
, 33
, 185
, 130
, 88
, 87
, 131
, 189
, 29
, 30
, 188
, 7
, 211
, 115
, 103
, 6
, 212
, 14
, 204
, 61
, 157
, 61
, 157
, 201
, 17
, 83
, 135
, 41
, 177
, 154
, 64
, 48
, 170
, 52
, 166
, 114
, 104
, 56
, 162
, 73
, 145
, 155
, 63
, 85
, 133
, 153
, 65
, 162
, 56
, 179
, 39
, 169
, 49
, 200
, 18
, 132
, 86
, 190
, 28
, 156
, 62
, 10
, 208
, 188
, 30
, 75
, 143
, 23
, 195
, 97
, 121
, 202
, 16
, 164
, 54
, 136
, 82
, 130
, 88
, 47
, 171
, 156
, 62
, 53
, 165
, 186
, 32
, 116
, 102
, 71
, 147
, 28
, 190
, 135
, 83
, 16
, 202
, 209
, 9
, 115
, 103
, 179
, 39
, 188
, 30
, 53
, 165
, 123
, 95
, 52
, 166
, 62
, 156
, 156
, 62
, 174
, 44
, 122
, 96
, 115
, 103
, 5
, 213
, 27
, 191
, 156
, 62
, 213
, 5
, 92
, 126
, 122
, 96
, 97
, 121
, 120
, 98
, 20
, 198
, 107
, 111
, 59
, 159
, 155
, 63
, 71
, 147
, 75
, 143
, 209
, 9
, 164
, 54
, 200
, 18
, 41
, 177
, 82
, 136
, 157
, 61
, 168
, 50
, 34
, 184
, 155
, 63
, 151
, 67
, 39
, 179
, 8
, 210
, 85
, 133
, 95
, 123
, 183
, 35
, 166
, 52
, 176
, 42
, 88
, 130
, 52
, 166
, 123
, 95
, 66
, 152
, 161
, 57
, 55
, 163
, 205
, 13
, 139
, 79
, 7
, 211
, 54
, 164
, 130
, 88
, 81
, 137
, 86
, 132
, 135
, 83
, 143
, 75
, 20
, 198
, 118
, 100
, 14
, 204
, 113
, 105
, 9
, 209
, 37
, 181
, 192
, 26
, 68
, 150
, 160
, 58
, 207
, 11
, 174
, 44
, 68
, 150
, 94
, 124
, 199
, 19
, 3
, 215
, 200
, 18
, 105
, 113
, 104
, 114
, 180
, 38
, 53
, 165
, 89
, 129
, 32
, 186
, 10
, 208
, 174
, 44
, 194
, 24
, 51
, 167
, 159
, 59
, 102
, 116
, 60
, 158
, 186
, 32
, 212
, 6
, 104
, 114
, 149
, 69
, 172
, 46
, 22
, 196
, 157
, 61
, 204
, 14
, 72
, 146
, 6
, 212
, 184
, 34
, 12
, 206
, 142
, 76
, 187
, 31
, 75
, 143
, 7
, 211
, 51
, 167
, 154
, 64
, 208
, 10
, 170
, 48
, 64
, 154
, 4
, 214
, 29
, 189
, 64
, 154
, 63
, 155
, 142
, 76
, 184
, 34
, 105
, 113
, 22
, 196
, 131
, 87
, 51
, 167
, 111
, 107
, 209
, 9
, 47
, 171
, 140
, 78
, 59
, 159
, 27
, 191
, 39
, 179
, 6
, 212
, 137
, 81
, 195
, 23
, 108
, 110
, 182
, 36
, 52
, 166
, 29
, 189
, 180
, 38
, 85
, 133
, 20
, 198
, 146
, 72
, 30
, 188
, 16
, 202
, 83
, 135
, 202
, 16
, 31
, 187
, 51
, 167
, 35
, 183
, 170
, 48
, 133
, 85
, 141
, 77
, 1
, 217
, 191
, 27
, 154
, 64
, 202
, 16
, 114
, 104
, 65
, 153
, 39
, 179
, 56
, 162
, 208
, 10
, 38
, 180
, 164
, 54
, 125
, 93
, 184
, 34
, 162
, 56
, 116
, 102
, 189
, 29
, 188
, 30
, 52
, 166
, 139
, 79
, 25
, 193
, 158
, 60
, 9
, 209
, 193
, 25
, 83
, 135
, 8
, 210
, 114
, 104
, 40
, 178
, 34
, 184
, 50
, 168
, 73
, 145
, 108
, 110
, 164
, 54
, 2
, 216
, 68
, 150
, 104
, 114
, 37
, 181
, 73
, 145
, 179
, 39
, 144
, 74
, 171
, 47
, 50
, 168
, 197
, 21
, 74
, 144
, 68
, 150
, 58
, 160
, 4
, 214
, 168
, 50
, 196
, 22
, 71
, 147
, 101
, 117
, 146
, 72
, 170
, 48
, 81
, 137
, 163
, 55
, 204
, 14
, 9
, 209
, 209
, 9
, 213
, 5
, 216
, 2
, 1
, 217
, 195
, 23
, 10
, 208
, 58
, 160
, 151
, 67
, 4
, 214
, 62
, 156
, 192
, 26
, 76
, 142
, 20
, 198
, 113
, 105
, 186
, 32
, 103
, 115
, 44
, 174
, 174
, 44
, 180
, 38
, 53
, 165
, 78
, 140
, 137
, 81
, 86
, 132
, 177
, 41
, 97
, 121
, 22
, 196
, 200
, 18
, 164
, 54
, 91
, 127
, 29
, 189
, 28
, 190
, 44
, 174
, 67
, 151
, 4
, 214
, 47
, 171
, 198
, 20
, 100
, 118
, 28
, 190
, 216
, 2
, 184
, 34
, 8
, 210
, 75
, 143
, 186
, 32
, 98
, 120
, 93
, 125
, 76
, 142
, 159
, 59
, 110
, 108
, 188
, 30
, 136
, 82
, 216
, 2
, 69
, 149
, 18
, 200
, 25
, 193
, 151
, 67
, 202
, 16
, 102
, 116
, 94
, 124
, 169
, 49
, 101
, 117
, 150
, 68
, 166
, 52
, 23
, 195
, 21
, 197
, 204
, 14
, 158
, 60
, 213
, 5
, 14
, 204
, 158
, 60
, 142
, 76
, 135
, 83
, 137
, 81
, 31
, 187
, 198
, 20
, 27
, 191
, 2
, 216
, 30
, 188
, 103
, 115
, 2
, 216
, 186
, 32
, 194
, 24
, 100
, 118
, 216
, 2
, 169
, 49
, 32
, 186
, 163
, 55
, 11
, 207
, 86
, 132
, 55
, 163
, 109
, 109
, 57
, 161
, 91
, 127
, 18
, 200
, 77
, 141
, 205
, 13
, 64
, 154
, 206
, 12
, 56
, 162
, 169
, 49
, 193
, 25
, 95
, 123
, 89
, 129
, 202
, 16
, 73
, 145
, 105
, 113
, 132
, 86
, 105
, 113
, 118
, 100
, 80
, 138
, 104
, 114
, 199
, 19
, 139
, 79
, 204
, 14
, 12
, 206
, 42
, 176
, 30
, 188
, 110
, 108
, 28
, 190
, 145
, 73
, 36
, 182
, 161
, 57
, 62
, 156
, 81
, 137
, 22
, 196
, 143
, 75
, 178
, 40
, 179
, 39
, 146
, 72
, 55
, 163
, 185
, 33
, 192
, 26
, 133
, 85
, 25
, 193
, 52
, 166
, 2
, 216
, 111
, 107
, 41
, 177
, 3
, 215
, 70
, 148
, 118
, 100
, 94
, 124
, 76
, 142
, 153
, 65
, 133
, 85
, 39
, 179
, 172
, 46
, 211
, 7
, 160
, 58
, 111
, 107
, 85
, 133
, 57
, 161
, 111
, 107
, 144
, 74
, 26
, 192
, 145
, 73
, 83
, 135
, 140
, 78
, 124
, 94
, 71
, 147
, 190
, 28
, 191
, 27
, 150
, 68
, 116
, 102
, 137
, 81
, 104
, 114
, 2
, 216
, 117
, 101
, 148
, 70
, 98
, 120
, 98
, 120
, 149
, 69
, 195
, 23
, 87
, 131
, 204
, 14
, 17
, 201
, 84
, 134
, 198
, 20
, 77
, 141
, 174
, 44
, 107
, 111
, 54
, 164
, 7
, 211
, 164
, 54
, 10
, 208
, 178
, 40
, 75
, 143
, 57
, 161
, 124
, 94
, 43
, 175
, 184
, 34
, 82
, 136
, 127
, 91
, 89
, 129
, 182
, 36
, 212
, 6
, 194
, 24
, 60
, 158
, 38
, 180
, 2
, 216
, 66
, 152
, 126
, 92
, 90
, 128
, 82
, 136
, 183
, 35
, 86
, 132
, 81
, 137
, 106
, 112
, 195
, 23
, 88
, 130
, 107
, 111
, 9
, 209
, 51
, 167
, 61
, 157
, 28
, 190
, 203
, 15
, 58
, 160
, 133
, 85
, 36
, 182
, 35
, 183
, 34
, 184
, 107
, 111
, 1
, 217
, 69
, 149
, 6
, 212
, 105
, 113
, 47
, 171
, 214
, 4
, 56
, 162
, 177
, 41
, 159
, 59
, 178
, 40
, 67
, 151
, 20
, 198
, 51
, 167
, 103
, 115
, 95
, 123
, 178
, 40
, 108
, 110
, 78
, 140
, 32
, 186
, 107
, 111
, 128
, 90
, 160
, 58
, 161
, 57
, 132
, 86
, 148
, 70
, 59
, 159
, 100
, 118
, 22
, 196
, 186
, 32
, 32
, 186
, 100
, 118
, 178
, 40
, 34
, 184
, 9
, 209
, 2
, 216
, 157
, 61
, 139
, 79
, 76
, 142
, 120
, 98
, 90
, 128
, 61
, 157
, 172
, 46
, 129
, 89
, 156
, 62
, 78
, 140
, 48
, 170
, 14
, 204
, 188
, 30
, 84
, 134
, 4
, 214
, 140
, 78
, 10
, 208
, 83
, 135
, 108
, 110
, 131
, 87
, 134
, 84
, 27
, 191
, 23
, 195
, 213
, 5
, 54
, 164
, 182
, 36
, 147
, 71
, 55
, 163
, 15
, 203
, 72
, 146
, 210
, 8
, 212
, 6
, 155
, 63
, 129
, 89
, 202
, 16
, 140
, 78
, 80
, 138
, 157
, 61
, 74
, 144
, 157
, 61
, 172
, 46
, 111
, 107
, 106
, 112
, 103
, 115
, 215
, 3
, 67
, 151
, 133
, 85
, 78
, 140
, 73
, 145
, 90
, 128
, 42
, 176
, 193
, 25
, 170
, 48
, 101
, 117
, 22
, 196
, 15
, 203
, 72
, 146
, 159
, 59
, 210
, 8
, 37
, 181
, 98
, 120
, 16
, 202
, 155
, 63
, 109
, 109
, 170
, 48
, 114
, 104
, 155
, 63
, 134
, 84
, 32
, 186
, 20
, 198
, 46
, 172
, 205
, 13
, 174
, 44
, 15
, 203
, 54
, 164
, 10
, 208
, 101
, 117
, 144
, 74
, 112
, 106
, 118
, 100
, 51
, 167
, 172
, 46
, 47
, 171
, 104
, 114
, 142
, 76
, 143
, 75
, 64
, 154
, 144
, 74
, 19
, 199
, 176
, 42
, 119
, 99
, 46
, 172
, 84
, 134
, 107
, 111
, 54
, 164
, 45
, 173
, 141
, 77
, 71
, 147
, 65
, 153
, 118
, 100
, 37
, 181
, 69
, 149
, 69
, 149
, 129
, 89
, 8
, 210
, 23
, 195
, 172
, 46
, 130
, 88
, 37
, 181
, 204
, 14
, 123
, 95
, 189
, 29
, 104
, 114
, 158
, 60
, 68
, 150
, 6
, 212
, 94
, 124
, 197
, 21
, 28
, 190
, 206
, 12
, 147
, 71
, 78
, 140
, 206
, 12
, 28
, 190
, 195
, 23
, 177
, 41
, 108
, 110
, 125
, 93
, 100
, 118
, 211
, 7
, 191
, 27
, 85
, 133
, 154
, 64
, 37
, 181
, 59
, 159
, 13
, 205
, 19
, 199
, 60
, 158
, 122
, 96
, 98
, 120
, 118
, 100
, 46
, 172
, 83
, 135
, 175
, 43
, 150
, 68
, 182
, 36
, 74
, 144
, 107
, 111
, 43
, 175
, 138
, 80
, 25
, 193
, 16
, 202
, 173
, 45
, 28
, 190
, 72
, 146
, 52
, 166
, 25
, 193
, 52
, 166
, 124
, 94
, 63
, 155
, 210
, 8
, 100
, 118
, 176
, 42
, 8
, 210
, 131
, 87
, 90
, 128
, 27
, 191
, 18
, 200
, 18
, 200
, 202
, 16
, 182
, 36
, 71
, 147
, 143
, 75
, 52
, 166
, 106
, 112
, 125
, 93
, 148
, 70
, 120
, 98
, 139
, 79
, 69
, 149
, 114
, 104
, 114
, 104
, 50
, 168
, 90
, 128
, 96
, 122
, 49
, 169
, 202
, 16
, 53
, 165
, 36
, 182
, 194
, 24
, 203
, 15
, 77
, 141
, 143
, 75
, 179
, 39
, 66
, 152
, 99
, 119
, 54
, 164
, 104
, 114
, 121
, 97
, 33
, 185
, 53
, 165
, 42
, 176
, 7
, 211
, 6
, 212
, 171
, 47
, 108
, 110
, 7
, 211
, 193
, 25
, 97
, 121
, 24
, 194
, 112
, 106
, 163
, 55
, 122
, 96
, 3
, 215
, 17
, 201
, 158
, 60
, 197
, 21
, 62
, 156
, 88
, 130
, 86
, 132
, 137
, 81
, 201
, 17
, 197
, 21
, 13
, 205
, 155
, 63
, 120
, 98
, 196
, 22
, 156
, 62
, 164
, 54
, 46
, 172
, 161
, 57
, 205
, 13
, 197
, 21
, 116
, 102
, 147
, 71
, 130
, 88
, 139
, 79
, 210
, 8
, 54
, 164
, 169
, 49
, 84
, 134
, 30
, 188
, 138
, 80
, 47
, 171
, 139
, 79
, 19
, 199
, 107
, 111
, 36
, 182
, 168
, 50
, 3
, 215
, 177
, 41
, 207
, 11
, 196
, 22
, 84
, 134
, 95
, 123
, 134
, 84
, 86
, 132
, 208
, 10
, 206
, 12
, 98
, 120
, 84
, 134
, 183
, 35
, 2
, 216
, 192
, 26
, 147
, 71
, 179
, 39
, 169
, 49
, 107
, 111
, 63
, 155
, 207
, 11
, 187
, 31
, 6
, 212
, 176
, 42
, 60
, 158
, 188
, 30
, 68
, 150
, 17
, 201
, 16
, 202
, 10
, 208
, 59
, 159
, 46
, 172
, 38
, 180
, 50
, 168
, 38
, 180
, 22
, 196
, 14
, 204
, 141
, 77
, 59
, 159
, 103
, 115
, 125
, 93
, 13
, 205
, 85
, 133
, 197
, 21
, 215
, 3
, 210
, 8
, 64
, 154
, 30
, 188
, 187
, 31
, 142
, 76
, 126
, 92
, 118
, 100
, 136
, 82
, 117
, 101
, 11
, 207
, 135
, 83
, 180
, 38
, 112
, 106
, 167
, 51
, 1
, 217
, 34
, 184
, 174
, 44
, 40
, 178
, 125
, 93
, 84
, 134
, 192
, 26
, 160
, 58
, 204
, 14
, 66
, 152
, 108
, 110
, 105
, 113
, 200
, 18
, 63
, 155
, 83
, 135
, 138
, 80
, 161
, 57
, 204
, 14
, 193
, 25
, 94
, 124
, 198
, 20
, 64
, 154
, 83
, 135
, 166
, 52
, 7
, 211
, 138
, 80
, 177
, 41
, 38
, 180
, 116
, 102
, 207
, 11
, 188
, 30
, 46
, 172
, 94
, 124
, 144
, 74
, 91
, 127
, 90
, 128
, 132
, 86
, 92
, 126
, 28
, 190
, 208
, 10
, 160
, 58
, 162
, 56
, 88
, 130
, 19
, 199
, 149
, 69
, 90
, 128
, 208
, 10
, 1
, 217
, 8
, 210
, 99
, 119
, 184
, 34
, 53
, 165
, 44
, 174
, 186
, 32
, 92
, 126
, 206
, 12
, 41
, 177
, 133
, 85
, 83
, 135
, 93
, 125
, 12
, 206
, 19
, 199
, 22
, 196
, 157
, 61
, 76
, 142
, 205
, 13
, 44
, 174
, 35
, 183
, 49
, 169
, 188
, 30
, 186
, 32
, 101
, 117
, 127
, 91
, 51
, 167
, 49
, 169
, 147
, 71
, 153
, 65
, 71
, 147
, 182
, 36
, 179
, 39
, 214
, 4
, 36
, 182
, 11
, 207
, 210
, 8
, 53
, 165
, 52
, 166
, 45
, 173
, 101
, 117
, 145
, 73
, 192
, 26
, 14
, 204
, 96
, 122
, 18
, 200
, 204
, 14
, 178
, 40
, 78
, 140
, 181
, 37
, 107
, 111
, 66
, 152
, 80
, 138
, 62
, 156
, 119
, 99
, 71
, 147
, 103
, 115
, 59
, 159
, 151
, 67
, 29
, 189
, 54
, 164
, 168
, 50
, 17
, 201
, 157
, 61
, 22
, 196
, 144
, 74
, 68
, 150
, 15
, 203
, 135
, 83
, 108
, 110
, 164
, 54
, 88
, 130
, 114
, 104
, 65
, 153
, 140
, 78
, 8
, 210
, 186
, 32
, 85
, 133
, 129
, 89
, 11
, 207
, 47
, 171
, 58
, 160
, 27
, 191
, 194
, 24
, 122
, 96
, 140
, 78
, 22
, 196
, 78
, 140
, 181
, 37
, 182
, 36
, 8
, 210
, 109
, 109
, 68
, 150
, 189
, 29
, 146
, 72
, 5
, 213
, 183
, 35
, 58
, 160
, 188
, 30
, 169
, 49
, 200
, 18
, 211
, 7
, 141
, 77
, 100
, 118
, 184
, 34
, 145
, 73
, 72
, 146
, 73
, 145
, 152
, 66
, 70
, 148
, 57
, 161
, 23
, 195
, 165
, 53
, 127
, 91
, 123
, 95
, 43
, 175
, 175
, 43
, 131
, 87
, 204
, 14
, 164
, 54
, 133
, 85
, 51
, 167
, 10
, 208
, 209
, 9
, 123
, 95
, 146
, 72
, 7
, 211
, 66
, 152
, 82
, 136
, 22
, 196
, 147
, 71
, 93
, 125
, 191
, 27
, 28
, 190
, 3
, 215
, 55
, 163
, 73
, 145
, 123
, 95
, 89
, 129
, 114
, 104
, 17
, 201
, 65
, 153
, 17
, 201
, 80
, 138
, 7
, 211
, 143
, 75
, 107
, 111
, 3
, 215
, 179
, 39
, 83
, 135
, 173
, 45
, 32
, 186
, 15
, 203
, 16
, 202
, 148
, 70
, 74
, 144
, 181
, 37
, 169
, 49
, 103
, 115
, 83
, 135
, 52
, 166
, 139
, 79
, 117
, 101
, 19
, 199
, 67
, 151
, 211
, 7
, 36
, 182
, 93
, 125
, 151
, 67
, 60
, 158
, 32
, 186
, 164
, 54
, 94
, 124
, 48
, 170
, 103
, 115
, 68
, 150
, 155
, 63
, 108
, 110
, 110
, 108
, 129
, 89
, 172
, 46
, 188
, 30
, 122
, 96
, 34
, 184
, 109
, 109
, 95
, 123
, 110
, 108
, 81
, 137
, 15
, 203
, 188
, 30
, 105
, 113
, 15
, 203
, 33
, 185
, 65
, 153
, 147
, 71
, 112
, 106
, 40
, 178
, 183
, 35
, 13
, 205
, 157
, 61
, 194
, 24
, 134
, 84
, 156
, 62
, 199
, 19
, 190
, 28
, 93
, 125
, 58
, 160
, 100
, 118
, 181
, 37
, 83
, 135
, 14
, 204
, 7
, 211
, 50
, 168
, 187
, 31
, 125
, 93
, 93
, 125
, 55
, 163
, 131
, 87
, 71
, 147
, 158
, 60
, 170
, 48
, 47
, 171
, 67
, 151
, 181
, 37
, 202
, 16
, 29
, 189
, 203
, 15
, 87
, 131
, 176
, 42
, 45
, 173
, 152
, 66
, 162
, 56
, 126
, 92
, 119
, 99
, 32
, 186
, 61
, 157
, 138
, 80
, 54
, 164
, 24
, 194
, 77
, 141
, 181
, 37
, 41
, 177
, 150
, 68
, 164
, 54
, 123
, 95
, 192
, 26
, 158
, 60
, 80
, 138
, 96
, 122
, 64
, 154
, 110
, 108
, 50
, 168
, 81
, 137
, 4
, 214
, 22
, 196
, 176
, 42
, 139
, 79
, 182
, 36
, 192
, 26
, 154
, 64
, 195
, 23
, 82
, 136
, 212
, 6
, 4
, 214
, 198
, 20
, 165
, 53
, 175
, 43
, 32
, 186
, 85
, 133
, 54
, 164
, 161
, 57
, 128
, 90
, 90
, 128
, 27
, 191
, 61
, 157
, 101
, 117
, 30
, 188
, 204
, 14
, 94
, 124
, 16
, 202
, 169
, 49
, 159
, 59
, 57
, 161
, 160
, 58
, 69
, 149
, 68
, 150
, 60
, 158
, 145
, 73
, 81
, 137
, 103
, 115
, 8
, 210
, 126
, 92
, 140
, 78
, 42
, 176
, 208
, 10
, 201
, 17
, 71
, 147
, 59
, 159
, 4
, 214
, 187
, 31
, 168
, 50
, 37
, 181
, 97
, 121
, 204
, 14
, 20
, 198
, 147
, 71
, 199
, 19
, 206
, 12
, 184
, 34
, 28
, 190
, 83
, 135
, 132
, 86
, 160
, 58
, 133
, 85
, 122
, 96
, 133
, 85
, 17
, 201
, 149
, 69
, 166
, 52
, 215
, 3
, 96
, 122
, 65
, 153
, 157
, 61
, 126
, 92
, 200
, 18
, 22
, 196
, 150
, 68
, 25
, 193
, 1
, 217
, 204
, 14
, 58
, 160
, 45
, 173
, 161
, 57
, 12
, 206
, 190
, 28
, 207
, 11
, 188
, 30
, 6
, 212
, 44
, 174
, 65
, 153
, 40
, 178
, 36
, 182
, 70
, 148
, 35
, 183
, 11
, 207
, 180
, 38
, 78
, 140
, 201
, 17
, 88
, 130
, 93
, 125
, 141
, 77
, 147
, 71
, 55
, 163
, 202
, 16
, 25
, 193
, 128
, 90
, 166
, 52
, 107
, 111
, 44
, 174
, 46
, 172
, 93
, 125
, 125
, 93
, 45
, 173
, 211
, 7
, 53
, 165
, 146
, 72
, 106
, 112
, 174
, 44
, 70
, 148
, 101
, 117
, 109
, 109
, 212
, 6
, 132
, 86
, 127
, 91
, 208
, 10
, 136
, 82
, 56
, 162
, 138
, 80
, 206
, 12
, 57
, 161
, 113
, 105
, 53
, 165
, 65
, 153
, 67
, 151
, 178
, 40
, 3
, 215
, 59
, 159
, 214
, 4
, 121
, 97
, 105
, 113
, 140
, 78
, 121
, 97
, 208
, 10
, 102
, 116
, 44
, 174
, 182
, 36
, 167
, 51
, 151
, 67
, 14
, 204
, 154
, 64
, 7
, 211
, 179
, 39
, 215
, 3
, 206
, 12
, 188
, 30
, 207
, 11
, 148
, 70
, 177
, 41
, 139
, 79
, 55
, 163
, 30
, 188
, 48
, 170
, 129
, 89
, 29
, 189
, 118
, 100
, 212
, 6
, 109
, 109
, 7
, 211
, 103
, 115
, 90
, 128
, 148
, 70
, 20
, 198
, 87
, 131
, 172
, 46
, 87
, 131
, 45
, 173
, 1
, 217
, 96
, 122
, 213
, 5
, 94
, 124
, 2
, 216
, 216
, 2
, 153
, 65
, 1
, 217
, 212
, 6
, 42
, 176
, 172
, 46
, 202
, 16
, 153
, 65
, 142
, 76
, 50
, 168
, 41
, 177
, 43
, 175
, 94
, 124
, 22
, 196
, 55
, 163
, 124
, 94
, 123
, 95
, 65
, 153
, 79
, 139
, 27
, 191
, 151
, 67
, 185
, 33
, 162
, 56
, 129
, 89
, 48
, 170
, 141
, 77
, 135
, 83
, 52
, 166
, 75
, 143
, 88
, 130
, 60
, 158
, 68
, 150
, 91
, 127
, 207
, 11
, 179
, 39
, 69
, 149
, 32
, 186
, 185
, 33
, 191
, 27
, 127
, 91
, 21
, 197
, 136
, 82
, 105
, 113
, 153
, 65
, 144
, 74
, 101
, 117
, 89
, 129
, 59
, 159
, 147
, 71
, 33
, 185
, 27
, 191
, 76
, 142
, 162
, 56
, 86
, 132
, 201
, 17
, 126
, 92
, 188
, 30
, 48
, 170
, 127
, 91
, 50
, 168
, 30
, 188
, 33
, 185
, 102
, 116
, 159
, 59
, 140
, 78
, 93
, 125
, 39
, 179
, 40
, 178
, 112
, 106
, 80
, 138
, 6
, 212
, 108
, 110
, 19
, 199
, 76
, 142
, 119
, 99
, 88
, 130
, 110
, 108
, 92
, 126
, 181
, 37
, 164
, 54
, 11
, 207
, 152
, 66
, 155
, 63
, 117
, 101
, 192
, 26
, 183
, 35
, 8
, 210
, 115
, 103
, 129
, 89
, 103
, 115
, 196
, 22
, 128
, 90
, 36
, 182
, 36
, 182
, 38
, 180
, 211
, 7
, 100
, 118
, 122
, 96
, 44
, 174
, 67
, 151
, 10
, 208
, 122
, 96
, 76
, 142
, 157
, 61
, 214
, 4
, 158
, 60
, 114
, 104
, 43
, 175
, 165
, 53
, 175
, 43
, 72
, 146
, 76
, 142
, 23
, 195
, 41
, 177
, 100
, 118
, 22
, 196
, 43
, 175
, 55
, 163
, 93
, 125
, 26
, 192
, 119
, 99
, 153
, 65
, 206
, 12
, 136
, 82
, 75
, 143
, 8
, 210
, 174
, 44
, 1
, 217
, 138
, 80
, 148
, 70
, 4
, 214
, 62
, 156
, 69
, 149
, 134
, 84
, 112
, 106
, 85
, 133
, 125
, 93
, 192
, 26
, 189
, 29
, 7
, 211
, 4
, 214
, 137
, 81
, 56
, 162
, 196
, 22
, 15
, 203
, 118
, 100
, 205
, 13
, 47
, 171
, 52
, 166
, 148
, 70
, 79
, 139
, 74
, 144
, 179
, 39
, 211
, 7
, 150
, 68
, 71
, 147
, 178
, 40
, 12
, 206
, 122
, 96
, 8
, 210
, 203
, 15
, 211
, 7
, 107
, 111
, 123
, 95
, 32
, 186
, 14
, 204
, 52
, 166
, 55
, 163
, 47
, 171
, 169
, 49
, 209
, 9
, 7
, 211
, 215
, 3
, 22
, 196
, 42
, 176
, 194
, 24
, 180
, 38
, 72
, 146
, 203
, 15
, 124
, 94
, 71
, 147
, 45
, 173
, 176
, 42
, 134
, 84
, 186
, 32
, 197
, 21
, 69
, 149
, 117
, 101
, 131
, 87
, 185
, 33
, 66
, 152
, 152
, 66
, 102
, 116
, 189
, 29
, 30
, 188
, 73
, 145
, 159
, 59
, 137
, 81
, 95
, 123
, 38
, 180
, 98
, 120
, 138
, 80
, 166
, 52
, 187
, 31
, 138
, 80
, 88
, 130
, 44
, 174
, 100
, 118
, 171
, 47
, 51
, 167
, 6
, 212
, 27
, 191
, 76
, 142
, 69
, 149
, 188
, 30
, 167
, 51
, 169
, 49
, 13
, 205
, 51
, 167
, 123
, 95
, 184
, 34
, 173
, 45
, 136
, 82
, 34
, 184
, 78
, 140
, 7
, 211
, 29
, 189
, 142
, 76
, 25
, 193
, 160
, 58
, 209
, 9
, 108
, 110
, 118
, 100
, 101
, 117
, 183
, 35
, 14
, 204
, 136
, 82
, 86
, 132
, 4
, 214
, 199
, 19
, 134
, 84
, 5
, 213
, 154
, 64
, 166
, 52
, 156
, 62
, 36
, 182
, 110
, 108
, 62
, 156
, 197
, 21
, 55
, 163
, 174
, 44
, 173
, 45
, 24
, 194
, 203
, 15
, 10
, 208
, 185
, 33
, 38
, 180
, 214
, 4
, 119
, 99
, 122
, 96
, 110
, 108
, 29
, 189
, 180
, 38
, 64
, 154
, 216
, 2
, 87
, 131
, 86
, 132
, 60
, 158
, 75
, 143
, 185
, 33
, 180
, 38
, 28
, 190
, 158
, 60
, 14
, 204
, 5
, 213
, 70
, 148
, 144
, 74
, 169
, 49
, 35
, 183
, 129
, 89
, 139
, 79
, 45
, 173
, 165
, 53
, 93
, 125
, 16
, 202
, 81
, 137
, 75
, 143
, 123
, 95
, 195
, 23
, 10
, 208
, 55
, 163
, 178
, 40
, 206
, 12
, 36
, 182
, 98
, 120
, 63
, 155
, 36
, 182
, 40
, 178
, 31
, 187
, 184
, 34
, 184
, 34
, 138
, 80
, 146
, 72
, 128
, 90
, 8
, 210
, 211
, 7
, 209
, 9
, 56
, 162
, 184
, 34
, 63
, 155
, 59
, 159
, 142
, 76
, 182
, 36
, 75
, 143
, 208
, 10
, 114
, 104
, 73
, 145
, 17
, 201
, 131
, 87
, 89
, 129
, 129
, 89
, 21
, 197
, 203
, 15
, 134
, 84
, 60
, 158
, 112
, 106
, 32
, 186
, 183
, 35
, 171
, 47
, 168
, 50
, 213
, 5
, 71
, 147
, 114
, 104
, 211
, 7
, 76
, 142
, 212
, 6
, 140
, 78
, 83
, 135
, 48
, 170
, 122
, 96
, 98
, 120
, 212
, 6
, 210
, 8
, 163
, 55
, 84
, 134
, 34
, 184
, 33
, 185
, 187
, 31
, 117
, 101
, 21
, 197
, 19
, 199
, 126
, 92
, 48
, 170
, 158
, 60
, 40
, 178
, 49
, 169
, 198
, 20
, 53
, 165
, 26
, 192
, 88
, 130
, 91
, 127
, 185
, 33
, 179
, 39
, 116
, 102
, 15
, 203
, 173
, 45
, 68
, 150
, 77
, 141
, 104
, 114
, 97
, 121
, 8
, 210
, 94
, 124
, 125
, 93
, 55
, 163
, 118
, 100
, 67
, 151
, 166
, 52
, 130
, 88
, 50
, 168
, 192
, 26
, 184
, 34
, 44
, 174
, 51
, 167
, 131
, 87
, 32
, 186
, 14
, 204
, 179
, 39
, 205
, 13
, 11
, 207
, 144
, 74
, 204
, 14
, 151
, 67
, 115
, 103
, 157
, 61
, 212
, 6
, 44
, 174
, 147
, 71
, 95
, 123
, 23
, 195
, 179
, 39
, 11
, 207
, 134
, 84
, 106
, 112
, 145
, 73
, 120
, 98
, 113
, 105
, 102
, 116
, 63
, 155
, 191
, 27
, 202
, 16
, 49
, 169
, 55
, 163
, 90
, 128
, 150
, 68
, 209
, 9
, 83
, 135
, 115
, 103
, 120
, 98
, 96
, 122
, 98
, 120
, 98
, 120
, 127
, 91
, 16
, 202
, 129
, 89
, 172
, 46
, 92
, 126
, 121
, 97
, 192
, 26
, 82
, 136
, 141
, 77
, 81
, 137
, 60
, 158
, 178
, 40
, 131
, 87
, 27
, 191
, 36
, 182
, 83
, 135
, 209
, 9
, 198
, 20
, 181
, 37
, 110
, 108
, 184
, 34
, 154
, 64
, 197
, 21
, 199
, 19
, 77
, 141
, 192
, 26
, 12
, 206
, 2
, 216
, 195
, 23
, 195
, 23
, 165
, 53
, 213
, 5
, 186
, 32
, 196
, 22
, 73
, 145
, 95
, 123
, 154
, 64
, 146
, 72
, 166
, 52
, 33
, 185
, 187
, 31
, 54
, 164
, 30
, 188
, 207
, 11
, 15
, 203
, 94
, 124
, 159
, 59
, 120
, 98
, 139
, 79
, 191
, 27
, 99
, 119
, 191
, 27
, 114
, 104
, 186
, 32
, 194
, 24
, 206
, 12
, 141
, 77
, 34
, 184
, 78
, 140
, 135
, 83
, 88
, 130
, 186
, 32
, 127
, 91
, 7
, 211
, 154
, 64
, 211
, 7
, 165
, 53
, 146
, 72
, 6
, 212
, 85
, 133
, 131
, 87
, 81
, 137
, 149
, 69
, 172
, 46
, 43
, 175
, 177
, 41
, 187
, 31
, 4
, 214
, 189
, 29
, 22
, 196
, 92
, 126
, 171
, 47
, 96
, 122
, 59
, 159
, 74
, 144
, 30
, 188
, 90
, 128
, 209
, 9
, 50
, 168
, 76
, 142
, 214
, 4
, 195
, 23
, 85
, 133
, 121
, 97
, 174
, 44
, 177
, 41
, 111
, 107
, 200
, 18
, 132
, 86
, 13
, 205
, 194
, 24
, 148
, 70
, 136
, 82
, 19
, 199
, 148
, 70
, 1
, 217
, 12
, 206
, 122
, 96
, 27
, 191
, 27
, 191
, 184
, 34
, 26
, 192
, 80
, 138
, 104
, 114
, 196
, 22
, 101
, 117
, 127
, 91
, 168
, 50
, 122
, 96
, 102
, 116
, 198
, 20
, 140
, 78
, 132
, 86
, 35
, 183
, 173
, 45
, 137
, 81
, 22
, 196
, 34
, 184
, 140
, 78
, 70
, 148
, 59
, 159
, 214
, 4
, 190
, 28
, 146
, 72
, 108
, 110
, 90
, 128
, 183
, 35
, 50
, 168
, 29
, 189
, 122
, 96
, 129
, 89
, 13
, 205
, 127
, 91
, 101
, 117
, 76
, 142
, 92
, 126
, 141
, 77
, 138
, 80
, 150
, 68
, 125
, 93
, 166
, 52
, 70
, 148
, 84
, 134
, 9
, 209
, 109
, 109
, 64
, 154
, 131
, 87
, 189
, 29
, 60
, 158
, 190
, 28
, 13
, 205
, 182
, 36
, 196
, 22
, 139
, 79
, 188
, 30
, 18
, 200
, 137
, 81
, 57
, 161
, 188
, 30
, 186
, 32
, 33
, 185
, 184
, 34
, 105
, 113
, 95
, 123
, 51
, 167
, 209
, 9
, 89
, 129
, 209
, 9
, 145
, 73
, 99
, 119
, 35
, 183
, 51
, 167
, 109
, 109
, 73
, 145
, 79
, 139
, 146
, 72
, 205
, 13
, 208
, 10
, 181
, 37
, 80
, 138
, 56
, 162
, 97
, 121
, 3
, 215
, 85
, 133
, 81
, 137
, 198
, 20
, 144
, 74
, 158
, 60
, 178
, 40
, 12
, 206
, 94
, 124
, 134
, 84
, 194
, 24
, 136
, 82
, 215
, 3
, 121
, 97
, 25
, 193
, 155
, 63
, 63
, 155
, 16
, 202
, 46
, 172
, 101
, 117
, 37
, 181
, 25
, 193
, 50
, 168
, 103
, 115
, 117
, 101
, 103
, 115
, 176
, 42
, 161
, 57
, 213
, 5
, 1
, 217
, 160
, 58
, 36
, 182
, 174
, 44
, 93
, 125
, 9
, 209
, 144
, 74
, 193
, 25
, 77
, 141
, 34
, 184
, 41
, 177
, 150
, 68
, 34
, 184
, 42
, 176
, 113
, 105
, 211
, 7
, 207
, 11
, 195
, 23
, 190
, 28
, 192
, 26
, 41
, 177
, 86
, 132
, 135
, 83
, 96
, 122
, 187
, 31
, 61
, 157
, 64
, 154
, 88
, 130
, 161
, 57
, 51
, 167
, 181
, 37
, 94
, 124
, 102
, 116
, 21
, 197
, 15
, 203
, 17
, 201
, 66
, 152
, 210
, 8
, 165
, 53
, 11
, 207
, 43
, 175
, 52
, 166
, 127
, 91
, 126
, 92
, 173
, 45
, 35
, 183
, 189
, 29
, 127
, 91
, 176
, 42
, 167
, 51
, 58
, 160
, 62
, 156
, 91
, 127
, 46
, 172
, 20
, 198
, 186
, 32
, 9
, 209
, 186
, 32
, 5
, 213
, 69
, 149
, 140
, 78
, 102
, 116
, 116
, 102
, 66
, 152
, 182
, 36
, 13
, 205
, 9
, 209
, 133
, 85
, 5
, 213
, 143
, 75
, 14
, 204
, 106
, 112
, 25
, 193
, 39
, 179
, 42
, 176
, 57
, 161
, 25
, 193
, 152
, 66
, 128
, 90
, 180
, 38
, 168
, 50
, 12
, 206
, 41
, 177
, 45
, 173
, 59
, 159
, 73
, 145
, 25
, 193
, 196
, 22
, 194
, 24
, 53
, 165
, 56
, 162
, 144
, 74
, 3
, 215
, 69
, 149
, 98
, 120
, 81
, 137
, 6
, 212
, 175
, 43
, 30
, 188
, 95
, 123
, 208
, 10
, 68
, 150
, 98
, 120
, 140
, 78
, 27
, 191
, 201
, 17
, 27
, 191
, 148
, 70
, 195
, 23
, 14
, 204
, 47
, 171
, 111
, 107
, 160
, 58
, 42
, 176
, 7
, 211
, 82
, 136
, 158
, 60
, 16
, 202
, 57
, 161
, 207
, 11
, 165
, 53
, 113
, 105
, 56
, 162
, 207
, 11
, 215
, 3
, 120
, 98
, 129
, 89
, 181
, 37
, 145
, 73
, 173
, 45
, 70
, 148
, 201
, 17
, 105
, 113
, 75
, 143
, 89
, 129
, 24
, 194
, 30
, 188
, 140
, 78
, 189
, 29
, 98
, 120
, 33
, 185
, 24
, 194
, 8
, 210
, 208
, 10
, 157
, 61
, 177
, 41
, 210
, 8
, 87
, 131
, 129
, 89
, 181
, 37
, 84
, 134
, 138
, 80
, 12
, 206
, 149
, 69
, 121
, 97
, 70
, 148
, 116
, 102
, 199
, 19
, 85
, 133
, 76
, 142
, 171
, 47
, 40
, 178
, 22
, 196
, 153
, 65
, 85
, 133
, 52
, 166
, 208
, 10
, 13
, 205
, 146
, 72
, 210
, 8
, 6
, 212
, 99
, 119
, 215
, 3
, 76
, 142
, 14
, 204
, 146
, 72
, 49
, 169
, 71
, 147
, 36
, 182
, 71
, 147
, 157
, 61
, 126
, 92
, 168
, 50
, 111
, 107
, 37
, 181
, 190
, 28
, 2
, 216
, 210
, 8
, 12
, 206
, 62
, 156
, 48
, 170
, 136
, 82
, 133
, 85
, 105
, 113
, 52
, 166
, 128
, 90
, 56
, 162
, 185
, 33
, 167
, 51
, 208
, 10
, 66
, 152
, 94
, 124
, 175
, 43
, 178
, 40
, 96
, 122
, 107
, 111
, 183
, 35
, 171
, 47
, 29
, 189
, 172
, 46
, 77
, 141
, 73
, 145
, 74
, 144
, 142
, 76
, 39
, 179
, 209
, 9
, 89
, 129
, 30
, 188
, 95
, 123
, 106
, 112
, 102
, 116
, 83
, 135
, 176
, 42
, 132
, 86
, 106
, 112
, 198
, 20
, 73
, 145
, 162
, 56
, 143
, 75
, 197
, 21
, 9
, 209
, 184
, 34
, 184
, 34
, 43
, 175
, 136
, 82
, 185
, 33
, 35
, 183
, 6
, 212
, 41
, 177
, 131
, 87
, 43
, 175
, 71
, 147
, 52
, 166
, 18
, 200
, 201
, 17
, 100
, 118
, 202
, 16
, 117
, 101
, 76
, 142
, 187
, 31
, 117
, 101
, 126
, 92
, 168
, 50
, 72
, 146
, 207
, 11
, 181
, 37
, 185
, 33
, 197
, 21
, 214
, 4
, 138
, 80
, 120
, 98
, 134
, 84
, 28
, 190
, 115
, 103
, 143
, 75
, 192
, 26
, 178
, 40
, 98
, 120
, 140
, 78
, 84
, 134
, 187
, 31
, 192
, 26
, 117
, 101
, 7
, 211
, 15
, 203
, 58
, 160
, 26
, 192
, 53
, 165
, 92
, 126
, 167
, 51
, 74
, 144
, 200
, 18
, 112
, 106
, 44
, 174
, 41
, 177
, 156
, 62
, 167
, 51
, 59
, 159
, 84
, 134
, 191
, 27
, 163
, 55
, 185
, 33
, 139
, 79
, 164
, 54
, 166
, 52
, 87
, 131
, 71
, 147
, 43
, 175
, 17
, 201
, 19
, 199
, 91
, 127
, 40
, 178
, 34
, 184
, 35
, 183
, 86
, 132
, 125
, 93
, 174
, 44
, 61
, 157
, 17
, 201
, 77
, 141
, 62
, 156
, 18
, 200
, 156
, 62
, 188
, 30
, 75
, 143
, 99
, 119
, 12
, 206
, 190
, 28
, 18
, 200
, 56
, 162
, 16
, 202
, 11
, 207
, 73
, 145
, 89
, 129
, 215
, 3
, 76
, 142
, 175
, 43
, 117
, 101
, 161
, 57
, 171
, 47
, 69
, 149
, 108
, 110
, 53
, 165
, 3
, 215
, 113
, 105
, 90
, 128
, 208
, 10
, 15
, 203
, 194
, 24
, 212
, 6
, 200
, 18
, 138
, 80
, 32
, 186
, 135
, 83
, 17
, 201
, 71
, 147
, 30
, 188
, 27
, 191
, 76
, 142
, 201
, 17
, 18
, 200
, 69
, 149
, 160
, 58
, 128
, 90
, 111
, 107
, 132
, 86
, 112
, 106
, 132
, 86
, 164
, 54
, 162
, 56
, 172
, 46
, 84
, 134
, 159
, 59
, 83
, 135
, 136
, 82
, 173
, 45
, 6
, 212
, 40
, 178
, 146
, 72
, 210
, 8
, 86
, 132
, 28
, 190
, 61
, 157
, 109
, 109
, 21
, 197
, 110
, 108
, 63
, 155
, 11
, 207
, 205
, 13
, 207
, 11
, 156
, 62
, 213
, 5
, 68
, 150
, 96
, 122
, 11
, 207
, 178
, 40
, 170
, 48
, 31
, 187
, 77
, 141
, 179
, 39
, 200
, 18
, 90
, 128
, 139
, 79
, 58
, 160
, 208
, 10
, 28
, 190
, 88
, 130
, 209
, 9
, 165
, 53
, 184
, 34
, 148
, 70
, 106
, 112
, 115
, 103
, 57
, 161
, 184
, 34
, 185
, 33
, 54
, 164
, 71
, 147
, 47
, 171
, 152
, 66
, 117
, 101
, 81
, 137
, 1
, 217
, 135
, 83
, 15
, 203
, 158
, 60
, 119
, 99
, 169
, 49
, 96
, 122
, 185
, 33
, 145
, 73
, 136
, 82
, 159
, 59
, 44
, 174
, 168
, 50
, 175
, 43
, 212
, 6
, 212
, 6
, 191
, 27
, 170
, 48
, 113
, 105
, 164
, 54
, 149
, 69
, 73
, 145
, 48
, 170
, 52
, 166
, 48
, 170
, 163
, 55
, 142
, 76
, 47
, 171
, 146
, 72
, 198
, 20
, 52
, 166
, 103
, 115
, 63
, 155
, 111
, 107
, 98
, 120
, 86
, 132
, 42
, 176
, 61
, 157
, 81
, 137
, 17
, 201
, 141
, 77
, 191
, 27
, 25
, 193
, 145
, 73
, 7
, 211
, 62
, 156
, 193
, 25
, 105
, 113
, 139
, 79
, 88
, 130
, 163
, 55
, 120
, 98
, 130
, 88
, 111
, 107
, 115
, 103
, 212
, 6
, 63
, 155
, 134
, 84
, 49
, 169
, 142
, 76
, 64
, 154
, 122
, 96
, 141
, 77
, 119
, 99
, 204
, 14
, 192
, 26
, 94
, 124
, 160
, 58
, 195
, 23
, 55
, 163
, 194
, 24
, 26
, 192
, 118
, 100
, 11
, 207
, 194
, 24
, 100
, 118
, 18
, 200
, 178
, 40
, 79
, 139
, 109
, 109
, 54
, 164
, 183
, 35
, 141
, 77
, 40
, 178
, 58
, 160
, 93
, 125
, 30
, 188
, 114
, 104
, 72
, 146
, 180
, 38
, 51
, 167
, 9
, 209
, 166
, 52
, 178
, 40
, 160
, 58
, 44
, 174
, 85
, 133
, 193
, 25
, 99
, 119
, 101
, 117
, 114
, 104
, 168
, 50
, 56
, 162
, 64
, 154
, 180
, 38
, 133
, 85
, 185
, 33
, 89
, 129
, 92
, 126
, 6
, 212
, 16
, 202
, 216
, 2
, 171
, 47
, 33
, 185
, 150
, 68
, 199
, 19
, 55
, 163
, 153
, 65
, 204
, 14
, 126
, 92
, 105
, 113
, 121
, 97
, 64
, 154
, 108
, 110
, 5
, 213
, 24
, 194
, 174
, 44
, 200
, 18
, 20
, 198
, 205
, 13
, 52
, 166
, 77
, 141
, 87
, 131
, 8
, 210
, 182
, 36
, 86
, 132
, 142
, 76
, 17
, 201
, 180
, 38
, 128
, 90
, 75
, 143
, 10
, 208
, 134
, 84
, 213
, 5
, 90
, 128
, 21
, 197
, 60
, 158
, 4
, 214
, 59
, 159
, 180
, 38
, 122
, 96
, 129
, 89
, 84
, 134
, 183
, 35
, 198
, 20
, 199
, 19
, 166
, 52
, 37
, 181
, 10
, 208
, 120
, 98
, 124
, 94
, 99
, 119
, 106
, 112
, 155
, 63
, 139
, 79
, 132
, 86
, 52
, 166
, 11
, 207
, 20
, 198
, 203
, 15
, 63
, 155
, 20
, 198
, 37
, 181
, 77
, 141
, 176
, 42
, 144
, 74
, 177
, 41
, 28
, 190
, 88
, 130
, 119
, 99
, 124
, 94
, 22
, 196
, 35
, 183
, 55
, 163
, 63
, 155
, 79
, 139
, 214
, 4
, 169
, 49
, 159
, 59
, 108
, 110
, 170
, 48
, 22
, 196
, 137
, 81
, 110
, 108
, 154
, 64
, 139
, 79
, 61
, 157
, 102
, 116
, 22
, 196
, 79
, 139
, 206
, 12
, 99
, 119
, 15
, 203
, 84
, 134
, 89
, 129
, 194
, 24
, 195
, 23
, 95
, 123
, 189
, 29
, 138
, 80
, 93
, 125
, 174
, 44
, 180
, 38
, 113
, 105
, 99
, 119
, 87
, 131
, 154
, 64
, 188
, 30
, 81
, 137
, 49
, 169
, 63
, 155
, 194
, 24
, 188
, 30
, 64
, 154
, 1
, 217
, 48
, 170
, 184
, 34
, 1
, 217
, 29
, 189
, 66
, 152
, 158
, 60
, 189
, 29
, 105
, 113
, 84
, 134
, 81
, 137
, 63
, 155
, 118
, 100
, 116
, 102
, 85
, 133
, 148
, 70
, 54
, 164
, 100
, 118
, 144
, 74
, 126
, 92
, 7
, 211
, 201
, 17
, 177
, 41
, 160
, 58
, 57
, 161
, 103
, 115
, 96
, 122
, 62
, 156
, 153
, 65
, 152
, 66
, 15
, 203
, 64
, 154
, 118
, 100
, 170
, 48
, 165
, 53
, 52
, 166
, 76
, 142
, 37
, 181
, 74
, 144
, 106
, 112
, 192
, 26
, 201
, 17
, 202
, 16
, 47
, 171
, 95
, 123
, 199
, 19
, 117
, 101
, 16
, 202
, 101
, 117
, 164
, 54
, 182
, 36
, 121
, 97
, 180
, 38
, 44
, 174
, 139
, 79
, 14
, 204
, 49
, 169
, 167
, 51
, 82
, 136
, 75
, 143
, 167
, 51
, 182
, 36
, 206
, 12
, 121
, 97
, 25
, 193
, 96
, 122
, 99
, 119
, 79
, 139
, 18
, 200
, 139
, 79
, 64
, 154
, 39
, 179
, 101
, 117
, 159
, 59
, 70
, 148
, 135
, 83
, 144
, 74
, 158
, 60
, 40
, 178
, 208
, 10
, 95
, 123
, 183
, 35
, 36
, 182
, 69
, 149
, 189
, 29
, 60
, 158
, 106
, 112
, 137
, 81
, 119
, 99
, 73
, 145
, 54
, 164
, 59
, 159
, 35
, 183
, 9
, 209
, 6
, 212
, 186
, 32
, 49
, 169
, 110
, 108
, 162
, 56
, 85
, 133
, 27
, 191
, 150
, 68
, 129
, 89
, 125
, 93
, 109
, 109
, 215
, 3
, 40
, 178
, 213
, 5
, 67
, 151
, 90
, 128
, 88
, 130
, 58
, 160
, 145
, 73
, 114
, 104
, 75
, 143
, 34
, 184
, 160
, 58
, 22
, 196
, 89
, 129
, 193
, 25
, 122
, 96
, 41
, 177
, 104
, 114
, 72
, 146
, 166
, 52
, 63
, 155
, 151
, 67
, 196
, 22
, 51
, 167
, 72
, 146
, 163
, 55
, 164
, 54
, 49
, 169
, 153
, 65
, 104
, 114
, 189
, 29
, 160
, 58
, 168
, 50
, 12
, 206
, 55
, 163
, 137
, 81
, 129
, 89
, 70
, 148
, 199
, 19
, 24
, 194
, 179
, 39
, 215
, 3
, 148
, 70
, 110
, 108
, 162
, 56
, 26
, 192
, 130
, 88
, 120
, 98
, 20
, 198
, 105
, 113
, 131
, 87
, 22
, 196
, 170
, 48
, 63
, 155
, 51
, 167
, 162
, 56
, 144
, 74
, 169
, 49
, 6
, 212
, 196
, 22
, 125
, 93
, 54
, 164
, 19
, 199
, 80
, 138
, 48
, 170
, 21
, 197
, 203
, 15
, 194
, 24
, 120
, 98
, 136
, 82
, 208
, 10
, 65
, 153
, 8
, 210
, 52
, 166
, 170
, 48
, 15
, 203
, 181
, 37
, 61
, 157
, 178
, 40
, 116
, 102
, 14
, 204
, 172
, 46
, 98
, 120
, 1
, 217
, 52
, 166
, 69
, 149
, 23
, 195
, 147
, 71
, 82
, 136
, 77
, 141
, 40
, 178
, 187
, 31
, 73
, 145
, 83
, 135
, 23
, 195
, 41
, 177
, 80
, 138
, 127
, 91
, 43
, 175
, 21
, 197
, 113
, 105
, 2
, 216
, 183
, 35
, 16
, 202
, 26
, 192
, 22
, 196
, 24
, 194
, 137
, 81
, 169
, 49
, 141
, 77
, 180
, 38
, 207
, 11
, 107
, 111
, 178
, 40
, 95
, 123
, 206
, 12
, 28
, 190
, 185
, 33
, 187
, 31
, 162
, 56
, 28
, 190
, 173
, 45
, 194
, 24
, 194
, 24
, 49
, 169
, 64
, 154
, 93
, 125
, 182
, 36
, 92
, 126
, 20
, 198
, 158
, 60
, 91
, 127
, 46
, 172
, 29
, 189
, 79
, 139
, 46
, 172
, 101
, 117
, 192
, 26
, 14
, 204
, 99
, 119
, 207
, 11
, 82
, 136
, 14
, 204
, 165
, 53
, 105
, 113
, 135
, 83
, 105
, 113
, 59
, 159
, 180
, 38
, 1
, 217
, 138
, 80
, 106
, 112
, 168
, 50
, 31
, 187
, 101
, 117
, 56
, 162
, 152
, 66
, 40
, 178
, 89
, 129
, 43
, 175
, 188
, 30
, 119
, 99
, 128
, 90
, 128
, 90
, 123
, 95
, 203
, 15
, 35
, 183
, 71
, 147
, 161
, 57
, 14
, 204
, 15
, 203
, 25
, 193
, 71
, 147
, 100
, 118
, 133
, 85
, 108
, 110
, 163
, 55
, 195
, 23
, 146
, 72
, 156
, 62
, 133
, 85
, 111
, 107
, 14
, 204
, 21
, 197
, 206
, 12
, 72
, 146
, 179
, 39
, 195
, 23
, 188
, 30
, 105
, 113
, 24
, 194
, 10
, 208
, 154
, 64
, 190
, 28
, 126
, 92
, 77
, 141
, 23
, 195
, 157
, 61
, 163
, 55
, 76
, 142
, 182
, 36
, 27
, 191
, 4
, 214
, 160
, 58
, 14
, 204
, 158
, 60
, 106
, 112
, 188
, 30
, 104
, 114
, 213
, 5
, 180
, 38
, 149
, 69
, 45
, 173
, 103
, 115
, 174
, 44
, 10
, 208
, 81
, 137
, 196
, 22
, 133
, 85
, 64
, 154
, 29
, 189
, 75
, 143
, 41
, 177
, 131
, 87
, 169
, 49
, 187
, 31
, 75
, 143
, 168
, 50
, 111
, 107
, 167
, 51
, 134
, 84
, 86
, 132
, 205
, 13
, 54
, 164
, 58
, 160
, 130
, 88
, 57
, 161
, 92
, 126
, 161
, 57
, 38
, 180
, 144
, 74
, 167
, 51
, 76
, 142
, 215
, 3
, 83
, 135
, 77
, 141
, 194
, 24
, 82
, 136
, 7
, 211
, 199
, 19
, 125
, 93
, 204
, 14
, 200
, 18
, 210
, 8
, 134
, 84
, 21
, 197
, 61
, 157
, 162
, 56
, 93
, 125
, 190
, 28
, 181
, 37
, 211
, 7
, 79
, 139
, 10
, 208
, 64
, 154
, 39
, 179
, 108
, 110
, 17
, 201
, 34
, 184
, 39
, 179
, 125
, 93
, 149
, 69
, 179
, 39
, 192
, 26
, 210
, 8
, 183
, 35
, 56
, 162
, 150
, 68
, 51
, 167
, 52
, 166
, 37
, 181
, 154
, 64
, 207
, 11
, 123
, 95
, 179
, 39
, 86
, 132
, 60
, 158
, 141
, 77
, 22
, 196
, 185
, 33
, 33
, 185
, 14
, 204
, 14
, 204
, 65
, 153
, 106
, 112
, 103
, 115
, 190
, 28
, 17
, 201
, 93
, 125
, 91
, 127
, 159
, 59
, 156
, 62
, 79
, 139
, 5
, 213
, 70
, 148
, 55
, 163
, 166
, 52
, 73
, 145
, 83
, 135
, 121
, 97
, 56
, 162
, 201
, 17
, 120
, 98
, 154
, 64
, 100
, 118
, 4
, 214
, 177
, 41
, 152
, 66
, 180
, 38
, 50
, 168
, 75
, 143
, 118
, 100
, 61
, 157
, 132
, 86
, 53
, 165
, 204
, 14
, 167
, 51
, 150
, 68
, 164
, 54
, 176
, 42
, 115
, 103
, 69
, 149
, 129
, 89
, 171
, 47
, 41
, 177
, 71
, 147
, 112
, 106
, 69
, 149
, 14
, 204
, 188
, 30
, 37
, 181
, 58
, 160
, 134
, 84
, 188
, 30
, 201
, 17
, 72
, 146
, 173
, 45
, 81
, 137
, 25
, 193
, 179
, 39
, 125
, 93
, 9
, 209
, 179
, 39
, 34
, 184
, 8
, 210
, 181
, 37
, 106
, 112
, 158
, 60
, 83
, 135
, 205
, 13
, 74
, 144
, 100
, 118
, 145
, 73
, 21
, 197
, 169
, 49
, 50
, 168
, 107
, 111
, 17
, 201
, 13
, 205
, 150
, 68
, 6
, 212
, 212
, 6
, 177
, 41
, 117
, 101
, 198
, 20
, 199
, 19
, 167
, 51
, 32
, 186
, 128
, 90
, 154
, 64
, 83
, 135
, 163
, 55
, 131
, 87
, 168
, 50
, 102
, 116
, 39
, 179
, 86
, 132
, 18
, 200
, 210
, 8
, 128
, 90
, 94
, 124
, 143
, 75
, 79
, 139
, 4
, 214
, 5
, 213
, 124
, 94
, 103
, 115
, 1
, 217
, 1
, 217
, 81
, 137
, 107
, 111
, 88
, 130
, 204
, 14
, 90
, 128
, 117
, 101
, 76
, 142
, 167
, 51
, 62
, 156
, 95
, 123
, 10
, 208
, 76
, 142
, 143
, 75
, 213
, 5
, 168
, 50
, 30
, 188
, 51
, 167
, 138
, 80
, 143
, 75
, 109
, 109
, 81
, 137
, 68
, 150
, 10
, 208
, 17
, 201
, 159
, 59
, 108
, 110
, 206
, 12
, 73
, 145
, 161
, 57
, 196
, 22
, 194
, 24
, 103
, 115
, 37
, 181
, 147
, 71
, 53
, 165
, 63
, 155
, 111
, 107
, 91
, 127
, 7
, 211
, 183
, 35
, 216
, 2
, 166
, 52
, 46
, 172
, 206
, 12
, 132
, 86
, 53
, 165
, 120
, 98
, 39
, 179
, 165
, 53
, 47
, 171
, 165
, 53
, 39
, 179
, 213
, 5
, 190
, 28
, 78
, 140
, 211
, 7
, 140
, 78
, 62
, 156
, 162
, 56
, 126
, 92
, 198
, 20
, 44
, 174
, 124
, 94
, 208
, 10
, 103
, 115
, 58
, 160
, 79
, 139
, 100
, 118
, 10
, 208
, 129
, 89
, 195
, 23
, 48
, 170
, 51
, 167
, 78
, 140
, 42
, 176
, 33
, 185
, 174
, 44
, 171
, 47
, 149
, 69
, 69
, 149
, 202
, 16
, 176
, 42
, 89
, 129
, 131
, 87
, 64
, 154
, 189
, 29
, 49
, 169
, 56
, 162
, 18
, 200
, 40
, 178
, 159
, 59
, 145
, 73
, 192
, 26
, 101
, 117
, 29
, 189
, 185
, 33
, 8
, 210
, 93
, 125
, 180
, 38
, 87
, 131
, 130
, 88
, 173
, 45
, 73
, 145
, 144
, 74
, 120
, 98
, 103
, 115
, 87
, 131
, 139
, 79
, 95
, 123
, 20
, 198
, 31
, 187
, 4
, 214
, 42
, 176
, 167
, 51
, 191
, 27
, 128
, 90
, 41
, 177
, 203
, 15
, 20
, 198
, 76
, 142
, 208
, 10
, 141
, 77
, 18
, 200
, 98
, 120
, 94
, 124
, 58
, 160
, 145
, 73
, 23
, 195
, 124
, 94
, 153
, 65
, 174
, 44
, 202
, 16
, 107
, 111
, 149
, 69
, 2
, 216
, 72
, 146
, 134
, 84
, 104
, 114
, 199
, 19
, 19
, 199
, 141
, 77
, 126
, 92
, 24
, 194
, 93
, 125
, 132
, 86
, 80
, 138
, 112
, 106
, 160
, 58
, 61
, 157
, 195
, 23
, 52
, 166
, 27
, 191
, 100
, 118
, 168
, 50
, 141
, 77
, 173
, 45
, 137
, 81
, 109
, 109
, 1
, 217
, 96
, 122
, 3
, 215
, 49
, 169
, 11
, 207
, 212
, 6
, 188
, 30
, 158
, 60
, 79
, 139
, 132
, 86
, 121
, 97
, 169
, 49
, 100
, 118
, 197
, 21
, 159
, 59
, 148
, 70
, 210
, 8
, 216
, 2
, 25
, 193
, 142
, 76
, 25
, 193
, 202
, 16
, 186
, 32
, 92
, 126
, 19
, 199
, 34
, 184
, 58
, 160
, 114
, 104
, 83
, 135
, 95
, 123
, 4
, 214
, 162
, 56
, 18
, 200
, 6
, 212
, 30
, 188
, 53
, 165
, 189
, 29
, 100
, 118
, 192
, 26
, 10
, 208
, 40
, 178
, 67
, 151
, 152
, 66
, 143
, 75
, 153
, 65
, 11
, 207
, 145
, 73
, 136
, 82
, 187
, 31
, 165
, 53
, 100
, 118
, 174
, 44
, 57
, 161
, 26
, 192
, 28
, 190
, 136
, 82
, 38
, 180
, 177
, 41
, 144
, 74
, 58
, 160
, 96
, 122
, 25
, 193
, 198
, 20
, 137
, 81
, 109
, 109
, 96
, 122
, 49
, 169
, 3
, 215
, 100
, 118
, 168
, 50
, 53
, 165
, 181
, 37
, 117
, 101
, 135
, 83
, 126
, 92
, 1
, 217
, 89
, 129
, 85
, 133
, 48
, 170
, 165
, 53
, 172
, 46
, 161
, 57
, 207
, 11
, 165
, 53
, 105
, 113
, 159
, 59
, 34
, 184
