
694
212
127
110
758
708
755
871
364
547
706
567
897
284
288
560
629
590
347
166
880
357
966
782
960
123
278
410
512
520
782
940
777
343
248
398
129
171
674
449
160
402
340
124
402
453
262
202
631
678
576
503
282
924
531
650
147
249
853
946
246
445
106
316
219
269
466
156
205
186
906
249
387
504
320
454
702
537
673
815
815
939
135
502
404
575
725
837
369
854
785
822
573
545
392
204
685
166
395
642
139
360
579
292
386
699
644
460
673
878
650
343
764
494
179
328
452
700
963
698
289
262
740
750
966
419
151
180
146
432
123
465
751
665
394
164
891
966
446
567
876
148
380
924
861
671
347
216
554
543
804
176
493
843
244
735
286
392
140
247
376
917
650
877
563
308
464
864
297
340
446
830
416
878
725
495
731
666
745
793
840
697
933
626
414
220
616
778
369
732
527
469
582
647
183
294
243
224
477
211
230
633
722
759
272
282
870
663
175
848
593
220
535
288
622
479
388
894
566
714
690
604
146
724
501
839
609
828
941
931
816
754
787
738
614
721
498
325
823
216
872
181
889
438
807
187
956
968
432
464
599
749
930
243
245
821
959
996
292
771
770
821
546
424
575
311
414
601
259
703
779
360
386
646
171
457
205
885
908
750
256
247
390
818
549
575
288
825
502
462
889
223
356
937
458
639
276
668
546
494
653
995
131
892
584
692
443
318
488
317
912
680
185
389
724
481
873
459
683
916
143
926
116
460
699
659
342
671
897
313
521
277
521
402
155
268
706
469
495
567
493
938
334
274
636
407
644
470
537
890
621
661
801
606
580
567
844
509
662
291
183
558
385
236
777
616
920
721
981
978
412
138
123
171
755
471
342
109
710
344
852
217
182
257
214
725
138
827
225
752
539
374
920
886
103
506
131
669
606
459
229
267
237
177
691
217
159
204
121
119
202
387
486
226
453
391
767
295
217
538
156
866
768
155
662
963
674
715
654
903
493
994
329
708
503
649
964
399
310
836
989
688
174
664
953
754
934
393
394
991
608
208
723
576
664
603
195
184
929
847
857
423
611
293
176
565
758
950
102
664
927
533
100
280
576
585
665
473
133
925
119
548
927
897
641
715
569
428
545
341
409
662
913
693
885
637
679
872
341
524
928
546
622
683
746
198
321
143
580
299
292
611
120
291
920
954
568
877
482
207
279
298
206
169
257
518
580
320
420
821
643
455
137
750
827
820
972
444
840
786
147
507
973
389
955
109
872
986
756
324
964
461
549
202
287
638
231
997
676
575
528
753
918
613
953
577
154
282
403
605
533
386
593
335
627
590
253
678
852
695
373
669
909
367
138
365
140
556
308
144
583
787
323
648
426
815
606
579
390
336
317
135
381
726
207
693
158
857
898
673
796
649
432
844
758
749
293
524
174
579
790
920
254
510
554
499
496
377
333
523
789
776
971
365
447
203
362
585
174
457
392
971
714
427
657
362
229
711
640
416
676
163
765
735
382
420
180
911
704
348
409
778
984
844
527
444
373
222
358
154
182
108
433
208
168
147
876
511
714
960
815
216
644
529
251
969
173
302
556
744
563
685
945
463
164
50
52
52
53
54
54
55
69
71
79
80
86
86
88
88
91
98
99
103
103
108
108
108
109
111
112
113
121
121
131
139
140
140
142
142
144
148
157
159
161
164
164
165
165
170
174
177
180
180
184
186
187
191
193
200
207
208
209
211
213
214
214
216
216
217
218
218
220
234
235
237
238
239
240
243
247
248
248
255
258
264
265
267
269
274
274
275
277
285
288
292
292
295
300
307
311
316
319
319
330
330
335
336
339
339
341
343
346
347
349
349
352
352
353
356
356
356
357
360
364
365
370
372
374
377
385
393
394
395
399
403
403
407
408
410
413
416
420
421
425
428
429
430
430
441
444
444
446
446
447
448
448
449
453
455
459
459
459
461
462
462
465
470
472
474
477
480
480
484
485
487
496
497
502
503
505
506
506
508
509
509
509
509
510
512
513
514
516
521
523
527
527
528
528
528
531
533
534
535
537
538
541
541
541
543
545
548
549
557
558
560
568
569
571
571
583
584
586
590
598
600
600
602
605
614
621
623
624
628
630
639
640
648
649
653
660
661
664
666
667
667
668
676
681
695
695
696
701
702
705
708
718
728
729
742
742
746
748
749
755
756
761
764
769
770
777
777
780
794
796
797
798
801
804
805
805
808
812
818
821
825
825
829
832
835
838
838
839
843
846
852
855
857
861
862
864
865
869
872
875
882
886
889
895
900
906
907
913
915
917
926
926
927
937
938
946
952
953
953
954
954
959
963
964
966
972
974
978
981
987
992
1001
1002
1003
1005
1006
1008
1009
1011
1012
1014
1015
1015
1019
1024
1027
1028
1028
1029
1029
1033
1035
1038
1043
1044
1044
1047
1051
1051
1059
1060
1060
1077
1078
1079
1081
1085
1088
1090
1091
1093
1100
1101
1102
1102
1103
1107
1107
1112
1118
1119
1124
1133
1149
1152
1156
1156
1157
1158
1160
1163
1168
1170
1179
1182
1187
1197
1197
1198
1199
1201
1202
1204
1204
1204
1206
1208
1208
1212
1215
1220
1223
1224
1225
1227
1227
1228
1232
1235
1235
1240
1241
1243
1248
1248
1251
1260
1260
1267
1272
1272
1273
1275
1280
1289
1292
1295
1296
1296
1300
1300
1304
1305
1306
1310
1312
1312
1315
1316
1321
1323
1329
1334
1334
1336
1339
1345
1345
1352
1354
1354
1354
1357
1358
1359
1366
1368
1368
1371
1371
1372
1375
1378
1380
1384
1386
1393
1393
1398
1399
1401
1416
1422
1426
1426
1431
1431
1432
1436
1437
1440
1441
1443
1443
1443
1444
1446
1448
1453
1457
1458
1466
1470
1470
1472
1475
1483
1483
1485
1490
1495
1497
1498
1500
1500
1501
1507
1510
1510
1511
1519
1522
1522
1524
1525
1525
1526
1529
1529
1533
1537
1543
1544
1545
1547
1551
1555
1557
1558
1560
1568
1568
1568
1570
1577
1577
1582
1587
1588
1590
1591
1591
1592
1594
1601
1603
1603
1605
1614
1616
1617
1619
1624
1627
1633
1635
1639
1643
1644
1650
1663
1663
1664
1665
1667
1667
1670
1672
1672
1676
1678
1683
1684
1687
1691
1695
1699
1709
1710
1717
1722
1725
1730
1730
1732
1736
1742
1743
1743
1744
1745
1747
1749
1757
1758
1761
1764
1765
1768
1770
1772
1772
1774
1781
1783
1785
1786
1789
1789
1789
1792
1798
1802
1803
1804
1813
1815
1816
1818
1819
1821
1829
1835
1841
1841
1845
1849
1850
1855
1857
1858
1864
1868
1871
1872
1877
1880
1887
1888
1890
1894
1896
1898
1899
1902
1904
1906
1908
1908
1909
1915
1915
1921
1924
1935
1936
1936
1937
1937
1938
1941
1948
1951
1956
1958
1964
1964
1965
1966
1966
1970
1974
1975
1975
1982
1983
1985
1986
1987
1989
1991
1992
1997
1998
