
3470
, 33
, 142
, 40
, 135
, 31
, 144
, 13
, 162
, 93
, 82
, 75
, 100
, 144
, 31
, 102
, 73
, 143
, 32
, 132
, 43
, 168
, 7
, 95
, 80
, 166
, 9
, 107
, 68
, 90
, 85
, 160
, 15
, 173
, 2
, 47
, 128
, 35
, 140
, 99
, 76
, 122
, 53
, 70
, 105
, 159
, 16
, 1
, 174
, 40
, 135
, 55
, 120
, 88
, 87
, 41
, 134
, 28
, 147
, 118
, 57
, 8
, 167
, 127
, 48
, 47
, 128
, 41
, 134
, 93
, 82
, 63
, 112
, 22
, 153
, 107
, 68
, 94
, 81
, 13
, 162
, 16
, 159
, 116
, 59
, 149
, 26
, 4
, 171
, 28
, 147
, 10
, 165
, 141
, 34
, 6
, 169
, 44
, 131
, 142
, 33
, 149
, 26
, 61
, 114
, 12
, 163
, 38
, 137
, 16
, 159
, 169
, 6
, 128
, 47
, 157
, 18
, 48
, 127
, 12
, 163
, 146
, 29
, 119
, 56
, 30
, 145
, 121
, 54
, 151
, 24
, 150
, 25
, 46
, 129
, 108
, 67
, 83
, 92
, 16
, 159
, 145
, 30
, 170
, 5
, 113
, 62
, 92
, 83
, 160
, 15
, 3
, 172
, 26
, 149
, 108
, 67
, 165
, 10
, 109
, 66
, 48
, 127
, 37
, 138
, 18
, 157
, 26
, 149
, 70
, 105
, 17
, 158
, 167
, 8
, 37
, 138
, 31
, 144
, 43
, 132
, 21
, 154
, 100
, 75
, 166
, 9
, 163
, 12
, 101
, 74
, 90
, 85
, 85
, 90
, 77
, 98
, 111
, 64
, 61
, 114
, 121
, 54
, 89
, 86
, 171
, 4
, 163
, 12
, 164
, 11
, 25
, 150
, 140
, 35
, 72
, 103
, 168
, 7
, 87
, 88
, 130
, 45
, 72
, 103
, 20
, 155
, 163
, 12
, 121
, 54
, 102
, 73
, 95
, 80
, 9
, 166
, 81
, 94
, 146
, 29
, 107
, 68
, 130
, 45
, 23
, 152
, 95
, 80
, 23
, 152
, 109
, 66
, 17
, 158
, 43
, 132
, 110
, 65
, 162
, 13
, 125
, 50
, 66
, 109
, 100
, 75
, 37
, 138
, 137
, 38
, 97
, 78
, 7
, 168
, 150
, 25
, 81
, 94
, 51
, 124
, 138
, 37
, 54
, 121
, 51
, 124
, 1
, 174
, 5
, 170
, 137
, 38
, 117
, 58
, 133
, 42
, 50
, 125
, 142
, 33
, 12
, 163
, 139
, 36
, 85
, 90
, 47
, 128
, 70
, 105
, 6
, 169
, 58
, 117
, 67
, 108
, 128
, 47
, 2
, 173
, 97
, 78
, 151
, 24
, 59
, 116
, 59
, 116
, 4
, 171
, 138
, 37
, 32
, 143
, 107
, 68
, 17
, 158
, 82
, 93
, 23
, 152
, 40
, 135
, 90
, 85
, 31
, 144
, 52
, 123
, 133
, 42
, 134
, 41
, 136
, 39
, 93
, 82
, 57
, 118
, 140
, 35
, 49
, 126
, 26
, 149
, 28
, 147
, 82
, 93
, 46
, 129
, 45
, 130
, 70
, 105
, 33
, 142
, 117
, 58
, 157
, 18
, 133
, 42
, 72
, 103
, 58
, 117
, 161
, 14
, 65
, 110
, 13
, 162
, 86
, 89
, 1
, 174
, 136
, 39
, 45
, 130
, 107
, 68
, 95
, 80
, 8
, 167
, 62
, 113
, 72
, 103
, 42
, 133
, 161
, 14
, 106
, 69
, 23
, 152
, 41
, 134
, 13
, 162
, 71
, 104
, 111
, 64
, 145
, 30
, 39
, 136
, 27
, 148
, 85
, 90
, 110
, 65
, 100
, 75
, 159
, 16
, 79
, 96
, 143
, 32
, 31
, 144
, 124
, 51
, 12
, 163
, 131
, 44
, 141
, 34
, 123
, 52
, 155
, 20
, 65
, 110
, 152
, 23
, 97
, 78
, 20
, 155
, 166
, 9
, 170
, 5
, 19
, 156
, 105
, 70
, 93
, 82
, 60
, 115
, 105
, 70
, 124
, 51
, 115
, 60
, 51
, 124
, 93
, 82
, 162
, 13
, 86
, 89
, 104
, 71
, 51
, 124
, 105
, 70
, 113
, 62
, 71
, 104
, 55
, 120
, 139
, 36
, 6
, 169
, 95
, 80
, 115
, 60
, 99
, 76
, 120
, 55
, 22
, 153
, 84
, 91
, 5
, 170
, 81
, 94
, 123
, 52
, 99
, 76
, 126
, 49
, 153
, 22
, 128
, 47
, 151
, 24
, 87
, 88
, 164
, 11
, 44
, 131
, 59
, 116
, 159
, 16
, 65
, 110
, 116
, 59
, 96
, 79
, 31
, 144
, 20
, 155
, 129
, 46
, 96
, 79
, 58
, 117
, 173
, 2
, 97
, 78
, 23
, 152
, 63
, 112
, 108
, 67
, 117
, 58
, 129
, 46
, 10
, 165
, 99
, 76
, 82
, 93
, 43
, 132
, 143
, 32
, 151
, 24
, 112
, 63
, 75
, 100
, 112
, 63
, 73
, 102
, 45
, 130
, 55
, 120
, 91
, 84
, 101
, 74
, 108
, 67
, 129
, 46
, 34
, 141
, 120
, 55
, 42
, 133
, 37
, 138
, 91
, 84
, 97
, 78
, 96
, 79
, 156
, 19
, 106
, 69
, 98
, 77
, 169
, 6
, 82
, 93
, 173
, 2
, 61
, 114
, 37
, 138
, 34
, 141
, 107
, 68
, 23
, 152
, 136
, 39
, 39
, 136
, 3
, 172
, 78
, 97
, 43
, 132
, 111
, 64
, 114
, 61
, 143
, 32
, 50
, 125
, 161
, 14
, 151
, 24
, 131
, 44
, 62
, 113
, 55
, 120
, 115
, 60
, 144
, 31
, 110
, 65
, 42
, 133
, 125
, 50
, 131
, 44
, 84
, 91
, 69
, 106
, 71
, 104
, 37
, 138
, 32
, 143
, 18
, 157
, 48
, 127
, 93
, 82
, 38
, 137
, 39
, 136
, 29
, 146
, 137
, 38
, 46
, 129
, 141
, 34
, 123
, 52
, 168
, 7
, 24
, 151
, 43
, 132
, 109
, 66
, 24
, 151
, 30
, 145
, 104
, 71
, 141
, 34
, 131
, 44
, 146
, 29
, 155
, 20
, 101
, 74
, 3
, 172
, 160
, 15
, 51
, 124
, 16
, 159
, 45
, 130
, 117
, 58
, 117
, 58
, 118
, 57
, 7
, 168
, 157
, 18
, 58
, 117
, 104
, 71
, 73
, 102
, 19
, 156
, 112
, 63
, 123
, 52
, 135
, 40
, 31
, 144
, 173
, 2
, 100
, 75
, 36
, 139
, 40
, 135
, 146
, 29
, 69
, 106
, 35
, 140
, 135
, 40
, 122
, 53
, 10
, 165
, 38
, 137
, 8
, 167
, 166
, 9
, 84
, 91
, 97
, 78
, 75
, 100
, 94
, 81
, 84
, 91
, 120
, 55
, 119
, 56
, 44
, 131
, 59
, 116
, 134
, 41
, 1
, 174
, 51
, 124
, 17
, 158
, 41
, 134
, 107
, 68
, 27
, 148
, 60
, 115
, 38
, 137
, 161
, 14
, 136
, 39
, 154
, 21
, 61
, 114
, 42
, 133
, 112
, 63
, 166
, 9
, 88
, 87
, 84
, 91
, 62
, 113
, 95
, 80
, 33
, 142
, 52
, 123
, 56
, 119
, 27
, 148
, 134
, 41
, 128
, 47
, 144
, 31
, 67
, 108
, 169
, 6
, 18
, 157
, 157
, 18
, 84
, 91
, 18
, 157
, 64
, 111
, 125
, 50
, 114
, 61
, 40
, 135
, 1
, 174
, 68
, 107
, 41
, 134
, 71
, 104
, 75
, 100
, 117
, 58
, 23
, 152
, 108
, 67
, 123
, 52
, 72
, 103
, 96
, 79
, 84
, 91
, 144
, 31
, 18
, 157
, 133
, 42
, 34
, 141
, 82
, 93
, 21
, 154
, 48
, 127
, 61
, 114
, 16
, 159
, 167
, 8
, 133
, 42
, 150
, 25
, 65
, 110
, 8
, 167
, 19
, 156
, 141
, 34
, 136
, 39
, 75
, 100
, 137
, 38
, 22
, 153
, 47
, 128
, 72
, 103
, 56
, 119
, 115
, 60
, 162
, 13
, 66
, 109
, 60
, 115
, 46
, 129
, 151
, 24
, 171
, 4
, 60
, 115
, 114
, 61
, 160
, 15
, 42
, 133
, 167
, 8
, 29
, 146
, 106
, 69
, 35
, 140
, 138
, 37
, 118
, 57
, 48
, 127
, 93
, 82
, 119
, 56
, 129
, 46
, 61
, 114
, 128
, 47
, 155
, 20
, 164
, 11
, 171
, 4
, 68
, 107
, 5
, 170
, 56
, 119
, 80
, 95
, 119
, 56
, 50
, 125
, 50
, 125
, 116
, 59
, 24
, 151
, 94
, 81
, 148
, 27
, 81
, 94
, 83
, 92
, 71
, 104
, 38
, 137
, 96
, 79
, 47
, 128
, 41
, 134
, 45
, 130
, 120
, 55
, 23
, 152
, 158
, 17
, 50
, 125
, 65
, 110
, 129
, 46
, 54
, 121
, 117
, 58
, 138
, 37
, 144
, 31
, 107
, 68
, 104
, 71
, 40
, 135
, 148
, 27
, 1
, 174
, 96
, 79
, 106
, 69
, 11
, 164
, 8
, 167
, 149
, 26
, 82
, 93
, 26
, 149
, 80
, 95
, 41
, 134
, 99
, 76
, 117
, 58
, 57
, 118
, 97
, 78
, 99
, 76
, 73
, 102
, 133
, 42
, 33
, 142
, 51
, 124
, 57
, 118
, 96
, 79
, 28
, 147
, 34
, 141
, 30
, 145
, 32
, 143
, 77
, 98
, 33
, 142
, 17
, 158
, 84
, 91
, 5
, 170
, 19
, 156
, 82
, 93
, 76
, 99
, 124
, 51
, 58
, 117
, 130
, 45
, 117
, 58
, 48
, 127
, 128
, 47
, 38
, 137
, 27
, 148
, 31
, 144
, 37
, 138
, 41
, 134
, 9
, 166
, 85
, 90
, 147
, 28
, 9
, 166
, 86
, 89
, 86
, 89
, 141
, 34
, 80
, 95
, 162
, 13
, 27
, 148
, 36
, 139
, 102
, 73
, 113
, 62
, 32
, 143
, 44
, 131
, 49
, 126
, 133
, 42
, 54
, 121
, 53
, 122
, 64
, 111
, 124
, 51
, 135
, 40
, 146
, 29
, 73
, 102
, 102
, 73
, 147
, 28
, 64
, 111
, 116
, 59
, 61
, 114
, 155
, 20
, 159
, 16
, 86
, 89
, 26
, 149
, 154
, 21
, 42
, 133
, 152
, 23
, 118
, 57
, 100
, 75
, 111
, 64
, 50
, 125
, 81
, 94
, 122
, 53
, 127
, 48
, 157
, 18
, 112
, 63
, 124
, 51
, 10
, 165
, 24
, 151
, 158
, 17
, 20
, 155
, 122
, 53
, 106
, 69
, 37
, 138
, 155
, 20
, 62
, 113
, 53
, 122
, 81
, 94
, 85
, 90
, 96
, 79
, 102
, 73
, 123
, 52
, 40
, 135
, 135
, 40
, 154
, 21
, 112
, 63
, 10
, 165
, 45
, 130
, 120
, 55
, 8
, 167
, 132
, 43
, 127
, 48
, 36
, 139
, 43
, 132
, 97
, 78
, 129
, 46
, 133
, 42
, 8
, 167
, 87
, 88
, 99
, 76
, 68
, 107
, 157
, 18
, 154
, 21
, 54
, 121
, 124
, 51
, 18
, 157
, 148
, 27
, 149
, 26
, 21
, 154
, 87
, 88
, 12
, 163
, 74
, 101
, 129
, 46
, 117
, 58
, 163
, 12
, 23
, 152
, 87
, 88
, 154
, 21
, 54
, 121
, 28
, 147
, 170
, 5
, 52
, 123
, 156
, 19
, 143
, 32
, 42
, 133
, 76
, 99
, 113
, 62
, 155
, 20
, 146
, 29
, 7
, 168
, 15
, 160
, 11
, 164
, 37
, 138
, 36
, 139
, 77
, 98
, 150
, 25
, 101
, 74
, 171
, 4
, 49
, 126
, 70
, 105
, 51
, 124
, 118
, 57
, 137
, 38
, 141
, 34
, 44
, 131
, 11
, 164
, 118
, 57
, 66
, 109
, 132
, 43
, 142
, 33
, 136
, 39
, 39
, 136
, 44
, 131
, 156
, 19
, 92
, 83
, 33
, 142
, 22
, 153
, 157
, 18
, 103
, 72
, 19
, 156
, 3
, 172
, 129
, 46
, 151
, 24
, 159
, 16
, 41
, 134
, 129
, 46
, 76
, 99
, 98
, 77
, 18
, 157
, 47
, 128
, 105
, 70
, 53
, 122
, 75
, 100
, 16
, 159
, 155
, 20
, 87
, 88
, 144
, 31
, 122
, 53
, 166
, 9
, 34
, 141
, 81
, 94
, 28
, 147
, 19
, 156
, 11
, 164
, 148
, 27
, 119
, 56
, 85
, 90
, 119
, 56
, 20
, 155
, 114
, 61
, 167
, 8
, 158
, 17
, 44
, 131
, 113
, 62
, 171
, 4
, 151
, 24
, 61
, 114
, 173
, 2
, 18
, 157
, 50
, 125
, 30
, 145
, 114
, 61
, 154
, 21
, 121
, 54
, 97
, 78
, 154
, 21
, 28
, 147
, 81
, 94
, 45
, 130
, 159
, 16
, 131
, 44
, 164
, 11
, 102
, 73
, 118
, 57
, 150
, 25
, 58
, 117
, 167
, 8
, 150
, 25
, 87
, 88
, 88
, 87
, 78
, 97
, 83
, 92
, 128
, 47
, 167
, 8
, 126
, 49
, 60
, 115
, 37
, 138
, 37
, 138
, 100
, 75
, 109
, 66
, 18
, 157
, 82
, 93
, 45
, 130
, 88
, 87
, 85
, 90
, 116
, 59
, 168
, 7
, 105
, 70
, 172
, 3
, 119
, 56
, 135
, 40
, 115
, 60
, 125
, 50
, 141
, 34
, 77
, 98
, 53
, 122
, 47
, 128
, 98
, 77
, 94
, 81
, 94
, 81
, 102
, 73
, 55
, 120
, 166
, 9
, 29
, 146
, 19
, 156
, 167
, 8
, 20
, 155
, 21
, 154
, 115
, 60
, 100
, 75
, 127
, 48
, 30
, 145
, 45
, 130
, 160
, 15
, 95
, 80
, 147
, 28
, 55
, 120
, 117
, 58
, 99
, 76
, 27
, 148
, 24
, 151
, 101
, 74
, 105
, 70
, 13
, 162
, 135
, 40
, 167
, 8
, 54
, 121
, 60
, 115
, 41
, 134
, 133
, 42
, 8
, 167
, 144
, 31
, 149
, 26
, 138
, 37
, 153
, 22
, 4
, 171
, 97
, 78
, 169
, 6
, 39
, 136
, 55
, 120
, 97
, 78
, 53
, 122
, 128
, 47
, 57
, 118
, 158
, 17
, 138
, 37
, 111
, 64
, 80
, 95
, 135
, 40
, 42
, 133
, 22
, 153
, 82
, 93
, 8
, 167
, 96
, 79
, 123
, 52
, 141
, 34
, 38
, 137
, 34
, 141
, 47
, 128
, 157
, 18
, 167
, 8
, 147
, 28
, 81
, 94
, 47
, 128
, 59
, 116
, 110
, 65
, 114
, 61
, 137
, 38
, 141
, 34
, 30
, 145
, 163
, 12
, 109
, 66
, 120
, 55
, 152
, 23
, 11
, 164
, 130
, 45
, 44
, 131
, 85
, 90
, 93
, 82
, 94
, 81
, 150
, 25
, 51
, 124
, 127
, 48
, 38
, 137
, 167
, 8
, 37
, 138
, 106
, 69
, 27
, 148
, 90
, 85
, 1
, 174
, 162
, 13
, 170
, 5
, 34
, 141
, 85
, 90
, 129
, 46
, 58
, 117
, 73
, 102
, 21
, 154
, 8
, 167
, 145
, 30
, 61
, 114
, 132
, 43
, 103
, 72
, 43
, 132
, 32
, 143
, 140
, 35
, 97
, 78
, 97
, 78
, 123
, 52
, 108
, 67
, 22
, 153
, 58
, 117
, 156
, 19
, 32
, 143
, 160
, 15
, 127
, 48
, 31
, 144
, 102
, 73
, 85
, 90
, 49
, 126
, 152
, 23
, 139
, 36
, 8
, 167
, 154
, 21
, 19
, 156
, 4
, 171
, 167
, 8
, 55
, 120
, 165
, 10
, 106
, 69
, 140
, 35
, 160
, 15
, 165
, 10
, 131
, 44
, 135
, 40
, 25
, 150
, 173
, 2
, 148
, 27
, 49
, 126
, 79
, 96
, 106
, 69
, 170
, 5
, 111
, 64
, 20
, 155
, 172
, 3
, 81
, 94
, 36
, 139
, 149
, 26
, 59
, 116
, 173
, 2
, 66
, 109
, 115
, 60
, 148
, 27
, 127
, 48
, 152
, 23
, 75
, 100
, 50
, 125
, 53
, 122
, 144
, 31
, 19
, 156
, 16
, 159
, 109
, 66
, 38
, 137
, 46
, 129
, 66
, 109
, 2
, 173
, 164
, 11
, 167
, 8
, 118
, 57
, 103
, 72
, 149
, 26
, 65
, 110
, 112
, 63
, 94
, 81
, 160
, 15
, 170
, 5
, 79
, 96
, 33
, 142
, 6
, 169
, 85
, 90
, 22
, 153
, 137
, 38
, 170
, 5
, 169
, 6
, 150
, 25
, 156
, 19
, 21
, 154
, 40
, 135
, 41
, 134
, 134
, 41
, 95
, 80
, 16
, 159
, 99
, 76
, 48
, 127
, 34
, 141
, 88
, 87
, 104
, 71
, 2
, 173
, 169
, 6
, 60
, 115
, 9
, 166
, 130
, 45
, 16
, 159
, 74
, 101
, 143
, 32
, 142
, 33
, 84
, 91
, 95
, 80
, 117
, 58
, 148
, 27
, 86
, 89
, 120
, 55
, 137
, 38
, 50
, 125
, 79
, 96
, 71
, 104
, 54
, 121
, 142
, 33
, 83
, 92
, 94
, 81
, 37
, 138
, 150
, 25
, 164
, 11
, 171
, 4
, 38
, 137
, 45
, 130
, 26
, 149
, 96
, 79
, 69
, 106
, 110
, 65
, 67
, 108
, 168
, 7
, 48
, 127
, 102
, 73
, 10
, 165
, 166
, 9
, 109
, 66
, 97
, 78
, 97
, 78
, 91
, 84
, 120
, 55
, 40
, 135
, 55
, 120
, 102
, 73
, 158
, 17
, 76
, 99
, 23
, 152
, 59
, 116
, 46
, 129
, 131
, 44
, 47
, 128
, 131
, 44
, 159
, 16
, 37
, 138
, 144
, 31
, 148
, 27
, 83
, 92
, 46
, 129
, 14
, 161
, 4
, 171
, 158
, 17
, 94
, 81
, 147
, 28
, 55
, 120
, 140
, 35
, 140
, 35
, 54
, 121
, 56
, 119
, 55
, 120
, 109
, 66
, 3
, 172
, 170
, 5
, 171
, 4
, 115
, 60
, 121
, 54
, 42
, 133
, 101
, 74
, 15
, 160
, 3
, 172
, 111
, 64
, 73
, 102
, 4
, 171
, 142
, 33
, 136
, 39
, 75
, 100
, 135
, 40
, 67
, 108
, 167
, 8
, 124
, 51
, 67
, 108
, 163
, 12
, 100
, 75
, 67
, 108
, 34
, 141
, 166
, 9
, 145
, 30
, 81
, 94
, 55
, 120
, 140
, 35
, 102
, 73
, 27
, 148
, 128
, 47
, 68
, 107
, 90
, 85
, 108
, 67
, 146
, 29
, 145
, 30
, 23
, 152
, 82
, 93
, 73
, 102
, 139
, 36
, 114
, 61
, 151
, 24
, 34
, 141
, 18
, 157
, 82
, 93
, 44
, 131
, 106
, 69
, 54
, 121
, 163
, 12
, 7
, 168
, 155
, 20
, 5
, 170
, 53
, 122
, 163
, 12
, 14
, 161
, 105
, 70
, 83
, 92
, 134
, 41
, 135
, 40
, 74
, 101
, 71
, 104
, 145
, 30
, 157
, 18
, 2
, 173
, 56
, 119
, 96
, 79
, 3
, 172
, 68
, 107
, 128
, 47
, 89
, 86
, 145
, 30
, 92
, 83
, 45
, 130
, 46
, 129
, 163
, 12
, 51
, 124
, 69
, 106
, 96
, 79
, 48
, 127
, 49
, 126
, 77
, 98
, 161
, 14
, 136
, 39
, 33
, 142
, 87
, 88
, 46
, 129
, 14
, 161
, 51
, 124
, 73
, 102
, 41
, 134
, 141
, 34
, 1
, 174
, 134
, 41
, 138
, 37
, 80
, 95
, 154
, 21
, 35
, 140
, 24
, 151
, 90
, 85
, 20
, 155
, 15
, 160
, 86
, 89
, 164
, 11
, 74
, 101
, 121
, 54
, 97
, 78
, 25
, 150
, 169
, 6
, 169
, 6
, 24
, 151
, 12
, 163
, 150
, 25
, 13
, 162
, 122
, 53
, 131
, 44
, 61
, 114
, 42
, 133
, 68
, 107
, 116
, 59
, 144
, 31
, 53
, 122
, 11
, 164
, 134
, 41
, 25
, 150
, 76
, 99
, 170
, 5
, 91
, 84
, 140
, 35
, 64
, 111
, 41
, 134
, 66
, 109
, 64
, 111
, 172
, 3
, 81
, 94
, 115
, 60
, 131
, 44
, 119
, 56
, 128
, 47
, 13
, 162
, 13
, 162
, 46
, 129
, 76
, 99
, 63
, 112
, 153
, 22
, 64
, 111
, 123
, 52
, 57
, 118
, 82
, 93
, 70
, 105
, 50
, 125
, 110
, 65
, 163
, 12
, 104
, 71
, 4
, 171
, 37
, 138
, 113
, 62
, 147
, 28
, 73
, 102
, 141
, 34
, 85
, 90
, 67
, 108
, 18
, 157
, 47
, 128
, 163
, 12
, 3
, 172
, 23
, 152
, 10
, 165
, 52
, 123
, 11
, 164
, 109
, 66
, 80
, 95
, 54
, 121
, 90
, 85
, 168
, 7
, 66
, 109
, 32
, 143
, 48
, 127
, 38
, 137
, 73
, 102
, 41
, 134
, 14
, 161
, 19
, 156
, 160
, 15
, 50
, 125
, 112
, 63
, 131
, 44
, 8
, 167
, 63
, 112
, 20
, 155
, 134
, 41
, 97
, 78
, 152
, 23
, 86
, 89
, 134
, 41
, 115
, 60
, 28
, 147
, 72
, 103
, 113
, 62
, 170
, 5
, 70
, 105
, 158
, 17
, 79
, 96
, 1
, 174
, 103
, 72
, 70
, 105
, 122
, 53
, 113
, 62
, 167
, 8
, 59
, 116
, 13
, 162
, 142
, 33
, 168
, 7
, 136
, 39
, 65
, 110
, 17
, 158
, 141
, 34
, 23
, 152
, 124
, 51
, 17
, 158
, 9
, 166
, 58
, 117
, 45
, 130
, 39
, 136
, 28
, 147
, 74
, 101
, 113
, 62
, 150
, 25
, 91
, 84
, 141
, 34
, 161
, 14
, 169
, 6
, 72
, 103
, 97
, 78
, 112
, 63
, 77
, 98
, 153
, 22
, 22
, 153
, 152
, 23
, 95
, 80
, 161
, 14
, 12
, 163
, 120
, 55
, 133
, 42
, 159
, 16
, 10
, 165
, 70
, 105
, 51
, 124
, 76
, 99
, 110
, 65
, 150
, 25
, 120
, 55
, 16
, 159
, 162
, 13
, 98
, 77
, 107
, 68
, 165
, 10
, 107
, 68
, 53
, 122
, 98
, 77
, 13
, 162
, 92
, 83
, 107
, 68
, 101
, 74
, 104
, 71
, 139
, 36
, 51
, 124
, 85
, 90
, 121
, 54
, 127
, 48
, 80
, 95
, 115
, 60
, 117
, 58
, 122
, 53
, 171
, 4
, 110
, 65
, 40
, 135
, 1
, 174
, 141
, 34
, 133
, 42
, 150
, 25
, 108
, 67
, 23
, 152
, 45
, 130
, 94
, 81
, 152
, 23
, 159
, 16
, 79
, 96
, 26
, 149
, 14
, 161
, 77
, 98
, 101
, 74
, 93
, 82
, 45
, 130
, 49
, 126
, 168
, 7
, 21
, 154
, 66
, 109
, 74
, 101
, 114
, 61
, 7
, 168
, 31
, 144
, 19
, 156
, 3
, 172
, 66
, 109
, 50
, 125
, 88
, 87
, 165
, 10
, 132
, 43
, 127
, 48
, 49
, 126
, 157
, 18
, 97
, 78
, 18
, 157
, 151
, 24
, 32
, 143
, 27
, 148
, 139
, 36
, 128
, 47
, 29
, 146
, 170
, 5
, 118
, 57
, 81
, 94
, 163
, 12
, 5
, 170
, 132
, 43
, 29
, 146
, 11
, 164
, 36
, 139
, 36
, 139
, 43
, 132
, 121
, 54
, 104
, 71
, 66
, 109
, 26
, 149
, 18
, 157
, 143
, 32
, 114
, 61
, 156
, 19
, 87
, 88
, 126
, 49
, 27
, 148
, 146
, 29
, 165
, 10
, 133
, 42
, 90
, 85
, 5
, 170
, 86
, 89
, 137
, 38
, 123
, 52
, 160
, 15
, 10
, 165
, 19
, 156
, 76
, 99
, 81
, 94
, 88
, 87
, 54
, 121
, 106
, 69
, 110
, 65
, 87
, 88
, 40
, 135
, 6
, 169
, 8
, 167
, 173
, 2
, 6
, 169
, 87
, 88
, 135
, 40
, 143
, 32
, 168
, 7
, 140
, 35
, 13
, 162
, 23
, 152
, 9
, 166
, 96
, 79
, 42
, 133
, 81
, 94
, 149
, 26
, 111
, 64
, 101
, 74
, 104
, 71
, 103
, 72
, 129
, 46
, 67
, 108
, 153
, 22
, 77
, 98
, 90
, 85
, 27
, 148
, 37
, 138
, 2
, 173
, 33
, 142
, 33
, 142
, 156
, 19
, 127
, 48
, 118
, 57
, 57
, 118
, 23
, 152
, 81
, 94
, 116
, 59
, 102
, 73
, 27
, 148
, 167
, 8
, 137
, 38
, 110
, 65
, 104
, 71
, 151
, 24
, 79
, 96
, 30
, 145
, 19
, 156
, 95
, 80
, 153
, 22
, 46
, 129
, 113
, 62
, 10
, 165
, 119
, 56
, 130
, 45
, 151
, 24
, 121
, 54
, 102
, 73
, 57
, 118
, 158
, 17
, 1
, 174
, 89
, 86
, 64
, 111
, 1
, 174
, 75
, 100
, 95
, 80
, 29
, 146
, 45
, 130
, 4
, 171
, 124
, 51
, 153
, 22
, 127
, 48
, 63
, 112
, 31
, 144
, 116
, 59
, 47
, 128
, 49
, 126
, 48
, 127
, 125
, 50
, 34
, 141
, 118
, 57
, 6
, 169
, 19
, 156
, 75
, 100
, 116
, 59
, 69
, 106
, 49
, 126
, 32
, 143
, 109
, 66
, 67
, 108
, 133
, 42
, 117
, 58
, 59
, 116
, 68
, 107
, 93
, 82
, 103
, 72
, 150
, 25
, 10
, 165
, 10
, 165
, 95
, 80
, 82
, 93
, 36
, 139
, 120
, 55
, 49
, 126
, 3
, 172
, 166
, 9
, 75
, 100
, 36
, 139
, 121
, 54
, 38
, 137
, 9
, 166
, 105
, 70
, 2
, 173
, 39
, 136
, 20
, 155
, 42
, 133
, 78
, 97
, 170
, 5
, 106
, 69
, 118
, 57
, 146
, 29
, 37
, 138
, 61
, 114
, 79
, 96
, 83
, 92
, 126
, 49
, 107
, 68
, 80
, 95
, 102
, 73
, 3
, 172
, 80
, 95
, 101
, 74
, 122
, 53
, 56
, 119
, 15
, 160
, 159
, 16
, 84
, 91
, 150
, 25
, 96
, 79
, 48
, 127
, 54
, 121
, 54
, 121
, 165
, 10
, 68
, 107
, 77
, 98
, 1
, 174
, 161
, 14
, 57
, 118
, 52
, 123
, 147
, 28
, 124
, 51
, 108
, 67
, 119
, 56
, 121
, 54
, 141
, 34
, 165
, 10
, 112
, 63
, 153
, 22
, 39
, 136
, 56
, 119
, 42
, 133
, 128
, 47
, 27
, 148
, 43
, 132
, 159
, 16
, 110
, 65
, 62
, 113
, 109
, 66
, 21
, 154
, 156
, 19
, 131
, 44
, 19
, 156
, 173
, 2
, 150
, 25
, 91
, 84
, 125
, 50
, 122
, 53
, 161
, 14
, 31
, 144
, 61
, 114
, 38
, 137
, 157
, 18
, 9
, 166
, 84
, 91
, 135
, 40
, 23
, 152
, 9
, 166
, 54
, 121
, 138
, 37
, 148
, 27
, 144
, 31
, 34
, 141
, 30
, 145
, 169
, 6
, 102
, 73
, 25
, 150
, 131
, 44
, 149
, 26
, 37
, 138
, 7
, 168
, 154
, 21
, 121
, 54
, 72
, 103
, 18
, 157
, 109
, 66
, 76
, 99
, 162
, 13
, 84
, 91
, 139
, 36
, 107
, 68
, 32
, 143
, 157
, 18
, 13
, 162
, 43
, 132
, 143
, 32
, 113
, 62
, 76
, 99
, 71
, 104
, 62
, 113
, 68
, 107
, 76
, 99
, 126
, 49
, 19
, 156
, 140
, 35
, 9
, 166
, 156
, 19
, 169
, 6
, 13
, 162
, 11
, 164
, 30
, 145
, 37
, 138
, 56
, 119
, 27
, 148
, 78
, 97
, 142
, 33
, 84
, 91
, 72
, 103
, 132
, 43
, 124
, 51
, 118
, 57
, 164
, 11
, 126
, 49
, 114
, 61
, 49
, 126
, 40
, 135
, 61
, 114
, 67
, 108
, 36
, 139
, 55
, 120
, 123
, 52
, 69
, 106
, 165
, 10
, 156
, 19
, 35
, 140
, 50
, 125
, 80
, 95
, 117
, 58
, 102
, 73
, 171
, 4
, 7
, 168
, 119
, 56
, 78
, 97
, 140
, 35
, 33
, 142
, 19
, 156
, 76
, 99
, 61
, 114
, 92
, 83
, 134
, 41
, 160
, 15
, 146
, 29
, 151
, 24
, 163
, 12
, 16
, 159
, 59
, 116
, 157
, 18
, 41
, 134
, 11
, 164
, 89
, 86
, 8
, 167
, 20
, 155
, 91
, 84
, 158
, 17
, 97
, 78
, 3
, 172
, 97
, 78
, 38
, 137
, 7
, 168
, 122
, 53
, 23
, 152
, 11
, 164
, 83
, 92
, 71
, 104
, 144
, 31
, 13
, 162
, 144
, 31
, 129
, 46
, 91
, 84
, 15
, 160
, 23
, 152
, 70
, 105
, 143
, 32
, 119
, 56
, 170
, 5
, 131
, 44
, 23
, 152
, 60
, 115
, 98
, 77
, 127
, 48
, 114
, 61
, 116
, 59
, 33
, 142
, 72
, 103
, 151
, 24
, 131
, 44
, 26
, 149
, 102
, 73
, 2
, 173
, 106
, 69
, 30
, 145
, 68
, 107
, 50
, 125
, 17
, 158
, 18
, 157
, 40
, 135
, 84
, 91
, 70
, 105
, 72
, 103
, 92
, 83
, 17
, 158
, 173
, 2
, 76
, 99
, 125
, 50
, 54
, 121
, 147
, 28
, 61
, 114
, 89
, 86
, 160
, 15
, 14
, 161
, 137
, 38
, 152
, 23
, 38
, 137
, 90
, 85
, 52
, 123
, 109
, 66
, 54
, 121
, 40
, 135
, 158
, 17
, 12
, 163
, 9
, 166
, 162
, 13
, 21
, 154
, 55
, 120
, 65
, 110
, 21
, 154
, 68
, 107
, 130
, 45
, 94
, 81
, 41
, 134
, 149
, 26
, 22
, 153
, 27
, 148
, 35
, 140
, 115
, 60
, 101
, 74
, 157
, 18
, 16
, 159
, 47
, 128
, 56
, 119
, 95
, 80
, 101
, 74
, 64
, 111
, 143
, 32
, 21
, 154
, 109
, 66
, 102
, 73
, 100
, 75
, 99
, 76
, 61
, 114
, 21
, 154
, 87
, 88
, 102
, 73
, 122
, 53
, 100
, 75
, 138
, 37
, 68
, 107
, 69
, 106
, 102
, 73
, 27
, 148
, 123
, 52
, 99
, 76
, 100
, 75
, 32
, 143
, 117
, 58
, 68
, 107
, 11
, 164
, 93
, 82
, 79
, 96
, 128
, 47
, 29
, 146
, 65
, 110
, 58
, 117
, 157
, 18
, 46
, 129
, 67
, 108
, 98
, 77
, 5
, 170
, 115
, 60
, 33
, 142
, 142
, 33
, 56
, 119
, 35
, 140
, 14
, 161
, 146
, 29
, 110
, 65
, 114
, 61
, 120
, 55
, 24
, 151
, 66
, 109
, 141
, 34
, 15
, 160
, 17
, 158
, 150
, 25
, 143
, 32
, 69
, 106
, 7
, 168
, 49
, 126
, 141
, 34
, 34
, 141
, 118
, 57
, 60
, 115
, 125
, 50
, 66
, 109
, 24
, 151
, 71
, 104
, 147
, 28
, 15
, 160
, 147
, 28
, 107
, 68
, 117
, 58
, 148
, 27
, 98
, 77
, 36
, 139
, 97
, 78
, 23
, 152
, 113
, 62
, 82
, 93
, 39
, 136
, 40
, 135
, 19
, 156
, 163
, 12
, 15
, 160
, 124
, 51
, 150
, 25
, 117
, 58
, 74
, 101
, 121
, 54
, 75
, 100
, 20
, 155
, 27
, 148
, 73
, 102
, 31
, 144
, 5
, 170
, 119
, 56
, 69
, 106
, 126
, 49
, 25
, 150
, 53
, 122
, 153
, 22
, 10
, 165
, 95
, 80
, 92
, 83
, 15
, 160
, 83
, 92
, 167
, 8
, 106
, 69
, 116
, 59
, 40
, 135
, 1
, 174
, 30
, 145
, 8
, 167
, 26
, 149
, 107
, 68
, 71
, 104
, 147
, 28
, 51
, 124
, 73
, 102
, 122
, 53
, 37
, 138
, 7
, 168
, 104
, 71
, 142
, 33
, 83
, 92
, 84
, 91
, 19
, 156
, 113
, 62
, 75
, 100
, 18
, 157
, 33
, 142
, 42
, 133
, 120
, 55
, 89
, 86
, 61
, 114
, 65
, 110
, 151
, 24
, 80
, 95
, 89
, 86
, 28
, 147
, 7
, 168
, 76
, 99
, 160
, 15
, 13
, 162
, 163
, 12
, 127
, 48
, 92
, 83
, 84
, 91
, 148
, 27
, 147
, 28
, 96
, 79
, 77
, 98
, 98
, 77
, 128
, 47
, 76
, 99
, 159
, 16
, 127
, 48
, 163
, 12
, 26
, 149
, 118
, 57
, 58
, 117
, 145
, 30
, 45
, 130
, 141
, 34
, 136
, 39
, 8
, 167
, 171
, 4
, 59
, 116
, 129
, 46
, 137
, 38
, 74
, 101
, 56
, 119
, 146
, 29
, 57
, 118
, 139
, 36
, 70
, 105
, 57
, 118
, 36
, 139
, 119
, 56
, 140
, 35
, 127
, 48
, 149
, 26
, 48
, 127
, 25
, 150
, 20
, 155
, 121
, 54
, 68
, 107
, 107
, 68
, 162
, 13
, 65
, 110
, 156
, 19
, 162
, 13
, 122
, 53
, 102
, 73
, 51
, 124
, 113
, 62
, 153
, 22
, 70
, 105
, 59
, 116
, 105
, 70
, 71
, 104
, 60
, 115
, 91
, 84
, 127
, 48
, 18
, 157
, 149
, 26
, 113
, 62
, 154
, 21
, 34
, 141
, 150
, 25
, 164
, 11
, 170
, 5
, 79
, 96
, 99
, 76
, 86
, 89
, 14
, 161
, 91
, 84
, 64
, 111
, 37
, 138
, 119
, 56
, 96
, 79
, 114
, 61
, 36
, 139
, 139
, 36
, 108
, 67
, 110
, 65
, 167
, 8
, 83
, 92
, 10
, 165
, 86
, 89
, 82
, 93
, 105
, 70
, 129
, 46
, 18
, 157
, 169
, 6
, 147
, 28
, 47
, 128
, 44
, 131
, 9
, 166
, 138
, 37
, 27
, 148
, 14
, 161
, 30
, 145
, 71
, 104
, 53
, 122
, 111
, 64
, 159
, 16
, 128
, 47
, 14
, 161
, 121
, 54
, 109
, 66
, 52
, 123
, 4
, 171
, 159
, 16
, 52
, 123
, 30
, 145
, 77
, 98
, 3
, 172
, 2
, 173
, 86
, 89
, 41
, 134
, 8
, 167
, 26
, 149
, 103
, 72
, 164
, 11
, 134
, 41
, 81
, 94
, 154
, 21
, 49
, 126
, 158
, 17
, 35
, 140
, 26
, 149
, 165
, 10
, 52
, 123
, 172
, 3
, 116
, 59
, 166
, 9
, 99
, 76
, 144
, 31
, 6
, 169
, 101
, 74
, 137
, 38
, 151
, 24
, 1
, 174
, 126
, 49
, 38
, 137
, 105
, 70
, 78
, 97
, 113
, 62
, 64
, 111
, 56
, 119
, 119
, 56
, 54
, 121
, 165
, 10
, 131
, 44
, 65
, 110
, 86
, 89
, 149
, 26
, 127
, 48
, 40
, 135
, 74
, 101
, 65
, 110
, 103
, 72
, 136
, 39
, 145
, 30
, 98
, 77
, 75
, 100
, 43
, 132
, 164
, 11
, 158
, 17
, 61
, 114
, 97
, 78
, 92
, 83
, 133
, 42
, 96
, 79
, 101
, 74
, 162
, 13
, 21
, 154
, 112
, 63
, 158
, 17
, 22
, 153
, 71
, 104
, 151
, 24
, 17
, 158
, 127
, 48
, 85
, 90
, 144
, 31
, 171
, 4
, 6
, 169
, 53
, 122
, 16
, 159
, 96
, 79
, 42
, 133
, 168
, 7
, 148
, 27
, 58
, 117
, 170
, 5
, 8
, 167
, 90
, 85
, 82
, 93
, 42
, 133
, 23
, 152
, 75
, 100
, 45
, 130
, 20
, 155
, 167
, 8
, 134
, 41
, 81
, 94
, 47
, 128
, 162
, 13
, 106
, 69
, 98
, 77
, 153
, 22
, 64
, 111
, 161
, 14
, 148
, 27
, 92
, 83
, 95
, 80
, 41
, 134
, 104
, 71
, 11
, 164
, 59
, 116
, 67
, 108
, 4
, 171
, 12
, 163
, 70
, 105
, 45
, 130
, 30
, 145
, 55
, 120
, 31
, 144
, 42
, 133
, 75
, 100
, 127
, 48
, 67
, 108
, 52
, 123
, 115
, 60
, 65
, 110
, 45
, 130
, 31
, 144
, 28
, 147
, 164
, 11
, 157
, 18
, 131
, 44
, 79
, 96
, 37
, 138
, 102
, 73
, 169
, 6
, 66
, 109
, 145
, 30
, 118
, 57
, 154
, 21
, 103
, 72
, 61
, 114
, 90
, 85
, 152
, 23
, 78
, 97
, 17
, 158
, 96
, 79
, 112
, 63
, 45
, 130
, 47
, 128
, 112
, 63
, 117
, 58
, 9
, 166
, 90
, 85
, 52
, 123
, 160
, 15
, 48
, 127
, 158
, 17
, 83
, 92
, 164
, 11
, 153
, 22
, 119
, 56
, 28
, 147
, 9
, 166
, 145
, 30
, 52
, 123
, 13
, 162
, 135
, 40
, 101
, 74
, 28
, 147
, 26
, 149
, 38
, 137
, 95
, 80
, 80
, 95
, 50
, 125
, 56
, 119
, 86
, 89
, 25
, 150
, 10
, 165
, 44
, 131
, 10
, 165
, 136
, 39
, 164
, 11
, 105
, 70
, 165
, 10
, 63
, 112
, 88
, 87
, 28
, 147
, 73
, 102
, 34
, 141
, 134
, 41
, 46
, 129
, 77
, 98
, 80
, 95
, 92
, 83
, 102
, 73
, 71
, 104
, 34
, 141
, 83
, 92
, 110
, 65
, 55
, 120
, 159
, 16
, 136
, 39
, 75
, 100
, 8
, 167
, 12
, 163
, 154
, 21
, 63
, 112
, 160
, 15
, 41
, 134
, 49
, 126
, 103
, 72
, 104
, 71
, 43
, 132
, 110
, 65
, 58
, 117
, 172
, 3
, 10
, 165
, 135
, 40
, 74
, 101
, 61
, 114
, 164
, 11
, 7
, 168
, 59
, 116
, 25
, 150
, 63
, 112
, 63
, 112
, 11
, 164
, 158
, 17
, 151
, 24
, 137
, 38
, 5
, 170
, 44
, 131
, 89
, 86
, 33
, 142
, 8
, 167
, 19
, 156
, 116
, 59
, 126
, 49
, 103
, 72
, 85
, 90
, 132
, 43
, 109
, 66
, 75
, 100
, 146
, 29
, 91
, 84
, 112
, 63
, 128
, 47
, 48
, 127
, 51
, 124
, 102
, 73
, 141
, 34
, 156
, 19
, 60
, 115
, 171
, 4
, 128
, 47
, 94
, 81
, 102
, 73
, 66
, 109
, 79
, 96
, 36
, 139
, 103
, 72
, 31
, 144
, 13
, 162
, 129
, 46
, 72
, 103
, 129
, 46
, 148
, 27
, 67
, 108
, 151
, 24
, 147
, 28
, 164
, 11
, 103
, 72
, 6
, 169
, 72
, 103
, 139
, 36
, 127
, 48
, 64
, 111
, 109
, 66
, 25
, 150
, 121
, 54
, 7
, 168
, 70
, 105
, 42
, 133
, 157
, 18
, 171
, 4
, 9
, 166
, 153
, 22
, 41
, 134
, 61
, 114
, 122
, 53
, 8
, 167
, 133
, 42
, 80
, 95
, 155
, 20
, 123
, 52
, 81
, 94
, 16
, 159
, 63
, 112
, 130
, 45
, 13
, 162
, 23
, 152
, 17
, 158
, 26
, 149
, 46
, 129
, 80
, 95
, 88
, 87
, 65
, 110
, 78
, 97
, 21
, 154
, 58
, 117
, 42
, 133
, 139
, 36
, 8
, 167
, 27
, 148
, 32
, 143
, 16
, 159
, 28
, 147
, 148
, 27
, 119
, 56
, 22
, 153
, 88
, 87
, 119
, 56
, 40
, 135
, 37
, 138
, 150
, 25
, 101
, 74
, 153
, 22
, 7
, 168
, 128
, 47
, 100
, 75
, 149
, 26
, 2
, 173
, 145
, 30
, 148
, 27
, 12
, 163
, 52
, 123
, 161
, 14
, 77
, 98
, 123
, 52
, 42
, 133
, 159
, 16
, 79
, 96
, 3
, 172
, 114
, 61
, 18
, 157
, 140
, 35
, 168
, 7
, 7
, 168
, 126
, 49
, 135
, 40
, 91
, 84
, 51
, 124
, 157
, 18
, 30
, 145
, 11
, 164
, 166
, 9
, 126
, 49
, 116
, 59
, 64
, 111
, 115
, 60
, 49
, 126
, 159
, 16
, 4
, 171
, 6
, 169
, 67
, 108
, 20
, 155
, 14
, 161
, 14
, 161
, 102
, 73
, 123
, 52
, 126
, 49
, 103
, 72
, 105
, 70
, 167
, 8
, 4
, 171
, 140
, 35
, 148
, 27
, 34
, 141
, 107
, 68
, 52
, 123
, 25
, 150
, 162
, 13
, 145
, 30
, 55
, 120
, 121
, 54
, 1
, 174
, 130
, 45
, 59
, 116
, 44
, 131
, 142
, 33
, 145
, 30
, 70
, 105
, 158
, 17
, 19
, 156
, 59
, 116
, 41
, 134
, 126
, 49
, 4
, 171
, 118
, 57
, 123
, 52
, 138
, 37
, 91
, 84
, 3
, 172
, 64
, 111
, 89
, 86
, 46
, 129
, 86
, 89
, 8
, 167
, 97
, 78
, 42
, 133
, 36
, 139
, 78
, 97
, 160
, 15
, 111
, 64
, 1
, 174
, 37
, 138
, 21
, 154
, 26
, 149
, 92
, 83
, 155
, 20
, 151
, 24
, 121
, 54
, 74
, 101
, 2
, 173
, 97
, 78
, 47
, 128
, 33
, 142
, 126
, 49
, 69
, 106
, 153
, 22
, 19
, 156
, 87
, 88
, 95
, 80
, 153
, 22
, 64
, 111
, 99
, 76
, 18
, 157
, 38
, 137
, 93
, 82
, 153
, 22
, 87
, 88
, 131
, 44
, 39
, 136
, 124
, 51
, 72
, 103
, 59
, 116
, 40
, 135
, 156
, 19
, 21
, 154
, 118
, 57
, 36
, 139
, 163
, 12
, 118
, 57
, 50
, 125
, 17
, 158
, 36
, 139
, 25
, 150
, 24
, 151
, 100
, 75
, 11
, 164
, 169
, 6
, 139
, 36
, 101
, 74
, 103
, 72
, 143
, 32
, 162
, 13
, 24
, 151
, 66
, 109
, 26
, 149
, 151
, 24
, 95
, 80
, 12
, 163
, 62
, 113
, 58
, 117
, 51
, 124
, 147
, 28
, 158
, 17
, 61
, 114
, 119
, 56
, 35
, 140
, 99
, 76
, 163
, 12
, 84
, 91
, 81
, 94
, 43
, 132
, 128
, 47
, 76
, 99
, 40
, 135
, 33
, 142
, 24
, 151
, 159
, 16
, 42
, 133
, 95
, 80
, 66
, 109
, 71
, 104
, 91
, 84
, 6
, 169
, 86
, 89
, 47
, 128
, 77
, 98
, 102
, 73
, 39
, 136
, 105
, 70
, 60
, 115
, 144
, 31
, 43
, 132
, 126
, 49
, 165
, 10
, 49
, 126
, 158
, 17
, 132
, 43
, 112
, 63
, 86
, 89
, 121
, 54
, 28
, 147
, 21
, 154
, 46
, 129
, 149
, 26
, 128
, 47
, 52
, 123
, 137
, 38
, 55
, 120
, 147
, 28
, 149
, 26
, 19
, 156
, 163
, 12
, 77
, 98
, 74
, 101
, 66
, 109
, 142
, 33
, 40
, 135
, 134
, 41
, 109
, 66
, 79
, 96
, 78
, 97
, 140
, 35
, 132
, 43
, 84
, 91
, 146
, 29
, 153
, 22
, 164
, 11
, 162
, 13
, 159
, 16
, 50
, 125
, 64
, 111
, 56
, 119
, 103
, 72
, 19
, 156
, 80
, 95
, 136
, 39
, 57
, 118
, 37
, 138
, 173
, 2
, 28
, 147
, 68
, 107
, 11
, 164
, 97
, 78
, 32
, 143
, 146
, 29
, 173
, 2
, 80
, 95
, 104
, 71
, 29
, 146
, 136
, 39
, 144
, 31
, 74
, 101
, 51
, 124
, 162
, 13
, 119
, 56
, 150
, 25
, 130
, 45
, 30
, 145
, 159
, 16
, 166
, 9
, 47
, 128
, 116
, 59
, 112
, 63
, 32
, 143
, 151
, 24
, 53
, 122
, 140
, 35
, 26
, 149
, 6
, 169
, 141
, 34
, 14
, 161
, 2
, 173
, 55
, 120
, 115
, 60
, 152
, 23
, 148
, 27
, 95
, 80
, 76
, 99
, 16
, 159
, 23
, 152
, 11
, 164
, 155
, 20
, 48
, 127
, 141
, 34
, 86
, 89
, 161
, 14
, 45
, 130
, 27
, 148
, 38
, 137
, 9
, 166
, 154
, 21
, 78
, 97
, 22
, 153
, 151
, 24
, 18
, 157
, 170
, 5
, 79
, 96
, 61
, 114
, 127
, 48
, 121
, 54
, 32
, 143
, 72
, 103
, 171
, 4
, 45
, 130
, 19
, 156
, 105
, 70
, 31
, 144
, 27
, 148
, 129
, 46
, 93
, 82
, 61
, 114
, 30
, 145
, 29
, 146
, 28
, 147
, 145
, 30
, 75
, 100
, 167
, 8
, 59
, 116
, 47
, 128
, 86
, 89
, 93
, 82
, 23
, 152
, 138
, 37
, 56
, 119
, 49
, 126
, 94
, 81
, 53
, 122
, 170
, 5
, 76
, 99
, 25
, 150
, 31
, 144
, 144
, 31
, 86
, 89
, 136
, 39
, 70
, 105
, 100
, 75
, 2
, 173
, 86
, 89
, 146
, 29
, 63
, 112
, 135
, 40
, 63
, 112
, 13
, 162
, 90
, 85
, 107
, 68
, 137
, 38
, 65
, 110
, 102
, 73
, 157
, 18
, 7
, 168
, 80
, 95
, 53
, 122
, 64
, 111
, 151
, 24
, 49
, 126
, 106
, 69
, 29
, 146
, 52
, 123
, 79
, 96
, 24
, 151
, 133
, 42
, 106
, 69
, 158
, 17
, 100
, 75
, 9
, 166
, 65
, 110
, 19
, 156
, 126
, 49
, 80
, 95
, 158
, 17
, 110
, 65
, 9
, 166
, 70
, 105
, 45
, 130
, 81
, 94
, 18
, 157
, 76
, 99
, 62
, 113
, 55
, 120
, 161
, 14
, 56
, 119
, 136
, 39
, 139
, 36
, 95
, 80
, 57
, 118
, 56
, 119
, 102
, 73
, 44
, 131
, 113
, 62
, 86
, 89
, 120
, 55
, 91
, 84
, 134
, 41
, 171
, 4
, 136
, 39
, 136
, 39
, 20
, 155
, 38
, 137
, 74
, 101
, 128
, 47
, 28
, 147
, 31
, 144
, 35
, 140
, 55
, 120
, 38
, 137
, 125
, 50
, 14
, 161
, 129
, 46
, 63
, 112
, 20
, 155
, 119
, 56
, 121
, 54
, 1
, 174
, 117
, 58
, 67
, 108
, 24
, 151
, 156
, 19
, 60
, 115
, 119
, 56
, 34
, 141
, 85
, 90
, 52
, 123
, 124
, 51
, 4
, 171
, 25
, 150
, 153
, 22
, 15
, 160
, 122
, 53
, 5
, 170
, 91
, 84
, 86
, 89
, 95
, 80
, 64
, 111
, 164
, 11
, 168
, 7
, 74
, 101
, 143
, 32
, 32
, 143
, 106
, 69
, 82
, 93
, 141
, 34
, 12
, 163
, 53
, 122
, 151
, 24
, 164
, 11
, 44
, 131
, 130
, 45
, 171
, 4
, 152
, 23
, 5
, 170
, 52
, 123
, 100
, 75
, 88
, 87
, 6
, 169
, 50
, 125
, 40
, 135
, 70
, 105
, 31
, 144
, 79
, 96
, 123
, 52
, 72
, 103
, 57
, 118
, 171
, 4
, 2
, 173
, 44
, 131
, 120
, 55
, 116
, 59
, 125
, 50
, 165
, 10
, 95
, 80
, 33
, 142
, 144
, 31
, 40
, 135
, 51
, 124
, 96
, 79
, 70
, 105
, 37
, 138
, 83
, 92
, 28
, 147
, 50
, 125
, 49
, 126
, 130
, 45
, 128
, 47
, 46
, 129
, 26
, 149
, 19
, 156
, 84
, 91
, 4
, 171
, 158
, 17
, 70
, 105
, 62
, 113
, 158
, 17
, 61
, 114
, 64
, 111
, 81
, 94
, 91
, 84
, 93
, 82
, 92
, 83
, 12
, 163
, 162
, 13
, 159
, 16
, 131
, 44
, 99
, 76
, 80
, 95
, 116
, 59
, 69
, 106
, 146
, 29
, 90
, 85
, 40
, 135
, 87
, 88
, 47
, 128
, 116
, 59
, 108
, 67
, 30
, 145
, 3
, 172
, 24
, 151
, 151
, 24
, 25
, 150
, 149
, 26
, 110
, 65
, 149
, 26
, 61
, 114
, 93
, 82
, 146
, 29
, 107
, 68
, 57
, 118
, 1
, 174
, 146
, 29
, 166
, 9
, 60
, 115
, 128
, 47
, 30
, 145
, 100
, 75
, 120
, 55
, 90
, 85
, 33
, 142
, 68
, 107
, 125
, 50
, 163
, 12
, 32
, 143
, 81
, 94
, 98
, 77
, 127
, 48
, 37
, 138
, 171
, 4
, 4
, 171
, 105
, 70
, 31
, 144
, 121
, 54
, 100
, 75
, 132
, 43
, 91
, 84
, 129
, 46
, 126
, 49
, 14
, 161
, 68
, 107
, 134
, 41
, 66
, 109
, 37
, 138
, 39
, 136
, 111
, 64
, 125
, 50
, 102
, 73
, 122
, 53
, 167
, 8
, 137
, 38
, 59
, 116
, 133
, 42
, 123
, 52
, 67
, 108
, 50
, 125
, 102
, 73
, 75
, 100
, 5
, 170
, 69
, 106
, 151
, 24
, 25
, 150
, 112
, 63
, 53
, 122
, 146
, 29
, 19
, 156
, 98
, 77
, 140
, 35
, 133
, 42
, 85
, 90
, 15
, 160
, 39
, 136
, 57
, 118
, 71
, 104
, 159
, 16
, 41
, 134
, 109
, 66
, 41
, 134
, 36
, 139
, 104
, 71
, 148
, 27
, 154
, 21
, 148
, 27
, 78
, 97
, 116
, 59
, 43
, 132
, 164
, 11
, 38
, 137
, 163
, 12
, 28
, 147
, 12
, 163
, 60
, 115
, 114
, 61
, 105
, 70
, 159
, 16
, 164
, 11
, 60
, 115
, 166
, 9
, 93
, 82
, 36
, 139
, 113
, 62
, 80
, 95
, 41
, 134
, 147
, 28
, 37
, 138
, 162
, 13
, 22
, 153
, 169
, 6
, 140
, 35
, 106
, 69
, 36
, 139
, 67
, 108
, 141
, 34
, 106
, 69
, 155
, 20
, 88
, 87
, 34
, 141
, 55
, 120
, 140
, 35
, 166
, 9
, 166
, 9
, 146
, 29
, 101
, 74
, 159
, 16
, 127
, 48
, 84
, 91
, 16
, 159
, 99
, 76
, 88
, 87
, 114
, 61
, 73
, 102
, 74
, 101
, 66
, 109
, 57
, 118
, 10
, 165
, 80
, 95
, 24
, 151
, 169
, 6
, 111
, 64
, 5
, 170
, 72
, 103
, 102
, 73
, 146
, 29
, 104
, 71
, 57
, 118
, 11
, 164
, 167
, 8
, 69
, 106
, 88
, 87
, 118
, 57
, 106
, 69
, 133
, 42
, 85
, 90
, 151
, 24
, 152
, 23
, 65
, 110
, 109
, 66
, 119
, 56
, 155
, 20
, 171
, 4
, 167
, 8
, 113
, 62
, 122
, 53
, 40
, 135
, 169
, 6
, 7
, 168
, 102
, 73
, 166
, 9
, 170
, 5
, 155
, 20
, 4
, 171
, 17
, 158
, 52
, 123
, 98
, 77
, 11
, 164
, 63
, 112
, 59
, 116
, 114
, 61
, 153
, 22
, 42
, 133
, 120
, 55
, 46
, 129
, 47
, 128
, 15
, 160
, 93
, 82
, 27
, 148
, 65
, 110
, 107
, 68
, 97
, 78
, 37
, 138
, 164
, 11
, 69
, 106
, 108
, 67
, 115
, 60
, 154
, 21
, 107
, 68
, 68
, 107
, 112
, 63
, 164
, 11
, 27
, 148
, 148
, 27
, 119
, 56
, 70
, 105
, 34
, 141
, 39
, 136
, 75
, 100
, 61
, 114
, 106
, 69
, 36
, 139
, 59
, 116
, 61
, 114
, 139
, 36
, 165
, 10
, 24
, 151
, 135
, 40
, 21
, 154
, 39
, 136
, 120
, 55
, 166
, 9
, 84
, 91
, 121
, 54
, 135
, 40
, 83
, 92
, 19
, 156
, 109
, 66
, 78
, 97
, 64
, 111
, 82
, 93
, 16
, 159
, 161
, 14
, 131
, 44
, 126
, 49
, 54
, 121
, 41
, 134
, 109
, 66
, 81
, 94
, 69
, 106
, 119
, 56
, 58
, 117
, 125
, 50
, 134
, 41
, 56
, 119
, 166
, 9
, 76
, 99
, 46
, 129
, 132
, 43
, 155
, 20
, 29
, 146
, 77
, 98
, 140
, 35
, 124
, 51
, 120
, 55
, 48
, 127
, 173
, 2
, 172
, 3
, 116
, 59
, 22
, 153
, 140
, 35
, 97
, 78
, 3
, 172
, 137
, 38
, 145
, 30
, 146
, 29
, 68
, 107
, 16
, 159
, 165
, 10
, 79
, 96
, 34
, 141
, 160
, 15
, 154
, 21
, 27
, 148
, 10
, 165
, 42
, 133
, 115
, 60
, 30
, 145
, 18
, 157
, 8
, 167
, 104
, 71
, 124
, 51
, 88
, 87
, 11
, 164
, 67
, 108
, 7
, 168
, 168
, 7
, 147
, 28
, 10
, 165
, 109
, 66
, 167
, 8
, 125
, 50
, 104
, 71
, 76
, 99
, 102
, 73
, 111
, 64
, 38
, 137
, 132
, 43
, 69
, 106
, 89
, 86
, 67
, 108
, 125
, 50
, 164
, 11
, 65
, 110
, 108
, 67
, 14
, 161
, 146
, 29
, 12
, 163
, 48
, 127
, 158
, 17
, 114
, 61
, 81
, 94
, 61
, 114
, 1
, 174
, 122
, 53
, 82
, 93
, 145
, 30
, 108
, 67
, 39
, 136
, 47
, 128
, 41
, 134
, 38
, 137
, 9
, 166
, 65
, 110
, 170
, 5
, 96
, 79
, 85
, 90
, 21
, 154
, 11
, 164
, 64
, 111
, 154
, 21
, 110
, 65
, 34
, 141
, 73
, 102
, 71
, 104
, 102
, 73
, 106
, 69
, 17
, 158
, 128
, 47
, 171
, 4
, 35
, 140
, 11
, 164
, 29
, 146
, 101
, 74
, 153
, 22
, 149
, 26
, 173
, 2
, 83
, 92
, 98
, 77
, 67
, 108
, 148
, 27
, 83
, 92
, 95
, 80
, 120
, 55
, 55
, 120
, 132
, 43
, 143
, 32
, 145
, 30
, 55
, 120
, 87
, 88
, 156
, 19
, 54
, 121
, 7
, 168
, 36
, 139
, 67
, 108
, 139
, 36
, 28
, 147
, 42
, 133
, 49
, 126
, 64
, 111
, 152
, 23
, 3
, 172
, 115
, 60
, 62
, 113
, 13
, 162
, 168
, 7
, 130
, 45
, 172
, 3
, 29
, 146
, 50
, 125
, 135
, 40
, 66
, 109
, 1
, 174
, 111
, 64
, 145
, 30
, 119
, 56
, 58
, 117
, 35
, 140
, 113
, 62
, 133
, 42
, 165
, 10
, 118
, 57
, 45
, 130
, 56
, 119
, 40
, 135
, 75
, 100
, 9
, 166
, 147
, 28
, 38
, 137
, 73
, 102
, 50
, 125
, 150
, 25
, 72
, 103
, 68
, 107
, 98
, 77
, 119
, 56
, 67
, 108
, 9
, 166
, 164
, 11
, 95
, 80
, 130
, 45
, 29
, 146
, 21
, 154
, 164
, 11
, 156
, 19
, 95
, 80
, 123
, 52
, 138
, 37
, 7
, 168
, 42
, 133
, 59
, 116
, 160
, 15
, 128
, 47
, 28
, 147
, 99
, 76
, 29
, 146
, 57
, 118
, 171
, 4
, 159
, 16
, 69
, 106
, 24
, 151
, 124
, 51
, 38
, 137
, 130
, 45
, 20
, 155
, 171
, 4
, 171
, 4
, 86
, 89
, 63
, 112
, 37
, 138
, 90
, 85
, 170
, 5
, 17
, 158
, 73
, 102
, 150
, 25
, 49
, 126
, 125
, 50
, 91
, 84
, 59
, 116
, 27
, 148
, 115
, 60
, 82
, 93
, 139
, 36
, 47
, 128
, 51
, 124
, 76
, 99
, 52
, 123
, 141
, 34
, 31
, 144
, 108
, 67
, 20
, 155
, 61
, 114
, 36
, 139
, 161
, 14
, 8
, 167
, 147
, 28
, 157
, 18
, 70
, 105
, 149
, 26
, 111
, 64
, 21
, 154
, 141
, 34
, 30
, 145
, 92
, 83
, 74
, 101
, 63
, 112
, 56
, 119
, 103
, 72
, 158
, 17
, 115
, 60
, 94
, 81
, 149
, 26
, 23
, 152
, 147
, 28
, 133
, 42
, 73
, 102
, 87
, 88
, 9
, 166
, 10
, 165
, 66
, 109
, 26
, 149
, 60
, 115
, 159
, 16
, 34
, 141
, 165
, 10
, 156
, 19
, 112
, 63
, 79
, 96
, 1
, 174
, 30
, 145
, 21
, 154
, 32
, 143
, 101
, 74
, 4
, 171
, 101
, 74
, 119
, 56
, 55
, 120
, 33
, 142
, 95
, 80
, 112
, 63
, 75
, 100
, 137
, 38
, 161
, 14
, 62
, 113
, 39
, 136
, 150
, 25
, 121
, 54
, 148
, 27
, 148
, 27
, 144
, 31
, 38
, 137
, 19
, 156
, 102
, 73
, 113
, 62
, 173
, 2
, 43
, 132
, 100
, 75
, 27
, 148
, 38
, 137
, 128
, 47
, 67
, 108
, 25
, 150
, 132
, 43
, 20
, 155
, 45
, 130
, 108
, 67
, 97
, 78
, 122
, 53
, 48
, 127
, 33
, 142
, 1
, 174
, 33
, 142
, 113
, 62
, 29
, 146
, 103
, 72
, 130
, 45
, 70
, 105
, 112
, 63
, 89
, 86
, 12
, 163
, 13
, 162
, 153
, 22
, 123
, 52
, 31
, 144
, 148
, 27
, 111
, 64
, 148
, 27
, 10
, 165
, 162
, 13
, 134
, 41
, 172
, 3
, 76
, 99
, 135
, 40
, 80
, 95
, 159
, 16
, 30
, 145
, 111
, 64
, 49
, 126
, 152
, 23
, 94
, 81
, 87
, 88
, 65
, 110
, 31
, 144
, 36
, 139
, 106
, 69
, 1
, 174
, 82
, 93
, 83
, 92
, 123
, 52
, 156
, 19
