
3480
, 45
, 99
, 63
, 81
, 109
, 35
, 38
, 106
, 141
, 3
, 69
, 75
, 81
, 63
, 138
, 6
, 133
, 11
, 112
, 32
, 11
, 133
, 43
, 101
, 112
, 32
, 25
, 119
, 36
, 108
, 65
, 79
, 128
, 16
, 12
, 132
, 129
, 15
, 75
, 69
, 20
, 124
, 89
, 55
, 72
, 72
, 8
, 136
, 93
, 51
, 51
, 93
, 45
, 99
, 18
, 126
, 61
, 83
, 4
, 140
, 83
, 61
, 3
, 141
, 132
, 12
, 93
, 51
, 139
, 5
, 63
, 81
, 18
, 126
, 25
, 119
, 19
, 125
, 24
, 120
, 91
, 53
, 128
, 16
, 45
, 99
, 69
, 75
, 17
, 127
, 16
, 128
, 52
, 92
, 95
, 49
, 53
, 91
, 72
, 72
, 126
, 18
, 43
, 101
, 27
, 117
, 115
, 29
, 74
, 70
, 107
, 37
, 91
, 53
, 111
, 33
, 56
, 88
, 83
, 61
, 73
, 71
, 20
, 124
, 44
, 100
, 1
, 143
, 108
, 36
, 14
, 130
, 66
, 78
, 7
, 137
, 11
, 133
, 49
, 95
, 16
, 128
, 115
, 29
, 112
, 32
, 47
, 97
, 41
, 103
, 109
, 35
, 23
, 121
, 71
, 73
, 19
, 125
, 138
, 6
, 40
, 104
, 132
, 12
, 8
, 136
, 121
, 23
, 44
, 100
, 101
, 43
, 32
, 112
, 2
, 142
, 125
, 19
, 44
, 100
, 103
, 41
, 18
, 126
, 44
, 100
, 72
, 72
, 48
, 96
, 94
, 50
, 55
, 89
, 89
, 55
, 59
, 85
, 105
, 39
, 88
, 56
, 102
, 42
, 103
, 41
, 74
, 70
, 82
, 62
, 95
, 49
, 123
, 21
, 120
, 24
, 109
, 35
, 85
, 59
, 28
, 116
, 63
, 81
, 43
, 101
, 86
, 58
, 110
, 34
, 18
, 126
, 121
, 23
, 138
, 6
, 135
, 9
, 62
, 82
, 32
, 112
, 59
, 85
, 130
, 14
, 116
, 28
, 142
, 2
, 119
, 25
, 134
, 10
, 54
, 90
, 111
, 33
, 99
, 45
, 26
, 118
, 19
, 125
, 31
, 113
, 121
, 23
, 73
, 71
, 37
, 107
, 6
, 138
, 21
, 123
, 53
, 91
, 103
, 41
, 28
, 116
, 80
, 64
, 86
, 58
, 84
, 60
, 28
, 116
, 94
, 50
, 26
, 118
, 91
, 53
, 74
, 70
, 11
, 133
, 49
, 95
, 129
, 15
, 58
, 86
, 59
, 85
, 56
, 88
, 139
, 5
, 69
, 75
, 24
, 120
, 45
, 99
, 139
, 5
, 13
, 131
, 24
, 120
, 70
, 74
, 129
, 15
, 87
, 57
, 6
, 138
, 119
, 25
, 83
, 61
, 139
, 5
, 107
, 37
, 39
, 105
, 12
, 132
, 107
, 37
, 51
, 93
, 138
, 6
, 95
, 49
, 12
, 132
, 73
, 71
, 53
, 91
, 80
, 64
, 60
, 84
, 59
, 85
, 82
, 62
, 39
, 105
, 40
, 104
, 25
, 119
, 126
, 18
, 17
, 127
, 76
, 68
, 130
, 14
, 31
, 113
, 114
, 30
, 126
, 18
, 55
, 89
, 63
, 81
, 64
, 80
, 73
, 71
, 57
, 87
, 59
, 85
, 10
, 134
, 110
, 34
, 36
, 108
, 54
, 90
, 62
, 82
, 106
, 38
, 141
, 3
, 93
, 51
, 70
, 74
, 141
, 3
, 14
, 130
, 101
, 43
, 129
, 15
, 136
, 8
, 10
, 134
, 41
, 103
, 36
, 108
, 108
, 36
, 6
, 138
, 102
, 42
, 82
, 62
, 137
, 7
, 93
, 51
, 116
, 28
, 85
, 59
, 20
, 124
, 8
, 136
, 127
, 17
, 44
, 100
, 76
, 68
, 140
, 4
, 64
, 80
, 48
, 96
, 13
, 131
, 42
, 102
, 118
, 26
, 88
, 56
, 78
, 66
, 68
, 76
, 56
, 88
, 127
, 17
, 3
, 141
, 108
, 36
, 123
, 21
, 47
, 97
, 2
, 142
, 90
, 54
, 106
, 38
, 16
, 128
, 29
, 115
, 3
, 141
, 98
, 46
, 88
, 56
, 109
, 35
, 10
, 134
, 82
, 62
, 52
, 92
, 135
, 9
, 4
, 140
, 80
, 64
, 4
, 140
, 118
, 26
, 120
, 24
, 81
, 63
, 63
, 81
, 62
, 82
, 30
, 114
, 74
, 70
, 76
, 68
, 125
, 19
, 30
, 114
, 41
, 103
, 89
, 55
, 105
, 39
, 136
, 8
, 111
, 33
, 14
, 130
, 110
, 34
, 10
, 134
, 106
, 38
, 57
, 87
, 133
, 11
, 35
, 109
, 22
, 122
, 78
, 66
, 128
, 16
, 95
, 49
, 117
, 27
, 20
, 124
, 3
, 141
, 49
, 95
, 45
, 99
, 99
, 45
, 135
, 9
, 123
, 21
, 77
, 67
, 109
, 35
, 85
, 59
, 72
, 72
, 43
, 101
, 74
, 70
, 62
, 82
, 134
, 10
, 56
, 88
, 38
, 106
, 92
, 52
, 109
, 35
, 57
, 87
, 117
, 27
, 99
, 45
, 114
, 30
, 31
, 113
, 135
, 9
, 71
, 73
, 131
, 13
, 137
, 7
, 141
, 3
, 53
, 91
, 93
, 51
, 115
, 29
, 133
, 11
, 138
, 6
, 3
, 141
, 130
, 14
, 72
, 72
, 54
, 90
, 59
, 85
, 58
, 86
, 126
, 18
, 72
, 72
, 112
, 32
, 54
, 90
, 11
, 133
, 82
, 62
, 120
, 24
, 108
, 36
, 128
, 16
, 141
, 3
, 74
, 70
, 95
, 49
, 20
, 124
, 44
, 100
, 22
, 122
, 52
, 92
, 140
, 4
, 18
, 126
, 142
, 2
, 114
, 30
, 140
, 4
, 78
, 66
, 25
, 119
, 81
, 63
, 139
, 5
, 42
, 102
, 141
, 3
, 38
, 106
, 68
, 76
, 126
, 18
, 45
, 99
, 27
, 117
, 4
, 140
, 12
, 132
, 71
, 73
, 45
, 99
, 58
, 86
, 104
, 40
, 53
, 91
, 85
, 59
, 121
, 23
, 67
, 77
, 60
, 84
, 70
, 74
, 48
, 96
, 13
, 131
, 136
, 8
, 112
, 32
, 29
, 115
, 13
, 131
, 16
, 128
, 55
, 89
, 15
, 129
, 135
, 9
, 88
, 56
, 83
, 61
, 99
, 45
, 104
, 40
, 135
, 9
, 21
, 123
, 58
, 86
, 93
, 51
, 141
, 3
, 32
, 112
, 128
, 16
, 130
, 14
, 15
, 129
, 64
, 80
, 33
, 111
, 4
, 140
, 40
, 104
, 108
, 36
, 30
, 114
, 56
, 88
, 13
, 131
, 129
, 15
, 35
, 109
, 24
, 120
, 26
, 118
, 137
, 7
, 31
, 113
, 42
, 102
, 4
, 140
, 140
, 4
, 19
, 125
, 85
, 59
, 2
, 142
, 68
, 76
, 26
, 118
, 12
, 132
, 62
, 82
, 93
, 51
, 90
, 54
, 70
, 74
, 52
, 92
, 16
, 128
, 142
, 2
, 80
, 64
, 21
, 123
, 128
, 16
, 66
, 78
, 70
, 74
, 3
, 141
, 108
, 36
, 26
, 118
, 72
, 72
, 138
, 6
, 78
, 66
, 55
, 89
, 57
, 87
, 54
, 90
, 124
, 20
, 88
, 56
, 38
, 106
, 30
, 114
, 71
, 73
, 71
, 73
, 14
, 130
, 114
, 30
, 24
, 120
, 88
, 56
, 121
, 23
, 99
, 45
, 30
, 114
, 67
, 77
, 103
, 41
, 33
, 111
, 11
, 133
, 24
, 120
, 94
, 50
, 41
, 103
, 65
, 79
, 75
, 69
, 32
, 112
, 73
, 71
, 138
, 6
, 102
, 42
, 91
, 53
, 32
, 112
, 78
, 66
, 68
, 76
, 68
, 76
, 92
, 52
, 5
, 139
, 72
, 72
, 71
, 73
, 136
, 8
, 127
, 17
, 68
, 76
, 135
, 9
, 42
, 102
, 14
, 130
, 135
, 9
, 92
, 52
, 40
, 104
, 93
, 51
, 94
, 50
, 138
, 6
, 80
, 64
, 43
, 101
, 58
, 86
, 127
, 17
, 51
, 93
, 47
, 97
, 142
, 2
, 96
, 48
, 106
, 38
, 73
, 71
, 131
, 13
, 16
, 128
, 135
, 9
, 84
, 60
, 37
, 107
, 76
, 68
, 76
, 68
, 46
, 98
, 16
, 128
, 77
, 67
, 40
, 104
, 114
, 30
, 64
, 80
, 12
, 132
, 74
, 70
, 44
, 100
, 100
, 44
, 123
, 21
, 60
, 84
, 102
, 42
, 113
, 31
, 16
, 128
, 117
, 27
, 134
, 10
, 32
, 112
, 31
, 113
, 96
, 48
, 113
, 31
, 141
, 3
, 71
, 73
, 40
, 104
, 16
, 128
, 41
, 103
, 39
, 105
, 5
, 139
, 116
, 28
, 125
, 19
, 138
, 6
, 2
, 142
, 16
, 128
, 138
, 6
, 139
, 5
, 114
, 30
, 135
, 9
, 48
, 96
, 86
, 58
, 102
, 42
, 123
, 21
, 45
, 99
, 86
, 58
, 54
, 90
, 1
, 143
, 24
, 120
, 95
, 49
, 40
, 104
, 131
, 13
, 28
, 116
, 71
, 73
, 119
, 25
, 64
, 80
, 16
, 128
, 106
, 38
, 60
, 84
, 92
, 52
, 124
, 20
, 48
, 96
, 105
, 39
, 82
, 62
, 6
, 138
, 77
, 67
, 54
, 90
, 2
, 142
, 70
, 74
, 25
, 119
, 70
, 74
, 34
, 110
, 76
, 68
, 130
, 14
, 89
, 55
, 4
, 140
, 134
, 10
, 113
, 31
, 2
, 142
, 13
, 131
, 80
, 64
, 140
, 4
, 6
, 138
, 123
, 21
, 37
, 107
, 65
, 79
, 80
, 64
, 115
, 29
, 79
, 65
, 141
, 3
, 136
, 8
, 112
, 32
, 41
, 103
, 74
, 70
, 80
, 64
, 131
, 13
, 118
, 26
, 108
, 36
, 131
, 13
, 82
, 62
, 125
, 19
, 123
, 21
, 59
, 85
, 14
, 130
, 126
, 18
, 130
, 14
, 87
, 57
, 114
, 30
, 49
, 95
, 28
, 116
, 116
, 28
, 121
, 23
, 53
, 91
, 112
, 32
, 10
, 134
, 107
, 37
, 87
, 57
, 35
, 109
, 4
, 140
, 100
, 44
, 63
, 81
, 12
, 132
, 121
, 23
, 72
, 72
, 135
, 9
, 128
, 16
, 46
, 98
, 62
, 82
, 56
, 88
, 139
, 5
, 56
, 88
, 82
, 62
, 136
, 8
, 42
, 102
, 61
, 83
, 137
, 7
, 128
, 16
, 106
, 38
, 53
, 91
, 76
, 68
, 89
, 55
, 1
, 143
, 73
, 71
, 128
, 16
, 110
, 34
, 132
, 12
, 141
, 3
, 53
, 91
, 35
, 109
, 16
, 128
, 24
, 120
, 48
, 96
, 78
, 66
, 87
, 57
, 135
, 9
, 129
, 15
, 24
, 120
, 4
, 140
, 65
, 79
, 124
, 20
, 119
, 25
, 115
, 29
, 111
, 33
, 53
, 91
, 27
, 117
, 49
, 95
, 136
, 8
, 89
, 55
, 97
, 47
, 115
, 29
, 75
, 69
, 76
, 68
, 94
, 50
, 133
, 11
, 8
, 136
, 82
, 62
, 75
, 69
, 9
, 135
, 8
, 136
, 44
, 100
, 104
, 40
, 89
, 55
, 77
, 67
, 46
, 98
, 117
, 27
, 74
, 70
, 88
, 56
, 32
, 112
, 94
, 50
, 65
, 79
, 49
, 95
, 80
, 64
, 136
, 8
, 53
, 91
, 21
, 123
, 8
, 136
, 37
, 107
, 81
, 63
, 124
, 20
, 137
, 7
, 34
, 110
, 33
, 111
, 64
, 80
, 11
, 133
, 50
, 94
, 10
, 134
, 126
, 18
, 34
, 110
, 12
, 132
, 7
, 137
, 24
, 120
, 130
, 14
, 141
, 3
, 13
, 131
, 7
, 137
, 80
, 64
, 60
, 84
, 17
, 127
, 90
, 54
, 79
, 65
, 128
, 16
, 14
, 130
, 103
, 41
, 127
, 17
, 83
, 61
, 45
, 99
, 111
, 33
, 74
, 70
, 91
, 53
, 139
, 5
, 129
, 15
, 123
, 21
, 121
, 23
, 7
, 137
, 119
, 25
, 61
, 83
, 62
, 82
, 136
, 8
, 9
, 135
, 74
, 70
, 124
, 20
, 53
, 91
, 124
, 20
, 54
, 90
, 123
, 21
, 127
, 17
, 53
, 91
, 21
, 123
, 111
, 33
, 141
, 3
, 4
, 140
, 37
, 107
, 125
, 19
, 60
, 84
, 58
, 86
, 71
, 73
, 32
, 112
, 40
, 104
, 120
, 24
, 69
, 75
, 52
, 92
, 88
, 56
, 83
, 61
, 9
, 135
, 16
, 128
, 72
, 72
, 17
, 127
, 76
, 68
, 89
, 55
, 35
, 109
, 88
, 56
, 32
, 112
, 83
, 61
, 4
, 140
, 77
, 67
, 49
, 95
, 75
, 69
, 141
, 3
, 97
, 47
, 60
, 84
, 31
, 113
, 100
, 44
, 6
, 138
, 122
, 22
, 125
, 19
, 51
, 93
, 39
, 105
, 47
, 97
, 89
, 55
, 114
, 30
, 56
, 88
, 34
, 110
, 83
, 61
, 120
, 24
, 129
, 15
, 51
, 93
, 14
, 130
, 37
, 107
, 15
, 129
, 32
, 112
, 54
, 90
, 12
, 132
, 139
, 5
, 47
, 97
, 61
, 83
, 41
, 103
, 11
, 133
, 21
, 123
, 7
, 137
, 4
, 140
, 111
, 33
, 129
, 15
, 22
, 122
, 86
, 58
, 106
, 38
, 50
, 94
, 120
, 24
, 2
, 142
, 139
, 5
, 60
, 84
, 2
, 142
, 79
, 65
, 135
, 9
, 23
, 121
, 80
, 64
, 21
, 123
, 26
, 118
, 80
, 64
, 3
, 141
, 92
, 52
, 134
, 10
, 81
, 63
, 47
, 97
, 63
, 81
, 30
, 114
, 5
, 139
, 33
, 111
, 19
, 125
, 4
, 140
, 109
, 35
, 7
, 137
, 61
, 83
, 37
, 107
, 70
, 74
, 112
, 32
, 7
, 137
, 6
, 138
, 96
, 48
, 17
, 127
, 75
, 69
, 92
, 52
, 19
, 125
, 61
, 83
, 1
, 143
, 42
, 102
, 55
, 89
, 66
, 78
, 10
, 134
, 53
, 91
, 31
, 113
, 138
, 6
, 26
, 118
, 3
, 141
, 35
, 109
, 83
, 61
, 53
, 91
, 140
, 4
, 78
, 66
, 108
, 36
, 114
, 30
, 112
, 32
, 112
, 32
, 20
, 124
, 123
, 21
, 89
, 55
, 40
, 104
, 38
, 106
, 61
, 83
, 106
, 38
, 96
, 48
, 116
, 28
, 132
, 12
, 9
, 135
, 118
, 26
, 56
, 88
, 117
, 27
, 87
, 57
, 5
, 139
, 60
, 84
, 132
, 12
, 117
, 27
, 58
, 86
, 117
, 27
, 52
, 92
, 42
, 102
, 127
, 17
, 80
, 64
, 8
, 136
, 107
, 37
, 8
, 136
, 20
, 124
, 27
, 117
, 87
, 57
, 140
, 4
, 5
, 139
, 21
, 123
, 107
, 37
, 51
, 93
, 126
, 18
, 60
, 84
, 63
, 81
, 33
, 111
, 41
, 103
, 116
, 28
, 39
, 105
, 125
, 19
, 132
, 12
, 140
, 4
, 18
, 126
, 109
, 35
, 106
, 38
, 64
, 80
, 1
, 143
, 142
, 2
, 44
, 100
, 59
, 85
, 106
, 38
, 31
, 113
, 115
, 29
, 73
, 71
, 131
, 13
, 90
, 54
, 29
, 115
, 132
, 12
, 111
, 33
, 96
, 48
, 20
, 124
, 97
, 47
, 30
, 114
, 20
, 124
, 26
, 118
, 139
, 5
, 115
, 29
, 29
, 115
, 103
, 41
, 51
, 93
, 41
, 103
, 122
, 22
, 23
, 121
, 108
, 36
, 122
, 22
, 57
, 87
, 40
, 104
, 140
, 4
, 10
, 134
, 119
, 25
, 95
, 49
, 16
, 128
, 124
, 20
, 67
, 77
, 69
, 75
, 128
, 16
, 22
, 122
, 46
, 98
, 120
, 24
, 72
, 72
, 134
, 10
, 56
, 88
, 7
, 137
, 77
, 67
, 10
, 134
, 21
, 123
, 96
, 48
, 52
, 92
, 47
, 97
, 7
, 137
, 53
, 91
, 15
, 129
, 78
, 66
, 114
, 30
, 82
, 62
, 1
, 143
, 123
, 21
, 112
, 32
, 40
, 104
, 12
, 132
, 42
, 102
, 32
, 112
, 132
, 12
, 100
, 44
, 21
, 123
, 55
, 89
, 114
, 30
, 136
, 8
, 90
, 54
, 136
, 8
, 13
, 131
, 64
, 80
, 129
, 15
, 64
, 80
, 58
, 86
, 69
, 75
, 16
, 128
, 3
, 141
, 128
, 16
, 119
, 25
, 93
, 51
, 14
, 130
, 33
, 111
, 93
, 51
, 98
, 46
, 80
, 64
, 3
, 141
, 122
, 22
, 17
, 127
, 48
, 96
, 71
, 73
, 73
, 71
, 121
, 23
, 19
, 125
, 17
, 127
, 123
, 21
, 31
, 113
, 125
, 19
, 22
, 122
, 50
, 94
, 80
, 64
, 71
, 73
, 44
, 100
, 49
, 95
, 139
, 5
, 27
, 117
, 110
, 34
, 24
, 120
, 137
, 7
, 112
, 32
, 132
, 12
, 139
, 5
, 10
, 134
, 110
, 34
, 88
, 56
, 108
, 36
, 133
, 11
, 93
, 51
, 129
, 15
, 25
, 119
, 65
, 79
, 35
, 109
, 44
, 100
, 37
, 107
, 33
, 111
, 51
, 93
, 99
, 45
, 65
, 79
, 129
, 15
, 68
, 76
, 5
, 139
, 109
, 35
, 63
, 81
, 70
, 74
, 25
, 119
, 125
, 19
, 132
, 12
, 90
, 54
, 137
, 7
, 1
, 143
, 22
, 122
, 114
, 30
, 118
, 26
, 34
, 110
, 26
, 118
, 69
, 75
, 92
, 52
, 100
, 44
, 78
, 66
, 113
, 31
, 79
, 65
, 77
, 67
, 137
, 7
, 98
, 46
, 83
, 61
, 124
, 20
, 112
, 32
, 95
, 49
, 14
, 130
, 95
, 49
, 17
, 127
, 8
, 136
, 67
, 77
, 140
, 4
, 95
, 49
, 34
, 110
, 91
, 53
, 133
, 11
, 91
, 53
, 95
, 49
, 80
, 64
, 138
, 6
, 90
, 54
, 85
, 59
, 118
, 26
, 128
, 16
, 14
, 130
, 4
, 140
, 56
, 88
, 2
, 142
, 5
, 139
, 26
, 118
, 45
, 99
, 108
, 36
, 54
, 90
, 80
, 64
, 89
, 55
, 34
, 110
, 52
, 92
, 129
, 15
, 67
, 77
, 1
, 143
, 59
, 85
, 93
, 51
, 81
, 63
, 23
, 121
, 53
, 91
, 51
, 93
, 81
, 63
, 78
, 66
, 48
, 96
, 84
, 60
, 32
, 112
, 44
, 100
, 7
, 137
, 132
, 12
, 18
, 126
, 44
, 100
, 12
, 132
, 47
, 97
, 62
, 82
, 106
, 38
, 24
, 120
, 40
, 104
, 119
, 25
, 51
, 93
, 37
, 107
, 120
, 24
, 89
, 55
, 97
, 47
, 58
, 86
, 123
, 21
, 69
, 75
, 86
, 58
, 76
, 68
, 35
, 109
, 62
, 82
, 124
, 20
, 106
, 38
, 138
, 6
, 63
, 81
, 47
, 97
, 85
, 59
, 63
, 81
, 88
, 56
, 122
, 22
, 108
, 36
, 19
, 125
, 48
, 96
, 44
, 100
, 87
, 57
, 132
, 12
, 113
, 31
, 40
, 104
, 77
, 67
, 23
, 121
, 124
, 20
, 24
, 120
, 17
, 127
, 136
, 8
, 129
, 15
, 97
, 47
, 15
, 129
, 39
, 105
, 128
, 16
, 87
, 57
, 130
, 14
, 17
, 127
, 83
, 61
, 29
, 115
, 138
, 6
, 123
, 21
, 121
, 23
, 60
, 84
, 45
, 99
, 17
, 127
, 86
, 58
, 109
, 35
, 8
, 136
, 18
, 126
, 51
, 93
, 30
, 114
, 68
, 76
, 52
, 92
, 96
, 48
, 71
, 73
, 80
, 64
, 137
, 7
, 11
, 133
, 65
, 79
, 29
, 115
, 76
, 68
, 118
, 26
, 46
, 98
, 59
, 85
, 57
, 87
, 63
, 81
, 71
, 73
, 76
, 68
, 123
, 21
, 107
, 37
, 134
, 10
, 13
, 131
, 1
, 143
, 30
, 114
, 72
, 72
, 20
, 124
, 136
, 8
, 82
, 62
, 15
, 129
, 27
, 117
, 84
, 60
, 63
, 81
, 49
, 95
, 22
, 122
, 13
, 131
, 76
, 68
, 86
, 58
, 141
, 3
, 48
, 96
, 88
, 56
, 95
, 49
, 16
, 128
, 29
, 115
, 82
, 62
, 108
, 36
, 74
, 70
, 134
, 10
, 69
, 75
, 72
, 72
, 83
, 61
, 35
, 109
, 108
, 36
, 97
, 47
, 46
, 98
, 129
, 15
, 74
, 70
, 131
, 13
, 42
, 102
, 121
, 23
, 73
, 71
, 83
, 61
, 93
, 51
, 63
, 81
, 69
, 75
, 30
, 114
, 51
, 93
, 127
, 17
, 117
, 27
, 122
, 22
, 99
, 45
, 129
, 15
, 104
, 40
, 136
, 8
, 44
, 100
, 15
, 129
, 125
, 19
, 91
, 53
, 97
, 47
, 142
, 2
, 45
, 99
, 133
, 11
, 10
, 134
, 52
, 92
, 76
, 68
, 89
, 55
, 1
, 143
, 60
, 84
, 55
, 89
, 130
, 14
, 96
, 48
, 118
, 26
, 69
, 75
, 136
, 8
, 97
, 47
, 54
, 90
, 2
, 142
, 18
, 126
, 35
, 109
, 5
, 139
, 34
, 110
, 49
, 95
, 3
, 141
, 66
, 78
, 84
, 60
, 110
, 34
, 120
, 24
, 51
, 93
, 131
, 13
, 74
, 70
, 46
, 98
, 113
, 31
, 126
, 18
, 73
, 71
, 37
, 107
, 58
, 86
, 34
, 110
, 27
, 117
, 38
, 106
, 84
, 60
, 29
, 115
, 91
, 53
, 125
, 19
, 131
, 13
, 99
, 45
, 40
, 104
, 102
, 42
, 99
, 45
, 130
, 14
, 88
, 56
, 21
, 123
, 134
, 10
, 96
, 48
, 97
, 47
, 70
, 74
, 43
, 101
, 83
, 61
, 91
, 53
, 36
, 108
, 141
, 3
, 18
, 126
, 32
, 112
, 111
, 33
, 12
, 132
, 118
, 26
, 29
, 115
, 114
, 30
, 15
, 129
, 131
, 13
, 22
, 122
, 141
, 3
, 64
, 80
, 68
, 76
, 109
, 35
, 109
, 35
, 113
, 31
, 10
, 134
, 120
, 24
, 104
, 40
, 120
, 24
, 71
, 73
, 11
, 133
, 76
, 68
, 62
, 82
, 115
, 29
, 122
, 22
, 124
, 20
, 87
, 57
, 119
, 25
, 88
, 56
, 125
, 19
, 131
, 13
, 100
, 44
, 118
, 26
, 121
, 23
, 82
, 62
, 54
, 90
, 88
, 56
, 12
, 132
, 79
, 65
, 88
, 56
, 57
, 87
, 35
, 109
, 107
, 37
, 11
, 133
, 73
, 71
, 124
, 20
, 10
, 134
, 126
, 18
, 12
, 132
, 44
, 100
, 70
, 74
, 131
, 13
, 11
, 133
, 61
, 83
, 91
, 53
, 55
, 89
, 71
, 73
, 117
, 27
, 18
, 126
, 72
, 72
, 124
, 20
, 91
, 53
, 40
, 104
, 40
, 104
, 46
, 98
, 84
, 60
, 85
, 59
, 14
, 130
, 52
, 92
, 68
, 76
, 91
, 53
, 118
, 26
, 32
, 112
, 79
, 65
, 63
, 81
, 113
, 31
, 61
, 83
, 25
, 119
, 82
, 62
, 138
, 6
, 19
, 125
, 113
, 31
, 19
, 125
, 105
, 39
, 7
, 137
, 38
, 106
, 21
, 123
, 60
, 84
, 1
, 143
, 85
, 59
, 55
, 89
, 44
, 100
, 38
, 106
, 62
, 82
, 91
, 53
, 32
, 112
, 131
, 13
, 138
, 6
, 51
, 93
, 49
, 95
, 18
, 126
, 88
, 56
, 77
, 67
, 7
, 137
, 72
, 72
, 95
, 49
, 65
, 79
, 84
, 60
, 73
, 71
, 140
, 4
, 28
, 116
, 55
, 89
, 49
, 95
, 77
, 67
, 46
, 98
, 126
, 18
, 5
, 139
, 10
, 134
, 58
, 86
, 127
, 17
, 119
, 25
, 57
, 87
, 141
, 3
, 11
, 133
, 59
, 85
, 83
, 61
, 46
, 98
, 46
, 98
, 52
, 92
, 65
, 79
, 140
, 4
, 4
, 140
, 77
, 67
, 23
, 121
, 122
, 22
, 104
, 40
, 83
, 61
, 83
, 61
, 78
, 66
, 117
, 27
, 140
, 4
, 100
, 44
, 23
, 121
, 6
, 138
, 22
, 122
, 77
, 67
, 21
, 123
, 138
, 6
, 113
, 31
, 64
, 80
, 70
, 74
, 66
, 78
, 66
, 78
, 85
, 59
, 52
, 92
, 103
, 41
, 44
, 100
, 125
, 19
, 137
, 7
, 102
, 42
, 17
, 127
, 11
, 133
, 121
, 23
, 127
, 17
, 120
, 24
, 101
, 43
, 87
, 57
, 65
, 79
, 139
, 5
, 102
, 42
, 140
, 4
, 115
, 29
, 4
, 140
, 62
, 82
, 9
, 135
, 129
, 15
, 49
, 95
, 121
, 23
, 137
, 7
, 95
, 49
, 88
, 56
, 8
, 136
, 55
, 89
, 87
, 57
, 48
, 96
, 105
, 39
, 32
, 112
, 91
, 53
, 117
, 27
, 90
, 54
, 64
, 80
, 79
, 65
, 121
, 23
, 71
, 73
, 104
, 40
, 38
, 106
, 61
, 83
, 29
, 115
, 28
, 116
, 117
, 27
, 52
, 92
, 26
, 118
, 139
, 5
, 47
, 97
, 108
, 36
, 95
, 49
, 22
, 122
, 69
, 75
, 25
, 119
, 114
, 30
, 89
, 55
, 14
, 130
, 30
, 114
, 6
, 138
, 141
, 3
, 142
, 2
, 63
, 81
, 113
, 31
, 27
, 117
, 124
, 20
, 123
, 21
, 101
, 43
, 97
, 47
, 6
, 138
, 98
, 46
, 80
, 64
, 77
, 67
, 114
, 30
, 87
, 57
, 28
, 116
, 111
, 33
, 113
, 31
, 40
, 104
, 75
, 69
, 140
, 4
, 14
, 130
, 46
, 98
, 139
, 5
, 2
, 142
, 48
, 96
, 110
, 34
, 47
, 97
, 58
, 86
, 54
, 90
, 80
, 64
, 7
, 137
, 56
, 88
, 81
, 63
, 135
, 9
, 73
, 71
, 55
, 89
, 101
, 43
, 136
, 8
, 98
, 46
, 126
, 18
, 79
, 65
, 85
, 59
, 60
, 84
, 72
, 72
, 135
, 9
, 77
, 67
, 32
, 112
, 44
, 100
, 112
, 32
, 112
, 32
, 23
, 121
, 41
, 103
, 96
, 48
, 94
, 50
, 11
, 133
, 94
, 50
, 122
, 22
, 30
, 114
, 49
, 95
, 93
, 51
, 94
, 50
, 112
, 32
, 31
, 113
, 33
, 111
, 84
, 60
, 103
, 41
, 126
, 18
, 67
, 77
, 5
, 139
, 121
, 23
, 71
, 73
, 85
, 59
, 99
, 45
, 19
, 125
, 102
, 42
, 12
, 132
, 91
, 53
, 121
, 23
, 49
, 95
, 6
, 138
, 75
, 69
, 117
, 27
, 69
, 75
, 80
, 64
, 49
, 95
, 66
, 78
, 47
, 97
, 95
, 49
, 135
, 9
, 102
, 42
, 65
, 79
, 13
, 131
, 50
, 94
, 118
, 26
, 131
, 13
, 22
, 122
, 80
, 64
, 48
, 96
, 85
, 59
, 139
, 5
, 77
, 67
, 8
, 136
, 42
, 102
, 124
, 20
, 86
, 58
, 58
, 86
, 71
, 73
, 65
, 79
, 83
, 61
, 5
, 139
, 137
, 7
, 30
, 114
, 70
, 74
, 77
, 67
, 72
, 72
, 77
, 67
, 82
, 62
, 124
, 20
, 101
, 43
, 63
, 81
, 62
, 82
, 44
, 100
, 100
, 44
, 106
, 38
, 88
, 56
, 114
, 30
, 73
, 71
, 20
, 124
, 140
, 4
, 19
, 125
, 86
, 58
, 3
, 141
, 81
, 63
, 33
, 111
, 84
, 60
, 67
, 77
, 19
, 125
, 45
, 99
, 33
, 111
, 43
, 101
, 16
, 128
, 97
, 47
, 81
, 63
, 90
, 54
, 74
, 70
, 128
, 16
, 106
, 38
, 56
, 88
, 63
, 81
, 8
, 136
, 141
, 3
, 42
, 102
, 77
, 67
, 66
, 78
, 141
, 3
, 138
, 6
, 96
, 48
, 44
, 100
, 2
, 142
, 129
, 15
, 101
, 43
, 50
, 94
, 118
, 26
, 142
, 2
, 49
, 95
, 83
, 61
, 85
, 59
, 29
, 115
, 90
, 54
, 91
, 53
, 58
, 86
, 54
, 90
, 3
, 141
, 76
, 68
, 51
, 93
, 78
, 66
, 98
, 46
, 44
, 100
, 73
, 71
, 26
, 118
, 16
, 128
, 110
, 34
, 74
, 70
, 86
, 58
, 11
, 133
, 84
, 60
, 107
, 37
, 42
, 102
, 67
, 77
, 34
, 110
, 15
, 129
, 38
, 106
, 129
, 15
, 22
, 122
, 8
, 136
, 46
, 98
, 97
, 47
, 98
, 46
, 8
, 136
, 129
, 15
, 108
, 36
, 106
, 38
, 6
, 138
, 14
, 130
, 91
, 53
, 120
, 24
, 81
, 63
, 130
, 14
, 49
, 95
, 20
, 124
, 124
, 20
, 45
, 99
, 110
, 34
, 120
, 24
, 102
, 42
, 131
, 13
, 32
, 112
, 102
, 42
, 80
, 64
, 46
, 98
, 30
, 114
, 92
, 52
, 127
, 17
, 57
, 87
, 120
, 24
, 75
, 69
, 77
, 67
, 7
, 137
, 80
, 64
, 71
, 73
, 79
, 65
, 25
, 119
, 15
, 129
, 133
, 11
, 106
, 38
, 100
, 44
, 29
, 115
, 131
, 13
, 18
, 126
, 134
, 10
, 92
, 52
, 38
, 106
, 69
, 75
, 20
, 124
, 24
, 120
, 19
, 125
, 118
, 26
, 106
, 38
, 137
, 7
, 27
, 117
, 51
, 93
, 93
, 51
, 37
, 107
, 28
, 116
, 53
, 91
, 94
, 50
, 128
, 16
, 88
, 56
, 132
, 12
, 14
, 130
, 77
, 67
, 107
, 37
, 23
, 121
, 42
, 102
, 106
, 38
, 137
, 7
, 140
, 4
, 127
, 17
, 73
, 71
, 70
, 74
, 59
, 85
, 58
, 86
, 127
, 17
, 23
, 121
, 29
, 115
, 122
, 22
, 31
, 113
, 91
, 53
, 23
, 121
, 36
, 108
, 79
, 65
, 68
, 76
, 129
, 15
, 41
, 103
, 39
, 105
, 98
, 46
, 11
, 133
, 79
, 65
, 5
, 139
, 139
, 5
, 83
, 61
, 45
, 99
, 37
, 107
, 66
, 78
, 115
, 29
, 140
, 4
, 112
, 32
, 108
, 36
, 104
, 40
, 128
, 16
, 36
, 108
, 23
, 121
, 37
, 107
, 3
, 141
, 84
, 60
, 56
, 88
, 95
, 49
, 52
, 92
, 58
, 86
, 84
, 60
, 134
, 10
, 57
, 87
, 65
, 79
, 138
, 6
, 38
, 106
, 93
, 51
, 22
, 122
, 126
, 18
, 27
, 117
, 117
, 27
, 106
, 38
, 121
, 23
, 119
, 25
, 32
, 112
, 115
, 29
, 10
, 134
, 11
, 133
, 76
, 68
, 132
, 12
, 65
, 79
, 78
, 66
, 91
, 53
, 60
, 84
, 59
, 85
, 115
, 29
, 129
, 15
, 141
, 3
, 111
, 33
, 96
, 48
, 102
, 42
, 34
, 110
, 84
, 60
, 95
, 49
, 43
, 101
, 126
, 18
, 42
, 102
, 38
, 106
, 66
, 78
, 40
, 104
, 45
, 99
, 108
, 36
, 23
, 121
, 32
, 112
, 39
, 105
, 100
, 44
, 78
, 66
, 11
, 133
, 134
, 10
, 59
, 85
, 75
, 69
, 130
, 14
, 52
, 92
, 26
, 118
, 68
, 76
, 116
, 28
, 38
, 106
, 130
, 14
, 127
, 17
, 30
, 114
, 114
, 30
, 17
, 127
, 3
, 141
, 51
, 93
, 61
, 83
, 25
, 119
, 50
, 94
, 6
, 138
, 140
, 4
, 26
, 118
, 24
, 120
, 141
, 3
, 42
, 102
, 115
, 29
, 61
, 83
, 13
, 131
, 37
, 107
, 70
, 74
, 26
, 118
, 21
, 123
, 46
, 98
, 84
, 60
, 114
, 30
, 31
, 113
, 44
, 100
, 1
, 143
, 9
, 135
, 116
, 28
, 51
, 93
, 65
, 79
, 121
, 23
, 115
, 29
, 7
, 137
, 139
, 5
, 45
, 99
, 75
, 69
, 82
, 62
, 137
, 7
, 50
, 94
, 64
, 80
, 110
, 34
, 116
, 28
, 33
, 111
, 18
, 126
, 119
, 25
, 12
, 132
, 93
, 51
, 88
, 56
, 85
, 59
, 64
, 80
, 74
, 70
, 10
, 134
, 65
, 79
, 75
, 69
, 58
, 86
, 105
, 39
, 40
, 104
, 121
, 23
, 34
, 110
, 33
, 111
, 125
, 19
, 26
, 118
, 54
, 90
, 118
, 26
, 22
, 122
, 87
, 57
, 27
, 117
, 108
, 36
, 96
, 48
, 133
, 11
, 35
, 109
, 18
, 126
, 116
, 28
, 103
, 41
, 84
, 60
, 13
, 131
, 16
, 128
, 14
, 130
, 94
, 50
, 84
, 60
, 96
, 48
, 75
, 69
, 13
, 131
, 77
, 67
, 17
, 127
, 126
, 18
, 36
, 108
, 11
, 133
, 33
, 111
, 63
, 81
, 45
, 99
, 110
, 34
, 44
, 100
, 7
, 137
, 118
, 26
, 142
, 2
, 4
, 140
, 137
, 7
, 12
, 132
, 71
, 73
, 130
, 14
, 123
, 21
, 108
, 36
, 113
, 31
, 46
, 98
, 53
, 91
, 46
, 98
, 86
, 58
, 127
, 17
, 43
, 101
, 101
, 43
, 70
, 74
, 122
, 22
, 49
, 95
, 96
, 48
, 38
, 106
, 56
, 88
, 113
, 31
, 60
, 84
, 18
, 126
, 130
, 14
, 142
, 2
, 27
, 117
, 30
, 114
, 93
, 51
, 22
, 122
, 14
, 130
, 8
, 136
, 19
, 125
, 126
, 18
, 57
, 87
, 134
, 10
, 139
, 5
, 75
, 69
, 139
, 5
, 38
, 106
, 30
, 114
, 104
, 40
, 13
, 131
, 39
, 105
, 105
, 39
, 21
, 123
, 117
, 27
, 84
, 60
, 120
, 24
, 26
, 118
, 10
, 134
, 62
, 82
, 3
, 141
, 132
, 12
, 7
, 137
, 91
, 53
, 128
, 16
, 35
, 109
, 20
, 124
, 9
, 135
, 23
, 121
, 53
, 91
, 136
, 8
, 46
, 98
, 127
, 17
, 24
, 120
, 81
, 63
, 127
, 17
, 70
, 74
, 117
, 27
, 40
, 104
, 75
, 69
, 117
, 27
, 119
, 25
, 36
, 108
, 108
, 36
, 110
, 34
, 18
, 126
, 6
, 138
, 126
, 18
, 58
, 86
, 18
, 126
, 25
, 119
, 114
, 30
, 30
, 114
, 17
, 127
, 14
, 130
, 137
, 7
, 117
, 27
, 98
, 46
, 112
, 32
, 58
, 86
, 98
, 46
, 60
, 84
, 73
, 71
, 47
, 97
, 94
, 50
, 20
, 124
, 102
, 42
, 40
, 104
, 72
, 72
, 56
, 88
, 50
, 94
, 120
, 24
, 19
, 125
, 28
, 116
, 3
, 141
, 5
, 139
, 113
, 31
, 12
, 132
, 97
, 47
, 133
, 11
, 3
, 141
, 58
, 86
, 88
, 56
, 99
, 45
, 67
, 77
, 69
, 75
, 105
, 39
, 35
, 109
, 25
, 119
, 77
, 67
, 136
, 8
, 110
, 34
, 43
, 101
, 104
, 40
, 59
, 85
, 32
, 112
, 134
, 10
, 41
, 103
, 68
, 76
, 71
, 73
, 29
, 115
, 23
, 121
, 41
, 103
, 138
, 6
, 54
, 90
, 40
, 104
, 133
, 11
, 53
, 91
, 56
, 88
, 108
, 36
, 10
, 134
, 54
, 90
, 138
, 6
, 86
, 58
, 31
, 113
, 116
, 28
, 136
, 8
, 89
, 55
, 98
, 46
, 22
, 122
, 43
, 101
, 18
, 126
, 102
, 42
, 54
, 90
, 27
, 117
, 37
, 107
, 100
, 44
, 9
, 135
, 55
, 89
, 47
, 97
, 7
, 137
, 64
, 80
, 91
, 53
, 108
, 36
, 18
, 126
, 9
, 135
, 107
, 37
, 3
, 141
, 94
, 50
, 33
, 111
, 13
, 131
, 5
, 139
, 47
, 97
, 131
, 13
, 38
, 106
, 50
, 94
, 25
, 119
, 138
, 6
, 120
, 24
, 8
, 136
, 44
, 100
, 115
, 29
, 106
, 38
, 61
, 83
, 26
, 118
, 2
, 142
, 121
, 23
, 48
, 96
, 50
, 94
, 100
, 44
, 117
, 27
, 121
, 23
, 99
, 45
, 101
, 43
, 88
, 56
, 60
, 84
, 45
, 99
, 97
, 47
, 70
, 74
, 60
, 84
, 106
, 38
, 112
, 32
, 92
, 52
, 93
, 51
, 109
, 35
, 42
, 102
, 7
, 137
, 123
, 21
, 52
, 92
, 31
, 113
, 130
, 14
, 112
, 32
, 57
, 87
, 6
, 138
, 69
, 75
, 36
, 108
, 124
, 20
, 127
, 17
, 121
, 23
, 69
, 75
, 64
, 80
, 127
, 17
, 109
, 35
, 72
, 72
, 79
, 65
, 42
, 102
, 2
, 142
, 118
, 26
, 40
, 104
, 84
, 60
, 33
, 111
, 59
, 85
, 85
, 59
, 36
, 108
, 64
, 80
, 26
, 118
, 74
, 70
, 1
, 143
, 93
, 51
, 73
, 71
, 125
, 19
, 44
, 100
, 27
, 117
, 130
, 14
, 61
, 83
, 48
, 96
, 37
, 107
, 2
, 142
, 126
, 18
, 131
, 13
, 48
, 96
, 132
, 12
, 91
, 53
, 90
, 54
, 44
, 100
, 77
, 67
, 82
, 62
, 106
, 38
, 91
, 53
, 122
, 22
, 46
, 98
, 16
, 128
, 78
, 66
, 133
, 11
, 118
, 26
, 127
, 17
, 64
, 80
, 112
, 32
, 56
, 88
, 104
, 40
, 119
, 25
, 91
, 53
, 51
, 93
, 69
, 75
, 141
, 3
, 8
, 136
, 103
, 41
, 120
, 24
, 124
, 20
, 3
, 141
, 100
, 44
, 46
, 98
, 68
, 76
, 8
, 136
, 14
, 130
, 122
, 22
, 48
, 96
, 26
, 118
, 133
, 11
, 63
, 81
, 65
, 79
, 91
, 53
, 97
, 47
, 100
, 44
, 62
, 82
, 4
, 140
, 21
, 123
, 60
, 84
, 115
, 29
, 117
, 27
, 62
, 82
, 6
, 138
, 107
, 37
, 48
, 96
, 19
, 125
, 10
, 134
, 120
, 24
, 51
, 93
, 23
, 121
, 53
, 91
, 115
, 29
, 106
, 38
, 42
, 102
, 129
, 15
, 27
, 117
, 11
, 133
, 67
, 77
, 14
, 130
, 8
, 136
, 69
, 75
, 80
, 64
, 12
, 132
, 22
, 122
, 17
, 127
, 79
, 65
, 84
, 60
, 51
, 93
, 124
, 20
, 107
, 37
, 121
, 23
, 14
, 130
, 11
, 133
, 4
, 140
, 85
, 59
, 82
, 62
, 13
, 131
, 79
, 65
, 96
, 48
, 133
, 11
, 1
, 143
, 102
, 42
, 139
, 5
, 70
, 74
, 29
, 115
, 39
, 105
, 63
, 81
, 120
, 24
, 74
, 70
, 54
, 90
, 1
, 143
, 116
, 28
, 98
, 46
, 101
, 43
, 37
, 107
, 94
, 50
, 40
, 104
, 90
, 54
, 123
, 21
, 19
, 125
, 95
, 49
, 89
, 55
, 125
, 19
, 4
, 140
, 108
, 36
, 63
, 81
, 56
, 88
, 111
, 33
, 65
, 79
, 76
, 68
, 76
, 68
, 89
, 55
, 106
, 38
, 141
, 3
, 72
, 72
, 121
, 23
, 131
, 13
, 21
, 123
, 17
, 127
, 32
, 112
, 59
, 85
, 134
, 10
, 52
, 92
, 97
, 47
, 114
, 30
, 14
, 130
, 77
, 67
, 44
, 100
, 8
, 136
, 109
, 35
, 7
, 137
, 43
, 101
, 129
, 15
, 137
, 7
, 26
, 118
, 141
, 3
, 62
, 82
, 84
, 60
, 102
, 42
, 136
, 8
, 91
, 53
, 24
, 120
, 68
, 76
, 120
, 24
, 125
, 19
, 117
, 27
, 48
, 96
, 118
, 26
, 97
, 47
, 125
, 19
, 14
, 130
, 125
, 19
, 80
, 64
, 90
, 54
, 7
, 137
, 104
, 40
, 14
, 130
, 58
, 86
, 19
, 125
, 105
, 39
, 68
, 76
, 31
, 113
, 94
, 50
, 54
, 90
, 55
, 89
, 88
, 56
, 127
, 17
, 129
, 15
, 93
, 51
, 125
, 19
, 139
, 5
, 85
, 59
, 57
, 87
, 136
, 8
, 116
, 28
, 95
, 49
, 35
, 109
, 3
, 141
, 89
, 55
, 61
, 83
, 54
, 90
, 66
, 78
, 134
, 10
, 44
, 100
, 44
, 100
, 129
, 15
, 19
, 125
, 80
, 64
, 3
, 141
, 44
, 100
, 69
, 75
, 24
, 120
, 76
, 68
, 115
, 29
, 42
, 102
, 108
, 36
, 135
, 9
, 125
, 19
, 34
, 110
, 117
, 27
, 111
, 33
, 140
, 4
, 17
, 127
, 116
, 28
, 23
, 121
, 31
, 113
, 109
, 35
, 96
, 48
, 103
, 41
, 142
, 2
, 90
, 54
, 129
, 15
, 15
, 129
, 112
, 32
, 27
, 117
, 33
, 111
, 54
, 90
, 88
, 56
, 123
, 21
, 24
, 120
, 54
, 90
, 8
, 136
, 42
, 102
, 17
, 127
, 139
, 5
, 118
, 26
, 62
, 82
, 48
, 96
, 133
, 11
, 33
, 111
, 91
, 53
, 99
, 45
, 4
, 140
, 83
, 61
, 41
, 103
, 66
, 78
, 53
, 91
, 43
, 101
, 19
, 125
, 86
, 58
, 96
, 48
, 53
, 91
, 12
, 132
, 102
, 42
, 107
, 37
, 44
, 100
, 141
, 3
, 37
, 107
, 29
, 115
, 115
, 29
, 106
, 38
, 5
, 139
, 70
, 74
, 114
, 30
, 113
, 31
, 22
, 122
, 98
, 46
, 70
, 74
, 10
, 134
, 45
, 99
, 124
, 20
, 78
, 66
, 91
, 53
, 8
, 136
, 45
, 99
, 92
, 52
, 86
, 58
, 105
, 39
, 125
, 19
, 90
, 54
, 47
, 97
, 121
, 23
, 29
, 115
, 98
, 46
, 25
, 119
, 139
, 5
, 138
, 6
, 16
, 128
, 90
, 54
, 2
, 142
, 107
, 37
, 93
, 51
, 2
, 142
, 46
, 98
, 38
, 106
, 23
, 121
, 103
, 41
, 38
, 106
, 111
, 33
, 74
, 70
, 30
, 114
, 57
, 87
, 20
, 124
, 44
, 100
, 14
, 130
, 77
, 67
, 50
, 94
, 88
, 56
, 36
, 108
, 97
, 47
, 4
, 140
, 6
, 138
, 34
, 110
, 81
, 63
, 2
, 142
, 1
, 143
, 41
, 103
, 72
, 72
, 9
, 135
, 57
, 87
, 116
, 28
, 21
, 123
, 17
, 127
, 83
, 61
, 96
, 48
, 87
, 57
, 36
, 108
, 137
, 7
, 44
, 100
, 101
, 43
, 128
, 16
, 23
, 121
, 111
, 33
, 120
, 24
, 23
, 121
, 79
, 65
, 45
, 99
, 8
, 136
, 44
, 100
, 93
, 51
, 76
, 68
, 78
, 66
, 127
, 17
, 93
, 51
, 33
, 111
, 118
, 26
, 76
, 68
, 123
, 21
, 141
, 3
, 129
, 15
, 71
, 73
, 58
, 86
, 98
, 46
, 127
, 17
, 20
, 124
, 52
, 92
, 124
, 20
, 78
, 66
, 15
, 129
, 134
, 10
, 13
, 131
, 52
, 92
, 135
, 9
, 87
, 57
, 100
, 44
, 81
, 63
, 68
, 76
, 62
, 82
, 15
, 129
, 28
, 116
, 51
, 93
, 57
, 87
, 76
, 68
, 107
, 37
, 7
, 137
, 9
, 135
, 89
, 55
, 75
, 69
, 10
, 134
, 18
, 126
, 39
, 105
, 46
, 98
, 74
, 70
, 89
, 55
, 94
, 50
, 49
, 95
, 110
, 34
, 127
, 17
, 57
, 87
, 78
, 66
, 20
, 124
, 61
, 83
, 94
, 50
, 44
, 100
, 106
, 38
, 30
, 114
, 2
, 142
, 70
, 74
, 36
, 108
, 31
, 113
, 110
, 34
, 118
, 26
, 43
, 101
, 42
, 102
, 75
, 69
, 98
, 46
, 33
, 111
, 120
, 24
, 20
, 124
, 64
, 80
, 53
, 91
, 139
, 5
, 60
, 84
, 11
, 133
, 110
, 34
, 120
, 24
, 58
, 86
, 13
, 131
, 107
, 37
, 91
, 53
, 20
, 124
, 91
, 53
, 77
, 67
, 112
, 32
, 58
, 86
, 96
, 48
, 34
, 110
, 72
, 72
, 79
, 65
, 122
, 22
, 132
, 12
, 106
, 38
, 7
, 137
, 96
, 48
, 25
, 119
, 33
, 111
, 6
, 138
, 33
, 111
, 27
, 117
, 102
, 42
, 46
, 98
, 103
, 41
, 109
, 35
, 133
, 11
, 126
, 18
, 3
, 141
, 111
, 33
, 5
, 139
, 1
, 143
, 137
, 7
, 86
, 58
, 84
, 60
, 124
, 20
, 110
, 34
, 73
, 71
, 142
, 2
, 21
, 123
, 63
, 81
, 30
, 114
, 42
, 102
, 116
, 28
, 118
, 26
, 114
, 30
, 139
, 5
, 63
, 81
, 18
, 126
, 93
, 51
, 10
, 134
, 84
, 60
, 26
, 118
, 35
, 109
, 9
, 135
, 106
, 38
, 56
, 88
, 57
, 87
, 55
, 89
, 65
, 79
, 68
, 76
, 141
, 3
, 37
, 107
, 52
, 92
, 70
, 74
, 66
, 78
, 11
, 133
, 63
, 81
, 41
, 103
, 60
, 84
, 25
, 119
, 43
, 101
, 3
, 141
, 3
, 141
, 30
, 114
, 140
, 4
, 44
, 100
, 129
, 15
, 55
, 89
, 106
, 38
, 59
, 85
, 134
, 10
, 43
, 101
, 44
, 100
, 108
, 36
, 53
, 91
, 95
, 49
, 20
, 124
, 131
, 13
, 100
, 44
, 119
, 25
, 7
, 137
, 63
, 81
, 8
, 136
, 25
, 119
, 131
, 13
, 127
, 17
, 46
, 98
, 4
, 140
, 126
, 18
, 38
, 106
, 96
, 48
, 77
, 67
, 60
, 84
, 64
, 80
, 14
, 130
, 131
, 13
, 95
, 49
, 53
, 91
, 13
, 131
, 64
, 80
, 56
, 88
, 27
, 117
, 126
, 18
, 115
, 29
, 78
, 66
, 64
, 80
, 117
, 27
, 95
, 49
, 114
, 30
, 8
, 136
, 52
, 92
, 50
, 94
, 130
, 14
, 90
, 54
, 121
, 23
, 20
, 124
, 39
, 105
, 70
, 74
, 75
, 69
, 82
, 62
, 110
, 34
, 140
, 4
, 62
, 82
, 132
, 12
, 119
, 25
, 52
, 92
, 121
, 23
, 41
, 103
, 78
, 66
, 2
, 142
, 115
, 29
, 17
, 127
, 100
, 44
, 142
, 2
, 31
, 113
, 116
, 28
, 130
, 14
, 141
, 3
, 133
, 11
, 34
, 110
, 102
, 42
, 61
, 83
, 96
, 48
, 70
, 74
, 107
, 37
, 100
, 44
, 3
, 141
, 129
, 15
, 27
, 117
, 5
, 139
, 96
, 48
, 55
, 89
, 61
, 83
, 142
, 2
, 64
, 80
, 13
, 131
, 22
, 122
, 132
, 12
, 100
, 44
, 69
, 75
, 21
, 123
, 108
, 36
, 96
, 48
, 112
, 32
, 7
, 137
, 78
, 66
, 128
, 16
, 16
, 128
, 140
, 4
, 45
, 99
, 100
, 44
, 55
, 89
, 136
, 8
, 118
, 26
, 90
, 54
, 71
, 73
, 5
, 139
, 39
, 105
, 51
, 93
, 1
, 143
, 13
, 131
, 89
, 55
, 49
, 95
, 113
, 31
, 76
, 68
, 66
, 78
, 104
, 40
, 76
, 68
, 121
, 23
, 96
, 48
, 70
, 74
, 20
, 124
, 57
, 87
, 67
, 77
, 5
, 139
, 63
, 81
, 16
, 128
, 90
, 54
, 46
, 98
, 59
, 85
, 88
, 56
, 103
, 41
, 26
, 118
, 117
, 27
, 114
, 30
, 116
, 28
, 79
, 65
, 33
, 111
, 105
, 39
, 96
, 48
, 133
, 11
, 22
, 122
, 56
, 88
, 13
, 131
, 37
, 107
, 130
, 14
, 100
, 44
, 128
, 16
, 135
, 9
, 86
, 58
, 115
, 29
, 71
, 73
, 82
, 62
, 90
, 54
, 79
, 65
, 65
, 79
, 118
, 26
, 120
, 24
, 88
, 56
, 73
, 71
, 49
, 95
, 66
, 78
, 47
, 97
, 117
, 27
, 19
, 125
, 79
, 65
, 118
, 26
, 135
, 9
, 71
, 73
, 42
, 102
, 130
, 14
, 137
, 7
, 45
, 99
, 100
, 44
, 90
, 54
, 42
, 102
, 116
, 28
, 14
, 130
, 7
, 137
, 106
, 38
, 51
, 93
, 39
, 105
, 9
, 135
, 56
, 88
, 44
, 100
, 11
, 133
, 135
, 9
, 62
, 82
, 10
, 134
, 16
, 128
, 129
, 15
, 58
, 86
, 100
, 44
, 16
, 128
, 10
, 134
, 129
, 15
, 53
, 91
, 77
, 67
, 45
, 99
, 40
, 104
, 99
, 45
, 46
, 98
, 121
, 23
, 67
, 77
, 109
, 35
, 74
, 70
, 9
, 135
, 85
, 59
, 94
, 50
, 42
, 102
, 67
, 77
, 109
, 35
, 48
, 96
, 43
, 101
, 28
, 116
, 137
, 7
, 70
, 74
, 2
, 142
, 73
, 71
, 14
, 130
, 118
, 26
, 69
, 75
, 122
, 22
, 82
, 62
, 1
, 143
, 129
, 15
, 30
, 114
, 14
, 130
, 109
, 35
, 80
, 64
, 15
, 129
, 35
, 109
, 82
, 62
, 45
, 99
, 133
, 11
, 103
, 41
, 59
, 85
, 101
, 43
, 99
, 45
, 60
, 84
, 62
, 82
, 90
, 54
, 116
, 28
, 51
, 93
, 122
, 22
, 96
, 48
, 80
, 64
, 100
, 44
, 94
, 50
, 47
, 97
, 43
, 101
, 13
, 131
, 131
, 13
, 90
, 54
, 50
, 94
, 140
, 4
, 105
, 39
, 106
, 38
, 28
, 116
, 108
, 36
, 59
, 85
, 110
, 34
, 44
, 100
, 54
, 90
, 6
, 138
, 27
, 117
, 65
, 79
, 114
, 30
, 35
, 109
, 15
, 129
, 28
, 116
, 138
, 6
, 16
, 128
, 34
, 110
, 106
, 38
, 74
, 70
, 80
, 64
, 32
, 112
, 59
, 85
, 119
, 25
, 77
, 67
, 133
, 11
, 26
, 118
, 123
, 21
, 7
, 137
, 26
, 118
, 54
, 90
, 6
, 138
, 133
, 11
, 82
, 62
, 56
, 88
, 82
, 62
, 41
, 103
, 139
, 5
, 65
, 79
, 10
, 134
, 133
, 11
, 83
, 61
, 118
, 26
, 70
, 74
, 62
, 82
, 18
, 126
, 102
, 42
, 86
, 58
, 73
, 71
, 19
, 125
, 131
, 13
, 13
, 131
, 139
, 5
, 136
, 8
, 9
, 135
, 105
, 39
, 20
, 124
, 33
, 111
, 117
, 27
, 120
, 24
, 21
, 123
, 31
, 113
, 139
, 5
, 51
, 93
, 130
, 14
, 58
, 86
, 3
, 141
, 82
, 62
, 24
, 120
, 49
, 95
, 116
, 28
, 93
, 51
, 13
, 131
, 16
, 128
, 64
, 80
, 136
, 8
, 44
, 100
, 117
, 27
, 26
, 118
, 131
, 13
, 41
, 103
, 102
, 42
, 8
, 136
, 76
, 68
, 106
, 38
, 100
, 44
, 103
, 41
, 60
, 84
, 110
, 34
, 75
, 69
, 29
, 115
, 42
, 102
, 53
, 91
, 21
, 123
, 78
, 66
, 104
, 40
, 111
, 33
, 61
, 83
, 71
, 73
, 142
, 2
, 1
, 143
, 80
, 64
, 130
, 14
, 97
, 47
, 35
, 109
, 85
, 59
, 20
, 124
, 69
, 75
, 133
, 11
, 62
, 82
, 104
, 40
, 92
, 52
, 38
, 106
, 115
, 29
, 43
, 101
, 44
, 100
, 106
, 38
, 13
, 131
, 37
, 107
, 121
, 23
, 105
, 39
, 39
, 105
, 99
, 45
, 73
, 71
, 56
, 88
, 32
, 112
, 81
, 63
, 136
, 8
, 13
, 131
, 112
, 32
, 115
, 29
, 53
, 91
, 89
, 55
, 7
, 137
, 129
, 15
, 22
, 122
, 104
, 40
, 94
, 50
, 135
, 9
, 95
, 49
, 35
, 109
, 113
, 31
, 78
, 66
, 6
, 138
, 121
, 23
, 10
, 134
, 70
, 74
, 56
, 88
, 37
, 107
, 106
, 38
, 16
, 128
, 44
, 100
, 32
, 112
, 130
, 14
, 80
, 64
, 79
, 65
, 124
, 20
, 8
, 136
, 66
, 78
, 100
, 44
, 49
, 95
, 117
, 27
, 54
, 90
, 89
, 55
, 79
, 65
, 22
, 122
, 82
, 62
, 12
, 132
, 78
, 66
, 107
, 37
, 69
, 75
, 59
, 85
, 48
, 96
, 66
, 78
, 128
, 16
, 28
, 116
, 125
, 19
, 29
, 115
, 131
, 13
, 94
, 50
, 62
, 82
, 60
, 84
, 35
, 109
, 98
, 46
, 90
, 54
, 110
, 34
, 102
, 42
, 56
, 88
, 10
, 134
, 19
, 125
, 87
, 57
, 91
, 53
, 13
, 131
, 65
, 79
, 26
, 118
, 124
, 20
, 10
, 134
, 124
, 20
, 43
, 101
, 127
, 17
, 125
, 19
, 75
, 69
, 13
, 131
, 8
, 136
, 74
, 70
, 50
, 94
, 47
, 97
, 63
, 81
, 20
, 124
, 13
, 131
, 18
, 126
, 122
, 22
, 134
, 10
, 100
, 44
, 108
, 36
, 42
, 102
, 82
, 62
, 33
, 111
, 136
, 8
, 129
, 15
, 133
, 11
, 7
, 137
, 17
, 127
, 69
, 75
, 3
, 141
, 81
, 63
, 76
, 68
, 127
, 17
, 28
, 116
, 65
, 79
, 93
, 51
, 111
, 33
, 58
, 86
, 12
, 132
, 81
, 63
, 43
, 101
, 86
, 58
, 98
, 46
, 130
, 14
, 26
, 118
, 132
, 12
, 16
, 128
, 18
, 126
, 138
, 6
, 117
, 27
, 42
, 102
, 50
, 94
, 57
, 87
, 55
, 89
, 104
, 40
, 85
, 59
, 59
, 85
, 83
, 61
, 13
, 131
, 139
, 5
, 70
, 74
, 93
, 51
, 90
, 54
, 142
, 2
, 66
, 78
, 66
, 78
, 86
, 58
, 111
, 33
, 5
, 139
, 48
, 96
, 68
, 76
, 7
, 137
, 90
, 54
, 94
, 50
, 125
, 19
, 108
, 36
, 95
, 49
, 133
, 11
, 112
, 32
, 129
, 15
, 62
, 82
, 26
, 118
, 138
, 6
, 117
, 27
, 59
, 85
, 100
, 44
, 56
, 88
, 95
, 49
, 85
, 59
, 49
, 95
, 137
, 7
, 37
, 107
, 26
, 118
, 141
, 3
, 70
, 74
, 93
, 51
, 53
, 91
, 68
, 76
, 69
, 75
, 13
, 131
, 37
, 107
, 114
, 30
, 36
, 108
, 28
, 116
, 19
, 125
, 71
, 73
, 47
, 97
, 8
, 136
, 111
, 33
, 99
, 45
, 112
, 32
, 53
, 91
, 83
, 61
, 71
, 73
, 73
, 71
, 11
, 133
, 131
, 13
, 30
, 114
, 48
, 96
, 39
, 105
, 58
, 86
, 71
, 73
, 140
, 4
, 45
, 99
, 124
, 20
, 125
, 19
, 130
, 14
, 127
, 17
, 32
, 112
, 79
, 65
, 97
, 47
, 36
, 108
, 79
, 65
, 52
, 92
, 20
, 124
, 38
, 106
, 91
, 53
, 46
, 98
, 76
, 68
, 94
, 50
, 94
, 50
, 99
, 45
, 80
, 64
, 59
, 85
, 35
, 109
, 21
, 123
, 3
, 141
, 96
, 48
, 94
, 50
, 90
, 54
, 18
, 126
, 73
, 71
, 79
, 65
, 3
, 141
, 87
, 57
, 66
, 78
, 25
, 119
, 98
, 46
, 123
, 21
, 100
, 44
, 75
, 69
, 50
, 94
, 35
, 109
, 131
, 13
, 111
, 33
, 132
, 12
, 59
, 85
, 127
, 17
, 1
, 143
, 118
, 26
, 87
, 57
, 63
, 81
, 128
, 16
, 41
, 103
, 24
, 120
, 23
, 121
, 24
, 120
, 52
, 92
, 32
, 112
, 104
, 40
, 53
, 91
, 99
, 45
, 90
, 54
, 132
, 12
, 98
, 46
, 19
, 125
, 92
, 52
, 25
, 119
, 77
, 67
, 43
, 101
, 142
, 2
, 20
, 124
, 6
, 138
, 63
, 81
, 69
, 75
, 25
, 119
, 83
, 61
, 19
, 125
, 49
, 95
, 30
, 114
, 31
, 113
, 120
, 24
, 102
, 42
, 124
, 20
, 75
, 69
, 137
, 7
, 20
, 124
, 20
, 124
, 20
, 124
, 75
, 69
, 105
, 39
, 115
, 29
, 43
, 101
, 117
, 27
, 39
, 105
, 104
, 40
, 131
, 13
, 93
, 51
, 110
, 34
, 22
, 122
, 136
, 8
, 43
, 101
, 82
, 62
, 48
, 96
, 69
, 75
, 131
, 13
, 79
, 65
, 117
, 27
, 27
, 117
, 24
, 120
, 88
, 56
, 85
, 59
, 74
, 70
, 55
, 89
, 137
, 7
, 42
, 102
, 29
, 115
, 54
, 90
, 133
, 11
, 86
, 58
, 85
, 59
, 9
, 135
, 45
, 99
, 112
, 32
, 67
, 77
, 111
, 33
, 28
, 116
, 55
, 89
, 52
, 92
, 131
, 13
, 17
, 127
, 60
, 84
, 35
, 109
, 64
, 80
, 39
, 105
, 100
, 44
, 108
, 36
, 48
, 96
, 104
, 40
, 7
, 137
, 90
, 54
, 12
, 132
, 82
, 62
, 96
, 48
