
3500
, 114
, 40
, 62
, 92
, 30
, 124
, 107
, 47
, 76
, 78
, 19
, 135
, 146
, 8
, 101
, 53
, 93
, 61
, 16
, 138
, 109
, 45
, 104
, 50
, 133
, 21
, 150
, 4
, 12
, 142
, 69
, 85
, 117
, 37
, 26
, 128
, 57
, 97
, 126
, 28
, 72
, 82
, 73
, 81
, 60
, 94
, 118
, 36
, 94
, 60
, 53
, 101
, 137
, 17
, 16
, 138
, 84
, 70
, 79
, 75
, 16
, 138
, 93
, 61
, 127
, 27
, 40
, 114
, 2
, 152
, 55
, 99
, 2
, 152
, 89
, 65
, 79
, 75
, 105
, 49
, 115
, 39
, 126
, 28
, 137
, 17
, 142
, 12
, 90
, 64
, 35
, 119
, 124
, 30
, 33
, 121
, 136
, 18
, 116
, 38
, 63
, 91
, 3
, 151
, 139
, 15
, 112
, 42
, 108
, 46
, 94
, 60
, 20
, 134
, 96
, 58
, 139
, 15
, 137
, 17
, 22
, 132
, 68
, 86
, 102
, 52
, 32
, 122
, 91
, 63
, 115
, 39
, 78
, 76
, 141
, 13
, 132
, 22
, 93
, 61
, 80
, 74
, 51
, 103
, 64
, 90
, 80
, 74
, 52
, 102
, 46
, 108
, 49
, 105
, 88
, 66
, 142
, 12
, 14
, 140
, 52
, 102
, 97
, 57
, 12
, 142
, 123
, 31
, 31
, 123
, 71
, 83
, 57
, 97
, 6
, 148
, 146
, 8
, 24
, 130
, 111
, 43
, 107
, 47
, 36
, 118
, 43
, 111
, 17
, 137
, 31
, 123
, 113
, 41
, 109
, 45
, 33
, 121
, 37
, 117
, 54
, 100
, 3
, 151
, 138
, 16
, 50
, 104
, 39
, 115
, 93
, 61
, 25
, 129
, 8
, 146
, 133
, 21
, 13
, 141
, 145
, 9
, 117
, 37
, 69
, 85
, 46
, 108
, 117
, 37
, 119
, 35
, 67
, 87
, 92
, 62
, 44
, 110
, 148
, 6
, 122
, 32
, 31
, 123
, 22
, 132
, 5
, 149
, 26
, 128
, 48
, 106
, 131
, 23
, 100
, 54
, 136
, 18
, 30
, 124
, 70
, 84
, 112
, 42
, 77
, 77
, 80
, 74
, 100
, 54
, 21
, 133
, 55
, 99
, 72
, 82
, 54
, 100
, 145
, 9
, 66
, 88
, 44
, 110
, 124
, 30
, 40
, 114
, 88
, 66
, 146
, 8
, 42
, 112
, 137
, 17
, 84
, 70
, 80
, 74
, 24
, 130
, 95
, 59
, 44
, 110
, 149
, 5
, 97
, 57
, 52
, 102
, 126
, 28
, 130
, 24
, 129
, 25
, 137
, 17
, 87
, 67
, 84
, 70
, 77
, 77
, 22
, 132
, 107
, 47
, 71
, 83
, 84
, 70
, 127
, 27
, 26
, 128
, 42
, 112
, 21
, 133
, 136
, 18
, 64
, 90
, 1
, 153
, 127
, 27
, 90
, 64
, 81
, 73
, 85
, 69
, 85
, 69
, 148
, 6
, 128
, 26
, 25
, 129
, 55
, 99
, 70
, 84
, 56
, 98
, 5
, 149
, 28
, 126
, 27
, 127
, 31
, 123
, 101
, 53
, 135
, 19
, 139
, 15
, 123
, 31
, 110
, 44
, 151
, 3
, 124
, 30
, 98
, 56
, 123
, 31
, 88
, 66
, 5
, 149
, 27
, 127
, 93
, 61
, 68
, 86
, 13
, 141
, 37
, 117
, 58
, 96
, 112
, 42
, 54
, 100
, 152
, 2
, 115
, 39
, 95
, 59
, 88
, 66
, 58
, 96
, 76
, 78
, 12
, 142
, 68
, 86
, 36
, 118
, 72
, 82
, 52
, 102
, 104
, 50
, 134
, 20
, 83
, 71
, 3
, 151
, 13
, 141
, 38
, 116
, 76
, 78
, 95
, 59
, 44
, 110
, 23
, 131
, 9
, 145
, 43
, 111
, 140
, 14
, 83
, 71
, 46
, 108
, 74
, 80
, 114
, 40
, 70
, 84
, 47
, 107
, 56
, 98
, 68
, 86
, 102
, 52
, 37
, 117
, 81
, 73
, 7
, 147
, 136
, 18
, 101
, 53
, 83
, 71
, 96
, 58
, 96
, 58
, 110
, 44
, 148
, 6
, 41
, 113
, 17
, 137
, 9
, 145
, 138
, 16
, 123
, 31
, 78
, 76
, 131
, 23
, 109
, 45
, 48
, 106
, 26
, 128
, 145
, 9
, 7
, 147
, 32
, 122
, 52
, 102
, 16
, 138
, 128
, 26
, 7
, 147
, 104
, 50
, 70
, 84
, 30
, 124
, 56
, 98
, 70
, 84
, 95
, 59
, 146
, 8
, 108
, 46
, 102
, 52
, 127
, 27
, 110
, 44
, 151
, 3
, 111
, 43
, 35
, 119
, 73
, 81
, 89
, 65
, 131
, 23
, 136
, 18
, 112
, 42
, 70
, 84
, 2
, 152
, 144
, 10
, 126
, 28
, 148
, 6
, 89
, 65
, 69
, 85
, 73
, 81
, 72
, 82
, 107
, 47
, 151
, 3
, 4
, 150
, 151
, 3
, 77
, 77
, 99
, 55
, 88
, 66
, 72
, 82
, 133
, 21
, 128
, 26
, 4
, 150
, 25
, 129
, 2
, 152
, 61
, 93
, 85
, 69
, 3
, 151
, 58
, 96
, 131
, 23
, 10
, 144
, 89
, 65
, 9
, 145
, 21
, 133
, 7
, 147
, 23
, 131
, 72
, 82
, 39
, 115
, 142
, 12
, 58
, 96
, 76
, 78
, 106
, 48
, 81
, 73
, 128
, 26
, 37
, 117
, 65
, 89
, 60
, 94
, 78
, 76
, 129
, 25
, 55
, 99
, 16
, 138
, 68
, 86
, 85
, 69
, 124
, 30
, 41
, 113
, 147
, 7
, 37
, 117
, 49
, 105
, 27
, 127
, 19
, 135
, 25
, 129
, 35
, 119
, 152
, 2
, 129
, 25
, 122
, 32
, 55
, 99
, 108
, 46
, 34
, 120
, 75
, 79
, 61
, 93
, 78
, 76
, 49
, 105
, 99
, 55
, 4
, 150
, 49
, 105
, 105
, 49
, 60
, 94
, 46
, 108
, 115
, 39
, 110
, 44
, 18
, 136
, 82
, 72
, 115
, 39
, 135
, 19
, 69
, 85
, 136
, 18
, 147
, 7
, 41
, 113
, 142
, 12
, 24
, 130
, 54
, 100
, 67
, 87
, 12
, 142
, 77
, 77
, 77
, 77
, 6
, 148
, 2
, 152
, 63
, 91
, 94
, 60
, 3
, 151
, 94
, 60
, 32
, 122
, 126
, 28
, 66
, 88
, 3
, 151
, 148
, 6
, 67
, 87
, 67
, 87
, 88
, 66
, 20
, 134
, 124
, 30
, 98
, 56
, 149
, 5
, 111
, 43
, 37
, 117
, 140
, 14
, 102
, 52
, 55
, 99
, 86
, 68
, 6
, 148
, 89
, 65
, 2
, 152
, 96
, 58
, 34
, 120
, 28
, 126
, 93
, 61
, 18
, 136
, 72
, 82
, 150
, 4
, 51
, 103
, 93
, 61
, 15
, 139
, 71
, 83
, 148
, 6
, 14
, 140
, 111
, 43
, 86
, 68
, 120
, 34
, 108
, 46
, 116
, 38
, 34
, 120
, 52
, 102
, 97
, 57
, 116
, 38
, 113
, 41
, 145
, 9
, 67
, 87
, 5
, 149
, 38
, 116
, 107
, 47
, 135
, 19
, 93
, 61
, 23
, 131
, 101
, 53
, 67
, 87
, 5
, 149
, 130
, 24
, 146
, 8
, 103
, 51
, 82
, 72
, 18
, 136
, 29
, 125
, 103
, 51
, 89
, 65
, 40
, 114
, 113
, 41
, 76
, 78
, 72
, 82
, 23
, 131
, 130
, 24
, 10
, 144
, 102
, 52
, 133
, 21
, 52
, 102
, 60
, 94
, 58
, 96
, 148
, 6
, 111
, 43
, 53
, 101
, 41
, 113
, 151
, 3
, 106
, 48
, 50
, 104
, 24
, 130
, 58
, 96
, 25
, 129
, 91
, 63
, 71
, 83
, 109
, 45
, 140
, 14
, 84
, 70
, 2
, 152
, 141
, 13
, 12
, 142
, 62
, 92
, 22
, 132
, 39
, 115
, 96
, 58
, 103
, 51
, 139
, 15
, 142
, 12
, 38
, 116
, 109
, 45
, 68
, 86
, 106
, 48
, 59
, 95
, 84
, 70
, 77
, 77
, 138
, 16
, 75
, 79
, 118
, 36
, 146
, 8
, 41
, 113
, 47
, 107
, 59
, 95
, 119
, 35
, 5
, 149
, 5
, 149
, 118
, 36
, 104
, 50
, 9
, 145
, 11
, 143
, 96
, 58
, 121
, 33
, 67
, 87
, 37
, 117
, 122
, 32
, 50
, 104
, 124
, 30
, 57
, 97
, 21
, 133
, 73
, 81
, 49
, 105
, 51
, 103
, 110
, 44
, 116
, 38
, 136
, 18
, 14
, 140
, 1
, 153
, 19
, 135
, 129
, 25
, 64
, 90
, 117
, 37
, 75
, 79
, 88
, 66
, 78
, 76
, 140
, 14
, 71
, 83
, 35
, 119
, 40
, 114
, 118
, 36
, 87
, 67
, 72
, 82
, 123
, 31
, 66
, 88
, 21
, 133
, 116
, 38
, 89
, 65
, 98
, 56
, 18
, 136
, 109
, 45
, 42
, 112
, 26
, 128
, 145
, 9
, 94
, 60
, 19
, 135
, 74
, 80
, 98
, 56
, 74
, 80
, 61
, 93
, 86
, 68
, 21
, 133
, 61
, 93
, 91
, 63
, 99
, 55
, 134
, 20
, 79
, 75
, 53
, 101
, 55
, 99
, 134
, 20
, 104
, 50
, 110
, 44
, 14
, 140
, 54
, 100
, 21
, 133
, 95
, 59
, 46
, 108
, 22
, 132
, 127
, 27
, 77
, 77
, 72
, 82
, 31
, 123
, 67
, 87
, 92
, 62
, 112
, 42
, 123
, 31
, 85
, 69
, 96
, 58
, 137
, 17
, 108
, 46
, 56
, 98
, 147
, 7
, 3
, 151
, 96
, 58
, 141
, 13
, 41
, 113
, 74
, 80
, 34
, 120
, 51
, 103
, 104
, 50
, 43
, 111
, 109
, 45
, 72
, 82
, 139
, 15
, 50
, 104
, 57
, 97
, 109
, 45
, 110
, 44
, 68
, 86
, 90
, 64
, 16
, 138
, 2
, 152
, 106
, 48
, 11
, 143
, 72
, 82
, 3
, 151
, 19
, 135
, 15
, 139
, 66
, 88
, 28
, 126
, 1
, 153
, 55
, 99
, 103
, 51
, 5
, 149
, 127
, 27
, 76
, 78
, 120
, 34
, 142
, 12
, 68
, 86
, 129
, 25
, 48
, 106
, 30
, 124
, 133
, 21
, 120
, 34
, 13
, 141
, 62
, 92
, 71
, 83
, 117
, 37
, 1
, 153
, 127
, 27
, 113
, 41
, 147
, 7
, 28
, 126
, 150
, 4
, 145
, 9
, 149
, 5
, 33
, 121
, 5
, 149
, 50
, 104
, 1
, 153
, 121
, 33
, 146
, 8
, 100
, 54
, 6
, 148
, 50
, 104
, 25
, 129
, 102
, 52
, 150
, 4
, 45
, 109
, 72
, 82
, 51
, 103
, 138
, 16
, 144
, 10
, 83
, 71
, 81
, 73
, 11
, 143
, 8
, 146
, 20
, 134
, 35
, 119
, 148
, 6
, 102
, 52
, 148
, 6
, 37
, 117
, 117
, 37
, 49
, 105
, 122
, 32
, 13
, 141
, 78
, 76
, 82
, 72
, 146
, 8
, 20
, 134
, 34
, 120
, 55
, 99
, 108
, 46
, 24
, 130
, 142
, 12
, 133
, 21
, 86
, 68
, 82
, 72
, 116
, 38
, 35
, 119
, 113
, 41
, 107
, 47
, 84
, 70
, 55
, 99
, 128
, 26
, 41
, 113
, 54
, 100
, 144
, 10
, 65
, 89
, 71
, 83
, 141
, 13
, 38
, 116
, 137
, 17
, 50
, 104
, 20
, 134
, 9
, 145
, 55
, 99
, 36
, 118
, 140
, 14
, 96
, 58
, 39
, 115
, 93
, 61
, 133
, 21
, 116
, 38
, 144
, 10
, 4
, 150
, 58
, 96
, 10
, 144
, 49
, 105
, 137
, 17
, 19
, 135
, 87
, 67
, 29
, 125
, 12
, 142
, 93
, 61
, 122
, 32
, 49
, 105
, 61
, 93
, 4
, 150
, 137
, 17
, 80
, 74
, 150
, 4
, 22
, 132
, 151
, 3
, 27
, 127
, 99
, 55
, 7
, 147
, 14
, 140
, 108
, 46
, 33
, 121
, 71
, 83
, 150
, 4
, 35
, 119
, 37
, 117
, 89
, 65
, 129
, 25
, 54
, 100
, 70
, 84
, 22
, 132
, 38
, 116
, 14
, 140
, 36
, 118
, 32
, 122
, 122
, 32
, 151
, 3
, 150
, 4
, 84
, 70
, 103
, 51
, 100
, 54
, 85
, 69
, 150
, 4
, 129
, 25
, 75
, 79
, 122
, 32
, 39
, 115
, 79
, 75
, 142
, 12
, 73
, 81
, 132
, 22
, 150
, 4
, 33
, 121
, 63
, 91
, 133
, 21
, 62
, 92
, 95
, 59
, 41
, 113
, 41
, 113
, 98
, 56
, 100
, 54
, 31
, 123
, 73
, 81
, 23
, 131
, 28
, 126
, 58
, 96
, 110
, 44
, 90
, 64
, 139
, 15
, 47
, 107
, 8
, 146
, 8
, 146
, 25
, 129
, 22
, 132
, 5
, 149
, 126
, 28
, 150
, 4
, 11
, 143
, 45
, 109
, 23
, 131
, 78
, 76
, 124
, 30
, 59
, 95
, 50
, 104
, 151
, 3
, 54
, 100
, 26
, 128
, 24
, 130
, 144
, 10
, 42
, 112
, 75
, 79
, 143
, 11
, 94
, 60
, 27
, 127
, 24
, 130
, 71
, 83
, 96
, 58
, 66
, 88
, 152
, 2
, 84
, 70
, 151
, 3
, 26
, 128
, 79
, 75
, 90
, 64
, 55
, 99
, 136
, 18
, 67
, 87
, 135
, 19
, 85
, 69
, 136
, 18
, 58
, 96
, 68
, 86
, 88
, 66
, 40
, 114
, 2
, 152
, 123
, 31
, 66
, 88
, 30
, 124
, 101
, 53
, 45
, 109
, 2
, 152
, 152
, 2
, 70
, 84
, 31
, 123
, 50
, 104
, 124
, 30
, 102
, 52
, 24
, 130
, 110
, 44
, 80
, 74
, 52
, 102
, 125
, 29
, 114
, 40
, 2
, 152
, 11
, 143
, 41
, 113
, 101
, 53
, 60
, 94
, 75
, 79
, 44
, 110
, 128
, 26
, 115
, 39
, 65
, 89
, 53
, 101
, 98
, 56
, 49
, 105
, 41
, 113
, 21
, 133
, 49
, 105
, 97
, 57
, 123
, 31
, 93
, 61
, 6
, 148
, 63
, 91
, 52
, 102
, 85
, 69
, 128
, 26
, 32
, 122
, 4
, 150
, 144
, 10
, 126
, 28
, 80
, 74
, 101
, 53
, 111
, 43
, 6
, 148
, 48
, 106
, 14
, 140
, 69
, 85
, 109
, 45
, 15
, 139
, 78
, 76
, 99
, 55
, 78
, 76
, 27
, 127
, 78
, 76
, 41
, 113
, 152
, 2
, 76
, 78
, 127
, 27
, 122
, 32
, 142
, 12
, 145
, 9
, 60
, 94
, 51
, 103
, 30
, 124
, 95
, 59
, 86
, 68
, 79
, 75
, 124
, 30
, 21
, 133
, 146
, 8
, 51
, 103
, 86
, 68
, 20
, 134
, 141
, 13
, 98
, 56
, 129
, 25
, 32
, 122
, 96
, 58
, 97
, 57
, 136
, 18
, 95
, 59
, 54
, 100
, 24
, 130
, 58
, 96
, 99
, 55
, 115
, 39
, 55
, 99
, 134
, 20
, 120
, 34
, 130
, 24
, 63
, 91
, 29
, 125
, 103
, 51
, 27
, 127
, 90
, 64
, 85
, 69
, 144
, 10
, 45
, 109
, 60
, 94
, 25
, 129
, 18
, 136
, 107
, 47
, 117
, 37
, 150
, 4
, 15
, 139
, 59
, 95
, 95
, 59
, 85
, 69
, 6
, 148
, 54
, 100
, 108
, 46
, 107
, 47
, 113
, 41
, 138
, 16
, 147
, 7
, 130
, 24
, 62
, 92
, 79
, 75
, 28
, 126
, 35
, 119
, 2
, 152
, 140
, 14
, 116
, 38
, 53
, 101
, 6
, 148
, 117
, 37
, 62
, 92
, 149
, 5
, 140
, 14
, 20
, 134
, 87
, 67
, 131
, 23
, 149
, 5
, 117
, 37
, 105
, 49
, 116
, 38
, 103
, 51
, 73
, 81
, 139
, 15
, 108
, 46
, 123
, 31
, 99
, 55
, 73
, 81
, 118
, 36
, 65
, 89
, 125
, 29
, 127
, 27
, 134
, 20
, 21
, 133
, 38
, 116
, 72
, 82
, 55
, 99
, 147
, 7
, 134
, 20
, 137
, 17
, 145
, 9
, 26
, 128
, 59
, 95
, 82
, 72
, 48
, 106
, 109
, 45
, 148
, 6
, 114
, 40
, 32
, 122
, 122
, 32
, 110
, 44
, 93
, 61
, 48
, 106
, 5
, 149
, 101
, 53
, 85
, 69
, 27
, 127
, 118
, 36
, 27
, 127
, 23
, 131
, 126
, 28
, 142
, 12
, 67
, 87
, 98
, 56
, 89
, 65
, 62
, 92
, 126
, 28
, 94
, 60
, 80
, 74
, 135
, 19
, 60
, 94
, 72
, 82
, 15
, 139
, 21
, 133
, 90
, 64
, 51
, 103
, 37
, 117
, 128
, 26
, 64
, 90
, 10
, 144
, 46
, 108
, 98
, 56
, 6
, 148
, 152
, 2
, 63
, 91
, 39
, 115
, 29
, 125
, 92
, 62
, 117
, 37
, 15
, 139
, 80
, 74
, 43
, 111
, 68
, 86
, 111
, 43
, 129
, 25
, 10
, 144
, 58
, 96
, 22
, 132
, 70
, 84
, 76
, 78
, 139
, 15
, 152
, 2
, 35
, 119
, 135
, 19
, 96
, 58
, 105
, 49
, 22
, 132
, 8
, 146
, 67
, 87
, 32
, 122
, 113
, 41
, 44
, 110
, 63
, 91
, 35
, 119
, 134
, 20
, 25
, 129
, 89
, 65
, 36
, 118
, 43
, 111
, 101
, 53
, 122
, 32
, 82
, 72
, 16
, 138
, 48
, 106
, 23
, 131
, 74
, 80
, 121
, 33
, 118
, 36
, 134
, 20
, 45
, 109
, 139
, 15
, 98
, 56
, 96
, 58
, 51
, 103
, 19
, 135
, 123
, 31
, 64
, 90
, 123
, 31
, 46
, 108
, 9
, 145
, 62
, 92
, 98
, 56
, 105
, 49
, 6
, 148
, 147
, 7
, 140
, 14
, 30
, 124
, 47
, 107
, 31
, 123
, 96
, 58
, 55
, 99
, 21
, 133
, 103
, 51
, 94
, 60
, 106
, 48
, 21
, 133
, 64
, 90
, 78
, 76
, 130
, 24
, 41
, 113
, 81
, 73
, 7
, 147
, 116
, 38
, 3
, 151
, 136
, 18
, 109
, 45
, 21
, 133
, 98
, 56
, 22
, 132
, 149
, 5
, 34
, 120
, 144
, 10
, 48
, 106
, 87
, 67
, 74
, 80
, 148
, 6
, 20
, 134
, 52
, 102
, 140
, 14
, 119
, 35
, 30
, 124
, 55
, 99
, 91
, 63
, 128
, 26
, 138
, 16
, 79
, 75
, 75
, 79
, 74
, 80
, 51
, 103
, 81
, 73
, 35
, 119
, 93
, 61
, 144
, 10
, 33
, 121
, 76
, 78
, 100
, 54
, 31
, 123
, 109
, 45
, 46
, 108
, 149
, 5
, 114
, 40
, 72
, 82
, 1
, 153
, 9
, 145
, 139
, 15
, 8
, 146
, 92
, 62
, 21
, 133
, 122
, 32
, 14
, 140
, 26
, 128
, 123
, 31
, 56
, 98
, 34
, 120
, 54
, 100
, 75
, 79
, 74
, 80
, 143
, 11
, 94
, 60
, 131
, 23
, 9
, 145
, 96
, 58
, 44
, 110
, 21
, 133
, 130
, 24
, 46
, 108
, 20
, 134
, 1
, 153
, 119
, 35
, 53
, 101
, 146
, 8
, 1
, 153
, 131
, 23
, 5
, 149
, 85
, 69
, 8
, 146
, 76
, 78
, 135
, 19
, 49
, 105
, 12
, 142
, 110
, 44
, 36
, 118
, 32
, 122
, 66
, 88
, 97
, 57
, 147
, 7
, 11
, 143
, 152
, 2
, 75
, 79
, 79
, 75
, 105
, 49
, 54
, 100
, 84
, 70
, 80
, 74
, 61
, 93
, 76
, 78
, 116
, 38
, 96
, 58
, 101
, 53
, 127
, 27
, 105
, 49
, 78
, 76
, 30
, 124
, 28
, 126
, 66
, 88
, 89
, 65
, 46
, 108
, 118
, 36
, 143
, 11
, 140
, 14
, 9
, 145
, 99
, 55
, 143
, 11
, 78
, 76
, 5
, 149
, 53
, 101
, 57
, 97
, 84
, 70
, 20
, 134
, 122
, 32
, 91
, 63
, 59
, 95
, 3
, 151
, 151
, 3
, 39
, 115
, 116
, 38
, 19
, 135
, 78
, 76
, 104
, 50
, 28
, 126
, 126
, 28
, 111
, 43
, 75
, 79
, 111
, 43
, 135
, 19
, 150
, 4
, 32
, 122
, 110
, 44
, 118
, 36
, 47
, 107
, 1
, 153
, 132
, 22
, 114
, 40
, 106
, 48
, 91
, 63
, 23
, 131
, 146
, 8
, 24
, 130
, 65
, 89
, 129
, 25
, 138
, 16
, 125
, 29
, 66
, 88
, 75
, 79
, 148
, 6
, 129
, 25
, 73
, 81
, 41
, 113
, 39
, 115
, 112
, 42
, 138
, 16
, 62
, 92
, 32
, 122
, 37
, 117
, 75
, 79
, 78
, 76
, 57
, 97
, 151
, 3
, 143
, 11
, 60
, 94
, 102
, 52
, 35
, 119
, 151
, 3
, 136
, 18
, 49
, 105
, 108
, 46
, 41
, 113
, 82
, 72
, 22
, 132
, 101
, 53
, 125
, 29
, 150
, 4
, 119
, 35
, 76
, 78
, 2
, 152
, 92
, 62
, 126
, 28
, 141
, 13
, 20
, 134
, 151
, 3
, 40
, 114
, 111
, 43
, 63
, 91
, 82
, 72
, 111
, 43
, 19
, 135
, 96
, 58
, 22
, 132
, 144
, 10
, 99
, 55
, 80
, 74
, 93
, 61
, 21
, 133
, 24
, 130
, 58
, 96
, 71
, 83
, 58
, 96
, 112
, 42
, 67
, 87
, 13
, 141
, 33
, 121
, 138
, 16
, 87
, 67
, 108
, 46
, 4
, 150
, 147
, 7
, 92
, 62
, 57
, 97
, 93
, 61
, 100
, 54
, 72
, 82
, 42
, 112
, 3
, 151
, 44
, 110
, 65
, 89
, 150
, 4
, 19
, 135
, 20
, 134
, 43
, 111
, 126
, 28
, 64
, 90
, 127
, 27
, 2
, 152
, 5
, 149
, 14
, 140
, 114
, 40
, 87
, 67
, 74
, 80
, 62
, 92
, 150
, 4
, 118
, 36
, 152
, 2
, 78
, 76
, 52
, 102
, 83
, 71
, 34
, 120
, 152
, 2
, 68
, 86
, 8
, 146
, 140
, 14
, 93
, 61
, 103
, 51
, 67
, 87
, 75
, 79
, 24
, 130
, 59
, 95
, 97
, 57
, 38
, 116
, 35
, 119
, 135
, 19
, 112
, 42
, 14
, 140
, 55
, 99
, 83
, 71
, 37
, 117
, 7
, 147
, 39
, 115
, 127
, 27
, 73
, 81
, 152
, 2
, 84
, 70
, 3
, 151
, 21
, 133
, 90
, 64
, 103
, 51
, 48
, 106
, 100
, 54
, 5
, 149
, 106
, 48
, 126
, 28
, 137
, 17
, 78
, 76
, 97
, 57
, 2
, 152
, 31
, 123
, 31
, 123
, 41
, 113
, 141
, 13
, 68
, 86
, 62
, 92
, 29
, 125
, 152
, 2
, 83
, 71
, 18
, 136
, 46
, 108
, 93
, 61
, 11
, 143
, 133
, 21
, 49
, 105
, 67
, 87
, 43
, 111
, 66
, 88
, 91
, 63
, 56
, 98
, 52
, 102
, 112
, 42
, 48
, 106
, 132
, 22
, 26
, 128
, 8
, 146
, 78
, 76
, 85
, 69
, 141
, 13
, 47
, 107
, 56
, 98
, 105
, 49
, 110
, 44
, 94
, 60
, 22
, 132
, 54
, 100
, 119
, 35
, 3
, 151
, 68
, 86
, 1
, 153
, 125
, 29
, 19
, 135
, 58
, 96
, 87
, 67
, 25
, 129
, 58
, 96
, 144
, 10
, 4
, 150
, 8
, 146
, 102
, 52
, 118
, 36
, 114
, 40
, 2
, 152
, 148
, 6
, 96
, 58
, 112
, 42
, 141
, 13
, 44
, 110
, 82
, 72
, 114
, 40
, 141
, 13
, 61
, 93
, 118
, 36
, 74
, 80
, 108
, 46
, 47
, 107
, 99
, 55
, 150
, 4
, 109
, 45
, 127
, 27
, 151
, 3
, 101
, 53
, 108
, 46
, 137
, 17
, 31
, 123
, 145
, 9
, 137
, 17
, 33
, 121
, 52
, 102
, 55
, 99
, 35
, 119
, 149
, 5
, 150
, 4
, 17
, 137
, 112
, 42
, 133
, 21
, 79
, 75
, 88
, 66
, 70
, 84
, 14
, 140
, 9
, 145
, 39
, 115
, 60
, 94
, 102
, 52
, 90
, 64
, 107
, 47
, 51
, 103
, 139
, 15
, 74
, 80
, 114
, 40
, 17
, 137
, 51
, 103
, 75
, 79
, 25
, 129
, 99
, 55
, 94
, 60
, 116
, 38
, 66
, 88
, 60
, 94
, 25
, 129
, 9
, 145
, 115
, 39
, 92
, 62
, 25
, 129
, 42
, 112
, 140
, 14
, 127
, 27
, 41
, 113
, 17
, 137
, 80
, 74
, 131
, 23
, 65
, 89
, 139
, 15
, 140
, 14
, 80
, 74
, 53
, 101
, 86
, 68
, 133
, 21
, 81
, 73
, 13
, 141
, 124
, 30
, 35
, 119
, 103
, 51
, 98
, 56
, 75
, 79
, 63
, 91
, 78
, 76
, 49
, 105
, 114
, 40
, 102
, 52
, 92
, 62
, 74
, 80
, 126
, 28
, 102
, 52
, 125
, 29
, 149
, 5
, 58
, 96
, 144
, 10
, 27
, 127
, 89
, 65
, 88
, 66
, 98
, 56
, 108
, 46
, 92
, 62
, 79
, 75
, 41
, 113
, 152
, 2
, 40
, 114
, 75
, 79
, 9
, 145
, 98
, 56
, 24
, 130
, 24
, 130
, 76
, 78
, 49
, 105
, 32
, 122
, 7
, 147
, 138
, 16
, 38
, 116
, 64
, 90
, 19
, 135
, 27
, 127
, 146
, 8
, 46
, 108
, 152
, 2
, 73
, 81
, 11
, 143
, 80
, 74
, 135
, 19
, 4
, 150
, 68
, 86
, 5
, 149
, 123
, 31
, 98
, 56
, 83
, 71
, 4
, 150
, 131
, 23
, 111
, 43
, 29
, 125
, 127
, 27
, 147
, 7
, 44
, 110
, 114
, 40
, 75
, 79
, 48
, 106
, 119
, 35
, 69
, 85
, 32
, 122
, 71
, 83
, 33
, 121
, 67
, 87
, 135
, 19
, 150
, 4
, 104
, 50
, 84
, 70
, 93
, 61
, 99
, 55
, 61
, 93
, 63
, 91
, 130
, 24
, 49
, 105
, 123
, 31
, 42
, 112
, 105
, 49
, 9
, 145
, 147
, 7
, 127
, 27
, 63
, 91
, 144
, 10
, 15
, 139
, 33
, 121
, 63
, 91
, 20
, 134
, 67
, 87
, 53
, 101
, 133
, 21
, 4
, 150
, 6
, 148
, 72
, 82
, 14
, 140
, 66
, 88
, 37
, 117
, 36
, 118
, 9
, 145
, 30
, 124
, 131
, 23
, 75
, 79
, 10
, 144
, 74
, 80
, 94
, 60
, 62
, 92
, 152
, 2
, 68
, 86
, 23
, 131
, 139
, 15
, 85
, 69
, 141
, 13
, 128
, 26
, 147
, 7
, 49
, 105
, 16
, 138
, 68
, 86
, 61
, 93
, 117
, 37
, 61
, 93
, 3
, 151
, 102
, 52
, 149
, 5
, 88
, 66
, 105
, 49
, 148
, 6
, 72
, 82
, 14
, 140
, 151
, 3
, 87
, 67
, 38
, 116
, 24
, 130
, 110
, 44
, 33
, 121
, 25
, 129
, 136
, 18
, 136
, 18
, 43
, 111
, 77
, 77
, 68
, 86
, 63
, 91
, 25
, 129
, 120
, 34
, 124
, 30
, 121
, 33
, 72
, 82
, 99
, 55
, 140
, 14
, 16
, 138
, 24
, 130
, 103
, 51
, 48
, 106
, 54
, 100
, 130
, 24
, 26
, 128
, 102
, 52
, 114
, 40
, 88
, 66
, 10
, 144
, 109
, 45
, 91
, 63
, 9
, 145
, 74
, 80
, 118
, 36
, 17
, 137
, 150
, 4
, 82
, 72
, 151
, 3
, 37
, 117
, 19
, 135
, 20
, 134
, 40
, 114
, 62
, 92
, 118
, 36
, 31
, 123
, 94
, 60
, 19
, 135
, 123
, 31
, 97
, 57
, 112
, 42
, 108
, 46
, 21
, 133
, 117
, 37
, 77
, 77
, 119
, 35
, 8
, 146
, 86
, 68
, 42
, 112
, 42
, 112
, 117
, 37
, 54
, 100
, 49
, 105
, 95
, 59
, 101
, 53
, 25
, 129
, 95
, 59
, 151
, 3
, 78
, 76
, 48
, 106
, 129
, 25
, 29
, 125
, 4
, 150
, 70
, 84
, 95
, 59
, 55
, 99
, 38
, 116
, 12
, 142
, 24
, 130
, 135
, 19
, 68
, 86
, 23
, 131
, 10
, 144
, 56
, 98
, 65
, 89
, 81
, 73
, 113
, 41
, 30
, 124
, 40
, 114
, 68
, 86
, 15
, 139
, 26
, 128
, 91
, 63
, 91
, 63
, 111
, 43
, 91
, 63
, 99
, 55
, 47
, 107
, 21
, 133
, 146
, 8
, 106
, 48
, 133
, 21
, 70
, 84
, 69
, 85
, 126
, 28
, 114
, 40
, 21
, 133
, 26
, 128
, 55
, 99
, 62
, 92
, 115
, 39
, 152
, 2
, 11
, 143
, 72
, 82
, 121
, 33
, 67
, 87
, 8
, 146
, 125
, 29
, 66
, 88
, 22
, 132
, 54
, 100
, 10
, 144
, 30
, 124
, 102
, 52
, 90
, 64
, 5
, 149
, 121
, 33
, 133
, 21
, 74
, 80
, 117
, 37
, 59
, 95
, 97
, 57
, 140
, 14
, 106
, 48
, 133
, 21
, 54
, 100
, 109
, 45
, 137
, 17
, 14
, 140
, 29
, 125
, 113
, 41
, 74
, 80
, 113
, 41
, 76
, 78
, 64
, 90
, 47
, 107
, 118
, 36
, 144
, 10
, 42
, 112
, 64
, 90
, 115
, 39
, 38
, 116
, 137
, 17
, 104
, 50
, 138
, 16
, 123
, 31
, 96
, 58
, 45
, 109
, 114
, 40
, 106
, 48
, 85
, 69
, 78
, 76
, 1
, 153
, 49
, 105
, 46
, 108
, 7
, 147
, 13
, 141
, 146
, 8
, 43
, 111
, 44
, 110
, 140
, 14
, 80
, 74
, 38
, 116
, 111
, 43
, 17
, 137
, 142
, 12
, 25
, 129
, 72
, 82
, 124
, 30
, 46
, 108
, 120
, 34
, 72
, 82
, 117
, 37
, 47
, 107
, 71
, 83
, 40
, 114
, 90
, 64
, 36
, 118
, 120
, 34
, 66
, 88
, 121
, 33
, 79
, 75
, 43
, 111
, 23
, 131
, 55
, 99
, 77
, 77
, 11
, 143
, 59
, 95
, 4
, 150
, 44
, 110
, 69
, 85
, 60
, 94
, 35
, 119
, 37
, 117
, 36
, 118
, 50
, 104
, 59
, 95
, 74
, 80
, 45
, 109
, 13
, 141
, 89
, 65
, 24
, 130
, 58
, 96
, 37
, 117
, 141
, 13
, 125
, 29
, 48
, 106
, 87
, 67
, 99
, 55
, 78
, 76
, 88
, 66
, 23
, 131
, 114
, 40
, 59
, 95
, 105
, 49
, 29
, 125
, 23
, 131
, 94
, 60
, 143
, 11
, 51
, 103
, 23
, 131
, 123
, 31
, 74
, 80
, 114
, 40
, 115
, 39
, 105
, 49
, 70
, 84
, 78
, 76
, 42
, 112
, 39
, 115
, 18
, 136
, 83
, 71
, 99
, 55
, 80
, 74
, 150
, 4
, 75
, 79
, 49
, 105
, 89
, 65
, 12
, 142
, 3
, 151
, 117
, 37
, 29
, 125
, 61
, 93
, 115
, 39
, 36
, 118
, 54
, 100
, 40
, 114
, 116
, 38
, 74
, 80
, 80
, 74
, 17
, 137
, 63
, 91
, 66
, 88
, 22
, 132
, 75
, 79
, 44
, 110
, 103
, 51
, 63
, 91
, 1
, 153
, 98
, 56
, 129
, 25
, 125
, 29
, 30
, 124
, 26
, 128
, 82
, 72
, 52
, 102
, 150
, 4
, 77
, 77
, 126
, 28
, 74
, 80
, 45
, 109
, 99
, 55
, 20
, 134
, 97
, 57
, 87
, 67
, 10
, 144
, 64
, 90
, 3
, 151
, 105
, 49
, 150
, 4
, 141
, 13
, 115
, 39
, 129
, 25
, 115
, 39
, 23
, 131
, 103
, 51
, 68
, 86
, 133
, 21
, 125
, 29
, 129
, 25
, 87
, 67
, 118
, 36
, 63
, 91
, 49
, 105
, 53
, 101
, 116
, 38
, 122
, 32
, 128
, 26
, 143
, 11
, 67
, 87
, 148
, 6
, 34
, 120
, 49
, 105
, 55
, 99
, 120
, 34
, 119
, 35
, 139
, 15
, 59
, 95
, 95
, 59
, 46
, 108
, 53
, 101
, 33
, 121
, 38
, 116
, 125
, 29
, 69
, 85
, 33
, 121
, 104
, 50
, 81
, 73
, 90
, 64
, 141
, 13
, 125
, 29
, 8
, 146
, 110
, 44
, 80
, 74
, 11
, 143
, 120
, 34
, 11
, 143
, 94
, 60
, 10
, 144
, 50
, 104
, 89
, 65
, 86
, 68
, 88
, 66
, 38
, 116
, 50
, 104
, 125
, 29
, 148
, 6
, 106
, 48
, 151
, 3
, 88
, 66
, 149
, 5
, 144
, 10
, 104
, 50
, 72
, 82
, 68
, 86
, 22
, 132
, 21
, 133
, 102
, 52
, 148
, 6
, 130
, 24
, 74
, 80
, 70
, 84
, 13
, 141
, 24
, 130
, 85
, 69
, 10
, 144
, 42
, 112
, 52
, 102
, 13
, 141
, 49
, 105
, 84
, 70
, 54
, 100
, 95
, 59
, 94
, 60
, 83
, 71
, 99
, 55
, 37
, 117
, 25
, 129
, 71
, 83
, 122
, 32
, 107
, 47
, 43
, 111
, 44
, 110
, 125
, 29
, 19
, 135
, 106
, 48
, 32
, 122
, 46
, 108
, 129
, 25
, 107
, 47
, 138
, 16
, 70
, 84
, 114
, 40
, 129
, 25
, 19
, 135
, 30
, 124
, 66
, 88
, 72
, 82
, 25
, 129
, 83
, 71
, 63
, 91
, 31
, 123
, 95
, 59
, 119
, 35
, 86
, 68
, 26
, 128
, 34
, 120
, 56
, 98
, 93
, 61
, 24
, 130
, 120
, 34
, 72
, 82
, 140
, 14
, 75
, 79
, 138
, 16
, 88
, 66
, 51
, 103
, 71
, 83
, 125
, 29
, 57
, 97
, 104
, 50
, 135
, 19
, 45
, 109
, 69
, 85
, 43
, 111
, 63
, 91
, 41
, 113
, 72
, 82
, 108
, 46
, 66
, 88
, 7
, 147
, 32
, 122
, 84
, 70
, 96
, 58
, 109
, 45
, 46
, 108
, 30
, 124
, 91
, 63
, 139
, 15
, 67
, 87
, 13
, 141
, 87
, 67
, 25
, 129
, 131
, 23
, 69
, 85
, 13
, 141
, 83
, 71
, 61
, 93
, 136
, 18
, 118
, 36
, 116
, 38
, 83
, 71
, 8
, 146
, 45
, 109
, 31
, 123
, 46
, 108
, 46
, 108
, 76
, 78
, 63
, 91
, 38
, 116
, 86
, 68
, 4
, 150
, 4
, 150
, 70
, 84
, 88
, 66
, 113
, 41
, 143
, 11
, 92
, 62
, 106
, 48
, 110
, 44
, 139
, 15
, 90
, 64
, 115
, 39
, 147
, 7
, 21
, 133
, 61
, 93
, 111
, 43
, 95
, 59
, 115
, 39
, 138
, 16
, 84
, 70
, 78
, 76
, 115
, 39
, 6
, 148
, 128
, 26
, 107
, 47
, 14
, 140
, 101
, 53
, 126
, 28
, 31
, 123
, 98
, 56
, 72
, 82
, 27
, 127
, 32
, 122
, 111
, 43
, 137
, 17
, 30
, 124
, 60
, 94
, 114
, 40
, 104
, 50
, 6
, 148
, 65
, 89
, 113
, 41
, 9
, 145
, 39
, 115
, 60
, 94
, 48
, 106
, 30
, 124
, 114
, 40
, 148
, 6
, 40
, 114
, 127
, 27
, 104
, 50
, 150
, 4
, 22
, 132
, 42
, 112
, 80
, 74
, 125
, 29
, 13
, 141
, 50
, 104
, 105
, 49
, 117
, 37
, 81
, 73
, 74
, 80
, 105
, 49
, 40
, 114
, 142
, 12
, 34
, 120
, 100
, 54
, 30
, 124
, 108
, 46
, 140
, 14
, 75
, 79
, 24
, 130
, 115
, 39
, 141
, 13
, 105
, 49
, 72
, 82
, 12
, 142
, 12
, 142
, 138
, 16
, 61
, 93
, 36
, 118
, 88
, 66
, 30
, 124
, 81
, 73
, 31
, 123
, 48
, 106
, 105
, 49
, 21
, 133
, 112
, 42
, 33
, 121
, 78
, 76
, 42
, 112
, 70
, 84
, 69
, 85
, 67
, 87
, 141
, 13
, 51
, 103
, 140
, 14
, 73
, 81
, 135
, 19
, 3
, 151
, 135
, 19
, 31
, 123
, 127
, 27
, 87
, 67
, 25
, 129
, 34
, 120
, 97
, 57
, 144
, 10
, 56
, 98
, 141
, 13
, 141
, 13
, 49
, 105
, 107
, 47
, 93
, 61
, 53
, 101
, 3
, 151
, 39
, 115
, 78
, 76
, 140
, 14
, 107
, 47
, 105
, 49
, 130
, 24
, 37
, 117
, 90
, 64
, 13
, 141
, 110
, 44
, 57
, 97
, 41
, 113
, 41
, 113
, 56
, 98
, 107
, 47
, 73
, 81
, 82
, 72
, 129
, 25
, 107
, 47
, 93
, 61
, 99
, 55
, 113
, 41
, 74
, 80
, 148
, 6
, 91
, 63
, 71
, 83
, 102
, 52
, 151
, 3
, 74
, 80
, 126
, 28
, 40
, 114
, 114
, 40
, 14
, 140
, 11
, 143
, 66
, 88
, 49
, 105
, 80
, 74
, 34
, 120
, 31
, 123
, 149
, 5
, 89
, 65
, 15
, 139
, 48
, 106
, 40
, 114
, 32
, 122
, 17
, 137
, 73
, 81
, 56
, 98
, 133
, 21
, 100
, 54
, 34
, 120
, 1
, 153
, 85
, 69
, 102
, 52
, 20
, 134
, 130
, 24
, 80
, 74
, 112
, 42
, 54
, 100
, 57
, 97
, 145
, 9
, 45
, 109
, 27
, 127
, 54
, 100
, 104
, 50
, 118
, 36
, 84
, 70
, 33
, 121
, 18
, 136
, 82
, 72
, 41
, 113
, 119
, 35
, 70
, 84
, 24
, 130
, 58
, 96
, 42
, 112
, 35
, 119
, 61
, 93
, 13
, 141
, 98
, 56
, 1
, 153
, 21
, 133
, 114
, 40
, 80
, 74
, 3
, 151
, 97
, 57
, 92
, 62
, 132
, 22
, 21
, 133
, 52
, 102
, 24
, 130
, 42
, 112
, 139
, 15
, 105
, 49
, 122
, 32
, 79
, 75
, 77
, 77
, 90
, 64
, 69
, 85
, 104
, 50
, 73
, 81
, 129
, 25
, 8
, 146
, 42
, 112
, 67
, 87
, 91
, 63
, 124
, 30
, 14
, 140
, 141
, 13
, 63
, 91
, 68
, 86
, 133
, 21
, 62
, 92
, 96
, 58
, 56
, 98
, 70
, 84
, 34
, 120
, 120
, 34
, 23
, 131
, 115
, 39
, 26
, 128
, 24
, 130
, 111
, 43
, 136
, 18
, 23
, 131
, 18
, 136
, 7
, 147
, 72
, 82
, 46
, 108
, 26
, 128
, 68
, 86
, 115
, 39
, 145
, 9
, 7
, 147
, 8
, 146
, 71
, 83
, 117
, 37
, 45
, 109
, 134
, 20
, 120
, 34
, 110
, 44
, 43
, 111
, 134
, 20
, 151
, 3
, 5
, 149
, 1
, 153
, 57
, 97
, 115
, 39
, 8
, 146
, 56
, 98
, 93
, 61
, 87
, 67
, 103
, 51
, 121
, 33
, 6
, 148
, 32
, 122
, 5
, 149
, 56
, 98
, 7
, 147
, 26
, 128
, 88
, 66
, 90
, 64
, 15
, 139
, 90
, 64
, 81
, 73
, 15
, 139
, 152
, 2
, 68
, 86
, 13
, 141
, 2
, 152
, 145
, 9
, 25
, 129
, 2
, 152
, 30
, 124
, 33
, 121
, 87
, 67
, 29
, 125
, 126
, 28
, 19
, 135
, 110
, 44
, 8
, 146
, 81
, 73
, 107
, 47
, 66
, 88
, 7
, 147
, 54
, 100
, 46
, 108
, 68
, 86
, 22
, 132
, 16
, 138
, 103
, 51
, 80
, 74
, 21
, 133
, 145
, 9
, 99
, 55
, 71
, 83
, 31
, 123
, 22
, 132
, 52
, 102
, 73
, 81
, 52
, 102
, 66
, 88
, 152
, 2
, 47
, 107
, 29
, 125
, 102
, 52
, 43
, 111
, 83
, 71
, 5
, 149
, 29
, 125
, 131
, 23
, 111
, 43
, 32
, 122
, 12
, 142
, 114
, 40
, 19
, 135
, 80
, 74
, 54
, 100
, 100
, 54
, 2
, 152
, 55
, 99
, 146
, 8
, 22
, 132
, 19
, 135
, 93
, 61
, 127
, 27
, 70
, 84
, 97
, 57
, 129
, 25
, 103
, 51
, 7
, 147
, 9
, 145
, 46
, 108
, 105
, 49
, 80
, 74
, 29
, 125
, 133
, 21
, 58
, 96
, 68
, 86
, 74
, 80
, 45
, 109
, 125
, 29
, 92
, 62
, 11
, 143
, 85
, 69
, 128
, 26
, 144
, 10
, 85
, 69
, 37
, 117
, 132
, 22
, 67
, 87
, 38
, 116
, 80
, 74
, 96
, 58
, 86
, 68
, 106
, 48
, 139
, 15
, 2
, 152
, 11
, 143
, 124
, 30
, 56
, 98
, 81
, 73
, 111
, 43
, 27
, 127
, 117
, 37
, 34
, 120
, 142
, 12
, 139
, 15
, 137
, 17
, 87
, 67
, 1
, 153
, 65
, 89
, 95
, 59
, 53
, 101
, 16
, 138
, 42
, 112
, 89
, 65
, 97
, 57
, 111
, 43
, 9
, 145
, 81
, 73
, 101
, 53
, 133
, 21
, 69
, 85
, 108
, 46
, 33
, 121
, 99
, 55
, 15
, 139
, 94
, 60
, 70
, 84
, 124
, 30
, 72
, 82
, 78
, 76
, 15
, 139
, 44
, 110
, 32
, 122
, 133
, 21
, 21
, 133
, 83
, 71
, 49
, 105
, 105
, 49
, 49
, 105
, 61
, 93
, 37
, 117
, 7
, 147
, 54
, 100
, 91
, 63
, 18
, 136
, 83
, 71
, 15
, 139
, 23
, 131
, 121
, 33
, 42
, 112
, 5
, 149
, 90
, 64
, 93
, 61
, 113
, 41
, 108
, 46
, 40
, 114
, 64
, 90
, 116
, 38
, 132
, 22
, 118
, 36
, 134
, 20
, 40
, 114
, 44
, 110
, 152
, 2
, 141
, 13
, 9
, 145
, 86
, 68
, 88
, 66
, 28
, 126
, 5
, 149
, 112
, 42
, 55
, 99
, 83
, 71
, 1
, 153
, 10
, 144
, 109
, 45
, 62
, 92
, 46
, 108
, 42
, 112
, 122
, 32
, 129
, 25
, 82
, 72
, 21
, 133
, 17
, 137
, 80
, 74
, 112
, 42
, 74
, 80
, 34
, 120
, 133
, 21
, 122
, 32
, 105
, 49
, 73
, 81
, 128
, 26
, 139
, 15
, 27
, 127
, 85
, 69
, 4
, 150
, 107
, 47
, 149
, 5
, 137
, 17
, 86
, 68
, 87
, 67
, 142
, 12
, 120
, 34
, 97
, 57
, 25
, 129
, 32
, 122
, 31
, 123
, 41
, 113
, 56
, 98
, 133
, 21
, 110
, 44
, 48
, 106
, 34
, 120
, 80
, 74
, 116
, 38
, 135
, 19
, 36
, 118
, 34
, 120
, 62
, 92
, 93
, 61
, 87
, 67
, 59
, 95
, 84
, 70
, 101
, 53
, 123
, 31
, 144
, 10
, 42
, 112
, 25
, 129
, 42
, 112
, 116
, 38
, 98
, 56
, 48
, 106
, 144
, 10
, 121
, 33
, 30
, 124
, 54
, 100
, 133
, 21
, 127
, 27
, 87
, 67
, 10
, 144
, 36
, 118
, 39
, 115
, 43
, 111
, 121
, 33
, 110
, 44
, 108
, 46
, 141
, 13
, 148
, 6
, 34
, 120
, 123
, 31
, 71
, 83
, 53
, 101
, 145
, 9
, 11
, 143
, 95
, 59
, 25
, 129
, 16
, 138
, 60
, 94
, 49
, 105
, 8
, 146
, 47
, 107
, 89
, 65
, 29
, 125
, 107
, 47
, 114
, 40
, 143
, 11
, 111
, 43
, 64
, 90
, 22
, 132
, 55
, 99
, 31
, 123
, 21
, 133
, 130
, 24
, 149
, 5
, 31
, 123
, 103
, 51
, 32
, 122
, 137
, 17
, 5
, 149
, 6
, 148
, 14
, 140
, 99
, 55
, 152
, 2
, 73
, 81
, 46
, 108
, 92
, 62
, 7
, 147
, 71
, 83
, 56
, 98
, 101
, 53
, 99
, 55
, 46
, 108
, 15
, 139
, 18
, 136
, 60
, 94
, 90
, 64
, 44
, 110
, 131
, 23
, 140
, 14
, 97
, 57
, 51
, 103
, 104
, 50
, 132
, 22
, 112
, 42
, 58
, 96
, 133
, 21
, 67
, 87
, 22
, 132
, 128
, 26
, 113
, 41
, 124
, 30
, 70
, 84
, 72
, 82
, 138
, 16
, 129
, 25
, 5
, 149
, 18
, 136
, 79
, 75
, 78
, 76
, 126
, 28
, 82
, 72
, 149
, 5
, 38
, 116
, 62
, 92
, 112
, 42
, 75
, 79
, 109
, 45
, 103
, 51
, 120
, 34
, 120
, 34
, 27
, 127
, 127
, 27
, 7
, 147
, 116
, 38
, 54
, 100
, 136
, 18
, 100
, 54
, 40
, 114
, 77
, 77
, 85
, 69
, 44
, 110
, 32
, 122
, 101
, 53
, 122
, 32
, 33
, 121
, 21
, 133
, 148
, 6
, 57
, 97
, 121
, 33
, 108
, 46
, 12
, 142
, 69
, 85
, 44
, 110
, 111
, 43
, 3
, 151
, 136
, 18
, 33
, 121
, 65
, 89
, 85
, 69
, 71
, 83
, 114
, 40
, 30
, 124
, 17
, 137
, 116
, 38
, 7
, 147
, 92
, 62
, 41
, 113
, 73
, 81
, 36
, 118
, 33
, 121
, 67
, 87
, 132
, 22
, 72
, 82
, 45
, 109
, 102
, 52
, 23
, 131
, 58
, 96
, 34
, 120
, 23
, 131
, 55
, 99
, 27
, 127
, 128
, 26
, 107
, 47
, 56
, 98
, 46
, 108
, 128
, 26
, 94
, 60
, 14
, 140
, 27
, 127
, 31
, 123
, 63
, 91
, 93
, 61
, 128
, 26
, 79
, 75
, 88
, 66
, 145
, 9
, 67
, 87
, 122
, 32
, 61
, 93
, 33
, 121
, 81
, 73
, 23
, 131
, 107
, 47
, 58
, 96
, 109
, 45
, 18
, 136
, 25
, 129
, 15
, 139
, 4
, 150
, 107
, 47
, 29
, 125
, 33
, 121
, 67
, 87
, 9
, 145
, 103
, 51
, 73
, 81
, 46
, 108
, 52
, 102
, 139
, 15
, 150
, 4
, 104
, 50
, 59
, 95
, 50
, 104
, 146
, 8
, 52
, 102
, 111
, 43
, 88
, 66
, 110
, 44
, 98
, 56
, 22
, 132
, 72
, 82
, 115
, 39
, 55
, 99
, 42
, 112
, 115
, 39
, 57
, 97
, 151
, 3
, 150
, 4
, 48
, 106
, 28
, 126
, 138
, 16
, 68
, 86
, 90
, 64
, 137
, 17
, 131
, 23
, 94
, 60
, 53
, 101
, 13
, 141
, 109
, 45
, 34
, 120
, 12
, 142
, 37
, 117
, 115
, 39
, 109
, 45
, 4
, 150
, 98
, 56
, 41
, 113
, 90
, 64
, 33
, 121
, 124
, 30
, 84
, 70
, 118
, 36
, 45
, 109
, 27
, 127
, 109
, 45
, 64
, 90
, 62
, 92
, 99
, 55
, 55
, 99
, 123
, 31
, 90
, 64
, 43
, 111
, 105
, 49
, 139
, 15
, 86
, 68
, 146
, 8
, 146
, 8
, 8
, 146
, 131
, 23
, 118
, 36
, 2
, 152
, 104
, 50
, 149
, 5
, 46
, 108
, 101
, 53
, 148
, 6
, 15
, 139
, 113
, 41
, 115
, 39
, 41
, 113
, 128
, 26
, 80
, 74
, 152
, 2
, 117
, 37
, 132
, 22
, 68
, 86
, 85
, 69
, 99
, 55
, 98
, 56
, 37
, 117
, 8
, 146
, 126
, 28
, 38
, 116
, 83
, 71
, 38
, 116
, 44
, 110
, 15
, 139
, 12
, 142
, 32
, 122
, 13
, 141
, 126
, 28
, 61
, 93
, 124
, 30
, 137
, 17
, 22
, 132
, 71
, 83
, 48
, 106
, 8
, 146
, 48
, 106
, 131
, 23
, 28
, 126
, 94
, 60
, 130
, 24
, 61
, 93
, 44
, 110
, 135
, 19
, 74
, 80
, 116
, 38
, 146
, 8
, 87
, 67
, 67
, 87
, 46
, 108
, 66
, 88
, 37
, 117
, 17
, 137
, 138
, 16
, 90
, 64
, 30
, 124
, 139
, 15
, 35
, 119
, 53
, 101
, 24
, 130
, 148
, 6
, 87
, 67
, 24
, 130
, 92
, 62
, 109
, 45
, 12
, 142
, 82
, 72
, 68
, 86
, 34
, 120
, 7
, 147
, 6
, 148
, 112
, 42
, 38
, 116
, 151
, 3
, 140
, 14
, 68
, 86
, 79
, 75
, 129
, 25
, 25
, 129
, 85
, 69
, 1
, 153
, 22
, 132
, 76
, 78
, 145
, 9
, 29
, 125
, 13
, 141
, 150
, 4
, 114
, 40
, 119
, 35
, 115
, 39
, 114
, 40
, 76
, 78
, 45
, 109
, 108
, 46
, 53
, 101
, 86
, 68
, 16
, 138
, 78
, 76
, 9
, 145
, 59
, 95
, 136
, 18
, 141
, 13
, 117
, 37
, 101
, 53
, 39
, 115
, 89
, 65
, 145
, 9
, 99
, 55
, 129
, 25
, 2
, 152
, 139
, 15
, 73
, 81
, 44
, 110
, 67
, 87
, 17
, 137
, 106
, 48
, 62
, 92
, 117
, 37
, 91
, 63
, 127
, 27
, 28
, 126
, 139
, 15
, 58
, 96
, 1
, 153
, 69
, 85
, 149
, 5
, 140
, 14
, 77
, 77
, 126
, 28
, 50
, 104
, 5
, 149
, 14
, 140
, 144
, 10
, 119
, 35
, 79
, 75
, 40
, 114
, 15
, 139
, 54
, 100
, 103
, 51
, 88
, 66
, 75
, 79
, 47
, 107
, 111
, 43
, 137
, 17
, 141
, 13
, 26
, 128
, 52
, 102
, 32
, 122
, 82
, 72
, 31
, 123
, 60
, 94
, 29
, 125
, 70
, 84
, 1
, 153
, 14
, 140
, 32
, 122
, 16
, 138
, 42
, 112
, 66
, 88
, 24
, 130
, 99
, 55
, 126
, 28
, 143
, 11
, 30
, 124
, 129
, 25
, 136
, 18
, 84
, 70
, 142
, 12
, 7
, 147
, 74
, 80
, 50
, 104
, 91
, 63
, 14
, 140
, 97
, 57
, 136
, 18
, 94
, 60
, 32
, 122
, 59
, 95
, 19
, 135
, 35
, 119
, 73
, 81
, 85
, 69
, 124
, 30
, 34
, 120
, 130
, 24
, 136
, 18
, 26
, 128
, 85
, 69
, 57
, 97
, 14
, 140
, 28
, 126
, 35
, 119
, 129
, 25
, 3
, 151
, 64
, 90
, 13
, 141
, 148
, 6
, 103
, 51
, 103
, 51
, 94
, 60
, 60
, 94
, 50
, 104
, 111
, 43
, 53
, 101
, 95
, 59
, 78
, 76
, 55
, 99
, 36
, 118
, 45
, 109
, 148
, 6
, 19
, 135
, 33
, 121
, 14
, 140
, 81
, 73
, 2
, 152
, 66
, 88
, 115
, 39
, 79
, 75
, 134
, 20
, 2
, 152
, 88
, 66
, 97
, 57
, 124
, 30
, 131
, 23
, 130
, 24
, 33
, 121
, 44
, 110
, 137
, 17
, 3
, 151
, 10
, 144
, 86
, 68
, 12
, 142
, 115
, 39
, 52
, 102
, 89
, 65
, 94
, 60
, 6
, 148
, 104
, 50
, 118
, 36
, 133
, 21
, 26
, 128
, 3
, 151
, 145
, 9
, 73
, 81
, 55
, 99
, 74
, 80
, 140
, 14
, 57
, 97
, 24
, 130
, 69
, 85
, 42
, 112
, 42
, 112
, 10
, 144
, 9
, 145
, 97
, 57
, 92
, 62
, 47
, 107
, 65
, 89
, 10
, 144
, 131
, 23
, 75
, 79
, 10
, 144
, 67
, 87
, 4
, 150
, 106
, 48
, 75
, 79
, 112
, 42
, 140
, 14
, 25
, 129
, 130
, 24
, 109
, 45
, 110
, 44
, 116
, 38
, 110
, 44
, 83
, 71
, 64
, 90
, 59
, 95
, 80
, 74
, 27
, 127
, 86
, 68
, 133
, 21
, 104
, 50
, 47
, 107
, 20
, 134
, 3
, 151
, 13
, 141
, 91
, 63
, 95
, 59
, 46
, 108
, 4
, 150
, 21
, 133
, 148
, 6
, 106
, 48
, 102
, 52
, 31
, 123
, 72
, 82
, 147
, 7
, 15
, 139
, 118
, 36
, 91
, 63
, 88
, 66
, 122
, 32
, 90
, 64
, 88
, 66
, 112
, 42
, 46
, 108
, 109
, 45
, 125
, 29
, 63
, 91
, 14
, 140
, 134
, 20
, 113
, 41
, 140
, 14
, 55
, 99
, 48
, 106
, 113
, 41
, 69
, 85
, 29
, 125
, 81
, 73
, 12
, 142
, 89
, 65
, 114
, 40
, 90
, 64
, 60
, 94
, 31
, 123
, 72
, 82
, 1
, 153
, 5
, 149
, 139
, 15
, 101
, 53
, 115
, 39
, 150
, 4
, 108
, 46
, 69
, 85
, 94
, 60
, 8
, 146
, 49
, 105
, 144
, 10
, 106
, 48
, 50
, 104
, 69
, 85
, 82
, 72
, 38
, 116
, 97
, 57
, 120
, 34
, 29
, 125
, 121
, 33
, 73
, 81
, 86
, 68
, 102
, 52
, 122
, 32
, 121
, 33
, 78
, 76
, 128
, 26
, 87
, 67
, 11
, 143
, 87
, 67
, 24
, 130
, 45
, 109
, 67
, 87
, 76
, 78
, 19
, 135
, 88
, 66
, 13
, 141
, 140
, 14
, 78
, 76
, 119
, 35
, 63
, 91
, 37
, 117
, 138
, 16
, 143
, 11
, 18
, 136
, 47
, 107
, 27
, 127
, 129
, 25
, 118
, 36
, 50
, 104
, 44
, 110
, 23
, 131
, 126
, 28
, 101
, 53
, 54
, 100
, 150
, 4
, 50
, 104
, 125
, 29
, 21
, 133
, 73
, 81
, 103
, 51
, 69
, 85
, 15
, 139
, 41
, 113
, 117
, 37
, 22
, 132
, 72
, 82
, 101
, 53
, 68
, 86
, 104
, 50
, 33
, 121
, 61
, 93
, 47
, 107
, 9
, 145
, 4
, 150
, 75
, 79
, 111
, 43
, 89
, 65
, 81
, 73
, 99
, 55
, 83
, 71
, 151
, 3
, 141
, 13
, 70
, 84
, 130
, 24
, 145
, 9
, 67
, 87
, 63
, 91
, 13
, 141
, 25
, 129
, 10
, 144
, 124
, 30
, 99
, 55
, 4
, 150
, 49
, 105
, 87
, 67
, 23
, 131
, 89
, 65
, 75
, 79
, 152
, 2
, 67
, 87
, 76
, 78
, 53
, 101
, 62
, 92
, 108
, 46
, 112
, 42
, 102
, 52
, 118
, 36
, 138
, 16
, 67
, 87
, 142
, 12
, 55
, 99
, 136
, 18
, 9
, 145
, 103
, 51
, 67
, 87
, 133
, 21
, 99
, 55
, 39
, 115
, 91
, 63
, 81
, 73
, 93
, 61
, 55
, 99
, 103
, 51
, 98
, 56
, 38
, 116
, 103
, 51
, 57
, 97
, 7
, 147
, 148
, 6
, 128
, 26
, 106
, 48
, 122
, 32
, 58
, 96
, 144
, 10
, 136
, 18
, 79
, 75
, 37
, 117
, 97
, 57
, 103
, 51
, 127
, 27
, 112
, 42
, 47
, 107
, 32
, 122
, 109
, 45
, 90
, 64
, 134
, 20
, 104
, 50
, 42
, 112
, 138
, 16
, 131
, 23
, 66
, 88
, 100
, 54
, 5
, 149
, 16
, 138
, 108
, 46
, 64
, 90
, 14
, 140
, 18
, 136
, 58
, 96
, 87
, 67
, 67
, 87
, 136
, 18
, 100
, 54
, 19
, 135
, 77
, 77
, 50
, 104
, 97
, 57
, 89
, 65
, 33
, 121
, 114
, 40
, 125
, 29
, 97
, 57
, 2
, 152
, 148
, 6
, 119
, 35
, 17
, 137
, 18
, 136
, 82
, 72
, 50
, 104
, 75
, 79
, 25
, 129
, 26
, 128
, 96
, 58
, 11
, 143
, 3
, 151
, 24
, 130
, 118
, 36
, 149
, 5
, 127
, 27
, 93
, 61
, 7
, 147
, 74
, 80
, 152
, 2
, 93
, 61
, 96
, 58
, 33
, 121
, 106
, 48
, 114
, 40
, 68
, 86
, 133
, 21
, 125
, 29
, 125
, 29
, 86
, 68
, 84
, 70
, 29
, 125
, 11
, 143
, 116
, 38
, 86
, 68
, 3
, 151
, 25
, 129
, 4
, 150
, 5
, 149
, 35
, 119
, 28
, 126
, 12
, 142
, 1
, 153
, 40
, 114
, 140
, 14
, 45
, 109
, 23
, 131
, 124
, 30
, 132
, 22
, 25
, 129
, 56
, 98
, 56
, 98
, 145
, 9
, 110
, 44
, 117
, 37
, 25
, 129
, 73
, 81
, 84
, 70
, 124
, 30
, 24
, 130
, 117
, 37
, 9
, 145
, 46
, 108
, 42
, 112
, 71
, 83
, 118
, 36
, 15
, 139
, 101
, 53
, 126
, 28
, 74
, 80
, 103
, 51
, 38
, 116
, 117
, 37
, 84
, 70
, 146
, 8
, 99
, 55
, 51
, 103
, 101
, 53
, 80
, 74
, 146
, 8
, 44
, 110
, 137
, 17
, 142
, 12
, 113
, 41
, 50
, 104
, 61
, 93
, 22
, 132
, 122
, 32
, 31
, 123
, 30
, 124
, 26
, 128
, 108
, 46
, 59
, 95
, 150
, 4
, 90
, 64
, 134
, 20
, 64
, 90
, 118
, 36
, 89
, 65
, 90
, 64
, 98
, 56
, 103
, 51
, 1
, 153
, 115
, 39
, 107
, 47
, 85
, 69
, 104
, 50
, 5
, 149
, 143
, 11
, 80
, 74
, 101
, 53
, 7
, 147
, 133
, 21
, 54
, 100
, 46
, 108
, 88
, 66
, 92
, 62
