
361
, 18
, 135
, 14
, 139
, 52
, 101
, 133
, 20
, 43
, 110
, 1
, 152
, 114
, 39
, 118
, 35
, 112
, 41
, 80
, 73
, 50
, 103
, 140
, 13
, 24
, 129
, 125
, 28
, 124
, 29
, 86
, 67
, 58
, 95
, 44
, 109
, 123
, 30
, 34
, 119
, 70
, 83
, 132
, 21
, 96
, 57
, 45
, 108
, 24
, 129
, 11
, 142
, 108
, 45
, 109
, 44
, 6
, 147
, 63
, 90
, 71
, 82
, 65
, 88
, 55
, 98
, 95
, 58
, 47
, 106
, 112
, 41
, 141
, 12
, 27
, 126
, 61
, 92
, 80
, 73
, 94
, 59
, 49
, 104
, 30
, 123
, 102
, 51
, 140
, 13
, 150
, 3
, 105
, 48
, 105
, 48
, 10
, 143
, 122
, 31
, 113
, 40
, 27
, 126
, 122
, 31
, 131
, 22
, 41
, 112
, 136
, 17
, 60
, 93
, 96
, 57
, 53
, 100
, 13
, 140
, 96
, 57
, 125
, 28
, 31
, 122
, 31
, 122
, 48
, 105
, 119
, 34
, 24
, 129
, 50
, 103
, 79
, 74
, 59
, 94
, 144
, 9
, 63
, 90
, 27
, 126
, 130
, 23
, 40
, 113
, 111
, 42
, 39
, 114
, 142
, 11
, 125
, 28
, 50
, 103
, 3
, 150
, 46
, 107
, 127
, 26
, 127
, 26
, 33
, 120
, 32
, 121
, 138
, 15
, 68
, 85
, 26
, 127
, 81
, 72
, 103
, 50
, 53
, 100
, 107
, 46
, 146
, 7
, 144
, 9
, 101
, 52
, 144
, 9
, 103
, 50
, 14
, 139
, 80
, 73
, 70
, 83
, 92
, 61
, 142
, 11
, 54
, 99
, 64
, 89
, 71
, 82
, 27
, 126
, 148
, 5
, 117
, 36
, 25
, 128
, 135
, 18
, 78
, 75
, 21
, 132
, 74
, 79
, 83
, 70
, 135
, 18
, 56
, 97
, 5
, 148
, 88
, 65
, 89
, 64
, 27
, 126
, 88
, 65
, 93
, 60
, 106
, 47
, 61
, 92
, 62
, 91
, 50
, 103
, 67
, 86
, 80
, 73
, 34
, 119
, 58
, 95
, 11
, 142
, 1
, 152
, 85
, 68
, 125
, 28
, 42
, 111
, 135
, 18
, 63
, 90
, 26
, 127
, 133
, 20
, 43
, 110
, 79
, 74
, 21
, 132
, 92
, 61
, 27
, 126
, 137
, 16
, 45
, 108
, 4
, 149
, 92
, 61
, 59
, 94
, 8
, 145
, 88
, 65
, 93
, 60
, 94
, 59
, 135
, 18
, 72
, 81
, 29
, 124
, 53
, 100
, 125
, 28
, 59
, 94
, 47
, 106
, 115
, 38
, 76
, 77
, 115
, 38
, 101
, 52
, 18
, 135
, 106
, 47
, 3
, 150
, 147
, 6
, 33
, 120
, 112
, 41
, 4
, 149
, 98
, 55
, 139
, 14
, 30
, 123
, 55
, 98
, 38
, 115
, 10
, 143
, 39
, 114
, 84
, 69
, 64
, 89
, 18
, 135
, 149
, 4
, 122
, 31
, 36
, 117
, 33
, 120
, 66
, 87
, 45
, 108
, 22
, 131
, 127
, 26
, 29
, 124
, 101
, 52
, 44
, 109
, 136
, 17
, 136
, 17
, 137
, 16
, 140
, 13
, 12
, 141
, 102
, 51
, 123
, 30
, 90
, 63
, 61
, 92
, 103
, 50
, 127
, 26
, 78
, 75
, 66
, 87
, 101
, 52
, 52
, 101
, 121
, 32
, 86
, 67
, 135
, 18
, 49
, 104
, 92
, 61
, 5
, 148
, 143
, 10
, 26
, 127
, 64
, 89
, 11
, 142
, 128
, 25
, 147
, 6
, 60
, 93
, 86
, 67
, 114
, 39
, 18
, 135
, 105
, 48
, 133
, 20
, 134
, 19
, 131
, 22
, 112
, 41
, 38
, 115
, 39
, 114
, 15
, 138
, 19
, 134
, 137
, 16
, 87
, 66
, 62
, 91
, 38
, 115
, 32
, 121
, 39
, 114
, 134
, 19
, 78
, 75
, 60
, 93
, 118
, 35
, 6
, 147
, 112
, 41
, 136
, 17
, 64
, 89
, 34
, 119
, 109
, 44
, 9
, 144
, 136
, 17
, 110
, 43
, 5
, 148
, 75
, 78
, 5
, 148
, 77
, 76
, 96
, 57
, 11
, 142
, 2
, 151
, 7
, 146
, 7
, 146
, 110
, 43
, 111
, 42
, 88
, 65
, 36
, 117
, 122
, 31
, 54
, 99
, 41
, 112
, 9
, 144
, 16
, 137
, 2
, 151
, 50
, 103
, 40
, 113
, 22
, 131
, 15
, 138
, 43
, 110
, 25
, 128
, 77
, 76
, 58
, 95
, 2
, 151
, 6
, 147
, 129
, 24
, 86
, 67
, 39
, 114
, 124
, 29
, 16
, 137
, 114
, 39
, 130
, 23
, 39
, 114
, 36
, 117
, 134
, 19
, 82
, 71
, 3
, 150
, 62
, 91
, 81
, 72
, 21
, 132
, 8
, 145
, 44
, 109
, 118
, 35
, 49
, 104
, 137
, 16
, 74
, 79
, 106
, 47
, 38
, 115
, 4
, 149
, 135
, 18
, 123
, 30
, 24
, 129
, 52
, 101
, 133
, 20
, 90
, 63
, 86
, 67
, 147
, 6
, 88
, 65
, 130
, 23
, 11
, 142
, 1
, 152
, 124
, 29
, 141
, 12
, 85
, 68
, 55
, 98
, 85
, 68
, 61
, 92
, 149
, 4
, 54
, 99
, 5
, 148
, 65
, 88
, 113
, 40
, 104
, 49
, 132
, 21
, 40
, 113
, 76
, 77
, 89
, 64
, 39
, 114
, 34
, 119
, 47
, 106
, 141
, 12
, 17
, 136
, 100
, 53
, 7
, 146
, 99
, 54
, 55
, 98
, 115
, 38
, 146
, 7
, 47
, 106
, 94
, 59
, 41
, 112
, 10
, 143
, 105
, 48
, 3
, 150
, 92
, 61
, 148
, 5
, 139
, 14
, 139
, 14
, 49
, 104
, 38
, 115
, 147
, 6
, 23
, 130
, 124
, 29
, 90
, 63
, 10
, 143
