
3630
, 52
, 160
, 162
, 50
, 162
, 50
, 22
, 190
, 40
, 172
, 89
, 123
, 39
, 173
, 197
, 15
, 210
, 2
, 59
, 153
, 71
, 141
, 63
, 149
, 197
, 15
, 32
, 180
, 112
, 100
, 10
, 202
, 128
, 84
, 191
, 21
, 90
, 122
, 32
, 180
, 190
, 22
, 148
, 64
, 131
, 81
, 30
, 182
, 209
, 3
, 52
, 160
, 101
, 111
, 40
, 172
, 87
, 125
, 150
, 62
, 163
, 49
, 11
, 201
, 50
, 162
, 157
, 55
, 39
, 173
, 121
, 91
, 22
, 190
, 114
, 98
, 115
, 97
, 38
, 174
, 89
, 123
, 180
, 32
, 106
, 106
, 123
, 89
, 31
, 181
, 62
, 150
, 127
, 85
, 7
, 205
, 53
, 159
, 167
, 45
, 61
, 151
, 187
, 25
, 99
, 113
, 91
, 121
, 32
, 180
, 50
, 162
, 5
, 207
, 192
, 20
, 75
, 137
, 170
, 42
, 156
, 56
, 165
, 47
, 37
, 175
, 130
, 82
, 163
, 49
, 51
, 161
, 97
, 115
, 202
, 10
, 151
, 61
, 204
, 8
, 100
, 112
, 50
, 162
, 193
, 19
, 181
, 31
, 195
, 17
, 15
, 197
, 127
, 85
, 201
, 11
, 13
, 199
, 183
, 29
, 119
, 93
, 207
, 5
, 55
, 157
, 168
, 44
, 170
, 42
, 201
, 11
, 80
, 132
, 74
, 138
, 85
, 127
, 160
, 52
, 21
, 191
, 86
, 126
, 131
, 81
, 139
, 73
, 63
, 149
, 90
, 122
, 174
, 38
, 187
, 25
, 112
, 100
, 32
, 180
, 195
, 17
, 70
, 142
, 184
, 28
, 69
, 143
, 57
, 155
, 50
, 162
, 204
, 8
, 100
, 112
, 18
, 194
, 202
, 10
, 110
, 102
, 55
, 157
, 20
, 192
, 153
, 59
, 137
, 75
, 50
, 162
, 19
, 193
, 113
, 99
, 139
, 73
, 79
, 133
, 46
, 166
, 142
, 70
, 162
, 50
, 33
, 179
, 154
, 58
, 92
, 120
, 108
, 104
, 24
, 188
, 81
, 131
, 181
, 31
, 5
, 207
, 130
, 82
, 99
, 113
, 14
, 198
, 17
, 195
, 185
, 27
, 156
, 56
, 109
, 103
, 28
, 184
, 201
, 11
, 91
, 121
, 19
, 193
, 79
, 133
, 22
, 190
, 61
, 151
, 33
, 179
, 104
, 108
, 201
, 11
, 163
, 49
, 46
, 166
, 67
, 145
, 164
, 48
, 7
, 205
, 80
, 132
, 194
, 18
, 44
, 168
, 62
, 150
, 130
, 82
, 100
, 112
, 149
, 63
, 27
, 185
, 101
, 111
, 158
, 54
, 32
, 180
, 78
, 134
, 208
, 4
, 36
, 176
, 53
, 159
, 13
, 199
, 103
, 109
, 151
, 61
, 6
, 206
, 138
, 74
, 96
, 116
, 39
, 173
, 123
, 89
, 204
, 8
, 167
, 45
, 185
, 27
, 6
, 206
, 206
, 6
, 57
, 155
, 177
, 35
, 21
, 191
, 169
, 43
, 22
, 190
, 80
, 132
, 26
, 186
, 169
, 43
, 172
, 40
, 53
, 159
, 148
, 64
, 97
, 115
, 96
, 116
, 150
, 62
, 131
, 81
, 139
, 73
, 68
, 144
, 90
, 122
, 111
, 101
, 88
, 124
, 91
, 121
, 153
, 59
, 141
, 71
, 113
, 99
, 183
, 29
, 17
, 195
, 145
, 67
, 205
, 7
, 144
, 68
, 20
, 192
, 130
, 82
, 165
, 47
, 71
, 141
, 45
, 167
, 133
, 79
, 53
, 159
, 188
, 24
, 143
, 69
, 78
, 134
, 68
, 144
, 14
, 198
, 165
, 47
, 166
, 46
, 96
, 116
, 113
, 99
, 86
, 126
, 87
, 125
, 189
, 23
, 124
, 88
, 1
, 211
, 105
, 107
, 22
, 190
, 137
, 75
, 114
, 98
, 120
, 92
, 6
, 206
, 121
, 91
, 165
, 47
, 105
, 107
, 159
, 53
, 123
, 89
, 57
, 155
, 120
, 92
, 55
, 157
, 151
, 61
, 112
, 100
, 116
, 96
, 128
, 84
, 144
, 68
, 19
, 193
, 43
, 169
, 31
, 181
, 47
, 165
, 144
, 68
, 196
, 16
, 49
, 163
, 201
, 11
, 192
, 20
, 149
, 63
, 174
, 38
, 24
, 188
, 93
, 119
, 60
, 152
, 126
, 86
, 46
, 166
, 101
, 111
, 24
, 188
, 90
, 122
, 130
, 82
, 43
, 169
, 206
, 6
, 22
, 190
, 50
, 162
, 156
, 56
, 54
, 158
, 65
, 147
, 186
, 26
, 4
, 208
, 142
, 70
, 193
, 19
, 52
, 160
, 4
, 208
, 112
, 100
, 100
, 112
, 44
, 168
, 93
, 119
, 117
, 95
, 57
, 155
, 133
, 79
, 159
, 53
, 150
, 62
, 157
, 55
, 120
, 92
, 194
, 18
, 204
, 8
, 177
, 35
, 61
, 151
, 10
, 202
, 124
, 88
, 95
, 117
, 121
, 91
, 31
, 181
, 85
, 127
, 62
, 150
, 50
, 162
, 170
, 42
, 189
, 23
, 65
, 147
, 153
, 59
, 152
, 60
, 97
, 115
, 115
, 97
, 118
, 94
, 161
, 51
, 6
, 206
, 171
, 41
, 203
, 9
, 40
, 172
, 196
, 16
, 3
, 209
, 178
, 34
, 59
, 153
, 189
, 23
, 151
, 61
, 6
, 206
, 54
, 158
, 104
, 108
, 123
, 89
, 174
, 38
, 112
, 100
, 167
, 45
, 28
, 184
, 166
, 46
, 173
, 39
, 69
, 143
, 36
, 176
, 173
, 39
, 135
, 77
, 124
, 88
, 87
, 125
, 152
, 60
, 178
, 34
, 203
, 9
, 39
, 173
, 92
, 120
, 35
, 177
, 17
, 195
, 194
, 18
, 115
, 97
, 173
, 39
, 10
, 202
, 65
, 147
, 33
, 179
, 104
, 108
, 39
, 173
, 85
, 127
, 90
, 122
, 190
, 22
, 39
, 173
, 80
, 132
, 205
, 7
, 29
, 183
, 162
, 50
, 140
, 72
, 164
, 48
, 129
, 83
, 127
, 85
, 19
, 193
, 17
, 195
, 96
, 116
, 33
, 179
, 12
, 200
, 17
, 195
, 113
, 99
, 65
, 147
, 187
, 25
, 35
, 177
, 95
, 117
, 146
, 66
, 137
, 75
, 68
, 144
, 138
, 74
, 62
, 150
, 178
, 34
, 67
, 145
, 122
, 90
, 52
, 160
, 61
, 151
, 65
, 147
, 25
, 187
, 102
, 110
, 186
, 26
, 101
, 111
, 161
, 51
, 55
, 157
, 148
, 64
, 196
, 16
, 132
, 80
, 4
, 208
, 71
, 141
, 168
, 44
, 39
, 173
, 38
, 174
, 185
, 27
, 43
, 169
, 43
, 169
, 49
, 163
, 149
, 63
, 82
, 130
, 133
, 79
, 190
, 22
, 164
, 48
, 73
, 139
, 206
, 6
, 93
, 119
, 20
, 192
, 180
, 32
, 66
, 146
, 195
, 17
, 13
, 199
, 156
, 56
, 38
, 174
, 14
, 198
, 65
, 147
, 2
, 210
, 174
, 38
, 180
, 32
, 37
, 175
, 179
, 33
, 126
, 86
, 163
, 49
, 59
, 153
, 60
, 152
, 183
, 29
, 167
, 45
, 43
, 169
, 126
, 86
, 56
, 156
, 39
, 173
, 36
, 176
, 171
, 41
, 138
, 74
, 54
, 158
, 109
, 103
, 83
, 129
, 118
, 94
, 78
, 134
, 52
, 160
, 180
, 32
, 27
, 185
, 24
, 188
, 164
, 48
, 102
, 110
, 54
, 158
, 38
, 174
, 112
, 100
, 46
, 166
, 11
, 201
, 168
, 44
, 93
, 119
, 142
, 70
, 186
, 26
, 174
, 38
, 80
, 132
, 182
, 30
, 108
, 104
, 165
, 47
, 184
, 28
, 197
, 15
, 67
, 145
, 194
, 18
, 148
, 64
, 182
, 30
, 97
, 115
, 124
, 88
, 165
, 47
, 36
, 176
, 100
, 112
, 53
, 159
, 189
, 23
, 40
, 172
, 122
, 90
, 117
, 95
, 19
, 193
, 51
, 161
, 10
, 202
, 77
, 135
, 34
, 178
, 126
, 86
, 138
, 74
, 100
, 112
, 92
, 120
, 28
, 184
, 1
, 211
, 41
, 171
, 201
, 11
, 14
, 198
, 11
, 201
, 72
, 140
, 100
, 112
, 115
, 97
, 176
, 36
, 60
, 152
, 45
, 167
, 202
, 10
, 27
, 185
, 178
, 34
, 101
, 111
, 194
, 18
, 20
, 192
, 21
, 191
, 111
, 101
, 47
, 165
, 93
, 119
, 124
, 88
, 2
, 210
, 135
, 77
, 52
, 160
, 42
, 170
, 94
, 118
, 172
, 40
, 26
, 186
, 24
, 188
, 147
, 65
, 80
, 132
, 19
, 193
, 166
, 46
, 195
, 17
, 159
, 53
, 96
, 116
, 60
, 152
, 109
, 103
, 78
, 134
, 159
, 53
, 191
, 21
, 22
, 190
, 32
, 180
, 114
, 98
, 200
, 12
, 155
, 57
, 30
, 182
, 121
, 91
, 3
, 209
, 48
, 164
, 122
, 90
, 198
, 14
, 185
, 27
, 30
, 182
, 31
, 181
, 132
, 80
, 54
, 158
, 174
, 38
, 91
, 121
, 184
, 28
, 19
, 193
, 98
, 114
, 112
, 100
, 96
, 116
, 38
, 174
, 130
, 82
, 90
, 122
, 88
, 124
, 15
, 197
, 193
, 19
, 88
, 124
, 49
, 163
, 7
, 205
, 209
, 3
, 178
, 34
, 124
, 88
, 183
, 29
, 44
, 168
, 86
, 126
, 20
, 192
, 103
, 109
, 47
, 165
, 138
, 74
, 61
, 151
, 171
, 41
, 168
, 44
, 180
, 32
, 111
, 101
, 175
, 37
, 124
, 88
, 149
, 63
, 165
, 47
, 22
, 190
, 69
, 143
, 178
, 34
, 171
, 41
, 200
, 12
, 1
, 211
, 19
, 193
, 42
, 170
, 134
, 78
, 26
, 186
, 6
, 206
, 5
, 207
, 52
, 160
, 111
, 101
, 50
, 162
, 108
, 104
, 71
, 141
, 111
, 101
, 82
, 130
, 100
, 112
, 99
, 113
, 45
, 167
, 40
, 172
, 64
, 148
, 52
, 160
, 140
, 72
, 67
, 145
, 1
, 211
, 127
, 85
, 136
, 76
, 142
, 70
, 191
, 21
, 33
, 179
, 9
, 203
, 188
, 24
, 133
, 79
, 38
, 174
, 206
, 6
, 24
, 188
, 94
, 118
, 182
, 30
, 191
, 21
, 35
, 177
, 162
, 50
, 161
, 51
, 6
, 206
, 114
, 98
, 208
, 4
, 124
, 88
, 98
, 114
, 163
, 49
, 185
, 27
, 8
, 204
, 34
, 178
, 178
, 34
, 58
, 154
, 156
, 56
, 46
, 166
, 135
, 77
, 43
, 169
, 82
, 130
, 73
, 139
, 46
, 166
, 138
, 74
, 19
, 193
, 146
, 66
, 4
, 208
, 66
, 146
, 99
, 113
, 118
, 94
, 202
, 10
, 50
, 162
, 208
, 4
, 151
, 61
, 150
, 62
, 124
, 88
, 24
, 188
, 181
, 31
, 25
, 187
, 62
, 150
, 84
, 128
, 5
, 207
, 204
, 8
, 202
, 10
, 206
, 6
, 70
, 142
, 108
, 104
, 189
, 23
, 28
, 184
, 92
, 120
, 108
, 104
, 93
, 119
, 206
, 6
, 191
, 21
, 210
, 2
, 149
, 63
, 187
, 25
, 110
, 102
, 143
, 69
, 77
, 135
, 14
, 198
, 95
, 117
, 109
, 103
, 52
, 160
, 141
, 71
, 124
, 88
, 174
, 38
, 124
, 88
, 154
, 58
, 191
, 21
, 113
, 99
, 26
, 186
, 40
, 172
, 110
, 102
, 190
, 22
, 18
, 194
, 104
, 108
, 112
, 100
, 159
, 53
, 185
, 27
, 107
, 105
, 91
, 121
, 194
, 18
, 86
, 126
, 39
, 173
, 137
, 75
, 34
, 178
, 77
, 135
, 135
, 77
, 190
, 22
, 111
, 101
, 209
, 3
, 7
, 205
, 195
, 17
, 184
, 28
, 173
, 39
, 49
, 163
, 87
, 125
, 121
, 91
, 65
, 147
, 196
, 16
, 44
, 168
, 3
, 209
, 30
, 182
, 153
, 59
, 148
, 64
, 164
, 48
, 7
, 205
, 188
, 24
, 175
, 37
, 72
, 140
, 62
, 150
, 169
, 43
, 47
, 165
, 178
, 34
, 153
, 59
, 58
, 154
, 99
, 113
, 106
, 106
, 126
, 86
, 204
, 8
, 70
, 142
, 26
, 186
, 15
, 197
, 202
, 10
, 37
, 175
, 201
, 11
, 123
, 89
, 185
, 27
, 57
, 155
, 39
, 173
, 18
, 194
, 102
, 110
, 57
, 155
, 194
, 18
, 43
, 169
, 29
, 183
, 96
, 116
, 165
, 47
, 110
, 102
, 178
, 34
, 5
, 207
, 141
, 71
, 20
, 192
, 173
, 39
, 208
, 4
, 189
, 23
, 27
, 185
, 36
, 176
, 98
, 114
, 89
, 123
, 76
, 136
, 75
, 137
, 159
, 53
, 23
, 189
, 148
, 64
, 35
, 177
, 14
, 198
, 20
, 192
, 33
, 179
, 66
, 146
, 32
, 180
, 157
, 55
, 47
, 165
, 87
, 125
, 39
, 173
, 92
, 120
, 53
, 159
, 29
, 183
, 140
, 72
, 210
, 2
, 151
, 61
, 87
, 125
, 154
, 58
, 74
, 138
, 179
, 33
, 59
, 153
, 34
, 178
, 59
, 153
, 85
, 127
, 59
, 153
, 145
, 67
, 144
, 68
, 70
, 142
, 131
, 81
, 143
, 69
, 22
, 190
, 39
, 173
, 35
, 177
, 30
, 182
, 180
, 32
, 19
, 193
, 51
, 161
, 74
, 138
, 144
, 68
, 31
, 181
, 184
, 28
, 205
, 7
, 178
, 34
, 108
, 104
, 148
, 64
, 122
, 90
, 58
, 154
, 35
, 177
, 110
, 102
, 185
, 27
, 89
, 123
, 97
, 115
, 127
, 85
, 148
, 64
, 21
, 191
, 12
, 200
, 162
, 50
, 22
, 190
, 35
, 177
, 175
, 37
, 38
, 174
, 86
, 126
, 170
, 42
, 74
, 138
, 49
, 163
, 59
, 153
, 95
, 117
, 108
, 104
, 99
, 113
, 147
, 65
, 85
, 127
, 92
, 120
, 30
, 182
, 31
, 181
, 84
, 128
, 4
, 208
, 42
, 170
, 5
, 207
, 125
, 87
, 134
, 78
, 44
, 168
, 164
, 48
, 98
, 114
, 48
, 164
, 63
, 149
, 3
, 209
, 171
, 41
, 42
, 170
, 164
, 48
, 86
, 126
, 88
, 124
, 178
, 34
, 6
, 206
, 118
, 94
, 142
, 70
, 167
, 45
, 67
, 145
, 96
, 116
, 188
, 24
, 112
, 100
, 202
, 10
, 76
, 136
, 121
, 91
, 100
, 112
, 109
, 103
, 173
, 39
, 106
, 106
, 106
, 106
, 126
, 86
, 127
, 85
, 73
, 139
, 21
, 191
, 61
, 151
, 5
, 207
, 131
, 81
, 99
, 113
, 128
, 84
, 18
, 194
, 24
, 188
, 39
, 173
, 54
, 158
, 168
, 44
, 158
, 54
, 94
, 118
, 192
, 20
, 155
, 57
, 116
, 96
, 94
, 118
, 101
, 111
, 177
, 35
, 27
, 185
, 30
, 182
, 146
, 66
, 173
, 39
, 97
, 115
, 122
, 90
, 182
, 30
, 104
, 108
, 23
, 189
, 163
, 49
, 67
, 145
, 142
, 70
, 202
, 10
, 173
, 39
, 51
, 161
, 91
, 121
, 122
, 90
, 166
, 46
, 74
, 138
, 135
, 77
, 77
, 135
, 83
, 129
, 204
, 8
, 106
, 106
, 89
, 123
, 167
, 45
, 136
, 76
, 97
, 115
, 192
, 20
, 152
, 60
, 106
, 106
, 83
, 129
, 116
, 96
, 5
, 207
, 113
, 99
, 6
, 206
, 56
, 156
, 125
, 87
, 137
, 75
, 63
, 149
, 27
, 185
, 164
, 48
, 74
, 138
, 73
, 139
, 105
, 107
, 129
, 83
, 19
, 193
, 13
, 199
, 81
, 131
, 49
, 163
, 206
, 6
, 103
, 109
, 130
, 82
, 209
, 3
, 34
, 178
, 68
, 144
, 144
, 68
, 123
, 89
, 121
, 91
, 19
, 193
, 33
, 179
, 13
, 199
, 2
, 210
, 10
, 202
, 27
, 185
, 95
, 117
, 72
, 140
, 22
, 190
, 89
, 123
, 127
, 85
, 16
, 196
, 80
, 132
, 87
, 125
, 35
, 177
, 7
, 205
, 44
, 168
, 57
, 155
, 10
, 202
, 19
, 193
, 187
, 25
, 81
, 131
, 139
, 73
, 112
, 100
, 56
, 156
, 170
, 42
, 96
, 116
, 36
, 176
, 145
, 67
, 164
, 48
, 50
, 162
, 128
, 84
, 44
, 168
, 184
, 28
, 40
, 172
, 116
, 96
, 59
, 153
, 142
, 70
, 55
, 157
, 24
, 188
, 70
, 142
, 3
, 209
, 149
, 63
, 145
, 67
, 119
, 93
, 110
, 102
, 25
, 187
, 56
, 156
, 43
, 169
, 128
, 84
, 62
, 150
, 54
, 158
, 137
, 75
, 166
, 46
, 125
, 87
, 188
, 24
, 59
, 153
, 170
, 42
, 208
, 4
, 166
, 46
, 107
, 105
, 82
, 130
, 159
, 53
, 135
, 77
, 100
, 112
, 113
, 99
, 200
, 12
, 122
, 90
, 62
, 150
, 121
, 91
, 45
, 167
, 172
, 40
, 189
, 23
, 154
, 58
, 13
, 199
, 131
, 81
, 41
, 171
, 58
, 154
, 137
, 75
, 50
, 162
, 162
, 50
, 130
, 82
, 78
, 134
, 98
, 114
, 91
, 121
, 109
, 103
, 196
, 16
, 134
, 78
, 98
, 114
, 146
, 66
, 133
, 79
, 125
, 87
, 136
, 76
, 69
, 143
, 30
, 182
, 8
, 204
, 165
, 47
, 32
, 180
, 184
, 28
, 147
, 65
, 30
, 182
, 131
, 81
, 145
, 67
, 102
, 110
, 30
, 182
, 154
, 58
, 98
, 114
, 174
, 38
, 41
, 171
, 184
, 28
, 92
, 120
, 36
, 176
, 68
, 144
, 154
, 58
, 105
, 107
, 191
, 21
, 66
, 146
, 96
, 116
, 65
, 147
, 31
, 181
, 98
, 114
, 110
, 102
, 208
, 4
, 120
, 92
, 204
, 8
, 66
, 146
, 88
, 124
, 93
, 119
, 39
, 173
, 85
, 127
, 42
, 170
, 155
, 57
, 44
, 168
, 139
, 73
, 61
, 151
, 160
, 52
, 63
, 149
, 127
, 85
, 143
, 69
, 194
, 18
, 85
, 127
, 156
, 56
, 179
, 33
, 181
, 31
, 16
, 196
, 9
, 203
, 36
, 176
, 102
, 110
, 194
, 18
, 68
, 144
, 197
, 15
, 193
, 19
, 57
, 155
, 145
, 67
, 52
, 160
, 164
, 48
, 155
, 57
, 7
, 205
, 205
, 7
, 88
, 124
, 160
, 52
, 140
, 72
, 22
, 190
, 38
, 174
, 96
, 116
, 78
, 134
, 21
, 191
, 49
, 163
, 69
, 143
, 144
, 68
, 65
, 147
, 49
, 163
, 84
, 128
, 184
, 28
, 131
, 81
, 208
, 4
, 129
, 83
, 68
, 144
, 117
, 95
, 160
, 52
, 19
, 193
, 108
, 104
, 154
, 58
, 115
, 97
, 159
, 53
, 129
, 83
, 165
, 47
, 139
, 73
, 33
, 179
, 160
, 52
, 114
, 98
, 147
, 65
, 13
, 199
, 163
, 49
, 88
, 124
, 87
, 125
, 192
, 20
, 209
, 3
, 106
, 106
, 206
, 6
, 74
, 138
, 178
, 34
, 45
, 167
, 108
, 104
, 90
, 122
, 117
, 95
, 122
, 90
, 77
, 135
, 144
, 68
, 21
, 191
, 141
, 71
, 76
, 136
, 143
, 69
, 108
, 104
, 198
, 14
, 114
, 98
, 18
, 194
, 113
, 99
, 154
, 58
, 53
, 159
, 19
, 193
, 157
, 55
, 129
, 83
, 167
, 45
, 195
, 17
, 204
, 8
, 20
, 192
, 72
, 140
, 177
, 35
, 159
, 53
, 72
, 140
, 42
, 170
, 136
, 76
, 131
, 81
, 135
, 77
, 127
, 85
, 27
, 185
, 1
, 211
, 135
, 77
, 189
, 23
, 44
, 168
, 152
, 60
, 202
, 10
, 123
, 89
, 152
, 60
, 45
, 167
, 128
, 84
, 44
, 168
, 37
, 175
, 42
, 170
, 18
, 194
, 84
, 128
, 38
, 174
, 134
, 78
, 68
, 144
, 21
, 191
, 156
, 56
, 187
, 25
, 205
, 7
, 65
, 147
, 70
, 142
, 89
, 123
, 162
, 50
, 19
, 193
, 79
, 133
, 203
, 9
, 21
, 191
, 2
, 210
, 77
, 135
, 142
, 70
, 173
, 39
, 123
, 89
, 11
, 201
, 1
, 211
, 65
, 147
, 184
, 28
, 184
, 28
, 139
, 73
, 107
, 105
, 56
, 156
, 132
, 80
, 23
, 189
, 90
, 122
, 51
, 161
, 4
, 208
, 123
, 89
, 64
, 148
, 160
, 52
, 77
, 135
, 59
, 153
, 128
, 84
, 72
, 140
, 51
, 161
, 9
, 203
, 77
, 135
, 111
, 101
, 135
, 77
, 98
, 114
, 173
, 39
, 61
, 151
, 75
, 137
, 206
, 6
, 22
, 190
, 174
, 38
, 33
, 179
, 152
, 60
, 2
, 210
, 14
, 198
, 26
, 186
, 95
, 117
, 86
, 126
, 150
, 62
, 140
, 72
, 132
, 80
, 70
, 142
, 164
, 48
, 10
, 202
, 77
, 135
, 163
, 49
, 83
, 129
, 172
, 40
, 144
, 68
, 116
, 96
, 93
, 119
, 20
, 192
, 46
, 166
, 150
, 62
, 51
, 161
, 131
, 81
, 206
, 6
, 122
, 90
, 93
, 119
, 28
, 184
, 22
, 190
, 65
, 147
, 142
, 70
, 116
, 96
, 137
, 75
, 190
, 22
, 102
, 110
, 76
, 136
, 45
, 167
, 88
, 124
, 63
, 149
, 134
, 78
, 40
, 172
, 7
, 205
, 144
, 68
, 52
, 160
, 181
, 31
, 16
, 196
, 155
, 57
, 159
, 53
, 167
, 45
, 84
, 128
, 13
, 199
, 11
, 201
, 27
, 185
, 202
, 10
, 61
, 151
, 94
, 118
, 59
, 153
, 197
, 15
, 172
, 40
, 66
, 146
, 30
, 182
, 107
, 105
, 26
, 186
, 69
, 143
, 194
, 18
, 98
, 114
, 187
, 25
, 90
, 122
, 174
, 38
, 150
, 62
, 15
, 197
, 162
, 50
, 203
, 9
, 62
, 150
, 190
, 22
, 191
, 21
, 20
, 192
, 144
, 68
, 183
, 29
, 12
, 200
, 66
, 146
, 32
, 180
, 178
, 34
, 136
, 76
, 46
, 166
, 74
, 138
, 106
, 106
, 46
, 166
, 143
, 69
, 201
, 11
, 206
, 6
, 40
, 172
, 155
, 57
, 149
, 63
, 107
, 105
, 157
, 55
, 106
, 106
, 135
, 77
, 139
, 73
, 203
, 9
, 156
, 56
, 193
, 19
, 1
, 211
, 138
, 74
, 4
, 208
, 167
, 45
, 12
, 200
, 133
, 79
, 36
, 176
, 193
, 19
, 133
, 79
, 196
, 16
, 166
, 46
, 8
, 204
, 7
, 205
, 12
, 200
, 176
, 36
, 119
, 93
, 184
, 28
, 189
, 23
, 125
, 87
, 182
, 30
, 113
, 99
, 158
, 54
, 73
, 139
, 113
, 99
, 199
, 13
, 203
, 9
, 158
, 54
, 101
, 111
, 16
, 196
, 109
, 103
, 13
, 199
, 52
, 160
, 179
, 33
, 185
, 27
, 15
, 197
, 54
, 158
, 97
, 115
, 189
, 23
, 198
, 14
, 80
, 132
, 39
, 173
, 103
, 109
, 178
, 34
, 2
, 210
, 129
, 83
, 203
, 9
, 188
, 24
, 48
, 164
, 151
, 61
, 138
, 74
, 200
, 12
, 48
, 164
, 34
, 178
, 42
, 170
, 149
, 63
, 117
, 95
, 24
, 188
, 31
, 181
, 125
, 87
, 203
, 9
, 187
, 25
, 29
, 183
, 162
, 50
, 187
, 25
, 164
, 48
, 108
, 104
, 179
, 33
, 154
, 58
, 198
, 14
, 133
, 79
, 103
, 109
, 23
, 189
, 115
, 97
, 118
, 94
, 96
, 116
, 153
, 59
, 29
, 183
, 46
, 166
, 79
, 133
, 64
, 148
, 43
, 169
, 23
, 189
, 5
, 207
, 147
, 65
, 118
, 94
, 61
, 151
, 44
, 168
, 180
, 32
, 202
, 10
, 193
, 19
, 97
, 115
, 145
, 67
, 92
, 120
, 31
, 181
, 129
, 83
, 166
, 46
, 73
, 139
, 152
, 60
, 142
, 70
, 201
, 11
, 66
, 146
, 55
, 157
, 35
, 177
, 154
, 58
, 149
, 63
, 159
, 53
, 160
, 52
, 38
, 174
, 61
, 151
, 132
, 80
, 161
, 51
, 198
, 14
, 11
, 201
, 82
, 130
, 112
, 100
, 78
, 134
, 64
, 148
, 50
, 162
, 103
, 109
, 161
, 51
, 60
, 152
, 173
, 39
, 192
, 20
, 47
, 165
, 159
, 53
, 122
, 90
, 155
, 57
, 199
, 13
, 43
, 169
, 188
, 24
, 69
, 143
, 62
, 150
, 183
, 29
, 14
, 198
, 87
, 125
, 124
, 88
, 113
, 99
, 96
, 116
, 97
, 115
, 199
, 13
, 43
, 169
, 126
, 86
, 206
, 6
, 154
, 58
, 65
, 147
, 35
, 177
, 114
, 98
, 118
, 94
, 103
, 109
, 74
, 138
, 13
, 199
, 76
, 136
, 18
, 194
, 76
, 136
, 210
, 2
, 195
, 17
, 5
, 207
, 116
, 96
, 1
, 211
, 45
, 167
, 13
, 199
, 143
, 69
, 119
, 93
, 91
, 121
, 204
, 8
, 36
, 176
, 6
, 206
, 56
, 156
, 187
, 25
, 154
, 58
, 119
, 93
, 203
, 9
, 31
, 181
, 194
, 18
, 101
, 111
, 194
, 18
, 86
, 126
, 24
, 188
, 177
, 35
, 180
, 32
, 78
, 134
, 55
, 157
, 30
, 182
, 108
, 104
, 2
, 210
, 191
, 21
, 209
, 3
, 72
, 140
, 3
, 209
, 187
, 25
, 114
, 98
, 182
, 30
, 87
, 125
, 152
, 60
, 33
, 179
, 153
, 59
, 4
, 208
, 143
, 69
, 25
, 187
, 204
, 8
, 89
, 123
, 178
, 34
, 100
, 112
, 73
, 139
, 161
, 51
, 177
, 35
, 92
, 120
, 33
, 179
, 12
, 200
, 130
, 82
, 208
, 4
, 134
, 78
, 13
, 199
, 78
, 134
, 21
, 191
, 150
, 62
, 95
, 117
, 127
, 85
, 188
, 24
, 49
, 163
, 59
, 153
, 195
, 17
, 165
, 47
, 66
, 146
, 4
, 208
, 44
, 168
, 13
, 199
, 5
, 207
, 67
, 145
, 193
, 19
, 163
, 49
, 140
, 72
, 115
, 97
, 44
, 168
, 98
, 114
, 23
, 189
, 19
, 193
, 108
, 104
, 35
, 177
, 151
, 61
, 87
, 125
, 183
, 29
, 10
, 202
, 93
, 119
, 103
, 109
, 162
, 50
, 1
, 211
, 162
, 50
, 104
, 108
, 26
, 186
, 37
, 175
, 111
, 101
, 159
, 53
, 51
, 161
, 84
, 128
, 163
, 49
, 81
, 131
, 207
, 5
, 155
, 57
, 121
, 91
, 91
, 121
, 146
, 66
, 80
, 132
, 62
, 150
, 140
, 72
, 155
, 57
, 119
, 93
, 71
, 141
, 86
, 126
, 199
, 13
, 58
, 154
, 10
, 202
, 173
, 39
, 204
, 8
, 197
, 15
, 156
, 56
, 170
, 42
, 9
, 203
, 88
, 124
, 12
, 200
, 129
, 83
, 62
, 150
, 199
, 13
, 3
, 209
, 109
, 103
, 35
, 177
, 39
, 173
, 48
, 164
, 57
, 155
, 130
, 82
, 177
, 35
, 66
, 146
, 208
, 4
, 24
, 188
, 56
, 156
, 79
, 133
, 9
, 203
, 51
, 161
, 80
, 132
, 82
, 130
, 73
, 139
, 184
, 28
, 98
, 114
, 207
, 5
, 174
, 38
, 175
, 37
, 5
, 207
, 139
, 73
, 176
, 36
, 13
, 199
, 117
, 95
, 98
, 114
, 196
, 16
, 158
, 54
, 182
, 30
, 151
, 61
, 208
, 4
, 49
, 163
, 175
, 37
, 22
, 190
, 169
, 43
, 8
, 204
, 19
, 193
, 137
, 75
, 197
, 15
, 139
, 73
, 151
, 61
, 111
, 101
, 37
, 175
, 207
, 5
, 155
, 57
, 192
, 20
, 175
, 37
, 192
, 20
, 207
, 5
, 61
, 151
, 56
, 156
, 96
, 116
, 129
, 83
, 85
, 127
, 146
, 66
, 24
, 188
, 105
, 107
, 110
, 102
, 138
, 74
, 144
, 68
, 173
, 39
, 32
, 180
, 130
, 82
, 153
, 59
, 175
, 37
, 162
, 50
, 31
, 181
, 30
, 182
, 88
, 124
, 11
, 201
, 164
, 48
, 160
, 52
, 60
, 152
, 114
, 98
, 135
, 77
, 86
, 126
, 134
, 78
, 100
, 112
, 59
, 153
, 87
, 125
, 135
, 77
, 150
, 62
, 84
, 128
, 110
, 102
, 178
, 34
, 35
, 177
, 105
, 107
, 121
, 91
, 148
, 64
, 72
, 140
, 5
, 207
, 45
, 167
, 39
, 173
, 156
, 56
, 33
, 179
, 135
, 77
, 52
, 160
, 20
, 192
, 81
, 131
, 8
, 204
, 146
, 66
, 166
, 46
, 11
, 201
, 33
, 179
, 22
, 190
, 86
, 126
, 72
, 140
, 123
, 89
, 171
, 41
, 21
, 191
, 210
, 2
, 30
, 182
, 87
, 125
, 196
, 16
, 209
, 3
, 38
, 174
, 95
, 117
, 113
, 99
, 184
, 28
, 85
, 127
, 80
, 132
, 59
, 153
, 124
, 88
, 62
, 150
, 120
, 92
, 146
, 66
, 126
, 86
, 192
, 20
, 11
, 201
, 116
, 96
, 131
, 81
, 132
, 80
, 172
, 40
, 151
, 61
, 16
, 196
, 23
, 189
, 203
, 9
, 9
, 203
, 52
, 160
, 119
, 93
, 193
, 19
, 1
, 211
, 83
, 129
, 128
, 84
, 13
, 199
, 53
, 159
, 109
, 103
, 1
, 211
, 202
, 10
, 16
, 196
, 166
, 46
, 72
, 140
, 183
, 29
, 143
, 69
, 68
, 144
, 81
, 131
, 12
, 200
, 196
, 16
, 125
, 87
, 170
, 42
, 134
, 78
, 20
, 192
, 175
, 37
, 60
, 152
, 130
, 82
, 117
, 95
, 198
, 14
, 138
, 74
, 122
, 90
, 196
, 16
, 200
, 12
, 108
, 104
, 61
, 151
, 106
, 106
, 59
, 153
, 113
, 99
, 49
, 163
, 90
, 122
, 202
, 10
, 33
, 179
, 84
, 128
, 81
, 131
, 164
, 48
, 3
, 209
, 152
, 60
, 190
, 22
, 65
, 147
, 161
, 51
, 167
, 45
, 208
, 4
, 116
, 96
, 32
, 180
, 104
, 108
, 163
, 49
, 60
, 152
, 180
, 32
, 136
, 76
, 163
, 49
, 91
, 121
, 209
, 3
, 17
, 195
, 24
, 188
, 23
, 189
, 85
, 127
, 100
, 112
, 193
, 19
, 94
, 118
, 163
, 49
, 108
, 104
, 42
, 170
, 49
, 163
, 54
, 158
, 103
, 109
, 184
, 28
, 171
, 41
, 11
, 201
, 21
, 191
, 81
, 131
, 66
, 146
, 160
, 52
, 173
, 39
, 26
, 186
, 54
, 158
, 40
, 172
, 51
, 161
, 102
, 110
, 176
, 36
, 70
, 142
, 146
, 66
, 103
, 109
, 180
, 32
, 203
, 9
, 65
, 147
, 64
, 148
, 105
, 107
, 13
, 199
, 39
, 173
, 153
, 59
, 137
, 75
, 177
, 35
, 61
, 151
, 203
, 9
, 156
, 56
, 210
, 2
, 108
, 104
, 134
, 78
, 150
, 62
, 100
, 112
, 167
, 45
, 138
, 74
, 71
, 141
, 14
, 198
, 196
, 16
, 182
, 30
, 115
, 97
, 189
, 23
, 154
, 58
, 21
, 191
, 180
, 32
, 36
, 176
, 121
, 91
, 31
, 181
, 108
, 104
, 40
, 172
, 83
, 129
, 209
, 3
, 69
, 143
, 192
, 20
, 41
, 171
, 46
, 166
, 95
, 117
, 15
, 197
, 192
, 20
, 137
, 75
, 101
, 111
, 154
, 58
, 75
, 137
, 125
, 87
, 157
, 55
, 77
, 135
, 182
, 30
, 190
, 22
, 190
, 22
, 24
, 188
, 61
, 151
, 95
, 117
, 128
, 84
, 78
, 134
, 167
, 45
, 186
, 26
, 11
, 201
, 127
, 85
, 94
, 118
, 150
, 62
, 193
, 19
, 110
, 102
, 2
, 210
, 4
, 208
, 177
, 35
, 14
, 198
, 173
, 39
, 128
, 84
, 103
, 109
, 44
, 168
, 50
, 162
, 102
, 110
, 44
, 168
, 57
, 155
, 60
, 152
, 132
, 80
, 140
, 72
, 37
, 175
, 108
, 104
, 29
, 183
, 71
, 141
, 27
, 185
, 110
, 102
, 173
, 39
, 40
, 172
, 182
, 30
, 135
, 77
, 147
, 65
, 6
, 206
, 101
, 111
, 118
, 94
, 115
, 97
, 206
, 6
, 71
, 141
, 117
, 95
, 62
, 150
, 199
, 13
, 31
, 181
, 113
, 99
, 128
, 84
, 175
, 37
, 98
, 114
, 179
, 33
, 191
, 21
, 90
, 122
, 146
, 66
, 125
, 87
, 173
, 39
, 74
, 138
, 174
, 38
, 60
, 152
, 76
, 136
, 37
, 175
, 34
, 178
, 144
, 68
, 199
, 13
, 127
, 85
, 24
, 188
, 180
, 32
, 163
, 49
, 9
, 203
, 80
, 132
, 113
, 99
, 153
, 59
, 104
, 108
, 157
, 55
, 55
, 157
, 45
, 167
, 28
, 184
, 105
, 107
, 63
, 149
, 96
, 116
, 200
, 12
, 25
, 187
, 30
, 182
, 108
, 104
, 60
, 152
, 43
, 169
, 9
, 203
, 150
, 62
, 22
, 190
, 177
, 35
, 166
, 46
, 88
, 124
, 20
, 192
, 161
, 51
, 88
, 124
, 70
, 142
, 107
, 105
, 84
, 128
, 42
, 170
, 198
, 14
, 91
, 121
, 164
, 48
, 11
, 201
, 46
, 166
, 185
, 27
, 181
, 31
, 40
, 172
, 61
, 151
, 129
, 83
, 114
, 98
, 162
, 50
, 94
, 118
, 186
, 26
, 130
, 82
, 35
, 177
, 191
, 21
, 175
, 37
, 194
, 18
, 156
, 56
, 31
, 181
, 175
, 37
, 126
, 86
, 25
, 187
, 176
, 36
, 58
, 154
, 193
, 19
, 204
, 8
, 45
, 167
, 184
, 28
, 141
, 71
, 179
, 33
, 87
, 125
, 71
, 141
, 178
, 34
, 90
, 122
, 17
, 195
, 91
, 121
, 46
, 166
, 76
, 136
, 130
, 82
, 14
, 198
, 77
, 135
, 209
, 3
, 76
, 136
, 106
, 106
, 33
, 179
, 44
, 168
, 15
, 197
, 92
, 120
, 202
, 10
, 82
, 130
, 144
, 68
, 167
, 45
, 179
, 33
, 112
, 100
, 187
, 25
, 210
, 2
, 20
, 192
, 106
, 106
, 127
, 85
, 105
, 107
, 17
, 195
, 46
, 166
, 167
, 45
, 205
, 7
, 91
, 121
, 47
, 165
, 69
, 143
, 14
, 198
, 50
, 162
, 27
, 185
, 150
, 62
, 159
, 53
, 50
, 162
, 204
, 8
, 56
, 156
, 151
, 61
, 116
, 96
, 53
, 159
, 196
, 16
, 127
, 85
, 2
, 210
, 126
, 86
, 23
, 189
, 114
, 98
, 89
, 123
, 181
, 31
, 28
, 184
, 6
, 206
, 49
, 163
, 159
, 53
, 181
, 31
, 176
, 36
, 142
, 70
, 168
, 44
, 204
, 8
, 200
, 12
, 43
, 169
, 183
, 29
, 50
, 162
, 55
, 157
, 195
, 17
, 122
, 90
, 18
, 194
, 179
, 33
, 116
, 96
, 159
, 53
, 110
, 102
, 54
, 158
, 149
, 63
, 63
, 149
, 92
, 120
, 119
, 93
, 55
, 157
, 125
, 87
, 110
, 102
, 161
, 51
, 43
, 169
, 210
, 2
, 127
, 85
, 133
, 79
, 55
, 157
, 185
, 27
, 175
, 37
, 147
, 65
, 141
, 71
, 66
, 146
, 136
, 76
, 150
, 62
, 195
, 17
, 6
, 206
, 207
, 5
, 76
, 136
, 73
, 139
, 80
, 132
, 7
, 205
, 76
, 136
, 120
, 92
, 42
, 170
, 178
, 34
, 19
, 193
, 179
, 33
, 202
, 10
, 156
, 56
, 24
, 188
, 93
, 119
, 155
, 57
, 197
, 15
, 8
, 204
, 29
, 183
, 85
, 127
, 140
, 72
, 170
, 42
, 134
, 78
, 198
, 14
, 177
, 35
, 29
, 183
, 150
, 62
, 173
, 39
, 71
, 141
, 151
, 61
, 36
, 176
, 71
, 141
, 139
, 73
, 198
, 14
, 83
, 129
, 76
, 136
, 202
, 10
, 58
, 154
, 133
, 79
, 33
, 179
, 36
, 176
, 58
, 154
, 35
, 177
, 22
, 190
, 32
, 180
, 137
, 75
, 39
, 173
, 21
, 191
, 37
, 175
, 116
, 96
, 93
, 119
, 63
, 149
, 149
, 63
, 146
, 66
, 127
, 85
, 30
, 182
, 68
, 144
, 122
, 90
, 4
, 208
, 15
, 197
, 46
, 166
, 73
, 139
, 156
, 56
, 16
, 196
, 150
, 62
, 71
, 141
, 41
, 171
, 43
, 169
, 61
, 151
, 51
, 161
, 116
, 96
, 98
, 114
, 185
, 27
, 81
, 131
, 78
, 134
, 14
, 198
, 127
, 85
, 31
, 181
, 24
, 188
, 109
, 103
, 171
, 41
, 46
, 166
, 141
, 71
, 72
, 140
, 114
, 98
, 4
, 208
, 58
, 154
, 46
, 166
, 169
, 43
, 70
, 142
, 33
, 179
, 79
, 133
, 114
, 98
, 24
, 188
, 43
, 169
, 49
, 163
, 78
, 134
, 30
, 182
, 134
, 78
, 160
, 52
, 171
, 41
, 91
, 121
, 145
, 67
, 165
, 47
, 45
, 167
, 188
, 24
, 63
, 149
, 71
, 141
, 102
, 110
, 92
, 120
, 186
, 26
, 133
, 79
, 37
, 175
, 3
, 209
, 109
, 103
, 124
, 88
, 18
, 194
, 136
, 76
, 2
, 210
, 168
, 44
, 4
, 208
, 129
, 83
, 176
, 36
, 49
, 163
, 210
, 2
, 8
, 204
, 86
, 126
, 8
, 204
, 178
, 34
, 196
, 16
, 66
, 146
, 154
, 58
, 198
, 14
, 152
, 60
, 184
, 28
, 101
, 111
, 132
, 80
, 164
, 48
, 22
, 190
, 37
, 175
, 84
, 128
, 189
, 23
, 188
, 24
, 75
, 137
, 173
, 39
, 40
, 172
, 144
, 68
, 30
, 182
, 200
, 12
, 19
, 193
, 11
, 201
, 5
, 207
, 155
, 57
, 82
, 130
, 72
, 140
, 165
, 47
, 205
, 7
, 22
, 190
, 118
, 94
, 158
, 54
, 117
, 95
, 110
, 102
, 177
, 35
, 139
, 73
, 26
, 186
, 119
, 93
, 108
, 104
, 102
, 110
, 173
, 39
, 199
, 13
, 115
, 97
, 86
, 126
, 178
, 34
, 92
, 120
, 7
, 205
, 82
, 130
, 55
, 157
, 4
, 208
, 8
, 204
, 21
, 191
, 86
, 126
, 105
, 107
, 161
, 51
, 123
, 89
, 4
, 208
, 72
, 140
, 71
, 141
, 127
, 85
, 124
, 88
, 133
, 79
, 110
, 102
, 48
, 164
, 191
, 21
, 65
, 147
, 38
, 174
, 108
, 104
, 45
, 167
, 80
, 132
, 29
, 183
, 73
, 139
, 114
, 98
, 165
, 47
, 181
, 31
, 185
, 27
, 184
, 28
, 116
, 96
, 131
, 81
, 18
, 194
, 12
, 200
, 17
, 195
, 67
, 145
, 88
, 124
, 181
, 31
, 84
, 128
, 171
, 41
, 60
, 152
, 184
, 28
, 91
, 121
, 199
, 13
, 131
, 81
, 194
, 18
, 34
, 178
, 34
, 178
, 33
, 179
, 127
, 85
, 141
, 71
, 138
, 74
, 14
, 198
, 170
, 42
, 94
, 118
, 205
, 7
, 53
, 159
, 141
, 71
, 133
, 79
, 54
, 158
, 203
, 9
, 170
, 42
, 17
, 195
, 119
, 93
, 119
, 93
, 81
, 131
, 31
, 181
, 68
, 144
, 32
, 180
, 145
, 67
, 174
, 38
, 48
, 164
, 45
, 167
, 121
, 91
, 68
, 144
, 65
, 147
, 49
, 163
, 46
, 166
, 102
, 110
, 137
, 75
, 21
, 191
, 166
, 46
, 146
, 66
, 91
, 121
, 206
, 6
, 44
, 168
, 204
, 8
, 143
, 69
, 120
, 92
, 185
, 27
, 64
, 148
, 183
, 29
, 203
, 9
, 207
, 5
, 111
, 101
, 121
, 91
, 158
, 54
, 57
, 155
, 171
, 41
, 151
, 61
, 113
, 99
, 194
, 18
, 120
, 92
, 108
, 104
, 90
, 122
, 32
, 180
, 85
, 127
, 77
, 135
, 49
, 163
, 149
, 63
, 131
, 81
, 88
, 124
, 32
, 180
, 104
, 108
, 67
, 145
, 42
, 170
, 113
, 99
, 170
, 42
, 91
, 121
, 127
, 85
, 132
, 80
, 5
, 207
, 156
, 56
, 128
, 84
, 14
, 198
, 7
, 205
, 136
, 76
, 8
, 204
, 20
, 192
, 108
, 104
, 66
, 146
, 54
, 158
, 145
, 67
, 190
, 22
, 131
, 81
, 32
, 180
, 55
, 157
, 171
, 41
, 40
, 172
, 33
, 179
, 15
, 197
, 62
, 150
, 67
, 145
, 72
, 140
, 163
, 49
, 110
, 102
, 70
, 142
, 168
, 44
, 161
, 51
, 149
, 63
, 193
, 19
, 156
, 56
, 79
, 133
, 37
, 175
, 116
, 96
, 85
, 127
, 118
, 94
, 123
, 89
, 52
, 160
, 10
, 202
, 44
, 168
, 104
, 108
, 148
, 64
, 82
, 130
, 70
, 142
, 16
, 196
, 41
, 171
, 153
, 59
, 161
, 51
, 117
, 95
, 50
, 162
, 82
, 130
, 27
, 185
, 5
, 207
, 189
, 23
, 72
, 140
, 27
, 185
, 167
, 45
, 35
, 177
, 86
, 126
, 47
, 165
, 40
, 172
, 10
, 202
, 201
, 11
, 107
, 105
, 71
, 141
, 31
, 181
, 65
, 147
, 187
, 25
, 183
, 29
, 59
, 153
, 46
, 166
, 126
, 86
, 174
, 38
, 47
, 165
, 158
, 54
, 29
, 183
, 88
, 124
, 39
, 173
, 2
, 210
, 209
, 3
, 103
, 109
, 63
, 149
, 131
, 81
, 80
, 132
, 158
, 54
, 45
, 167
, 172
, 40
, 72
, 140
, 108
, 104
, 202
, 10
, 197
, 15
, 174
, 38
, 162
, 50
, 99
, 113
, 92
, 120
, 10
, 202
, 104
, 108
, 104
, 108
, 191
, 21
, 57
, 155
, 67
, 145
, 163
, 49
, 30
, 182
, 63
, 149
, 110
, 102
, 118
, 94
, 159
, 53
, 159
, 53
, 174
, 38
, 91
, 121
, 194
, 18
, 32
, 180
, 107
, 105
, 10
, 202
, 50
, 162
, 165
, 47
, 41
, 171
, 74
, 138
, 52
, 160
, 149
, 63
, 19
, 193
, 33
, 179
, 55
, 157
, 104
, 108
, 15
, 197
, 186
, 26
, 112
, 100
, 126
, 86
, 72
, 140
, 204
, 8
, 118
, 94
, 199
, 13
, 76
, 136
, 210
, 2
, 21
, 191
, 170
, 42
, 119
, 93
, 79
, 133
, 78
, 134
, 24
, 188
, 200
, 12
, 110
, 102
, 8
, 204
, 114
, 98
, 133
, 79
, 83
, 129
, 162
, 50
, 22
, 190
, 132
, 80
, 132
, 80
, 133
, 79
, 185
, 27
, 28
, 184
, 48
, 164
, 147
, 65
, 75
, 137
, 29
, 183
, 178
, 34
, 175
, 37
, 186
, 26
, 112
, 100
, 30
, 182
, 49
, 163
, 129
, 83
, 168
, 44
, 57
, 155
, 91
, 121
, 164
, 48
, 107
, 105
, 67
, 145
, 173
, 39
, 147
, 65
, 58
, 154
, 50
, 162
, 42
, 170
, 21
, 191
, 21
, 191
, 180
, 32
, 45
, 167
, 97
, 115
, 100
, 112
, 111
, 101
, 87
, 125
, 28
, 184
, 175
, 37
, 119
, 93
, 208
, 4
, 194
, 18
, 5
, 207
, 197
, 15
, 33
, 179
, 39
, 173
, 13
, 199
, 67
, 145
, 126
, 86
, 13
, 199
, 95
, 117
, 1
, 211
, 94
, 118
, 101
, 111
, 101
, 111
, 61
, 151
, 149
, 63
, 166
, 46
, 171
, 41
, 146
, 66
, 50
, 162
, 126
, 86
, 145
, 67
, 164
, 48
, 122
, 90
, 132
, 80
, 131
, 81
, 137
, 75
, 78
, 134
, 27
, 185
, 79
, 133
, 181
, 31
, 12
, 200
, 17
, 195
, 97
, 115
, 57
, 155
, 9
, 203
, 78
, 134
, 140
, 72
, 65
, 147
, 1
, 211
, 193
, 19
, 57
, 155
, 122
, 90
, 155
, 57
, 107
, 105
, 102
, 110
, 18
, 194
, 124
, 88
, 179
, 33
, 151
, 61
, 142
, 70
, 78
, 134
, 70
, 142
, 33
, 179
, 178
, 34
, 159
, 53
, 82
, 130
, 17
, 195
, 52
, 160
, 40
, 172
, 127
, 85
, 54
, 158
, 162
, 50
, 168
, 44
, 185
, 27
, 37
, 175
, 176
, 36
, 43
, 169
, 27
, 185
, 53
, 159
, 111
, 101
, 51
, 161
, 106
, 106
, 79
, 133
, 95
, 117
, 126
, 86
, 46
, 166
, 124
, 88
, 47
, 165
, 47
, 165
, 59
, 153
, 54
, 158
, 50
, 162
, 50
, 162
, 43
, 169
, 70
, 142
, 190
, 22
, 26
, 186
, 115
, 97
, 181
, 31
, 8
, 204
, 151
, 61
, 98
, 114
, 134
, 78
, 103
, 109
, 43
, 169
, 116
, 96
, 112
, 100
, 172
, 40
, 132
, 80
, 192
, 20
, 92
, 120
, 2
, 210
, 28
, 184
, 29
, 183
, 186
, 26
, 34
, 178
, 41
, 171
, 63
, 149
, 40
, 172
, 163
, 49
, 145
, 67
, 44
, 168
, 97
, 115
, 109
, 103
, 70
, 142
, 150
, 62
, 60
, 152
, 43
, 169
, 110
, 102
, 194
, 18
, 170
, 42
, 53
, 159
, 22
, 190
, 171
, 41
, 90
, 122
, 183
, 29
, 1
, 211
, 153
, 59
, 33
, 179
, 47
, 165
, 207
, 5
, 27
, 185
, 116
, 96
, 84
, 128
, 161
, 51
, 138
, 74
, 197
, 15
, 86
, 126
, 19
, 193
, 39
, 173
, 37
, 175
, 100
, 112
, 2
, 210
, 177
, 35
, 86
, 126
, 41
, 171
, 118
, 94
, 51
, 161
, 122
, 90
, 139
, 73
, 104
, 108
, 147
, 65
, 205
, 7
, 207
, 5
, 65
, 147
, 64
, 148
, 127
, 85
, 162
, 50
, 141
, 71
, 125
, 87
, 104
, 108
, 23
, 189
, 116
, 96
, 124
, 88
, 73
, 139
, 165
, 47
, 151
, 61
, 49
, 163
, 64
, 148
, 88
, 124
, 181
, 31
, 152
, 60
, 174
, 38
, 156
, 56
, 189
, 23
, 147
, 65
, 35
, 177
, 77
, 135
, 36
, 176
, 42
, 170
, 49
, 163
, 73
, 139
, 29
, 183
, 89
, 123
, 3
, 209
, 76
, 136
, 38
, 174
, 100
, 112
, 30
, 182
, 158
, 54
, 146
, 66
, 11
, 201
, 133
, 79
, 166
, 46
, 59
, 153
, 187
, 25
, 204
, 8
, 41
, 171
, 127
, 85
, 85
, 127
, 94
, 118
, 114
, 98
, 84
, 128
, 31
, 181
, 200
, 12
, 14
, 198
, 126
, 86
, 154
, 58
, 31
, 181
, 190
, 22
, 172
, 40
, 2
, 210
, 91
, 121
, 96
, 116
, 14
, 198
, 51
, 161
, 86
, 126
, 127
, 85
, 181
, 31
, 88
, 124
, 128
, 84
, 169
, 43
, 2
, 210
, 9
, 203
, 133
, 79
, 1
, 211
, 132
, 80
, 93
, 119
, 141
, 71
, 157
, 55
, 149
, 63
, 154
, 58
, 36
, 176
, 146
, 66
, 101
, 111
, 57
, 155
, 9
, 203
, 134
, 78
, 76
, 136
, 205
, 7
, 17
, 195
, 89
, 123
, 30
, 182
, 181
, 31
, 156
, 56
, 29
, 183
, 163
, 49
, 100
, 112
, 22
, 190
, 173
, 39
, 80
, 132
, 82
, 130
, 25
, 187
, 127
, 85
, 8
, 204
, 92
, 120
, 146
, 66
, 70
, 142
, 78
, 134
, 48
, 164
, 100
, 112
, 30
, 182
, 205
, 7
, 63
, 149
, 30
, 182
, 147
, 65
, 85
, 127
, 10
, 202
, 136
, 76
, 118
, 94
, 114
, 98
, 46
, 166
, 124
, 88
, 156
, 56
, 33
, 179
, 179
, 33
, 84
, 128
, 74
, 138
, 139
, 73
, 182
, 30
, 196
, 16
, 141
, 71
, 148
, 64
, 73
, 139
, 119
, 93
, 168
, 44
, 104
, 108
, 92
, 120
, 98
, 114
, 148
, 64
, 53
, 159
, 185
, 27
, 7
, 205
, 65
, 147
, 132
, 80
, 98
, 114
, 27
, 185
, 180
, 32
, 49
, 163
, 80
, 132
, 13
, 199
, 2
, 210
, 100
, 112
, 193
, 19
, 56
, 156
, 171
, 41
, 170
, 42
, 166
, 46
, 112
, 100
, 153
, 59
, 77
, 135
, 85
, 127
, 73
, 139
, 68
, 144
, 171
, 41
, 16
, 196
, 189
, 23
, 195
, 17
, 179
, 33
, 206
, 6
, 46
, 166
, 161
, 51
, 121
, 91
, 82
, 130
, 76
, 136
, 71
, 141
, 174
, 38
, 45
, 167
, 138
, 74
, 155
, 57
, 178
, 34
, 173
, 39
, 89
, 123
, 90
, 122
, 160
, 52
, 73
, 139
, 159
, 53
, 7
, 205
, 155
, 57
, 51
, 161
, 26
, 186
, 183
, 29
, 189
, 23
, 26
, 186
, 97
, 115
, 199
, 13
, 129
, 83
, 168
, 44
, 20
, 192
, 28
, 184
, 199
, 13
, 193
, 19
, 55
, 157
, 96
, 116
, 163
, 49
, 169
, 43
, 74
, 138
, 29
, 183
, 83
, 129
, 53
, 159
, 85
, 127
, 106
, 106
, 8
, 204
, 153
, 59
, 183
, 29
, 84
, 128
, 159
, 53
, 22
, 190
, 86
, 126
, 26
, 186
, 145
, 67
, 139
, 73
, 92
, 120
, 6
, 206
, 138
, 74
, 210
, 2
, 60
, 152
, 62
, 150
, 117
, 95
, 145
, 67
, 35
, 177
, 208
, 4
, 30
, 182
, 131
, 81
, 129
, 83
, 141
, 71
, 195
, 17
, 138
, 74
, 136
, 76
, 18
, 194
, 118
, 94
, 42
, 170
, 136
, 76
, 4
, 208
, 105
, 107
, 11
, 201
, 69
, 143
, 167
, 45
, 47
, 165
, 58
, 154
, 166
, 46
, 122
, 90
, 163
, 49
, 75
, 137
, 168
, 44
, 108
, 104
, 83
, 129
, 24
, 188
, 63
, 149
, 21
, 191
, 114
, 98
, 134
, 78
, 23
, 189
, 170
, 42
, 78
, 134
, 1
, 211
, 69
, 143
, 188
, 24
, 204
, 8
, 177
, 35
, 91
, 121
, 16
, 196
, 20
, 192
, 187
, 25
, 147
, 65
, 174
, 38
, 205
, 7
, 5
, 207
, 191
, 21
, 97
, 115
, 128
, 84
, 69
, 143
, 138
, 74
, 185
, 27
, 20
, 192
, 80
, 132
, 82
, 130
, 54
, 158
, 23
, 189
, 62
, 150
, 88
, 124
, 27
, 185
, 20
, 192
, 171
, 41
, 40
, 172
, 173
, 39
, 180
, 32
, 135
, 77
, 79
, 133
, 156
, 56
, 186
, 26
, 121
, 91
, 2
, 210
, 186
, 26
, 130
, 82
, 36
, 176
, 177
, 35
, 164
, 48
, 34
, 178
, 112
, 100
, 45
, 167
, 154
, 58
, 34
, 178
, 110
, 102
, 116
, 96
, 173
, 39
, 106
, 106
, 177
, 35
, 172
, 40
, 70
, 142
, 52
, 160
, 103
, 109
, 98
, 114
, 142
, 70
, 178
, 34
, 119
, 93
, 172
, 40
, 69
, 143
, 40
, 172
, 6
, 206
, 86
, 126
, 203
, 9
, 11
, 201
, 210
, 2
, 77
, 135
, 200
, 12
, 183
, 29
, 93
, 119
, 113
, 99
, 2
, 210
, 119
, 93
, 61
, 151
, 161
, 51
, 27
, 185
, 89
, 123
, 151
, 61
, 65
, 147
, 143
, 69
, 1
, 211
, 177
, 35
, 169
, 43
, 86
, 126
, 15
, 197
, 84
, 128
, 8
, 204
, 28
, 184
, 34
, 178
, 80
, 132
, 54
, 158
, 99
, 113
, 75
, 137
, 61
, 151
, 182
, 30
, 96
, 116
, 188
, 24
, 19
, 193
, 6
, 206
, 47
, 165
, 86
, 126
, 202
, 10
, 169
, 43
, 88
, 124
, 48
, 164
, 122
, 90
, 28
, 184
, 105
, 107
, 191
, 21
, 94
, 118
, 69
, 143
, 170
, 42
, 118
, 94
, 22
, 190
, 192
, 20
, 152
, 60
, 101
, 111
, 77
, 135
, 88
, 124
, 5
, 207
, 92
, 120
, 206
, 6
, 195
, 17
, 58
, 154
, 116
, 96
, 85
, 127
, 171
, 41
, 99
, 113
, 93
, 119
, 39
, 173
, 146
, 66
, 110
, 102
, 179
, 33
, 194
, 18
, 98
, 114
, 54
, 158
, 2
, 210
, 112
, 100
, 148
, 64
, 127
, 85
, 47
, 165
, 182
, 30
, 14
, 198
, 5
, 207
, 87
, 125
, 123
, 89
, 75
, 137
, 44
, 168
, 169
, 43
, 171
, 41
, 58
, 154
, 125
, 87
, 86
, 126
, 175
, 37
, 44
, 168
, 31
, 181
, 40
, 172
, 170
, 42
, 48
, 164
, 96
, 116
, 118
, 94
, 176
, 36
, 79
, 133
, 140
, 72
, 46
, 166
, 194
, 18
, 143
, 69
, 27
, 185
, 172
, 40
, 69
, 143
, 198
, 14
, 31
, 181
, 108
, 104
, 168
, 44
, 200
, 12
, 198
, 14
, 23
, 189
, 75
, 137
, 209
, 3
, 21
, 191
, 141
, 71
, 117
, 95
, 35
, 177
, 38
, 174
, 161
, 51
, 55
, 157
, 28
, 184
, 51
, 161
, 13
, 199
, 193
, 19
, 195
, 17
, 95
, 117
, 164
, 48
, 7
, 205
, 82
, 130
, 149
, 63
, 27
, 185
, 61
, 151
, 166
, 46
, 183
, 29
, 50
, 162
, 124
, 88
, 66
, 146
, 65
, 147
, 6
, 206
, 60
, 152
, 58
, 154
, 79
, 133
, 48
, 164
, 158
, 54
, 178
, 34
, 146
, 66
, 196
, 16
, 112
, 100
, 75
, 137
, 114
, 98
, 125
, 87
, 153
, 59
, 4
, 208
, 162
, 50
, 112
, 100
, 122
, 90
, 113
, 99
, 41
, 171
, 170
, 42
, 173
, 39
, 16
, 196
, 59
, 153
, 86
, 126
, 62
, 150
, 65
, 147
, 123
, 89
, 4
, 208
, 103
, 109
, 1
, 211
, 143
, 69
, 182
, 30
, 3
, 209
, 163
, 49
, 15
, 197
, 124
, 88
, 155
, 57
, 141
, 71
, 122
, 90
, 83
, 129
, 60
, 152
, 127
, 85
, 91
, 121
, 31
, 181
, 119
, 93
, 181
, 31
, 4
, 208
, 16
, 196
, 184
, 28
, 143
, 69
, 173
, 39
, 150
, 62
, 19
, 193
, 157
, 55
, 191
, 21
, 99
, 113
, 140
, 72
, 177
, 35
, 79
, 133
, 151
, 61
, 81
, 131
, 65
, 147
, 78
, 134
, 6
, 206
, 14
, 198
, 109
, 103
, 176
, 36
, 39
, 173
, 100
, 112
, 71
, 141
, 58
, 154
, 52
, 160
, 61
, 151
, 31
, 181
, 49
, 163
, 142
, 70
, 171
, 41
, 158
, 54
, 29
, 183
, 110
, 102
, 124
, 88
, 64
, 148
, 146
, 66
, 128
, 84
, 172
, 40
, 87
, 125
, 207
, 5
, 192
, 20
, 102
, 110
, 22
, 190
, 114
, 98
, 39
, 173
, 146
, 66
, 124
, 88
, 169
, 43
, 134
, 78
, 31
, 181
, 174
, 38
, 42
, 170
, 176
, 36
, 104
, 108
, 121
, 91
, 44
, 168
, 168
, 44
, 174
, 38
, 195
, 17
, 20
, 192
, 197
, 15
, 48
, 164
, 100
, 112
, 84
, 128
, 113
, 99
, 27
, 185
, 111
, 101
, 133
, 79
, 114
, 98
, 163
, 49
, 199
, 13
, 205
, 7
, 135
, 77
, 99
, 113
, 148
, 64
, 49
, 163
, 101
, 111
, 44
, 168
, 123
, 89
, 87
, 125
, 77
, 135
, 100
, 112
, 12
, 200
, 124
, 88
, 22
, 190
, 91
, 121
, 93
, 119
, 56
, 156
, 71
, 141
, 162
, 50
, 7
, 205
, 46
, 166
, 150
, 62
, 147
, 65
, 171
, 41
, 12
, 200
, 23
, 189
, 10
, 202
, 165
, 47
, 206
, 6
, 207
, 5
, 38
, 174
, 200
, 12
, 87
, 125
, 171
, 41
, 169
, 43
, 92
, 120
, 192
, 20
, 198
, 14
, 97
, 115
, 82
, 130
, 146
, 66
, 21
, 191
, 142
, 70
, 107
, 105
, 119
, 93
, 196
, 16
, 199
, 13
, 105
, 107
, 16
, 196
, 168
, 44
, 157
, 55
, 46
, 166
, 51
, 161
, 61
, 151
, 190
, 22
, 3
, 209
, 5
, 207
, 103
, 109
, 178
, 34
, 165
, 47
, 204
, 8
, 130
, 82
, 108
, 104
, 137
, 75
, 191
, 21
, 157
, 55
, 109
, 103
, 16
, 196
, 29
, 183
, 74
, 138
, 26
, 186
, 27
, 185
, 119
, 93
, 172
, 40
, 118
, 94
, 3
, 209
, 207
, 5
, 16
, 196
, 148
, 64
, 18
, 194
, 48
, 164
, 17
, 195
, 58
, 154
, 165
, 47
, 187
, 25
, 202
, 10
, 10
, 202
, 82
, 130
, 63
, 149
, 23
, 189
, 182
, 30
, 62
, 150
, 4
, 208
, 79
, 133
, 117
, 95
, 97
, 115
, 56
, 156
, 153
, 59
, 130
, 82
, 107
, 105
, 204
, 8
, 166
, 46
, 101
, 111
, 182
, 30
, 15
, 197
, 193
, 19
, 170
, 42
, 68
, 144
, 210
, 2
, 84
, 128
, 140
, 72
, 2
, 210
, 181
, 31
, 141
, 71
, 83
, 129
, 122
, 90
, 207
, 5
, 67
, 145
, 89
, 123
, 148
, 64
, 152
, 60
, 31
, 181
, 67
, 145
, 165
, 47
, 198
, 14
, 79
, 133
, 77
, 135
, 45
, 167
, 73
, 139
, 83
, 129
, 50
, 162
, 22
, 190
, 21
, 191
, 20
, 192
, 61
, 151
, 48
, 164
, 44
, 168
, 94
, 118
, 84
, 128
, 93
, 119
, 53
, 159
, 106
, 106
, 146
, 66
, 160
, 52
, 120
, 92
, 90
, 122
, 94
, 118
, 8
, 204
, 109
, 103
, 46
, 166
, 14
, 198
, 208
, 4
, 201
, 11
, 44
, 168
, 126
, 86
, 170
, 42
, 142
, 70
, 20
, 192
, 76
, 136
, 68
, 144
, 17
, 195
, 137
, 75
, 133
, 79
, 80
, 132
, 161
, 51
, 126
, 86
, 125
, 87
, 78
, 134
, 167
, 45
, 18
, 194
, 159
, 53
, 101
, 111
, 110
, 102
, 139
, 73
, 30
, 182
, 121
, 91
, 64
, 148
, 151
, 61
, 137
, 75
, 154
, 58
, 110
, 102
, 113
, 99
, 9
, 203
, 179
, 33
, 111
, 101
, 51
, 161
, 186
, 26
, 161
, 51
, 93
, 119
, 6
, 206
, 3
, 209
, 122
, 90
, 73
, 139
, 84
, 128
, 72
, 140
, 130
, 82
, 134
, 78
, 41
, 171
, 166
, 46
, 123
, 89
, 37
, 175
, 61
, 151
, 196
, 16
, 198
, 14
, 194
, 18
, 184
, 28
, 95
, 117
, 104
, 108
, 101
, 111
, 199
, 13
, 49
, 163
, 52
, 160
, 23
, 189
, 4
, 208
, 162
, 50
, 183
, 29
, 69
, 143
, 121
, 91
, 43
, 169
, 141
, 71
, 182
, 30
, 187
, 25
, 39
, 173
