
3660
, 156
, 32
, 18
, 170
, 59
, 129
, 155
, 33
, 108
, 80
, 104
, 84
, 160
, 28
, 29
, 159
, 180
, 8
, 11
, 177
, 137
, 51
, 166
, 22
, 40
, 148
, 106
, 82
, 84
, 104
, 60
, 128
, 186
, 2
, 177
, 11
, 13
, 175
, 41
, 147
, 78
, 110
, 46
, 142
, 162
, 26
, 164
, 24
, 78
, 110
, 161
, 27
, 147
, 41
, 43
, 145
, 90
, 98
, 18
, 170
, 82
, 106
, 64
, 124
, 122
, 66
, 106
, 82
, 103
, 85
, 157
, 31
, 118
, 70
, 107
, 81
, 58
, 130
, 40
, 148
, 13
, 175
, 161
, 27
, 31
, 157
, 60
, 128
, 109
, 79
, 83
, 105
, 111
, 77
, 168
, 20
, 55
, 133
, 33
, 155
, 21
, 167
, 29
, 159
, 51
, 137
, 145
, 43
, 148
, 40
, 138
, 50
, 82
, 106
, 54
, 134
, 30
, 158
, 159
, 29
, 116
, 72
, 47
, 141
, 115
, 73
, 27
, 161
, 92
, 96
, 13
, 175
, 15
, 173
, 122
, 66
, 178
, 10
, 151
, 37
, 11
, 177
, 161
, 27
, 168
, 20
, 113
, 75
, 76
, 112
, 99
, 89
, 79
, 109
, 39
, 149
, 177
, 11
, 55
, 133
, 119
, 69
, 28
, 160
, 36
, 152
, 143
, 45
, 54
, 134
, 33
, 155
, 148
, 40
, 186
, 2
, 124
, 64
, 22
, 166
, 154
, 34
, 89
, 99
, 185
, 3
, 23
, 165
, 121
, 67
, 146
, 42
, 55
, 133
, 180
, 8
, 139
, 49
, 160
, 28
, 150
, 38
, 121
, 67
, 11
, 177
, 133
, 55
, 136
, 52
, 43
, 145
, 172
, 16
, 167
, 21
, 1
, 187
, 90
, 98
, 74
, 114
, 22
, 166
, 40
, 148
, 76
, 112
, 135
, 53
, 77
, 111
, 179
, 9
, 54
, 134
, 80
, 108
, 150
, 38
, 148
, 40
, 90
, 98
, 134
, 54
, 120
, 68
, 145
, 43
, 43
, 145
, 73
, 115
, 54
, 134
, 56
, 132
, 176
, 12
, 90
, 98
, 94
, 94
, 158
, 30
, 156
, 32
, 149
, 39
, 168
, 20
, 113
, 75
, 133
, 55
, 176
, 12
, 141
, 47
, 147
, 41
, 185
, 3
, 156
, 32
, 8
, 180
, 58
, 130
, 25
, 163
, 155
, 33
, 179
, 9
, 107
, 81
, 53
, 135
, 125
, 63
, 135
, 53
, 90
, 98
, 160
, 28
, 36
, 152
, 62
, 126
, 60
, 128
, 78
, 110
, 37
, 151
, 39
, 149
, 28
, 160
, 77
, 111
, 110
, 78
, 50
, 138
, 41
, 147
, 119
, 69
, 122
, 66
, 119
, 69
, 22
, 166
, 53
, 135
, 182
, 6
, 34
, 154
, 164
, 24
, 52
, 136
, 80
, 108
, 112
, 76
, 109
, 79
, 108
, 80
, 13
, 175
, 103
, 85
, 121
, 67
, 15
, 173
, 96
, 92
, 174
, 14
, 85
, 103
, 92
, 96
, 92
, 96
, 165
, 23
, 86
, 102
, 44
, 144
, 62
, 126
, 149
, 39
, 85
, 103
, 62
, 126
, 90
, 98
, 88
, 100
, 61
, 127
, 63
, 125
, 76
, 112
, 171
, 17
, 27
, 161
, 80
, 108
, 163
, 25
, 159
, 29
, 135
, 53
, 52
, 136
, 46
, 142
, 142
, 46
, 64
, 124
, 162
, 26
, 132
, 56
, 9
, 179
, 185
, 3
, 42
, 146
, 140
, 48
, 46
, 142
, 177
, 11
, 172
, 16
, 47
, 141
, 79
, 109
, 181
, 7
, 164
, 24
, 79
, 109
, 132
, 56
, 121
, 67
, 4
, 184
, 179
, 9
, 129
, 59
, 58
, 130
, 27
, 161
, 42
, 146
, 155
, 33
, 31
, 157
, 153
, 35
, 61
, 127
, 30
, 158
, 68
, 120
, 69
, 119
, 46
, 142
, 55
, 133
, 85
, 103
, 161
, 27
, 137
, 51
, 123
, 65
, 144
, 44
, 27
, 161
, 136
, 52
, 164
, 24
, 117
, 71
, 131
, 57
, 148
, 40
, 83
, 105
, 75
, 113
, 182
, 6
, 125
, 63
, 173
, 15
, 40
, 148
, 141
, 47
, 68
, 120
, 11
, 177
, 108
, 80
, 113
, 75
, 169
, 19
, 143
, 45
, 156
, 32
, 141
, 47
, 21
, 167
, 76
, 112
, 183
, 5
, 18
, 170
, 46
, 142
, 166
, 22
, 114
, 74
, 12
, 176
, 115
, 73
, 185
, 3
, 77
, 111
, 84
, 104
, 137
, 51
, 102
, 86
, 36
, 152
, 126
, 62
, 85
, 103
, 76
, 112
, 45
, 143
, 8
, 180
, 98
, 90
, 104
, 84
, 107
, 81
, 42
, 146
, 123
, 65
, 130
, 58
, 76
, 112
, 50
, 138
, 52
, 136
, 41
, 147
, 104
, 84
, 169
, 19
, 130
, 58
, 119
, 69
, 50
, 138
, 15
, 173
, 179
, 9
, 64
, 124
, 58
, 130
, 171
, 17
, 29
, 159
, 33
, 155
, 75
, 113
, 160
, 28
, 17
, 171
, 105
, 83
, 81
, 107
, 163
, 25
, 81
, 107
, 136
, 52
, 182
, 6
, 65
, 123
, 30
, 158
, 23
, 165
, 89
, 99
, 118
, 70
, 121
, 67
, 69
, 119
, 162
, 26
, 142
, 46
, 100
, 88
, 22
, 166
, 57
, 131
, 84
, 104
, 165
, 23
, 89
, 99
, 108
, 80
, 98
, 90
, 93
, 95
, 154
, 34
, 74
, 114
, 19
, 169
, 58
, 130
, 36
, 152
, 24
, 164
, 21
, 167
, 103
, 85
, 124
, 64
, 162
, 26
, 7
, 181
, 46
, 142
, 39
, 149
, 177
, 11
, 155
, 33
, 99
, 89
, 120
, 68
, 47
, 141
, 31
, 157
, 170
, 18
, 157
, 31
, 14
, 174
, 60
, 128
, 51
, 137
, 52
, 136
, 130
, 58
, 5
, 183
, 35
, 153
, 56
, 132
, 39
, 149
, 89
, 99
, 35
, 153
, 90
, 98
, 167
, 21
, 62
, 126
, 62
, 126
, 70
, 118
, 141
, 47
, 172
, 16
, 96
, 92
, 174
, 14
, 176
, 12
, 116
, 72
, 13
, 175
, 36
, 152
, 106
, 82
, 103
, 85
, 81
, 107
, 116
, 72
, 8
, 180
, 133
, 55
, 73
, 115
, 137
, 51
, 91
, 97
, 110
, 78
, 130
, 58
, 57
, 131
, 82
, 106
, 181
, 7
, 22
, 166
, 31
, 157
, 178
, 10
, 63
, 125
, 4
, 184
, 12
, 176
, 65
, 123
, 141
, 47
, 53
, 135
, 139
, 49
, 66
, 122
, 100
, 88
, 84
, 104
, 168
, 20
, 84
, 104
, 130
, 58
, 134
, 54
, 124
, 64
, 47
, 141
, 14
, 174
, 61
, 127
, 58
, 130
, 166
, 22
, 41
, 147
, 3
, 185
, 136
, 52
, 48
, 140
, 79
, 109
, 152
, 36
, 101
, 87
, 135
, 53
, 159
, 29
, 72
, 116
, 36
, 152
, 145
, 43
, 174
, 14
, 9
, 179
, 61
, 127
, 157
, 31
, 94
, 94
, 118
, 70
, 182
, 6
, 142
, 46
, 133
, 55
, 140
, 48
, 185
, 3
, 135
, 53
, 50
, 138
, 106
, 82
, 129
, 59
, 136
, 52
, 84
, 104
, 62
, 126
, 174
, 14
, 121
, 67
, 42
, 146
, 182
, 6
, 152
, 36
, 47
, 141
, 10
, 178
, 132
, 56
, 14
, 174
, 77
, 111
, 72
, 116
, 121
, 67
, 62
, 126
, 166
, 22
, 84
, 104
, 106
, 82
, 164
, 24
, 84
, 104
, 128
, 60
, 47
, 141
, 106
, 82
, 62
, 126
, 27
, 161
, 167
, 21
, 178
, 10
, 83
, 105
, 70
, 118
, 144
, 44
, 141
, 47
, 169
, 19
, 176
, 12
, 156
, 32
, 115
, 73
, 109
, 79
, 182
, 6
, 97
, 91
, 52
, 136
, 145
, 43
, 36
, 152
, 23
, 165
, 65
, 123
, 112
, 76
, 71
, 117
, 73
, 115
, 48
, 140
, 103
, 85
, 7
, 181
, 77
, 111
, 36
, 152
, 48
, 140
, 94
, 94
, 81
, 107
, 49
, 139
, 143
, 45
, 91
, 97
, 112
, 76
, 100
, 88
, 17
, 171
, 7
, 181
, 3
, 185
, 72
, 116
, 183
, 5
, 51
, 137
, 57
, 131
, 144
, 44
, 80
, 108
, 112
, 76
, 101
, 87
, 33
, 155
, 45
, 143
, 154
, 34
, 141
, 47
, 18
, 170
, 185
, 3
, 32
, 156
, 99
, 89
, 38
, 150
, 25
, 163
, 95
, 93
, 147
, 41
, 102
, 86
, 144
, 44
, 118
, 70
, 162
, 26
, 79
, 109
, 7
, 181
, 38
, 150
, 113
, 75
, 121
, 67
, 86
, 102
, 34
, 154
, 52
, 136
, 49
, 139
, 11
, 177
, 40
, 148
, 95
, 93
, 106
, 82
, 108
, 80
, 96
, 92
, 91
, 97
, 149
, 39
, 105
, 83
, 32
, 156
, 108
, 80
, 60
, 128
, 144
, 44
, 92
, 96
, 40
, 148
, 34
, 154
, 20
, 168
, 181
, 7
, 33
, 155
, 44
, 144
, 68
, 120
, 51
, 137
, 132
, 56
, 23
, 165
, 15
, 173
, 23
, 165
, 153
, 35
, 153
, 35
, 3
, 185
, 70
, 118
, 57
, 131
, 102
, 86
, 80
, 108
, 157
, 31
, 2
, 186
, 57
, 131
, 37
, 151
, 137
, 51
, 109
, 79
, 162
, 26
, 93
, 95
, 171
, 17
, 59
, 129
, 88
, 100
, 41
, 147
, 71
, 117
, 79
, 109
, 96
, 92
, 44
, 144
, 62
, 126
, 97
, 91
, 53
, 135
, 185
, 3
, 1
, 187
, 155
, 33
, 185
, 3
, 83
, 105
, 94
, 94
, 56
, 132
, 142
, 46
, 113
, 75
, 50
, 138
, 48
, 140
, 11
, 177
, 129
, 59
, 122
, 66
, 52
, 136
, 173
, 15
, 2
, 186
, 13
, 175
, 19
, 169
, 99
, 89
, 136
, 52
, 120
, 68
, 67
, 121
, 151
, 37
, 8
, 180
, 21
, 167
, 175
, 13
, 185
, 3
, 44
, 144
, 158
, 30
, 1
, 187
, 81
, 107
, 5
, 183
, 173
, 15
, 90
, 98
, 57
, 131
, 150
, 38
, 157
, 31
, 57
, 131
, 143
, 45
, 18
, 170
, 64
, 124
, 181
, 7
, 101
, 87
, 118
, 70
, 86
, 102
, 66
, 122
, 163
, 25
, 142
, 46
, 163
, 25
, 134
, 54
, 171
, 17
, 72
, 116
, 155
, 33
, 120
, 68
, 62
, 126
, 18
, 170
, 166
, 22
, 22
, 166
, 88
, 100
, 87
, 101
, 145
, 43
, 97
, 91
, 33
, 155
, 12
, 176
, 153
, 35
, 93
, 95
, 177
, 11
, 57
, 131
, 146
, 42
, 27
, 161
, 28
, 160
, 181
, 7
, 103
, 85
, 74
, 114
, 41
, 147
, 42
, 146
, 33
, 155
, 88
, 100
, 119
, 69
, 159
, 29
, 103
, 85
, 4
, 184
, 16
, 172
, 48
, 140
, 78
, 110
, 12
, 176
, 64
, 124
, 125
, 63
, 153
, 35
, 172
, 16
, 142
, 46
, 150
, 38
, 119
, 69
, 11
, 177
, 142
, 46
, 183
, 5
, 11
, 177
, 30
, 158
, 173
, 15
, 93
, 95
, 130
, 58
, 49
, 139
, 108
, 80
, 28
, 160
, 122
, 66
, 95
, 93
, 94
, 94
, 123
, 65
, 23
, 165
, 114
, 74
, 55
, 133
, 2
, 186
, 77
, 111
, 35
, 153
, 63
, 125
, 32
, 156
, 164
, 24
, 132
, 56
, 29
, 159
, 136
, 52
, 74
, 114
, 54
, 134
, 52
, 136
, 69
, 119
, 69
, 119
, 124
, 64
, 5
, 183
, 76
, 112
, 56
, 132
, 38
, 150
, 11
, 177
, 111
, 77
, 14
, 174
, 65
, 123
, 175
, 13
, 66
, 122
, 68
, 120
, 186
, 2
, 16
, 172
, 143
, 45
, 51
, 137
, 110
, 78
, 105
, 83
, 143
, 45
, 126
, 62
, 67
, 121
, 117
, 71
, 114
, 74
, 50
, 138
, 102
, 86
, 89
, 99
, 13
, 175
, 161
, 27
, 133
, 55
, 39
, 149
, 47
, 141
, 73
, 115
, 57
, 131
, 64
, 124
, 143
, 45
, 27
, 161
, 74
, 114
, 102
, 86
, 138
, 50
, 134
, 54
, 161
, 27
, 102
, 86
, 137
, 51
, 94
, 94
, 110
, 78
, 142
, 46
, 29
, 159
, 56
, 132
, 90
, 98
, 84
, 104
, 136
, 52
, 34
, 154
, 88
, 100
, 34
, 154
, 153
, 35
, 83
, 105
, 159
, 29
, 120
, 68
, 6
, 182
, 73
, 115
, 116
, 72
, 161
, 27
, 51
, 137
, 72
, 116
, 40
, 148
, 110
, 78
, 35
, 153
, 139
, 49
, 49
, 139
, 50
, 138
, 185
, 3
, 69
, 119
, 100
, 88
, 28
, 160
, 19
, 169
, 101
, 87
, 27
, 161
, 119
, 69
, 35
, 153
, 148
, 40
, 19
, 169
, 95
, 93
, 167
, 21
, 17
, 171
, 102
, 86
, 156
, 32
, 56
, 132
, 79
, 109
, 168
, 20
, 46
, 142
, 155
, 33
, 132
, 56
, 173
, 15
, 26
, 162
, 104
, 84
, 9
, 179
, 68
, 120
, 45
, 143
, 163
, 25
, 53
, 135
, 51
, 137
, 109
, 79
, 61
, 127
, 141
, 47
, 158
, 30
, 134
, 54
, 170
, 18
, 106
, 82
, 17
, 171
, 8
, 180
, 159
, 29
, 184
, 4
, 167
, 21
, 69
, 119
, 61
, 127
, 119
, 69
, 54
, 134
, 31
, 157
, 130
, 58
, 151
, 37
, 108
, 80
, 68
, 120
, 167
, 21
, 118
, 70
, 103
, 85
, 182
, 6
, 50
, 138
, 67
, 121
, 40
, 148
, 146
, 42
, 78
, 110
, 58
, 130
, 51
, 137
, 174
, 14
, 85
, 103
, 98
, 90
, 1
, 187
, 145
, 43
, 98
, 90
, 99
, 89
, 21
, 167
, 25
, 163
, 84
, 104
, 49
, 139
, 16
, 172
, 176
, 12
, 127
, 61
, 70
, 118
, 62
, 126
, 68
, 120
, 137
, 51
, 108
, 80
, 112
, 76
, 111
, 77
, 11
, 177
, 183
, 5
, 53
, 135
, 177
, 11
, 100
, 88
, 40
, 148
, 101
, 87
, 41
, 147
, 75
, 113
, 173
, 15
, 125
, 63
, 13
, 175
, 108
, 80
, 144
, 44
, 36
, 152
, 178
, 10
, 118
, 70
, 9
, 179
, 60
, 128
, 44
, 144
, 56
, 132
, 166
, 22
, 77
, 111
, 99
, 89
, 167
, 21
, 19
, 169
, 73
, 115
, 40
, 148
, 146
, 42
, 101
, 87
, 133
, 55
, 26
, 162
, 15
, 173
, 170
, 18
, 127
, 61
, 38
, 150
, 83
, 105
, 19
, 169
, 47
, 141
, 181
, 7
, 25
, 163
, 47
, 141
, 172
, 16
, 65
, 123
, 37
, 151
, 167
, 21
, 162
, 26
, 164
, 24
, 136
, 52
, 107
, 81
, 140
, 48
, 135
, 53
, 148
, 40
, 122
, 66
, 127
, 61
, 175
, 13
, 132
, 56
, 182
, 6
, 1
, 187
, 83
, 105
, 132
, 56
, 24
, 164
, 94
, 94
, 46
, 142
, 111
, 77
, 94
, 94
, 38
, 150
, 59
, 129
, 171
, 17
, 68
, 120
, 104
, 84
, 184
, 4
, 178
, 10
, 126
, 62
, 100
, 88
, 133
, 55
, 33
, 155
, 132
, 56
, 36
, 152
, 115
, 73
, 55
, 133
, 49
, 139
, 26
, 162
, 110
, 78
, 95
, 93
, 95
, 93
, 120
, 68
, 117
, 71
, 76
, 112
, 30
, 158
, 14
, 174
, 181
, 7
, 19
, 169
, 145
, 43
, 114
, 74
, 148
, 40
, 75
, 113
, 142
, 46
, 98
, 90
, 119
, 69
, 12
, 176
, 145
, 43
, 46
, 142
, 91
, 97
, 174
, 14
, 149
, 39
, 10
, 178
, 42
, 146
, 37
, 151
, 5
, 183
, 41
, 147
, 17
, 171
, 80
, 108
, 66
, 122
, 28
, 160
, 82
, 106
, 167
, 21
, 71
, 117
, 50
, 138
, 181
, 7
, 128
, 60
, 178
, 10
, 171
, 17
, 68
, 120
, 11
, 177
, 25
, 163
, 129
, 59
, 186
, 2
, 161
, 27
, 113
, 75
, 128
, 60
, 55
, 133
, 147
, 41
, 68
, 120
, 177
, 11
, 122
, 66
, 178
, 10
, 167
, 21
, 127
, 61
, 106
, 82
, 80
, 108
, 64
, 124
, 146
, 42
, 5
, 183
, 84
, 104
, 41
, 147
, 154
, 34
, 11
, 177
, 89
, 99
, 86
, 102
, 7
, 181
, 30
, 158
, 154
, 34
, 13
, 175
, 19
, 169
, 55
, 133
, 110
, 78
, 162
, 26
, 45
, 143
, 181
, 7
, 128
, 60
, 101
, 87
, 116
, 72
, 26
, 162
, 61
, 127
, 74
, 114
, 40
, 148
, 32
, 156
, 21
, 167
, 31
, 157
, 177
, 11
, 175
, 13
, 6
, 182
, 113
, 75
, 103
, 85
, 13
, 175
, 143
, 45
, 27
, 161
, 92
, 96
, 94
, 94
, 58
, 130
, 176
, 12
, 49
, 139
, 50
, 138
, 162
, 26
, 28
, 160
, 130
, 58
, 51
, 137
, 169
, 19
, 142
, 46
, 127
, 61
, 130
, 58
, 111
, 77
, 15
, 173
, 139
, 49
, 158
, 30
, 180
, 8
, 126
, 62
, 79
, 109
, 171
, 17
, 158
, 30
, 8
, 180
, 97
, 91
, 65
, 123
, 186
, 2
, 171
, 17
, 178
, 10
, 140
, 48
, 21
, 167
, 131
, 57
, 21
, 167
, 42
, 146
, 24
, 164
, 164
, 24
, 8
, 180
, 79
, 109
, 164
, 24
, 34
, 154
, 176
, 12
, 121
, 67
, 112
, 76
, 181
, 7
, 159
, 29
, 158
, 30
, 84
, 104
, 107
, 81
, 85
, 103
, 110
, 78
, 57
, 131
, 100
, 88
, 56
, 132
, 104
, 84
, 115
, 73
, 16
, 172
, 124
, 64
, 58
, 130
, 128
, 60
, 4
, 184
, 136
, 52
, 63
, 125
, 148
, 40
, 100
, 88
, 103
, 85
, 130
, 58
, 39
, 149
, 85
, 103
, 70
, 118
, 117
, 71
, 38
, 150
, 27
, 161
, 166
, 22
, 142
, 46
, 89
, 99
, 70
, 118
, 118
, 70
, 125
, 63
, 91
, 97
, 51
, 137
, 48
, 140
, 181
, 7
, 43
, 145
, 39
, 149
, 112
, 76
, 80
, 108
, 105
, 83
, 181
, 7
, 1
, 187
, 73
, 115
, 106
, 82
, 22
, 166
, 108
, 80
, 26
, 162
, 74
, 114
, 92
, 96
, 66
, 122
, 35
, 153
, 150
, 38
, 93
, 95
, 38
, 150
, 143
, 45
, 102
, 86
, 67
, 121
, 160
, 28
, 18
, 170
, 156
, 32
, 10
, 178
, 166
, 22
, 179
, 9
, 165
, 23
, 157
, 31
, 165
, 23
, 159
, 29
, 172
, 16
, 56
, 132
, 83
, 105
, 121
, 67
, 71
, 117
, 113
, 75
, 173
, 15
, 54
, 134
, 3
, 185
, 3
, 185
, 124
, 64
, 126
, 62
, 49
, 139
, 100
, 88
, 186
, 2
, 152
, 36
, 158
, 30
, 148
, 40
, 4
, 184
, 150
, 38
, 171
, 17
, 75
, 113
, 96
, 92
, 118
, 70
, 148
, 40
, 175
, 13
, 62
, 126
, 88
, 100
, 69
, 119
, 181
, 7
, 94
, 94
, 75
, 113
, 154
, 34
, 173
, 15
, 44
, 144
, 175
, 13
, 100
, 88
, 82
, 106
, 83
, 105
, 91
, 97
, 135
, 53
, 104
, 84
, 185
, 3
, 159
, 29
, 38
, 150
, 77
, 111
, 60
, 128
, 110
, 78
, 122
, 66
, 58
, 130
, 15
, 173
, 112
, 76
, 130
, 58
, 110
, 78
, 174
, 14
, 82
, 106
, 107
, 81
, 70
, 118
, 86
, 102
, 53
, 135
, 131
, 57
, 63
, 125
, 66
, 122
, 142
, 46
, 45
, 143
, 149
, 39
, 169
, 19
, 79
, 109
, 3
, 185
, 76
, 112
, 67
, 121
, 115
, 73
, 183
, 5
, 31
, 157
, 101
, 87
, 175
, 13
, 95
, 93
, 111
, 77
, 74
, 114
, 11
, 177
, 37
, 151
, 112
, 76
, 93
, 95
, 86
, 102
, 28
, 160
, 84
, 104
, 123
, 65
, 186
, 2
, 34
, 154
, 125
, 63
, 33
, 155
, 31
, 157
, 64
, 124
, 105
, 83
, 43
, 145
, 3
, 185
, 169
, 19
, 41
, 147
, 38
, 150
, 166
, 22
, 25
, 163
, 65
, 123
, 31
, 157
, 61
, 127
, 132
, 56
, 180
, 8
, 134
, 54
, 34
, 154
, 79
, 109
, 28
, 160
, 51
, 137
, 164
, 24
, 50
, 138
, 92
, 96
, 76
, 112
, 35
, 153
, 150
, 38
, 2
, 186
, 160
, 28
, 5
, 183
, 109
, 79
, 139
, 49
, 150
, 38
, 35
, 153
, 46
, 142
, 128
, 60
, 7
, 181
, 66
, 122
, 184
, 4
, 99
, 89
, 178
, 10
, 135
, 53
, 178
, 10
, 107
, 81
, 122
, 66
, 33
, 155
, 79
, 109
, 113
, 75
, 6
, 182
, 49
, 139
, 109
, 79
, 120
, 68
, 81
, 107
, 43
, 145
, 179
, 9
, 125
, 63
, 38
, 150
, 49
, 139
, 29
, 159
, 167
, 21
, 157
, 31
, 66
, 122
, 52
, 136
, 53
, 135
, 82
, 106
, 43
, 145
, 50
, 138
, 168
, 20
, 158
, 30
, 64
, 124
, 151
, 37
, 141
, 47
, 102
, 86
, 140
, 48
, 136
, 52
, 153
, 35
, 42
, 146
, 25
, 163
, 30
, 158
, 167
, 21
, 59
, 129
, 63
, 125
, 169
, 19
, 83
, 105
, 176
, 12
, 74
, 114
, 79
, 109
, 111
, 77
, 86
, 102
, 61
, 127
, 127
, 61
, 86
, 102
, 112
, 76
, 66
, 122
, 166
, 22
, 26
, 162
, 6
, 182
, 13
, 175
, 115
, 73
, 172
, 16
, 57
, 131
, 131
, 57
, 101
, 87
, 27
, 161
, 104
, 84
, 63
, 125
, 123
, 65
, 85
, 103
, 65
, 123
, 29
, 159
, 76
, 112
, 13
, 175
, 119
, 69
, 139
, 49
, 48
, 140
, 99
, 89
, 173
, 15
, 165
, 23
, 105
, 83
, 68
, 120
, 52
, 136
, 38
, 150
, 102
, 86
, 155
, 33
, 43
, 145
, 6
, 182
, 38
, 150
, 134
, 54
, 145
, 43
, 20
, 168
, 36
, 152
, 34
, 154
, 113
, 75
, 132
, 56
, 32
, 156
, 57
, 131
, 83
, 105
, 111
, 77
, 17
, 171
, 75
, 113
, 133
, 55
, 165
, 23
, 3
, 185
, 64
, 124
, 7
, 181
, 149
, 39
, 56
, 132
, 146
, 42
, 91
, 97
, 31
, 157
, 96
, 92
, 163
, 25
, 154
, 34
, 183
, 5
, 10
, 178
, 45
, 143
, 32
, 156
, 59
, 129
, 55
, 133
, 21
, 167
, 96
, 92
, 86
, 102
, 64
, 124
, 28
, 160
, 172
, 16
, 168
, 20
, 14
, 174
, 97
, 91
, 123
, 65
, 148
, 40
, 130
, 58
, 129
, 59
, 121
, 67
, 94
, 94
, 86
, 102
, 29
, 159
, 24
, 164
, 159
, 29
, 145
, 43
, 6
, 182
, 19
, 169
, 54
, 134
, 113
, 75
, 183
, 5
, 109
, 79
, 109
, 79
, 16
, 172
, 34
, 154
, 179
, 9
, 67
, 121
, 64
, 124
, 120
, 68
, 57
, 131
, 180
, 8
, 144
, 44
, 185
, 3
, 40
, 148
, 64
, 124
, 6
, 182
, 104
, 84
, 119
, 69
, 176
, 12
, 45
, 143
, 28
, 160
, 71
, 117
, 147
, 41
, 76
, 112
, 51
, 137
, 165
, 23
, 10
, 178
, 63
, 125
, 30
, 158
, 112
, 76
, 104
, 84
, 50
, 138
, 91
, 97
, 167
, 21
, 76
, 112
, 88
, 100
, 56
, 132
, 40
, 148
, 121
, 67
, 18
, 170
, 136
, 52
, 48
, 140
, 145
, 43
, 41
, 147
, 80
, 108
, 18
, 170
, 54
, 134
, 174
, 14
, 57
, 131
, 31
, 157
, 135
, 53
, 19
, 169
, 154
, 34
, 161
, 27
, 136
, 52
, 32
, 156
, 154
, 34
, 138
, 50
, 81
, 107
, 158
, 30
, 19
, 169
, 35
, 153
, 165
, 23
, 39
, 149
, 85
, 103
, 51
, 137
, 113
, 75
, 25
, 163
, 102
, 86
, 56
, 132
, 44
, 144
, 63
, 125
, 60
, 128
, 162
, 26
, 92
, 96
, 162
, 26
, 90
, 98
, 44
, 144
, 114
, 74
, 185
, 3
, 41
, 147
, 109
, 79
, 61
, 127
, 107
, 81
, 54
, 134
, 108
, 80
, 120
, 68
, 98
, 90
, 23
, 165
, 131
, 57
, 14
, 174
, 3
, 185
, 5
, 183
, 29
, 159
, 28
, 160
, 185
, 3
, 59
, 129
, 19
, 169
, 185
, 3
, 55
, 133
, 26
, 162
, 45
, 143
, 185
, 3
, 172
, 16
, 159
, 29
, 76
, 112
, 67
, 121
, 161
, 27
, 152
, 36
, 94
, 94
, 152
, 36
, 102
, 86
, 94
, 94
, 28
, 160
, 100
, 88
, 111
, 77
, 11
, 177
, 12
, 176
, 106
, 82
, 131
, 57
, 141
, 47
, 44
, 144
, 136
, 52
, 65
, 123
, 164
, 24
, 41
, 147
, 13
, 175
, 109
, 79
, 162
, 26
, 17
, 171
, 95
, 93
, 56
, 132
, 69
, 119
, 154
, 34
, 29
, 159
, 97
, 91
, 134
, 54
, 19
, 169
, 154
, 34
, 60
, 128
, 182
, 6
, 130
, 58
, 185
, 3
, 52
, 136
, 6
, 182
, 73
, 115
, 176
, 12
, 59
, 129
, 156
, 32
, 62
, 126
, 67
, 121
, 135
, 53
, 58
, 130
, 14
, 174
, 24
, 164
, 103
, 85
, 110
, 78
, 37
, 151
, 53
, 135
, 152
, 36
, 63
, 125
, 133
, 55
, 146
, 42
, 129
, 59
, 45
, 143
, 165
, 23
, 139
, 49
, 8
, 180
, 114
, 74
, 70
, 118
, 81
, 107
, 104
, 84
, 107
, 81
, 33
, 155
, 113
, 75
, 48
, 140
, 40
, 148
, 5
, 183
, 45
, 143
, 4
, 184
, 38
, 150
, 9
, 179
, 72
, 116
, 115
, 73
, 31
, 157
, 40
, 148
, 112
, 76
, 144
, 44
, 45
, 143
, 81
, 107
, 150
, 38
, 159
, 29
, 95
, 93
, 165
, 23
, 16
, 172
, 159
, 29
, 25
, 163
, 117
, 71
, 126
, 62
, 31
, 157
, 51
, 137
, 54
, 134
, 116
, 72
, 181
, 7
, 32
, 156
, 120
, 68
, 160
, 28
, 104
, 84
, 148
, 40
, 131
, 57
, 37
, 151
, 123
, 65
, 114
, 74
, 91
, 97
, 151
, 37
, 121
, 67
, 13
, 175
, 77
, 111
, 171
, 17
, 184
, 4
, 78
, 110
, 29
, 159
, 75
, 113
, 141
, 47
, 129
, 59
, 103
, 85
, 49
, 139
, 16
, 172
, 115
, 73
, 168
, 20
, 134
, 54
, 119
, 69
, 148
, 40
, 139
, 49
, 90
, 98
, 175
, 13
, 31
, 157
, 101
, 87
, 55
, 133
, 5
, 183
, 182
, 6
, 38
, 150
, 185
, 3
, 145
, 43
, 71
, 117
, 2
, 186
, 183
, 5
, 56
, 132
, 78
, 110
, 40
, 148
, 49
, 139
, 146
, 42
, 110
, 78
, 37
, 151
, 24
, 164
, 65
, 123
, 168
, 20
, 153
, 35
, 63
, 125
, 74
, 114
, 108
, 80
, 131
, 57
, 89
, 99
, 4
, 184
, 6
, 182
, 54
, 134
, 20
, 168
, 132
, 56
, 41
, 147
, 163
, 25
, 32
, 156
, 148
, 40
, 119
, 69
, 110
, 78
, 185
, 3
, 122
, 66
, 54
, 134
, 183
, 5
, 150
, 38
, 26
, 162
, 105
, 83
, 153
, 35
, 19
, 169
, 111
, 77
, 177
, 11
, 144
, 44
, 92
, 96
, 121
, 67
, 14
, 174
, 60
, 128
, 40
, 148
, 125
, 63
, 122
, 66
, 121
, 67
, 29
, 159
, 110
, 78
, 140
, 48
, 41
, 147
, 57
, 131
, 178
, 10
, 91
, 97
, 30
, 158
, 53
, 135
, 123
, 65
, 41
, 147
, 182
, 6
, 185
, 3
, 83
, 105
, 90
, 98
, 16
, 172
, 89
, 99
, 46
, 142
, 41
, 147
, 73
, 115
, 60
, 128
, 8
, 180
, 174
, 14
, 18
, 170
, 37
, 151
, 10
, 178
, 27
, 161
, 45
, 143
, 111
, 77
, 94
, 94
, 78
, 110
, 116
, 72
, 39
, 149
, 61
, 127
, 157
, 31
, 60
, 128
, 136
, 52
, 67
, 121
, 62
, 126
, 101
, 87
, 124
, 64
, 52
, 136
, 160
, 28
, 50
, 138
, 150
, 38
, 103
, 85
, 140
, 48
, 42
, 146
, 133
, 55
, 101
, 87
, 75
, 113
, 24
, 164
, 59
, 129
, 164
, 24
, 122
, 66
, 179
, 9
, 128
, 60
, 57
, 131
, 70
, 118
, 44
, 144
, 120
, 68
, 104
, 84
, 95
, 93
, 44
, 144
, 38
, 150
, 49
, 139
, 44
, 144
, 142
, 46
, 138
, 50
, 119
, 69
, 57
, 131
, 129
, 59
, 38
, 150
, 184
, 4
, 57
, 131
, 95
, 93
, 110
, 78
, 90
, 98
, 31
, 157
, 3
, 185
, 133
, 55
, 16
, 172
, 152
, 36
, 28
, 160
, 162
, 26
, 30
, 158
, 148
, 40
, 149
, 39
, 68
, 120
, 8
, 180
, 35
, 153
, 154
, 34
, 163
, 25
, 103
, 85
, 41
, 147
, 161
, 27
, 5
, 183
, 141
, 47
, 58
, 130
, 175
, 13
, 125
, 63
, 184
, 4
, 56
, 132
, 176
, 12
, 17
, 171
, 51
, 137
, 97
, 91
, 65
, 123
, 18
, 170
, 108
, 80
, 142
, 46
, 136
, 52
, 45
, 143
, 60
, 128
, 20
, 168
, 98
, 90
, 127
, 61
, 11
, 177
, 108
, 80
, 95
, 93
, 52
, 136
, 182
, 6
, 13
, 175
, 46
, 142
, 156
, 32
, 42
, 146
, 27
, 161
, 91
, 97
, 65
, 123
, 38
, 150
, 130
, 58
, 66
, 122
, 141
, 47
, 11
, 177
, 186
, 2
, 36
, 152
, 37
, 151
, 12
, 176
, 19
, 169
, 40
, 148
, 56
, 132
, 33
, 155
, 50
, 138
, 91
, 97
, 135
, 53
, 79
, 109
, 22
, 166
, 77
, 111
, 101
, 87
, 178
, 10
, 179
, 9
, 37
, 151
, 130
, 58
, 127
, 61
, 21
, 167
, 185
, 3
, 101
, 87
, 160
, 28
, 178
, 10
, 166
, 22
, 4
, 184
, 38
, 150
, 57
, 131
, 27
, 161
, 140
, 48
, 89
, 99
, 97
, 91
, 103
, 85
, 6
, 182
, 129
, 59
, 14
, 174
, 79
, 109
, 135
, 53
, 46
, 142
, 152
, 36
, 67
, 121
, 76
, 112
, 65
, 123
, 154
, 34
, 16
, 172
, 126
, 62
, 147
, 41
, 23
, 165
, 58
, 130
, 130
, 58
, 44
, 144
, 131
, 57
, 106
, 82
, 18
, 170
, 81
, 107
, 8
, 180
, 66
, 122
, 38
, 150
, 149
, 39
, 85
, 103
, 34
, 154
, 18
, 170
, 88
, 100
, 6
, 182
, 42
, 146
, 19
, 169
, 39
, 149
, 158
, 30
, 73
, 115
, 176
, 12
, 24
, 164
, 136
, 52
, 71
, 117
, 23
, 165
, 21
, 167
, 92
, 96
, 38
, 150
, 104
, 84
, 25
, 163
, 6
, 182
, 58
, 130
, 144
, 44
, 75
, 113
, 57
, 131
, 116
, 72
, 109
, 79
, 146
, 42
, 134
, 54
, 42
, 146
, 157
, 31
, 57
, 131
, 180
, 8
, 162
, 26
, 80
, 108
, 6
, 182
, 149
, 39
, 136
, 52
, 82
, 106
, 33
, 155
, 63
, 125
, 167
, 21
, 22
, 166
, 136
, 52
, 35
, 153
, 81
, 107
, 28
, 160
, 129
, 59
, 20
, 168
, 121
, 67
, 182
, 6
, 133
, 55
, 47
, 141
, 131
, 57
, 62
, 126
, 31
, 157
, 119
, 69
, 92
, 96
, 27
, 161
, 102
, 86
, 15
, 173
, 134
, 54
, 26
, 162
, 176
, 12
, 101
, 87
, 36
, 152
, 19
, 169
, 168
, 20
, 163
, 25
, 140
, 48
, 47
, 141
, 18
, 170
, 117
, 71
, 81
, 107
, 8
, 180
, 182
, 6
, 177
, 11
, 11
, 177
, 27
, 161
, 61
, 127
, 13
, 175
, 74
, 114
, 36
, 152
, 105
, 83
, 76
, 112
, 91
, 97
, 121
, 67
, 55
, 133
, 65
, 123
, 100
, 88
, 22
, 166
, 26
, 162
, 31
, 157
, 168
, 20
, 135
, 53
, 121
, 67
, 79
, 109
, 126
, 62
, 138
, 50
, 12
, 176
, 43
, 145
, 57
, 131
, 109
, 79
, 128
, 60
, 184
, 4
, 81
, 107
, 7
, 181
, 12
, 176
, 161
, 27
, 92
, 96
, 82
, 106
, 96
, 92
, 118
, 70
, 130
, 58
, 33
, 155
, 107
, 81
, 64
, 124
, 6
, 182
, 171
, 17
, 71
, 117
, 25
, 163
, 159
, 29
, 38
, 150
, 8
, 180
, 167
, 21
, 35
, 153
, 50
, 138
, 125
, 63
, 99
, 89
, 138
, 50
, 98
, 90
, 74
, 114
, 36
, 152
, 131
, 57
, 105
, 83
, 146
, 42
, 175
, 13
, 68
, 120
, 79
, 109
, 6
, 182
, 32
, 156
, 136
, 52
, 170
, 18
, 70
, 118
, 9
, 179
, 117
, 71
, 138
, 50
, 116
, 72
, 55
, 133
, 27
, 161
, 156
, 32
, 155
, 33
, 170
, 18
, 143
, 45
, 100
, 88
, 172
, 16
, 104
, 84
, 143
, 45
, 42
, 146
, 98
, 90
, 2
, 186
, 132
, 56
, 135
, 53
, 50
, 138
, 173
, 15
, 112
, 76
, 103
, 85
, 43
, 145
, 75
, 113
, 96
, 92
, 63
, 125
, 69
, 119
, 70
, 118
, 4
, 184
, 121
, 67
, 48
, 140
, 185
, 3
, 142
, 46
, 29
, 159
, 89
, 99
, 166
, 22
, 143
, 45
, 20
, 168
, 130
, 58
, 109
, 79
, 116
, 72
, 8
, 180
, 32
, 156
, 95
, 93
, 59
, 129
, 7
, 181
, 45
, 143
, 128
, 60
, 172
, 16
, 39
, 149
, 40
, 148
, 63
, 125
, 74
, 114
, 57
, 131
, 84
, 104
, 85
, 103
, 100
, 88
, 21
, 167
, 50
, 138
, 133
, 55
, 28
, 160
, 33
, 155
, 109
, 79
, 80
, 108
, 186
, 2
, 119
, 69
, 110
, 78
, 89
, 99
, 46
, 142
, 3
, 185
, 168
, 20
, 112
, 76
, 9
, 179
, 46
, 142
, 26
, 162
, 34
, 154
, 135
, 53
, 115
, 73
, 152
, 36
, 167
, 21
, 68
, 120
, 43
, 145
, 25
, 163
, 184
, 4
, 162
, 26
, 54
, 134
, 14
, 174
, 144
, 44
, 29
, 159
, 123
, 65
, 123
, 65
, 59
, 129
, 163
, 25
, 181
, 7
, 43
, 145
, 153
, 35
, 144
, 44
, 92
, 96
, 67
, 121
, 18
, 170
, 131
, 57
, 54
, 134
, 186
, 2
, 64
, 124
, 159
, 29
, 63
, 125
, 138
, 50
, 61
, 127
, 46
, 142
, 26
, 162
, 111
, 77
, 128
, 60
, 3
, 185
, 4
, 184
, 151
, 37
, 68
, 120
, 174
, 14
, 125
, 63
, 6
, 182
, 58
, 130
, 43
, 145
, 74
, 114
, 178
, 10
, 59
, 129
, 81
, 107
, 4
, 184
, 31
, 157
, 118
, 70
, 29
, 159
, 115
, 73
, 51
, 137
, 146
, 42
, 146
, 42
, 103
, 85
, 136
, 52
, 111
, 77
, 93
, 95
, 75
, 113
, 59
, 129
, 137
, 51
, 55
, 133
, 139
, 49
, 61
, 127
, 165
, 23
, 126
, 62
, 59
, 129
, 121
, 67
, 27
, 161
, 18
, 170
, 13
, 175
, 46
, 142
, 137
, 51
, 149
, 39
, 184
, 4
, 174
, 14
, 65
, 123
, 5
, 183
, 93
, 95
, 135
, 53
, 162
, 26
, 152
, 36
, 81
, 107
, 137
, 51
, 62
, 126
, 171
, 17
, 127
, 61
, 177
, 11
, 105
, 83
, 127
, 61
, 97
, 91
, 186
, 2
, 84
, 104
, 29
, 159
, 175
, 13
, 57
, 131
, 115
, 73
, 16
, 172
, 172
, 16
, 172
, 16
, 61
, 127
, 64
, 124
, 155
, 33
, 83
, 105
, 29
, 159
, 133
, 55
, 178
, 10
, 157
, 31
, 69
, 119
, 80
, 108
, 175
, 13
, 78
, 110
, 144
, 44
, 119
, 69
, 95
, 93
, 81
, 107
, 115
, 73
, 152
, 36
, 30
, 158
, 81
, 107
, 45
, 143
, 142
, 46
, 168
, 20
, 10
, 178
, 142
, 46
, 65
, 123
, 149
, 39
, 169
, 19
, 21
, 167
, 106
, 82
, 59
, 129
, 64
, 124
, 121
, 67
, 64
, 124
, 184
, 4
, 4
, 184
, 183
, 5
, 80
, 108
, 151
, 37
, 186
, 2
, 126
, 62
, 68
, 120
, 121
, 67
, 169
, 19
, 13
, 175
, 182
, 6
, 43
, 145
, 165
, 23
, 100
, 88
, 101
, 87
, 72
, 116
, 173
, 15
, 72
, 116
, 153
, 35
, 118
, 70
, 64
, 124
, 181
, 7
, 152
, 36
, 11
, 177
, 137
, 51
, 184
, 4
, 21
, 167
, 43
, 145
, 161
, 27
, 12
, 176
, 12
, 176
, 49
, 139
, 179
, 9
, 135
, 53
, 71
, 117
, 184
, 4
, 70
, 118
, 172
, 16
, 181
, 7
, 137
, 51
, 10
, 178
, 176
, 12
, 2
, 186
, 101
, 87
, 21
, 167
, 41
, 147
, 2
, 186
, 130
, 58
, 1
, 187
, 107
, 81
, 153
, 35
, 156
, 32
, 151
, 37
, 167
, 21
, 58
, 130
, 31
, 157
, 133
, 55
, 94
, 94
, 45
, 143
, 37
, 151
, 174
, 14
, 163
, 25
, 103
, 85
, 158
, 30
, 93
, 95
, 176
, 12
, 93
, 95
, 109
, 79
, 86
, 102
, 31
, 157
, 106
, 82
, 145
, 43
, 117
, 71
, 5
, 183
, 14
, 174
, 180
, 8
, 86
, 102
, 151
, 37
, 6
, 182
, 10
, 178
, 119
, 69
, 38
, 150
, 125
, 63
, 19
, 169
, 41
, 147
, 44
, 144
, 48
, 140
, 63
, 125
, 157
, 31
, 29
, 159
, 100
, 88
, 157
, 31
, 104
, 84
, 58
, 130
, 183
, 5
, 117
, 71
, 57
, 131
, 114
, 74
, 51
, 137
, 67
, 121
, 28
, 160
, 23
, 165
, 171
, 17
, 89
, 99
, 103
, 85
, 9
, 179
, 131
, 57
, 78
, 110
, 132
, 56
, 61
, 127
, 161
, 27
, 171
, 17
, 138
, 50
, 133
, 55
, 76
, 112
, 143
, 45
, 72
, 116
, 7
, 181
, 3
, 185
, 175
, 13
, 186
, 2
, 51
, 137
, 167
, 21
, 132
, 56
, 151
, 37
, 58
, 130
, 79
, 109
, 160
, 28
, 83
, 105
, 172
, 16
, 162
, 26
, 143
, 45
, 159
, 29
, 56
, 132
, 15
, 173
, 81
, 107
, 186
, 2
, 105
, 83
, 77
, 111
, 100
, 88
, 47
, 141
, 113
, 75
, 76
, 112
, 93
, 95
, 73
, 115
, 93
, 95
, 14
, 174
, 104
, 84
, 3
, 185
, 93
, 95
, 9
, 179
, 180
, 8
, 156
, 32
, 113
, 75
, 99
, 89
, 36
, 152
, 15
, 173
, 90
, 98
, 37
, 151
, 12
, 176
, 9
, 179
, 186
, 2
, 112
, 76
, 110
, 78
, 85
, 103
, 55
, 133
, 61
, 127
, 97
, 91
, 183
, 5
, 74
, 114
, 11
, 177
, 117
, 71
, 86
, 102
, 37
, 151
, 25
, 163
, 55
, 133
, 119
, 69
, 147
, 41
, 149
, 39
, 117
, 71
, 14
, 174
, 35
, 153
, 186
, 2
, 73
, 115
, 78
, 110
, 16
, 172
, 18
, 170
, 80
, 108
, 155
, 33
, 184
, 4
, 19
, 169
, 12
, 176
, 97
, 91
, 173
, 15
, 124
, 64
, 177
, 11
, 50
, 138
, 107
, 81
, 109
, 79
, 2
, 186
, 86
, 102
, 132
, 56
, 97
, 91
, 57
, 131
, 44
, 144
, 129
, 59
, 49
, 139
, 159
, 29
, 83
, 105
, 109
, 79
, 65
, 123
, 103
, 85
, 99
, 89
, 63
, 125
, 135
, 53
, 33
, 155
, 32
, 156
, 45
, 143
, 124
, 64
, 63
, 125
, 153
, 35
, 1
, 187
, 1
, 187
, 181
, 7
, 153
, 35
, 129
, 59
, 153
, 35
, 84
, 104
, 52
, 136
, 118
, 70
, 71
, 117
, 156
, 32
, 162
, 26
, 93
, 95
, 65
, 123
, 90
, 98
, 103
, 85
, 12
, 176
, 136
, 52
, 109
, 79
, 103
, 85
, 3
, 185
, 185
, 3
, 151
, 37
, 29
, 159
, 128
, 60
, 19
, 169
, 183
, 5
, 53
, 135
, 55
, 133
, 117
, 71
, 122
, 66
, 25
, 163
, 19
, 169
, 140
, 48
, 183
, 5
, 86
, 102
, 154
, 34
, 37
, 151
, 30
, 158
, 41
, 147
, 10
, 178
, 125
, 63
, 73
, 115
, 152
, 36
, 79
, 109
, 14
, 174
, 165
, 23
, 110
, 78
, 98
, 90
, 52
, 136
, 13
, 175
, 46
, 142
, 90
, 98
, 101
, 87
, 21
, 167
, 126
, 62
, 3
, 185
, 166
, 22
, 178
, 10
, 85
, 103
, 154
, 34
, 28
, 160
, 63
, 125
, 169
, 19
, 7
, 181
, 170
, 18
, 152
, 36
, 180
, 8
, 166
, 22
, 68
, 120
, 98
, 90
, 147
, 41
, 47
, 141
, 185
, 3
, 133
, 55
, 24
, 164
, 11
, 177
, 170
, 18
, 85
, 103
, 3
, 185
, 71
, 117
, 23
, 165
, 98
, 90
, 183
, 5
, 183
, 5
, 72
, 116
, 74
, 114
, 102
, 86
, 10
, 178
, 111
, 77
, 186
, 2
, 37
, 151
, 106
, 82
, 64
, 124
, 185
, 3
, 130
, 58
, 174
, 14
, 164
, 24
, 126
, 62
, 69
, 119
, 108
, 80
, 135
, 53
, 163
, 25
, 184
, 4
, 139
, 49
, 126
, 62
, 73
, 115
, 93
, 95
, 136
, 52
, 81
, 107
, 119
, 69
, 45
, 143
, 14
, 174
, 102
, 86
, 21
, 167
, 97
, 91
, 129
, 59
, 110
, 78
, 89
, 99
, 34
, 154
, 158
, 30
, 65
, 123
, 18
, 170
, 130
, 58
, 22
, 166
, 139
, 49
, 62
, 126
, 128
, 60
, 113
, 75
, 107
, 81
, 119
, 69
, 61
, 127
, 142
, 46
, 19
, 169
, 17
, 171
, 66
, 122
, 140
, 48
, 166
, 22
, 139
, 49
, 53
, 135
, 69
, 119
, 14
, 174
, 22
, 166
, 123
, 65
, 55
, 133
, 120
, 68
, 107
, 81
, 17
, 171
, 25
, 163
, 84
, 104
, 1
, 187
, 50
, 138
, 171
, 17
, 74
, 114
, 128
, 60
, 6
, 182
, 164
, 24
, 45
, 143
, 73
, 115
, 137
, 51
, 90
, 98
, 128
, 60
, 158
, 30
, 151
, 37
, 85
, 103
, 99
, 89
, 151
, 37
, 177
, 11
, 175
, 13
, 53
, 135
, 48
, 140
, 125
, 63
, 143
, 45
, 158
, 30
, 93
, 95
, 159
, 29
, 154
, 34
, 82
, 106
, 173
, 15
, 93
, 95
, 120
, 68
, 74
, 114
, 19
, 169
, 73
, 115
, 81
, 107
, 36
, 152
, 27
, 161
, 171
, 17
, 51
, 137
, 60
, 128
, 56
, 132
, 179
, 9
, 67
, 121
, 27
, 161
, 171
, 17
, 171
, 17
, 37
, 151
, 130
, 58
, 29
, 159
, 129
, 59
, 13
, 175
, 105
, 83
, 17
, 171
, 105
, 83
, 124
, 64
, 100
, 88
, 180
, 8
, 81
, 107
, 32
, 156
, 168
, 20
, 31
, 157
, 36
, 152
, 70
, 118
, 166
, 22
, 77
, 111
, 163
, 25
, 71
, 117
, 12
, 176
, 53
, 135
, 182
, 6
, 21
, 167
, 132
, 56
, 141
, 47
, 80
, 108
, 97
, 91
, 25
, 163
, 173
, 15
, 61
, 127
, 132
, 56
, 98
, 90
, 120
, 68
, 178
, 10
, 59
, 129
, 56
, 132
, 179
, 9
, 63
, 125
, 36
, 152
, 12
, 176
, 4
, 184
, 9
, 179
, 89
, 99
, 124
, 64
, 32
, 156
, 26
, 162
, 139
, 49
, 77
, 111
, 110
, 78
, 172
, 16
, 112
, 76
, 125
, 63
, 118
, 70
, 137
, 51
, 87
, 101
, 103
, 85
, 119
, 69
, 74
, 114
, 31
, 157
, 41
, 147
, 113
, 75
, 44
, 144
, 79
, 109
, 127
, 61
, 53
, 135
, 106
, 82
, 67
, 121
, 149
, 39
, 70
, 118
, 114
, 74
, 154
, 34
, 135
, 53
, 1
, 187
, 58
, 130
, 75
, 113
, 63
, 125
, 83
, 105
, 120
, 68
, 156
, 32
, 72
, 116
, 157
, 31
, 93
, 95
, 134
, 54
, 78
, 110
, 11
, 177
, 61
, 127
, 132
, 56
, 12
, 176
, 31
, 157
, 15
, 173
, 142
, 46
, 175
, 13
, 143
, 45
, 106
, 82
, 31
, 157
, 52
, 136
, 92
, 96
, 45
, 143
, 153
, 35
, 142
, 46
, 6
, 182
, 11
, 177
, 25
, 163
, 56
, 132
, 158
, 30
, 79
, 109
, 113
, 75
, 89
, 99
, 110
, 78
, 126
, 62
, 134
, 54
, 142
, 46
, 114
, 74
, 184
, 4
, 121
, 67
, 153
, 35
, 102
, 86
, 36
, 152
, 109
, 79
, 98
, 90
, 83
, 105
, 50
, 138
, 114
, 74
, 94
, 94
, 21
, 167
, 138
, 50
, 4
, 184
, 63
, 125
, 35
, 153
, 103
, 85
, 40
, 148
, 148
, 40
, 146
, 42
, 122
, 66
, 126
, 62
, 64
, 124
, 179
, 9
, 37
, 151
, 58
, 130
, 23
, 165
, 37
, 151
, 165
, 23
, 120
, 68
, 17
, 171
, 9
, 179
, 156
, 32
, 44
, 144
, 125
, 63
, 170
, 18
, 139
, 49
, 155
, 33
, 146
, 42
, 38
, 150
, 24
, 164
, 104
, 84
, 59
, 129
, 145
, 43
, 113
, 75
, 162
, 26
, 155
, 33
, 48
, 140
, 40
, 148
, 54
, 134
, 112
, 76
, 56
, 132
, 131
, 57
, 170
, 18
, 35
, 153
, 149
, 39
, 141
, 47
, 68
, 120
, 183
, 5
, 50
, 138
, 36
, 152
, 52
, 136
, 6
, 182
, 44
, 144
, 23
, 165
, 129
, 59
, 9
, 179
, 118
, 70
, 176
, 12
, 66
, 122
, 46
, 142
, 171
, 17
, 68
, 120
, 41
, 147
, 119
, 69
, 153
, 35
, 37
, 151
, 159
, 29
, 167
, 21
, 146
, 42
, 55
, 133
, 128
, 60
, 154
, 34
, 186
, 2
, 120
, 68
, 169
, 19
, 77
, 111
, 20
, 168
, 24
, 164
, 166
, 22
, 38
, 150
, 22
, 166
, 114
, 74
, 114
, 74
, 119
, 69
, 30
, 158
, 45
, 143
, 102
, 86
, 107
, 81
, 63
, 125
, 5
, 183
, 90
, 98
, 175
, 13
, 95
, 93
, 159
, 29
, 83
, 105
, 75
, 113
, 87
, 101
, 184
, 4
, 114
, 74
, 9
, 179
, 185
, 3
, 79
, 109
, 169
, 19
, 40
, 148
, 64
, 124
, 85
, 103
, 176
, 12
, 42
, 146
, 77
, 111
, 2
, 186
, 9
, 179
, 185
, 3
, 77
, 111
, 171
, 17
, 69
, 119
, 14
, 174
, 156
, 32
, 137
, 51
, 55
, 133
, 34
, 154
, 4
, 184
, 40
, 148
, 132
, 56
, 170
, 18
, 149
, 39
, 82
, 106
, 152
, 36
, 74
, 114
, 140
, 48
, 4
, 184
, 123
, 65
, 158
, 30
, 99
, 89
, 147
, 41
, 133
, 55
, 42
, 146
, 94
, 94
, 119
, 69
, 6
, 182
, 146
, 42
, 182
, 6
, 39
, 149
, 97
, 91
, 35
, 153
, 122
, 66
, 5
, 183
, 120
, 68
, 116
, 72
, 80
, 108
, 164
, 24
, 108
, 80
, 176
, 12
, 7
, 181
, 75
, 113
, 183
, 5
, 48
, 140
, 111
, 77
, 167
, 21
, 42
, 146
, 186
, 2
, 53
, 135
, 109
, 79
, 119
, 69
, 130
, 58
, 57
, 131
, 43
, 145
, 55
, 133
, 110
, 78
, 90
, 98
, 19
, 169
, 104
, 84
, 161
, 27
, 2
, 186
, 37
, 151
, 58
, 130
, 97
, 91
, 24
, 164
, 111
, 77
, 177
, 11
, 78
, 110
, 119
, 69
, 146
, 42
, 21
, 167
, 70
, 118
, 20
, 168
, 79
, 109
, 115
, 73
, 69
, 119
, 172
, 16
, 61
, 127
, 157
, 31
, 132
, 56
, 150
, 38
, 139
, 49
, 186
, 2
, 18
, 170
, 49
, 139
, 175
, 13
, 18
, 170
, 24
, 164
, 183
, 5
, 108
, 80
, 45
, 143
, 81
, 107
, 55
, 133
, 29
, 159
, 161
, 27
, 6
, 182
, 158
, 30
, 1
, 187
, 162
, 26
, 148
, 40
, 163
, 25
, 7
, 181
, 14
, 174
, 124
, 64
, 180
, 8
, 97
, 91
, 114
, 74
, 88
, 100
, 109
, 79
, 153
, 35
, 7
, 181
, 66
, 122
, 111
, 77
, 88
, 100
, 146
, 42
, 53
, 135
, 60
, 128
, 89
, 99
, 153
, 35
, 80
, 108
, 70
, 118
, 159
, 29
, 101
, 87
, 7
, 181
, 144
, 44
, 174
, 14
, 34
, 154
, 136
, 52
, 156
, 32
, 178
, 10
, 116
, 72
, 5
, 183
, 115
, 73
, 13
, 175
, 64
, 124
, 157
, 31
, 106
, 82
, 2
, 186
, 53
, 135
, 115
, 73
, 49
, 139
, 105
, 83
, 25
, 163
, 153
, 35
, 166
, 22
, 69
, 119
, 154
, 34
, 42
, 146
, 7
, 181
, 157
, 31
, 62
, 126
, 14
, 174
, 48
, 140
, 92
, 96
, 117
, 71
, 180
, 8
, 101
, 87
, 31
, 157
, 62
, 126
, 67
, 121
, 165
, 23
, 91
, 97
, 5
, 183
, 9
, 179
, 79
, 109
, 75
, 113
, 132
, 56
, 25
, 163
, 174
, 14
, 83
, 105
, 157
, 31
, 161
, 27
, 65
, 123
, 63
, 125
, 106
, 82
, 116
, 72
, 88
, 100
, 56
, 132
, 122
, 66
, 130
, 58
, 82
, 106
, 85
, 103
, 81
, 107
, 142
, 46
, 96
, 92
, 108
, 80
, 5
, 183
, 102
, 86
, 98
, 90
, 121
, 67
, 47
, 141
, 105
, 83
, 80
, 108
, 42
, 146
, 74
, 114
, 19
, 169
, 103
, 85
, 133
, 55
, 6
, 182
, 171
, 17
, 173
, 15
, 53
, 135
, 52
, 136
, 106
, 82
, 105
, 83
, 79
, 109
, 175
, 13
, 54
, 134
, 185
, 3
, 167
, 21
, 4
, 184
, 58
, 130
, 167
, 21
, 149
, 39
, 66
, 122
, 115
, 73
, 66
, 122
, 78
, 110
, 150
, 38
, 28
, 160
, 63
, 125
, 26
, 162
, 153
, 35
, 133
, 55
, 108
, 80
, 103
, 85
, 67
, 121
, 36
, 152
, 142
, 46
, 28
, 160
, 108
, 80
, 12
, 176
, 9
, 179
, 76
, 112
, 37
, 151
, 142
, 46
, 174
, 14
, 33
, 155
, 175
, 13
, 119
, 69
, 126
, 62
, 146
, 42
, 55
, 133
, 59
, 129
, 58
, 130
, 4
, 184
, 143
, 45
, 118
, 70
, 95
, 93
, 119
, 69
, 127
, 61
, 89
, 99
, 30
, 158
, 21
, 167
, 19
, 169
, 98
, 90
, 23
, 165
, 74
, 114
, 39
, 149
, 176
, 12
, 47
, 141
, 122
, 66
, 125
, 63
, 186
, 2
, 54
, 134
, 83
, 105
, 135
, 53
, 27
, 161
, 5
, 183
, 39
, 149
, 123
, 65
, 144
, 44
, 71
, 117
, 134
, 54
, 16
, 172
, 73
, 115
, 56
, 132
, 184
, 4
, 63
, 125
, 130
, 58
, 54
, 134
, 43
, 145
, 140
, 48
, 7
, 181
, 184
, 4
, 39
, 149
, 24
, 164
, 109
, 79
, 128
, 60
, 127
, 61
, 61
, 127
, 131
, 57
, 60
, 128
, 116
, 72
, 79
, 109
, 81
, 107
, 84
, 104
, 125
, 63
, 138
, 50
, 129
, 59
, 15
, 173
, 105
, 83
, 144
, 44
, 134
, 54
, 50
, 138
, 173
, 15
, 31
, 157
, 71
, 117
, 35
, 153
, 48
, 140
, 165
, 23
, 62
, 126
, 155
, 33
, 44
, 144
, 93
, 95
, 70
, 118
, 148
, 40
, 173
, 15
, 112
, 76
, 107
, 81
, 154
, 34
, 29
, 159
, 56
, 132
, 89
, 99
, 97
, 91
, 154
, 34
, 121
, 67
, 61
, 127
, 178
, 10
, 171
, 17
, 134
, 54
, 184
, 4
, 117
, 71
, 131
, 57
, 41
, 147
, 174
, 14
, 137
, 51
, 144
, 44
, 7
, 181
, 50
, 138
, 186
, 2
, 155
, 33
, 74
, 114
, 144
, 44
, 91
, 97
, 111
, 77
, 131
, 57
, 3
, 185
, 149
, 39
, 177
, 11
, 115
, 73
, 182
, 6
, 177
, 11
, 98
, 90
, 26
, 162
, 171
, 17
, 1
, 187
, 174
, 14
, 124
, 64
, 170
, 18
, 118
, 70
, 89
, 99
, 31
, 157
, 158
, 30
, 21
, 167
, 112
, 76
, 46
, 142
, 33
, 155
, 84
, 104
, 54
, 134
, 160
, 28
, 135
, 53
, 64
, 124
, 98
, 90
, 48
, 140
, 179
, 9
, 6
, 182
, 7
, 181
, 5
, 183
, 170
, 18
, 165
, 23
, 38
, 150
, 51
, 137
, 60
, 128
, 84
, 104
, 163
, 25
, 38
, 150
, 23
, 165
, 120
, 68
, 44
, 144
, 83
, 105
, 26
, 162
, 173
, 15
, 172
, 16
, 88
, 100
, 94
, 94
, 135
, 53
, 20
, 168
, 26
, 162
, 54
, 134
, 160
, 28
, 32
, 156
, 157
, 31
, 63
, 125
, 49
, 139
, 166
, 22
, 54
, 134
, 104
, 84
, 131
, 57
, 176
, 12
, 79
, 109
, 166
, 22
, 160
, 28
, 73
, 115
, 102
, 86
, 28
, 160
, 77
, 111
, 22
, 166
, 82
, 106
, 94
, 94
, 127
, 61
, 118
, 70
, 105
, 83
, 176
, 12
, 42
, 146
, 127
, 61
, 135
, 53
, 47
, 141
, 150
, 38
, 51
, 137
, 186
, 2
, 97
, 91
, 74
, 114
, 42
, 146
, 109
, 79
, 61
, 127
, 28
, 160
, 92
, 96
, 64
, 124
, 163
, 25
, 76
, 112
, 11
, 177
, 67
, 121
, 170
, 18
, 29
, 159
, 148
, 40
, 89
, 99
, 139
, 49
, 123
, 65
, 121
, 67
, 98
, 90
, 74
, 114
, 16
, 172
, 22
, 166
, 89
, 99
, 77
, 111
, 2
, 186
, 82
, 106
, 130
, 58
, 21
, 167
, 152
, 36
, 52
, 136
, 19
, 169
, 103
, 85
, 23
, 165
, 68
, 120
, 100
, 88
, 164
, 24
, 31
, 157
, 184
, 4
, 70
, 118
, 84
, 104
, 48
, 140
, 135
, 53
, 163
, 25
, 90
, 98
, 185
, 3
, 184
, 4
, 41
, 147
, 63
, 125
, 50
, 138
, 158
, 30
, 94
, 94
, 57
, 131
, 91
, 97
, 5
, 183
, 116
, 72
, 17
, 171
, 122
, 66
, 93
, 95
, 19
, 169
, 53
, 135
, 62
, 126
, 186
, 2
, 154
, 34
, 136
, 52
, 72
, 116
, 114
, 74
, 147
, 41
, 186
, 2
, 122
, 66
, 186
, 2
, 173
, 15
, 106
, 82
, 131
, 57
, 32
, 156
, 126
, 62
, 13
, 175
, 147
, 41
, 2
, 186
, 9
, 179
, 127
, 61
, 67
, 121
, 184
, 4
, 37
, 151
, 174
, 14
, 168
, 20
, 42
, 146
, 148
, 40
, 98
, 90
, 19
, 169
, 105
, 83
, 150
, 38
, 143
, 45
, 159
, 29
, 160
, 28
, 159
, 29
, 130
, 58
, 87
, 101
, 92
, 96
, 161
, 27
, 160
, 28
, 186
, 2
, 164
, 24
, 77
, 111
, 82
, 106
, 80
, 108
, 182
, 6
, 91
, 97
, 99
, 89
, 78
, 110
, 34
, 154
, 9
, 179
, 173
, 15
, 59
, 129
, 185
, 3
, 24
, 164
, 25
, 163
, 65
, 123
, 92
, 96
, 139
, 49
, 140
, 48
, 22
, 166
, 125
, 63
, 10
, 178
, 159
, 29
, 110
, 78
, 33
, 155
, 181
, 7
, 129
, 59
, 51
, 137
, 163
, 25
, 123
, 65
, 133
, 55
, 76
, 112
, 63
, 125
, 97
, 91
, 126
, 62
, 28
, 160
, 37
, 151
, 1
, 187
, 7
, 181
, 99
, 89
, 178
, 10
, 32
, 156
, 91
, 97
, 34
, 154
, 52
, 136
, 127
, 61
, 98
, 90
, 46
, 142
, 21
, 167
, 5
, 183
, 19
, 169
, 75
, 113
, 174
, 14
, 154
, 34
, 154
, 34
, 64
, 124
, 179
, 9
, 30
, 158
, 60
, 128
, 106
, 82
, 173
, 15
, 105
, 83
, 59
, 129
, 78
, 110
, 26
, 162
, 156
, 32
, 159
, 29
, 55
, 133
, 72
, 116
, 6
, 182
, 98
, 90
, 182
, 6
, 33
, 155
, 70
, 118
, 60
, 128
, 34
, 154
, 39
, 149
, 174
, 14
, 21
, 167
, 150
, 38
, 29
, 159
, 80
, 108
, 160
, 28
, 92
, 96
, 92
, 96
, 9
, 179
, 128
, 60
, 108
, 80
, 181
, 7
, 136
, 52
, 79
, 109
, 81
, 107
, 41
, 147
, 70
, 118
, 133
, 55
, 177
, 11
, 109
, 79
, 2
, 186
, 178
, 10
, 45
, 143
, 39
, 149
, 52
, 136
, 32
, 156
, 110
, 78
, 135
, 53
, 100
, 88
, 165
, 23
, 18
, 170
, 41
, 147
, 3
, 185
, 180
, 8
, 34
, 154
, 137
, 51
, 70
, 118
, 45
, 143
, 25
, 163
, 8
, 180
, 25
, 163
, 81
, 107
, 110
, 78
, 127
, 61
, 138
, 50
, 173
, 15
, 39
, 149
, 161
, 27
, 48
, 140
, 31
, 157
, 64
, 124
, 51
, 137
, 89
, 99
, 122
, 66
, 138
, 50
, 24
, 164
, 63
, 125
, 36
, 152
, 9
, 179
, 154
, 34
, 89
, 99
, 6
, 182
, 7
, 181
, 84
, 104
, 65
, 123
, 150
, 38
, 135
, 53
, 2
, 186
, 65
, 123
, 132
, 56
, 73
, 115
, 73
, 115
, 174
, 14
, 172
, 16
, 61
, 127
, 101
, 87
, 42
, 146
, 122
, 66
, 33
, 155
, 57
, 131
, 158
, 30
, 156
, 32
, 59
, 129
, 107
, 81
, 39
, 149
, 61
, 127
, 172
, 16
, 56
, 132
, 35
, 153
, 93
, 95
, 170
, 18
, 69
, 119
, 105
, 83
, 100
, 88
, 116
, 72
, 34
, 154
, 3
, 185
, 59
, 129
, 29
, 159
, 121
, 67
, 50
, 138
, 146
, 42
, 7
, 181
, 186
, 2
, 3
, 185
, 129
, 59
, 114
, 74
, 128
, 60
, 94
, 94
, 96
, 92
, 104
, 84
