
7375
443
701
276
337
333
415
241
601
854
319
140
492
139
532
997
660
361
249
735
140
943
679
957
501
657
756
150
451
893
931
510
169
932
716
864
252
424
681
520
158
292
918
627
438
218
618
187
138
163
312
831
667
501
901
896
394
933
789
601
659
635
935
521
942
167
495
251
734
245
875
866
924
265
692
810
892
355
758
760
651
834
889
964
733
126
349
117
957
626
343
837
269
906
999
372
993
257
291
403
700
308
742
707
658
372
994
154
219
434
513
686
794
302
498
674
890
974
460
837
859
335
862
823
770
850
789
666
461
1000
164
493
515
808
890
777
782
947
337
895
976
725
672
872
679
679
311
318
805
681
206
800
191
105
527
120
356
565
765
958
694
429
212
907
193
187
609
704
561
784
336
222
355
380
974
126
374
896
535
235
316
432
905
885
157
339
849
749
998
862
576
517
235
212
347
634
671
248
716
817
535
289
269
700
659
932
700
534
427
341
917
191
110
772
312
897
710
427
166
352
270
244
892
761
334
991
118
407
639
635
804
819
690
742
737
636
720
360
430
189
593
543
381
415
411
286
291
733
573
610
979
141
315
127
847
725
955
923
201
562
342
787
174
157
383
585
354
314
610
406
153
355
828
761
512
762
342
451
918
954
877
559
236
600
790
264
942
821
663
909
271
729
621
938
161
125
893
508
984
330
821
313
358
344
636
529
946
781
129
870
282
680
347
359
529
669
460
194
549
753
736
329
779
495
171
677
411
419
191
161
846
399
281
642
253
146
123
295
431
196
788
721
658
436
116
707
350
349
819
925
902
455
405
334
608
809
427
432
303
265
215
431
755
836
126
441
441
862
979
103
645
818
614
950
425
863
832
816
932
955
328
286
659
409
325
803
752
456
772
147
111
379
901
749
430
131
476
859
186
348
603
702
854
838
266
963
987
359
441
861
156
806
660
480
723
447
760
201
773
250
581
908
504
891
371
779
618
241
668
443
652
918
391
316
309
514
215
353
577
424
250
406
445
752
881
324
226
696
740
888
998
371
689
167
659
202
230
754
521
248
584
759
592
938
881
218
235
778
934
187
850
562
257
302
422
880
178
444
991
256
156
382
176
436
147
808
127
559
224
426
851
749
562
727
773
970
232
313
239
422
622
516
835
740
229
478
988
870
707
578
402
979
847
822
237
817
557
647
880
798
559
417
421
149
577
212
485
437
241
933
264
725
196
525
851
575
428
387
964
829
534
745
573
349
331
258
732
516
710
412
361
979
267
919
412
792
805
583
975
978
939
460
425
343
617
497
864
445
337
911
826
881
373
218
857
305
777
349
905
174
292
883
247
215
822
213
300
342
670
908
329
284
524
206
241
868
957
659
949
542
934
595
173
323
650
899
110
478
894
137
794
911
209
637
390
990
501
803
705
820
959
195
256
263
397
182
850
778
770
447
882
876
912
467
604
212
818
851
476
821
518
133
619
656
701
932
574
520
617
227
589
298
614
546
288
121
108
291
415
170
671
924
129
217
685
484
455
815
728
578
526
798
704
262
404
496
204
811
600
590
542
238
902
876
272
592
815
466
462
357
420
579
679
670
770
756
576
517
363
958
570
537
296
191
120
242
315
553
225
312
645
188
122
914
517
842
607
765
206
307
201
494
712
683
200
239
153
835
353
814
812
133
865
338
881
566
946
872
537
286
431
984
997
619
151
156
715
757
862
901
541
200
632
749
831
698
986
404
638
704
641
687
294
441
698
522
404
253
518
780
112
483
944
294
271
562
645
881
498
373
493
767
259
654
995
946
811
735
773
183
350
247
135
212
986
500
568
479
902
725
659
697
260
154
741
917
113
967
210
370
152
584
902
119
975
898
738
775
209
490
910
118
864
600
654
251
511
983
723
466
694
228
249
596
635
975
305
834
423
743
998
175
824
451
999
479
126
556
427
574
645
476
501
858
820
306
814
883
624
774
681
650
499
478
763
875
385
630
238
154
280
399
514
551
864
927
904
636
366
993
185
314
349
294
755
178
870
651
302
358
843
900
536
373
296
404
169
297
802
687
433
493
788
721
636
267
222
270
332
579
493
770
191
206
702
393
762
309
420
526
672
195
951
147
772
630
534
792
298
963
204
492
472
761
184
961
539
610
607
257
516
481
291
224
180
288
821
336
146
426
443
106
962
378
729
681
671
898
356
249
798
300
731
190
264
238
870
815
166
267
548
103
233
762
658
474
460
968
701
490
522
971
171
210
664
708
544
321
163
961
511
377
295
402
900
894
409
319
779
526
603
830
338
676
253
541
981
942
894
281
401
775
335
907
923
462
647
891
220
277
641
670
957
972
478
620
212
737
447
688
963
781
559
793
960
981
571
613
852
954
714
176
346
723
185
946
335
673
581
758
614
908
479
156
747
477
173
239
397
826
375
904
890
364
590
663
999
695
563
603
976
993
945
792
334
621
866
237
178
496
818
853
534
830
761
888
809
234
890
170
379
438
347
694
656
999
979
314
428
386
488
834
411
539
998
378
205
297
859
348
365
778
199
810
368
382
674
150
266
259
206
838
272
832
857
338
250
618
493
497
535
546
453
703
204
141
659
251
535
906
142
806
987
655
726
539
332
501
582
667
143
112
634
827
486
563
863
243
468
225
807
644
548
496
751
710
661
963
391
763
383
396
458
753
371
592
488
447
750
348
906
441
215
323
188
480
743
131
911
210
671
117
222
343
148
507
447
540
520
100
797
345
384
224
300
993
895
749
742
269
601
767
563
261
305
278
611
921
226
629
568
936
836
466
565
361
846
780
283
486
973
753
977
656
486
487
880
980
397
523
810
930
939
498
403
451
308
986
886
353
370
933
101
487
687
822
122
904
331
841
924
498
859
359
458
427
950
300
854
238
441
989
502
339
757
668
690
957
946
640
994
733
951
825
882
919
855
388
210
678
191
572
683
777
703
971
656
432
359
422
273
534
838
712
261
407
384
589
584
997
853
717
727
841
404
808
374
936
797
857
227
922
711
190
968
355
929
238
736
899
888
970
988
833
860
819
892
975
280
314
439
793
490
401
247
525
687
637
689
872
931
615
524
352
974
631
757
277
613
290
981
746
607
792
227
891
798
542
779
435
552
926
629
993
957
290
627
718
680
923
275
683
674
556
879
329
334
240
211
424
732
769
169
380
504
142
732
473
426
851
330
620
533
423
165
289
646
268
903
752
351
129
824
222
954
877
534
189
587
132
597
164
765
756
996
757
404
511
417
476
482
823
668
368
606
492
132
414
972
437
848
414
401
937
903
666
613
765
486
353
695
973
281
984
893
393
348
116
909
751
884
906
517
778
282
747
944
952
775
979
407
393
135
911
711
413
754
953
297
654
560
887
433
452
1000
670
515
214
933
894
972
832
661
134
519
204
982
133
973
327
804
114
719
892
715
107
920
161
147
723
745
264
403
657
692
639
279
777
988
246
267
982
619
584
543
821
794
451
336
645
447
647
466
623
179
550
328
851
793
946
643
385
735
199
511
210
324
966
546
816
818
668
849
494
253
198
405
863
128
481
240
741
903
553
392
755
650
130
571
610
710
993
823
260
794
918
306
108
779
559
416
519
850
774
823
105
680
316
858
525
220
806
286
470
488
218
919
431
748
546
531
394
147
617
123
435
767
213
442
763
723
839
934
843
250
458
842
102
370
200
212
913
637
318
198
884
360
812
457
678
829
469
372
384
882
970
900
366
347
726
461
462
455
873
948
232
301
551
586
551
575
399
728
744
360
369
745
256
796
619
887
979
250
519
988
500
602
339
450
955
550
631
467
350
261
107
795
841
323
139
660
497
777
843
265
842
349
741
261
237
895
593
419
733
667
708
976
841
592
130
804
953
282
278
667
711
607
285
774
557
380
359
638
665
288
919
826
640
905
325
129
462
482
350
498
306
777
800
688
588
281
811
944
900
425
304
877
149
176
126
539
239
190
476
417
919
137
116
201
521
896
573
380
277
402
158
281
811
299
906
279
240
230
875
288
936
525
411
285
202
453
263
901
156
472
647
130
286
786
584
684
144
185
500
787
157
247
903
142
512
366
948
231
818
139
515
396
100
723
448
686
631
546
743
289
486
764
623
628
834
261
353
302
392
135
995
798
517
402
716
127
953
204
461
383
694
398
488
174
935
311
238
996
872
241
630
897
149
392
961
862
109
874
287
190
597
941
571
851
593
513
545
157
236
822
674
325
784
491
263
262
113
931
411
534
181
394
578
233
547
811
703
408
438
111
159
392
919
483
729
988
364
437
642
128
100
405
593
843
956
229
841
623
131
657
271
248
505
170
833
792
976
272
465
325
113
640
866
674
900
782
145
845
210
980
588
466
781
403
756
805
424
412
375
262
612
669
946
956
129
735
248
333
357
881
694
485
412
453
207
916
263
580
141
912
474
624
937
537
416
308
901
643
266
906
759
739
975
822
534
519
571
105
263
795
776
639
167
147
935
100
577
969
294
546
141
613
374
767
562
528
959
848
946
205
404
454
909
450
186
316
533
108
347
370
587
185
847
805
732
174
493
852
871
286
438
155
719
805
222
749
491
492
609
309
178
111
891
935
227
452
827
175
696
940
829
517
172
813
460
996
161
931
629
337
992
965
295
493
863
697
313
255
625
641
759
104
662
745
785
812
364
118
152
343
730
819
111
937
436
898
281
342
782
521
828
648
584
338
798
944
133
908
520
140
792
344
667
563
592
761
193
830
905
422
425
774
631
186
559
426
329
950
537
371
212
695
880
848
777
224
867
209
419
362
810
186
822
590
878
534
333
540
253
717
130
521
599
747
133
394
846
236
413
607
507
519
243
239
750
921
425
606
579
865
431
720
292
634
399
811
637
852
383
609
603
814
220
550
824
420
416
527
722
191
903
705
185
767
343
752
932
193
752
489
498
139
512
766
724
412
124
285
658
742
665
296
435
945
310
302
459
478
419
179
905
336
372
449
810
701
202
951
846
950
998
319
299
924
728
551
402
710
780
507
616
755
511
647
987
973
741
722
487
155
195
189
928
946
849
228
799
342
396
476
310
685
207
763
722
513
364
704
366
126
942
358
302
698
578
968
574
304
790
704
717
444
839
687
189
580
977
733
266
385
515
671
368
297
932
378
162
503
986
352
264
946
355
368
758
231
956
409
379
876
910
590
181
402
690
834
343
422
777
356
746
266
861
659
108
513
833
688
222
480
556
740
812
372
399
912
505
292
400
409
561
850
605
574
210
857
361
688
664
608
984
653
699
863
773
910
288
263
451
718
758
910
688
607
210
590
438
698
910
661
646
456
165
769
521
194
325
820
653
486
555
921
939
273
952
472
641
584
722
877
593
729
442
232
391
568
140
479
105
641
438
826
678
430
898
371
330
135
465
444
110
354
199
871
657
894
294
933
405
982
205
755
325
118
503
635
577
524
889
166
550
666
415
853
977
695
411
174
999
365
436
439
851
879
322
339
313
643
672
903
579
165
551
129
266
863
838
723
947
376
808
859
293
848
314
491
793
866
646
851
947
739
492
808
706
475
842
454
819
121
968
221
651
972
241
794
689
840
445
272
447
715
891
267
563
855
166
742
811
127
674
747
443
735
168
783
985
785
572
138
881
519
802
491
717
435
870
199
863
629
441
789
262
781
415
695
737
130
642
740
994
160
359
446
844
498
687
438
998
809
633
283
701
221
657
993
999
369
931
570
517
469
511
416
151
219
414
517
570
535
739
911
760
720
237
944
436
859
814
708
875
737
368
459
665
954
804
689
644
935
504
153
364
828
269
314
326
276
680
744
926
213
767
134
197
373
142
379
322
960
132
276
999
583
639
704
437
294
511
460
328
799
988
483
241
151
320
248
618
853
709
135
750
930
155
200
244
200
877
264
401
872
456
716
519
986
501
634
718
750
119
539
101
626
128
681
383
553
156
781
700
923
115
227
524
956
211
874
828
607
825
222
320
533
772
763
649
541
923
698
676
924
992
940
927
715
719
490
806
992
603
706
598
423
390
377
253
436
741
766
396
569
918
310
851
978
179
124
255
134
972
378
848
125
567
882
984
819
910
322
843
435
243
103
364
486
829
880
176
923
887
422
986
417
924
827
594
657
531
591
217
925
756
402
784
587
986
541
208
486
933
680
251
268
537
292
995
538
412
826
572
582
889
913
469
618
324
990
562
416
425
479
101
427
431
496
514
596
482
228
890
223
779
659
491
874
692
605
517
575
441
141
379
595
363
837
873
313
501
757
363
366
221
288
406
851
351
551
449
948
226
560
928
294
226
248
562
216
442
423
908
338
316
121
442
691
323
531
203
565
606
267
635
800
707
564
615
547
766
431
520
186
791
824
488
271
441
753
485
482
909
738
783
236
226
531
876
483
267
765
378
550
559
554
189
550
358
930
120
614
386
779
577
463
187
796
956
363
692
779
464
270
658
707
557
325
894
405
825
888
601
493
585
203
917
895
481
936
996
161
339
776
191
285
645
172
318
415
490
861
765
115
174
215
990
398
209
293
652
112
231
521
293
494
296
202
218
874
836
934
890
661
601
429
483
191
781
160
367
691
376
446
396
811
465
488
864
148
337
717
810
765
349
184
164
996
444
813
430
920
381
119
615
292
911
199
782
670
986
703
665
345
404
842
520
979
806
545
306
220
350
348
456
336
979
406
848
463
406
166
421
553
782
104
457
981
367
810
225
852
508
700
408
945
343
677
394
768
238
712
285
621
183
964
921
223
305
762
391
249
581
838
747
761
535
217
304
120
685
501
952
158
672
294
336
302
377
816
244
784
429
968
815
964
492
296
383
613
563
136
875
333
699
581
900
494
262
207
657
736
381
772
867
856
220
721
636
538
723
928
450
791
154
123
641
750
271
559
742
743
428
800
596
196
885
338
293
457
834
921
734
232
376
842
668
853
253
391
274
967
465
277
290
487
356
631
650
642
894
379
313
203
877
820
336
319
273
451
390
402
541
550
578
344
424
175
807
225
348
219
401
789
917
453
774
998
223
377
559
256
683
447
717
481
631
995
808
721
483
105
501
944
307
130
666
877
621
135
823
120
641
115
665
851
801
235
432
405
428
719
193
155
383
538
677
430
789
812
359
944
421
574
705
236
230
106
877
630
341
157
297
627
462
227
994
600
150
643
420
752
829
885
316
849
722
366
426
813
294
842
838
425
254
867
781
305
584
680
473
240
218
843
515
469
453
107
847
764
613
659
481
871
409
967
345
911
461
433
602
562
845
146
940
346
137
407
802
970
196
896
132
274
647
141
279
451
819
559
279
356
387
230
238
220
630
446
641
206
801
252
736
448
123
718
818
277
105
388
542
213
158
619
694
416
418
676
893
704
964
160
870
639
408
616
472
375
701
775
216
612
468
659
159
514
837
189
113
589
158
263
227
725
918
298
366
321
334
776
180
900
997
582
647
882
417
585
563
345
296
182
419
293
508
495
580
222
455
754
732
341
170
128
803
718
323
896
659
421
389
318
103
869
192
159
496
344
541
243
506
932
303
727
386
542
569
389
939
112
258
225
513
508
426
937
402
718
372
162
135
136
361
755
630
158
208
348
859
470
707
417
241
990
985
392
710
829
373
517
404
119
965
109
810
358
815
788
484
241
337
613
618
759
635
543
200
821
916
908
532
600
827
975
388
345
493
783
678
336
878
172
876
514
631
116
489
678
514
144
570
667
732
430
171
741
375
986
703
890
848
336
751
330
846
181
274
200
498
460
641
148
515
292
556
405
243
928
707
470
106
645
236
311
420
798
294
348
468
865
401
102
406
432
494
283
142
922
690
914
661
172
237
688
988
203
641
846
480
191
377
865
892
853
466
115
969
455
658
999
216
246
333
576
196
565
231
326
391
797
892
713
259
298
769
930
136
706
228
149
294
892
843
889
663
385
886
463
136
590
105
467
828
570
328
692
300
333
140
972
311
864
790
248
389
280
696
754
332
133
829
225
899
193
377
906
109
756
198
615
710
498
996
115
219
581
349
299
599
791
465
150
237
797
194
383
632
497
932
988
666
636
480
188
297
993
605
961
864
350
637
547
103
102
270
768
899
219
131
965
165
486
839
568
194
561
395
365
523
203
680
399
599
496
230
609
455
929
107
855
990
556
451
209
853
650
281
142
347
854
750
573
109
196
296
701
473
873
682
213
804
295
606
886
502
439
326
344
321
301
111
966
545
140
836
484
781
780
115
987
222
250
959
366
505
801
977
215
306
487
415
809
883
853
215
570
568
405
927
914
212
837
893
753
376
220
352
709
397
150
657
775
471
546
137
676
225
778
117
616
508
615
518
276
932
620
208
547
632
360
749
108
184
317
137
137
169
822
256
834
521
650
780
777
630
490
142
538
516
948
890
133
107
340
540
881
179
812
233
493
959
173
333
502
836
975
206
181
728
358
618
827
867
956
192
296
221
460
132
890
135
406
439
877
619
269
209
549
595
197
121
121
216
185
485
595
863
827
791
151
446
289
911
765
913
473
950
726
444
136
111
451
602
725
356
149
897
151
348
893
184
416
800
454
231
719
323
172
478
915
881
720
867
894
657
734
745
395
507
175
656
679
684
904
673
690
343
996
566
202
600
901
610
820
516
625
423
977
621
924
678
511
523
691
386
955
881
446
322
965
271
271
548
874
910
365
323
644
494
944
754
939
377
908
683
378
965
542
155
409
513
972
758
302
349
769
156
564
869
166
957
861
263
345
891
282
150
128
539
313
862
572
450
858
489
435
546
562
491
709
734
496
708
326
124
360
304
200
846
402
723
606
301
919
488
336
639
758
630
821
684
566
825
382
364
783
162
231
113
126
778
906
444
719
219
291
886
647
502
680
353
369
481
375
443
100
1000
594
253
438
891
137
902
420
730
824
359
563
831
654
749
262
200
698
502
649
154
334
819
798
775
865
319
369
860
377
397
505
737
678
782
905
844
828
208
232
482
691
604
234
104
805
598
608
415
234
701
610
645
764
328
265
229
166
125
891
863
780
489
688
369
547
465
233
525
140
577
795
679
171
114
153
448
654
702
165
657
548
924
315
993
709
574
295
334
979
140
106
797
950
332
392
339
535
857
969
451
178
786
893
322
608
269
410
202
543
163
319
881
494
148
615
266
681
128
504
760
321
428
227
382
120
445
989
791
429
425
532
798
680
500
216
288
851
495
246
943
927
422
132
408
943
632
875
375
967
288
488
848
248
615
126
389
612
926
752
969
440
988
985
636
119
423
762
420
678
755
649
416
228
699
192
456
518
165
325
292
336
481
598
460
159
962
297
285
944
969
914
464
181
336
994
214
204
289
551
583
548
116
587
939
807
708
949
417
702
600
279
715
606
997
611
755
352
363
198
271
201
953
305
412
236
659
163
729
208
907
258
182
762
316
446
369
419
249
479
476
663
141
275
592
557
209
307
198
594
728
579
150
576
321
154
518
165
981
651
755
140
348
598
766
527
532
184
365
148
737
252
411
769
509
515
672
236
705
212
897
464
435
739
164
631
727
204
437
910
204
183
979
890
206
727
777
618
274
931
434
666
1000
839
849
629
564
701
148
878
704
658
396
344
120
690
909
525
989
776
771
824
828
390
971
688
549
241
560
177
559
549
715
195
435
754
476
784
783
725
514
931
211
519
131
621
737
165
832
814
706
989
451
543
897
858
234
435
710
610
903
598
780
757
924
874
386
984
839
810
344
339
252
465
173
491
966
279
275
621
522
285
299
723
209
934
235
707
990
602
129
494
732
780
600
275
392
588
893
103
191
647
300
740
267
404
697
958
700
685
195
382
953
289
937
999
557
138
614
771
146
463
868
485
493
140
276
510
742
772
701
656
268
942
519
792
304
480
309
638
531
308
364
155
973
857
539
774
778
157
587
678
453
462
613
761
683
184
137
917
891
249
441
720
928
850
944
463
453
394
279
707
418
765
889
700
207
893
351
208
936
697
114
732
956
631
746
339
327
264
646
952
696
429
195
339
653
292
801
742
565
267
445
937
954
707
348
740
266
109
604
780
584
809
233
705
201
547
689
258
854
978
801
833
816
177
728
598
196
264
912
396
270
508
758
1000
310
266
309
205
749
161
253
454
904
514
668
327
931
617
726
281
119
984
308
155
950
320
984
543
937
274
296
548
110
764
164
140
922
788
650
157
636
359
772
688
721
703
692
399
316
912
952
213
682
885
858
165
596
693
578
905
762
836
366
171
424
165
376
350
895
235
687
235
679
629
244
257
859
417
803
927
450
924
374
554
958
474
512
459
313
456
784
463
601
672
670
622
548
316
828
671
536
732
839
728
450
943
691
809
744
663
375
400
352
734
204
664
597
484
397
932
639
196
782
916
687
224
309
145
424
719
452
705
789
688
391
728
203
835
128
229
470
548
896
464
694
992
614
254
894
160
202
340
874
815
872
559
604
257
710
802
106
221
133
644
732
968
748
576
557
642
553
419
407
976
834
251
858
631
535
284
582
780
740
700
652
605
991
469
213
847
774
852
677
647
915
862
330
215
687
620
722
148
924
765
176
917
766
118
116
978
872
502
894
785
284
471
546
409
209
672
835
767
974
691
787
422
680
281
478
639
885
457
259
455
101
421
645
836
312
553
224
887
825
424
980
561
215
998
477
141
902
587
341
428
398
807
807
581
989
675
371
386
611
107
525
804
479
831
239
665
839
341
576
334
931
871
907
986
928
538
403
959
343
512
483
565
373
709
777
776
671
711
296
101
805
971
357
671
610
926
346
851
540
640
767
551
375
427
455
729
461
444
272
555
249
370
596
277
688
711
193
253
454
123
936
164
766
524
103
544
339
589
837
447
456
226
939
726
716
413
879
609
963
396
279
918
402
319
518
367
532
971
697
647
649
196
364
779
465
631
673
418
711
191
334
674
965
483
275
482
535
752
894
680
645
739
138
369
919
609
362
973
882
236
751
886
166
892
510
675
709
525
374
913
995
933
212
477
811
649
654
502
548
716
312
263
527
204
564
516
628
649
660
772
718
276
344
501
967
364
803
474
940
446
487
362
952
223
482
147
923
314
748
117
977
718
991
728
479
401
211
615
915
541
840
409
958
315
916
405
202
922
417
177
269
176
364
937
186
649
534
161
361
149
160
298
157
762
288
460
459
577
980
522
646
695
288
315
668
555
566
503
667
680
433
692
430
118
586
594
533
219
482
574
250
610
517
496
928
650
608
407
293
821
496
790
976
389
737
645
967
666
119
279
455
910
514
155
535
216
211
655
231
203
102
932
575
768
929
938
334
232
497
533
281
276
377
899
447
477
472
657
592
690
176
381
874
639
162
734
803
761
720
803
785
125
510
505
757
134
231
823
701
470
753
542
963
518
880
671
522
865
467
776
272
145
146
813
260
404
981
208
575
510
171
407
416
453
881
153
819
165
676
856
568
139
175
915
322
376
259
893
167
353
818
180
350
691
954
948
718
806
201
347
168
813
268
993
540
885
665
918
625
553
315
336
925
137
307
400
154
929
538
917
210
608
316
136
493
872
868
281
500
926
294
781
352
481
350
732
435
719
342
568
876
997
383
830
657
718
835
991
132
886
799
914
964
429
226
732
229
438
404
675
165
557
953
942
958
971
561
144
395
928
289
485
176
197
671
363
985
399
293
893
517
369
678
342
206
572
720
551
211
472
476
405
446
441
962
769
540
149
245
859
482
114
777
916
941
215
932
614
755
213
831
613
873
287
151
983
259
350
220
786
741
790
915
784
158
677
785
396
114
519
207
331
515
691
799
159
819
771
125
582
425
756
554
776
153
971
238
177
484
711
120
660
886
532
316
353
323
280
522
923
984
564
552
504
654
589
687
792
104
847
183
487
138
955
455
571
987
739
848
630
188
255
793
719
335
628
790
403
814
268
550
783
791
917
623
483
776
400
283
950
462
717
468
403
658
608
480
108
598
336
342
843
652
181
303
546
414
820
786
503
941
180
410
493
877
969
461
278
633
533
899
131
417
623
933
253
256
256
550
138
618
327
890
700
956
518
340
816
175
520
830
995
850
496
659
765
967
582
243
768
839
506
575
250
875
763
332
142
622
832
552
258
366
581
710
154
911
946
466
607
777
665
112
573
973
951
172
660
868
852
813
163
335
398
248
529
208
825
696
659
985
913
486
527
515
910
327
842
216
436
418
989
155
153
711
218
778
120
404
898
539
146
633
864
622
169
902
421
525
822
692
226
965
504
841
858
670
527
791
566
951
641
997
747
657
789
857
275
266
301
901
554
149
516
304
254
993
600
627
971
271
364
417
186
465
706
124
802
934
134
598
859
597
460
679
558
568
576
234
639
536
302
193
885
349
408
376
677
806
502
433
284
907
453
122
474
502
687
576
489
175
305
175
412
979
856
672
387
325
132
804
318
898
745
292
458
362
108
102
993
636
247
668
775
117
451
427
316
943
851
691
780
222
467
956
709
782
384
995
200
243
936
138
864
297
533
401
781
532
547
465
298
684
529
275
336
227
739
213
196
467
413
144
762
460
886
824
527
418
334
1000
510
660
552
367
811
480
768
423
119
718
572
339
463
131
576
145
682
318
441
531
499
666
451
404
391
553
341
506
424
406
993
126
950
271
372
461
332
142
242
217
930
359
853
324
103
416
106
959
948
781
835
527
430
772
442
522
572
511
481
782
488
807
568
264
173
105
809
423
774
866
575
450
304
630
843
260
458
722
152
832
954
600
948
740
212
966
447
761
725
910
158
558
739
215
485
198
963
872
627
838
779
308
182
960
218
919
633
790
171
478
259
855
549
398
579
775
198
583
434
939
140
409
813
332
269
671
258
971
976
606
724
576
861
847
818
102
899
279
411
681
600
258
470
422
761
795
326
811
585
870
195
467
871
977
873
836
761
782
441
885
740
995
744
531
578
609
845
869
747
433
728
889
1000
527
237
286
139
397
813
693
436
530
363
542
859
553
855
677
762
781
580
574
385
807
672
156
128
809
187
582
637
708
771
113
657
443
842
854
209
632
968
141
730
762
409
370
590
238
482
762
728
641
331
574
130
983
274
821
208
325
174
379
558
632
325
293
105
365
922
340
906
506
203
945
938
560
438
902
914
910
804
349
816
536
155
853
845
220
642
596
326
987
970
758
893
338
467
955
658
377
768
403
478
997
357
277
873
325
509
113
508
324
166
423
601
226
362
182
392
299
557
645
286
299
753
729
714
928
109
539
581
563
241
827
346
289
860
507
161
251
138
650
881
707
197
342
511
633
995
908
803
538
449
696
154
227
600
854
962
897
502
894
769
734
405
818
140
771
565
319
859
851
518
698
660
989
664
696
216
298
333
276
933
388
632
786
650
489
897
968
644
668
788
422
497
450
252
531
444
915
744
696
682
511
371
204
228
102
288
627
117
963
867
380
212
637
459
865
943
982
672
363
465
743
836
863
626
897
959
570
849
831
215
705
567
935
373
367
284
158
898
233
802
848
991
254
198
844
875
448
116
237
416
593
267
497
297
286
555
685
462
651
466
510
752
863
304
136
185
480
363
164
301
179
840
740
550
376
463
772
835
470
309
144
933
121
491
715
283
584
899
128
357
465
483
817
343
744
285
120
392
269
550
924
723
925
132
515
245
999
491
543
848
314
561
540
147
364
130
287
297
320
532
813
936
834
274
235
575
182
783
542
148
121
102
600
300
383
163
311
731
764
292
178
129
595
484
492
257
833
362
205
396
848
986
380
423
266
808
880
357
188
477
669
340
253
890
614
237
191
391
287
182
438
658
766
826
719
803
167
284
208
762
353
339
713
126
153
706
602
399
398
472
683
577
560
365
370
550
385
876
771
298
415
148
849
686
236
237
684
307
907
517
476
616
844
268
117
407
657
334
744
532
309
517
765
423
137
538
834
202
186
780
943
163
215
187
245
148
926
755
295
134
367
851
749
891
862
657
536
444
775
721
613
366
377
960
223
868
552
314
791
720
184
330
756
536
442
740
796
437
253
423
117
711
817
712
218
664
651
170
233
212
936
346
694
647
265
207
963
655
610
199
958
723
539
320
143
340
205
255
386
264
252
839
762
158
810
418
666
291
254
154
779
704
205
659
572
122
149
964
245
425
657
246
957
613
835
951
395
298
936
427
378
635
720
728
814
585
319
253
331
883
587
750
454
285
890
599
830
476
401
201
317
488
232
161
465
829
114
288
728
799
261
433
908
729
373
427
962
649
349
276
370
539
689
841
162
724
802
850
430
814
267
349
650
478
728
514
531
768
486
618
869
753
490
758
752
677
972
748
233
795
689
508
845
403
745
536
999
959
360
804
317
778
700
920
621
872
502
947
308
971
516
263
177
292
913
525
714
412
556
232
822
459
418
953
751
427
810
110
931
251
408
983
865
913
987
741
308
612
662
429
381
892
705
275
922
176
667
886
459
827
372
606
257
837
955
848
230
562
335
886
185
134
830
145
633
969
318
935
891
622
106
770
939
215
189
480
312
196
774
212
198
369
690
572
837
818
588
837
576
101
486
997
273
750
303
465
908
554
365
578
677
642
158
459
268
325
647
112
998
468
371
733
339
750
883
916
160
593
498
874
247
753
898
566
601
174
591
587
655
976
846
296
346
650
144
697
875
712
269
780
392
613
208
220
409
343
324
957
918
182
205
725
669
849
868
221
166
420
145
570
434
203
943
240
126
302
611
707
919
699
992
148
426
691
105
414
620
600
953
674
602
555
431
623
691
383
438
198
423
191
424
279
537
629
803
986
642
726
157
808
597
246
908
786
151
131
573
570
257
439
186
935
613
307
377
983
785
504
758
683
304
511
934
452
294
556
505
410
421
976
529
275
276
762
258
932
910
698
297
260
579
508
939
629
924
796
427
179
613
191
522
396
443
729
851
286
239
881
800
568
728
765
343
128
873
111
764
261
366
727
403
779
517
387
731
878
902
362
716
171
673
770
872
766
916
480
429
424
140
946
789
284
650
705
554
383
337
464
582
256
672
558
336
219
148
104
156
554
812
474
237
863
920
714
786
162
936
305
890
492
575
187
773
313
434
906
477
644
601
269
370
461
521
388
578
660
246
428
822
201
675
953
877
153
950
270
880
494
633
760
510
690
923
649
854
969
167
253
186
960
677
485
592
166
808
534
134
743
646
947
253
206
547
555
598
455
923
911
259
843
512
624
516
253
442
197
725
149
328
836
441
795
431
315
499
554
767
650
228
661
114
546
349
800
987
613
755
939
450
277
942
313
475
804
911
108
901
509
676
825
588
915
944
331
866
837
743
579
110
372
436
415
827
694
260
931
428
953
888
517
166
926
275
515
142
269
338
652
267
302
978
790
517
544
110
189
138
959
331
200
999
411
648
784
618
841
579
357
554
179
255
888
391
329
876
570
819
354
501
939
501
150
402
992
368
412
843
152
478
732
232
396
248
267
807
249
453
902
687
170
920
621
526
646
665
334
155
575
981
314
557
149
223
734
902
921
921
123
474
974
526
425
422
908
622
670
526
409
559
295
686
145
845
200
786
253
458
498
521
443
813
243
617
374
321
882
807
967
488
301
981
663
802
355
870
195
664
904
433
432
961
481
297
401
643
672
993
985
629
573
891
127
109
767
310
845
845
765
871
573
602
474
449
935
101
833
487
191
938
576
643
828
915
861
381
920
406
374
636
403
186
467
183
1000
971
933
637
880
224
993
789
125
352
703
263
657
805
577
993
239
630
554
216
450
547
786
427
749
534
690
595
164
682
445
661
101
291
795
261
584
659
378
469
103
599
529
509
324
307
316
946
241
143
382
888
449
162
564
205
432
953
580
554
242
601
390
265
181
136
436
588
744
836
654
903
686
741
935
987
997
673
215
461
493
524
785
153
875
237
344
962
586
673
497
497
459
381
688
786
700
1000
373
981
701
965
757
971
349
474
309
291
138
997
940
710
856
979
217
890
428
340
982
236
792
257
319
289
821
427
414
818
891
628
209
767
966
906
702
515
150
385
837
734
985
779
499
111
859
578
268
509
401
270
556
584
840
286
362
840
698
347
740
747
590
137
267
294
826
993
656
797
446
637
766
527
307
208
693
563
917
666
280
598
625
454
424
291
450
847
619
687
836
686
279
282
124
100
963
172
507
824
736
419
862
560
355
549
614
581
454
417
590
767
521
838
769
534
952
271
691
309
805
911
792
976
111
592
534
312
756
773
599
564
938
862
589
895
711
423
793
359
647
446
595
259
661
822
566
640
522
419
627
103
316
662
578
334
375
920
229
422
897
226
910
714
538
921
765
876
145
438
888
318
782
571
435
557
426
493
408
376
245
460
717
392
231
883
308
847
572
101
298
149
302
516
448
775
643
293
938
346
365
151
117
901
953
436
299
964
349
151
535
959
845
862
779
480
861
965
389
910
153
628
499
192
938
114
195
985
706
754
731
422
232
425
727
437
439
529
735
337
178
537
785
489
857
342
564
768
618
284
869
406
818
388
928
864
887
357
303
964
113
849
678
984
333
876
445
285
525
292
933
125
440
881
129
319
711
993
600
140
717
828
761
519
578
788
457
267
469
178
610
893
288
581
653
277
767
452
565
954
399
350
126
918
134
392
667
577
273
949
551
112
702
571
802
200
953
160
173
242
627
590
524
557
249
744
738
490
140
314
276
470
645
740
538
324
896
549
342
476
101
925
391
119
766
342
747
360
761
570
224
190
243
845
844
229
551
893
687
564
431
606
194
568
462
662
50
51
52
52
52
52
52
53
53
54
54
54
54
54
54
55
56
56
56
56
56
57
57
57
57
57
57
57
57
57
58
58
58
58
59
59
59
59
60
61
61
61
61
61
62
62
62
62
64
64
64
65
65
65
66
66
66
66
66
67
68
68
68
68
68
68
68
69
69
69
69
70
70
70
70
70
71
71
71
71
72
72
72
72
72
73
73
73
73
74
74
74
74
75
75
76
76
76
76
77
77
77
77
77
78
78
79
79
79
79
79
79
80
80
80
80
81
81
81
82
82
82
83
83
83
84
84
84
85
85
86
87
87
87
87
87
88
88
89
89
89
90
90
91
91
91
91
91
92
92
93
93
93
94
95
95
95
96
96
97
97
97
97
97
98
98
98
98
99
99
99
99
99
100
101
101
101
101
102
102
103
103
103
103
103
104
104
104
104
104
104
105
105
106
106
106
106
107
107
108
108
108
109
109
109
109
109
110
110
111
111
112
112
112
112
112
113
113
113
113
113
113
114
114
114
114
115
116
116
116
116
117
117
117
117
117
118
118
118
119
119
120
121
121
121
122
122
122
122
122
122
123
123
123
124
124
124
125
125
125
125
126
126
126
127
127
127
127
127
127
127
128
128
128
129
129
129
129
129
129
129
129
130
130
131
131
131
131
131
133
133
133
134
136
136
136
136
137
137
137
137
138
139
139
139
139
139
140
140
140
140
141
142
144
144
145
145
145
145
146
146
146
146
146
146
146
146
146
147
147
147
148
148
148
148
149
149
149
149
150
150
150
151
151
151
152
152
152
152
153
153
153
154
154
154
154
154
154
154
155
155
155
156
156
156
156
157
157
158
158
158
158
158
159
159
159
159
160
160
160
160
160
161
162
162
162
162
163
163
163
163
163
163
163
163
164
164
164
164
165
165
165
166
166
166
167
167
167
167
168
168
168
168
169
169
169
170
170
170
172
172
172
172
172
172
172
173
173
173
173
173
173
174
174
174
174
175
175
175
175
176
176
177
177
177
177
177
178
178
178
179
179
179
179
179
179
180
180
180
180
181
181
181
181
181
182
182
182
183
183
183
183
184
184
184
185
185
185
185
185
185
186
186
186
187
187
187
187
187
188
188
188
188
189
189
189
189
189
189
189
190
190
190
190
191
191
191
191
191
191
192
192
192
192
193
193
193
193
193
193
193
193
193
193
193
194
194
194
194
194
194
195
195
196
196
196
196
197
197
197
197
197
198
198
199
199
199
199
200
200
201
201
201
201
201
201
202
203
203
204
204
204
204
204
205
205
205
205
205
205
205
206
206
206
206
206
207
207
207
207
209
209
209
209
209
210
210
210
210
210
210
210
210
210
211
212
212
212
213
213
213
213
213
213
214
214
214
214
214
214
215
215
215
215
215
216
216
217
217
217
217
218
218
219
219
219
219
220
220
220
221
221
221
221
222
222
222
223
223
224
224
224
224
224
224
224
224
225
225
225
225
226
226
226
227
227
227
227
227
228
228
228
228
229
229
229
229
229
229
229
230
230
230
230
230
230
230
231
231
231
231
231
232
233
233
234
235
235
235
236
236
236
237
237
237
237
238
238
238
238
239
239
239
239
239
239
239
239
240
240
240
240
240
240
241
241
241
241
241
241
241
241
242
243
243
243
244
244
244
244
245
245
245
246
246
246
247
247
248
248
248
248
249
249
250
250
250
250
250
250
250
251
251
251
251
252
252
252
253
253
253
253
253
253
253
253
253
253
254
255
255
255
255
256
256
256
256
257
257
257
257
257
257
258
258
258
259
259
259
259
259
259
259
259
260
260
260
260
260
260
260
261
261
261
261
261
262
262
262
262
262
263
264
264
264
264
265
265
265
266
267
267
267
268
268
268
268
268
268
269
269
269
270
270
271
271
271
271
271
271
271
272
272
272
272
273
273
273
273
273
274
274
274
274
274
275
275
275
275
276
276
276
276
276
277
277
277
278
278
278
278
278
279
279
280
280
280
280
280
280
280
280
281
281
281
281
282
283
283
284
284
285
285
285
285
285
285
286
286
286
286
286
287
288
288
288
288
288
289
289
289
289
289
289
290
290
290
290
290
290
290
292
292
292
292
292
292
293
293
293
293
293
293
293
294
294
295
295
295
296
296
297
297
297
297
298
298
298
299
299
299
300
300
300
300
301
301
301
301
301
302
302
302
302
302
302
303
304
304
304
305
305
305
305
305
306
306
306
306
306
306
307
307
307
308
308
308
308
309
309
309
309
310
310
310
310
310
310
311
312
312
312
312
312
312
313
314
314
314
314
314
315
315
315
316
316
316
316
317
317
317
317
318
318
318
319
319
319
319
320
320
320
320
320
320
321
321
321
321
321
321
322
322
322
323
323
323
323
323
324
324
324
324
324
324
324
325
325
326
326
326
326
326
327
327
328
328
328
328
328
328
328
328
329
329
329
329
330
330
330
330
332
332
332
332
333
333
334
335
335
335
335
335
335
335
335
336
336
336
336
337
337
337
338
338
338
339
339
339
339
339
340
340
340
340
340
341
341
342
342
342
342
342
343
343
343
343
343
343
344
344
345
345
345
345
345
345
346
346
346
346
347
347
348
348
349
349
349
349
349
350
350
350
350
350
350
350
351
351
351
351
351
351
352
353
353
353
354
354
354
355
355
355
356
356
356
357
357
357
358
358
358
358
358
359
359
360
360
360
361
361
362
362
362
362
362
362
362
362
362
362
363
363
363
363
364
364
365
365
365
365
365
366
366
366
366
367
367
367
367
367
368
368
368
368
368
369
369
370
371
371
372
372
372
373
373
373
373
373
373
373
373
374
374
374
374
374
374
374
374
375
375
375
375
375
376
376
376
376
376
376
376
376
377
377
377
378
378
378
378
379
379
380
380
380
381
381
381
381
381
381
381
382
382
382
382
382
382
383
383
383
383
383
383
384
384
384
384
384
384
385
385
385
385
385
385
386
386
387
387
387
387
387
387
387
388
388
389
389
389
389
389
389
389
390
390
390
390
391
392
392
392
392
393
393
394
394
394
394
394
395
395
395
395
395
396
396
396
396
396
396
396
396
396
396
397
397
397
397
398
398
398
398
399
399
399
399
399
400
400
400
400
401
401
402
402
402
402
402
403
403
403
404
404
404
405
405
406
406
406
406
407
407
407
407
407
408
408
408
410
410
411
411
411
411
411
412
412
412
412
412
412
412
412
413
413
413
413
413
415
415
415
415
415
415
415
415
415
416
416
416
416
416
416
416
417
417
417
417
418
419
419
420
420
420
421
421
422
422
422
422
423
423
423
423
423
423
423
423
424
424
424
424
424
424
425
425
425
425
425
425
426
426
426
426
427
428
428
428
429
429
429
430
430
430
430
431
431
431
432
432
432
432
432
433
433
433
433
433
434
434
434
434
435
435
436
436
437
437
437
437
437
437
438
439
439
439
441
441
441
441
441
441
442
442
442
442
443
443
443
443
444
444
444
445
446
446
446
447
447
449
449
449
450
450
450
450
450
450
450
450
450
452
452
452
452
452
453
453
454
454
454
454
455
455
455
455
455
455
456
456
457
457
457
457
457
458
458
460
460
460
461
461
461
461
462
462
462
462
462
462
463
463
463
463
463
464
464
465
465
465
466
466
466
466
467
467
468
468
468
468
468
469
469
469
470
470
471
471
471
471
471
471
471
471
472
472
472
473
473
473
473
474
474
474
475
475
476
476
476
476
476
477
477
478
478
479
479
479
479
479
480
480
480
480
480
481
481
481
481
482
482
482
483
483
483
483
483
483
484
485
485
485
485
487
487
487
488
488
488
488
489
489
489
489
489
490
490
490
491
491
491
491
491
491
491
492
492
492
492
492
493
493
493
494
494
494
494
494
495
495
495
495
495
496
496
496
496
497
497
498
498
499
499
499
500
500
501
501
501
501
502
502
503
503
503
504
504
504
505
505
505
505
505
506
506
506
506
506
506
507
507
507
507
507
507
507
508
508
508
508
508
508
509
509
509
510
510
510
510
511
511
511
511
511
512
512
512
513
513
513
513
514
514
514
515
515
516
517
517
518
518
518
518
519
519
519
519
519
519
519
519
520
521
521
521
521
521
522
522
522
522
522
523
523
523
524
524
524
524
525
525
525
525
526
526
527
527
527
527
527
528
528
528
528
528
528
528
528
529
530
530
530
531
531
531
531
531
532
532
533
533
533
533
533
534
534
534
534
535
535
535
535
535
535
536
536
536
536
536
536
536
537
537
537
537
538
538
539
539
539
539
540
540
540
540
540
541
542
542
542
542
543
543
543
543
543
543
543
543
544
545
545
545
546
546
546
546
547
547
547
548
548
548
548
548
549
549
549
550
550
550
550
551
551
551
551
551
552
552
552
552
553
553
553
553
554
554
554
554
554
555
555
555
556
556
557
557
557
557
557
557
557
558
558
558
559
559
560
560
560
560
560
561
561
561
561
562
562
562
563
563
564
564
564
564
564
564
565
565
566
566
566
567
567
567
568
568
568
568
568
568
568
568
568
569
569
569
569
569
569
569
570
570
571
571
571
572
572
572
572
572
573
573
573
574
574
575
575
575
576
577
577
577
577
577
578
578
578
578
578
578
578
579
579
579
579
580
580
580
580
580
580
581
581
582
582
582
583
583
583
583
583
584
584
584
584
584
584
584
585
585
585
585
585
585
586
586
586
586
587
587
587
587
587
587
588
588
589
589
589
590
590
590
590
591
591
592
592
593
593
593
593
594
594
594
594
594
594
594
595
596
597
598
598
598
598
598
598
599
600
600
600
600
601
601
601
601
602
602
603
603
603
603
604
604
604
604
605
605
605
606
606
607
607
607
608
608
608
608
609
609
609
609
609
609
609
610
610
611
612
613
613
614
614
614
614
615
616
616
616
616
616
616
617
617
617
618
618
618
618
619
619
620
620
620
621
621
622
622
623
623
623
623
624
624
624
624
624
624
625
625
625
625
625
625
625
625
625
626
626
626
626
627
627
627
627
627
627
627
628
628
628
629
629
629
629
629
629
630
630
630
631
631
631
632
632
632
633
633
633
634
634
634
634
634
634
634
635
636
636
636
637
638
638
638
638
638
638
638
638
639
639
639
639
639
639
639
640
640
640
640
641
641
641
641
641
641
641
641
641
642
642
642
643
643
643
644
644
644
645
645
645
646
646
646
646
646
647
647
647
647
647
647
648
648
648
650
651
652
652
652
652
652
653
653
653
653
654
654
655
655
656
656
656
657
657
657
658
658
658
658
658
659
659
659
659
659
659
659
660
660
660
662
662
662
662
663
663
663
664
664
664
664
664
664
664
665
665
665
666
667
667
667
668
668
669
669
670
670
670
670
670
671
671
671
671
671
671
672
672
672
673
673
674
674
675
675
675
675
675
675
676
676
676
676
676
677
677
677
677
677
678
679
679
679
679
680
681
681
682
682
682
682
683
683
683
683
684
684
685
685
685
685
685
685
686
686
686
686
686
687
687
688
688
688
688
689
689
689
689
689
689
689
689
690
690
690
690
691
691
691
691
691
691
691
692
692
693
693
693
693
693
694
694
695
695
695
696
696
696
696
696
696
696
697
697
697
697
698
698
698
699
700
700
700
701
701
701
701
702
702
703
703
703
703
704
704
704
704
705
706
706
706
707
707
707
707
707
707
708
708
709
709
709
709
709
709
711
711
711
711
711
711
711
711
712
712
712
713
713
713
713
713
714
714
714
714
714
714
714
714
715
715
715
715
716
716
716
716
716
716
716
717
717
717
717
718
718
718
718
718
719
719
719
719
719
720
720
720
721
721
722
722
722
722
722
722
722
723
723
723
724
724
724
724
724
724
725
725
725
725
726
726
726
726
726
726
728
728
728
728
729
729
729
730
730
730
731
731
731
731
731
731
732
732
732
732
733
733
733
734
734
734
734
735
735
735
735
735
735
736
736
736
736
736
736
736
736
737
737
738
738
739
739
740
740
740
740
741
741
741
742
743
743
743
743
743
743
743
743
743
743
744
744
744
745
745
745
745
746
746
746
746
746
746
747
748
748
749
749
749
749
749
750
750
750
751
751
751
751
751
752
752
752
752
752
752
753
753
753
753
753
753
753
753
753
754
754
754
754
755
755
755
755
755
755
755
756
756
756
756
756
756
756
757
757
757
757
757
758
758
758
759
759
759
759
761
761
761
761
762
763
763
763
763
763
763
764
764
764
764
764
764
765
765
765
765
765
765
766
766
766
766
766
766
766
767
767
767
768
768
768
769
769
769
770
771
772
772
772
772
773
773
773
773
773
773
774
774
774
774
775
775
776
776
776
776
776
777
777
777
778
778
778
778
778
778
779
779
779
779
779
780
780
780
781
781
781
781
781
782
782
782
783
783
783
783
783
783
784
784
785
785
786
786
787
787
787
788
788
789
789
789
789
789
790
790
790
792
792
792
792
793
793
793
794
795
795
795
795
795
796
796
796
796
796
796
796
797
797
797
797
797
798
798
798
798
798
798
798
798
798
799
799
799
799
799
799
800
800
801
801
802
802
802
802
802
802
802
802
803
803
803
803
803
804
804
805
805
805
806
806
806
806
807
807
808
809
809
809
810
810
810
811
812
812
812
812
813
813
813
814
814
814
814
814
815
815
816
816
816
816
817
817
818
818
818
819
819
820
820
820
820
820
821
821
821
821
822
822
822
822
822
823
823
823
824
825
825
825
826
826
826
827
827
828
828
828
829
829
830
830
830
831
832
832
832
832
832
832
832
832
832
833
833
834
834
834
835
835
835
836
836
837
837
838
838
838
839
839
840
840
841
841
841
841
841
841
842
843
843
844
844
844
844
844
845
845
845
845
845
845
846
846
847
847
848
848
848
849
849
849
849
849
849
849
849
850
850
851
851
851
851
851
851
851
852
852
852
853
854
854
855
855
855
855
855
855
856
856
857
857
857
858
858
858
858
858
859
859
859
859
860
860
860
860
861
861
861
862
862
863
863
863
863
863
864
864
864
864
864
865
865
865
865
865
866
866
866
866
866
867
867
868
868
869
869
869
869
869
870
870
870
870
870
870
871
871
871
872
872
872
872
872
872
872
873
873
873
873
873
873
874
874
874
874
875
875
875
876
876
876
877
877
877
877
877
877
877
878
878
878
878
879
879
879
879
879
879
879
880
880
880
880
880
880
880
881
881
881
882
882
882
883
883
883
883
883
883
883
883
884
884
885
885
885
886
886
886
887
887
887
887
888
889
889
889
889
890
890
890
890
890
891
891
891
892
892
892
893
893
893
894
894
894
894
894
895
895
895
895
896
896
896
896
897
897
898
898
898
898
898
898
899
899
899
899
899
899
900
901
901
901
901
902
902
902
902
902
903
903
903
903
904
904
904
904
905
905
905
905
905
905
906
906
906
906
907
907
907
907
908
908
908
908
908
909
909
909
909
910
910
910
910
910
910
910
911
911
911
911
911
912
912
912
913
913
914
914
914
915
915
915
915
915
915
915
916
916
916
917
917
917
917
917
917
917
918
918
918
918
918
918
919
919
919
919
920
920
920
920
921
921
921
921
921
922
922
922
922
922
922
922
923
923
923
923
924
924
924
924
924
924
925
925
925
925
925
926
926
927
927
927
928
928
929
929
929
929
929
930
930
931
931
931
931
931
931
931
932
932
932
932
932
932
934
934
934
934
935
935
935
936
937
937
937
937
938
938
939
939
939
939
939
941
941
941
941
942
942
942
942
942
942
942
943
943
944
944
944
944
944
944
944
944
945
945
946
946
946
946
947
947
947
947
947
948
948
949
949
949
949
949
950
950
950
951
951
952
952
952
953
953
953
953
953
953
953
953
953
953
954
954
954
954
954
954
955
955
955
955
955
956
956
956
956
956
957
957
957
957
958
958
959
960
960
960
960
961
961
962
962
962
962
962
963
963
963
963
965
965
965
966
966
967
967
967
968
968
968
968
968
968
968
968
969
969
970
970
970
971
972
972
972
972
972
972
973
973
973
973
974
974
975
975
975
975
976
976
976
976
976
977
977
977
977
977
977
978
978
978
978
978
978
978
979
980
980
980
981
981
981
981
981
982
982
982
983
983
983
983
983
983
984
984
984
985
985
985
985
985
986
986
986
986
986
987
987
988
988
988
988
988
989
990
990
990
991
991
991
991
991
992
992
992
992
992
993
994
994
994
995
995
995
996
996
996
996
996
996
997
997
997
997
997
997
998
998
998
999
999
999
1000
1000
1000
1000
1001
1001
1001
1001
1002
1002
1002
1002
1002
1002
1003
1003
1003
1003
1003
1004
1004
1005
1005
1005
1005
1005
1005
1005
1006
1006
1007
1007
1007
1009
1009
1009
1009
1009
1009
1010
1010
1010
1011
1011
1011
1011
1011
1011
1012
1012
1012
1013
1013
1014
1014
1014
1014
1014
1014
1015
1015
1016
1016
1017
1017
1017
1017
1017
1017
1017
1018
1018
1018
1018
1018
1019
1019
1019
1020
1020
1020
1020
1021
1021
1021
1022
1022
1023
1023
1023
1023
1023
1024
1024
1025
1025
1025
1026
1026
1026
1026
1026
1027
1027
1027
1027
1028
1028
1028
1029
1029
1029
1030
1030
1030
1030
1030
1031
1031
1032
1032
1032
1032
1032
1032
1032
1033
1033
1033
1034
1034
1034
1035
1035
1035
1035
1035
1035
1035
1035
1036
1036
1036
1036
1037
1038
1038
1038
1038
1038
1038
1038
1039
1039
1039
1039
1040
1040
1040
1040
1040
1040
1041
1041
1041
1041
1041
1042
1042
1042
1042
1042
1043
1043
1043
1043
1044
1044
1044
1045
1045
1045
1045
1046
1046
1046
1046
1046
1046
1046
1047
1047
1047
1047
1047
1047
1048
1048
1048
1048
1048
1050
1050
1050
1050
1050
1051
1051
1051
1051
1051
1051
1052
1052
1052
1052
1053
1053
1053
1054
1054
1054
1054
1054
1054
1055
1055
1055
1056
1056
1056
1056
1056
1057
1057
1057
1057
1057
1058
1058
1058
1059
1060
1060
1060
1061
1061
1061
1061
1061
1061
1061
1062
1062
1062
1063
1063
1063
1064
1064
1064
1064
1064
1065
1065
1065
1066
1066
1066
1066
1066
1066
1067
1068
1068
1069
1069
1069
1069
1069
1070
1070
1070
1070
1070
1071
1071
1071
1071
1072
1072
1072
1072
1072
1073
1073
1074
1074
1074
1074
1075
1075
1075
1075
1076
1076
1076
1076
1076
1076
1077
1077
1077
1077
1078
1078
1078
1078
1079
1079
1079
1079
1080
1080
1080
1080
1081
1081
1081
1081
1081
1081
1081
1082
1082
1082
1082
1082
1083
1083
1083
1084
1084
1084
1084
1084
1085
1085
1085
1085
1085
1085
1086
1086
1086
1086
1086
1086
1086
1087
1087
1087
1087
1088
1088
1088
1088
1088
1089
1089
1089
1089
1090
1090
1090
1090
1091
1091
1092
1092
1092
1093
1093
1093
1093
1093
1093
1094
1094
1094
1094
1094
1094
1094
1094
1094
1095
1095
1096
1096
1096
1096
1096
1097
1098
1098
1099
1099
1099
1099
1099
1099
1100
1100
1101
1101
1101
1101
1101
1101
1101
1101
1102
1102
1102
1102
1102
1103
1103
1103
1103
1103
1103
1103
1103
1103
1104
1104
1104
1104
1105
1105
1105
1105
1105
1106
1106
1106
1106
1106
1107
1107
1107
1107
1107
1107
1108
1108
1108
1109
1110
1110
1110
1110
1111
1111
1111
1111
1112
1112
1112
1112
1112
1113
1114
1114
1114
1115
1115
1115
1116
1116
1116
1116
1116
1116
1116
1117
1117
1117
1118
1118
1118
1119
1119
1119
1119
1119
1120
1120
1120
1120
1121
1121
1121
1121
1122
1122
1122
1122
1122
1122
1122
1122
1122
1122
1123
1123
1123
1123
1124
1124
1124
1124
1125
1125
1125
1125
1125
1125
1125
1126
1126
1126
1126
1126
1129
1129
1129
1129
1129
1129
1130
1130
1130
1131
1132
1132
1133
1133
1133
1133
1133
1133
1134
1134
1134
1134
1135
1135
1135
1135
1135
1136
1136
1136
1137
1137
1137
1138
1138
1138
1139
1139
1140
1140
1140
1140
1141
1141
1141
1141
1142
1142
1142
1143
1143
1143
1143
1143
1144
1144
1144
1144
1144
1145
1145
1145
1145
1145
1145
1146
1146
1146
1147
1147
1147
1148
1148
1148
1148
1149
1149
1149
1149
1150
1150
1150
1151
1151
1151
1151
1151
1152
1152
1152
1152
1153
1153
1153
1154
1154
1155
1155
1156
1156
1156
1157
1157
1157
1157
1157
1158
1158
1158
1159
1159
1159
1159
1160
1160
1161
1161
1161
1161
1162
1162
1162
1162
1162
1162
1162
1163
1163
1163
1163
1163
1163
1163
1163
1163
1164
1164
1164
1165
1165
1165
1166
1166
1166
1166
1167
1167
1167
1168
1168
1168
1168
1168
1168
1169
1169
1169
1169
1170
1170
1170
1170
1170
1170
1170
1171
1171
1171
1171
1171
1172
1172
1172
1172
1172
1172
1172
1172
1173
1173
1173
1174
1174
1174
1174
1175
1175
1176
1176
1176
1177
1179
1179
1179
1180
1180
1180
1180
1180
1180
1181
1181
1182
1183
1183
1183
1183
1183
1183
1183
1184
1184
1185
1185
1185
1185
1186
1186
1186
1186
1187
1187
1189
1189
1189
1190
1190
1190
1190
1190
1190
1191
1191
1192
1192
1193
1193
1193
1193
1193
1193
1194
1195
1195
1195
1195
1195
1195
1196
1196
1196
1197
1197
1197
1198
1198
1199
1199
1199
1200
1200
1200
1200
1200
1200
1200
1200
1200
1201
1201
1201
1201
1202
1202
1202
1202
1202
1203
1203
1203
1203
1203
1204
1204
1204
1205
1205
1205
1205
1206
1206
1207
1207
1207
1208
1209
1209
1210
1210
1210
1211
1211
1211
1211
1211
1211
1212
1212
1212
1212
1212
1212
1212
1213
1213
1213
1213
1214
1214
1214
1214
1214
1214
1214
1214
1215
1215
1215
1215
1216
1216
1216
1217
1217
1217
1217
1218
1219
1219
1219
1219
1219
1220
1220
1220
1220
1220
1220
1221
1221
1222
1222
1222
1222
1222
1223
1223
1223
1223
1224
1224
1224
1224
1224
1224
1224
1225
1225
1225
1225
1225
1225
1225
1226
1226
1227
1227
1227
1227
1228
1228
1229
1229
1229
1229
1229
1230
1230
1230
1230
1231
1231
1231
1231
1231
1232
1233
1233
1233
1233
1233
1234
1234
1234
1235
1235
1236
1236
1236
1236
1237
1237
1237
1238
1238
1239
1239
1239
1239
1239
1239
1239
1240
1240
1240
1240
1241
1241
1241
1241
1242
1242
1242
1242
1242
1243
1243
1243
1243
1244
1244
1244
1244
1244
1244
1244
1245
1245
1245
1245
1246
1247
1247
1247
1247
1247
1247
1247
1248
1249
1249
1249
1249
1250
1250
1250
1250
1250
1250
1250
1251
1251
1252
1252
1253
1254
1254
1254
1255
1256
1256
1257
1257
1258
1258
1258
1258
1258
1259
1259
1260
1260
1260
1260
1261
1261
1262
1262
1262
1262
1262
1265
1265
1265
1266
1266
1266
1267
1267
1267
1268
1269
1269
1269
1270
1270
1270
1270
1271
1271
1271
1271
1272
1272
1272
1272
1272
1272
1273
1273
1273
1273
1273
1273
1273
1273
1274
1274
1274
1274
1274
1274
1275
1275
1275
1275
1275
1275
1275
1276
1276
1276
1276
1277
1277
1277
1277
1277
1278
1278
1279
1279
1279
1280
1280
1280
1280
1281
1281
1281
1282
1282
1282
1282
1282
1282
1283
1284
1284
1284
1285
1285
1285
1285
1285
1285
1286
1286
1287
1287
1287
1287
1288
1288
1288
1288
1288
1289
1291
1291
1291
1291
1291
1292
1292
1293
1293
1293
1294
1294
1294
1294
1295
1295
1295
1295
1296
1296
1297
1297
1297
1298
1298
1298
1298
1299
1299
1299
1299
1300
1300
1300
1300
1301
1301
1302
1302
1302
1303
1303
1303
1303
1303
1304
1304
1304
1304
1304
1304
1304
1304
1305
1305
1305
1305
1305
1306
1306
1306
1306
1306
1307
1307
1307
1307
1307
1307
1308
1308
1308
1308
1309
1309
1309
1309
1309
1309
1310
1310
1310
1310
1310
1311
1311
1311
1312
1312
1312
1312
1312
1312
1313
1313
1313
1313
1313
1314
1314
1314
1314
1314
1314
1315
1315
1316
1316
1317
1317
1317
1318
1318
1318
1318
1318
1318
1319
1319
1319
1320
1320
1320
1320
1321
1322
1322
1322
1322
1322
1323
1323
1323
1323
1324
1324
1325
1325
1325
1325
1326
1326
1326
1326
1327
1327
1327
1327
1328
1328
1328
1329
1329
1330
1330
1330
1330
1330
1330
1331
1331
1331
1331
1331
1332
1333
1333
1333
1333
1333
1333
1333
1334
1335
1335
1335
1336
1336
1336
1336
1337
1337
1337
1337
1337
1338
1338
1338
1339
1339
1339
1339
1339
1339
1339
1339
1339
1340
1340
1340
1340
1341
1341
1341
1341
1341
1341
1342
1342
1343
1343
1343
1343
1344
1344
1344
1344
1344
1344
1345
1345
1346
1346
1346
1346
1346
1347
1347
1347
1347
1347
1347
1347
1347
1347
1347
1347
1348
1348
1349
1349
1349
1350
1350
1350
1350
1350
1350
1350
1351
1351
1351
1351
1351
1352
1352
1352
1353
1353
1354
1354
1355
1356
1357
1357
1358
1358
1358
1359
1359
1359
1360
1360
1360
1360
1360
1361
1361
1361
1362
1362
1362
1362
1362
1363
1363
1363
1363
1364
1364
1364
1364
1364
1365
1365
1365
1366
1366
1366
1366
1366
1366
1367
1367
1367
1367
1367
1368
1368
1368
1368
1368
1369
1369
1369
1369
1370
1370
1370
1370
1370
1371
1371
1372
1372
1372
1373
1373
1373
1373
1373
1373
1374
1374
1374
1374
1374
1374
1374
1374
1374
1375
1375
1375
1376
1376
1376
1377
1377
1378
1378
1379
1379
1379
1379
1380
1380
1380
1380
1380
1381
1381
1381
1382
1382
1382
1382
1382
1384
1384
1384
1385
1385
1385
1385
1385
1386
1386
1387
1387
1387
1387
1387
1388
1388
1389
1389
1389
1390
1390
1390
1391
1391
1391
1391
1392
1392
1392
1392
1392
1392
1393
1393
1393
1394
1394
1394
1394
1394
1394
1395
1395
1395
1395
1395
1396
1396
1397
1398
1398
1398
1399
1399
1399
1399
1399
1400
1400
1400
1400
1400
1401
1401
1401
1402
1402
1402
1403
1404
1404
1405
1405
1405
1405
1406
1406
1407
1407
1407
1407
1408
1409
1409
1409
1409
1409
1409
1409
1409
1409
1410
1410
1411
1411
1412
1412
1413
1413
1413
1413
1413
1414
1414
1415
1415
1416
1416
1417
1417
1418
1418
1418
1418
1418
1419
1420
1420
1421
1421
1421
1422
1422
1423
1423
1423
1423
1424
1424
1424
1424
1424
1425
1425
1425
1425
1426
1426
1426
1427
1427
1427
1427
1427
1427
1428
1428
1428
1428
1428
1428
1429
1430
1430
1430
1430
1430
1430
1431
1431
1432
1432
1432
1432
1432
1433
1433
1433
1434
1434
1434
1434
1434
1434
1434
1434
1434
1434
1435
1435
1435
1435
1435
1435
1435
1436
1436
1436
1436
1437
1437
1437
1437
1438
1438
1438
1438
1439
1439
1439
1439
1439
1440
1440
1440
1440
1441
1441
1441
1441
1442
1442
1442
1442
1442
1442
1443
1443
1443
1444
1444
1444
1444
1445
1445
1446
1446
1446
1447
1447
1447
1447
1448
1449
1449
1450
1450
1450
1450
1450
1451
1451
1451
1451
1451
1451
1451
1452
1452
1452
1452
1452
1453
1453
1454
1454
1454
1454
1456
1456
1456
1457
1457
1457
1458
1458
1458
1458
1458
1458
1460
1460
1461
1461
1461
1462
1462
1462
1462
1463
1463
1463
1463
1464
1464
1464
1464
1465
1465
1465
1465
1466
1467
1467
1467
1468
1468
1468
1468
1468
1469
1469
1469
1470
1470
1470
1470
1470
1470
1471
1471
1472
1472
1472
1472
1472
1472
1472
1472
1473
1473
1474
1474
1474
1474
1474
1474
1475
1475
1476
1476
1476
1477
1477
1478
1478
1478
1478
1478
1478
1478
1479
1479
1479
1479
1479
1480
1480
1480
1480
1480
1481
1481
1481
1481
1481
1481
1481
1481
1482
1482
1482
1482
1482
1483
1483
1483
1483
1483
1483
1484
1484
1484
1485
1485
1485
1485
1486
1486
1486
1486
1486
1488
1488
1488
1489
1489
1489
1489
1489
1490
1490
1490
1490
1490
1491
1491
1491
1491
1492
1492
1492
1492
1492
1492
1492
1492
1492
1493
1493
1493
1494
1494
1494
1495
1495
1496
1496
1496
1496
1497
1497
1497
1497
1498
1498
1499
1499
1499
1499
1499
1499
1499
1499
1499
1500
1500
1500
1500
1501
1501
1501
1501
1501
1501
1501
1501
1503
1503
1504
1504
1504
1505
1505
1505
1506
1506
1506
1506
1508
1508
1508
1508
1509
1509
1509
1509
1510
1511
1511
1512
1512
1512
1513
1513
1513
1513
1513
1513
1514
1514
1514
1514
1514
1515
1515
1516
1516
1516
1518
1518
1518
1518
1519
1519
1519
1519
1519
1520
1520
1520
1522
1522
1523
1523
1523
1524
1524
1525
1525
1525
1526
1526
1526
1526
1527
1527
1527
1528
1528
1528
1528
1529
1529
1529
1530
1530
1532
1532
1532
1533
1533
1533
1533
1533
1533
1534
1534
1534
1534
1535
1535
1535
1535
1535
1536
1536
1536
1536
1536
1536
1536
1536
1537
1537
1537
1538
1538
1539
1539
1539
1539
1539
1540
1540
1540
1540
1540
1540
1540
1541
1541
1541
1541
1542
1542
1542
1542
1542
1542
1542
1543
1543
1543
1543
1543
1544
1544
1544
1544
1545
1545
1545
1545
1546
1546
1546
1547
1547
1547
1548
1548
1548
1549
1549
1549
1550
1550
1550
1550
1550
1551
1551
1552
1552
1553
1553
1554
1554
1554
1554
1554
1555
1555
1555
1555
1556
1556
1557
1557
1558
1558
1558
1558
1558
1558
1559
1559
1559
1559
1560
1560
1560
1561
1561
1562
1562
1562
1562
1562
1562
1563
1563
1563
1564
1564
1565
1565
1565
1566
1566
1566
1566
1567
1567
1568
1568
1569
1569
1571
1571
1571
1571
1571
1572
1572
1572
1573
1573
1573
1574
1574
1574
1574
1574
1574
1574
1575
1575
1575
1575
1576
1576
1576
1577
1577
1577
1577
1578
1578
1578
1578
1579
1579
1579
1579
1579
1579
1579
1579
1580
1580
1580
1580
1580
1581
1581
1581
1581
1582
1582
1582
1583
1583
1583
1583
1583
1583
1583
1583
1583
1583
1584
1584
1584
1584
1585
1585
1585
1586
1586
1587
1587
1587
1588
1588
1588
1588
1588
1588
1589
1589
1589
1589
1589
1590
1590
1591
1591
1591
1591
1591
1591
1591
1591
1592
1592
1592
1592
1593
1593
1593
1593
1593
1593
1594
1594
1594
1594
1594
1595
1595
1596
1596
1596
1596
1596
1596
1596
1597
1597
1598
1598
1598
1599
1599
1599
1599
1599
1599
1600
1600
1600
1601
1601
1601
1601
1602
1602
1602
1603
1603
1603
1603
1603
1604
1604
1604
1605
1605
1605
1605
1606
1606
1607
1607
1607
1607
1608
1609
1609
1609
1610
1610
1610
1610
1610
1610
1611
1611
1611
1611
1611
1612
1612
1612
1612
1612
1613
1613
1614
1615
1615
1615
1615
1615
1616
1616
1616
1617
1617
1617
1617
1617
1618
1618
1619
1619
1620
1620
1621
1621
1621
1621
1621
1621
1621
1622
1622
1622
1622
1622
1622
1623
1623
1623
1624
1625
1625
1625
1625
1625
1625
1626
1628
1628
1628
1628
1628
1629
1629
1629
1630
1630
1630
1630
1631
1631
1631
1631
1631
1631
1632
1634
1635
1636
1636
1636
1636
1637
1637
1637
1638
1638
1638
1638
1638
1638
1639
1639
1640
1640
1641
1641
1641
1641
1641
1642
1642
1642
1643
1643
1643
1643
1644
1644
1644
1645
1645
1645
1645
1645
1646
1647
1647
1647
1647
1647
1647
1647
1648
1648
1648
1648
1648
1649
1649
1649
1649
1650
1650
1650
1650
1650
1650
1651
1651
1652
1652
1652
1652
1652
1653
1653
1654
1654
1654
1654
1654
1656
1656
1656
1656
1656
1657
1657
1658
1658
1658
1658
1658
1658
1658
1659
1659
1660
1660
1660
1660
1660
1661
1661
1661
1661
1661
1662
1662
1662
1662
1662
1663
1663
1663
1663
1663
1664
1664
1664
1665
1665
1665
1665
1665
1665
1666
1666
1666
1667
1667
1668
1668
1668
1668
1668
1669
1670
1670
1670
1671
1671
1671
1671
1671
1671
1671
1672
1672
1672
1672
1672
1673
1673
1673
1673
1673
1673
1673
1674
1674
1674
1674
1675
1675
1676
1676
1676
1676
1676
1676
1676
1677
1677
1677
1678
1678
1678
1678
1679
1679
1679
1679
1679
1679
1679
1680
1681
1681
1681
1681
1682
1682
1682
1683
1683
1683
1684
1685
1685
1685
1686
1686
1686
1687
1687
1687
1687
1687
1687
1687
1688
1688
1688
1688
1689
1689
1690
1690
1690
1690
1691
1691
1691
1691
1691
1691
1692
1692
1692
1692
1692
1693
1693
1693
1693
1693
1693
1693
1693
1693
1693
1694
1694
1695
1695
1695
1695
1695
1696
1696
1697
1697
1697
1697
1698
1698
1698
1698
1698
1698
1699
1699
1700
1700
1700
1700
1701
1702
1702
1702
1702
1703
1703
1703
1703
1703
1704
1704
1704
1704
1704
1704
1705
1705
1705
1706
1706
1706
1706
1708
1708
1708
1709
1709
1709
1709
1709
1709
1710
1710
1711
1711
1711
1712
1712
1712
1712
1712
1712
1713
1713
1713
1713
1713
1714
1714
1715
1715
1716
1716
1716
1716
1717
1717
1717
1717
1718
1718
1718
1719
1719
1719
1719
1719
1719
1720
1720
1720
1720
1721
1721
1721
1721
1721
1721
1721
1721
1722
1722
1723
1723
1723
1724
1724
1724
1724
1724
1724
1724
1724
1725
1725
1725
1726
1726
1726
1727
1727
1727
1727
1727
1728
1728
1728
1729
1729
1729
1729
1729
1729
1730
1730
1730
1731
1731
1731
1731
1732
1732
1732
1732
1732
1732
1732
1733
1733
1733
1733
1733
1734
1734
1734
1735
1735
1735
1735
1735
1736
1736
1736
1736
1736
1736
1736
1736
1737
1737
1737
1737
1738
1738
1738
1739
1739
1740
1740
1740
1740
1740
1741
1741
1741
1742
1742
1742
1742
1742
1742
1744
1744
1744
1744
1744
1745
1745
1745
1745
1746
1746
1746
1747
1747
1747
1747
1747
1748
1748
1749
1749
1749
1749
1749
1749
1749
1750
1751
1751
1751
1752
1752
1752
1753
1753
1753
1754
1754
1754
1755
1756
1756
1756
1756
1757
1757
1757
1757
1757
1757
1757
1757
1758
1758
1758
1758
1759
1759
1760
1760
1760
1761
1761
1761
1762
1762
1762
1762
1762
1763
1763
1764
1764
1764
1765
1765
1765
1766
1766
1766
1766
1767
1767
1767
1767
1767
1768
1768
1768
1769
1769
1770
1772
1772
1773
1773
1774
1775
1775
1776
1776
1776
1776
1776
1776
1776
1777
1777
1777
1778
1778
1779
1779
1779
1779
1780
1780
1780
1780
1780
1781
1781
1781
1782
1782
1784
1784
1784
1784
1784
1784
1784
1784
1784
1785
1785
1785
1785
1786
1786
1786
1787
1787
1787
1787
1787
1788
1788
1788
1788
1789
1790
1790
1790
1790
1791
1791
1791
1791
1792
1792
1792
1793
1793
1794
1794
1794
1794
1794
1794
1795
1796
1796
1796
1796
1798
1798
1798
1798
1799
1800
1800
1800
1800
1800
1801
1801
1801
1801
1801
1801
1801
1802
1802
1803
1803
1803
1804
1804
1804
1804
1804
1805
1806
1806
1806
1807
1807
1807
1807
1807
1808
1808
1808
1808
1809
1809
1809
1809
1809
1810
1811
1811
1811
1812
1812
1812
1812
1812
1813
1813
1814
1814
1814
1814
1814
1814
1814
1815
1815
1816
1816
1816
1816
1816
1816
1817
1818
1818
1819
1819
1819
1819
1819
1819
1820
1820
1820
1820
1820
1821
1821
1821
1821
1822
1822
1822
1822
1822
1823
1823
1823
1823
1823
1824
1825
1825
1826
1826
1826
1826
1827
1827
1828
1828
1829
1829
1829
1829
1830
1830
1830
1830
1831
1831
1832
1833
1833
1833
1833
1833
1833
1834
1834
1834
1834
1834
1834
1834
1835
1835
1835
1836
1836
1836
1837
1837
1837
1837
1837
1837
1838
1838
1838
1838
1838
1838
1838
1839
1839
1839
1839
1839
1839
1839
1840
1840
1840
1841
1841
1842
1842
1842
1843
1843
1844
1844
1844
1844
1846
1846
1846
1846
1846
1847
1847
1847
1847
1848
1848
1849
1849
1850
1851
1851
1851
1851
1852
1852
1852
1852
1852
1852
1853
1853
1853
1853
1854
1854
1854
1854
1854
1854
1855
1855
1855
1856
1856
1857
1858
1858
1858
1858
1858
1858
1858
1858
1859
1859
1859
1859
1859
1859
1859
1859
1859
1860
1860
1860
1860
1860
1861
1862
1862
1863
1863
1864
1864
1865
1865
1865
1866
1867
1867
1867
1868
1868
1868
1869
1870
1870
1870
1870
1870
1871
1871
1871
1871
1872
1872
1872
1873
1873
1873
1874
1875
1875
1875
1875
1876
1876
1876
1876
1877
1877
1877
1877
1877
1877
1878
1878
1878
1878
1879
1879
1880
1880
1880
1880
1880
1880
1881
1881
1881
1882
1882
1882
1882
1882
1882
1882
1882
1883
1883
1883
1883
1883
1884
1884
1884
1884
1885
1885
1885
1885
1886
1886
1886
1887
1887
1887
1887
1888
1888
1888
1888
1888
1888
1888
1889
1889
1889
1890
1890
1890
1890
1891
1891
1891
1891
1891
1892
1892
1892
1892
1892
1893
1893
1893
1894
1894
1894
1894
1894
1894
1895
1895
1895
1896
1896
1896
1897
1897
1897
1898
1898
1898
1898
1898
1898
1898
1898
1899
1899
1899
1899
1899
1899
1899
1899
1900
1900
1901
1901
1901
1902
1902
1902
1903
1903
1903
1903
1904
1904
1904
1904
1905
1905
1905
1906
1906
1906
1906
1907
1907
1908
1908
1908
1908
1909
1909
1909
1910
1911
1911
1912
1912
1912
1913
1913
1914
1914
1914
1914
1915
1915
1915
1915
1915
1915
1916
1916
1916
1917
1917
1918
1918
1918
1918
1919
1919
1919
1920
1920
1920
1921
1922
1922
1922
1923
1923
1923
1923
1924
1924
1924
1924
1924
1924
1924
1924
1926
1926
1926
1926
1927
1927
1927
1927
1928
1928
1928
1929
1930
1930
1930
1930
1930
1931
1931
1931
1933
1934
1934
1934
1934
1934
1934
1934
1935
1936
1936
1936
1936
1937
1937
1938
1938
1939
1939
1940
1940
1940
1940
1941
1941
1942
1942
1942
1943
1943
1943
1943
1943
1943
1944
1944
1944
1944
1945
1945
1946
1946
1946
1946
1947
1947
1948
1948
1948
1948
1948
1948
1948
1948
1948
1949
1949
1949
1949
1950
1950
1950
1950
1950
1951
1951
1952
1953
1953
1954
1954
1954
1954
1954
1954
1954
1954
1954
1955
1955
1956
1956
1956
1956
1957
1957
1957
1957
1958
1958
1958
1958
1959
1959
1960
1960
1961
1961
1961
1961
1961
1962
1962
1962
1963
1963
1963
1964
1964
1964
1964
1964
1964
1964
1965
1965
1965
1966
1966
1967
1967
1967
1967
1968
1968
1968
1968
1969
1969
1969
1969
1969
1970
1971
1971
1971
1973
1973
1973
1974
1974
1974
1974
1974
1974
1975
1975
1975
1976
1977
1978
1978
1978
1978
1979
1980
1980
1980
1980
1980
1981
1981
1981
1982
1982
1982
1983
1983
1984
1984
1984
1984
1985
1985
1985
1985
1985
1985
1986
1987
1987
1987
1988
1988
1988
1988
1989
1989
1989
1989
1989
1989
1990
1991
1991
1991
1991
1991
1991
1992
1992
1992
1992
1993
1993
1993
1993
1994
1994
1995
1995
1995
1995
1995
1996
1996
1997
1997
1997
1997
1998
1998
1998
1998
1998
1998
1998
1999
1999
2000
2000
