
371
, 9
, 35
, 2
, 42
, 33
, 11
, 6
, 38
, 32
, 12
, 6
, 38
, 15
, 29
, 13
, 31
, 41
, 3
, 26
, 18
, 28
, 16
, 3
, 41
, 3
, 41
, 28
, 16
, 24
, 20
, 2
, 42
, 34
, 10
, 18
, 26
, 28
, 16
, 22
, 22
, 21
, 23
, 9
, 35
, 29
, 15
, 26
, 18
, 35
, 9
, 26
, 18
, 36
, 8
, 11
, 33
, 25
, 19
, 31
, 13
, 42
, 2
, 15
, 29
, 6
, 38
, 30
, 14
, 5
, 39
, 36
, 8
, 41
, 3
, 8
, 36
, 6
, 38
, 21
, 23
, 33
, 11
, 12
, 32
, 29
, 15
, 7
, 37
, 34
, 10
, 38
, 6
, 34
, 10
, 16
, 28
, 4
, 40
, 11
, 33
, 4
, 40
, 39
, 5
, 41
, 3
, 42
, 2
, 24
, 20
, 17
, 27
, 32
, 12
, 6
, 38
, 7
, 37
, 7
, 37
, 26
, 18
, 26
, 18
, 6
, 38
, 30
, 14
, 12
, 32
, 41
, 3
, 15
, 29
, 25
, 19
, 3
, 41
, 17
, 27
, 15
, 29
, 3
, 41
, 31
, 13
, 1
, 43
, 8
, 36
, 32
, 12
, 19
, 25
, 18
, 26
, 24
, 20
, 40
, 4
, 3
, 41
, 18
, 26
, 9
, 35
, 13
, 31
, 22
, 22
, 22
, 22
, 41
, 3
, 26
, 18
, 7
, 37
, 41
, 3
, 34
, 10
, 16
, 28
, 2
, 42
, 32
, 12
, 15
, 29
, 4
, 40
, 24
, 20
, 38
, 6
, 13
, 31
, 18
, 26
, 31
, 13
, 32
, 12
, 39
, 5
, 5
, 39
, 15
, 29
, 18
, 26
, 31
, 13
, 26
, 18
, 14
, 30
, 14
, 30
, 5
, 39
, 21
, 23
, 4
, 40
, 19
, 25
, 12
, 32
, 39
, 5
, 42
, 2
, 12
, 32
, 7
, 37
, 24
, 20
, 36
, 8
, 39
, 5
, 27
, 17
, 5
, 39
, 11
, 33
, 41
, 3
, 20
, 24
, 12
, 32
, 41
, 3
, 27
, 17
, 6
, 38
, 3
, 41
, 20
, 24
, 25
, 19
, 32
, 12
, 36
, 8
, 31
, 13
, 38
, 6
, 8
, 36
, 2
, 42
, 23
, 21
, 20
, 24
, 28
, 16
, 28
, 16
, 3
, 41
, 1
, 43
, 32
, 12
, 37
, 7
, 20
, 24
, 39
, 5
, 39
, 5
, 18
, 26
, 12
, 32
, 29
, 15
, 39
, 5
, 31
, 13
, 27
, 17
, 33
, 11
, 12
, 32
, 28
, 16
, 21
, 23
, 37
, 7
, 38
, 6
, 8
, 36
, 22
, 22
, 6
, 38
, 42
, 2
, 5
, 39
, 37
, 7
, 5
, 39
, 39
, 5
, 34
, 10
, 25
, 19
, 18
, 26
, 37
, 7
, 37
, 7
, 40
, 4
, 38
, 6
, 7
, 37
, 11
, 33
, 20
, 24
, 8
, 36
, 36
, 8
, 13
, 31
, 39
, 5
, 37
, 7
, 41
, 3
, 38
, 6
, 36
, 8
, 11
, 33
, 11
, 33
, 28
, 16
, 41
, 3
, 16
, 28
, 30
, 14
, 14
, 30
, 4
, 40
, 16
, 28
, 3
, 41
, 31
, 13
, 42
, 2
, 25
, 19
, 20
, 24
, 25
, 19
, 39
, 5
, 7
, 37
, 38
, 6
, 2
, 42
, 41
, 3
, 5
, 39
, 24
, 20
, 17
, 27
, 5
, 39
, 26
, 18
, 7
, 37
, 5
, 39
, 7
, 37
, 30
, 14
, 40
, 4
, 26
, 18
, 18
, 26
, 3
, 41
, 37
, 7
, 27
, 17
, 5
, 39
, 8
, 36
, 38
, 6
, 23
, 21
, 34
, 10
, 38
, 6
, 18
, 26
, 33
, 11
, 13
, 31
, 19
, 25
, 32
, 12
, 20
, 24
, 24
, 20
, 19
, 25
, 8
, 36
, 34
, 10
, 18
, 26
, 29
, 15
, 8
, 36
, 7
, 37
, 22
, 22
, 24
, 20
, 33
, 11
, 41
, 3
, 9
, 35
, 24
, 20
, 32
, 12
, 17
, 27
, 34
, 10
, 22
, 22
, 3
, 41
, 23
, 21
, 1
, 43
, 42
, 2
, 6
, 38
, 36
, 8
, 16
, 28
, 7
, 37
, 19
, 25
, 1
, 43
, 9
, 35
, 38
, 6
, 24
, 20
, 11
, 33
, 11
, 33
, 21
, 23
, 32
, 12
, 2
, 42
, 40
, 4
, 12
, 32
, 23
, 21
, 31
, 13
, 20
, 24
, 14
, 30
, 36
, 8
, 31
, 13
, 8
, 36
, 4
, 40
, 2
, 42
, 7
, 37
, 38
, 6
, 26
, 18
, 42
, 2
, 34
, 10
, 28
, 16
, 13
, 31
, 5
, 39
, 38
, 6
, 8
, 36
, 3
, 41
, 18
, 26
, 33
, 11
, 38
, 6
, 34
, 10
, 5
, 39
, 36
, 8
, 32
, 12
, 41
, 3
, 24
, 20
, 23
, 21
, 4
, 40
, 11
, 33
, 24
, 20
, 17
, 27
, 18
, 26
, 2
, 42
, 28
, 16
, 20
, 24
, 9
, 35
, 31
, 13
, 15
, 29
, 4
, 40
, 30
, 14
, 17
, 27
, 9
, 35
, 38
, 6
, 38
, 6
, 35
, 9
, 37
, 7
, 35
, 9
, 17
, 27
, 19
, 25
, 25
, 19
, 5
, 39
, 6
, 38
, 2
, 42
, 8
, 36
, 4
, 40
, 20
, 24
, 3
, 41
, 2
, 42
, 8
, 36
, 37
, 7
, 32
, 12
, 37
, 7
, 28
, 16
, 16
, 28
, 35
, 9
, 7
, 37
, 6
, 38
, 32
, 12
, 22
, 22
, 38
, 6
, 15
, 29
, 7
, 37
, 14
, 30
, 23
, 21
, 41
, 3
, 17
, 27
, 24
, 20
, 40
, 4
, 17
, 27
, 33
, 11
, 29
, 15
, 42
, 2
, 18
, 26
, 30
, 14
, 29
, 15
, 37
, 7
, 14
, 30
, 41
, 3
, 15
, 29
, 19
, 25
, 42
, 2
, 10
, 34
, 9
, 35
, 10
, 34
