
3730
, 26
, 234
, 217
, 43
, 161
, 99
, 254
, 6
, 246
, 14
, 87
, 173
, 183
, 77
, 125
, 135
, 77
, 183
, 111
, 149
, 182
, 78
, 117
, 143
, 215
, 45
, 184
, 76
, 100
, 160
, 190
, 70
, 56
, 204
, 170
, 90
, 5
, 255
, 117
, 143
, 172
, 88
, 173
, 87
, 61
, 199
, 176
, 84
, 249
, 11
, 162
, 98
, 19
, 241
, 172
, 88
, 244
, 16
, 99
, 161
, 144
, 116
, 191
, 69
, 142
, 118
, 57
, 203
, 249
, 11
, 184
, 76
, 223
, 37
, 12
, 248
, 45
, 215
, 247
, 13
, 124
, 136
, 243
, 17
, 83
, 177
, 250
, 10
, 204
, 56
, 191
, 69
, 174
, 86
, 49
, 211
, 198
, 62
, 139
, 121
, 118
, 142
, 89
, 171
, 25
, 235
, 132
, 128
, 240
, 20
, 221
, 39
, 151
, 109
, 64
, 196
, 206
, 54
, 237
, 23
, 1
, 259
, 120
, 140
, 162
, 98
, 205
, 55
, 19
, 241
, 61
, 199
, 19
, 241
, 219
, 41
, 45
, 215
, 242
, 18
, 135
, 125
, 51
, 209
, 244
, 16
, 36
, 224
, 129
, 131
, 33
, 227
, 248
, 12
, 28
, 232
, 240
, 20
, 28
, 232
, 90
, 170
, 75
, 185
, 101
, 159
, 178
, 82
, 104
, 156
, 62
, 198
, 89
, 171
, 10
, 250
, 150
, 110
, 119
, 141
, 110
, 150
, 135
, 125
, 174
, 86
, 160
, 100
, 214
, 46
, 129
, 131
, 129
, 131
, 247
, 13
, 178
, 82
, 248
, 12
, 193
, 67
, 16
, 244
, 77
, 183
, 242
, 18
, 70
, 190
, 22
, 238
, 53
, 207
, 103
, 157
, 205
, 55
, 185
, 75
, 31
, 229
, 224
, 36
, 252
, 8
, 110
, 150
, 53
, 207
, 44
, 216
, 21
, 239
, 153
, 107
, 64
, 196
, 255
, 5
, 188
, 72
, 144
, 116
, 82
, 178
, 99
, 161
, 230
, 30
, 236
, 24
, 153
, 107
, 150
, 110
, 202
, 58
, 110
, 150
, 253
, 7
, 11
, 249
, 163
, 97
, 181
, 79
, 187
, 73
, 192
, 68
, 158
, 102
, 158
, 102
, 220
, 40
, 169
, 91
, 188
, 72
, 190
, 70
, 235
, 25
, 150
, 110
, 249
, 11
, 98
, 162
, 226
, 34
, 37
, 223
, 232
, 28
, 235
, 25
, 5
, 255
, 28
, 232
, 235
, 25
, 79
, 181
, 254
, 6
, 190
, 70
, 32
, 228
, 247
, 13
, 178
, 82
, 239
, 21
, 87
, 173
, 150
, 110
, 131
, 129
, 77
, 183
, 168
, 92
, 196
, 64
, 133
, 127
, 211
, 49
, 47
, 213
, 98
, 162
, 207
, 53
, 240
, 20
, 51
, 209
, 56
, 204
, 11
, 249
, 29
, 231
, 161
, 99
, 136
, 124
, 132
, 128
, 152
, 108
, 67
, 193
, 75
, 185
, 143
, 117
, 20
, 240
, 182
, 78
, 16
, 244
, 245
, 15
, 62
, 198
, 105
, 155
, 191
, 69
, 179
, 81
, 24
, 236
, 249
, 11
, 122
, 138
, 90
, 170
, 75
, 185
, 225
, 35
, 30
, 230
, 143
, 117
, 127
, 133
, 117
, 143
, 43
, 217
, 215
, 45
, 121
, 139
, 125
, 135
, 10
, 250
, 219
, 41
, 34
, 226
, 21
, 239
, 249
, 11
, 63
, 197
, 250
, 10
, 155
, 105
, 65
, 195
, 41
, 219
, 168
, 92
, 56
, 204
, 54
, 206
, 68
, 192
, 64
, 196
, 29
, 231
, 79
, 181
, 69
, 191
, 255
, 5
, 168
, 92
, 107
, 153
, 256
, 4
, 244
, 16
, 111
, 149
, 125
, 135
, 122
, 138
, 237
, 23
, 12
, 248
, 185
, 75
, 111
, 149
, 58
, 202
, 37
, 223
, 9
, 251
, 67
, 193
, 39
, 221
, 67
, 193
, 105
, 155
, 177
, 83
, 115
, 145
, 154
, 106
, 64
, 196
, 20
, 240
, 64
, 196
, 106
, 154
, 19
, 241
, 17
, 243
, 62
, 198
, 61
, 199
, 107
, 153
, 65
, 195
, 135
, 125
, 50
, 210
, 27
, 233
, 222
, 38
, 40
, 220
, 24
, 236
, 21
, 239
, 36
, 224
, 148
, 112
, 214
, 46
, 40
, 220
, 28
, 232
, 178
, 82
, 147
, 113
, 107
, 153
, 158
, 102
, 221
, 39
, 67
, 193
, 117
, 143
, 121
, 139
, 52
, 208
, 141
, 119
, 14
, 246
, 247
, 13
, 196
, 64
, 233
, 27
, 227
, 33
, 150
, 110
, 131
, 129
, 186
, 74
, 143
, 117
, 144
, 116
, 212
, 48
, 154
, 106
, 121
, 139
, 242
, 18
, 212
, 48
, 116
, 144
, 162
, 98
, 253
, 7
, 161
, 99
, 118
, 142
, 154
, 106
, 69
, 191
, 14
, 246
, 77
, 183
, 74
, 186
, 119
, 141
, 71
, 189
, 107
, 153
, 196
, 64
, 140
, 120
, 57
, 203
, 230
, 30
, 169
, 91
, 235
, 25
, 28
, 232
, 8
, 252
, 257
, 3
, 56
, 204
, 126
, 134
, 244
, 16
, 71
, 189
, 257
, 3
, 161
, 99
, 246
, 14
, 221
, 39
, 49
, 211
, 80
, 180
, 231
, 29
, 115
, 145
, 80
, 180
, 135
, 125
, 75
, 185
, 46
, 214
, 231
, 29
, 248
, 12
, 250
, 10
, 92
, 168
, 223
, 37
, 211
, 49
, 49
, 211
, 171
, 89
, 86
, 174
, 97
, 163
, 160
, 100
, 116
, 144
, 256
, 4
, 203
, 57
, 34
, 226
, 183
, 77
, 40
, 220
, 208
, 52
, 147
, 113
, 94
, 166
, 63
, 197
, 145
, 115
, 55
, 205
, 230
, 30
, 134
, 126
, 167
, 93
, 237
, 23
, 49
, 211
, 9
, 251
, 118
, 142
, 4
, 256
, 1
, 259
, 9
, 251
, 133
, 127
, 118
, 142
, 185
, 75
, 174
, 86
, 6
, 254
, 109
, 151
, 116
, 144
, 59
, 201
, 28
, 232
, 14
, 246
, 27
, 233
, 196
, 64
, 197
, 63
, 81
, 179
, 200
, 60
, 10
, 250
, 217
, 43
, 140
, 120
, 64
, 196
, 222
, 38
, 124
, 136
, 1
, 259
, 244
, 16
, 58
, 202
, 19
, 241
, 133
, 127
, 184
, 76
, 70
, 190
, 176
, 84
, 44
, 216
, 201
, 59
, 177
, 83
, 106
, 154
, 243
, 17
, 97
, 163
, 175
, 85
, 100
, 160
, 224
, 36
, 30
, 230
, 115
, 145
, 40
, 220
, 182
, 78
, 102
, 158
, 206
, 54
, 252
, 8
, 62
, 198
, 197
, 63
, 224
, 36
, 224
, 36
, 210
, 50
, 115
, 145
, 104
, 156
, 85
, 175
, 143
, 117
, 15
, 245
, 227
, 33
, 44
, 216
, 212
, 48
, 2
, 258
, 49
, 211
, 23
, 237
, 160
, 100
, 110
, 150
, 82
, 178
, 171
, 89
, 71
, 189
, 69
, 191
, 48
, 212
, 46
, 214
, 143
, 117
, 210
, 50
, 137
, 123
, 24
, 236
, 113
, 147
, 208
, 52
, 5
, 255
, 169
, 91
, 124
, 136
, 96
, 164
, 97
, 163
, 3
, 257
, 159
, 101
, 37
, 223
, 141
, 119
, 205
, 55
, 189
, 71
, 135
, 125
, 80
, 180
, 203
, 57
, 27
, 233
, 173
, 87
, 89
, 171
, 95
, 165
, 41
, 219
, 24
, 236
, 194
, 66
, 248
, 12
, 1
, 259
, 241
, 19
, 12
, 248
, 180
, 80
, 229
, 31
, 146
, 114
, 189
, 71
, 138
, 122
, 142
, 118
, 145
, 115
, 21
, 239
, 181
, 79
, 37
, 223
, 226
, 34
, 125
, 135
, 44
, 216
, 169
, 91
, 133
, 127
, 237
, 23
, 94
, 166
, 112
, 148
, 3
, 257
, 5
, 255
, 94
, 166
, 25
, 235
, 129
, 131
, 30
, 230
, 57
, 203
, 86
, 174
, 92
, 168
, 245
, 15
, 184
, 76
, 89
, 171
, 97
, 163
, 73
, 187
, 70
, 190
, 188
, 72
, 83
, 177
, 127
, 133
, 171
, 89
, 219
, 41
, 128
, 132
, 221
, 39
, 128
, 132
, 37
, 223
, 189
, 71
, 12
, 248
, 235
, 25
, 73
, 187
, 229
, 31
, 178
, 82
, 61
, 199
, 159
, 101
, 139
, 121
, 125
, 135
, 192
, 68
, 88
, 172
, 143
, 117
, 142
, 118
, 94
, 166
, 23
, 237
, 163
, 97
, 139
, 121
, 57
, 203
, 28
, 232
, 107
, 153
, 17
, 243
, 148
, 112
, 118
, 142
, 12
, 248
, 169
, 91
, 231
, 29
, 154
, 106
, 83
, 177
, 15
, 245
, 4
, 256
, 124
, 136
, 6
, 254
, 160
, 100
, 146
, 114
, 104
, 156
, 87
, 173
, 67
, 193
, 115
, 145
, 31
, 229
, 252
, 8
, 164
, 96
, 121
, 139
, 171
, 89
, 183
, 77
, 14
, 246
, 134
, 126
, 66
, 194
, 197
, 63
, 66
, 194
, 194
, 66
, 175
, 85
, 73
, 187
, 210
, 50
, 236
, 24
, 140
, 120
, 79
, 181
, 234
, 26
, 211
, 49
, 28
, 232
, 28
, 232
, 182
, 78
, 175
, 85
, 139
, 121
, 126
, 134
, 110
, 150
, 21
, 239
, 121
, 139
, 26
, 234
, 157
, 103
, 205
, 55
, 160
, 100
, 241
, 19
, 144
, 116
, 57
, 203
, 187
, 73
, 131
, 129
, 172
, 88
, 118
, 142
, 64
, 196
, 87
, 173
, 4
, 256
, 177
, 83
, 209
, 51
, 75
, 185
, 252
, 8
, 186
, 74
, 68
, 192
, 39
, 221
, 154
, 106
, 158
, 102
, 42
, 218
, 18
, 242
, 207
, 53
, 121
, 139
, 131
, 129
, 53
, 207
, 165
, 95
, 5
, 255
, 13
, 247
, 250
, 10
, 160
, 100
, 108
, 152
, 9
, 251
, 183
, 77
, 186
, 74
, 112
, 148
, 41
, 219
, 213
, 47
, 173
, 87
, 176
, 84
, 222
, 38
, 237
, 23
, 236
, 24
, 12
, 248
, 98
, 162
, 220
, 40
, 166
, 94
, 221
, 39
, 223
, 37
, 225
, 35
, 203
, 57
, 75
, 185
, 164
, 96
, 84
, 176
, 234
, 26
, 144
, 116
, 176
, 84
, 76
, 184
, 4
, 256
, 138
, 122
, 185
, 75
, 152
, 108
, 42
, 218
, 21
, 239
, 238
, 22
, 188
, 72
, 178
, 82
, 191
, 69
, 107
, 153
, 100
, 160
, 22
, 238
, 191
, 69
, 160
, 100
, 70
, 190
, 114
, 146
, 111
, 149
, 189
, 71
, 163
, 97
, 197
, 63
, 171
, 89
, 191
, 69
, 98
, 162
, 205
, 55
, 176
, 84
, 81
, 179
, 206
, 54
, 88
, 172
, 81
, 179
, 129
, 131
, 163
, 97
, 214
, 46
, 150
, 110
, 63
, 197
, 236
, 24
, 117
, 143
, 171
, 89
, 173
, 87
, 125
, 135
, 60
, 200
, 257
, 3
, 175
, 85
, 210
, 50
, 106
, 154
, 205
, 55
, 117
, 143
, 246
, 14
, 239
, 21
, 150
, 110
, 88
, 172
, 184
, 76
, 20
, 240
, 112
, 148
, 256
, 4
, 52
, 208
, 88
, 172
, 104
, 156
, 110
, 150
, 74
, 186
, 38
, 222
, 134
, 126
, 171
, 89
, 66
, 194
, 132
, 128
, 234
, 26
, 43
, 217
, 64
, 196
, 82
, 178
, 51
, 209
, 257
, 3
, 3
, 257
, 156
, 104
, 224
, 36
, 254
, 6
, 215
, 45
, 31
, 229
, 69
, 191
, 233
, 27
, 183
, 77
, 117
, 143
, 227
, 33
, 135
, 125
, 228
, 32
, 37
, 223
, 193
, 67
, 154
, 106
, 248
, 12
, 127
, 133
, 146
, 114
, 100
, 160
, 235
, 25
, 246
, 14
, 159
, 101
, 203
, 57
, 178
, 82
, 219
, 41
, 103
, 157
, 149
, 111
, 200
, 60
, 37
, 223
, 132
, 128
, 22
, 238
, 185
, 75
, 66
, 194
, 122
, 138
, 235
, 25
, 80
, 180
, 20
, 240
, 201
, 59
, 39
, 221
, 7
, 253
, 103
, 157
, 13
, 247
, 229
, 31
, 130
, 130
, 97
, 163
, 211
, 49
, 49
, 211
, 16
, 244
, 224
, 36
, 184
, 76
, 191
, 69
, 77
, 183
, 32
, 228
, 240
, 20
, 212
, 48
, 20
, 240
, 48
, 212
, 104
, 156
, 5
, 255
, 249
, 11
, 64
, 196
, 219
, 41
, 162
, 98
, 160
, 100
, 122
, 138
, 212
, 48
, 168
, 92
, 55
, 205
, 235
, 25
, 132
, 128
, 64
, 196
, 120
, 140
, 251
, 9
, 129
, 131
, 176
, 84
, 244
, 16
, 149
, 111
, 163
, 97
, 71
, 189
, 200
, 60
, 114
, 146
, 210
, 50
, 250
, 10
, 210
, 50
, 229
, 31
, 107
, 153
, 68
, 192
, 131
, 129
, 30
, 230
, 1
, 259
, 210
, 50
, 126
, 134
, 219
, 41
, 20
, 240
, 212
, 48
, 29
, 231
, 61
, 199
, 35
, 225
, 17
, 243
, 192
, 68
, 241
, 19
, 146
, 114
, 219
, 41
, 141
, 119
, 112
, 148
, 140
, 120
, 48
, 212
, 99
, 161
, 23
, 237
, 122
, 138
, 12
, 248
, 29
, 231
, 10
, 250
, 34
, 226
, 39
, 221
, 15
, 245
, 140
, 120
, 31
, 229
, 28
, 232
, 218
, 42
, 147
, 113
, 236
, 24
, 226
, 34
, 48
, 212
, 117
, 143
, 44
, 216
, 202
, 58
, 127
, 133
, 252
, 8
, 108
, 152
, 57
, 203
, 76
, 184
, 164
, 96
, 55
, 205
, 216
, 44
, 217
, 43
, 79
, 181
, 189
, 71
, 237
, 23
, 247
, 13
, 224
, 36
, 44
, 216
, 136
, 124
, 48
, 212
, 220
, 40
, 209
, 51
, 195
, 65
, 181
, 79
, 119
, 141
, 206
, 54
, 2
, 258
, 92
, 168
, 160
, 100
, 109
, 151
, 6
, 254
, 134
, 126
, 20
, 240
, 76
, 184
, 172
, 88
, 110
, 150
, 93
, 167
, 225
, 35
, 37
, 223
, 159
, 101
, 211
, 49
, 203
, 57
, 252
, 8
, 156
, 104
, 167
, 93
, 68
, 192
, 214
, 46
, 234
, 26
, 81
, 179
, 156
, 104
, 185
, 75
, 110
, 150
, 40
, 220
, 71
, 189
, 189
, 71
, 104
, 156
, 83
, 177
, 13
, 247
, 134
, 126
, 219
, 41
, 160
, 100
, 195
, 65
, 95
, 165
, 151
, 109
, 20
, 240
, 53
, 207
, 57
, 203
, 242
, 18
, 26
, 234
, 250
, 10
, 194
, 66
, 12
, 248
, 248
, 12
, 189
, 71
, 87
, 173
, 104
, 156
, 127
, 133
, 210
, 50
, 110
, 150
, 44
, 216
, 247
, 13
, 21
, 239
, 128
, 132
, 189
, 71
, 67
, 193
, 20
, 240
, 249
, 11
, 34
, 226
, 117
, 143
, 118
, 142
, 195
, 65
, 219
, 41
, 171
, 89
, 222
, 38
, 250
, 10
, 188
, 72
, 76
, 184
, 196
, 64
, 209
, 51
, 81
, 179
, 8
, 252
, 76
, 184
, 216
, 44
, 202
, 58
, 211
, 49
, 120
, 140
, 246
, 14
, 34
, 226
, 184
, 76
, 110
, 150
, 167
, 93
, 205
, 55
, 211
, 49
, 2
, 258
, 251
, 9
, 79
, 181
, 89
, 171
, 58
, 202
, 43
, 217
, 33
, 227
, 73
, 187
, 95
, 165
, 216
, 44
, 95
, 165
, 71
, 189
, 212
, 48
, 141
, 119
, 159
, 101
, 244
, 16
, 151
, 109
, 44
, 216
, 249
, 11
, 176
, 84
, 246
, 14
, 254
, 6
, 207
, 53
, 231
, 29
, 177
, 83
, 255
, 5
, 51
, 209
, 119
, 141
, 115
, 145
, 81
, 179
, 193
, 67
, 71
, 189
, 245
, 15
, 214
, 46
, 246
, 14
, 186
, 74
, 32
, 228
, 242
, 18
, 82
, 178
, 102
, 158
, 83
, 177
, 77
, 183
, 13
, 247
, 13
, 247
, 154
, 106
, 45
, 215
, 80
, 180
, 75
, 185
, 42
, 218
, 76
, 184
, 130
, 130
, 81
, 179
, 80
, 180
, 168
, 92
, 103
, 157
, 232
, 28
, 204
, 56
, 111
, 149
, 53
, 207
, 230
, 30
, 96
, 164
, 172
, 88
, 201
, 59
, 12
, 248
, 130
, 130
, 201
, 59
, 207
, 53
, 88
, 172
, 60
, 200
, 12
, 248
, 205
, 55
, 28
, 232
, 3
, 257
, 196
, 64
, 146
, 114
, 59
, 201
, 207
, 53
, 149
, 111
, 78
, 182
, 228
, 32
, 164
, 96
, 99
, 161
, 139
, 121
, 128
, 132
, 186
, 74
, 29
, 231
, 85
, 175
, 215
, 45
, 7
, 253
, 181
, 79
, 114
, 146
, 127
, 133
, 2
, 258
, 67
, 193
, 145
, 115
, 127
, 133
, 200
, 60
, 36
, 224
, 74
, 186
, 186
, 74
, 229
, 31
, 32
, 228
, 190
, 70
, 95
, 165
, 237
, 23
, 95
, 165
, 242
, 18
, 28
, 232
, 235
, 25
, 28
, 232
, 232
, 28
, 62
, 198
, 33
, 227
, 125
, 135
, 134
, 126
, 20
, 240
, 145
, 115
, 214
, 46
, 230
, 30
, 169
, 91
, 115
, 145
, 213
, 47
, 2
, 258
, 21
, 239
, 33
, 227
, 89
, 171
, 21
, 239
, 123
, 137
, 102
, 158
, 244
, 16
, 231
, 29
, 189
, 71
, 66
, 194
, 225
, 35
, 221
, 39
, 23
, 237
, 178
, 82
, 136
, 124
, 14
, 246
, 115
, 145
, 112
, 148
, 168
, 92
, 120
, 140
, 138
, 122
, 220
, 40
, 222
, 38
, 154
, 106
, 117
, 143
, 14
, 246
, 151
, 109
, 103
, 157
, 7
, 253
, 150
, 110
, 61
, 199
, 145
, 115
, 53
, 207
, 181
, 79
, 1
, 259
, 60
, 200
, 252
, 8
, 239
, 21
, 172
, 88
, 224
, 36
, 90
, 170
, 235
, 25
, 112
, 148
, 23
, 237
, 196
, 64
, 240
, 20
, 190
, 70
, 130
, 130
, 193
, 67
, 188
, 72
, 41
, 219
, 68
, 192
, 22
, 238
, 232
, 28
, 49
, 211
, 158
, 102
, 237
, 23
, 97
, 163
, 123
, 137
, 198
, 62
, 236
, 24
, 20
, 240
, 160
, 100
, 30
, 230
, 183
, 77
, 126
, 134
, 209
, 51
, 228
, 32
, 199
, 61
, 189
, 71
, 111
, 149
, 74
, 186
, 240
, 20
, 44
, 216
, 142
, 118
, 89
, 171
, 56
, 204
, 25
, 235
, 218
, 42
, 227
, 33
, 115
, 145
, 163
, 97
, 162
, 98
, 147
, 113
, 105
, 155
, 202
, 58
, 148
, 112
, 214
, 46
, 42
, 218
, 129
, 131
, 172
, 88
, 101
, 159
, 23
, 237
, 216
, 44
, 236
, 24
, 107
, 153
, 4
, 256
, 22
, 238
, 134
, 126
, 139
, 121
, 32
, 228
, 179
, 81
, 152
, 108
, 3
, 257
, 85
, 175
, 59
, 201
, 173
, 87
, 195
, 65
, 64
, 196
, 4
, 256
, 124
, 136
, 174
, 86
, 227
, 33
, 124
, 136
, 77
, 183
, 181
, 79
, 78
, 182
, 62
, 198
, 81
, 179
, 145
, 115
, 249
, 11
, 12
, 248
, 103
, 157
, 63
, 197
, 109
, 151
, 41
, 219
, 35
, 225
, 134
, 126
, 156
, 104
, 197
, 63
, 215
, 45
, 140
, 120
, 174
, 86
, 198
, 62
, 15
, 245
, 65
, 195
, 195
, 65
, 44
, 216
, 207
, 53
, 137
, 123
, 185
, 75
, 69
, 191
, 201
, 59
, 244
, 16
, 14
, 246
, 162
, 98
, 51
, 209
, 213
, 47
, 49
, 211
, 206
, 54
, 237
, 23
, 159
, 101
, 179
, 81
, 208
, 52
, 67
, 193
, 77
, 183
, 25
, 235
, 108
, 152
, 35
, 225
, 215
, 45
, 230
, 30
, 85
, 175
, 179
, 81
, 51
, 209
, 1
, 259
, 188
, 72
, 66
, 194
, 138
, 122
, 127
, 133
, 101
, 159
, 168
, 92
, 215
, 45
, 167
, 93
, 228
, 32
, 137
, 123
, 92
, 168
, 52
, 208
, 146
, 114
, 152
, 108
, 229
, 31
, 71
, 189
, 132
, 128
, 13
, 247
, 3
, 257
, 55
, 205
, 166
, 94
, 12
, 248
, 192
, 68
, 119
, 141
, 232
, 28
, 42
, 218
, 153
, 107
, 120
, 140
, 57
, 203
, 163
, 97
, 206
, 54
, 128
, 132
, 238
, 22
, 25
, 235
, 26
, 234
, 3
, 257
, 206
, 54
, 31
, 229
, 37
, 223
, 165
, 95
, 24
, 236
, 122
, 138
, 224
, 36
, 43
, 217
, 82
, 178
, 119
, 141
, 102
, 158
, 41
, 219
, 222
, 38
, 16
, 244
, 88
, 172
, 160
, 100
, 132
, 128
, 49
, 211
, 54
, 206
, 180
, 80
, 118
, 142
, 230
, 30
, 76
, 184
, 83
, 177
, 89
, 171
, 148
, 112
, 86
, 174
, 137
, 123
, 247
, 13
, 196
, 64
, 221
, 39
, 148
, 112
, 83
, 177
, 232
, 28
, 128
, 132
, 78
, 182
, 39
, 221
, 150
, 110
, 34
, 226
, 211
, 49
, 202
, 58
, 213
, 47
, 188
, 72
, 170
, 90
, 132
, 128
, 187
, 73
, 24
, 236
, 26
, 234
, 55
, 205
, 23
, 237
, 103
, 157
, 12
, 248
, 194
, 66
, 106
, 154
, 140
, 120
, 257
, 3
, 155
, 105
, 235
, 25
, 42
, 218
, 241
, 19
, 229
, 31
, 51
, 209
, 159
, 101
, 238
, 22
, 151
, 109
, 243
, 17
, 22
, 238
, 113
, 147
, 78
, 182
, 172
, 88
, 75
, 185
, 173
, 87
, 71
, 189
, 165
, 95
, 180
, 80
, 193
, 67
, 139
, 121
, 211
, 49
, 125
, 135
, 7
, 253
, 177
, 83
, 50
, 210
, 51
, 209
, 207
, 53
, 200
, 60
, 84
, 176
, 174
, 86
, 245
, 15
, 109
, 151
, 2
, 258
, 208
, 52
, 57
, 203
, 56
, 204
, 226
, 34
, 245
, 15
, 70
, 190
, 193
, 67
, 164
, 96
, 238
, 22
, 97
, 163
, 68
, 192
, 130
, 130
, 16
, 244
, 57
, 203
, 142
, 118
, 192
, 68
, 30
, 230
, 48
, 212
, 203
, 57
, 171
, 89
, 234
, 26
, 165
, 95
, 146
, 114
, 215
, 45
, 8
, 252
, 206
, 54
, 245
, 15
, 46
, 214
, 57
, 203
, 212
, 48
, 255
, 5
, 39
, 221
, 214
, 46
, 14
, 246
, 90
, 170
, 42
, 218
, 207
, 53
, 154
, 106
, 49
, 211
, 182
, 78
, 255
, 5
, 204
, 56
, 98
, 162
, 104
, 156
, 44
, 216
, 116
, 144
, 217
, 43
, 167
, 93
, 67
, 193
, 250
, 10
, 16
, 244
, 196
, 64
, 103
, 157
, 29
, 231
, 96
, 164
, 251
, 9
, 162
, 98
, 76
, 184
, 162
, 98
, 232
, 28
, 66
, 194
, 80
, 180
, 79
, 181
, 159
, 101
, 135
, 125
, 69
, 191
, 240
, 20
, 250
, 10
, 116
, 144
, 62
, 198
, 36
, 224
, 146
, 114
, 28
, 232
, 152
, 108
, 230
, 30
, 226
, 34
, 73
, 187
, 252
, 8
, 84
, 176
, 101
, 159
, 205
, 55
, 86
, 174
, 234
, 26
, 95
, 165
, 85
, 175
, 102
, 158
, 129
, 131
, 135
, 125
, 168
, 92
, 134
, 126
, 176
, 84
, 105
, 155
, 140
, 120
, 131
, 129
, 232
, 28
, 159
, 101
, 199
, 61
, 44
, 216
, 73
, 187
, 45
, 215
, 198
, 62
, 8
, 252
, 215
, 45
, 64
, 196
, 12
, 248
, 32
, 228
, 174
, 86
, 217
, 43
, 21
, 239
, 105
, 155
, 178
, 82
, 168
, 92
, 153
, 107
, 59
, 201
, 156
, 104
, 173
, 87
, 147
, 113
, 126
, 134
, 243
, 17
, 80
, 180
, 237
, 23
, 251
, 9
, 205
, 55
, 18
, 242
, 15
, 245
, 21
, 239
, 182
, 78
, 95
, 165
, 144
, 116
, 221
, 39
, 110
, 150
, 144
, 116
, 192
, 68
, 157
, 103
, 7
, 253
, 75
, 185
, 176
, 84
, 50
, 210
, 132
, 128
, 247
, 13
, 107
, 153
, 240
, 20
, 15
, 245
, 11
, 249
, 165
, 95
, 68
, 192
, 71
, 189
, 162
, 98
, 109
, 151
, 62
, 198
, 149
, 111
, 26
, 234
, 200
, 60
, 142
, 118
, 216
, 44
, 253
, 7
, 11
, 249
, 236
, 24
, 3
, 257
, 100
, 160
, 221
, 39
, 214
, 46
, 10
, 250
, 118
, 142
, 180
, 80
, 93
, 167
, 60
, 200
, 138
, 122
, 51
, 209
, 52
, 208
, 243
, 17
, 249
, 11
, 134
, 126
, 201
, 59
, 229
, 31
, 188
, 72
, 256
, 4
, 98
, 162
, 10
, 250
, 73
, 187
, 7
, 253
, 31
, 229
, 157
, 103
, 44
, 216
, 189
, 71
, 12
, 248
, 55
, 205
, 97
, 163
, 94
, 166
, 109
, 151
, 5
, 255
, 164
, 96
, 75
, 185
, 54
, 206
, 51
, 209
, 70
, 190
, 33
, 227
, 71
, 189
, 121
, 139
, 105
, 155
, 47
, 213
, 60
, 200
, 235
, 25
, 171
, 89
, 126
, 134
, 91
, 169
, 198
, 62
, 40
, 220
, 130
, 130
, 67
, 193
, 111
, 149
, 50
, 210
, 214
, 46
, 159
, 101
, 87
, 173
, 256
, 4
, 230
, 30
, 243
, 17
, 144
, 116
, 83
, 177
, 45
, 215
, 118
, 142
, 63
, 197
, 37
, 223
, 23
, 237
, 66
, 194
, 14
, 246
, 80
, 180
, 62
, 198
, 36
, 224
, 180
, 80
, 243
, 17
, 234
, 26
, 173
, 87
, 251
, 9
, 3
, 257
, 189
, 71
, 225
, 35
, 10
, 250
, 109
, 151
, 221
, 39
, 136
, 124
, 87
, 173
, 88
, 172
, 122
, 138
, 39
, 221
, 10
, 250
, 33
, 227
, 97
, 163
, 128
, 132
, 32
, 228
, 55
, 205
, 101
, 159
, 34
, 226
, 116
, 144
, 117
, 143
, 221
, 39
, 256
, 4
, 62
, 198
, 248
, 12
, 23
, 237
, 66
, 194
, 152
, 108
, 181
, 79
, 96
, 164
, 116
, 144
, 197
, 63
, 173
, 87
, 210
, 50
, 31
, 229
, 33
, 227
, 50
, 210
, 212
, 48
, 205
, 55
, 257
, 3
, 204
, 56
, 41
, 219
, 173
, 87
, 131
, 129
, 147
, 113
, 258
, 2
, 166
, 94
, 50
, 210
, 232
, 28
, 151
, 109
, 152
, 108
, 192
, 68
, 223
, 37
, 61
, 199
, 163
, 97
, 161
, 99
, 206
, 54
, 169
, 91
, 38
, 222
, 129
, 131
, 239
, 21
, 164
, 96
, 211
, 49
, 236
, 24
, 247
, 13
, 219
, 41
, 90
, 170
, 164
, 96
, 38
, 222
, 175
, 85
, 236
, 24
, 1
, 259
, 142
, 118
, 15
, 245
, 118
, 142
, 83
, 177
, 96
, 164
, 135
, 125
, 92
, 168
, 211
, 49
, 129
, 131
, 115
, 145
, 81
, 179
, 62
, 198
, 256
, 4
, 157
, 103
, 153
, 107
, 225
, 35
, 199
, 61
, 72
, 188
, 6
, 254
, 174
, 86
, 147
, 113
, 194
, 66
, 110
, 150
, 38
, 222
, 48
, 212
, 120
, 140
, 69
, 191
, 231
, 29
, 150
, 110
, 240
, 20
, 249
, 11
, 188
, 72
, 116
, 144
, 95
, 165
, 203
, 57
, 226
, 34
, 38
, 222
, 113
, 147
, 100
, 160
, 193
, 67
, 34
, 226
, 146
, 114
, 9
, 251
, 49
, 211
, 35
, 225
, 95
, 165
, 119
, 141
, 177
, 83
, 202
, 58
, 28
, 232
, 238
, 22
, 249
, 11
, 132
, 128
, 147
, 113
, 95
, 165
, 18
, 242
, 159
, 101
, 7
, 253
, 128
, 132
, 179
, 81
, 106
, 154
, 199
, 61
, 242
, 18
, 226
, 34
, 60
, 200
, 211
, 49
, 116
, 144
, 180
, 80
, 160
, 100
, 111
, 149
, 186
, 74
, 191
, 69
, 165
, 95
, 125
, 135
, 3
, 257
, 113
, 147
, 64
, 196
, 139
, 121
, 40
, 220
, 98
, 162
, 231
, 29
, 98
, 162
, 31
, 229
, 57
, 203
, 251
, 9
, 127
, 133
, 77
, 183
, 202
, 58
, 161
, 99
, 213
, 47
, 214
, 46
, 115
, 145
, 166
, 94
, 116
, 144
, 33
, 227
, 204
, 56
, 16
, 244
, 168
, 92
, 110
, 150
, 28
, 232
, 232
, 28
, 192
, 68
, 91
, 169
, 134
, 126
, 65
, 195
, 173
, 87
, 115
, 145
, 138
, 122
, 240
, 20
, 77
, 183
, 111
, 149
, 38
, 222
, 76
, 184
, 213
, 47
, 46
, 214
, 162
, 98
, 104
, 156
, 184
, 76
, 195
, 65
, 36
, 224
, 53
, 207
, 20
, 240
, 92
, 168
, 171
, 89
, 87
, 173
, 130
, 130
, 194
, 66
, 180
, 80
, 140
, 120
, 244
, 16
, 208
, 52
, 41
, 219
, 40
, 220
, 37
, 223
, 13
, 247
, 130
, 130
, 128
, 132
, 137
, 123
, 71
, 189
, 68
, 192
, 122
, 138
, 210
, 50
, 157
, 103
, 241
, 19
, 151
, 109
, 47
, 213
, 56
, 204
, 178
, 82
, 223
, 37
, 219
, 41
, 123
, 137
, 24
, 236
, 200
, 60
, 111
, 149
, 139
, 121
, 60
, 200
, 171
, 89
, 242
, 18
, 212
, 48
, 103
, 157
, 118
, 142
, 11
, 249
, 199
, 61
, 245
, 15
, 88
, 172
, 195
, 65
, 173
, 87
, 17
, 243
, 173
, 87
, 84
, 176
, 113
, 147
, 5
, 255
, 7
, 253
, 114
, 146
, 209
, 51
, 76
, 184
, 64
, 196
, 71
, 189
, 7
, 253
, 70
, 190
, 165
, 95
, 121
, 139
, 247
, 13
, 189
, 71
, 199
, 61
, 172
, 88
, 207
, 53
, 130
, 130
, 95
, 165
, 157
, 103
, 166
, 94
, 33
, 227
, 127
, 133
, 201
, 59
, 91
, 169
, 248
, 12
, 156
, 104
, 44
, 216
, 138
, 122
, 99
, 161
, 99
, 161
, 20
, 240
, 240
, 20
, 119
, 141
, 197
, 63
, 111
, 149
, 232
, 28
, 15
, 245
, 239
, 21
, 49
, 211
, 159
, 101
, 176
, 84
, 95
, 165
, 134
, 126
, 63
, 197
, 196
, 64
, 82
, 178
, 170
, 90
, 248
, 12
, 254
, 6
, 231
, 29
, 162
, 98
, 163
, 97
, 38
, 222
, 247
, 13
, 192
, 68
, 164
, 96
, 213
, 47
, 14
, 246
, 174
, 86
, 204
, 56
, 193
, 67
, 224
, 36
, 9
, 251
, 115
, 145
, 160
, 100
, 20
, 240
, 224
, 36
, 201
, 59
, 103
, 157
, 247
, 13
, 110
, 150
, 66
, 194
, 228
, 32
, 115
, 145
, 212
, 48
, 15
, 245
, 173
, 87
, 85
, 175
, 187
, 73
, 130
, 130
, 254
, 6
, 139
, 121
, 39
, 221
, 218
, 42
, 151
, 109
, 77
, 183
, 185
, 75
, 126
, 134
, 87
, 173
, 34
, 226
, 9
, 251
, 131
, 129
, 52
, 208
, 8
, 252
, 46
, 214
, 163
, 97
, 227
, 33
, 16
, 244
, 215
, 45
, 87
, 173
, 75
, 185
, 101
, 159
, 149
, 111
, 229
, 31
, 18
, 242
, 126
, 134
, 151
, 109
, 135
, 125
, 66
, 194
, 100
, 160
, 235
, 25
, 256
, 4
, 129
, 131
, 247
, 13
, 80
, 180
, 85
, 175
, 214
, 46
, 118
, 142
, 107
, 153
, 151
, 109
, 150
, 110
, 171
, 89
, 174
, 86
, 55
, 205
, 22
, 238
, 192
, 68
, 18
, 242
, 206
, 54
, 76
, 184
, 19
, 241
, 248
, 12
, 114
, 146
, 2
, 258
, 106
, 154
, 4
, 256
, 257
, 3
, 47
, 213
, 40
, 220
, 84
, 176
, 255
, 5
, 116
, 144
, 204
, 56
, 140
, 120
, 213
, 47
, 205
, 55
, 17
, 243
, 187
, 73
, 14
, 246
, 34
, 226
, 101
, 159
, 26
, 234
, 139
, 121
, 116
, 144
, 233
, 27
, 159
, 101
, 226
, 34
, 16
, 244
, 16
, 244
, 111
, 149
, 170
, 90
, 230
, 30
, 70
, 190
, 29
, 231
, 137
, 123
, 88
, 172
, 192
, 68
, 69
, 191
, 32
, 228
, 106
, 154
, 56
, 204
, 21
, 239
, 123
, 137
, 110
, 150
, 66
, 194
, 116
, 144
, 23
, 237
, 20
, 240
, 171
, 89
, 173
, 87
, 20
, 240
, 200
, 60
, 154
, 106
, 241
, 19
, 123
, 137
, 80
, 180
, 100
, 160
, 192
, 68
, 16
, 244
, 116
, 144
, 125
, 135
, 181
, 79
, 34
, 226
, 160
, 100
, 189
, 71
, 221
, 39
, 222
, 38
, 200
, 60
, 43
, 217
, 107
, 153
, 233
, 27
, 90
, 170
, 134
, 126
, 190
, 70
, 5
, 255
, 64
, 196
, 247
, 13
, 53
, 207
, 83
, 177
, 249
, 11
, 87
, 173
, 214
, 46
, 153
, 107
, 173
, 87
, 122
, 138
, 215
, 45
, 163
, 97
, 258
, 2
, 181
, 79
, 46
, 214
, 67
, 193
, 225
, 35
, 55
, 205
, 32
, 228
, 209
, 51
, 199
, 61
, 61
, 199
, 5
, 255
, 189
, 71
, 204
, 56
, 51
, 209
, 3
, 257
, 176
, 84
, 239
, 21
, 46
, 214
, 43
, 217
, 237
, 23
, 57
, 203
, 109
, 151
, 105
, 155
, 196
, 64
, 234
, 26
, 94
, 166
, 80
, 180
, 131
, 129
, 35
, 225
, 12
, 248
, 43
, 217
, 106
, 154
, 134
, 126
, 161
, 99
, 158
, 102
, 2
, 258
, 93
, 167
, 199
, 61
, 215
, 45
, 140
, 120
, 44
, 216
, 133
, 127
, 35
, 225
, 153
, 107
, 90
, 170
, 105
, 155
, 36
, 224
, 78
, 182
, 4
, 256
, 248
, 12
, 60
, 200
, 212
, 48
, 196
, 64
, 141
, 119
, 248
, 12
, 104
, 156
, 184
, 76
, 114
, 146
, 180
, 80
, 79
, 181
, 9
, 251
, 242
, 18
, 72
, 188
, 77
, 183
, 222
, 38
, 34
, 226
, 39
, 221
, 36
, 224
, 27
, 233
, 216
, 44
, 115
, 145
, 110
, 150
, 208
, 52
, 211
, 49
, 93
, 167
, 31
, 229
, 82
, 178
, 172
, 88
, 78
, 182
, 254
, 6
, 139
, 121
, 248
, 12
, 212
, 48
, 164
, 96
, 29
, 231
, 61
, 199
, 93
, 167
, 87
, 173
, 170
, 90
, 52
, 208
, 126
, 134
, 100
, 160
, 58
, 202
, 24
, 236
, 26
, 234
, 193
, 67
, 11
, 249
, 258
, 2
, 64
, 196
, 52
, 208
, 80
, 180
, 160
, 100
, 186
, 74
, 140
, 120
, 255
, 5
, 52
, 208
, 112
, 148
, 243
, 17
, 25
, 235
, 45
, 215
, 37
, 223
, 221
, 39
, 34
, 226
, 138
, 122
, 177
, 83
, 124
, 136
, 181
, 79
, 208
, 52
, 20
, 240
, 9
, 251
, 27
, 233
, 26
, 234
, 212
, 48
, 220
, 40
, 36
, 224
, 132
, 128
, 19
, 241
, 130
, 130
, 218
, 42
, 138
, 122
, 19
, 241
, 123
, 137
, 114
, 146
, 163
, 97
, 4
, 256
, 211
, 49
, 201
, 59
, 4
, 256
, 150
, 110
, 230
, 30
, 252
, 8
, 53
, 207
, 241
, 19
, 221
, 39
, 203
, 57
, 181
, 79
, 92
, 168
, 151
, 109
, 59
, 201
, 180
, 80
, 40
, 220
, 87
, 173
, 39
, 221
, 47
, 213
, 239
, 21
, 173
, 87
, 184
, 76
, 146
, 114
, 205
, 55
, 21
, 239
, 61
, 199
, 161
, 99
, 120
, 140
, 127
, 133
, 81
, 179
, 219
, 41
, 65
, 195
, 228
, 32
, 151
, 109
, 69
, 191
, 168
, 92
, 45
, 215
, 157
, 103
, 215
, 45
, 164
, 96
, 64
, 196
, 226
, 34
, 240
, 20
, 6
, 254
, 87
, 173
, 151
, 109
, 148
, 112
, 49
, 211
, 63
, 197
, 149
, 111
, 39
, 221
, 151
, 109
, 82
, 178
, 78
, 182
, 172
, 88
, 254
, 6
, 162
, 98
, 182
, 78
, 158
, 102
, 40
, 220
, 188
, 72
, 8
, 252
, 29
, 231
, 81
, 179
, 70
, 190
, 37
, 223
, 242
, 18
, 229
, 31
, 153
, 107
, 6
, 254
, 136
, 124
, 188
, 72
, 175
, 85
, 193
, 67
, 258
, 2
, 257
, 3
, 218
, 42
, 205
, 55
, 209
, 51
, 92
, 168
, 7
, 253
, 209
, 51
, 110
, 150
, 230
, 30
, 72
, 188
, 195
, 65
, 15
, 245
, 189
, 71
, 171
, 89
, 151
, 109
, 247
, 13
, 242
, 18
, 200
, 60
, 86
, 174
, 95
, 165
, 159
, 101
, 194
, 66
, 45
, 215
, 26
, 234
, 73
, 187
, 171
, 89
, 246
, 14
, 87
, 173
, 195
, 65
, 107
, 153
, 74
, 186
, 88
, 172
, 56
, 204
, 217
, 43
, 62
, 198
, 175
, 85
, 148
, 112
, 183
, 77
, 107
, 153
, 239
, 21
, 107
, 153
, 17
, 243
, 255
, 5
, 46
, 214
, 102
, 158
, 135
, 125
, 85
, 175
, 49
, 211
, 139
, 121
, 100
, 160
, 95
, 165
, 163
, 97
, 221
, 39
, 241
, 19
, 119
, 141
, 180
, 80
, 170
, 90
, 10
, 250
, 170
, 90
, 21
, 239
, 187
, 73
, 224
, 36
, 71
, 189
, 170
, 90
, 51
, 209
, 31
, 229
, 123
, 137
, 156
, 104
, 54
, 206
, 13
, 247
, 256
, 4
, 102
, 158
, 119
, 141
, 187
, 73
, 15
, 245
, 183
, 77
, 22
, 238
, 18
, 242
, 106
, 154
, 99
, 161
, 184
, 76
, 218
, 42
, 247
, 13
, 226
, 34
, 90
, 170
, 169
, 91
, 76
, 184
, 251
, 9
, 163
, 97
, 75
, 185
, 77
, 183
, 62
, 198
, 151
, 109
, 156
, 104
, 146
, 114
, 129
, 131
, 25
, 235
, 119
, 141
, 57
, 203
, 198
, 62
, 193
, 67
, 75
, 185
, 154
, 106
, 4
, 256
, 62
, 198
, 199
, 61
, 159
, 101
, 104
, 156
, 10
, 250
, 154
, 106
, 137
, 123
, 210
, 50
, 194
, 66
, 173
, 87
, 183
, 77
, 13
, 247
, 35
, 225
, 72
, 188
, 147
, 113
, 65
, 195
, 222
, 38
, 16
, 244
, 163
, 97
, 161
, 99
, 169
, 91
, 88
, 172
, 229
, 31
, 47
, 213
, 180
, 80
, 127
, 133
, 2
, 258
, 77
, 183
, 208
, 52
, 216
, 44
, 215
, 45
, 38
, 222
, 242
, 18
, 135
, 125
, 29
, 231
, 202
, 58
, 92
, 168
, 60
, 200
, 18
, 242
, 116
, 144
, 213
, 47
, 151
, 109
, 132
, 128
, 111
, 149
, 257
, 3
, 238
, 22
, 34
, 226
, 16
, 244
, 188
, 72
, 100
, 160
, 173
, 87
, 168
, 92
, 199
, 61
, 217
, 43
, 108
, 152
, 90
, 170
, 72
, 188
, 63
, 197
, 251
, 9
, 119
, 141
, 167
, 93
, 66
, 194
, 218
, 42
, 198
, 62
, 53
, 207
, 124
, 136
, 83
, 177
, 245
, 15
, 205
, 55
, 118
, 142
, 64
, 196
, 29
, 231
, 7
, 253
, 98
, 162
, 17
, 243
, 153
, 107
, 55
, 205
, 75
, 185
, 240
, 20
, 238
, 22
, 7
, 253
, 245
, 15
, 94
, 166
, 58
, 202
, 165
, 95
, 19
, 241
, 71
, 189
, 55
, 205
, 219
, 41
, 36
, 224
, 171
, 89
, 65
, 195
, 220
, 40
, 81
, 179
, 149
, 111
, 153
, 107
, 136
, 124
, 202
, 58
, 241
, 19
, 185
, 75
, 82
, 178
, 233
, 27
, 80
, 180
, 79
, 181
, 13
, 247
, 54
, 206
, 185
, 75
, 52
, 208
, 174
, 86
, 73
, 187
, 39
, 221
, 26
, 234
, 164
, 96
, 251
, 9
, 123
, 137
, 176
, 84
, 152
, 108
, 242
, 18
, 150
, 110
, 25
, 235
, 136
, 124
, 88
, 172
, 64
, 196
, 252
, 8
, 91
, 169
, 20
, 240
, 229
, 31
, 164
, 96
, 208
, 52
, 184
, 76
, 125
, 135
, 223
, 37
, 71
, 189
, 101
, 159
, 184
, 76
, 51
, 209
, 190
, 70
, 86
, 174
, 46
, 214
, 85
, 175
, 203
, 57
, 84
, 176
, 74
, 186
, 76
, 184
, 2
, 258
, 194
, 66
, 14
, 246
, 172
, 88
, 153
, 107
, 227
, 33
, 181
, 79
, 101
, 159
, 128
, 132
, 235
, 25
, 160
, 100
, 229
, 31
, 107
, 153
, 25
, 235
, 221
, 39
, 121
, 139
, 21
, 239
, 2
, 258
, 199
, 61
, 32
, 228
, 41
, 219
, 220
, 40
, 176
, 84
, 243
, 17
, 1
, 259
, 45
, 215
, 137
, 123
, 85
, 175
, 135
, 125
, 57
, 203
, 29
, 231
, 191
, 69
, 140
, 120
, 119
, 141
, 1
, 259
, 151
, 109
, 14
, 246
, 214
, 46
, 239
, 21
, 33
, 227
, 67
, 193
, 137
, 123
, 257
, 3
, 230
, 30
, 108
, 152
, 131
, 129
, 30
, 230
, 216
, 44
, 10
, 250
, 147
, 113
, 17
, 243
, 64
, 196
, 108
, 152
, 119
, 141
, 213
, 47
, 115
, 145
, 161
, 99
, 213
, 47
, 186
, 74
, 86
, 174
, 207
, 53
, 44
, 216
, 41
, 219
, 118
, 142
, 245
, 15
, 67
, 193
, 82
, 178
, 156
, 104
, 83
, 177
, 117
, 143
, 145
, 115
, 220
, 40
, 118
, 142
, 137
, 123
, 85
, 175
, 114
, 146
, 8
, 252
, 114
, 146
, 128
, 132
, 150
, 110
, 34
, 226
, 241
, 19
, 245
, 15
, 101
, 159
, 225
, 35
, 136
, 124
, 235
, 25
, 219
, 41
, 87
, 173
, 27
, 233
, 128
, 132
, 99
, 161
, 123
, 137
, 244
, 16
, 121
, 139
, 26
, 234
, 134
, 126
, 33
, 227
, 56
, 204
, 131
, 129
, 112
, 148
, 89
, 171
, 187
, 73
, 101
, 159
, 72
, 188
, 26
, 234
, 58
, 202
, 25
, 235
, 180
, 80
, 225
, 35
, 101
, 159
, 56
, 204
, 135
, 125
, 103
, 157
, 41
, 219
, 88
, 172
, 210
, 50
, 205
, 55
, 35
, 225
, 40
, 220
, 211
, 49
, 214
, 46
, 100
, 160
, 245
, 15
, 147
, 113
, 218
, 42
, 50
, 210
, 52
, 208
, 163
, 97
, 177
, 83
, 157
, 103
, 148
, 112
, 108
, 152
, 228
, 32
, 31
, 229
, 20
, 240
, 205
, 55
, 75
, 185
, 70
, 190
, 153
, 107
, 149
, 111
, 102
, 158
, 232
, 28
, 39
, 221
, 73
, 187
, 4
, 256
, 163
, 97
, 17
, 243
, 50
, 210
, 202
, 58
, 176
, 84
, 148
, 112
, 171
, 89
, 52
, 208
, 106
, 154
, 105
, 155
, 33
, 227
, 111
, 149
, 29
, 231
, 133
, 127
, 84
, 176
, 100
, 160
, 152
, 108
, 173
, 87
, 139
, 121
, 91
, 169
, 127
, 133
, 115
, 145
, 152
, 108
, 30
, 230
, 144
, 116
, 169
, 91
, 59
, 201
, 83
, 177
, 21
, 239
, 164
, 96
, 124
, 136
, 177
, 83
, 107
, 153
, 123
, 137
, 204
, 56
, 207
, 53
, 16
, 244
, 119
, 141
, 234
, 26
, 198
, 62
, 220
, 40
, 10
, 250
, 224
, 36
, 149
, 111
, 85
, 175
, 192
, 68
, 219
, 41
, 186
, 74
, 91
, 169
, 90
, 170
, 138
, 122
, 254
, 6
, 125
, 135
, 81
, 179
, 43
, 217
, 190
, 70
, 177
, 83
, 211
, 49
, 44
, 216
, 113
, 147
, 172
, 88
, 216
, 44
, 216
, 44
, 195
, 65
, 35
, 225
, 113
, 147
, 156
, 104
, 11
, 249
, 62
, 198
, 132
, 128
, 18
, 242
, 198
, 62
, 243
, 17
, 11
, 249
, 148
, 112
, 161
, 99
, 113
, 147
, 21
, 239
, 209
, 51
, 130
, 130
, 11
, 249
, 46
, 214
, 224
, 36
, 128
, 132
, 178
, 82
, 169
, 91
, 23
, 237
, 33
, 227
, 214
, 46
, 115
, 145
, 236
, 24
, 69
, 191
, 89
, 171
, 197
, 63
, 47
, 213
, 126
, 134
, 242
, 18
, 188
, 72
, 222
, 38
, 17
, 243
, 96
, 164
, 238
, 22
, 135
, 125
, 205
, 55
, 258
, 2
, 15
, 245
, 110
, 150
, 151
, 109
, 44
, 216
, 56
, 204
, 118
, 142
, 107
, 153
, 172
, 88
, 225
, 35
, 179
, 81
, 43
, 217
, 198
, 62
, 92
, 168
, 170
, 90
, 11
, 249
, 159
, 101
, 43
, 217
, 49
, 211
, 192
, 68
, 91
, 169
, 218
, 42
, 238
, 22
, 32
, 228
, 91
, 169
, 236
, 24
, 118
, 142
, 107
, 153
, 244
, 16
, 158
, 102
, 250
, 10
, 49
, 211
, 1
, 259
, 119
, 141
, 184
, 76
, 101
, 159
, 99
, 161
, 114
, 146
, 254
, 6
, 106
, 154
, 142
, 118
, 236
, 24
, 186
, 74
, 36
, 224
, 238
, 22
, 205
, 55
, 166
, 94
, 236
, 24
, 201
, 59
, 176
, 84
, 132
, 128
, 226
, 34
, 103
, 157
, 37
, 223
, 197
, 63
, 214
, 46
, 45
, 215
, 2
, 258
, 12
, 248
, 170
, 90
, 167
, 93
, 3
, 257
, 194
, 66
, 27
, 233
, 94
, 166
, 248
, 12
, 128
, 132
, 106
, 154
, 67
, 193
, 203
, 57
, 223
, 37
, 147
, 113
, 2
, 258
, 9
, 251
, 171
, 89
, 136
, 124
, 17
, 243
, 10
, 250
, 172
, 88
, 251
, 9
, 113
, 147
, 156
, 104
, 162
, 98
, 236
, 24
, 235
, 25
, 43
, 217
, 219
, 41
, 135
, 125
, 11
, 249
, 230
, 30
, 112
, 148
, 189
, 71
, 218
, 42
, 208
, 52
, 164
, 96
, 231
, 29
, 91
, 169
, 124
, 136
, 221
, 39
, 206
, 54
, 230
, 30
, 204
, 56
, 177
, 83
, 49
, 211
, 45
, 215
, 214
, 46
, 109
, 151
, 221
, 39
, 119
, 141
, 197
, 63
, 79
, 181
, 254
, 6
, 15
, 245
, 103
, 157
, 241
, 19
, 27
, 233
, 87
, 173
, 155
, 105
, 23
, 237
, 118
, 142
, 65
, 195
, 249
, 11
, 37
, 223
, 132
, 128
, 170
, 90
, 251
, 9
, 21
, 239
, 204
, 56
, 23
, 237
, 66
, 194
, 195
, 65
, 16
, 244
, 54
, 206
, 198
, 62
, 65
, 195
, 66
, 194
, 30
, 230
, 213
, 47
, 166
, 94
, 64
, 196
, 74
, 186
, 5
, 255
, 5
, 255
, 45
, 215
, 136
, 124
, 245
, 15
, 163
, 97
, 201
, 59
, 9
, 251
, 39
, 221
, 131
, 129
, 200
, 60
, 85
, 175
, 61
, 199
, 107
, 153
, 101
, 159
, 25
, 235
, 5
, 255
, 112
, 148
, 201
, 59
, 48
, 212
, 203
, 57
, 152
, 108
, 79
, 181
, 243
, 17
, 51
, 209
, 231
, 29
, 117
, 143
, 12
, 248
, 254
, 6
, 238
, 22
, 147
, 113
, 162
, 98
, 175
, 85
, 223
, 37
, 26
, 234
, 246
, 14
, 203
, 57
, 33
, 227
, 147
, 113
, 172
, 88
, 93
, 167
, 173
, 87
, 119
, 141
, 103
, 157
, 125
, 135
, 129
, 131
, 193
, 67
, 207
, 53
, 77
, 183
, 174
, 86
, 235
, 25
, 241
, 19
, 172
, 88
, 99
, 161
, 169
, 91
, 194
, 66
, 59
, 201
, 175
, 85
, 3
, 257
, 141
, 119
, 155
, 105
, 182
, 78
, 63
, 197
, 116
, 144
, 241
, 19
, 40
, 220
, 32
, 228
, 119
, 141
, 65
, 195
, 213
, 47
, 250
, 10
, 250
, 10
, 135
, 125
, 247
, 13
, 100
, 160
, 224
, 36
, 67
, 193
, 124
, 136
, 22
, 238
, 247
, 13
, 29
, 231
, 199
, 61
, 164
, 96
, 166
, 94
, 191
, 69
, 199
, 61
, 199
, 61
, 230
, 30
, 212
, 48
, 198
, 62
, 31
, 229
, 171
, 89
, 46
, 214
, 158
, 102
, 225
, 35
, 198
, 62
, 14
, 246
, 83
, 177
, 164
, 96
, 145
, 115
, 38
, 222
, 10
, 250
, 17
, 243
, 167
, 93
, 235
, 25
, 45
, 215
, 126
, 134
, 3
, 257
, 187
, 73
, 100
, 160
, 30
, 230
, 38
, 222
, 131
, 129
, 216
, 44
, 184
, 76
, 189
, 71
, 252
, 8
, 101
, 159
, 91
, 169
, 97
, 163
, 125
, 135
, 236
, 24
, 46
, 214
, 87
, 173
, 205
, 55
, 256
, 4
, 71
, 189
, 76
, 184
, 195
, 65
, 96
, 164
, 138
, 122
, 148
, 112
, 236
, 24
, 213
, 47
, 59
, 201
, 231
, 29
, 29
, 231
, 228
, 32
, 57
, 203
, 178
, 82
, 216
, 44
, 60
, 200
, 51
, 209
, 44
, 216
, 106
, 154
, 207
, 53
, 33
, 227
, 78
, 182
, 160
, 100
, 226
, 34
, 232
, 28
, 157
, 103
, 86
, 174
, 34
, 226
, 188
, 72
, 145
, 115
, 160
, 100
, 55
, 205
, 44
, 216
, 107
, 153
, 157
, 103
, 28
, 232
, 4
, 256
, 29
, 231
, 160
, 100
, 163
, 97
, 26
, 234
, 64
, 196
, 33
, 227
, 183
, 77
, 61
, 199
, 54
, 206
, 31
, 229
, 208
, 52
, 6
, 254
, 54
, 206
, 240
, 20
, 109
, 151
, 256
, 4
, 124
, 136
, 198
, 62
, 179
, 81
, 15
, 245
, 21
, 239
, 162
, 98
, 74
, 186
, 103
, 157
, 90
, 170
, 203
, 57
, 143
, 117
, 257
, 3
, 181
, 79
, 97
, 163
, 21
, 239
, 211
, 49
, 227
, 33
, 97
, 163
, 133
, 127
, 22
, 238
, 247
, 13
, 227
, 33
, 179
, 81
, 24
, 236
, 144
, 116
, 38
, 222
, 240
, 20
, 204
, 56
, 246
, 14
, 121
, 139
, 233
, 27
, 141
, 119
, 120
, 140
, 228
, 32
, 194
, 66
, 3
, 257
, 186
, 74
, 13
, 247
, 39
, 221
, 200
, 60
, 196
, 64
, 238
, 22
, 166
, 94
, 77
, 183
, 18
, 242
, 244
, 16
, 178
, 82
, 179
, 81
, 239
, 21
, 96
, 164
, 122
, 138
, 223
, 37
, 137
, 123
, 117
, 143
, 206
, 54
, 206
, 54
, 104
, 156
, 16
, 244
, 130
, 130
, 49
, 211
, 200
, 60
, 127
, 133
, 49
, 211
, 233
, 27
, 182
, 78
, 256
, 4
, 243
, 17
, 127
, 133
, 84
, 176
, 142
, 118
, 91
, 169
, 205
, 55
, 195
, 65
, 131
, 129
, 191
, 69
, 41
, 219
, 32
, 228
, 207
, 53
, 241
, 19
, 95
, 165
, 58
, 202
, 244
, 16
, 89
, 171
, 84
, 176
, 37
, 223
, 46
, 214
, 211
, 49
, 200
, 60
, 2
, 258
, 55
, 205
, 46
, 214
, 95
, 165
, 125
, 135
, 151
, 109
, 14
, 246
, 109
, 151
, 94
, 166
, 86
, 174
, 257
, 3
, 167
, 93
, 14
, 246
, 234
, 26
, 194
, 66
, 247
, 13
, 56
, 204
, 241
, 19
, 82
, 178
, 172
, 88
, 115
, 145
, 132
, 128
, 47
, 213
, 244
, 16
, 233
, 27
, 153
, 107
, 228
, 32
, 57
, 203
, 84
, 176
, 177
, 83
, 196
, 64
, 77
, 183
, 88
, 172
, 123
, 137
, 232
, 28
, 180
, 80
, 94
, 166
, 54
, 206
, 74
, 186
, 83
, 177
, 219
, 41
, 81
, 179
, 96
, 164
, 149
, 111
, 146
, 114
, 134
, 126
, 1
, 259
, 14
, 246
, 132
, 128
, 25
, 235
, 215
, 45
, 44
, 216
, 235
, 25
, 193
, 67
, 120
, 140
, 58
, 202
, 73
, 187
, 178
, 82
, 147
, 113
, 161
, 99
, 150
, 110
, 222
, 38
, 45
, 215
, 170
, 90
, 248
, 12
, 258
, 2
, 231
, 29
, 90
, 170
, 124
, 136
, 60
, 200
, 174
, 86
, 256
, 4
, 174
, 86
, 39
, 221
, 229
, 31
, 232
, 28
, 80
, 180
, 220
, 40
, 58
, 202
, 142
, 118
, 150
, 110
, 164
, 96
, 36
, 224
, 21
, 239
, 196
, 64
, 42
, 218
, 252
, 8
, 135
, 125
, 134
, 126
, 256
, 4
, 59
, 201
, 107
, 153
, 25
, 235
, 149
, 111
, 16
, 244
, 87
, 173
, 206
, 54
, 87
, 173
, 227
, 33
, 206
, 54
, 59
, 201
, 236
, 24
, 193
, 67
, 236
, 24
, 120
, 140
, 40
, 220
, 205
, 55
, 55
, 205
, 82
, 178
, 49
, 211
, 235
, 25
, 27
, 233
, 2
, 258
, 125
, 135
, 109
, 151
, 131
, 129
, 61
, 199
, 153
, 107
, 10
, 250
, 45
, 215
, 88
, 172
, 47
, 213
, 255
, 5
, 165
, 95
, 123
, 137
, 4
, 256
, 233
, 27
, 85
, 175
, 112
, 148
, 51
, 209
, 122
, 138
, 170
, 90
, 7
, 253
, 247
, 13
, 112
, 148
, 203
, 57
, 155
, 105
, 20
, 240
, 37
, 223
, 50
, 210
, 77
, 183
, 153
, 107
, 43
, 217
, 160
, 100
, 76
, 184
, 113
, 147
, 88
, 172
, 248
, 12
, 64
, 196
, 125
, 135
, 153
, 107
, 48
, 212
, 9
, 251
, 49
, 211
, 4
, 256
, 28
, 232
, 48
, 212
, 159
, 101
, 227
, 33
, 57
, 203
, 136
, 124
, 4
, 256
, 38
, 222
, 2
, 258
, 257
, 3
, 111
, 149
, 174
, 86
, 85
, 175
, 206
, 54
, 55
, 205
, 181
, 79
, 172
, 88
, 39
, 221
, 215
, 45
, 227
, 33
, 165
, 95
, 188
, 72
, 47
, 213
, 43
, 217
, 159
, 101
, 161
, 99
, 159
, 101
, 113
, 147
, 152
, 108
, 83
, 177
, 164
, 96
, 47
, 213
, 15
, 245
, 15
, 245
, 70
, 190
, 254
, 6
, 66
, 194
, 185
, 75
, 187
, 73
, 38
, 222
, 60
, 200
, 199
, 61
, 156
, 104
, 166
, 94
, 166
, 94
, 79
, 181
, 79
, 181
, 96
, 164
, 207
, 53
, 112
, 148
, 207
, 53
, 116
, 144
, 154
, 106
, 101
, 159
, 42
, 218
, 155
, 105
, 3
, 257
, 30
, 230
, 256
, 4
, 29
, 231
, 51
, 209
, 119
, 141
, 69
, 191
, 184
, 76
, 178
, 82
, 44
, 216
, 165
, 95
, 188
, 72
, 14
, 246
, 242
, 18
, 134
, 126
, 236
, 24
, 98
, 162
, 22
, 238
, 236
, 24
, 46
, 214
, 26
, 234
, 233
, 27
, 97
, 163
, 171
, 89
, 49
, 211
, 232
, 28
, 16
, 244
, 69
, 191
, 134
, 126
, 56
, 204
, 106
, 154
, 42
, 218
, 197
, 63
, 103
, 157
, 211
, 49
, 239
, 21
, 33
, 227
, 131
, 129
, 94
, 166
, 195
, 65
, 40
, 220
, 136
, 124
, 62
, 198
, 197
, 63
, 217
, 43
, 192
, 68
, 181
, 79
, 128
, 132
, 92
, 168
, 88
, 172
, 181
, 79
, 73
, 187
, 213
, 47
, 152
, 108
, 212
, 48
, 33
, 227
, 227
, 33
, 118
, 142
, 111
, 149
, 233
, 27
, 126
, 134
, 183
, 77
, 158
, 102
, 12
, 248
, 178
, 82
, 250
, 10
, 58
, 202
, 69
, 191
, 227
, 33
, 114
, 146
, 1
, 259
, 157
, 103
, 201
, 59
, 121
, 139
, 258
, 2
, 178
, 82
, 176
, 84
, 208
, 52
, 206
, 54
, 249
, 11
, 214
, 46
, 188
, 72
, 217
, 43
, 228
, 32
, 109
, 151
, 22
, 238
, 183
, 77
, 176
, 84
, 169
, 91
, 134
, 126
, 34
, 226
, 22
, 238
, 206
, 54
, 159
, 101
, 223
, 37
, 67
, 193
, 10
, 250
, 58
, 202
, 143
, 117
, 137
, 123
, 153
, 107
, 207
, 53
, 6
, 254
, 214
, 46
, 87
, 173
, 204
, 56
, 177
, 83
, 61
, 199
, 252
, 8
, 109
, 151
, 10
, 250
, 238
, 22
, 91
, 169
, 230
, 30
, 79
, 181
, 249
, 11
, 134
, 126
, 141
, 119
, 60
, 200
, 54
, 206
, 228
, 32
, 121
, 139
, 40
, 220
, 156
, 104
, 215
, 45
, 253
, 7
, 215
, 45
, 3
, 257
, 76
, 184
, 211
, 49
, 166
, 94
, 5
, 255
, 105
, 155
, 249
, 11
, 32
, 228
, 251
, 9
, 157
, 103
, 234
, 26
, 6
, 254
, 241
, 19
, 153
, 107
, 221
, 39
, 150
, 110
, 197
, 63
, 170
, 90
, 244
, 16
, 41
, 219
, 6
, 254
, 90
, 170
, 114
, 146
, 190
, 70
, 252
, 8
, 8
, 252
, 196
, 64
, 6
, 254
, 89
, 171
, 198
, 62
, 122
, 138
, 143
, 117
, 52
, 208
, 236
, 24
, 132
, 128
, 39
, 221
, 128
, 132
, 134
, 126
, 100
, 160
, 78
, 182
, 127
, 133
, 214
, 46
, 152
, 108
, 183
, 77
, 70
, 190
, 116
, 144
, 5
, 255
, 57
, 203
, 233
, 27
, 257
, 3
, 102
, 158
, 39
, 221
, 157
, 103
, 236
, 24
, 178
, 82
, 197
, 63
, 162
, 98
, 214
, 46
, 161
, 99
, 82
, 178
, 60
, 200
, 38
, 222
, 228
, 32
, 119
, 141
, 200
, 60
, 32
, 228
, 218
, 42
, 134
, 126
, 210
, 50
, 5
, 255
, 188
, 72
, 65
, 195
, 168
, 92
, 189
, 71
, 53
, 207
, 9
, 251
, 1
, 259
, 91
, 169
, 166
, 94
, 82
, 178
, 6
, 254
, 113
, 147
, 4
, 256
, 238
, 22
, 210
, 50
, 172
, 88
, 201
, 59
, 121
, 139
, 256
, 4
, 245
, 15
, 162
, 98
, 137
, 123
, 258
, 2
, 249
, 11
, 97
, 163
, 75
, 185
, 66
, 194
, 117
, 143
, 35
, 225
, 136
, 124
, 33
, 227
, 142
, 118
, 123
, 137
, 223
, 37
, 128
, 132
, 230
, 30
, 139
, 121
, 219
, 41
, 31
, 229
, 83
, 177
, 204
, 56
, 131
, 129
, 35
, 225
, 116
, 144
, 238
, 22
, 134
, 126
, 95
, 165
, 85
, 175
, 3
, 257
, 169
, 91
, 99
, 161
, 174
, 86
, 162
, 98
, 22
, 238
, 53
, 207
, 207
, 53
, 59
, 201
, 36
, 224
, 144
, 116
, 158
, 102
, 257
, 3
, 163
, 97
, 9
, 251
, 120
, 140
, 46
, 214
, 55
, 205
, 116
, 144
, 48
, 212
, 74
, 186
, 257
, 3
, 183
, 77
, 31
, 229
, 205
, 55
, 9
, 251
, 79
, 181
, 223
, 37
, 9
, 251
, 67
, 193
, 227
, 33
, 66
, 194
, 95
, 165
, 4
, 256
, 70
, 190
, 38
, 222
, 91
, 169
, 109
, 151
, 185
, 75
, 6
, 254
, 183
, 77
, 230
, 30
, 18
, 242
, 48
, 212
, 73
, 187
, 11
, 249
, 207
, 53
, 53
, 207
, 38
, 222
, 130
, 130
, 142
, 118
, 72
, 188
, 16
, 244
, 37
, 223
, 56
, 204
, 140
, 120
, 72
, 188
, 153
, 107
, 89
, 171
, 225
, 35
, 222
, 38
, 2
, 258
, 170
, 90
, 40
, 220
, 166
, 94
, 132
, 128
, 93
, 167
, 216
, 44
, 229
, 31
, 68
, 192
, 2
, 258
, 107
, 153
, 184
, 76
, 247
, 13
, 103
, 157
, 149
, 111
, 241
, 19
, 56
, 204
, 216
, 44
, 40
, 220
, 107
, 153
, 20
, 240
, 174
, 86
, 2
, 258
, 250
, 10
, 257
, 3
, 75
, 185
, 131
, 129
, 105
, 155
, 10
, 250
, 238
, 22
, 61
, 199
, 25
, 235
, 13
, 247
, 209
, 51
, 125
, 135
, 90
, 170
, 250
, 10
, 167
, 93
, 105
, 155
, 50
, 210
, 22
, 238
, 224
, 36
, 91
, 169
, 153
, 107
, 211
, 49
, 180
, 80
