
3770
, 124
, 108
, 32
, 200
, 1
, 231
, 188
, 44
, 104
, 128
, 96
, 136
, 212
, 20
, 181
, 51
, 88
, 144
, 13
, 219
, 148
, 84
, 145
, 87
, 16
, 216
, 174
, 58
, 38
, 194
, 146
, 86
, 9
, 223
, 7
, 225
, 222
, 10
, 82
, 150
, 1
, 231
, 99
, 133
, 114
, 118
, 87
, 145
, 180
, 52
, 18
, 214
, 168
, 64
, 104
, 128
, 222
, 10
, 148
, 84
, 56
, 176
, 215
, 17
, 54
, 178
, 149
, 83
, 218
, 14
, 185
, 47
, 35
, 197
, 100
, 132
, 46
, 186
, 221
, 11
, 114
, 118
, 60
, 172
, 12
, 220
, 95
, 137
, 120
, 112
, 55
, 177
, 38
, 194
, 22
, 210
, 205
, 27
, 4
, 228
, 124
, 108
, 154
, 78
, 211
, 21
, 127
, 105
, 150
, 82
, 179
, 53
, 192
, 40
, 27
, 205
, 42
, 190
, 163
, 69
, 219
, 13
, 19
, 213
, 58
, 174
, 124
, 108
, 207
, 25
, 140
, 92
, 44
, 188
, 227
, 5
, 60
, 172
, 80
, 152
, 85
, 147
, 104
, 128
, 228
, 4
, 88
, 144
, 100
, 132
, 71
, 161
, 47
, 185
, 219
, 13
, 216
, 16
, 122
, 110
, 50
, 182
, 195
, 37
, 203
, 29
, 27
, 205
, 154
, 78
, 49
, 183
, 51
, 181
, 105
, 127
, 109
, 123
, 19
, 213
, 106
, 126
, 176
, 56
, 200
, 32
, 11
, 221
, 131
, 101
, 153
, 79
, 82
, 150
, 226
, 6
, 9
, 223
, 38
, 194
, 88
, 144
, 218
, 14
, 110
, 122
, 19
, 213
, 41
, 191
, 97
, 135
, 177
, 55
, 86
, 146
, 184
, 48
, 179
, 53
, 139
, 93
, 66
, 166
, 1
, 231
, 169
, 63
, 41
, 191
, 42
, 190
, 59
, 173
, 74
, 158
, 197
, 35
, 161
, 71
, 9
, 223
, 186
, 46
, 47
, 185
, 150
, 82
, 90
, 142
, 20
, 212
, 76
, 156
, 120
, 112
, 131
, 101
, 203
, 29
, 215
, 17
, 166
, 66
, 144
, 88
, 211
, 21
, 168
, 64
, 47
, 185
, 37
, 195
, 51
, 181
, 133
, 99
, 157
, 75
, 100
, 132
, 135
, 97
, 139
, 93
, 103
, 129
, 228
, 4
, 13
, 219
, 192
, 40
, 56
, 176
, 184
, 48
, 8
, 224
, 48
, 184
, 9
, 223
, 151
, 81
, 201
, 31
, 128
, 104
, 90
, 142
, 74
, 158
, 37
, 195
, 88
, 144
, 81
, 151
, 166
, 66
, 123
, 109
, 125
, 107
, 154
, 78
, 96
, 136
, 60
, 172
, 142
, 90
, 172
, 60
, 124
, 108
, 111
, 121
, 12
, 220
, 69
, 163
, 33
, 199
, 30
, 202
, 85
, 147
, 173
, 59
, 20
, 212
, 147
, 85
, 54
, 178
, 44
, 188
, 44
, 188
, 162
, 70
, 41
, 191
, 130
, 102
, 6
, 226
, 125
, 107
, 171
, 61
, 93
, 139
, 194
, 38
, 94
, 138
, 10
, 222
, 94
, 138
, 88
, 144
, 37
, 195
, 85
, 147
, 28
, 204
, 58
, 174
, 48
, 184
, 137
, 95
, 144
, 88
, 91
, 141
, 71
, 161
, 161
, 71
, 2
, 230
, 53
, 179
, 53
, 179
, 130
, 102
, 102
, 130
, 121
, 111
, 49
, 183
, 197
, 35
, 27
, 205
, 175
, 57
, 127
, 105
, 1
, 231
, 11
, 221
, 221
, 11
, 105
, 127
, 36
, 196
, 94
, 138
, 97
, 135
, 84
, 148
, 117
, 115
, 101
, 131
, 60
, 172
, 200
, 32
, 14
, 218
, 32
, 200
, 100
, 132
, 117
, 115
, 169
, 63
, 55
, 177
, 177
, 55
, 39
, 193
, 105
, 127
, 173
, 59
, 44
, 188
, 79
, 153
, 53
, 179
, 42
, 190
, 71
, 161
, 109
, 123
, 152
, 80
, 53
, 179
, 152
, 80
, 164
, 68
, 79
, 153
, 124
, 108
, 198
, 34
, 100
, 132
, 193
, 39
, 44
, 188
, 86
, 146
, 22
, 210
, 36
, 196
, 56
, 176
, 128
, 104
, 72
, 160
, 118
, 114
, 182
, 50
, 176
, 56
, 159
, 73
, 155
, 77
, 17
, 215
, 134
, 98
, 48
, 184
, 66
, 166
, 169
, 63
, 205
, 27
, 107
, 125
, 132
, 100
, 148
, 84
, 101
, 131
, 44
, 188
, 71
, 161
, 32
, 200
, 39
, 193
, 176
, 56
, 161
, 71
, 36
, 196
, 112
, 120
, 220
, 12
, 183
, 49
, 10
, 222
, 221
, 11
, 224
, 8
, 214
, 18
, 12
, 220
, 26
, 206
, 150
, 82
, 229
, 3
, 112
, 120
, 22
, 210
, 31
, 201
, 183
, 49
, 175
, 57
, 26
, 206
, 104
, 128
, 187
, 45
, 129
, 103
, 149
, 83
, 29
, 203
, 158
, 74
, 1
, 231
, 176
, 56
, 97
, 135
, 79
, 153
, 69
, 163
, 21
, 211
, 150
, 82
, 41
, 191
, 102
, 130
, 111
, 121
, 215
, 17
, 48
, 184
, 90
, 142
, 50
, 182
, 217
, 15
, 119
, 113
, 36
, 196
, 138
, 94
, 117
, 115
, 64
, 168
, 214
, 18
, 229
, 3
, 75
, 157
, 175
, 57
, 28
, 204
, 195
, 37
, 89
, 143
, 192
, 40
, 71
, 161
, 48
, 184
, 223
, 9
, 33
, 199
, 66
, 166
, 203
, 29
, 193
, 39
, 120
, 112
, 38
, 194
, 31
, 201
, 48
, 184
, 103
, 129
, 100
, 132
, 213
, 19
, 22
, 210
, 155
, 77
, 197
, 35
, 188
, 44
, 171
, 61
, 202
, 30
, 96
, 136
, 183
, 49
, 130
, 102
, 26
, 206
, 162
, 70
, 70
, 162
, 30
, 202
, 110
, 122
, 86
, 146
, 160
, 72
, 150
, 82
, 132
, 100
, 111
, 121
, 206
, 26
, 174
, 58
, 8
, 224
, 1
, 231
, 22
, 210
, 73
, 159
, 210
, 22
, 172
, 60
, 4
, 228
, 23
, 209
, 113
, 119
, 184
, 48
, 150
, 82
, 63
, 169
, 82
, 150
, 55
, 177
, 64
, 168
, 118
, 114
, 129
, 103
, 121
, 111
, 192
, 40
, 8
, 224
, 130
, 102
, 99
, 133
, 214
, 18
, 30
, 202
, 27
, 205
, 147
, 85
, 201
, 31
, 83
, 149
, 214
, 18
, 103
, 129
, 80
, 152
, 210
, 22
, 105
, 127
, 104
, 128
, 90
, 142
, 129
, 103
, 215
, 17
, 185
, 47
, 31
, 201
, 93
, 139
, 142
, 90
, 60
, 172
, 173
, 59
, 96
, 136
, 115
, 117
, 25
, 207
, 133
, 99
, 28
, 204
, 8
, 224
, 191
, 41
, 209
, 23
, 162
, 70
, 161
, 71
, 153
, 79
, 20
, 212
, 82
, 150
, 148
, 84
, 88
, 144
, 69
, 163
, 216
, 16
, 83
, 149
, 186
, 46
, 90
, 142
, 60
, 172
, 128
, 104
, 90
, 142
, 156
, 76
, 13
, 219
, 103
, 129
, 76
, 156
, 227
, 5
, 111
, 121
, 15
, 217
, 153
, 79
, 61
, 171
, 114
, 118
, 118
, 114
, 152
, 80
, 148
, 84
, 45
, 187
, 223
, 9
, 166
, 66
, 24
, 208
, 209
, 23
, 13
, 219
, 90
, 142
, 140
, 92
, 193
, 39
, 174
, 58
, 84
, 148
, 175
, 57
, 135
, 97
, 43
, 189
, 18
, 214
, 45
, 187
, 207
, 25
, 171
, 61
, 115
, 117
, 23
, 209
, 229
, 3
, 121
, 111
, 18
, 214
, 184
, 48
, 127
, 105
, 159
, 73
, 73
, 159
, 141
, 91
, 121
, 111
, 108
, 124
, 214
, 18
, 30
, 202
, 197
, 35
, 147
, 85
, 99
, 133
, 34
, 198
, 32
, 200
, 91
, 141
, 68
, 164
, 129
, 103
, 124
, 108
, 220
, 12
, 79
, 153
, 58
, 174
, 180
, 52
, 45
, 187
, 85
, 147
, 161
, 71
, 130
, 102
, 15
, 217
, 27
, 205
, 197
, 35
, 78
, 154
, 24
, 208
, 171
, 61
, 60
, 172
, 151
, 81
, 187
, 45
, 173
, 59
, 226
, 6
, 14
, 218
, 208
, 24
, 191
, 41
, 70
, 162
, 125
, 107
, 88
, 144
, 137
, 95
, 195
, 37
, 205
, 27
, 217
, 15
, 209
, 23
, 202
, 30
, 52
, 180
, 45
, 187
, 102
, 130
, 37
, 195
, 80
, 152
, 49
, 183
, 156
, 76
, 169
, 63
, 85
, 147
, 119
, 113
, 4
, 228
, 228
, 4
, 180
, 52
, 113
, 119
, 134
, 98
, 51
, 181
, 72
, 160
, 130
, 102
, 100
, 132
, 76
, 156
, 125
, 107
, 52
, 180
, 34
, 198
, 59
, 173
, 56
, 176
, 70
, 162
, 21
, 211
, 40
, 192
, 26
, 206
, 196
, 36
, 48
, 184
, 116
, 116
, 109
, 123
, 42
, 190
, 26
, 206
, 154
, 78
, 100
, 132
, 188
, 44
, 179
, 53
, 24
, 208
, 164
, 68
, 150
, 82
, 156
, 76
, 83
, 149
, 16
, 216
, 202
, 30
, 218
, 14
, 197
, 35
, 101
, 131
, 223
, 9
, 46
, 186
, 96
, 136
, 223
, 9
, 129
, 103
, 175
, 57
, 35
, 197
, 218
, 14
, 1
, 231
, 121
, 111
, 119
, 113
, 62
, 170
, 130
, 102
, 170
, 62
, 118
, 114
, 186
, 46
, 29
, 203
, 201
, 31
, 56
, 176
, 1
, 231
, 67
, 165
, 68
, 164
, 62
, 170
, 10
, 222
, 186
, 46
, 199
, 33
, 178
, 54
, 78
, 154
, 113
, 119
, 151
, 81
, 88
, 144
, 10
, 222
, 106
, 126
, 16
, 216
, 96
, 136
, 26
, 206
, 38
, 194
, 125
, 107
, 94
, 138
, 127
, 105
, 99
, 133
, 193
, 39
, 160
, 72
, 222
, 10
, 107
, 125
, 5
, 227
, 51
, 181
, 217
, 15
, 112
, 120
, 207
, 25
, 74
, 158
, 25
, 207
, 143
, 89
, 63
, 169
, 96
, 136
, 213
, 19
, 90
, 142
, 37
, 195
, 137
, 95
, 100
, 132
, 51
, 181
, 81
, 151
, 136
, 96
, 126
, 106
, 177
, 55
, 195
, 37
, 91
, 141
, 114
, 118
, 170
, 62
, 149
, 83
, 90
, 142
, 133
, 99
, 204
, 28
, 207
, 25
, 129
, 103
, 126
, 106
, 16
, 216
, 35
, 197
, 218
, 14
, 76
, 156
, 196
, 36
, 79
, 153
, 149
, 83
, 106
, 126
, 99
, 133
, 212
, 20
, 120
, 112
, 70
, 162
, 62
, 170
, 181
, 51
, 135
, 97
, 217
, 15
, 85
, 147
, 72
, 160
, 63
, 169
, 71
, 161
, 149
, 83
, 118
, 114
, 210
, 22
, 65
, 167
, 214
, 18
, 9
, 223
, 129
, 103
, 184
, 48
, 2
, 230
, 79
, 153
, 212
, 20
, 220
, 12
, 99
, 133
, 202
, 30
, 5
, 227
, 96
, 136
, 16
, 216
, 24
, 208
, 22
, 210
, 34
, 198
, 201
, 31
, 175
, 57
, 38
, 194
, 134
, 98
, 139
, 93
, 204
, 28
, 98
, 134
, 222
, 10
, 132
, 100
, 44
, 188
, 85
, 147
, 179
, 53
, 99
, 133
, 92
, 140
, 23
, 209
, 7
, 225
, 86
, 146
, 42
, 190
, 211
, 21
, 10
, 222
, 213
, 19
, 225
, 7
, 87
, 145
, 9
, 223
, 216
, 16
, 127
, 105
, 23
, 209
, 204
, 28
, 169
, 63
, 213
, 19
, 47
, 185
, 39
, 193
, 187
, 45
, 7
, 225
, 13
, 219
, 65
, 167
, 78
, 154
, 194
, 38
, 134
, 98
, 82
, 150
, 184
, 48
, 56
, 176
, 213
, 19
, 147
, 85
, 81
, 151
, 220
, 12
, 39
, 193
, 121
, 111
, 102
, 130
, 177
, 55
, 11
, 221
, 127
, 105
, 221
, 11
, 84
, 148
, 19
, 213
, 125
, 107
, 226
, 6
, 169
, 63
, 120
, 112
, 124
, 108
, 181
, 51
, 50
, 182
, 201
, 31
, 17
, 215
, 193
, 39
, 64
, 168
, 49
, 183
, 146
, 86
, 88
, 144
, 44
, 188
, 131
, 101
, 113
, 119
, 165
, 67
, 5
, 227
, 57
, 175
, 40
, 192
, 35
, 197
, 226
, 6
, 106
, 126
, 66
, 166
, 19
, 213
, 100
, 132
, 71
, 161
, 8
, 224
, 76
, 156
, 167
, 65
, 52
, 180
, 35
, 197
, 168
, 64
, 52
, 180
, 222
, 10
, 123
, 109
, 184
, 48
, 87
, 145
, 179
, 53
, 30
, 202
, 121
, 111
, 222
, 10
, 119
, 113
, 128
, 104
, 90
, 142
, 98
, 134
, 71
, 161
, 105
, 127
, 74
, 158
, 123
, 109
, 61
, 171
, 125
, 107
, 82
, 150
, 18
, 214
, 169
, 63
, 121
, 111
, 174
, 58
, 7
, 225
, 206
, 26
, 179
, 53
, 139
, 93
, 150
, 82
, 201
, 31
, 226
, 6
, 43
, 189
, 36
, 196
, 62
, 170
, 229
, 3
, 11
, 221
, 170
, 62
, 185
, 47
, 189
, 43
, 81
, 151
, 14
, 218
, 15
, 217
, 133
, 99
, 109
, 123
, 105
, 127
, 168
, 64
, 168
, 64
, 24
, 208
, 195
, 37
, 75
, 157
, 218
, 14
, 89
, 143
, 174
, 58
, 33
, 199
, 195
, 37
, 12
, 220
, 25
, 207
, 152
, 80
, 24
, 208
, 42
, 190
, 138
, 94
, 28
, 204
, 229
, 3
, 136
, 96
, 126
, 106
, 7
, 225
, 160
, 72
, 196
, 36
, 224
, 8
, 133
, 99
, 57
, 175
, 135
, 97
, 116
, 116
, 4
, 228
, 26
, 206
, 169
, 63
, 210
, 22
, 66
, 166
, 99
, 133
, 47
, 185
, 122
, 110
, 205
, 27
, 158
, 74
, 151
, 81
, 19
, 213
, 133
, 99
, 178
, 54
, 56
, 176
, 159
, 73
, 106
, 126
, 65
, 167
, 17
, 215
, 108
, 124
, 45
, 187
, 208
, 24
, 186
, 46
, 14
, 218
, 149
, 83
, 169
, 63
, 118
, 114
, 42
, 190
, 87
, 145
, 222
, 10
, 117
, 115
, 14
, 218
, 123
, 109
, 61
, 171
, 66
, 166
, 67
, 165
, 11
, 221
, 64
, 168
, 79
, 153
, 110
, 122
, 172
, 60
, 209
, 23
, 162
, 70
, 150
, 82
, 55
, 177
, 151
, 81
, 123
, 109
, 230
, 2
, 202
, 30
, 49
, 183
, 207
, 25
, 115
, 117
, 165
, 67
, 199
, 33
, 58
, 174
, 78
, 154
, 4
, 228
, 31
, 201
, 134
, 98
, 192
, 40
, 94
, 138
, 44
, 188
, 33
, 199
, 155
, 77
, 109
, 123
, 213
, 19
, 209
, 23
, 188
, 44
, 169
, 63
, 20
, 212
, 216
, 16
, 52
, 180
, 127
, 105
, 26
, 206
, 216
, 16
, 13
, 219
, 72
, 160
, 28
, 204
, 192
, 40
, 228
, 4
, 103
, 129
, 40
, 192
, 189
, 43
, 221
, 11
, 101
, 131
, 77
, 155
, 52
, 180
, 115
, 117
, 160
, 72
, 154
, 78
, 120
, 112
, 68
, 164
, 71
, 161
, 228
, 4
, 111
, 121
, 6
, 226
, 215
, 17
, 89
, 143
, 169
, 63
, 131
, 101
, 56
, 176
, 124
, 108
, 40
, 192
, 127
, 105
, 32
, 200
, 65
, 167
, 22
, 210
, 20
, 212
, 111
, 121
, 168
, 64
, 129
, 103
, 209
, 23
, 105
, 127
, 76
, 156
, 166
, 66
, 99
, 133
, 79
, 153
, 72
, 160
, 217
, 15
, 215
, 17
, 226
, 6
, 179
, 53
, 53
, 179
, 25
, 207
, 141
, 91
, 224
, 8
, 127
, 105
, 124
, 108
, 228
, 4
, 53
, 179
, 25
, 207
, 93
, 139
, 167
, 65
, 31
, 201
, 47
, 185
, 214
, 18
, 182
, 50
, 143
, 89
, 123
, 109
, 14
, 218
, 6
, 226
, 91
, 141
, 189
, 43
, 195
, 37
, 153
, 79
, 168
, 64
, 203
, 29
, 53
, 179
, 180
, 52
, 216
, 16
, 91
, 141
, 12
, 220
, 216
, 16
, 210
, 22
, 5
, 227
, 97
, 135
, 126
, 106
, 18
, 214
, 229
, 3
, 137
, 95
, 26
, 206
, 55
, 177
, 135
, 97
, 181
, 51
, 99
, 133
, 59
, 173
, 208
, 24
, 126
, 106
, 89
, 143
, 127
, 105
, 185
, 47
, 98
, 134
, 44
, 188
, 169
, 63
, 152
, 80
, 137
, 95
, 153
, 79
, 158
, 74
, 23
, 209
, 51
, 181
, 110
, 122
, 182
, 50
, 163
, 69
, 184
, 48
, 46
, 186
, 164
, 68
, 152
, 80
, 131
, 101
, 12
, 220
, 2
, 230
, 55
, 177
, 159
, 73
, 183
, 49
, 8
, 224
, 166
, 66
, 175
, 57
, 70
, 162
, 11
, 221
, 46
, 186
, 128
, 104
, 152
, 80
, 1
, 231
, 123
, 109
, 214
, 18
, 17
, 215
, 181
, 51
, 196
, 36
, 181
, 51
, 50
, 182
, 155
, 77
, 158
, 74
, 108
, 124
, 107
, 125
, 50
, 182
, 110
, 122
, 131
, 101
, 213
, 19
, 53
, 179
, 224
, 8
, 210
, 22
, 66
, 166
, 160
, 72
, 152
, 80
, 183
, 49
, 216
, 16
, 123
, 109
, 4
, 228
, 30
, 202
, 13
, 219
, 86
, 146
, 37
, 195
, 79
, 153
, 225
, 7
, 15
, 217
, 112
, 120
, 96
, 136
, 77
, 155
, 8
, 224
, 32
, 200
, 159
, 73
, 147
, 85
, 47
, 185
, 19
, 213
, 159
, 73
, 67
, 165
, 143
, 89
, 67
, 165
, 186
, 46
, 174
, 58
, 4
, 228
, 47
, 185
, 168
, 64
, 199
, 33
, 153
, 79
, 200
, 32
, 77
, 155
, 124
, 108
, 164
, 68
, 190
, 42
, 12
, 220
, 69
, 163
, 127
, 105
, 145
, 87
, 148
, 84
, 78
, 154
, 99
, 133
, 72
, 160
, 209
, 23
, 172
, 60
, 124
, 108
, 24
, 208
, 8
, 224
, 203
, 29
, 58
, 174
, 55
, 177
, 108
, 124
, 153
, 79
, 68
, 164
, 147
, 85
, 150
, 82
, 33
, 199
, 24
, 208
, 159
, 73
, 70
, 162
, 222
, 10
, 46
, 186
, 106
, 126
, 211
, 21
, 33
, 199
, 39
, 193
, 192
, 40
, 206
, 26
, 107
, 125
, 227
, 5
, 142
, 90
, 208
, 24
, 38
, 194
, 64
, 168
, 99
, 133
, 219
, 13
, 73
, 159
, 11
, 221
, 21
, 211
, 16
, 216
, 23
, 209
, 97
, 135
, 169
, 63
, 162
, 70
, 116
, 116
, 13
, 219
, 102
, 130
, 28
, 204
, 72
, 160
, 198
, 34
, 27
, 205
, 183
, 49
, 59
, 173
, 80
, 152
, 197
, 35
, 94
, 138
, 45
, 187
, 139
, 93
, 194
, 38
, 125
, 107
, 83
, 149
, 133
, 99
, 113
, 119
, 213
, 19
, 200
, 32
, 121
, 111
, 167
, 65
, 175
, 57
, 29
, 203
, 162
, 70
, 120
, 112
, 44
, 188
, 65
, 167
, 95
, 137
, 12
, 220
, 109
, 123
, 142
, 90
, 175
, 57
, 148
, 84
, 192
, 40
, 152
, 80
, 130
, 102
, 98
, 134
, 204
, 28
, 183
, 49
, 104
, 128
, 110
, 122
, 23
, 209
, 122
, 110
, 53
, 179
, 44
, 188
, 185
, 47
, 15
, 217
, 158
, 74
, 124
, 108
, 155
, 77
, 122
, 110
, 16
, 216
, 60
, 172
, 51
, 181
, 9
, 223
, 170
, 62
, 160
, 72
, 104
, 128
, 127
, 105
, 159
, 73
, 219
, 13
, 39
, 193
, 159
, 73
, 77
, 155
, 187
, 45
, 56
, 176
, 123
, 109
, 187
, 45
, 24
, 208
, 10
, 222
, 71
, 161
, 161
, 71
, 3
, 229
, 51
, 181
, 23
, 209
, 123
, 109
, 106
, 126
, 174
, 58
, 226
, 6
, 51
, 181
, 211
, 21
, 21
, 211
, 161
, 71
, 168
, 64
, 112
, 120
, 210
, 22
, 200
, 32
, 109
, 123
, 85
, 147
, 96
, 136
, 135
, 97
, 156
, 76
, 95
, 137
, 220
, 12
, 156
, 76
, 230
, 2
, 97
, 135
, 140
, 92
, 148
, 84
, 159
, 73
, 35
, 197
, 62
, 170
, 46
, 186
, 164
, 68
, 227
, 5
, 183
, 49
, 190
, 42
, 35
, 197
, 30
, 202
, 185
, 47
, 189
, 43
, 228
, 4
, 45
, 187
, 211
, 21
, 212
, 20
, 111
, 121
, 123
, 109
, 225
, 7
, 223
, 9
, 175
, 57
, 91
, 141
, 40
, 192
, 155
, 77
, 87
, 145
, 161
, 71
, 49
, 183
, 100
, 132
, 53
, 179
, 116
, 116
, 17
, 215
, 69
, 163
, 108
, 124
, 27
, 205
, 117
, 115
, 72
, 160
, 120
, 112
, 54
, 178
, 83
, 149
, 84
, 148
, 140
, 92
, 53
, 179
, 133
, 99
, 22
, 210
, 192
, 40
, 66
, 166
, 173
, 59
, 24
, 208
, 54
, 178
, 135
, 97
, 87
, 145
, 205
, 27
, 76
, 156
, 129
, 103
, 71
, 161
, 4
, 228
, 162
, 70
, 23
, 209
, 187
, 45
, 150
, 82
, 203
, 29
, 54
, 178
, 207
, 25
, 160
, 72
, 192
, 40
, 97
, 135
, 117
, 115
, 211
, 21
, 229
, 3
, 2
, 230
, 196
, 36
, 147
, 85
, 175
, 57
, 222
, 10
, 49
, 183
, 46
, 186
, 184
, 48
, 32
, 200
, 72
, 160
, 179
, 53
, 168
, 64
, 99
, 133
, 130
, 102
, 229
, 3
, 217
, 15
, 14
, 218
, 89
, 143
, 80
, 152
, 160
, 72
, 87
, 145
, 191
, 41
, 107
, 125
, 29
, 203
, 93
, 139
, 75
, 157
, 199
, 33
, 25
, 207
, 23
, 209
, 41
, 191
, 57
, 175
, 16
, 216
, 219
, 13
, 18
, 214
, 37
, 195
, 38
, 194
, 14
, 218
, 111
, 121
, 102
, 130
, 34
, 198
, 79
, 153
, 183
, 49
, 210
, 22
, 103
, 129
, 214
, 18
, 57
, 175
, 198
, 34
, 176
, 56
, 56
, 176
, 28
, 204
, 213
, 19
, 83
, 149
, 69
, 163
, 100
, 132
, 224
, 8
, 228
, 4
, 46
, 186
, 90
, 142
, 105
, 127
, 160
, 72
, 186
, 46
, 229
, 3
, 175
, 57
, 155
, 77
, 33
, 199
, 45
, 187
, 104
, 128
, 199
, 33
, 201
, 31
, 112
, 120
, 173
, 59
, 28
, 204
, 174
, 58
, 65
, 167
, 184
, 48
, 31
, 201
, 8
, 224
, 210
, 22
, 198
, 34
, 56
, 176
, 124
, 108
, 95
, 137
, 185
, 47
, 1
, 231
, 172
, 60
, 143
, 89
, 122
, 110
, 217
, 15
, 165
, 67
, 44
, 188
, 29
, 203
, 128
, 104
, 35
, 197
, 100
, 132
, 33
, 199
, 58
, 174
, 203
, 29
, 44
, 188
, 76
, 156
, 25
, 207
, 212
, 20
, 127
, 105
, 56
, 176
, 55
, 177
, 81
, 151
, 157
, 75
, 26
, 206
, 19
, 213
, 121
, 111
, 31
, 201
, 168
, 64
, 123
, 109
, 34
, 198
, 124
, 108
, 22
, 210
, 215
, 17
, 227
, 5
, 32
, 200
, 78
, 154
, 129
, 103
, 149
, 83
, 63
, 169
, 30
, 202
, 191
, 41
, 95
, 137
, 84
, 148
, 29
, 203
, 88
, 144
, 112
, 120
, 132
, 100
, 15
, 217
, 221
, 11
, 39
, 193
, 87
, 145
, 164
, 68
, 93
, 139
, 17
, 215
, 159
, 73
, 40
, 192
, 44
, 188
, 229
, 3
, 177
, 55
, 55
, 177
, 156
, 76
, 115
, 117
, 20
, 212
, 155
, 77
, 190
, 42
, 28
, 204
, 65
, 167
, 140
, 92
, 120
, 112
, 8
, 224
, 43
, 189
, 57
, 175
, 86
, 146
, 2
, 230
, 21
, 211
, 132
, 100
, 111
, 121
, 229
, 3
, 165
, 67
, 153
, 79
, 162
, 70
, 166
, 66
, 78
, 154
, 111
, 121
, 200
, 32
, 60
, 172
, 167
, 65
, 161
, 71
, 134
, 98
, 116
, 116
, 44
, 188
, 176
, 56
, 165
, 67
, 200
, 32
, 184
, 48
, 38
, 194
, 48
, 184
, 82
, 150
, 16
, 216
, 215
, 17
, 53
, 179
, 55
, 177
, 172
, 60
, 199
, 33
, 43
, 189
, 202
, 30
, 130
, 102
, 12
, 220
, 31
, 201
, 217
, 15
, 80
, 152
, 79
, 153
, 147
, 85
, 213
, 19
, 91
, 141
, 194
, 38
, 70
, 162
, 88
, 144
, 42
, 190
, 220
, 12
, 169
, 63
, 209
, 23
, 69
, 163
, 153
, 79
, 205
, 27
, 143
, 89
, 196
, 36
, 88
, 144
, 61
, 171
, 199
, 33
, 137
, 95
, 99
, 133
, 135
, 97
, 11
, 221
, 92
, 140
, 176
, 56
, 56
, 176
, 125
, 107
, 224
, 8
, 105
, 127
, 7
, 225
, 170
, 62
, 131
, 101
, 114
, 118
, 139
, 93
, 229
, 3
, 173
, 59
, 191
, 41
, 178
, 54
, 34
, 198
, 162
, 70
, 110
, 122
, 218
, 14
, 230
, 2
, 158
, 74
, 56
, 176
, 20
, 212
, 19
, 213
, 40
, 192
, 164
, 68
, 98
, 134
, 46
, 186
, 106
, 126
, 76
, 156
, 60
, 172
, 74
, 158
, 143
, 89
, 79
, 153
, 118
, 114
, 34
, 198
, 9
, 223
, 25
, 207
, 132
, 100
, 215
, 17
, 108
, 124
, 31
, 201
, 105
, 127
, 206
, 26
, 173
, 59
, 48
, 184
, 31
, 201
, 159
, 73
, 114
, 118
, 71
, 161
, 126
, 106
, 143
, 89
, 171
, 61
, 204
, 28
, 61
, 171
, 141
, 91
, 161
, 71
, 15
, 217
, 196
, 36
, 47
, 185
, 114
, 118
, 84
, 148
, 205
, 27
, 133
, 99
, 180
, 52
, 114
, 118
, 223
, 9
, 206
, 26
, 49
, 183
, 131
, 101
, 183
, 49
, 35
, 197
, 194
, 38
, 192
, 40
, 5
, 227
, 184
, 48
, 191
, 41
, 89
, 143
, 132
, 100
, 221
, 11
, 224
, 8
, 161
, 71
, 211
, 21
, 99
, 133
, 51
, 181
, 19
, 213
, 75
, 157
, 39
, 193
, 131
, 101
, 61
, 171
, 95
, 137
, 127
, 105
, 203
, 29
, 28
, 204
, 160
, 72
, 49
, 183
, 88
, 144
, 191
, 41
, 124
, 108
, 197
, 35
, 169
, 63
, 141
, 91
, 60
, 172
, 34
, 198
, 207
, 25
, 73
, 159
, 187
, 45
, 143
, 89
, 99
, 133
, 143
, 89
, 70
, 162
, 132
, 100
, 85
, 147
, 40
, 192
, 198
, 34
, 9
, 223
, 63
, 169
, 73
, 159
, 44
, 188
, 73
, 159
, 157
, 75
, 182
, 50
, 194
, 38
, 84
, 148
, 34
, 198
, 191
, 41
, 50
, 182
, 157
, 75
, 33
, 199
, 186
, 46
, 218
, 14
, 72
, 160
, 212
, 20
, 5
, 227
, 163
, 69
, 1
, 231
, 156
, 76
, 215
, 17
, 92
, 140
, 178
, 54
, 192
, 40
, 190
, 42
, 158
, 74
, 20
, 212
, 146
, 86
, 176
, 56
, 182
, 50
, 143
, 89
, 215
, 17
, 84
, 148
, 122
, 110
, 157
, 75
, 108
, 124
, 155
, 77
, 78
, 154
, 198
, 34
, 64
, 168
, 94
, 138
, 187
, 45
, 65
, 167
, 6
, 226
, 12
, 220
, 209
, 23
, 111
, 121
, 54
, 178
, 157
, 75
, 50
, 182
, 229
, 3
, 111
, 121
, 95
, 137
, 78
, 154
, 104
, 128
, 98
, 134
, 72
, 160
, 98
, 134
, 28
, 204
, 8
, 224
, 115
, 117
, 215
, 17
, 211
, 21
, 213
, 19
, 106
, 126
, 138
, 94
, 79
, 153
, 162
, 70
, 39
, 193
, 105
, 127
, 34
, 198
, 86
, 146
, 187
, 45
, 122
, 110
, 193
, 39
, 209
, 23
, 195
, 37
, 32
, 200
, 31
, 201
, 71
, 161
, 17
, 215
, 79
, 153
, 202
, 30
, 178
, 54
, 218
, 14
, 175
, 57
, 19
, 213
, 108
, 124
, 2
, 230
, 122
, 110
, 61
, 171
, 54
, 178
, 56
, 176
, 176
, 56
, 128
, 104
, 93
, 139
, 29
, 203
, 8
, 224
, 218
, 14
, 27
, 205
, 81
, 151
, 160
, 72
, 46
, 186
, 126
, 106
, 35
, 197
, 23
, 209
, 60
, 172
, 128
, 104
, 22
, 210
, 194
, 38
, 177
, 55
, 35
, 197
, 148
, 84
, 176
, 56
, 207
, 25
, 165
, 67
, 79
, 153
, 21
, 211
, 170
, 62
, 40
, 192
, 94
, 138
, 217
, 15
, 131
, 101
, 14
, 218
, 148
, 84
, 143
, 89
, 107
, 125
, 68
, 164
, 202
, 30
, 40
, 192
, 177
, 55
, 190
, 42
, 173
, 59
, 88
, 144
, 81
, 151
, 175
, 57
, 219
, 13
, 51
, 181
, 218
, 14
, 129
, 103
, 186
, 46
, 69
, 163
, 46
, 186
, 8
, 224
, 160
, 72
, 215
, 17
, 194
, 38
, 85
, 147
, 51
, 181
, 119
, 113
, 127
, 105
, 26
, 206
, 79
, 153
, 194
, 38
, 82
, 150
, 21
, 211
, 161
, 71
, 218
, 14
, 195
, 37
, 221
, 11
, 62
, 170
, 43
, 189
, 109
, 123
, 170
, 62
, 77
, 155
, 52
, 180
, 27
, 205
, 213
, 19
, 141
, 91
, 126
, 106
, 74
, 158
, 3
, 229
, 9
, 223
, 166
, 66
, 26
, 206
, 174
, 58
, 15
, 217
, 11
, 221
, 62
, 170
, 22
, 210
, 148
, 84
, 160
, 72
, 180
, 52
, 42
, 190
, 31
, 201
, 156
, 76
, 89
, 143
, 146
, 86
, 109
, 123
, 50
, 182
, 85
, 147
, 107
, 125
, 136
, 96
, 187
, 45
, 21
, 211
, 170
, 62
, 205
, 27
, 37
, 195
, 41
, 191
, 192
, 40
, 172
, 60
, 188
, 44
, 35
, 197
, 14
, 218
, 62
, 170
, 188
, 44
, 2
, 230
, 173
, 59
, 202
, 30
, 191
, 41
, 208
, 24
, 197
, 35
, 82
, 150
, 10
, 222
, 15
, 217
, 60
, 172
, 139
, 93
, 27
, 205
, 74
, 158
, 191
, 41
, 205
, 27
, 206
, 26
, 124
, 108
, 33
, 199
, 163
, 69
, 1
, 231
, 202
, 30
, 203
, 29
, 55
, 177
, 210
, 22
, 91
, 141
, 103
, 129
, 59
, 173
, 121
, 111
, 59
, 173
, 26
, 206
, 192
, 40
, 185
, 47
, 78
, 154
, 210
, 22
, 15
, 217
, 205
, 27
, 169
, 63
, 162
, 70
, 147
, 85
, 79
, 153
, 131
, 101
, 41
, 191
, 7
, 225
, 196
, 36
, 212
, 20
, 171
, 61
, 16
, 216
, 54
, 178
, 155
, 77
, 223
, 9
, 75
, 157
, 56
, 176
, 130
, 102
, 100
, 132
, 74
, 158
, 32
, 200
, 178
, 54
, 228
, 4
, 66
, 166
, 38
, 194
, 35
, 197
, 228
, 4
, 84
, 148
, 42
, 190
, 21
, 211
, 223
, 9
, 108
, 124
, 71
, 161
, 144
, 88
, 168
, 64
, 147
, 85
, 104
, 128
, 84
, 148
, 170
, 62
, 69
, 163
, 172
, 60
, 135
, 97
, 144
, 88
, 88
, 144
, 171
, 61
, 190
, 42
, 13
, 219
, 182
, 50
, 42
, 190
, 169
, 63
, 88
, 144
, 217
, 15
, 187
, 45
, 212
, 20
, 44
, 188
, 134
, 98
, 79
, 153
, 45
, 187
, 85
, 147
, 209
, 23
, 195
, 37
, 65
, 167
, 189
, 43
, 12
, 220
, 119
, 113
, 196
, 36
, 76
, 156
, 137
, 95
, 72
, 160
, 6
, 226
, 204
, 28
, 195
, 37
, 89
, 143
, 169
, 63
, 22
, 210
, 204
, 28
, 223
, 9
, 24
, 208
, 94
, 138
, 57
, 175
, 211
, 21
, 108
, 124
, 175
, 57
, 86
, 146
, 82
, 150
, 133
, 99
, 117
, 115
, 107
, 125
, 167
, 65
, 179
, 53
, 68
, 164
, 213
, 19
, 44
, 188
, 218
, 14
, 125
, 107
, 87
, 145
, 129
, 103
, 201
, 31
, 52
, 180
, 202
, 30
, 92
, 140
, 145
, 87
, 199
, 33
, 217
, 15
, 103
, 129
, 222
, 10
, 5
, 227
, 101
, 131
, 125
, 107
, 210
, 22
, 126
, 106
, 98
, 134
, 85
, 147
, 190
, 42
, 21
, 211
, 21
, 211
, 176
, 56
, 94
, 138
, 68
, 164
, 53
, 179
, 219
, 13
, 84
, 148
, 213
, 19
, 162
, 70
, 65
, 167
, 139
, 93
, 167
, 65
, 164
, 68
, 194
, 38
, 192
, 40
, 95
, 137
, 39
, 193
, 31
, 201
, 189
, 43
, 125
, 107
, 42
, 190
, 77
, 155
, 102
, 130
, 73
, 159
, 57
, 175
, 122
, 110
, 84
, 148
, 122
, 110
, 183
, 49
, 109
, 123
, 204
, 28
, 136
, 96
, 106
, 126
, 49
, 183
, 138
, 94
, 220
, 12
, 140
, 92
, 216
, 16
, 80
, 152
, 205
, 27
, 71
, 161
, 45
, 187
, 33
, 199
, 43
, 189
, 166
, 66
, 118
, 114
, 40
, 192
, 1
, 231
, 206
, 26
, 122
, 110
, 228
, 4
, 161
, 71
, 115
, 117
, 105
, 127
, 93
, 139
, 158
, 74
, 124
, 108
, 11
, 221
, 3
, 229
, 109
, 123
, 216
, 16
, 111
, 121
, 85
, 147
, 164
, 68
, 208
, 24
, 78
, 154
, 41
, 191
, 100
, 132
, 69
, 163
, 219
, 13
, 195
, 37
, 29
, 203
, 64
, 168
, 198
, 34
, 33
, 199
, 199
, 33
, 163
, 69
, 87
, 145
, 211
, 21
, 215
, 17
, 221
, 11
, 74
, 158
, 74
, 158
, 181
, 51
, 128
, 104
, 60
, 172
, 27
, 205
, 229
, 3
, 186
, 46
, 14
, 218
, 54
, 178
, 146
, 86
, 89
, 143
, 79
, 153
, 57
, 175
, 113
, 119
, 83
, 149
, 222
, 10
, 183
, 49
, 128
, 104
, 27
, 205
, 67
, 165
, 67
, 165
, 207
, 25
, 166
, 66
, 139
, 93
, 67
, 165
, 207
, 25
, 35
, 197
, 123
, 109
, 105
, 127
, 10
, 222
, 194
, 38
, 84
, 148
, 29
, 203
, 145
, 87
, 82
, 150
, 87
, 145
, 100
, 132
, 175
, 57
, 189
, 43
, 218
, 14
, 52
, 180
, 8
, 224
, 55
, 177
, 78
, 154
, 40
, 192
, 85
, 147
, 1
, 231
, 113
, 119
, 109
, 123
, 173
, 59
, 60
, 172
, 126
, 106
, 123
, 109
, 127
, 105
, 32
, 200
, 120
, 112
, 134
, 98
, 58
, 174
, 12
, 220
, 207
, 25
, 130
, 102
, 190
, 42
, 211
, 21
, 163
, 69
, 175
, 57
, 41
, 191
, 195
, 37
, 35
, 197
, 71
, 161
, 191
, 41
, 38
, 194
, 24
, 208
, 147
, 85
, 181
, 51
, 1
, 231
, 34
, 198
, 90
, 142
, 210
, 22
, 111
, 121
, 58
, 174
, 164
, 68
, 176
, 56
, 23
, 209
, 85
, 147
, 144
, 88
, 208
, 24
, 192
, 40
, 174
, 58
, 173
, 59
, 48
, 184
, 196
, 36
, 65
, 167
, 55
, 177
, 27
, 205
, 105
, 127
, 170
, 62
, 70
, 162
, 145
, 87
, 205
, 27
, 113
, 119
, 67
, 165
, 110
, 122
, 47
, 185
, 211
, 21
, 208
, 24
, 145
, 87
, 67
, 165
, 213
, 19
, 99
, 133
, 45
, 187
, 138
, 94
, 218
, 14
, 7
, 225
, 184
, 48
, 98
, 134
, 154
, 78
, 78
, 154
, 90
, 142
, 201
, 31
, 149
, 83
, 214
, 18
, 59
, 173
, 47
, 185
, 15
, 217
, 151
, 81
, 183
, 49
, 50
, 182
, 102
, 130
, 35
, 197
, 38
, 194
, 139
, 93
, 9
, 223
, 140
, 92
, 136
, 96
, 229
, 3
, 42
, 190
, 93
, 139
, 201
, 31
, 174
, 58
, 166
, 66
, 96
, 136
, 110
, 122
, 197
, 35
, 41
, 191
, 160
, 72
, 28
, 204
, 109
, 123
, 75
, 157
, 5
, 227
, 28
, 204
, 83
, 149
, 124
, 108
, 158
, 74
, 26
, 206
, 118
, 114
, 133
, 99
, 93
, 139
, 226
, 6
, 84
, 148
, 194
, 38
, 198
, 34
, 128
, 104
, 47
, 185
, 63
, 169
, 86
, 146
, 211
, 21
, 212
, 20
, 106
, 126
, 111
, 121
, 65
, 167
, 194
, 38
, 112
, 120
, 126
, 106
, 193
, 39
, 158
, 74
, 67
, 165
, 63
, 169
, 78
, 154
, 210
, 22
, 42
, 190
, 19
, 213
, 205
, 27
, 87
, 145
, 4
, 228
, 19
, 213
, 86
, 146
, 220
, 12
, 28
, 204
, 163
, 69
, 39
, 193
, 216
, 16
, 83
, 149
, 156
, 76
, 79
, 153
, 92
, 140
, 99
, 133
, 210
, 22
, 55
, 177
, 157
, 75
, 40
, 192
, 42
, 190
, 215
, 17
, 103
, 129
, 104
, 128
, 8
, 224
, 52
, 180
, 183
, 49
, 90
, 142
, 101
, 131
, 10
, 222
, 208
, 24
, 5
, 227
, 207
, 25
, 47
, 185
, 222
, 10
, 51
, 181
, 143
, 89
, 136
, 96
, 74
, 158
, 107
, 125
, 152
, 80
, 60
, 172
, 96
, 136
, 122
, 110
, 139
, 93
, 153
, 79
, 31
, 201
, 181
, 51
, 115
, 117
, 82
, 150
, 57
, 175
, 85
, 147
, 153
, 79
, 148
, 84
, 93
, 139
, 208
, 24
, 186
, 46
, 204
, 28
, 152
, 80
, 82
, 150
, 16
, 216
, 176
, 56
, 196
, 36
, 216
, 16
, 184
, 48
, 82
, 150
, 127
, 105
, 5
, 227
, 130
, 102
, 157
, 75
, 134
, 98
, 58
, 174
, 151
, 81
, 59
, 173
, 35
, 197
, 88
, 144
, 19
, 213
, 34
, 198
, 6
, 226
, 93
, 139
, 134
, 98
, 194
, 38
, 139
, 93
, 52
, 180
, 42
, 190
, 75
, 157
, 121
, 111
, 97
, 135
, 140
, 92
, 212
, 20
, 90
, 142
, 67
, 165
, 138
, 94
, 76
, 156
, 198
, 34
, 131
, 101
, 179
, 53
, 167
, 65
, 87
, 145
, 211
, 21
, 3
, 229
, 227
, 5
, 156
, 76
, 139
, 93
, 99
, 133
, 166
, 66
, 227
, 5
, 90
, 142
, 197
, 35
, 221
, 11
, 47
, 185
, 215
, 17
, 160
, 72
, 176
, 56
, 10
, 222
, 79
, 153
, 27
, 205
, 139
, 93
, 98
, 134
, 115
, 117
, 201
, 31
, 146
, 86
, 155
, 77
, 120
, 112
, 10
, 222
, 218
, 14
, 1
, 231
, 76
, 156
, 15
, 217
, 170
, 62
, 17
, 215
, 92
, 140
, 128
, 104
, 34
, 198
, 171
, 61
, 48
, 184
, 45
, 187
, 180
, 52
, 222
, 10
, 138
, 94
, 29
, 203
, 19
, 213
, 49
, 183
, 197
, 35
, 196
, 36
, 64
, 168
, 109
, 123
, 47
, 185
, 35
, 197
, 116
, 116
, 11
, 221
, 157
, 75
, 93
, 139
, 79
, 153
, 144
, 88
, 182
, 50
, 39
, 193
, 163
, 69
, 197
, 35
, 181
, 51
, 68
, 164
, 219
, 13
, 155
, 77
, 113
, 119
, 51
, 181
, 133
, 99
, 131
, 101
, 8
, 224
, 75
, 157
, 112
, 120
, 48
, 184
, 54
, 178
, 132
, 100
, 34
, 198
, 47
, 185
, 89
, 143
, 108
, 124
, 224
, 8
, 78
, 154
, 122
, 110
, 176
, 56
, 97
, 135
, 106
, 126
, 15
, 217
, 75
, 157
, 197
, 35
, 69
, 163
, 75
, 157
, 8
, 224
, 189
, 43
, 199
, 33
, 151
, 81
, 157
, 75
, 160
, 72
, 128
, 104
, 16
, 216
, 4
, 228
, 22
, 210
, 187
, 45
, 219
, 13
, 8
, 224
, 212
, 20
, 37
, 195
, 145
, 87
, 77
, 155
, 144
, 88
, 201
, 31
, 67
, 165
, 198
, 34
, 219
, 13
, 71
, 161
, 12
, 220
, 215
, 17
, 180
, 52
, 5
, 227
, 122
, 110
, 104
, 128
, 177
, 55
, 63
, 169
, 9
, 223
, 118
, 114
, 35
, 197
, 79
, 153
, 139
, 93
, 185
, 47
, 70
, 162
, 228
, 4
, 98
, 134
, 223
, 9
, 100
, 132
, 22
, 210
, 225
, 7
, 30
, 202
, 55
, 177
, 203
, 29
, 138
, 94
, 162
, 70
, 102
, 130
, 91
, 141
, 62
, 170
, 104
, 128
, 94
, 138
, 31
, 201
, 103
, 129
, 162
, 70
, 173
, 59
, 36
, 196
, 81
, 151
, 119
, 113
, 125
, 107
, 225
, 7
, 224
, 8
, 117
, 115
, 76
, 156
, 195
, 37
, 215
, 17
, 105
, 127
, 5
, 227
, 3
, 229
, 44
, 188
, 73
, 159
, 103
, 129
, 179
, 53
, 161
, 71
, 191
, 41
, 190
, 42
, 169
, 63
, 176
, 56
, 194
, 38
, 71
, 161
, 224
, 8
, 35
, 197
, 26
, 206
, 127
, 105
, 69
, 163
, 98
, 134
, 93
, 139
, 111
, 121
, 172
, 60
, 186
, 46
, 42
, 190
, 171
, 61
, 171
, 61
, 75
, 157
, 25
, 207
, 77
, 155
, 126
, 106
, 58
, 174
, 198
, 34
, 200
, 32
, 180
, 52
, 179
, 53
, 77
, 155
, 174
, 58
, 217
, 15
, 57
, 175
, 135
, 97
, 140
, 92
, 10
, 222
, 43
, 189
, 85
, 147
, 17
, 215
, 48
, 184
, 84
, 148
, 66
, 166
, 159
, 73
, 81
, 151
, 4
, 228
, 26
, 206
, 61
, 171
, 56
, 176
, 196
, 36
, 189
, 43
, 227
, 5
, 50
, 182
, 41
, 191
, 209
, 23
, 126
, 106
, 228
, 4
, 169
, 63
, 57
, 175
, 62
, 170
, 136
, 96
, 145
, 87
, 159
, 73
, 116
, 116
, 161
, 71
, 79
, 153
, 100
, 132
, 29
, 203
, 36
, 196
, 136
, 96
, 225
, 7
, 105
, 127
, 120
, 112
, 25
, 207
, 80
, 152
, 169
, 63
, 137
, 95
, 87
, 145
, 155
, 77
, 44
, 188
, 55
, 177
, 191
, 41
, 177
, 55
, 188
, 44
, 204
, 28
, 115
, 117
, 219
, 13
, 164
, 68
, 145
, 87
, 195
, 37
, 187
, 45
, 203
, 29
, 129
, 103
, 18
, 214
, 57
, 175
, 44
, 188
, 34
, 198
, 43
, 189
, 22
, 210
, 80
, 152
, 178
, 54
, 115
, 117
, 60
, 172
, 114
, 118
, 15
, 217
, 91
, 141
, 203
, 29
, 156
, 76
, 129
, 103
, 60
, 172
, 103
, 129
, 160
, 72
, 28
, 204
, 61
, 171
, 84
, 148
, 9
, 223
, 99
, 133
, 103
, 129
, 184
, 48
, 88
, 144
, 43
, 189
, 118
, 114
, 168
, 64
, 204
, 28
, 26
, 206
, 166
, 66
, 120
, 112
, 84
, 148
, 104
, 128
, 42
, 190
, 55
, 177
, 129
, 103
, 6
, 226
, 53
, 179
, 157
, 75
, 108
, 124
, 176
, 56
, 128
, 104
, 144
, 88
, 172
, 60
, 148
, 84
, 116
, 116
, 128
, 104
, 61
, 171
, 101
, 131
, 12
, 220
, 18
, 214
, 208
, 24
, 137
, 95
, 165
, 67
, 85
, 147
, 132
, 100
, 39
, 193
, 130
, 102
, 84
, 148
, 93
, 139
, 166
, 66
, 150
, 82
, 199
, 33
, 135
, 97
, 115
, 117
, 101
, 131
, 197
, 35
, 210
, 22
, 123
, 109
, 220
, 12
, 151
, 81
, 197
, 35
, 210
, 22
, 21
, 211
, 79
, 153
, 214
, 18
, 85
, 147
, 151
, 81
, 175
, 57
, 201
, 31
, 90
, 142
, 120
, 112
, 95
, 137
, 112
, 120
, 153
, 79
, 202
, 30
, 62
, 170
, 211
, 21
, 68
, 164
, 218
, 14
, 109
, 123
, 116
, 116
, 201
, 31
, 135
, 97
, 196
, 36
, 147
, 85
, 211
, 21
, 172
, 60
, 79
, 153
, 52
, 180
, 127
, 105
, 70
, 162
, 129
, 103
, 163
, 69
, 56
, 176
, 96
, 136
, 227
, 5
, 147
, 85
, 21
, 211
, 188
, 44
, 188
, 44
, 184
, 48
, 100
, 132
, 32
, 200
, 204
, 28
, 107
, 125
, 118
, 114
, 31
, 201
, 162
, 70
, 203
, 29
, 82
, 150
, 185
, 47
, 135
, 97
, 199
, 33
, 95
, 137
, 96
, 136
, 162
, 70
, 103
, 129
, 127
, 105
, 152
, 80
, 180
, 52
, 71
, 161
, 127
, 105
, 66
, 166
, 147
, 85
, 97
, 135
, 36
, 196
, 45
, 187
, 119
, 113
, 220
, 12
, 11
, 221
, 207
, 25
, 229
, 3
, 81
, 151
, 81
, 151
, 152
, 80
, 158
, 74
, 82
, 150
, 195
, 37
, 36
, 196
, 185
, 47
, 16
, 216
, 127
, 105
, 115
, 117
, 225
, 7
, 180
, 52
, 197
, 35
, 134
, 98
, 175
, 57
, 62
, 170
, 91
, 141
, 62
, 170
, 209
, 23
, 195
, 37
, 145
, 87
, 119
, 113
, 140
, 92
, 139
, 93
, 54
, 178
, 24
, 208
, 206
, 26
, 210
, 22
, 94
, 138
, 86
, 146
, 13
, 219
, 141
, 91
, 217
, 15
, 79
, 153
, 117
, 115
, 40
, 192
, 44
, 188
, 115
, 117
, 53
, 179
, 99
, 133
, 45
, 187
, 92
, 140
, 170
, 62
, 145
, 87
, 166
, 66
, 34
, 198
, 38
, 194
, 46
, 186
, 37
, 195
, 223
, 9
, 61
, 171
, 172
, 60
, 40
, 192
, 35
, 197
, 21
, 211
, 58
, 174
, 81
, 151
, 222
, 10
, 83
, 149
, 38
, 194
, 52
, 180
, 209
, 23
, 60
, 172
, 159
, 73
, 205
, 27
, 147
, 85
, 7
, 225
, 146
, 86
, 230
, 2
, 79
, 153
, 131
, 101
, 7
, 225
, 39
, 193
, 119
, 113
, 91
, 141
, 17
, 215
, 227
, 5
, 205
, 27
, 2
, 230
, 67
, 165
, 129
, 103
, 3
, 229
, 51
, 181
, 205
, 27
, 78
, 154
, 103
, 129
, 103
, 129
, 82
, 150
, 147
, 85
, 145
, 87
, 52
, 180
, 111
, 121
, 75
, 157
, 159
, 73
, 144
, 88
, 131
, 101
, 192
, 40
, 115
, 117
, 191
, 41
, 84
, 148
, 207
, 25
, 79
, 153
, 90
, 142
, 53
, 179
, 103
, 129
, 64
, 168
, 120
, 112
, 125
, 107
, 38
, 194
, 65
, 167
, 106
, 126
, 112
, 120
, 119
, 113
, 142
, 90
, 8
, 224
, 55
, 177
, 24
, 208
, 128
, 104
, 223
, 9
, 147
, 85
, 179
, 53
, 93
, 139
, 64
, 168
, 15
, 217
, 35
, 197
, 24
, 208
, 123
, 109
, 13
, 219
, 87
, 145
, 28
, 204
, 38
, 194
, 73
, 159
, 228
, 4
, 138
, 94
, 50
, 182
, 11
, 221
, 96
, 136
, 203
, 29
, 46
, 186
, 84
, 148
, 187
, 45
, 117
, 115
, 225
, 7
, 2
, 230
, 178
, 54
, 176
, 56
, 217
, 15
, 123
, 109
, 187
, 45
, 151
, 81
, 215
, 17
, 158
, 74
, 140
, 92
, 89
, 143
, 174
, 58
, 76
, 156
, 119
, 113
, 102
, 130
, 161
, 71
, 87
, 145
, 209
, 23
, 220
, 12
, 42
, 190
, 174
, 58
, 82
, 150
, 88
, 144
, 194
, 38
, 44
, 188
, 208
, 24
, 169
, 63
, 22
, 210
, 174
, 58
, 151
, 81
, 185
, 47
, 19
, 213
, 61
, 171
, 114
, 118
, 162
, 70
, 52
, 180
, 165
, 67
, 84
, 148
, 42
, 190
, 158
, 74
, 107
, 125
, 65
, 167
, 63
, 169
, 96
, 136
, 13
, 219
, 71
, 161
, 104
, 128
, 27
, 205
, 164
, 68
, 194
, 38
, 36
, 196
, 203
, 29
, 94
, 138
, 40
, 192
, 204
, 28
, 112
, 120
, 230
, 2
, 143
, 89
, 152
, 80
, 101
, 131
, 44
, 188
, 182
, 50
, 192
, 40
, 49
, 183
, 102
, 130
, 118
, 114
, 133
, 99
, 11
, 221
, 103
, 129
, 127
, 105
, 78
, 154
, 224
, 8
, 97
, 135
, 129
, 103
, 166
, 66
, 173
, 59
, 113
, 119
, 2
, 230
, 165
, 67
, 26
, 206
, 164
, 68
, 144
, 88
, 152
, 80
, 205
, 27
, 89
, 143
, 140
, 92
, 138
, 94
, 164
, 68
, 185
, 47
, 100
, 132
, 196
, 36
, 105
, 127
, 65
, 167
, 129
, 103
, 91
, 141
, 210
, 22
, 49
, 183
, 208
, 24
, 95
, 137
, 125
, 107
, 16
, 216
, 168
, 64
, 200
, 32
, 107
, 125
, 177
, 55
, 139
, 93
, 114
, 118
, 138
, 94
, 9
, 223
, 168
, 64
, 73
, 159
, 212
, 20
, 71
, 161
, 29
, 203
, 118
, 114
, 148
, 84
, 194
, 38
, 134
, 98
, 217
, 15
, 90
, 142
, 7
, 225
, 200
, 32
, 145
, 87
, 108
, 124
, 55
, 177
, 200
, 32
, 178
, 54
, 41
, 191
, 177
, 55
, 7
, 225
, 66
, 166
, 65
, 167
, 135
, 97
, 66
, 166
, 210
, 22
, 151
, 81
, 50
, 182
, 40
, 192
, 204
, 28
, 2
, 230
, 177
, 55
, 125
, 107
, 54
, 178
, 164
, 68
, 230
, 2
, 16
, 216
, 173
, 59
, 165
, 67
, 22
, 210
, 41
, 191
, 80
, 152
, 14
, 218
, 33
, 199
, 182
, 50
, 186
, 46
, 183
, 49
, 52
, 180
, 121
, 111
, 75
, 157
, 8
, 224
, 223
, 9
, 203
, 29
, 154
, 78
, 65
, 167
, 90
, 142
, 63
, 169
, 15
, 217
, 224
, 8
, 153
, 79
, 33
, 199
, 230
, 2
, 69
, 163
, 12
, 220
, 230
, 2
, 96
, 136
, 163
, 69
, 166
, 66
, 202
, 30
, 228
, 4
, 223
, 9
, 185
, 47
, 127
, 105
, 223
, 9
, 173
, 59
, 164
, 68
, 164
, 68
, 201
, 31
, 230
, 2
, 86
, 146
, 209
, 23
, 64
, 168
, 81
, 151
, 3
, 229
, 69
, 163
, 55
, 177
, 22
, 210
, 15
, 217
, 203
, 29
, 160
, 72
, 229
, 3
, 141
, 91
, 51
, 181
, 46
, 186
, 219
, 13
, 164
, 68
, 214
, 18
, 134
, 98
, 31
, 201
, 81
, 151
, 15
, 217
, 25
, 207
, 98
, 134
, 54
, 178
, 203
, 29
, 6
, 226
, 137
, 95
, 209
, 23
, 15
, 217
, 25
, 207
, 102
, 130
, 193
, 39
, 86
, 146
, 9
, 223
, 87
, 145
, 93
, 139
, 178
, 54
, 20
, 212
, 137
, 95
, 45
, 187
, 142
, 90
, 196
, 36
, 121
, 111
, 55
, 177
, 161
, 71
, 12
, 220
, 77
, 155
, 71
, 161
, 46
, 186
, 200
, 32
, 100
, 132
, 186
, 46
, 129
, 103
, 117
, 115
, 23
, 209
, 111
, 121
, 23
, 209
, 111
, 121
, 196
, 36
, 95
, 137
, 86
, 146
, 24
, 208
, 119
, 113
, 115
, 117
, 9
, 223
, 102
, 130
, 20
, 212
, 48
, 184
, 119
, 113
, 139
, 93
, 138
, 94
, 158
, 74
, 183
, 49
, 143
, 89
, 102
, 130
, 111
, 121
, 102
, 130
, 92
, 140
, 15
, 217
, 177
, 55
, 216
, 16
, 218
, 14
, 88
, 144
, 157
, 75
, 156
, 76
, 163
, 69
, 51
, 181
, 30
, 202
, 107
, 125
, 226
, 6
, 100
, 132
, 113
, 119
, 221
, 11
, 219
, 13
, 71
, 161
, 67
, 165
, 183
, 49
, 52
, 180
, 22
, 210
, 53
, 179
, 120
, 112
, 187
, 45
, 125
, 107
, 88
, 144
, 96
, 136
, 88
, 144
, 155
, 77
, 99
, 133
, 156
, 76
, 228
, 4
, 147
, 85
, 224
, 8
, 96
, 136
, 207
, 25
, 80
, 152
, 141
, 91
, 204
, 28
, 7
, 225
, 189
, 43
, 197
, 35
, 100
, 132
, 120
, 112
, 71
, 161
, 71
, 161
, 4
, 228
, 195
, 37
, 167
, 65
, 21
, 211
, 57
, 175
, 203
, 29
, 163
, 69
, 230
, 2
, 135
, 97
, 57
, 175
, 54
, 178
, 215
, 17
, 96
, 136
, 102
, 130
, 69
, 163
, 162
, 70
, 109
, 123
, 19
, 213
, 27
, 205
, 17
, 215
, 230
, 2
, 50
, 182
, 52
, 180
, 132
, 100
, 44
, 188
, 23
, 209
, 144
, 88
, 203
, 29
, 75
, 157
, 144
, 88
, 121
, 111
, 99
, 133
, 2
, 230
, 8
, 224
, 186
, 46
, 183
, 49
, 80
, 152
, 35
, 197
, 80
, 152
, 120
, 112
, 108
, 124
, 216
, 16
, 41
, 191
, 160
, 72
, 79
, 153
, 147
, 85
, 97
, 135
, 229
, 3
, 112
, 120
, 191
, 41
, 115
, 117
, 198
, 34
, 186
, 46
, 49
, 183
, 96
, 136
, 96
, 136
, 154
, 78
, 117
, 115
, 140
, 92
, 4
, 228
, 164
, 68
, 164
, 68
, 96
, 136
, 114
, 118
, 147
, 85
, 149
, 83
, 175
, 57
, 34
, 198
, 188
, 44
, 18
, 214
, 116
, 116
, 65
, 167
, 64
, 168
, 212
, 20
, 51
, 181
, 65
, 167
, 111
, 121
, 104
, 128
, 94
, 138
, 154
, 78
, 162
, 70
, 120
, 112
, 40
, 192
, 71
, 161
, 172
, 60
, 175
, 57
, 181
, 51
, 166
, 66
, 32
, 200
, 35
, 197
, 104
, 128
, 33
, 199
, 38
, 194
, 149
, 83
, 44
, 188
, 8
, 224
, 104
, 128
, 75
, 157
, 143
, 89
, 7
, 225
, 2
, 230
, 196
, 36
, 52
, 180
, 142
, 90
, 46
, 186
, 68
, 164
, 160
, 72
, 230
, 2
, 211
, 21
, 40
, 192
, 125
, 107
, 157
, 75
, 102
, 130
, 210
, 22
, 11
, 221
, 72
, 160
, 8
, 224
, 201
, 31
, 198
, 34
, 44
, 188
, 172
, 60
, 192
, 40
, 160
, 72
, 68
, 164
, 78
, 154
, 162
, 70
, 226
, 6
, 218
, 14
, 102
, 130
, 138
, 94
, 28
, 204
, 93
, 139
, 36
, 196
, 201
, 31
, 144
, 88
, 86
, 146
, 175
, 57
, 73
, 159
, 67
, 165
, 99
, 133
, 142
, 90
, 210
, 22
, 126
, 106
, 229
, 3
, 7
, 225
, 187
, 45
, 170
, 62
, 140
, 92
, 169
, 63
, 169
, 63
, 8
, 224
, 149
, 83
, 75
, 157
, 203
, 29
, 45
, 187
, 94
, 138
, 17
, 215
, 96
, 136
, 119
, 113
, 109
, 123
, 58
, 174
, 29
, 203
, 117
, 115
, 27
, 205
, 35
, 197
, 196
, 36
, 113
, 119
, 210
, 22
, 213
, 19
, 70
, 162
, 180
, 52
, 178
, 54
, 167
, 65
, 66
, 166
, 7
, 225
, 133
, 99
, 90
, 142
, 58
, 174
, 100
, 132
, 202
, 30
, 78
, 154
, 75
, 157
, 64
, 168
, 83
, 149
, 129
, 103
, 8
, 224
, 156
, 76
, 138
, 94
, 118
, 114
, 57
, 175
, 97
, 135
, 69
, 163
, 178
, 54
, 14
, 218
, 68
, 164
, 158
, 74
, 3
, 229
, 27
, 205
, 107
, 125
, 87
, 145
, 6
, 226
, 154
, 78
, 26
, 206
, 161
, 71
, 60
, 172
, 47
, 185
, 143
, 89
, 18
, 214
, 141
, 91
, 148
, 84
, 228
, 4
, 196
, 36
, 174
, 58
, 159
, 73
, 197
, 35
, 176
, 56
, 158
, 74
, 88
, 144
, 12
, 220
, 59
, 173
, 136
, 96
, 47
, 185
, 148
, 84
, 184
, 48
, 133
, 99
, 31
, 201
, 185
, 47
, 152
, 80
, 75
, 157
, 45
, 187
, 11
, 221
, 95
, 137
, 118
, 114
, 148
, 84
, 82
, 150
, 224
, 8
, 151
, 81
, 147
, 85
, 209
, 23
, 12
, 220
, 63
, 169
, 55
, 177
, 80
, 152
, 156
, 76
, 41
, 191
, 159
, 73
, 51
, 181
, 183
, 49
, 65
, 167
, 217
, 15
, 160
, 72
, 120
, 112
, 142
, 90
, 166
, 66
, 54
, 178
, 55
, 177
, 41
, 191
, 175
, 57
, 75
, 157
, 184
, 48
, 46
, 186
, 187
, 45
, 23
, 209
, 59
, 173
, 193
, 39
, 70
, 162
, 103
, 129
, 110
, 122
, 27
, 205
, 61
, 171
, 148
, 84
, 9
, 223
, 129
, 103
, 56
, 176
, 83
, 149
, 129
, 103
, 189
, 43
, 100
, 132
, 132
, 100
, 164
, 68
, 229
, 3
, 33
, 199
, 222
, 10
, 223
, 9
, 139
, 93
, 224
, 8
, 15
, 217
, 101
, 131
, 64
, 168
, 27
, 205
, 152
, 80
, 72
, 160
, 134
, 98
, 52
, 180
, 10
, 222
, 146
, 86
, 106
, 126
, 207
, 25
, 109
, 123
, 126
, 106
, 161
, 71
, 185
, 47
, 112
, 120
, 29
, 203
, 74
, 158
, 106
, 126
, 120
, 112
, 13
, 219
, 41
, 191
, 73
, 159
, 206
, 26
, 82
, 150
, 52
, 180
, 152
, 80
, 86
, 146
, 53
, 179
, 39
, 193
, 196
, 36
, 92
, 140
, 148
, 84
, 213
, 19
, 21
, 211
, 151
, 81
, 41
, 191
, 169
, 63
, 32
, 200
, 183
, 49
, 177
, 55
, 108
, 124
, 195
, 37
, 186
, 46
, 177
, 55
, 185
, 47
, 156
, 76
, 91
, 141
, 62
, 170
, 54
, 178
, 93
, 139
, 132
, 100
, 114
, 118
, 23
, 209
, 62
, 170
, 117
, 115
, 9
, 223
, 219
, 13
, 150
, 82
, 177
, 55
, 95
, 137
, 105
, 127
, 219
, 13
, 147
, 85
, 206
, 26
, 190
, 42
, 8
, 224
, 52
, 180
, 80
, 152
, 207
, 25
, 12
, 220
, 168
, 64
, 115
, 117
, 162
, 70
, 109
, 123
, 187
, 45
, 171
, 61
, 112
, 120
, 21
, 211
, 152
, 80
, 14
, 218
, 122
, 110
, 205
, 27
, 23
, 209
, 70
, 162
, 26
, 206
, 185
, 47
, 157
, 75
, 154
, 78
, 45
, 187
, 226
, 6
, 150
, 82
, 167
, 65
, 163
, 69
, 53
, 179
, 131
, 101
, 145
, 87
, 199
, 33
, 30
, 202
, 9
, 223
, 139
, 93
, 111
, 121
, 225
, 7
, 8
, 224
, 204
, 28
, 146
, 86
, 81
, 151
, 108
, 124
, 140
, 92
, 17
, 215
, 47
, 185
, 47
, 185
, 192
, 40
, 183
, 49
, 176
, 56
, 82
, 150
, 140
, 92
, 228
, 4
, 161
, 71
, 111
, 121
, 117
, 115
, 164
, 68
, 16
, 216
, 164
, 68
, 119
, 113
, 218
, 14
, 146
, 86
, 176
, 56
, 63
, 169
, 21
, 211
, 214
, 18
, 181
, 51
, 138
, 94
, 188
, 44
, 201
, 31
, 170
, 62
, 51
, 181
, 202
, 30
, 188
, 44
, 129
, 103
, 99
, 133
, 81
, 151
, 159
, 73
, 142
, 90
, 105
, 127
, 97
, 135
, 58
, 174
, 33
, 199
, 171
, 61
, 179
, 53
, 204
, 28
, 119
, 113
, 168
, 64
, 116
, 116
, 186
, 46
, 85
, 147
, 146
, 86
, 216
, 16
, 143
, 89
, 61
, 171
, 204
, 28
, 88
, 144
, 221
, 11
, 225
, 7
, 11
, 221
, 194
, 38
, 133
, 99
, 59
, 173
, 207
, 25
, 119
, 113
, 190
, 42
, 77
, 155
, 86
, 146
, 128
, 104
, 24
, 208
, 214
, 18
, 105
, 127
, 37
, 195
, 13
, 219
, 20
, 212
, 23
, 209
, 22
, 210
, 104
, 128
, 146
, 86
, 48
, 184
, 83
, 149
, 227
, 5
, 44
, 188
, 102
, 130
, 139
, 93
, 173
, 59
, 18
, 214
, 125
, 107
, 181
, 51
, 154
, 78
, 17
, 215
, 157
, 75
, 38
, 194
, 225
, 7
, 203
, 29
, 72
, 160
, 211
, 21
, 82
, 150
, 111
, 121
, 79
, 153
, 114
, 118
, 43
, 189
, 220
, 12
, 6
, 226
, 135
, 97
, 122
, 110
, 51
, 181
, 151
, 81
, 186
, 46
, 41
, 191
, 79
, 153
, 20
, 212
, 154
, 78
, 75
, 157
, 85
, 147
, 224
, 8
, 74
, 158
, 90
, 142
, 152
, 80
, 85
, 147
, 88
, 144
, 15
, 217
, 51
, 181
, 53
, 179
, 181
, 51
, 38
, 194
, 221
, 11
, 223
, 9
, 201
, 31
, 72
, 160
, 85
, 147
, 114
, 118
, 104
, 128
, 203
, 29
, 221
, 11
, 194
, 38
, 211
, 21
, 152
, 80
, 120
, 112
, 154
, 78
, 161
, 71
, 41
, 191
, 196
, 36
, 64
, 168
, 22
, 210
, 161
, 71
