
3830
, 23
, 134
, 25
, 132
, 35
, 122
, 137
, 20
, 132
, 25
, 55
, 102
, 118
, 39
, 99
, 58
, 113
, 44
, 30
, 127
, 53
, 104
, 49
, 108
, 44
, 113
, 37
, 120
, 155
, 2
, 39
, 118
, 75
, 82
, 37
, 120
, 123
, 34
, 127
, 30
, 53
, 104
, 98
, 59
, 22
, 135
, 73
, 84
, 132
, 25
, 105
, 52
, 53
, 104
, 31
, 126
, 137
, 20
, 120
, 37
, 27
, 130
, 102
, 55
, 31
, 126
, 24
, 133
, 18
, 139
, 17
, 140
, 110
, 47
, 123
, 34
, 68
, 89
, 56
, 101
, 29
, 128
, 122
, 35
, 22
, 135
, 10
, 147
, 102
, 55
, 140
, 17
, 126
, 31
, 113
, 44
, 47
, 110
, 120
, 37
, 34
, 123
, 42
, 115
, 40
, 117
, 55
, 102
, 121
, 36
, 22
, 135
, 78
, 79
, 11
, 146
, 15
, 142
, 128
, 29
, 90
, 67
, 95
, 62
, 48
, 109
, 104
, 53
, 18
, 139
, 60
, 97
, 69
, 88
, 49
, 108
, 57
, 100
, 132
, 25
, 154
, 3
, 56
, 101
, 33
, 124
, 33
, 124
, 140
, 17
, 34
, 123
, 53
, 104
, 73
, 84
, 41
, 116
, 60
, 97
, 100
, 57
, 126
, 31
, 123
, 34
, 135
, 22
, 148
, 9
, 149
, 8
, 70
, 87
, 15
, 142
, 108
, 49
, 57
, 100
, 148
, 9
, 139
, 18
, 24
, 133
, 142
, 15
, 141
, 16
, 59
, 98
, 10
, 147
, 113
, 44
, 98
, 59
, 107
, 50
, 38
, 119
, 106
, 51
, 83
, 74
, 43
, 114
, 109
, 48
, 112
, 45
, 119
, 38
, 22
, 135
, 86
, 71
, 34
, 123
, 51
, 106
, 108
, 49
, 134
, 23
, 80
, 77
, 52
, 105
, 91
, 66
, 31
, 126
, 75
, 82
, 139
, 18
, 71
, 86
, 59
, 98
, 58
, 99
, 47
, 110
, 26
, 131
, 66
, 91
, 32
, 125
, 10
, 147
, 23
, 134
, 95
, 62
, 138
, 19
, 22
, 135
, 48
, 109
, 76
, 81
, 10
, 147
, 63
, 94
, 67
, 90
, 23
, 134
, 134
, 23
, 44
, 113
, 51
, 106
, 12
, 145
, 116
, 41
, 91
, 66
, 105
, 52
, 130
, 27
, 2
, 155
, 87
, 70
, 140
, 17
, 62
, 95
, 69
, 88
, 101
, 56
, 90
, 67
, 15
, 142
, 11
, 146
, 129
, 28
, 133
, 24
, 40
, 117
, 99
, 58
, 72
, 85
, 119
, 38
, 88
, 69
, 66
, 91
, 5
, 152
, 52
, 105
, 121
, 36
, 147
, 10
, 133
, 24
, 107
, 50
, 95
, 62
, 79
, 78
, 24
, 133
, 125
, 32
, 67
, 90
, 109
, 48
, 101
, 56
, 77
, 80
, 111
, 46
, 63
, 94
, 116
, 41
, 131
, 26
, 23
, 134
, 143
, 14
, 93
, 64
, 96
, 61
, 27
, 130
, 48
, 109
, 148
, 9
, 8
, 149
, 67
, 90
, 140
, 17
, 69
, 88
, 41
, 116
, 43
, 114
, 50
, 107
, 28
, 129
, 116
, 41
, 29
, 128
, 146
, 11
, 46
, 111
, 123
, 34
, 71
, 86
, 31
, 126
, 40
, 117
, 57
, 100
, 49
, 108
, 155
, 2
, 58
, 99
, 100
, 57
, 113
, 44
, 98
, 59
, 116
, 41
, 59
, 98
, 39
, 118
, 128
, 29
, 151
, 6
, 54
, 103
, 49
, 108
, 36
, 121
, 9
, 148
, 132
, 25
, 122
, 35
, 67
, 90
, 87
, 70
, 15
, 142
, 140
, 17
, 148
, 9
, 96
, 61
, 26
, 131
, 6
, 151
, 52
, 105
, 129
, 28
, 44
, 113
, 71
, 86
, 71
, 86
, 59
, 98
, 91
, 66
, 139
, 18
, 140
, 17
, 45
, 112
, 45
, 112
, 153
, 4
, 138
, 19
, 121
, 36
, 38
, 119
, 99
, 58
, 116
, 41
, 114
, 43
, 154
, 3
, 111
, 46
, 103
, 54
, 78
, 79
, 139
, 18
, 74
, 83
, 43
, 114
, 98
, 59
, 34
, 123
, 154
, 3
, 101
, 56
, 74
, 83
, 119
, 38
, 48
, 109
, 100
, 57
, 141
, 16
, 87
, 70
, 155
, 2
, 65
, 92
, 129
, 28
, 141
, 16
, 107
, 50
, 15
, 142
, 13
, 144
, 86
, 71
, 78
, 79
, 18
, 139
, 49
, 108
, 56
, 101
, 93
, 64
, 86
, 71
, 127
, 30
, 46
, 111
, 14
, 143
, 89
, 68
, 140
, 17
, 85
, 72
, 101
, 56
, 101
, 56
, 121
, 36
, 144
, 13
, 124
, 33
, 103
, 54
, 57
, 100
, 101
, 56
, 35
, 122
, 23
, 134
, 95
, 62
, 58
, 99
, 100
, 57
, 55
, 102
, 96
, 61
, 6
, 151
, 41
, 116
, 131
, 26
, 58
, 99
, 41
, 116
, 30
, 127
, 21
, 136
, 153
, 4
, 53
, 104
, 119
, 38
, 25
, 132
, 130
, 27
, 72
, 85
, 66
, 91
, 77
, 80
, 146
, 11
, 79
, 78
, 49
, 108
, 51
, 106
, 111
, 46
, 130
, 27
, 154
, 3
, 136
, 21
, 125
, 32
, 130
, 27
, 135
, 22
, 95
, 62
, 72
, 85
, 95
, 62
, 151
, 6
, 106
, 51
, 29
, 128
, 65
, 92
, 130
, 27
, 105
, 52
, 85
, 72
, 101
, 56
, 142
, 15
, 93
, 64
, 117
, 40
, 58
, 99
, 33
, 124
, 37
, 120
, 131
, 26
, 131
, 26
, 109
, 48
, 139
, 18
, 10
, 147
, 11
, 146
, 34
, 123
, 89
, 68
, 88
, 69
, 114
, 43
, 89
, 68
, 49
, 108
, 100
, 57
, 38
, 119
, 93
, 64
, 6
, 151
, 48
, 109
, 60
, 97
, 76
, 81
, 14
, 143
, 121
, 36
, 8
, 149
, 139
, 18
, 12
, 145
, 85
, 72
, 96
, 61
, 72
, 85
, 23
, 134
, 150
, 7
, 127
, 30
, 74
, 83
, 123
, 34
, 89
, 68
, 78
, 79
, 56
, 101
, 85
, 72
, 49
, 108
, 35
, 122
, 155
, 2
, 98
, 59
, 57
, 100
, 116
, 41
, 114
, 43
, 110
, 47
, 147
, 10
, 50
, 107
, 97
, 60
, 82
, 75
, 87
, 70
, 20
, 137
, 76
, 81
, 95
, 62
, 21
, 136
, 23
, 134
, 9
, 148
, 12
, 145
, 46
, 111
, 152
, 5
, 45
, 112
, 41
, 116
, 14
, 143
, 73
, 84
, 14
, 143
, 99
, 58
, 115
, 42
, 67
, 90
, 72
, 85
, 34
, 123
, 48
, 109
, 29
, 128
, 77
, 80
, 15
, 142
, 154
, 3
, 116
, 41
, 10
, 147
, 95
, 62
, 113
, 44
, 91
, 66
, 123
, 34
, 122
, 35
, 74
, 83
, 135
, 22
, 45
, 112
, 82
, 75
, 1
, 156
, 133
, 24
, 19
, 138
, 19
, 138
, 118
, 39
, 151
, 6
, 126
, 31
, 3
, 154
, 129
, 28
, 36
, 121
, 154
, 3
, 96
, 61
, 98
, 59
, 137
, 20
, 89
, 68
, 121
, 36
, 25
, 132
, 25
, 132
, 86
, 71
, 113
, 44
, 32
, 125
, 63
, 94
, 10
, 147
, 135
, 22
, 124
, 33
, 5
, 152
, 91
, 66
, 80
, 77
, 105
, 52
, 41
, 116
, 62
, 95
, 47
, 110
, 36
, 121
, 24
, 133
, 3
, 154
, 1
, 156
, 151
, 6
, 89
, 68
, 86
, 71
, 65
, 92
, 107
, 50
, 18
, 139
, 15
, 142
, 33
, 124
, 17
, 140
, 140
, 17
, 152
, 5
, 83
, 74
, 16
, 141
, 24
, 133
, 150
, 7
, 144
, 13
, 136
, 21
, 155
, 2
, 72
, 85
, 81
, 76
, 11
, 146
, 119
, 38
, 101
, 56
, 143
, 14
, 31
, 126
, 35
, 122
, 111
, 46
, 11
, 146
, 50
, 107
, 22
, 135
, 26
, 131
, 149
, 8
, 87
, 70
, 4
, 153
, 67
, 90
, 86
, 71
, 85
, 72
, 53
, 104
, 92
, 65
, 8
, 149
, 58
, 99
, 85
, 72
, 5
, 152
, 5
, 152
, 109
, 48
, 76
, 81
, 119
, 38
, 63
, 94
, 36
, 121
, 146
, 11
, 40
, 117
, 24
, 133
, 55
, 102
, 154
, 3
, 81
, 76
, 83
, 74
, 136
, 21
, 132
, 25
, 40
, 117
, 88
, 69
, 119
, 38
, 47
, 110
, 50
, 107
, 78
, 79
, 135
, 22
, 5
, 152
, 146
, 11
, 141
, 16
, 84
, 73
, 68
, 89
, 54
, 103
, 78
, 79
, 60
, 97
, 150
, 7
, 57
, 100
, 48
, 109
, 43
, 114
, 55
, 102
, 120
, 37
, 106
, 51
, 86
, 71
, 59
, 98
, 9
, 148
, 126
, 31
, 83
, 74
, 81
, 76
, 102
, 55
, 68
, 89
, 147
, 10
, 54
, 103
, 49
, 108
, 115
, 42
, 11
, 146
, 153
, 4
, 70
, 87
, 81
, 76
, 135
, 22
, 31
, 126
, 10
, 147
, 149
, 8
, 139
, 18
, 46
, 111
, 149
, 8
, 113
, 44
, 130
, 27
, 23
, 134
, 90
, 67
, 98
, 59
, 109
, 48
, 84
, 73
, 15
, 142
, 38
, 119
, 122
, 35
, 67
, 90
, 33
, 124
, 100
, 57
, 107
, 50
, 6
, 151
, 26
, 131
, 123
, 34
, 86
, 71
, 18
, 139
, 68
, 89
, 70
, 87
, 18
, 139
, 61
, 96
, 7
, 150
, 13
, 144
, 86
, 71
, 151
, 6
, 3
, 154
, 117
, 40
, 46
, 111
, 15
, 142
, 20
, 137
, 154
, 3
, 123
, 34
, 50
, 107
, 18
, 139
, 155
, 2
, 123
, 34
, 115
, 42
, 23
, 134
, 115
, 42
, 87
, 70
, 87
, 70
, 145
, 12
, 111
, 46
, 61
, 96
, 15
, 142
, 125
, 32
, 107
, 50
, 108
, 49
, 50
, 107
, 16
, 141
, 30
, 127
, 100
, 57
, 151
, 6
, 84
, 73
, 9
, 148
, 150
, 7
, 4
, 153
, 101
, 56
, 106
, 51
, 132
, 25
, 127
, 30
, 90
, 67
, 127
, 30
, 7
, 150
, 89
, 68
, 93
, 64
, 68
, 89
, 36
, 121
, 38
, 119
, 1
, 156
, 27
, 130
, 106
, 51
, 151
, 6
, 117
, 40
, 6
, 151
, 139
, 18
, 22
, 135
, 9
, 148
, 112
, 45
, 147
, 10
, 94
, 63
, 34
, 123
, 81
, 76
, 30
, 127
, 54
, 103
, 70
, 87
, 20
, 137
, 50
, 107
, 80
, 77
, 10
, 147
, 7
, 150
, 142
, 15
, 126
, 31
, 96
, 61
, 92
, 65
, 24
, 133
, 142
, 15
, 61
, 96
, 13
, 144
, 80
, 77
, 136
, 21
, 129
, 28
, 30
, 127
, 115
, 42
, 47
, 110
, 51
, 106
, 94
, 63
, 42
, 115
, 107
, 50
, 126
, 31
, 30
, 127
, 118
, 39
, 9
, 148
, 1
, 156
, 26
, 131
, 64
, 93
, 1
, 156
, 76
, 81
, 4
, 153
, 78
, 79
, 30
, 127
, 10
, 147
, 77
, 80
, 46
, 111
, 1
, 156
, 26
, 131
, 1
, 156
, 43
, 114
, 80
, 77
, 4
, 153
, 117
, 40
, 22
, 135
, 70
, 87
, 122
, 35
, 86
, 71
, 150
, 7
, 14
, 143
, 141
, 16
, 15
, 142
, 114
, 43
, 104
, 53
, 93
, 64
, 55
, 102
, 87
, 70
, 21
, 136
, 49
, 108
, 98
, 59
, 153
, 4
, 151
, 6
, 85
, 72
, 116
, 41
, 118
, 39
, 11
, 146
, 25
, 132
, 115
, 42
, 155
, 2
, 137
, 20
, 134
, 23
, 5
, 152
, 122
, 35
, 12
, 145
, 40
, 117
, 48
, 109
, 81
, 76
, 40
, 117
, 76
, 81
, 102
, 55
, 23
, 134
, 55
, 102
, 154
, 3
, 131
, 26
, 69
, 88
, 45
, 112
, 123
, 34
, 149
, 8
, 106
, 51
, 91
, 66
, 105
, 52
, 144
, 13
, 33
, 124
, 144
, 13
, 77
, 80
, 29
, 128
, 97
, 60
, 146
, 11
, 68
, 89
, 5
, 152
, 93
, 64
, 60
, 97
, 59
, 98
, 148
, 9
, 137
, 20
, 86
, 71
, 100
, 57
, 19
, 138
, 83
, 74
, 66
, 91
, 115
, 42
, 77
, 80
, 132
, 25
, 5
, 152
, 54
, 103
, 141
, 16
, 60
, 97
, 91
, 66
, 149
, 8
, 144
, 13
, 84
, 73
, 138
, 19
, 47
, 110
, 58
, 99
, 155
, 2
, 113
, 44
, 48
, 109
, 23
, 134
, 69
, 88
, 86
, 71
, 16
, 141
, 15
, 142
, 77
, 80
, 124
, 33
, 40
, 117
, 45
, 112
, 61
, 96
, 25
, 132
, 36
, 121
, 5
, 152
, 24
, 133
, 101
, 56
, 96
, 61
, 126
, 31
, 109
, 48
, 81
, 76
, 20
, 137
, 35
, 122
, 92
, 65
, 128
, 29
, 142
, 15
, 61
, 96
, 112
, 45
, 138
, 19
, 54
, 103
, 124
, 33
, 55
, 102
, 153
, 4
, 81
, 76
, 91
, 66
, 154
, 3
, 5
, 152
, 13
, 144
, 137
, 20
, 106
, 51
, 57
, 100
, 41
, 116
, 107
, 50
, 30
, 127
, 61
, 96
, 66
, 91
, 105
, 52
, 137
, 20
, 2
, 155
, 85
, 72
, 104
, 53
, 65
, 92
, 121
, 36
, 137
, 20
, 108
, 49
, 148
, 9
, 38
, 119
, 104
, 53
, 153
, 4
, 41
, 116
, 93
, 64
, 35
, 122
, 66
, 91
, 60
, 97
, 80
, 77
, 67
, 90
, 133
, 24
, 42
, 115
, 118
, 39
, 28
, 129
, 94
, 63
, 119
, 38
, 127
, 30
, 35
, 122
, 8
, 149
, 116
, 41
, 2
, 155
, 110
, 47
, 136
, 21
, 106
, 51
, 121
, 36
, 155
, 2
, 81
, 76
, 4
, 153
, 105
, 52
, 22
, 135
, 124
, 33
, 62
, 95
, 86
, 71
, 91
, 66
, 18
, 139
, 85
, 72
, 2
, 155
, 123
, 34
, 35
, 122
, 133
, 24
, 142
, 15
, 42
, 115
, 100
, 57
, 71
, 86
, 32
, 125
, 11
, 146
, 13
, 144
, 144
, 13
, 155
, 2
, 27
, 130
, 85
, 72
, 50
, 107
, 107
, 50
, 44
, 113
, 33
, 124
, 67
, 90
, 28
, 129
, 37
, 120
, 12
, 145
, 113
, 44
, 99
, 58
, 25
, 132
, 122
, 35
, 111
, 46
, 49
, 108
, 91
, 66
, 52
, 105
, 119
, 38
, 36
, 121
, 121
, 36
, 147
, 10
, 19
, 138
, 138
, 19
, 148
, 9
, 131
, 26
, 57
, 100
, 124
, 33
, 126
, 31
, 148
, 9
, 113
, 44
, 87
, 70
, 51
, 106
, 35
, 122
, 121
, 36
, 83
, 74
, 36
, 121
, 51
, 106
, 150
, 7
, 152
, 5
, 100
, 57
, 11
, 146
, 45
, 112
, 112
, 45
, 85
, 72
, 34
, 123
, 61
, 96
, 98
, 59
, 133
, 24
, 145
, 12
, 148
, 9
, 39
, 118
, 18
, 139
, 3
, 154
, 119
, 38
, 123
, 34
, 117
, 40
, 135
, 22
, 59
, 98
, 43
, 114
, 132
, 25
, 128
, 29
, 37
, 120
, 103
, 54
, 96
, 61
, 128
, 29
, 102
, 55
, 72
, 85
, 128
, 29
, 96
, 61
, 89
, 68
, 102
, 55
, 142
, 15
, 131
, 26
, 50
, 107
, 104
, 53
, 32
, 125
, 43
, 114
, 152
, 5
, 16
, 141
, 25
, 132
, 133
, 24
, 75
, 82
, 78
, 79
, 4
, 153
, 6
, 151
, 22
, 135
, 77
, 80
, 17
, 140
, 95
, 62
, 147
, 10
, 97
, 60
, 128
, 29
, 152
, 5
, 121
, 36
, 43
, 114
, 57
, 100
, 19
, 138
, 84
, 73
, 147
, 10
, 63
, 94
, 31
, 126
, 128
, 29
, 35
, 122
, 33
, 124
, 89
, 68
, 2
, 155
, 62
, 95
, 29
, 128
, 2
, 155
, 68
, 89
, 148
, 9
, 122
, 35
, 141
, 16
, 61
, 96
, 42
, 115
, 25
, 132
, 53
, 104
, 2
, 155
, 37
, 120
, 99
, 58
, 17
, 140
, 108
, 49
, 119
, 38
, 78
, 79
, 25
, 132
, 103
, 54
, 75
, 82
, 36
, 121
, 149
, 8
, 13
, 144
, 82
, 75
, 35
, 122
, 105
, 52
, 82
, 75
, 137
, 20
, 14
, 143
, 49
, 108
, 51
, 106
, 17
, 140
, 5
, 152
, 50
, 107
, 154
, 3
, 122
, 35
, 7
, 150
, 1
, 156
, 27
, 130
, 122
, 35
, 147
, 10
, 140
, 17
, 96
, 61
, 75
, 82
, 103
, 54
, 99
, 58
, 1
, 156
, 147
, 10
, 7
, 150
, 108
, 49
, 99
, 58
, 155
, 2
, 140
, 17
, 26
, 131
, 123
, 34
, 65
, 92
, 4
, 153
, 71
, 86
, 17
, 140
, 5
, 152
, 147
, 10
, 90
, 67
, 134
, 23
, 56
, 101
, 89
, 68
, 136
, 21
, 127
, 30
, 48
, 109
, 129
, 28
, 143
, 14
, 19
, 138
, 105
, 52
, 34
, 123
, 128
, 29
, 152
, 5
, 79
, 78
, 62
, 95
, 128
, 29
, 33
, 124
, 131
, 26
, 79
, 78
, 41
, 116
, 53
, 104
, 51
, 106
, 108
, 49
, 25
, 132
, 92
, 65
, 14
, 143
, 9
, 148
, 105
, 52
, 117
, 40
, 148
, 9
, 140
, 17
, 3
, 154
, 84
, 73
, 88
, 69
, 10
, 147
, 79
, 78
, 146
, 11
, 44
, 113
, 35
, 122
, 108
, 49
, 28
, 129
, 104
, 53
, 6
, 151
, 123
, 34
, 68
, 89
, 7
, 150
, 6
, 151
, 6
, 151
, 123
, 34
, 55
, 102
, 52
, 105
, 50
, 107
, 128
, 29
, 121
, 36
, 90
, 67
, 72
, 85
, 142
, 15
, 20
, 137
, 46
, 111
, 154
, 3
, 67
, 90
, 136
, 21
, 23
, 134
, 105
, 52
, 109
, 48
, 1
, 156
, 96
, 61
, 50
, 107
, 143
, 14
, 141
, 16
, 13
, 144
, 109
, 48
, 153
, 4
, 50
, 107
, 118
, 39
, 137
, 20
, 140
, 17
, 128
, 29
, 113
, 44
, 108
, 49
, 149
, 8
, 141
, 16
, 26
, 131
, 39
, 118
, 148
, 9
, 28
, 129
, 91
, 66
, 104
, 53
, 16
, 141
, 129
, 28
, 95
, 62
, 37
, 120
, 122
, 35
, 81
, 76
, 124
, 33
, 48
, 109
, 127
, 30
, 52
, 105
, 92
, 65
, 133
, 24
, 95
, 62
, 101
, 56
, 36
, 121
, 60
, 97
, 46
, 111
, 60
, 97
, 11
, 146
, 141
, 16
, 146
, 11
, 151
, 6
, 42
, 115
, 71
, 86
, 145
, 12
, 19
, 138
, 26
, 131
, 74
, 83
, 46
, 111
, 22
, 135
, 10
, 147
, 4
, 153
, 136
, 21
, 139
, 18
, 128
, 29
, 62
, 95
, 32
, 125
, 59
, 98
, 54
, 103
, 89
, 68
, 24
, 133
, 66
, 91
, 113
, 44
, 98
, 59
, 4
, 153
, 76
, 81
, 30
, 127
, 114
, 43
, 148
, 9
, 36
, 121
, 135
, 22
, 93
, 64
, 14
, 143
, 151
, 6
, 118
, 39
, 115
, 42
, 19
, 138
, 63
, 94
, 111
, 46
, 35
, 122
, 51
, 106
, 38
, 119
, 124
, 33
, 112
, 45
, 74
, 83
, 42
, 115
, 28
, 129
, 108
, 49
, 131
, 26
, 56
, 101
, 77
, 80
, 79
, 78
, 37
, 120
, 91
, 66
, 78
, 79
, 14
, 143
, 136
, 21
, 15
, 142
, 127
, 30
, 67
, 90
, 136
, 21
, 25
, 132
, 13
, 144
, 58
, 99
, 155
, 2
, 7
, 150
, 141
, 16
, 123
, 34
, 101
, 56
, 99
, 58
, 28
, 129
, 43
, 114
, 13
, 144
, 102
, 55
, 66
, 91
, 35
, 122
, 78
, 79
, 154
, 3
, 147
, 10
, 10
, 147
, 78
, 79
, 94
, 63
, 34
, 123
, 38
, 119
, 86
, 71
, 45
, 112
, 23
, 134
, 153
, 4
, 51
, 106
, 151
, 6
, 114
, 43
, 155
, 2
, 135
, 22
, 16
, 141
, 41
, 116
, 51
, 106
, 51
, 106
, 74
, 83
, 119
, 38
, 86
, 71
, 146
, 11
, 19
, 138
, 42
, 115
, 65
, 92
, 153
, 4
, 131
, 26
, 69
, 88
, 133
, 24
, 59
, 98
, 121
, 36
, 95
, 62
, 119
, 38
, 93
, 64
, 136
, 21
, 57
, 100
, 42
, 115
, 74
, 83
, 35
, 122
, 154
, 3
, 136
, 21
, 3
, 154
, 70
, 87
, 131
, 26
, 18
, 139
, 113
, 44
, 152
, 5
, 50
, 107
, 62
, 95
, 94
, 63
, 79
, 78
, 116
, 41
, 16
, 141
, 87
, 70
, 112
, 45
, 20
, 137
, 118
, 39
, 63
, 94
, 66
, 91
, 66
, 91
, 123
, 34
, 37
, 120
, 135
, 22
, 8
, 149
, 55
, 102
, 149
, 8
, 93
, 64
, 5
, 152
, 76
, 81
, 14
, 143
, 100
, 57
, 69
, 88
, 31
, 126
, 84
, 73
, 114
, 43
, 144
, 13
, 129
, 28
, 14
, 143
, 96
, 61
, 144
, 13
, 102
, 55
, 136
, 21
, 91
, 66
, 150
, 7
, 9
, 148
, 4
, 153
, 44
, 113
, 117
, 40
, 5
, 152
, 47
, 110
, 135
, 22
, 14
, 143
, 74
, 83
, 138
, 19
, 17
, 140
, 88
, 69
, 100
, 57
, 51
, 106
, 26
, 131
, 65
, 92
, 152
, 5
, 24
, 133
, 27
, 130
, 55
, 102
, 96
, 61
, 67
, 90
, 34
, 123
, 49
, 108
, 66
, 91
, 89
, 68
, 57
, 100
, 31
, 126
, 25
, 132
, 123
, 34
, 88
, 69
, 135
, 22
, 31
, 126
, 142
, 15
, 82
, 75
, 78
, 79
, 145
, 12
, 36
, 121
, 53
, 104
, 8
, 149
, 54
, 103
, 62
, 95
, 135
, 22
, 125
, 32
, 18
, 139
, 1
, 156
, 10
, 147
, 47
, 110
, 126
, 31
, 92
, 65
, 136
, 21
, 81
, 76
, 129
, 28
, 131
, 26
, 102
, 55
, 136
, 21
, 43
, 114
, 36
, 121
, 66
, 91
, 78
, 79
, 40
, 117
, 85
, 72
, 76
, 81
, 146
, 11
, 75
, 82
, 25
, 132
, 8
, 149
, 25
, 132
, 45
, 112
, 21
, 136
, 43
, 114
, 146
, 11
, 4
, 153
, 8
, 149
, 54
, 103
, 116
, 41
, 107
, 50
, 21
, 136
, 113
, 44
, 36
, 121
, 28
, 129
, 150
, 7
, 115
, 42
, 113
, 44
, 85
, 72
, 110
, 47
, 97
, 60
, 150
, 7
, 57
, 100
, 44
, 113
, 122
, 35
, 5
, 152
, 117
, 40
, 1
, 156
, 135
, 22
, 94
, 63
, 152
, 5
, 28
, 129
, 76
, 81
, 40
, 117
, 4
, 153
, 4
, 153
, 73
, 84
, 62
, 95
, 87
, 70
, 29
, 128
, 149
, 8
, 77
, 80
, 71
, 86
, 126
, 31
, 48
, 109
, 112
, 45
, 101
, 56
, 126
, 31
, 154
, 3
, 3
, 154
, 129
, 28
, 60
, 97
, 26
, 131
, 136
, 21
, 68
, 89
, 68
, 89
, 122
, 35
, 93
, 64
, 52
, 105
, 149
, 8
, 46
, 111
, 27
, 130
, 33
, 124
, 70
, 87
, 35
, 122
, 143
, 14
, 37
, 120
, 83
, 74
, 145
, 12
, 148
, 9
, 132
, 25
, 75
, 82
, 58
, 99
, 132
, 25
, 140
, 17
, 107
, 50
, 76
, 81
, 145
, 12
, 42
, 115
, 113
, 44
, 110
, 47
, 86
, 71
, 28
, 129
, 11
, 146
, 60
, 97
, 73
, 84
, 124
, 33
, 71
, 86
, 50
, 107
, 25
, 132
, 32
, 125
, 145
, 12
, 88
, 69
, 45
, 112
, 91
, 66
, 107
, 50
, 23
, 134
, 27
, 130
, 154
, 3
, 102
, 55
, 30
, 127
, 107
, 50
, 80
, 77
, 108
, 49
, 127
, 30
, 150
, 7
, 144
, 13
, 143
, 14
, 54
, 103
, 30
, 127
, 145
, 12
, 116
, 41
, 3
, 154
, 53
, 104
, 89
, 68
, 86
, 71
, 128
, 29
, 63
, 94
, 71
, 86
, 62
, 95
, 137
, 20
, 93
, 64
, 46
, 111
, 79
, 78
, 38
, 119
, 86
, 71
, 97
, 60
, 27
, 130
, 137
, 20
, 151
, 6
, 78
, 79
, 58
, 99
, 129
, 28
, 134
, 23
, 119
, 38
, 150
, 7
, 54
, 103
, 108
, 49
, 99
, 58
, 44
, 113
, 37
, 120
, 22
, 135
, 131
, 26
, 100
, 57
, 22
, 135
, 155
, 2
, 117
, 40
, 47
, 110
, 70
, 87
, 125
, 32
, 140
, 17
, 22
, 135
, 77
, 80
, 87
, 70
, 45
, 112
, 18
, 139
, 5
, 152
, 64
, 93
, 10
, 147
, 101
, 56
, 153
, 4
, 79
, 78
, 140
, 17
, 5
, 152
, 90
, 67
, 82
, 75
, 139
, 18
, 128
, 29
, 52
, 105
, 107
, 50
, 103
, 54
, 10
, 147
, 46
, 111
, 5
, 152
, 51
, 106
, 31
, 126
, 73
, 84
, 8
, 149
, 75
, 82
, 119
, 38
, 4
, 153
, 88
, 69
, 47
, 110
, 83
, 74
, 58
, 99
, 111
, 46
, 60
, 97
, 107
, 50
, 121
, 36
, 139
, 18
, 144
, 13
, 44
, 113
, 55
, 102
, 113
, 44
, 108
, 49
, 18
, 139
, 80
, 77
, 137
, 20
, 16
, 141
, 122
, 35
, 17
, 140
, 39
, 118
, 5
, 152
, 75
, 82
, 103
, 54
, 98
, 59
, 153
, 4
, 142
, 15
, 147
, 10
, 58
, 99
, 97
, 60
, 152
, 5
, 74
, 83
, 146
, 11
, 17
, 140
, 52
, 105
, 138
, 19
, 45
, 112
, 140
, 17
, 44
, 113
, 2
, 155
, 96
, 61
, 100
, 57
, 153
, 4
, 15
, 142
, 106
, 51
, 83
, 74
, 29
, 128
, 79
, 78
, 95
, 62
, 99
, 58
, 19
, 138
, 119
, 38
, 72
, 85
, 109
, 48
, 58
, 99
, 137
, 20
, 153
, 4
, 132
, 25
, 154
, 3
, 130
, 27
, 50
, 107
, 117
, 40
, 148
, 9
, 102
, 55
, 94
, 63
, 140
, 17
, 40
, 117
, 39
, 118
, 104
, 53
, 96
, 61
, 94
, 63
, 22
, 135
, 134
, 23
, 44
, 113
, 136
, 21
, 27
, 130
, 72
, 85
, 80
, 77
, 149
, 8
, 148
, 9
, 66
, 91
, 120
, 37
, 108
, 49
, 64
, 93
, 65
, 92
, 25
, 132
, 48
, 109
, 120
, 37
, 147
, 10
, 92
, 65
, 147
, 10
, 115
, 42
, 131
, 26
, 70
, 87
, 41
, 116
, 2
, 155
, 92
, 65
, 102
, 55
, 48
, 109
, 152
, 5
, 109
, 48
, 59
, 98
, 13
, 144
, 109
, 48
, 76
, 81
, 36
, 121
, 109
, 48
, 56
, 101
, 5
, 152
, 26
, 131
, 122
, 35
, 7
, 150
, 26
, 131
, 100
, 57
, 81
, 76
, 100
, 57
, 126
, 31
, 99
, 58
, 36
, 121
, 44
, 113
, 48
, 109
, 15
, 142
, 121
, 36
, 43
, 114
, 80
, 77
, 10
, 147
, 28
, 129
, 8
, 149
, 2
, 155
, 6
, 151
, 56
, 101
, 61
, 96
, 134
, 23
, 37
, 120
, 151
, 6
, 53
, 104
, 105
, 52
, 109
, 48
, 59
, 98
, 59
, 98
, 149
, 8
, 14
, 143
, 3
, 154
, 46
, 111
, 43
, 114
, 20
, 137
, 59
, 98
, 84
, 73
, 78
, 79
, 84
, 73
, 30
, 127
, 124
, 33
, 72
, 85
, 103
, 54
, 72
, 85
, 25
, 132
, 98
, 59
, 132
, 25
, 57
, 100
, 20
, 137
, 102
, 55
, 55
, 102
, 112
, 45
, 17
, 140
, 32
, 125
, 36
, 121
, 63
, 94
, 119
, 38
, 145
, 12
, 88
, 69
, 117
, 40
, 64
, 93
, 5
, 152
, 135
, 22
, 105
, 52
, 117
, 40
, 117
, 40
, 136
, 21
, 28
, 129
, 67
, 90
, 155
, 2
, 2
, 155
, 72
, 85
, 68
, 89
, 121
, 36
, 21
, 136
, 3
, 154
, 153
, 4
, 71
, 86
, 37
, 120
, 67
, 90
, 91
, 66
, 150
, 7
, 90
, 67
, 128
, 29
, 95
, 62
, 81
, 76
, 73
, 84
, 111
, 46
, 142
, 15
, 61
, 96
, 154
, 3
, 34
, 123
, 113
, 44
, 3
, 154
, 87
, 70
, 117
, 40
, 12
, 145
, 77
, 80
, 96
, 61
, 91
, 66
, 81
, 76
, 97
, 60
, 25
, 132
, 82
, 75
, 69
, 88
, 10
, 147
, 149
, 8
, 94
, 63
, 126
, 31
, 92
, 65
, 10
, 147
, 78
, 79
, 150
, 7
, 57
, 100
, 27
, 130
, 17
, 140
, 97
, 60
, 155
, 2
, 52
, 105
, 121
, 36
, 100
, 57
, 71
, 86
, 134
, 23
, 14
, 143
, 143
, 14
, 121
, 36
, 76
, 81
, 52
, 105
, 19
, 138
, 151
, 6
, 144
, 13
, 93
, 64
, 61
, 96
, 34
, 123
, 31
, 126
, 7
, 150
, 125
, 32
, 153
, 4
, 44
, 113
, 20
, 137
, 77
, 80
, 80
, 77
, 102
, 55
, 70
, 87
, 44
, 113
, 15
, 142
, 100
, 57
, 136
, 21
, 22
, 135
, 60
, 97
, 114
, 43
, 131
, 26
, 149
, 8
, 140
, 17
, 71
, 86
, 103
, 54
, 54
, 103
, 113
, 44
, 41
, 116
, 21
, 136
, 143
, 14
, 45
, 112
, 7
, 150
, 56
, 101
, 143
, 14
, 36
, 121
, 75
, 82
, 113
, 44
, 82
, 75
, 61
, 96
, 28
, 129
, 30
, 127
, 150
, 7
, 153
, 4
, 103
, 54
, 110
, 47
, 145
, 12
, 88
, 69
, 20
, 137
, 126
, 31
, 102
, 55
, 100
, 57
, 9
, 148
, 49
, 108
, 56
, 101
, 81
, 76
, 61
, 96
, 79
, 78
, 118
, 39
, 152
, 5
, 25
, 132
, 44
, 113
, 86
, 71
, 116
, 41
, 56
, 101
, 104
, 53
, 75
, 82
, 26
, 131
, 145
, 12
, 118
, 39
, 82
, 75
, 128
, 29
, 14
, 143
, 53
, 104
, 117
, 40
, 152
, 5
, 107
, 50
, 47
, 110
, 2
, 155
, 111
, 46
, 141
, 16
, 151
, 6
, 92
, 65
, 107
, 50
, 33
, 124
, 30
, 127
, 53
, 104
, 7
, 150
, 69
, 88
, 13
, 144
, 104
, 53
, 135
, 22
, 16
, 141
, 118
, 39
, 149
, 8
, 48
, 109
, 79
, 78
, 25
, 132
, 92
, 65
, 87
, 70
, 53
, 104
, 146
, 11
, 55
, 102
, 47
, 110
, 122
, 35
, 14
, 143
, 27
, 130
, 72
, 85
, 55
, 102
, 20
, 137
, 17
, 140
, 47
, 110
, 32
, 125
, 105
, 52
, 56
, 101
, 7
, 150
, 83
, 74
, 148
, 9
, 81
, 76
, 22
, 135
, 146
, 11
, 131
, 26
, 56
, 101
, 85
, 72
, 128
, 29
, 15
, 142
, 52
, 105
, 1
, 156
, 54
, 103
, 145
, 12
, 10
, 147
, 13
, 144
, 29
, 128
, 85
, 72
, 31
, 126
, 93
, 64
, 67
, 90
, 41
, 116
, 53
, 104
, 61
, 96
, 29
, 128
, 31
, 126
, 30
, 127
, 55
, 102
, 61
, 96
, 88
, 69
, 114
, 43
, 99
, 58
, 19
, 138
, 115
, 42
, 40
, 117
, 78
, 79
, 25
, 132
, 135
, 22
, 65
, 92
, 105
, 52
, 130
, 27
, 41
, 116
, 38
, 119
, 93
, 64
, 46
, 111
, 58
, 99
, 2
, 155
, 3
, 154
, 56
, 101
, 44
, 113
, 115
, 42
, 29
, 128
, 60
, 97
, 147
, 10
, 138
, 19
, 152
, 5
, 44
, 113
, 40
, 117
, 13
, 144
, 69
, 88
, 75
, 82
, 135
, 22
, 41
, 116
, 46
, 111
, 115
, 42
, 119
, 38
, 77
, 80
, 76
, 81
, 122
, 35
, 134
, 23
, 14
, 143
, 113
, 44
, 79
, 78
, 52
, 105
, 2
, 155
, 143
, 14
, 111
, 46
, 109
, 48
, 144
, 13
, 107
, 50
, 41
, 116
, 142
, 15
, 151
, 6
, 27
, 130
, 23
, 134
, 101
, 56
, 88
, 69
, 117
, 40
, 118
, 39
, 149
, 8
, 103
, 54
, 143
, 14
, 29
, 128
, 33
, 124
, 52
, 105
, 74
, 83
, 104
, 53
, 45
, 112
, 2
, 155
, 105
, 52
, 138
, 19
, 63
, 94
, 143
, 14
, 115
, 42
, 109
, 48
, 48
, 109
, 106
, 51
, 34
, 123
, 55
, 102
, 148
, 9
, 127
, 30
, 43
, 114
, 28
, 129
, 105
, 52
, 26
, 131
, 61
, 96
, 146
, 11
, 5
, 152
, 116
, 41
, 147
, 10
, 100
, 57
, 10
, 147
, 25
, 132
, 95
, 62
, 142
, 15
, 37
, 120
, 62
, 95
, 150
, 7
, 91
, 66
, 151
, 6
, 32
, 125
, 150
, 7
, 136
, 21
, 97
, 60
, 52
, 105
, 56
, 101
, 60
, 97
, 68
, 89
, 134
, 23
, 133
, 24
, 90
, 67
, 110
, 47
, 115
, 42
, 115
, 42
, 123
, 34
, 72
, 85
, 149
, 8
, 10
, 147
, 136
, 21
, 40
, 117
, 116
, 41
, 143
, 14
, 121
, 36
, 21
, 136
, 37
, 120
, 5
, 152
, 2
, 155
, 78
, 79
, 140
, 17
, 146
, 11
, 30
, 127
, 69
, 88
, 43
, 114
, 152
, 5
, 131
, 26
, 76
, 81
, 47
, 110
, 113
, 44
, 16
, 141
, 93
, 64
, 140
, 17
, 70
, 87
, 154
, 3
, 77
, 80
, 70
, 87
, 52
, 105
, 135
, 22
, 155
, 2
, 34
, 123
, 13
, 144
, 130
, 27
, 17
, 140
, 141
, 16
, 82
, 75
, 16
, 141
, 3
, 154
, 44
, 113
, 153
, 4
, 141
, 16
, 56
, 101
, 31
, 126
, 112
, 45
, 118
, 39
, 74
, 83
, 93
, 64
, 99
, 58
, 17
, 140
, 11
, 146
, 19
, 138
, 120
, 37
, 39
, 118
, 82
, 75
, 85
, 72
, 76
, 81
, 100
, 57
, 142
, 15
, 155
, 2
, 56
, 101
, 122
, 35
, 68
, 89
, 111
, 46
, 32
, 125
, 152
, 5
, 7
, 150
, 45
, 112
, 125
, 32
, 36
, 121
, 130
, 27
, 143
, 14
, 67
, 90
, 82
, 75
, 32
, 125
, 120
, 37
, 24
, 133
, 50
, 107
, 117
, 40
, 40
, 117
, 72
, 85
, 151
, 6
, 12
, 145
, 43
, 114
, 121
, 36
, 75
, 82
, 59
, 98
, 52
, 105
, 61
, 96
, 71
, 86
, 82
, 75
, 35
, 122
, 13
, 144
, 74
, 83
, 35
, 122
, 132
, 25
, 67
, 90
, 139
, 18
, 147
, 10
, 136
, 21
, 108
, 49
, 139
, 18
, 72
, 85
, 117
, 40
, 43
, 114
, 40
, 117
, 67
, 90
, 16
, 141
, 20
, 137
, 12
, 145
, 90
, 67
, 38
, 119
, 18
, 139
, 96
, 61
, 67
, 90
, 3
, 154
, 116
, 41
, 43
, 114
, 147
, 10
, 45
, 112
, 135
, 22
, 42
, 115
, 92
, 65
, 106
, 51
, 122
, 35
, 87
, 70
, 22
, 135
, 95
, 62
, 114
, 43
, 6
, 151
, 32
, 125
, 120
, 37
, 30
, 127
, 21
, 136
, 54
, 103
, 59
, 98
, 15
, 142
, 86
, 71
, 33
, 124
, 31
, 126
, 45
, 112
, 152
, 5
, 148
, 9
, 43
, 114
, 100
, 57
, 140
, 17
, 115
, 42
, 28
, 129
, 143
, 14
, 56
, 101
, 152
, 5
, 49
, 108
, 112
, 45
, 138
, 19
, 120
, 37
, 133
, 24
, 61
, 96
, 54
, 103
, 57
, 100
, 154
, 3
, 106
, 51
, 60
, 97
, 42
, 115
, 124
, 33
, 54
, 103
, 26
, 131
, 22
, 135
, 38
, 119
, 82
, 75
, 129
, 28
, 32
, 125
, 30
, 127
, 97
, 60
, 20
, 137
, 60
, 97
, 133
, 24
, 83
, 74
, 79
, 78
, 4
, 153
, 20
, 137
, 65
, 92
, 119
, 38
, 58
, 99
, 71
, 86
, 68
, 89
, 111
, 46
, 81
, 76
, 8
, 149
, 108
, 49
, 126
, 31
, 111
, 46
, 154
, 3
, 55
, 102
, 32
, 125
, 132
, 25
, 113
, 44
, 83
, 74
, 148
, 9
, 134
, 23
, 38
, 119
, 83
, 74
, 23
, 134
, 140
, 17
, 46
, 111
, 152
, 5
, 152
, 5
, 50
, 107
, 129
, 28
, 61
, 96
, 91
, 66
, 120
, 37
, 155
, 2
, 102
, 55
, 13
, 144
, 117
, 40
, 29
, 128
, 42
, 115
, 98
, 59
, 129
, 28
, 31
, 126
, 33
, 124
, 143
, 14
, 25
, 132
, 90
, 67
, 79
, 78
, 90
, 67
, 100
, 57
, 17
, 140
, 31
, 126
, 72
, 85
, 23
, 134
, 119
, 38
, 41
, 116
, 43
, 114
, 87
, 70
, 25
, 132
, 104
, 53
, 52
, 105
, 70
, 87
, 80
, 77
, 58
, 99
, 105
, 52
, 133
, 24
, 90
, 67
, 114
, 43
, 137
, 20
, 37
, 120
, 137
, 20
, 102
, 55
, 42
, 115
, 49
, 108
, 17
, 140
, 104
, 53
, 150
, 7
, 150
, 7
, 19
, 138
, 133
, 24
, 83
, 74
, 142
, 15
, 154
, 3
, 108
, 49
, 121
, 36
, 13
, 144
, 38
, 119
, 46
, 111
, 30
, 127
, 36
, 121
, 147
, 10
, 51
, 106
, 45
, 112
, 102
, 55
, 62
, 95
, 34
, 123
, 47
, 110
, 89
, 68
, 137
, 20
, 13
, 144
, 48
, 109
, 103
, 54
, 81
, 76
, 154
, 3
, 103
, 54
, 94
, 63
, 139
, 18
, 106
, 51
, 115
, 42
, 128
, 29
, 137
, 20
, 2
, 155
, 134
, 23
, 129
, 28
, 109
, 48
, 21
, 136
, 45
, 112
, 134
, 23
, 63
, 94
, 84
, 73
, 69
, 88
, 111
, 46
, 116
, 41
, 5
, 152
, 112
, 45
, 150
, 7
, 20
, 137
, 108
, 49
, 94
, 63
, 94
, 63
, 52
, 105
, 100
, 57
, 100
, 57
, 136
, 21
, 25
, 132
, 143
, 14
, 10
, 147
, 148
, 9
, 128
, 29
, 110
, 47
, 69
, 88
, 72
, 85
, 149
, 8
, 72
, 85
, 96
, 61
, 87
, 70
, 109
, 48
, 19
, 138
, 133
, 24
, 19
, 138
, 144
, 13
, 98
, 59
, 9
, 148
, 69
, 88
, 41
, 116
, 74
, 83
, 103
, 54
, 120
, 37
, 49
, 108
, 12
, 145
, 21
, 136
, 150
, 7
, 99
, 58
, 49
, 108
, 57
, 100
, 92
, 65
, 111
, 46
, 95
, 62
, 154
, 3
, 78
, 79
, 66
, 91
, 7
, 150
, 23
, 134
, 113
, 44
, 63
, 94
, 35
, 122
, 15
, 142
, 112
, 45
, 152
, 5
, 135
, 22
, 114
, 43
, 132
, 25
, 153
, 4
, 153
, 4
, 55
, 102
, 136
, 21
, 138
, 19
, 42
, 115
, 105
, 52
, 46
, 111
, 123
, 34
, 150
, 7
, 34
, 123
, 123
, 34
, 132
, 25
, 14
, 143
, 130
, 27
, 84
, 73
, 78
, 79
, 61
, 96
, 16
, 141
, 105
, 52
, 74
, 83
, 100
, 57
, 113
, 44
, 149
, 8
, 4
, 153
, 154
, 3
, 100
, 57
, 47
, 110
, 155
, 2
, 151
, 6
, 97
, 60
, 10
, 147
, 120
, 37
, 31
, 126
, 8
, 149
, 151
, 6
, 67
, 90
, 150
, 7
, 126
, 31
, 40
, 117
, 104
, 53
, 7
, 150
, 9
, 148
, 104
, 53
, 19
, 138
, 89
, 68
, 144
, 13
, 61
, 96
, 123
, 34
, 4
, 153
, 51
, 106
, 129
, 28
, 122
, 35
, 152
, 5
, 108
, 49
, 36
, 121
, 25
, 132
, 20
, 137
, 106
, 51
, 15
, 142
, 84
, 73
, 55
, 102
, 66
, 91
, 144
, 13
, 41
, 116
, 50
, 107
, 26
, 131
, 77
, 80
, 116
, 41
, 102
, 55
, 29
, 128
, 149
, 8
, 85
, 72
, 137
, 20
, 20
, 137
, 137
, 20
, 19
, 138
, 135
, 22
, 91
, 66
, 76
, 81
, 137
, 20
, 109
, 48
, 16
, 141
, 143
, 14
, 4
, 153
, 18
, 139
, 57
, 100
, 6
, 151
, 87
, 70
, 127
, 30
, 62
, 95
, 80
, 77
, 117
, 40
, 147
, 10
, 26
, 131
, 122
, 35
, 3
, 154
, 18
, 139
, 146
, 11
, 15
, 142
, 90
, 67
, 82
, 75
, 108
, 49
, 121
, 36
, 124
, 33
, 108
, 49
, 17
, 140
, 84
, 73
, 53
, 104
, 73
, 84
, 8
, 149
, 28
, 129
, 29
, 128
, 129
, 28
, 77
, 80
, 5
, 152
, 74
, 83
, 134
, 23
, 109
, 48
, 120
, 37
, 70
, 87
, 3
, 154
, 60
, 97
, 27
, 130
, 94
, 63
, 15
, 142
, 63
, 94
, 124
, 33
, 117
, 40
, 36
, 121
, 45
, 112
, 31
, 126
, 63
, 94
, 40
, 117
, 7
, 150
, 14
, 143
, 71
, 86
, 99
, 58
, 22
, 135
, 138
, 19
, 82
, 75
, 142
, 15
, 85
, 72
, 87
, 70
, 4
, 153
, 120
, 37
, 87
, 70
, 74
, 83
, 17
, 140
, 34
, 123
, 120
, 37
, 111
, 46
, 12
, 145
, 53
, 104
, 83
, 74
, 3
, 154
, 143
, 14
, 111
, 46
, 57
, 100
, 113
, 44
, 142
, 15
, 124
, 33
, 14
, 143
, 12
, 145
, 90
, 67
, 20
, 137
, 54
, 103
, 143
, 14
, 98
, 59
, 149
, 8
, 135
, 22
, 4
, 153
, 32
, 125
, 102
, 55
, 19
, 138
, 52
, 105
, 152
, 5
, 148
, 9
, 78
, 79
, 19
, 138
, 49
, 108
, 47
, 110
, 114
, 43
, 106
, 51
, 122
, 35
, 95
, 62
, 114
, 43
, 62
, 95
, 36
, 121
, 147
, 10
, 85
, 72
, 10
, 147
, 119
, 38
, 37
, 120
, 147
, 10
, 127
, 30
, 9
, 148
, 49
, 108
, 147
, 10
, 138
, 19
, 99
, 58
, 62
, 95
, 50
, 107
, 139
, 18
, 26
, 131
, 49
, 108
, 79
, 78
, 55
, 102
, 95
, 62
, 127
, 30
, 72
, 85
, 82
, 75
, 71
, 86
, 102
, 55
, 19
, 138
, 132
, 25
, 6
, 151
, 45
, 112
, 87
, 70
, 61
, 96
, 11
, 146
, 38
, 119
, 53
, 104
, 6
, 151
, 110
, 47
, 106
, 51
, 17
, 140
, 118
, 39
, 142
, 15
, 33
, 124
, 46
, 111
, 96
, 61
, 4
, 153
, 32
, 125
, 50
, 107
, 89
, 68
, 63
, 94
, 13
, 144
, 125
, 32
, 107
, 50
, 14
, 143
, 68
, 89
, 6
, 151
, 21
, 136
, 56
, 101
, 153
, 4
, 20
, 137
, 22
, 135
, 85
, 72
, 41
, 116
, 101
, 56
, 144
, 13
, 87
, 70
, 147
, 10
, 82
, 75
, 35
, 122
, 69
, 88
, 103
, 54
, 15
, 142
, 125
, 32
, 108
, 49
, 139
, 18
, 37
, 120
, 123
, 34
, 138
, 19
, 140
, 17
, 95
, 62
, 19
, 138
, 124
, 33
, 79
, 78
, 153
, 4
, 151
, 6
, 74
, 83
, 115
, 42
, 144
, 13
, 43
, 114
, 145
, 12
, 81
, 76
, 113
, 44
, 133
, 24
, 66
, 91
, 44
, 113
, 77
, 80
, 27
, 130
, 96
, 61
, 70
, 87
, 1
, 156
, 33
, 124
, 35
, 122
, 86
, 71
, 110
, 47
, 118
, 39
, 15
, 142
, 21
, 136
, 121
, 36
, 27
, 130
, 153
, 4
, 133
, 24
, 142
, 15
, 26
, 131
, 129
, 28
, 8
, 149
, 138
, 19
, 47
, 110
, 8
, 149
, 82
, 75
, 7
, 150
, 18
, 139
, 120
, 37
, 73
, 84
, 15
, 142
, 47
, 110
, 74
, 83
, 142
, 15
, 109
, 48
, 54
, 103
, 30
, 127
, 137
, 20
, 143
, 14
, 149
, 8
, 28
, 129
, 135
, 22
, 91
, 66
, 150
, 7
, 73
, 84
, 101
, 56
, 79
, 78
, 120
, 37
, 107
, 50
, 36
, 121
, 127
, 30
, 118
, 39
, 21
, 136
, 127
, 30
, 83
, 74
, 48
, 109
, 88
, 69
, 30
, 127
, 154
, 3
, 45
, 112
, 15
, 142
, 121
, 36
, 137
, 20
, 52
, 105
, 14
, 143
, 118
, 39
, 37
, 120
, 28
, 129
, 108
, 49
, 89
, 68
, 11
, 146
, 45
, 112
, 78
, 79
, 151
, 6
, 1
, 156
, 37
, 120
, 19
, 138
, 131
, 26
, 18
, 139
, 56
, 101
, 1
, 156
, 72
, 85
, 126
, 31
, 32
, 125
, 87
, 70
, 16
, 141
, 136
, 21
, 81
, 76
, 96
, 61
, 60
, 97
, 68
, 89
, 89
, 68
, 146
, 11
, 16
, 141
, 89
, 68
, 100
, 57
, 9
, 148
, 37
, 120
, 51
, 106
, 79
, 78
, 90
, 67
, 74
, 83
, 101
, 56
, 110
, 47
, 79
, 78
, 82
, 75
, 152
, 5
, 149
, 8
, 111
, 46
, 120
, 37
, 122
, 35
, 127
, 30
, 40
, 117
, 68
, 89
, 13
, 144
, 56
, 101
, 40
, 117
, 88
, 69
, 71
, 86
, 125
, 32
, 86
, 71
, 125
, 32
, 118
, 39
, 143
, 14
, 116
, 41
, 24
, 133
, 35
, 122
, 112
, 45
, 130
, 27
, 64
, 93
, 73
, 84
, 73
, 84
, 129
, 28
, 49
, 108
, 63
, 94
, 55
, 102
, 60
, 97
, 132
, 25
, 59
, 98
, 39
, 118
, 112
, 45
, 72
, 85
, 4
, 153
, 74
, 83
, 88
, 69
, 142
, 15
, 118
, 39
, 16
, 141
, 121
, 36
, 99
, 58
, 75
, 82
, 58
, 99
, 97
, 60
, 118
, 39
, 27
, 130
, 55
, 102
, 94
, 63
, 107
, 50
, 108
, 49
, 22
, 135
, 8
, 149
, 67
, 90
, 107
, 50
, 137
, 20
, 80
, 77
, 39
, 118
, 84
, 73
, 48
, 109
, 117
, 40
, 110
, 47
, 65
, 92
, 76
, 81
, 88
, 69
, 48
, 109
, 2
, 155
, 80
, 77
, 107
, 50
, 48
, 109
, 113
, 44
, 54
, 103
, 41
, 116
, 10
, 147
, 50
, 107
, 149
, 8
, 95
, 62
, 144
, 13
, 33
, 124
, 92
, 65
, 8
, 149
, 103
, 54
, 53
, 104
, 29
, 128
, 116
, 41
, 77
, 80
, 14
, 143
, 36
, 121
, 133
, 24
, 145
, 12
, 69
, 88
, 40
, 117
, 95
, 62
, 23
, 134
, 3
, 154
, 79
, 78
, 69
, 88
, 118
, 39
, 43
, 114
, 43
, 114
, 91
, 66
, 82
, 75
, 31
, 126
, 125
, 32
, 133
, 24
, 117
, 40
, 37
, 120
, 15
, 142
, 111
, 46
, 19
, 138
, 69
, 88
, 83
, 74
, 63
, 94
, 151
, 6
, 102
, 55
, 71
, 86
, 124
, 33
, 99
, 58
, 93
, 64
, 83
, 74
, 116
, 41
, 145
, 12
, 150
, 7
, 155
, 2
, 74
, 83
, 17
, 140
, 14
, 143
, 41
, 116
, 79
, 78
, 33
, 124
, 72
, 85
, 67
, 90
, 132
, 25
, 136
, 21
, 119
, 38
, 96
, 61
, 149
, 8
, 85
, 72
, 35
, 122
, 148
, 9
, 143
, 14
, 124
, 33
, 155
, 2
, 151
, 6
, 40
, 117
, 35
, 122
, 74
, 83
, 59
, 98
, 130
, 27
, 44
, 113
, 95
, 62
, 62
, 95
, 141
, 16
, 155
, 2
, 32
, 125
, 45
, 112
, 68
, 89
, 63
, 94
, 48
, 109
, 133
, 24
, 37
, 120
, 90
, 67
, 65
, 92
, 60
, 97
, 84
, 73
, 127
, 30
, 132
, 25
, 137
, 20
, 63
, 94
, 106
, 51
, 61
, 96
, 38
, 119
, 95
, 62
, 115
, 42
, 138
, 19
, 115
, 42
, 132
, 25
, 31
, 126
, 102
, 55
, 139
, 18
, 32
, 125
, 26
, 131
, 134
, 23
, 98
, 59
, 10
, 147
, 7
, 150
, 113
, 44
, 58
, 99
, 153
, 4
, 72
, 85
, 34
, 123
, 7
, 150
, 24
, 133
, 81
, 76
, 104
, 53
, 129
, 28
, 36
, 121
, 17
, 140
, 10
, 147
, 108
, 49
, 13
, 144
, 126
, 31
, 106
, 51
, 52
, 105
, 14
, 143
, 116
, 41
, 58
, 99
, 72
, 85
, 148
, 9
, 34
, 123
, 11
, 146
, 130
, 27
, 59
, 98
, 8
, 149
, 30
, 127
, 109
, 48
, 69
, 88
, 61
, 96
, 90
, 67
, 74
, 83
, 75
, 82
, 120
, 37
, 5
, 152
, 148
, 9
, 144
, 13
, 99
, 58
, 117
, 40
, 27
, 130
, 16
, 141
, 10
, 147
, 141
, 16
, 145
, 12
, 90
, 67
, 25
, 132
, 109
, 48
, 85
, 72
, 11
, 146
, 123
, 34
, 43
, 114
, 70
, 87
, 131
, 26
, 15
, 142
, 9
, 148
, 53
, 104
, 111
, 46
, 14
, 143
, 120
, 37
, 10
, 147
, 68
, 89
, 70
, 87
, 28
, 129
, 29
, 128
, 120
, 37
, 19
, 138
, 33
, 124
, 73
, 84
, 61
, 96
, 123
, 34
, 80
, 77
, 60
, 97
, 66
, 91
, 72
, 85
, 134
, 23
, 19
, 138
, 97
, 60
, 59
, 98
, 14
, 143
, 100
, 57
, 143
, 14
, 107
, 50
, 39
, 118
, 73
, 84
, 12
, 145
, 84
, 73
, 117
, 40
, 6
, 151
, 56
, 101
, 32
, 125
, 100
, 57
, 27
, 130
, 141
, 16
, 58
, 99
, 47
, 110
, 136
, 21
, 6
, 151
, 58
, 99
, 42
, 115
, 99
, 58
, 91
, 66
, 101
, 56
, 10
, 147
, 74
, 83
, 125
, 32
, 137
, 20
, 122
, 35
, 85
, 72
, 10
, 147
, 94
, 63
, 86
, 71
, 37
, 120
, 62
, 95
, 97
, 60
, 79
, 78
, 93
, 64
, 80
, 77
, 149
, 8
, 47
, 110
, 139
, 18
, 85
, 72
, 2
, 155
, 78
, 79
, 145
, 12
, 80
, 77
, 130
, 27
, 130
, 27
, 41
, 116
, 27
, 130
, 24
, 133
, 111
, 46
, 55
, 102
, 116
, 41
, 40
, 117
, 105
, 52
, 58
, 99
, 97
, 60
, 33
, 124
, 99
, 58
, 146
, 11
, 48
, 109
, 140
, 17
, 150
, 7
, 121
, 36
, 2
, 155
, 146
, 11
, 126
, 31
, 73
, 84
, 33
, 124
, 85
, 72
, 69
, 88
, 129
, 28
, 117
, 40
, 123
, 34
, 31
, 126
, 21
, 136
, 7
, 150
, 74
, 83
, 91
, 66
, 9
, 148
, 81
, 76
, 135
, 22
, 145
, 12
, 70
, 87
, 25
, 132
, 154
, 3
, 65
, 92
, 79
, 78
, 66
, 91
, 155
, 2
, 87
, 70
, 147
, 10
, 111
, 46
, 90
, 67
, 112
, 45
, 104
, 53
, 137
, 20
, 18
, 139
, 30
, 127
, 40
, 117
, 61
, 96
, 123
, 34
, 89
, 68
, 115
, 42
, 23
, 134
, 88
, 69
, 61
, 96
, 64
, 93
, 47
, 110
, 58
, 99
, 5
, 152
, 92
, 65
, 12
, 145
, 145
, 12
, 5
, 152
, 80
, 77
, 14
, 143
, 24
, 133
, 64
, 93
, 14
, 143
, 73
, 84
, 25
, 132
, 115
, 42
, 128
, 29
, 57
, 100
, 66
, 91
, 58
, 99
, 151
, 6
, 114
, 43
, 151
, 6
, 113
, 44
, 32
, 125
, 36
, 121
, 97
, 60
, 99
, 58
, 89
, 68
, 88
, 69
, 45
, 112
, 113
, 44
, 18
, 139
, 66
, 91
, 8
, 149
, 52
, 105
, 102
, 55
, 153
, 4
, 137
, 20
, 71
, 86
, 101
, 56
, 62
, 95
, 28
, 129
, 75
, 82
, 122
, 35
, 137
, 20
, 72
, 85
, 49
, 108
, 126
, 31
, 76
, 81
, 16
, 141
, 26
, 131
, 19
, 138
, 143
, 14
, 36
, 121
, 94
, 63
, 108
, 49
, 108
, 49
, 113
, 44
, 151
, 6
, 62
, 95
, 66
, 91
, 132
, 25
, 103
, 54
, 149
, 8
, 102
, 55
, 95
, 62
, 51
, 106
, 105
, 52
, 150
, 7
, 143
, 14
, 90
, 67
, 114
, 43
, 152
, 5
, 48
, 109
, 106
, 51
, 11
, 146
, 116
, 41
, 108
, 49
, 21
, 136
, 125
, 32
, 66
, 91
, 12
, 145
, 110
, 47
, 105
, 52
, 123
, 34
, 81
, 76
, 82
, 75
, 35
, 122
, 152
, 5
, 9
, 148
, 50
, 107
, 33
, 124
, 133
, 24
, 4
, 153
, 115
, 42
, 15
, 142
, 7
, 150
, 18
, 139
, 128
, 29
, 121
, 36
, 43
, 114
, 33
, 124
, 133
, 24
, 101
, 56
, 98
, 59
, 110
, 47
, 99
, 58
, 87
, 70
, 10
, 147
, 13
, 144
, 18
, 139
, 46
, 111
, 142
, 15
, 76
, 81
, 27
, 130
, 66
, 91
, 21
, 136
, 53
, 104
, 8
, 149
, 36
, 121
, 60
, 97
, 105
, 52
, 95
, 62
, 5
, 152
, 70
, 87
, 150
, 7
, 126
, 31
, 69
, 88
, 26
, 131
, 14
, 143
, 14
, 143
, 82
, 75
, 155
, 2
, 19
, 138
, 39
, 118
, 13
, 144
, 107
, 50
, 117
, 40
, 37
, 120
, 119
, 38
, 123
, 34
, 17
, 140
, 111
, 46
, 129
, 28
, 9
, 148
, 134
, 23
, 54
, 103
, 16
, 141
, 86
, 71
, 19
, 138
, 5
, 152
, 55
, 102
, 71
, 86
, 11
, 146
, 5
, 152
, 97
, 60
, 142
, 15
, 54
, 103
, 88
, 69
, 18
, 139
, 101
, 56
, 91
, 66
, 46
, 111
, 49
, 108
, 147
, 10
, 25
, 132
, 104
, 53
, 137
, 20
, 99
, 58
, 83
, 74
, 129
, 28
, 152
, 5
, 143
, 14
, 74
, 83
, 78
, 79
, 146
, 11
, 114
, 43
, 48
, 109
, 135
, 22
, 45
, 112
, 93
, 64
, 111
, 46
, 26
, 131
, 143
, 14
, 108
, 49
, 81
, 76
, 48
, 109
, 104
, 53
, 42
, 115
, 18
, 139
, 114
, 43
, 62
, 95
, 6
, 151
, 103
, 54
, 110
, 47
, 138
, 19
, 81
, 76
, 48
, 109
, 153
, 4
, 107
, 50
, 13
, 144
, 26
, 131
, 119
, 38
, 27
, 130
, 85
, 72
, 114
, 43
, 119
, 38
, 26
, 131
, 5
, 152
, 65
, 92
, 127
, 30
, 45
, 112
, 36
, 121
, 28
, 129
, 16
, 141
, 114
, 43
, 56
, 101
, 21
, 136
, 109
, 48
, 79
, 78
, 58
, 99
, 109
, 48
, 82
, 75
, 35
, 122
, 29
, 128
, 2
, 155
, 29
, 128
, 111
, 46
, 114
, 43
, 145
, 12
, 133
, 24
, 99
, 58
, 55
, 102
, 43
, 114
, 145
, 12
, 93
, 64
, 149
, 8
, 150
, 7
, 125
, 32
, 8
, 149
, 146
, 11
, 37
, 120
, 112
, 45
, 140
, 17
, 22
, 135
, 60
, 97
, 142
, 15
, 135
, 22
, 110
, 47
, 101
, 56
, 137
, 20
, 48
, 109
, 67
, 90
, 56
, 101
, 24
, 133
, 108
, 49
, 132
, 25
, 83
, 74
, 152
, 5
, 12
, 145
, 88
, 69
, 135
, 22
, 122
, 35
, 13
, 144
, 109
, 48
, 93
, 64
, 104
, 53
, 86
, 71
, 105
, 52
, 96
, 61
, 121
, 36
, 113
, 44
, 105
, 52
, 38
, 119
, 148
, 9
, 8
, 149
, 137
, 20
, 2
, 155
, 84
, 73
, 153
, 4
, 62
, 95
, 21
, 136
, 99
, 58
, 101
, 56
, 37
, 120
, 77
, 80
, 123
, 34
, 93
, 64
, 28
, 129
, 53
, 104
, 24
, 133
, 51
, 106
, 7
, 150
, 80
, 77
, 110
, 47
, 38
, 119
, 68
, 89
, 113
, 44
, 3
, 154
, 4
, 153
, 84
, 73
, 20
, 137
, 96
, 61
, 110
, 47
, 62
, 95
, 117
, 40
, 112
, 45
, 131
, 26
, 65
, 92
, 136
, 21
, 149
, 8
, 99
, 58
, 39
, 118
, 39
, 118
, 149
, 8
, 141
, 16
, 89
, 68
, 52
, 105
, 23
, 134
, 10
, 147
, 139
, 18
, 141
, 16
, 48
, 109
, 14
, 143
, 146
, 11
, 151
, 6
, 14
, 143
, 72
, 85
, 118
, 39
, 90
, 67
, 108
, 49
, 130
, 27
, 61
, 96
, 136
, 21
, 65
, 92
, 153
, 4
, 36
, 121
, 150
, 7
, 145
, 12
, 140
, 17
, 11
, 146
, 3
, 154
, 40
, 117
, 60
, 97
, 60
, 97
, 15
, 142
, 65
, 92
, 43
, 114
, 97
, 60
, 38
, 119
, 111
, 46
, 108
, 49
, 32
, 125
, 61
, 96
, 131
, 26
, 30
, 127
, 75
, 82
, 96
, 61
, 78
, 79
, 85
, 72
, 11
, 146
, 17
, 140
, 127
, 30
, 9
, 148
, 46
, 111
, 79
, 78
, 13
, 144
, 31
, 126
, 37
, 120
, 2
, 155
, 80
, 77
, 107
, 50
, 35
, 122
, 148
, 9
, 2
, 155
, 28
, 129
, 50
, 107
, 37
, 120
, 42
, 115
, 45
, 112
, 56
, 101
, 56
, 101
, 57
, 100
, 56
, 101
, 20
, 137
, 27
, 130
, 114
, 43
, 27
, 130
, 65
, 92
, 72
, 85
, 42
, 115
, 92
, 65
, 95
, 62
, 128
, 29
, 87
, 70
, 141
, 16
, 136
, 21
, 139
, 18
, 112
, 45
, 30
, 127
, 50
, 107
, 43
, 114
, 60
, 97
, 19
, 138
, 155
, 2
, 152
, 5
, 64
, 93
, 149
, 8
, 33
, 124
, 153
, 4
, 133
, 24
, 144
, 13
, 65
, 92
, 103
, 54
, 18
, 139
, 117
, 40
, 113
, 44
, 103
, 54
, 129
, 28
, 83
, 74
, 130
, 27
, 97
, 60
, 39
, 118
, 72
, 85
, 99
, 58
, 82
, 75
, 53
, 104
, 84
, 73
, 61
, 96
, 61
, 96
, 144
, 13
, 15
, 142
, 149
, 8
, 33
, 124
, 10
, 147
, 124
, 33
, 41
, 116
, 81
, 76
, 40
, 117
, 126
, 31
, 119
, 38
, 78
, 79
, 97
, 60
, 112
, 45
, 11
, 146
, 20
, 137
, 84
, 73
, 145
, 12
, 78
, 79
, 119
, 38
, 29
, 128
, 99
, 58
, 89
, 68
, 5
, 152
, 98
, 59
, 37
, 120
, 135
, 22
, 138
, 19
, 4
, 153
, 96
, 61
, 127
, 30
, 17
, 140
, 33
, 124
, 125
, 32
, 95
, 62
, 33
, 124
, 11
, 146
, 20
, 137
, 95
, 62
, 136
, 21
, 79
, 78
, 104
, 53
, 16
, 141
, 100
, 57
, 23
, 134
, 51
, 106
, 102
, 55
, 106
, 51
, 128
, 29
, 143
, 14
, 61
, 96
, 139
, 18
, 137
, 20
, 21
, 136
, 151
, 6
, 126
, 31
, 122
, 35
, 127
, 30
, 129
, 28
, 17
, 140
, 51
, 106
, 132
, 25
, 29
, 128
, 123
, 34
, 107
, 50
, 108
, 49
, 61
, 96
, 30
, 127
, 100
, 57
, 110
, 47
, 98
, 59
, 97
, 60
, 81
, 76
, 155
, 2
, 152
, 5
, 132
, 25
, 47
, 110
, 144
, 13
, 32
, 125
, 6
, 151
, 18
, 139
, 71
, 86
, 63
, 94
, 47
, 110
, 147
, 10
, 112
, 45
, 103
, 54
, 122
, 35
, 120
, 37
, 122
, 35
, 18
, 139
, 76
, 81
, 53
, 104
, 41
, 116
, 53
, 104
, 141
, 16
, 133
, 24
, 130
, 27
, 105
, 52
, 40
, 117
, 111
, 46
, 102
, 55
, 112
, 45
, 139
, 18
, 65
, 92
, 65
, 92
, 117
, 40
, 73
, 84
, 123
, 34
, 81
, 76
, 104
, 53
, 33
, 124
, 72
, 85
, 3
, 154
, 9
, 148
, 37
, 120
, 67
, 90
, 141
, 16
, 57
, 100
, 76
, 81
, 120
, 37
, 2
, 155
, 103
, 54
, 149
, 8
, 84
, 73
, 143
, 14
, 122
, 35
, 134
, 23
, 26
, 131
, 121
, 36
, 18
, 139
, 3
, 154
, 140
, 17
, 129
, 28
, 5
, 152
, 97
, 60
, 99
, 58
, 144
, 13
, 58
, 99
, 150
, 7
, 135
, 22
, 127
, 30
, 101
, 56
, 40
, 117
, 77
, 80
, 121
, 36
, 90
, 67
, 103
, 54
, 7
, 150
, 127
, 30
, 137
, 20
, 145
, 12
, 8
, 149
, 151
, 6
, 28
, 129
, 93
, 64
, 149
, 8
, 2
, 155
, 110
, 47
, 118
, 39
, 24
, 133
, 105
, 52
, 74
, 83
, 29
, 128
, 109
, 48
, 26
, 131
, 26
, 131
, 117
, 40
, 149
, 8
, 97
, 60
, 114
, 43
, 148
, 9
, 53
, 104
, 40
, 117
, 50
, 107
, 74
, 83
, 94
, 63
, 35
, 122
, 142
, 15
, 59
, 98
, 17
, 140
, 26
, 131
, 127
, 30
, 124
, 33
, 33
, 124
, 104
, 53
, 25
, 132
, 45
, 112
, 133
, 24
, 130
, 27
, 138
, 19
, 13
, 144
, 118
, 39
, 65
, 92
, 114
, 43
, 41
, 116
, 103
, 54
, 110
, 47
, 123
, 34
, 14
, 143
, 73
, 84
