
7708
251
336
919
725
145
844
140
893
695
432
652
658
458
726
951
693
727
340
134
593
590
668
476
538
354
235
583
248
782
126
774
516
329
861
317
553
529
988
601
175
573
831
518
322
537
576
785
468
492
477
919
938
377
822
577
112
115
423
335
735
849
383
389
121
179
361
890
560
1000
777
833
957
175
624
248
358
639
549
943
783
725
233
944
503
214
690
574
592
583
596
703
622
802
283
298
952
336
928
752
792
661
903
917
400
845
891
880
815
465
777
677
728
399
354
955
762
954
888
707
696
745
505
888
250
551
825
871
983
129
495
561
482
260
566
827
866
325
150
309
536
811
316
233
408
799
571
391
379
710
574
510
437
651
761
653
561
244
668
825
132
991
959
385
662
280
510
312
781
626
792
599
291
866
765
406
800
423
902
697
561
217
469
925
683
345
921
426
871
615
335
827
114
612
101
672
688
646
160
329
872
431
753
751
755
564
392
485
811
843
608
765
308
467
987
420
745
291
616
674
331
811
943
397
157
467
591
223
175
300
875
869
530
392
724
438
581
146
805
689
469
664
114
531
174
246
838
282
521
262
443
723
717
776
675
960
362
851
732
623
895
764
130
592
565
368
646
346
836
844
906
756
829
158
837
268
870
727
251
876
390
466
928
616
197
716
815
228
879
943
275
221
284
746
330
544
959
953
631
215
546
934
692
608
675
616
251
470
955
383
725
336
236
477
375
568
283
388
541
622
320
215
192
301
181
425
767
819
910
603
717
131
190
215
569
190
851
661
226
973
704
926
898
171
839
678
918
949
109
839
165
767
914
609
936
545
591
507
428
227
172
241
696
564
464
868
316
495
182
228
235
503
982
675
522
125
465
638
593
344
498
154
926
604
679
749
483
241
826
623
795
640
391
964
298
937
505
184
272
872
390
935
519
490
514
320
840
338
183
725
434
455
827
127
498
978
676
376
191
744
988
728
671
283
384
310
185
287
243
856
907
814
660
995
833
838
912
861
442
680
721
567
338
857
331
274
995
703
884
910
572
913
876
964
371
928
492
498
988
545
562
457
478
150
192
626
407
415
977
334
535
205
361
478
627
450
593
931
560
201
248
113
791
661
994
841
587
604
684
243
271
436
661
558
698
440
997
469
700
911
897
202
246
850
156
649
106
931
724
486
221
839
364
641
235
654
900
376
946
287
898
133
273
141
492
715
845
496
898
731
356
331
308
608
382
353
288
848
806
254
604
466
747
358
484
422
100
322
629
133
233
572
783
105
433
295
499
649
619
633
625
512
168
448
192
734
432
652
469
923
120
850
723
842
592
447
864
732
400
975
988
559
399
443
921
156
183
174
393
111
896
368
993
427
565
962
433
322
455
982
282
925
292
914
770
727
612
490
798
215
379
818
176
243
827
616
351
567
617
562
347
791
709
677
235
776
615
697
322
478
629
256
718
422
361
417
784
260
192
581
617
780
338
483
858
914
514
618
501
402
960
256
824
975
499
271
352
277
632
944
745
577
564
482
402
526
307
889
183
168
175
211
631
481
614
980
513
553
907
692
874
691
539
290
496
692
788
958
807
850
409
388
916
389
271
562
409
463
498
178
530
295
874
747
735
601
949
803
393
766
847
436
524
161
304
769
663
397
760
652
970
169
796
903
347
557
533
241
464
844
874
771
930
269
289
468
713
893
736
132
429
663
751
259
665
695
437
984
863
612
698
564
765
637
402
541
992
233
179
442
793
224
340
806
116
390
762
176
771
471
352
368
380
969
274
772
758
578
486
755
229
354
677
175
412
713
791
436
896
713
711
909
507
819
720
390
827
331
908
188
323
989
582
750
293
292
447
401
186
567
340
357
152
910
514
909
177
880
292
393
213
427
827
966
363
401
252
835
997
570
792
142
778
259
317
943
388
251
552
102
137
889
790
474
485
664
673
987
679
689
524
358
419
1000
281
615
103
465
196
612
728
650
996
874
425
986
449
679
236
817
920
979
740
239
510
456
411
925
186
878
458
221
302
234
619
687
799
189
794
346
607
370
639
991
788
215
602
795
787
570
914
535
690
388
181
222
785
813
876
212
595
514
548
485
158
240
470
636
874
292
198
660
920
217
750
539
689
850
585
725
769
218
368
660
248
605
389
747
221
868
321
465
393
988
631
742
355
351
477
385
520
806
701
129
407
513
814
892
829
397
136
137
453
194
429
734
217
467
923
953
163
567
633
495
633
367
996
807
201
743
554
916
952
966
174
300
125
189
213
960
815
905
182
692
368
673
376
247
502
630
126
643
198
281
179
905
698
645
982
733
762
296
660
210
647
507
229
195
603
586
420
828
582
492
395
461
546
413
975
786
705
237
908
800
438
238
863
668
211
443
722
634
837
186
305
828
572
122
750
350
684
418
951
287
969
511
976
782
731
202
393
126
573
861
897
849
177
369
852
676
762
336
664
216
936
978
463
595
265
767
646
585
833
344
123
334
957
353
676
490
929
973
202
275
278
103
983
318
114
242
496
605
301
982
350
129
870
211
253
101
275
400
583
648
458
401
677
332
779
578
298
295
836
994
452
644
525
689
781
338
764
303
208
410
427
804
541
338
227
491
223
334
333
994
718
236
410
571
603
178
883
654
242
504
578
524
639
877
971
685
285
991
303
388
865
788
101
262
550
160
173
623
950
244
171
108
804
979
501
494
784
321
518
786
900
832
268
843
495
582
583
632
310
524
888
646
760
893
190
194
497
491
443
384
591
920
490
665
957
868
267
910
264
129
269
405
363
595
999
150
124
593
695
240
608
708
275
493
374
878
624
636
279
906
809
641
170
566
342
440
695
720
151
749
596
800
138
230
933
900
987
769
798
940
309
290
478
538
344
231
616
625
404
729
962
283
225
389
941
595
541
169
503
951
522
395
425
143
410
547
713
585
613
948
864
670
322
286
940
771
940
591
325
160
471
480
624
906
530
722
912
133
924
778
977
263
641
666
830
977
891
941
226
676
313
345
485
839
926
282
558
625
811
459
964
153
548
825
699
379
633
464
767
365
621
585
786
742
826
263
700
677
911
855
264
421
104
139
622
854
690
419
658
987
499
392
363
525
505
969
510
863
422
983
265
738
470
142
232
978
461
121
645
487
388
917
948
543
718
313
815
396
813
492
519
792
740
643
255
862
298
718
510
311
502
637
287
264
114
567
123
707
293
613
863
683
689
766
513
458
565
839
688
473
801
923
724
279
838
100
118
892
828
293
621
791
268
576
124
590
596
148
369
157
882
331
420
542
116
658
708
585
897
801
150
195
322
569
263
732
479
744
290
505
167
716
822
511
904
651
354
109
307
493
390
793
370
115
207
509
889
659
452
204
553
216
171
799
882
128
350
733
786
424
515
632
462
409
709
232
832
855
941
498
696
600
300
944
381
947
887
738
840
335
704
844
610
103
426
138
498
195
816
608
944
775
215
772
266
340
699
284
210
254
991
529
130
187
633
136
927
255
352
431
494
293
904
236
233
631
445
632
893
561
313
379
527
371
212
800
599
389
668
953
716
172
542
528
223
340
304
128
363
964
273
507
304
619
153
278
182
624
607
648
101
344
291
219
138
963
203
633
476
819
347
677
188
436
836
982
989
229
511
404
682
795
791
162
200
469
770
178
749
554
437
191
791
240
439
187
379
529
481
350
607
828
881
530
352
846
594
580
106
388
742
118
657
848
411
162
596
720
758
561
608
107
942
846
908
836
577
284
236
310
535
995
341
573
714
985
952
864
738
776
721
156
420
519
527
589
385
467
974
230
405
887
786
199
525
519
406
821
414
958
782
689
964
293
789
198
948
604
763
279
974
595
701
265
706
211
115
933
212
170
970
270
432
412
581
994
454
122
561
536
834
995
256
350
459
502
393
623
811
822
367
118
473
261
991
332
409
160
310
897
950
460
586
764
941
226
710
347
973
143
613
467
262
289
108
478
575
630
933
526
652
585
473
906
264
300
818
230
376
658
449
226
830
767
897
376
323
525
250
862
949
494
455
355
837
139
738
966
363
375
565
539
954
656
160
987
899
923
201
163
698
609
642
298
196
516
518
960
930
147
414
917
531
375
286
124
723
652
360
365
723
185
454
272
347
868
620
661
900
340
246
606
590
873
479
405
770
712
774
935
424
787
444
889
554
359
971
872
403
158
845
246
957
273
163
120
778
505
158
734
278
798
404
439
261
537
969
700
204
474
105
670
207
661
568
613
590
487
528
225
152
722
257
941
576
519
142
307
455
854
852
862
614
347
927
584
606
957
425
378
183
150
363
667
510
874
949
505
678
332
936
752
327
924
334
796
353
298
598
997
138
544
715
666
612
275
577
909
661
816
499
623
398
173
720
618
714
790
195
791
490
199
121
402
151
286
739
240
396
117
400
278
995
731
711
879
885
990
292
853
690
134
428
506
915
147
771
885
688
728
457
498
742
677
606
701
715
886
941
529
476
844
190
643
359
982
237
812
131
363
840
821
702
697
442
698
417
606
609
730
451
945
433
621
220
830
588
522
224
442
218
892
172
531
635
396
300
964
688
174
392
146
660
708
900
523
114
666
535
211
873
796
777
402
578
219
931
677
200
752
535
696
608
775
838
681
624
534
696
923
223
929
759
722
613
983
359
762
329
156
843
220
248
649
808
862
861
463
684
174
364
121
699
229
328
430
709
175
907
532
540
507
448
775
131
224
534
812
159
334
976
931
473
814
183
701
140
192
154
965
194
487
935
144
456
566
233
188
149
763
396
265
453
676
974
575
559
625
440
613
974
169
967
933
482
217
769
550
653
327
511
385
885
826
317
884
655
803
822
383
247
232
461
187
803
130
435
365
546
472
558
300
549
458
594
454
436
313
624
950
971
823
116
301
128
552
845
631
110
379
439
626
665
330
795
798
835
354
819
973
617
769
985
174
430
152
664
253
247
339
898
544
649
924
776
359
222
641
385
839
609
797
337
499
420
328
720
500
388
325
892
509
178
764
720
510
689
991
702
505
434
915
890
543
451
250
185
653
342
770
155
443
985
566
951
130
395
191
678
963
738
754
995
653
769
257
706
1000
858
510
865
592
942
433
898
891
760
100
224
759
354
397
826
989
874
276
907
325
228
946
352
571
149
580
557
127
846
534
706
968
823
344
314
478
392
169
395
309
252
314
536
361
657
927
406
751
755
421
983
515
852
258
430
943
433
560
889
805
481
513
909
476
262
919
255
271
909
283
740
349
201
383
701
503
398
622
436
117
685
307
708
772
645
936
925
801
818
591
838
365
268
611
676
544
845
561
158
608
534
374
925
846
505
758
903
978
101
674
880
363
193
469
836
172
307
942
914
240
379
658
813
373
895
153
284
886
623
528
459
766
974
626
277
340
424
171
286
222
874
298
616
568
965
340
389
700
836
918
651
201
727
447
960
959
772
723
808
964
840
231
163
711
431
598
116
953
403
823
391
992
688
467
548
451
192
407
411
854
997
509
520
952
981
413
212
513
188
197
786
608
704
105
669
419
304
795
419
567
873
342
776
944
418
385
335
274
684
886
525
254
119
140
810
428
299
901
376
603
561
608
192
235
843
359
649
631
802
423
436
806
386
529
127
418
373
606
309
264
989
375
200
731
392
279
776
398
158
164
501
964
429
665
278
542
504
358
390
297
782
933
342
316
493
409
644
825
414
804
385
623
733
514
356
954
101
435
795
651
665
988
993
798
567
817
764
167
818
165
597
781
664
666
678
226
806
898
664
580
860
967
752
856
284
868
596
869
452
393
855
868
198
462
289
206
221
995
846
940
246
488
467
694
869
779
573
532
318
243
153
528
272
262
114
100
919
679
633
695
251
403
541
782
104
355
311
548
952
367
217
617
843
723
649
564
936
999
149
833
595
995
312
782
651
130
189
201
380
549
844
338
186
493
187
267
476
878
238
513
932
818
853
737
638
652
947
258
854
544
569
936
469
546
991
479
580
551
121
843
317
973
628
723
761
785
944
739
569
216
662
305
607
783
215
869
935
752
195
738
881
240
718
528
879
550
728
777
535
662
678
444
898
982
835
144
994
444
876
305
910
208
840
498
321
651
894
737
704
755
180
576
375
812
913
709
103
946
585
828
420
300
637
462
853
412
514
351
360
596
629
791
814
966
847
443
622
503
892
644
594
661
545
900
858
324
681
762
242
877
385
267
947
237
491
126
164
347
601
812
792
803
618
329
497
647
485
509
928
943
344
562
796
871
921
944
132
517
392
263
399
548
120
323
701
724
782
106
972
835
200
684
699
678
871
411
202
143
588
828
727
394
759
337
587
242
480
703
324
502
713
969
408
884
623
753
467
375
357
758
505
339
974
997
874
255
361
238
653
645
147
833
751
184
753
171
766
505
821
911
841
635
838
510
326
722
971
897
390
358
506
582
519
805
472
393
606
284
128
818
520
300
529
876
929
984
796
714
584
843
392
366
999
675
917
457
861
301
574
921
776
957
756
795
465
926
510
509
464
429
108
255
657
104
979
324
617
729
637
323
415
444
760
444
417
455
449
817
623
728
755
311
845
880
125
891
283
783
678
322
151
264
669
363
344
888
798
146
199
566
408
919
897
391
274
270
160
880
280
516
879
326
917
730
495
670
847
162
399
173
458
978
671
273
250
104
490
339
276
712
386
923
661
508
140
424
326
378
585
645
543
964
534
736
763
849
345
341
432
672
906
878
868
911
274
876
345
616
710
575
419
496
365
924
171
630
360
974
940
661
898
524
697
192
408
874
302
927
137
946
147
191
180
819
441
296
930
879
121
154
533
231
438
715
609
712
569
133
533
526
365
743
691
324
239
593
762
272
803
380
236
372
716
567
502
316
721
564
998
145
999
446
868
527
485
571
776
123
305
411
745
280
860
895
732
328
118
572
173
640
669
142
936
424
525
366
768
528
682
495
872
858
560
942
553
259
613
929
876
960
574
660
822
456
112
872
867
515
687
927
226
805
709
691
865
213
458
598
405
934
197
411
455
642
771
505
628
586
943
223
908
302
196
541
131
641
892
566
668
839
250
534
233
746
988
759
611
331
889
676
259
379
874
651
807
982
785
534
396
829
326
924
341
109
378
330
490
431
641
344
590
201
469
936
232
288
865
960
168
627
978
728
829
167
514
288
168
633
876
439
500
338
517
715
483
174
517
635
898
471
997
331
341
530
383
315
216
712
365
591
598
200
298
569
889
898
120
992
834
460
476
584
167
448
971
156
433
704
623
995
269
332
992
767
272
943
931
556
192
666
890
174
674
160
998
628
545
622
151
713
884
823
319
394
218
871
132
633
405
778
363
116
479
239
888
134
640
174
385
420
330
180
747
931
632
260
276
948
663
579
755
402
113
259
192
907
478
653
833
607
606
630
507
153
316
780
854
333
724
627
701
982
639
576
928
277
573
660
523
962
951
411
509
860
254
292
909
801
288
307
555
133
379
484
678
294
447
197
549
341
384
687
163
903
918
852
580
457
341
959
534
434
972
124
684
687
809
750
875
320
473
893
285
763
713
307
416
639
413
493
312
623
552
745
645
526
691
605
999
220
740
209
688
678
288
987
578
792
861
819
939
769
119
899
752
572
203
825
765
184
488
418
708
821
564
438
342
200
988
906
549
719
820
198
569
348
488
553
329
956
827
908
568
432
837
256
414
795
786
965
358
481
505
228
611
969
320
920
819
458
310
616
332
138
783
752
237
700
512
695
861
195
964
709
510
645
187
913
891
955
978
993
906
573
269
577
714
183
946
363
912
667
636
385
450
326
627
381
351
497
712
146
582
169
191
239
973
549
150
502
695
204
932
279
474
413
242
275
663
441
285
984
387
493
472
177
253
581
377
633
851
528
437
394
614
579
382
660
757
118
451
734
962
963
889
872
174
278
951
466
527
988
454
312
162
314
816
686
214
520
399
148
664
436
281
296
845
576
183
137
983
912
713
883
199
102
412
821
624
290
804
699
276
258
874
785
367
457
721
378
433
159
742
282
570
221
980
658
246
799
861
375
514
577
463
255
132
121
717
709
475
733
612
644
648
177
390
709
979
110
756
167
784
912
841
916
283
828
256
455
764
674
376
981
791
844
175
170
466
530
122
235
969
273
353
188
462
613
109
567
382
357
164
384
289
155
620
371
929
260
799
649
586
380
176
594
886
585
187
783
109
123
187
492
279
753
753
267
705
600
173
555
635
479
841
725
547
579
399
654
512
809
934
819
655
763
589
272
602
500
271
270
965
567
987
437
124
438
280
139
233
437
763
307
971
369
720
752
829
323
560
523
946
741
207
914
229
716
139
694
256
325
229
995
994
970
559
123
678
631
760
482
940
611
287
100
741
449
902
900
653
569
472
424
511
257
215
498
691
927
297
483
524
123
201
664
226
727
243
905
198
370
680
450
868
210
743
120
237
152
928
122
471
557
629
252
881
906
959
218
115
132
915
808
870
575
316
653
144
667
140
929
799
549
165
808
798
539
873
222
352
344
736
615
236
344
300
200
918
765
133
395
302
961
781
422
282
648
408
693
921
452
665
928
841
377
356
531
807
259
795
622
999
950
203
868
143
533
799
406
920
983
507
174
734
297
140
237
511
196
879
343
992
842
905
668
324
566
632
228
911
467
578
644
408
213
645
216
791
659
946
938
978
118
477
530
250
671
551
883
250
337
938
836
389
479
865
500
809
111
347
858
729
287
560
358
224
949
664
723
500
283
513
271
560
908
238
368
419
442
195
324
146
259
278
423
659
741
778
102
478
576
306
540
996
269
855
410
177
337
499
503
548
706
146
612
843
304
951
290
550
215
733
833
135
198
626
922
355
654
659
254
111
759
510
755
611
812
531
587
976
585
722
637
757
756
596
507
450
987
300
442
993
817
108
566
684
982
646
664
491
969
604
493
410
801
999
967
890
943
343
343
853
900
610
366
735
464
360
682
340
459
791
376
766
762
537
530
939
941
478
362
135
341
663
213
417
597
640
340
196
354
764
839
103
287
286
263
119
102
149
394
809
271
592
932
317
304
599
684
462
502
661
228
852
707
241
529
503
107
555
970
430
817
526
687
633
351
549
725
874
524
399
231
831
735
206
831
986
938
241
582
509
222
532
652
496
522
144
478
360
827
915
224
789
380
236
673
151
239
744
947
662
693
463
351
651
688
267
725
890
917
969
947
761
610
298
136
942
281
438
384
686
602
275
793
339
899
835
278
344
434
624
271
771
729
700
689
332
733
174
700
610
856
810
988
475
734
779
299
898
201
290
901
311
194
895
838
482
197
212
604
904
881
923
308
933
464
875
412
662
531
126
267
685
539
866
589
764
510
831
489
683
469
348
111
457
434
626
564
864
928
700
367
370
436
832
967
612
347
607
283
477
810
643
540
485
243
786
633
964
874
429
852
362
1000
315
994
468
306
498
477
402
528
176
792
689
391
556
191
286
324
467
576
324
969
967
261
187
590
204
272
156
958
296
533
190
190
965
650
517
949
158
350
622
358
255
950
443
673
933
598
849
378
390
613
558
903
503
269
732
128
788
343
483
340
729
341
300
738
324
669
852
174
575
413
186
350
205
718
405
548
158
300
286
360
924
736
165
712
888
185
290
673
589
900
194
185
957
687
659
825
934
520
437
357
620
416
136
664
226
815
526
534
495
163
954
489
911
326
319
951
920
213
154
915
317
835
199
668
758
236
743
491
248
779
258
398
102
467
952
469
106
556
817
842
843
320
334
685
936
991
657
983
146
594
248
886
547
668
107
950
387
579
698
992
599
919
501
640
351
570
429
607
126
808
114
904
603
453
612
172
911
496
237
339
380
885
108
936
619
460
990
834
883
648
628
512
369
340
696
131
906
353
757
282
390
303
238
157
889
152
816
579
756
234
700
310
245
380
754
259
959
411
141
619
880
508
356
412
852
509
378
276
499
190
202
835
532
697
548
547
133
455
205
970
334
275
196
726
599
481
759
459
141
609
836
305
906
523
540
873
567
984
276
883
825
130
857
821
391
555
727
296
316
795
551
319
296
148
594
930
386
565
208
557
892
723
566
435
249
397
202
144
676
788
394
214
632
198
681
827
347
108
377
447
150
355
762
867
216
156
379
466
807
320
447
820
730
902
513
341
904
120
348
866
236
394
629
910
685
389
351
349
949
499
315
129
219
401
945
369
767
155
154
705
859
119
545
303
208
992
875
428
551
271
912
298
538
135
876
482
669
622
313
961
572
192
693
233
537
796
227
985
591
152
110
631
111
167
884
878
186
407
907
740
642
416
819
355
974
937
717
438
112
839
670
837
113
410
848
444
382
645
985
344
910
232
276
653
462
485
761
376
975
359
759
621
554
600
489
687
212
714
438
736
674
892
208
590
681
796
716
137
319
462
286
432
628
784
656
521
130
718
259
307
544
980
797
275
160
328
333
282
456
506
591
553
893
272
332
616
814
976
962
530
661
394
461
346
788
510
871
226
969
761
936
567
862
745
573
267
433
136
637
441
846
708
404
138
178
410
530
878
744
697
727
380
412
773
808
273
924
115
638
871
689
521
663
531
258
306
801
367
294
865
841
499
241
329
272
771
439
144
284
937
408
493
692
975
363
604
162
388
538
335
686
962
538
415
607
560
443
251
235
579
379
179
620
568
892
387
347
547
608
647
642
962
464
503
807
250
671
657
816
278
785
368
930
983
410
770
735
514
298
855
682
471
734
718
158
453
379
325
604
692
969
429
676
573
732
926
180
330
513
708
700
848
167
545
568
991
520
759
178
274
630
964
804
231
289
146
858
483
114
272
222
930
442
413
264
734
337
111
530
544
416
930
393
405
150
432
610
353
891
190
176
717
982
331
379
844
984
147
555
325
486
268
545
731
235
123
818
504
602
868
797
921
689
770
638
320
562
310
949
361
775
317
496
116
554
571
143
669
730
683
894
486
488
798
963
742
813
602
824
443
230
131
531
520
561
360
587
421
698
780
212
867
979
133
785
437
169
426
745
954
413
960
241
507
809
886
711
141
336
640
640
265
130
922
521
147
240
386
648
701
655
578
513
327
896
969
359
735
642
807
159
100
929
302
909
608
717
499
401
576
713
119
347
745
414
582
920
471
666
259
543
420
812
541
843
246
987
554
643
394
117
713
485
869
762
998
682
481
806
518
488
422
120
559
751
115
566
153
224
522
699
323
629
546
593
731
627
703
854
495
533
611
752
206
146
793
683
113
378
595
883
522
221
657
314
497
222
647
586
361
361
849
622
858
577
413
449
682
843
145
447
766
380
121
540
826
507
444
377
933
473
215
904
212
463
113
353
857
643
210
255
664
821
105
971
559
973
106
375
594
633
611
522
422
527
765
714
767
817
891
714
445
972
965
679
262
776
397
265
404
785
300
549
919
315
570
501
868
970
420
364
183
742
540
788
950
295
702
760
332
481
940
595
444
571
978
504
127
823
288
391
940
622
396
307
358
851
110
816
347
618
809
266
651
544
568
874
814
221
670
191
358
935
767
756
331
334
100
728
153
488
185
891
481
618
985
634
979
640
440
224
585
397
544
803
708
807
525
172
337
193
841
882
379
765
401
713
345
438
682
389
986
211
786
874
661
765
761
734
950
952
283
458
748
367
121
839
261
958
692
427
603
247
547
539
206
800
865
215
695
898
321
640
310
205
172
193
814
934
862
134
664
785
470
583
863
610
319
516
295
383
232
201
246
320
587
343
562
367
610
447
669
819
293
313
447
886
664
265
796
978
789
755
659
899
265
746
617
104
605
265
467
664
646
394
494
264
998
987
537
811
562
127
860
182
392
307
253
218
261
978
807
442
153
606
225
537
418
343
147
672
495
214
717
999
625
384
899
822
856
320
616
797
186
236
651
844
498
245
410
924
805
141
862
110
325
661
617
670
583
288
253
535
276
163
334
232
850
491
646
763
912
754
156
992
254
756
534
223
350
224
171
887
943
598
283
719
168
373
521
651
971
628
158
864
338
131
829
842
733
568
779
505
985
621
740
721
859
834
405
710
743
227
520
731
975
511
717
343
402
262
815
918
281
724
434
824
988
836
723
790
993
559
263
1000
802
443
899
839
620
397
703
871
707
762
838
248
258
186
511
697
488
898
578
745
350
673
929
344
463
113
544
790
407
506
927
244
495
246
769
568
313
843
619
159
944
236
278
453
942
901
155
394
495
963
583
334
672
727
223
954
904
854
804
967
347
507
755
926
807
267
677
873
548
945
198
760
752
620
489
324
425
285
958
560
976
925
431
475
971
633
972
998
232
191
345
492
682
463
114
815
203
156
992
867
136
529
373
259
916
548
977
933
583
444
911
335
445
717
862
301
586
401
724
334
296
349
237
292
552
370
685
977
598
933
140
603
298
633
360
439
360
534
137
730
311
765
231
426
752
124
542
591
131
939
450
845
872
723
639
870
247
477
801
236
252
437
308
595
420
718
305
715
257
550
780
207
828
659
659
525
397
847
986
848
317
426
609
166
618
254
149
383
571
319
165
199
312
562
696
227
535
869
374
904
752
533
395
939
943
595
196
400
742
476
828
245
895
973
869
635
760
239
478
572
376
283
340
108
757
672
509
275
163
787
997
228
431
883
509
798
590
961
408
330
301
902
980
738
523
642
978
202
612
716
390
366
362
672
276
911
392
821
305
386
992
429
322
423
383
365
671
349
344
174
290
105
678
934
202
875
128
321
144
907
282
712
516
750
969
322
709
355
557
810
942
551
310
712
482
987
103
414
337
853
469
899
983
383
453
942
619
228
356
629
605
689
708
652
376
791
312
849
825
492
940
365
659
158
202
418
629
692
576
617
605
292
965
374
414
925
730
312
867
789
487
937
707
967
536
570
459
810
570
571
261
285
540
268
813
512
911
959
151
965
425
303
779
134
521
334
423
345
992
581
163
624
897
965
884
955
695
546
967
235
194
243
781
367
985
682
995
696
102
923
480
260
156
176
220
866
813
546
843
453
983
276
603
607
399
408
368
695
117
278
219
854
108
197
728
244
222
475
504
854
929
445
495
151
956
861
869
260
726
517
102
319
656
475
825
657
805
996
348
852
909
456
176
782
711
879
149
358
302
280
765
611
316
864
354
584
722
496
502
530
552
302
303
359
670
275
285
257
146
902
520
622
739
869
713
642
158
525
262
294
865
931
997
534
917
648
265
403
776
604
866
697
531
872
468
169
361
529
438
393
756
910
155
758
981
785
561
693
154
870
801
844
133
106
327
184
386
384
700
167
119
344
109
671
730
176
742
460
291
318
573
445
345
432
578
880
578
231
200
553
372
620
228
383
933
735
323
479
286
339
929
537
802
545
461
449
203
530
541
633
898
195
582
790
1000
321
391
490
674
916
924
257
744
890
611
310
654
761
894
678
980
158
968
708
594
686
245
765
312
964
408
114
246
384
776
177
597
829
556
181
896
499
547
491
678
402
672
767
923
798
343
581
435
778
723
965
301
626
373
860
936
333
119
364
309
707
602
551
206
719
575
779
812
224
596
454
691
656
712
306
631
162
336
644
286
379
232
223
609
905
255
274
528
838
479
388
428
576
711
371
260
665
409
463
531
196
312
853
656
813
538
932
249
673
555
314
744
651
120
956
302
161
405
188
134
989
440
418
509
190
354
428
245
678
676
518
266
713
534
534
925
165
479
362
610
277
588
759
529
640
891
971
975
400
902
675
898
426
632
938
598
257
913
919
731
930
676
410
178
795
552
379
615
973
563
945
708
184
667
493
219
148
470
493
905
872
143
705
231
479
806
679
347
648
129
844
750
783
739
973
147
483
721
428
382
271
337
749
739
490
169
365
486
745
712
355
412
985
833
807
359
201
454
449
518
163
776
705
809
904
893
986
643
577
251
123
897
233
214
130
696
899
983
212
471
357
944
365
385
482
602
854
235
592
587
674
114
846
409
766
279
444
330
891
539
440
900
486
758
692
196
375
834
327
365
838
953
676
914
320
481
271
475
316
389
914
126
379
780
953
460
742
478
610
416
508
253
330
802
319
478
105
556
792
631
644
435
756
661
697
785
506
286
352
270
311
479
850
660
551
578
980
674
202
500
205
563
351
896
723
944
956
507
535
701
146
577
871
296
984
839
495
347
648
360
350
330
885
125
276
463
580
167
331
817
897
946
830
988
828
595
765
344
605
985
950
343
564
140
687
202
247
628
844
303
500
269
557
631
750
385
975
684
692
221
412
511
680
861
807
709
629
984
626
500
186
513
824
193
220
523
351
690
934
145
818
401
240
619
754
213
587
254
754
779
578
297
209
617
692
176
456
593
565
866
503
536
443
985
399
846
893
136
673
190
657
340
921
509
851
213
467
626
767
958
415
935
640
429
171
128
406
153
416
833
466
476
243
841
140
589
468
578
149
884
912
780
919
923
612
941
220
233
448
217
295
960
376
614
181
752
911
436
521
994
146
339
637
713
311
123
729
707
188
577
934
451
864
963
221
393
547
903
253
292
602
969
870
778
379
732
868
755
587
697
425
256
187
125
198
710
867
317
173
471
415
906
241
205
780
553
516
800
938
863
769
693
742
785
493
654
202
421
742
253
162
106
768
627
640
815
612
511
738
904
601
796
888
809
867
765
808
533
337
533
979
447
283
571
311
543
208
663
273
774
434
541
642
911
912
609
864
782
461
164
311
806
160
122
416
746
707
189
739
526
957
611
822
895
690
455
968
248
750
564
644
935
432
250
823
576
530
897
508
124
952
826
893
628
314
636
842
907
518
143
278
175
337
662
784
876
629
671
664
236
467
473
507
323
826
289
782
451
198
278
405
251
288
927
494
844
633
988
950
251
163
956
290
869
567
690
882
133
235
630
830
988
835
578
422
884
488
510
185
931
813
940
422
998
410
452
771
454
859
476
277
905
851
463
236
299
286
466
839
304
603
368
793
355
838
883
591
927
168
312
823
232
299
361
442
937
184
484
871
471
334
626
363
488
550
837
846
836
190
356
272
705
357
250
747
192
460
781
149
692
702
884
359
963
426
668
991
632
662
767
609
994
716
316
270
700
500
693
822
685
146
991
517
903
398
192
136
493
939
739
387
636
198
864
910
741
913
702
199
475
271
272
405
321
154
446
360
276
746
974
590
928
131
293
769
456
811
947
872
477
829
477
637
774
751
228
760
111
234
201
459
598
501
268
661
798
783
470
890
984
719
903
984
173
519
311
763
332
220
756
560
468
599
343
535
715
819
657
119
708
893
666
673
798
693
556
784
764
209
686
369
294
826
386
123
904
190
931
580
669
432
195
773
557
129
294
652
742
827
521
162
310
134
437
783
911
494
531
757
182
529
182
401
212
695
789
957
662
551
456
480
717
791
430
208
938
222
678
430
703
285
912
177
121
408
235
553
336
132
276
604
297
986
975
175
127
771
749
828
522
884
850
258
518
134
615
253
291
122
291
898
378
395
282
233
961
199
705
329
328
472
868
705
531
613
890
687
674
843
428
594
134
389
862
649
715
506
207
240
803
551
480
452
480
203
606
422
551
128
382
868
361
899
735
402
328
728
697
424
511
874
648
428
839
546
127
908
382
652
907
189
274
224
293
761
475
309
101
796
1000
875
193
671
539
106
535
551
676
134
833
264
350
234
727
776
523
701
576
695
468
527
163
948
461
358
323
410
160
116
529
744
798
730
828
841
653
939
224
239
870
113
142
814
493
547
992
930
662
860
933
352
916
626
314
554
704
154
747
230
482
103
531
474
364
366
827
414
964
831
851
561
476
708
390
458
731
592
277
390
980
658
185
681
356
517
993
273
319
350
998
453
250
487
388
403
779
293
113
837
352
871
100
201
532
594
383
562
931
247
137
631
684
306
251
329
231
661
615
350
257
830
501
411
824
323
395
122
680
454
981
626
967
864
332
145
288
470
852
260
160
653
922
452
260
624
983
602
150
524
653
619
837
549
140
107
696
936
970
428
211
338
913
613
544
211
629
669
749
655
261
952
591
988
203
731
858
360
862
144
218
597
584
630
622
278
974
749
189
482
281
950
432
951
728
671
745
834
293
747
519
546
449
342
692
878
459
604
108
834
325
939
971
379
587
225
381
311
659
369
664
265
913
356
790
704
639
412
258
820
360
837
186
409
674
363
549
101
951
461
797
345
766
307
354
579
675
472
661
809
734
637
351
373
731
544
284
963
838
492
812
195
111
662
254
212
805
948
932
900
992
813
283
811
780
179
570
970
584
102
468
564
835
895
230
741
768
511
135
819
785
576
972
716
879
292
415
284
594
514
804
275
619
961
840
114
901
991
135
289
857
678
486
439
771
683
526
357
855
424
178
251
892
470
263
164
176
629
173
519
963
421
801
832
697
796
390
529
897
333
446
849
949
471
468
531
298
404
330
833
810
504
899
627
360
854
503
611
974
287
347
966
703
709
609
550
214
613
979
666
711
355
227
900
440
484
165
179
610
883
962
386
689
128
611
631
973
214
528
357
616
268
769
955
674
961
753
126
535
830
768
112
159
701
298
596
784
385
939
300
852
602
213
537
994
327
907
383
704
778
528
695
365
324
647
753
643
853
443
213
682
149
831
352
230
218
991
353
623
369
392
860
456
740
594
759
451
882
805
765
625
324
785
558
787
843
140
340
815
927
449
779
979
895
701
775
810
667
908
810
989
324
185
665
364
941
150
573
605
794
302
319
792
126
844
680
862
646
327
599
968
441
627
211
817
595
273
258
482
895
509
190
341
986
841
819
795
388
741
471
116
588
819
693
430
773
339
702
155
843
849
778
234
650
820
763
744
818
655
633
994
657
924
695
343
385
633
836
239
947
843
761
788
546
115
101
198
636
640
432
777
286
821
906
618
160
160
227
984
259
671
412
900
397
201
532
710
670
808
906
362
206
192
404
852
453
738
366
671
209
381
280
796
341
754
734
142
280
836
605
517
943
161
414
769
401
236
493
360
232
264
323
725
697
653
237
946
852
495
354
933
470
546
784
445
685
352
952
425
965
171
828
237
491
473
285
125
105
426
618
312
664
314
673
308
768
824
199
251
804
953
237
691
584
608
560
156
182
900
788
663
672
341
560
654
298
795
892
297
973
989
906
511
821
868
696
460
391
152
991
728
242
704
640
414
303
340
603
116
618
460
867
365
638
176
478
751
111
195
314
153
575
283
702
881
727
389
304
922
366
666
617
767
309
627
885
628
785
872
726
900
177
371
761
268
953
201
268
890
357
280
569
559
163
805
143
659
459
467
636
684
523
841
585
128
783
625
561
599
190
380
984
901
392
264
245
316
463
224
795
494
199
783
691
286
753
654
611
374
978
752
376
664
824
979
975
587
555
974
585
221
692
824
825
483
727
131
371
281
479
342
959
118
379
779
196
599
375
876
679
479
384
508
138
684
871
665
663
654
261
384
713
607
929
611
172
240
163
808
990
874
813
223
288
386
612
450
818
986
256
179
238
348
695
130
324
267
798
763
726
400
383
50
50
50
50
50
50
51
51
51
51
51
51
51
51
52
52
52
53
53
53
53
53
53
53
53
53
53
54
54
54
54
54
55
55
55
56
56
56
56
56
57
57
58
58
58
58
58
59
59
59
59
59
59
60
60
60
60
60
60
60
60
60
61
61
61
61
61
61
61
62
62
62
63
63
63
63
63
64
64
64
65
65
65
65
65
66
66
66
66
67
67
67
67
68
68
68
69
69
69
70
70
70
70
71
71
71
72
72
72
73
73
73
74
74
74
75
75
75
75
76
76
77
77
77
78
78
78
78
78
78
79
79
79
79
79
80
80
81
81
81
81
81
82
82
82
82
82
83
83
83
83
83
84
84
84
85
85
85
85
85
85
85
86
86
86
86
86
86
86
87
88
88
88
88
88
88
89
89
89
89
89
89
90
90
90
91
91
91
91
92
92
92
93
93
93
93
93
93
94
94
94
95
95
95
95
95
95
95
95
95
95
96
96
96
96
96
96
97
97
98
98
98
98
98
98
98
98
98
98
99
99
100
100
100
100
100
100
100
101
101
101
101
102
102
102
102
102
103
104
104
104
104
105
105
106
106
106
106
106
106
107
107
107
107
107
107
108
108
108
108
109
109
109
109
110
110
111
111
111
111
111
112
112
112
112
112
113
113
113
113
114
115
115
117
118
118
118
118
118
119
119
119
119
119
119
119
119
119
120
120
120
120
120
120
120
121
121
122
122
123
123
123
123
123
123
124
124
125
125
125
125
125
127
128
128
128
129
129
129
129
129
130
130
130
131
131
131
131
131
132
132
133
133
133
133
133
134
134
134
134
134
134
134
135
135
135
136
136
136
136
137
137
137
137
137
138
138
138
138
138
138
138
138
139
139
140
140
140
140
140
141
141
141
141
142
142
142
142
142
143
143
144
144
144
144
144
145
145
145
145
146
146
146
146
147
147
147
148
149
149
149
150
150
150
151
151
151
151
151
151
152
152
153
153
153
153
153
153
153
154
154
154
155
155
155
155
155
156
156
156
157
157
157
157
157
157
158
158
158
159
159
159
159
159
159
159
159
159
160
160
160
160
160
161
161
161
161
162
162
162
162
163
163
163
163
164
164
164
164
164
164
164
165
165
166
166
166
166
166
166
167
167
167
167
167
167
168
168
168
168
169
169
169
169
169
169
169
170
170
171
171
171
171
173
173
173
173
173
173
173
174
174
174
174
175
175
176
177
177
177
178
178
178
179
179
179
179
179
179
180
180
180
180
180
180
181
181
181
181
182
182
182
182
182
183
183
183
183
183
184
184
184
184
185
185
186
186
186
186
186
186
187
187
187
187
187
188
188
188
188
189
189
190
190
190
190
191
191
191
191
191
192
192
192
192
192
193
193
194
194
194
194
194
195
195
196
197
197
197
197
197
197
197
198
198
198
199
199
199
200
200
200
200
201
201
201
202
202
203
203
203
203
203
204
204
204
204
204
204
204
205
205
205
205
205
205
205
205
205
205
206
207
207
207
207
207
207
208
208
208
208
208
208
208
208
208
209
209
209
211
211
211
211
211
212
212
212
212
212
212
213
213
213
213
213
214
214
215
215
215
215
215
216
216
217
217
217
217
218
218
218
218
219
220
220
220
220
220
220
221
221
221
222
222
222
222
222
223
223
223
223
223
223
224
224
224
224
224
225
225
225
225
225
225
225
226
226
227
227
228
228
228
228
228
229
229
229
229
229
229
229
230
230
230
230
230
230
231
231
231
231
231
232
232
232
232
232
233
233
233
234
234
234
234
234
235
235
235
235
236
236
236
236
236
237
237
238
238
238
238
239
240
240
240
240
241
241
241
241
242
242
242
242
243
243
243
243
244
244
244
244
244
245
245
246
246
246
246
246
246
246
246
247
247
247
247
247
248
248
248
248
248
248
249
249
249
249
249
250
250
251
251
252
252
252
252
253
253
253
253
253
253
253
253
254
254
254
255
255
255
255
255
255
256
256
256
256
256
257
257
257
258
259
259
259
259
259
260
260
260
260
261
261
261
261
261
262
262
262
263
263
263
263
264
264
264
264
264
264
264
264
264
264
265
265
265
266
266
266
266
266
267
267
267
267
267
267
267
268
268
268
268
269
269
269
269
269
269
269
270
270
270
270
270
270
271
271
272
272
272
272
272
273
273
273
273
274
274
274
275
275
275
275
275
276
276
276
277
277
277
278
279
280
280
280
280
280
280
280
280
281
281
282
283
283
283
284
284
285
285
285
285
286
286
287
287
287
287
287
287
287
287
287
288
288
288
288
288
289
289
289
289
290
290
290
290
290
290
291
291
291
291
292
292
292
293
293
294
295
295
295
295
295
295
295
295
296
296
297
297
297
297
298
298
298
299
299
299
299
300
300
300
300
300
301
301
301
301
301
301
302
302
302
302
302
302
302
303
303
303
303
303
304
304
304
304
304
304
304
305
305
305
305
305
305
306
306
306
306
306
307
307
307
307
307
307
308
308
308
309
309
310
310
310
310
310
311
311
311
311
311
311
311
311
312
312
312
312
312
312
312
312
313
313
313
314
314
314
314
315
315
315
316
316
317
318
318
319
319
320
320
320
320
321
321
321
321
321
321
322
322
322
323
323
323
323
324
324
324
325
325
325
325
326
326
326
326
326
326
327
327
328
328
328
329
330
330
330
330
330
330
330
331
331
331
332
332
333
333
333
333
333
333
333
334
334
334
334
334
335
335
335
335
335
335
336
336
336
337
337
337
338
338
338
338
339
339
339
340
340
340
340
340
340
341
341
341
341
341
342
342
343
344
344
344
344
345
345
345
345
345
345
346
346
346
347
347
348
348
348
348
348
348
349
349
350
350
350
350
350
350
351
351
351
352
352
352
352
352
352
354
354
354
354
354
355
355
356
356
356
356
357
357
357
357
357
357
358
358
358
359
359
359
359
359
359
359
360
360
360
360
360
360
360
360
360
361
361
361
361
362
362
362
362
362
363
363
363
363
363
364
364
364
365
365
365
365
365
365
366
366
366
366
366
366
366
367
367
367
367
368
368
368
368
368
368
368
368
369
369
369
370
370
370
371
371
371
371
371
372
372
372
372
372
372
373
373
373
373
373
374
374
374
375
376
376
377
378
379
379
379
379
380
380
380
380
380
381
381
381
381
381
381
381
382
382
382
382
382
382
382
382
383
383
383
383
383
383
383
383
383
384
384
384
385
385
385
385
385
385
386
386
386
387
387
387
387
387
387
388
388
388
388
388
388
389
389
389
389
389
389
389
389
390
390
390
391
391
391
391
391
391
391
392
392
392
392
393
393
393
394
394
394
394
395
395
396
396
397
397
397
398
398
399
399
400
400
400
400
401
402
402
402
402
403
403
404
405
407
407
407
407
407
408
409
409
409
409
410
410
411
411
411
411
411
411
412
412
412
412
413
414
414
414
415
415
415
415
415
415
415
416
416
416
416
417
417
417
417
418
418
418
418
418
418
419
419
419
419
419
420
420
420
420
420
420
421
421
422
422
422
422
422
422
423
423
423
423
424
424
424
424
424
424
425
426
426
426
426
427
427
428
429
429
429
430
431
431
431
431
432
432
432
432
432
432
432
433
433
433
433
434
434
434
434
434
434
434
435
435
436
437
437
437
437
437
437
438
438
438
438
439
439
439
439
439
439
439
440
442
442
442
442
443
443
444
444
444
444
444
445
445
445
445
445
446
446
447
447
447
447
447
448
448
448
449
449
449
450
450
450
451
451
451
451
452
452
452
452
452
452
453
453
453
453
453
454
454
454
454
455
455
455
455
456
456
456
456
457
457
457
458
458
458
458
458
458
458
458
459
459
460
460
461
462
462
463
463
463
463
463
463
463
464
464
464
464
464
464
464
465
465
465
465
466
466
466
466
466
467
467
468
468
468
469
469
469
469
470
470
471
471
471
471
472
472
472
472
472
472
472
473
473
473
474
474
474
474
474
475
475
476
476
476
476
476
476
477
477
477
477
478
478
478
479
479
479
479
480
480
480
481
481
481
482
482
482
482
482
484
484
484
484
485
485
485
486
486
486
486
486
487
487
487
487
488
488
488
488
489
489
489
490
490
490
491
492
492
493
493
493
493
493
493
494
494
494
494
494
495
495
496
496
497
497
497
497
497
497
497
498
498
498
498
499
499
499
500
500
500
501
501
502
502
502
502
502
502
502
503
503
503
503
503
504
504
504
505
505
505
505
505
505
505
505
505
505
506
506
506
506
506
506
506
506
507
507
507
507
507
507
508
508
508
508
508
508
508
508
508
508
508
509
509
509
509
509
510
510
510
510
510
510
511
511
511
511
511
512
512
512
512
512
513
513
513
513
513
514
515
515
515
515
516
516
516
516
517
517
517
517
517
517
517
518
518
519
519
520
520
520
520
520
521
521
523
523
523
523
523
523
524
524
524
524
524
524
525
525
525
525
525
526
526
527
527
527
529
529
529
529
529
529
529
529
529
529
530
530
531
531
531
532
532
532
532
532
532
532
532
532
534
534
534
534
534
534
534
534
534
535
535
536
536
536
536
537
537
537
537
538
538
538
539
540
540
540
541
541
541
541
541
542
542
542
543
543
543
543
544
544
544
544
544
544
545
545
546
546
546
547
547
547
547
548
548
548
548
548
548
548
548
549
549
550
550
550
550
550
551
552
552
552
552
553
553
553
553
553
554
554
555
555
555
555
556
557
557
558
558
558
558
558
559
560
560
560
561
561
561
561
562
562
562
562
563
563
563
564
565
565
565
566
566
566
567
568
568
568
569
569
569
569
569
569
569
570
570
570
570
570
571
571
571
572
572
572
572
573
573
574
574
575
575
575
575
575
575
575
576
576
576
576
576
578
578
578
579
579
579
579
579
579
580
580
580
581
581
581
582
582
582
582
582
582
582
583
583
583
584
585
585
586
586
586
586
586
586
587
587
587
587
587
587
588
588
588
588
588
588
589
589
589
590
590
590
590
591
591
593
593
593
593
593
593
593
594
594
594
594
594
595
595
595
595
596
596
596
596
597
597
597
597
597
598
598
598
598
598
599
599
599
599
599
599
600
600
600
600
600
601
601
601
601
602
602
602
603
603
604
604
604
604
605
605
605
605
606
606
606
606
606
606
607
607
607
607
607
607
608
608
608
608
608
608
608
608
609
609
609
609
610
610
610
611
611
611
611
612
612
612
612
612
613
613
613
613
614
614
614
614
615
615
615
615
616
616
617
617
617
617
617
618
619
619
619
619
620
620
620
620
620
621
621
621
621
622
622
623
623
623
624
624
624
625
625
626
626
626
626
626
627
627
627
627
628
628
628
628
628
628
629
629
629
630
630
630
630
630
630
630
631
631
631
631
632
632
633
633
633
634
634
634
634
634
634
635
635
635
635
635
636
636
636
636
636
637
637
637
637
637
638
638
638
638
638
638
639
639
639
640
640
640
641
641
641
641
641
641
641
642
642
642
642
642
642
642
643
643
643
643
643
643
644
644
644
644
645
645
646
647
647
647
648
648
648
649
649
649
649
649
650
650
650
650
650
652
652
653
653
653
653
653
653
654
654
654
654
656
656
656
657
657
657
658
658
658
658
658
659
659
659
660
660
660
660
660
660
660
661
661
661
661
662
662
662
662
662
663
664
664
664
664
665
665
665
665
665
666
666
666
666
666
667
667
667
667
667
668
668
669
669
669
669
669
669
669
670
670
670
671
672
672
672
672
672
672
673
673
673
673
674
674
674
674
675
675
675
675
675
675
676
677
677
678
678
678
678
678
679
679
679
679
680
680
680
681
681
681
681
681
681
682
682
682
682
683
683
683
683
683
684
684
685
685
686
686
686
686
686
687
687
687
687
687
687
688
688
688
688
689
689
690
690
690
690
690
690
690
691
691
691
691
691
692
692
692
693
693
693
693
694
694
694
694
695
695
696
696
696
696
696
697
697
698
698
698
698
699
699
699
699
700
700
700
700
700
700
701
701
702
702
702
702
702
702
703
703
703
703
703
704
704
704
704
706
706
706
706
706
707
707
707
708
708
708
708
708
708
709
709
710
710
710
710
710
711
711
712
712
712
712
712
712
712
712
713
713
713
713
714
714
714
714
715
715
715
715
715
716
716
716
716
716
716
717
717
717
717
717
717
718
718
718
718
719
719
719
719
719
720
720
720
720
721
721
723
723
723
724
725
725
725
725
725
726
726
727
728
728
728
728
728
729
729
729
730
730
730
730
730
731
731
731
731
731
731
731
732
732
732
733
733
733
734
734
735
735
735
736
736
736
736
736
736
736
736
737
737
737
737
738
738
738
738
738
739
739
739
739
740
740
740
741
741
741
741
741
742
742
742
742
743
743
743
743
743
744
744
744
744
744
744
744
745
745
745
745
746
746
746
746
746
747
747
747
747
748
748
748
749
749
750
750
750
750
750
750
751
752
753
753
753
753
753
753
753
754
754
754
755
755
755
755
755
755
756
756
756
757
757
757
758
758
758
759
759
760
760
761
762
762
762
763
763
763
764
764
764
764
764
764
764
765
765
765
766
766
767
767
767
767
767
767
767
768
768
768
768
768
768
769
769
769
769
770
770
770
770
770
771
771
771
771
771
772
772
773
773
774
774
774
775
776
776
776
776
776
776
777
777
777
778
778
778
778
778
779
779
779
779
779
779
779
780
780
780
781
781
781
781
781
781
782
782
782
783
783
784
784
784
784
785
785
785
786
786
786
787
787
787
787
788
789
789
789
790
790
790
790
790
790
790
791
791
791
791
792
792
792
792
794
794
794
794
795
795
796
796
796
797
797
797
797
798
798
798
798
798
799
799
799
799
801
801
802
802
802
802
803
803
803
803
804
804
804
804
805
805
805
805
806
806
807
807
807
807
808
808
808
808
809
809
809
809
809
809
810
810
810
810
810
810
811
811
812
812
812
813
813
813
814
814
814
815
815
815
815
815
815
816
816
817
817
817
817
817
817
817
818
818
818
818
819
819
819
820
820
820
820
820
821
821
821
821
821
822
822
822
822
822
823
823
823
823
824
824
825
825
825
826
826
826
826
827
827
827
827
827
828
828
828
828
828
828
829
829
830
830
831
831
832
832
832
832
833
833
833
833
833
833
833
833
834
834
835
835
836
836
836
837
837
838
839
839
839
839
839
839
839
840
840
840
840
840
840
840
840
840
840
841
841
842
842
842
842
843
843
843
844
844
844
845
846
846
846
846
847
847
847
847
847
847
848
848
848
848
848
849
849
849
849
849
850
850
850
850
850
850
851
851
851
852
853
853
853
853
854
854
854
854
854
854
854
855
856
856
856
856
856
857
857
857
857
857
857
858
858
858
858
858
859
859
859
859
859
859
860
861
861
861
861
861
862
862
862
862
862
862
863
863
863
863
864
864
864
864
864
864
864
864
864
865
865
865
865
866
866
866
866
866
867
867
867
867
868
868
868
868
868
869
869
869
869
870
870
871
871
872
872
873
873
873
874
874
874
875
875
875
875
875
876
876
876
876
876
876
877
877
878
878
878
878
878
879
879
879
879
879
879
879
880
880
880
880
880
880
880
880
880
880
880
881
881
881
881
882
882
882
882
882
883
883
884
884
885
885
885
885
885
885
886
886
886
887
887
888
888
888
888
888
889
890
890
891
892
892
892
892
892
892
893
893
893
893
893
893
893
894
894
894
894
895
895
895
895
895
895
896
896
896
896
896
897
897
897
897
897
897
897
898
898
899
899
899
899
899
900
900
900
901
901
901
901
901
902
902
902
903
903
904
904
904
905
905
905
905
905
906
906
906
907
907
908
908
908
908
909
909
909
910
910
910
910
910
910
911
911
911
911
911
911
912
912
912
912
912
912
912
912
913
913
913
913
913
914
914
914
915
915
916
916
916
916
916
916
917
917
917
918
918
918
918
919
919
919
919
919
920
921
921
921
921
921
922
923
923
923
923
923
923
923
924
924
925
925
925
925
926
926
927
927
927
927
927
927
928
928
928
929
929
929
929
930
930
931
932
932
932
932
933
933
933
933
933
934
934
934
934
935
935
935
935
935
935
935
936
936
937
937
937
937
937
937
937
937
938
938
938
938
938
938
939
939
939
939
939
939
939
940
940
940
940
940
941
941
941
942
942
942
942
943
943
944
944
944
944
944
945
945
945
946
946
946
947
947
947
947
947
947
948
948
948
948
949
949
950
951
951
951
952
952
952
953
953
953
953
953
954
954
954
955
955
955
955
955
956
956
956
957
957
957
958
958
958
958
959
959
960
960
961
961
961
961
961
962
962
962
962
963
963
963
963
964
964
964
964
964
965
965
965
965
965
965
965
965
965
966
966
966
966
966
966
967
967
967
967
967
968
968
969
970
970
970
970
970
971
971
972
972
972
973
973
973
973
974
974
974
975
975
975
975
975
975
976
976
976
976
977
977
977
977
978
978
978
978
979
979
979
979
979
979
980
980
980
981
981
981
981
981
982
982
982
982
983
983
983
983
984
984
984
985
985
985
985
985
986
986
986
986
987
987
988
988
988
988
988
988
988
988
989
989
989
989
989
990
990
990
990
990
990
990
991
991
991
991
991
991
992
992
993
993
993
994
994
994
995
995
996
996
996
997
997
997
997
998
998
998
998
998
998
998
999
999
999
999
999
1000
1000
1000
1001
1001
1001
1001
1001
1002
1002
1003
1003
1004
1004
1004
1004
1005
1005
1005
1006
1006
1006
1006
1006
1007
1007
1007
1007
1008
1008
1008
1008
1009
1009
1009
1010
1010
1011
1011
1011
1011
1012
1012
1012
1012
1013
1013
1013
1013
1013
1014
1014
1014
1014
1015
1015
1015
1016
1016
1016
1017
1017
1017
1017
1017
1017
1018
1018
1018
1018
1018
1018
1018
1018
1019
1019
1019
1019
1020
1020
1020
1020
1020
1020
1020
1021
1022
1022
1023
1023
1023
1023
1023
1024
1024
1024
1025
1025
1025
1026
1026
1027
1027
1027
1028
1028
1028
1028
1029
1029
1029
1030
1030
1030
1030
1030
1030
1030
1031
1031
1031
1031
1031
1031
1032
1032
1032
1032
1032
1032
1033
1033
1034
1034
1034
1034
1034
1034
1035
1035
1035
1035
1036
1036
1036
1036
1036
1036
1036
1037
1037
1038
1038
1038
1038
1038
1038
1038
1039
1039
1039
1039
1040
1040
1040
1040
1041
1041
1041
1041
1041
1041
1041
1041
1041
1042
1042
1042
1042
1042
1043
1043
1043
1043
1043
1044
1044
1044
1045
1045
1045
1045
1045
1046
1046
1046
1046
1046
1046
1047
1047
1047
1048
1048
1048
1048
1048
1048
1049
1049
1049
1049
1050
1050
1050
1051
1051
1051
1051
1052
1052
1053
1053
1054
1054
1054
1054
1054
1054
1055
1055
1055
1055
1056
1057
1057
1057
1057
1057
1057
1057
1057
1057
1057
1057
1059
1059
1059
1059
1059
1060
1061
1062
1062
1062
1063
1063
1064
1066
1066
1066
1067
1067
1067
1068
1068
1069
1069
1069
1069
1069
1069
1069
1070
1070
1070
1070
1070
1070
1071
1071
1071
1071
1071
1072
1072
1072
1072
1072
1073
1073
1073
1073
1073
1073
1073
1074
1074
1074
1074
1075
1075
1075
1075
1076
1076
1076
1076
1076
1077
1077
1077
1077
1078
1078
1078
1078
1079
1079
1079
1079
1080
1080
1080
1080
1080
1081
1081
1081
1081
1081
1082
1082
1082
1082
1082
1082
1082
1082
1083
1083
1083
1083
1083
1084
1084
1084
1085
1085
1085
1085
1086
1086
1086
1087
1087
1087
1087
1088
1088
1088
1089
1089
1090
1090
1090
1090
1091
1091
1091
1092
1092
1093
1093
1093
1093
1093
1093
1094
1094
1094
1094
1094
1095
1095
1096
1097
1097
1097
1097
1097
1098
1098
1100
1100
1100
1100
1101
1101
1102
1102
1102
1103
1103
1103
1103
1104
1104
1104
1104
1104
1104
1104
1104
1104
1105
1105
1105
1105
1106
1106
1106
1106
1106
1107
1107
1107
1108
1109
1109
1109
1109
1109
1110
1110
1110
1110
1111
1111
1111
1111
1111
1112
1112
1112
1112
1112
1113
1113
1113
1113
1113
1114
1114
1114
1115
1115
1115
1115
1116
1117
1117
1117
1117
1117
1118
1119
1119
1119
1119
1119
1119
1120
1120
1120
1120
1121
1121
1121
1121
1122
1122
1122
1122
1122
1123
1123
1123
1124
1124
1125
1125
1125
1125
1126
1126
1126
1126
1127
1127
1127
1127
1128
1128
1128
1128
1128
1128
1128
1128
1129
1130
1130
1130
1130
1130
1130
1130
1131
1131
1131
1131
1132
1132
1132
1132
1133
1133
1133
1133
1134
1134
1134
1134
1134
1134
1134
1135
1135
1135
1136
1136
1136
1136
1137
1137
1137
1138
1138
1138
1138
1138
1139
1139
1140
1140
1140
1140
1141
1141
1141
1141
1142
1143
1143
1143
1143
1144
1144
1146
1146
1146
1146
1147
1147
1147
1147
1147
1147
1148
1148
1148
1149
1149
1150
1150
1150
1150
1150
1151
1152
1152
1153
1153
1153
1154
1154
1154
1154
1155
1155
1155
1156
1156
1156
1156
1157
1157
1157
1157
1157
1158
1159
1159
1159
1159
1160
1160
1160
1160
1160
1160
1161
1161
1162
1162
1163
1163
1164
1164
1164
1164
1164
1164
1164
1164
1165
1165
1165
1165
1166
1166
1166
1166
1166
1166
1166
1166
1167
1167
1167
1167
1168
1168
1168
1169
1170
1170
1171
1171
1171
1171
1171
1171
1172
1172
1172
1172
1173
1173
1174
1174
1174
1175
1175
1175
1175
1176
1176
1177
1177
1177
1177
1178
1178
1178
1178
1178
1178
1179
1179
1179
1179
1180
1180
1181
1182
1182
1182
1183
1183
1183
1183
1184
1184
1184
1185
1185
1185
1185
1186
1186
1186
1186
1187
1187
1187
1188
1188
1188
1188
1189
1190
1190
1191
1191
1191
1191
1191
1191
1192
1192
1192
1192
1193
1194
1194
1194
1195
1195
1196
1196
1196
1196
1196
1196
1196
1196
1197
1197
1197
1197
1198
1198
1198
1199
1200
1200
1200
1200
1200
1201
1201
1201
1201
1201
1202
1202
1202
1202
1203
1203
1203
1204
1204
1204
1204
1205
1205
1205
1205
1205
1205
1206
1206
1207
1207
1207
1207
1207
1207
1207
1208
1208
1208
1208
1209
1209
1209
1210
1210
1210
1211
1211
1213
1213
1213
1214
1214
1215
1215
1215
1215
1216
1216
1216
1216
1216
1216
1217
1217
1217
1217
1217
1217
1218
1218
1219
1219
1220
1220
1220
1221
1221
1222
1222
1223
1223
1223
1223
1223
1223
1224
1224
1224
1224
1224
1225
1225
1225
1225
1226
1226
1227
1227
1228
1228
1228
1229
1229
1229
1229
1230
1230
1230
1230
1231
1231
1231
1231
1232
1232
1232
1232
1232
1233
1234
1234
1234
1234
1234
1235
1235
1235
1235
1235
1235
1236
1237
1237
1237
1237
1238
1238
1238
1238
1238
1238
1238
1238
1239
1239
1240
1240
1240
1241
1241
1241
1242
1242
1242
1242
1242
1242
1243
1243
1243
1243
1243
1244
1244
1244
1244
1244
1244
1245
1245
1245
1245
1245
1246
1246
1247
1247
1247
1248
1248
1248
1248
1249
1249
1249
1249
1250
1250
1250
1250
1250
1251
1251
1252
1252
1252
1252
1252
1253
1255
1255
1255
1255
1256
1256
1256
1256
1256
1257
1257
1257
1257
1257
1257
1258
1258
1258
1258
1258
1258
1258
1259
1259
1259
1259
1260
1260
1261
1261
1261
1261
1261
1261
1261
1262
1262
1262
1263
1263
1263
1263
1263
1264
1264
1264
1265
1265
1265
1265
1265
1266
1267
1267
1268
1268
1268
1269
1269
1269
1270
1270
1270
1270
1271
1271
1271
1271
1272
1272
1272
1272
1272
1272
1273
1273
1273
1274
1274
1274
1274
1274
1274
1275
1275
1275
1275
1275
1275
1276
1276
1276
1276
1276
1277
1277
1278
1278
1278
1278
1279
1279
1279
1279
1279
1280
1281
1281
1281
1281
1281
1281
1281
1282
1282
1282
1283
1283
1283
1283
1283
1284
1284
1284
1285
1285
1285
1285
1286
1286
1287
1287
1288
1288
1288
1288
1289
1289
1289
1289
1290
1290
1290
1290
1290
1291
1291
1292
1292
1293
1293
1294
1294
1294
1294
1295
1295
1295
1295
1296
1296
1296
1296
1297
1297
1297
1297
1298
1299
1299
1299
1300
1300
1300
1301
1301
1301
1301
1301
1302
1302
1302
1302
1302
1302
1303
1303
1303
1303
1303
1303
1303
1304
1304
1304
1304
1305
1305
1305
1306
1306
1306
1306
1307
1307
1308
1308
1308
1308
1308
1308
1308
1308
1309
1309
1309
1310
1310
1310
1310
1311
1312
1312
1312
1312
1313
1313
1314
1314
1314
1315
1315
1315
1315
1315
1316
1318
1318
1318
1318
1318
1318
1319
1319
1319
1319
1320
1320
1320
1321
1321
1321
1321
1322
1322
1322
1323
1323
1324
1324
1324
1324
1324
1325
1325
1325
1325
1326
1326
1326
1326
1327
1327
1327
1328
1328
1328
1328
1329
1329
1329
1329
1329
1330
1330
1330
1330
1331
1331
1331
1331
1332
1332
1332
1332
1334
1334
1335
1335
1335
1335
1335
1336
1336
1336
1336
1336
1337
1337
1337
1337
1337
1338
1338
1338
1338
1338
1339
1340
1340
1340
1340
1340
1340
1341
1341
1341
1341
1342
1342
1343
1343
1343
1343
1343
1343
1343
1343
1343
1345
1345
1345
1345
1346
1346
1346
1346
1346
1346
1346
1347
1347
1347
1348
1348
1348
1348
1349
1349
1349
1349
1349
1350
1350
1350
1351
1351
1351
1351
1351
1352
1352
1352
1353
1353
1353
1353
1353
1353
1354
1354
1354
1354
1354
1354
1354
1354
1355
1355
1355
1355
1356
1357
1357
1357
1358
1358
1359
1360
1360
1360
1360
1361
1361
1361
1362
1362
1362
1363
1363
1363
1363
1363
1364
1364
1364
1364
1365
1365
1366
1366
1366
1366
1366
1367
1367
1367
1367
1367
1368
1368
1368
1368
1369
1369
1370
1370
1370
1370
1371
1371
1371
1373
1373
1373
1373
1373
1373
1373
1373
1374
1374
1374
1374
1374
1374
1374
1374
1375
1375
1375
1375
1375
1376
1376
1377
1377
1378
1378
1378
1378
1379
1379
1379
1379
1379
1379
1379
1379
1379
1380
1380
1380
1380
1380
1380
1381
1381
1381
1381
1381
1381
1381
1382
1382
1382
1383
1383
1383
1383
1383
1384
1384
1384
1384
1384
1384
1384
1384
1384
1384
1384
1385
1386
1386
1386
1386
1386
1386
1387
1387
1387
1388
1388
1388
1388
1389
1389
1389
1389
1390
1390
1391
1391
1391
1391
1391
1391
1392
1393
1393
1394
1394
1395
1395
1395
1395
1395
1395
1395
1395
1396
1396
1397
1397
1397
1398
1398
1398
1398
1398
1398
1399
1399
1400
1401
1401
1402
1402
1402
1403
1403
1403
1404
1404
1404
1405
1405
1405
1405
1405
1406
1406
1407
1407
1407
1407
1407
1407
1409
1410
1410
1410
1410
1410
1410
1410
1411
1411
1411
1413
1413
1413
1413
1413
1414
1414
1414
1415
1415
1415
1416
1416
1416
1416
1416
1416
1416
1416
1416
1417
1418
1418
1418
1418
1418
1418
1419
1419
1419
1419
1419
1419
1420
1420
1420
1420
1420
1421
1421
1421
1421
1421
1422
1422
1422
1422
1422
1423
1423
1423
1423
1424
1424
1424
1425
1425
1425
1426
1426
1426
1426
1426
1426
1427
1427
1428
1428
1428
1428
1428
1428
1428
1428
1428
1429
1429
1431
1431
1431
1431
1431
1431
1432
1432
1432
1433
1434
1434
1434
1435
1435
1436
1436
1436
1436
1437
1437
1437
1437
1437
1438
1438
1439
1439
1439
1439
1440
1440
1440
1441
1441
1441
1442
1442
1442
1442
1443
1443
1443
1443
1444
1444
1444
1444
1444
1445
1445
1445
1445
1445
1446
1446
1446
1446
1447
1447
1448
1449
1449
1449
1449
1449
1449
1449
1449
1449
1450
1450
1450
1450
1451
1451
1451
1452
1452
1452
1453
1453
1453
1454
1454
1454
1454
1454
1455
1455
1455
1455
1455
1456
1456
1456
1456
1457
1457
1457
1458
1458
1458
1458
1458
1458
1459
1459
1459
1460
1460
1460
1460
1460
1460
1460
1461
1461
1461
1462
1462
1462
1462
1463
1463
1463
1463
1463
1463
1464
1464
1465
1465
1466
1466
1466
1467
1467
1467
1467
1467
1467
1468
1468
1468
1468
1469
1469
1469
1470
1470
1470
1470
1470
1471
1471
1471
1471
1472
1472
1472
1472
1472
1473
1474
1474
1474
1474
1475
1475
1475
1476
1476
1476
1477
1477
1477
1477
1477
1477
1478
1478
1478
1478
1478
1478
1478
1478
1478
1478
1478
1479
1479
1479
1479
1479
1479
1480
1480
1480
1480
1481
1481
1481
1481
1482
1482
1482
1482
1483
1483
1483
1483
1483
1484
1484
1485
1485
1485
1485
1485
1485
1485
1485
1485
1485
1486
1486
1486
1486
1486
1487
1487
1487
1487
1487
1487
1487
1487
1488
1488
1488
1488
1488
1488
1488
1489
1489
1489
1489
1490
1490
1490
1491
1491
1491
1491
1491
1491
1491
1491
1492
1492
1492
1492
1492
1493
1493
1493
1493
1493
1493
1493
1493
1493
1494
1494
1494
1495
1495
1495
1495
1495
1496
1497
1497
1497
1497
1497
1497
1498
1498
1498
1499
1499
1499
1500
1500
1500
1500
1500
1500
1501
1501
1501
1501
1502
1502
1502
1502
1502
1503
1503
1503
1504
1504
1504
1504
1504
1504
1504
1504
1505
1505
1505
1505
1506
1506
1506
1507
1507
1508
1508
1509
1509
1510
1510
1510
1510
1511
1511
1511
1511
1512
1513
1513
1514
1514
1514
1514
1515
1515
1515
1515
1516
1516
1516
1517
1517
1517
1517
1517
1517
1517
1517
1518
1518
1518
1518
1519
1519
1519
1519
1519
1519
1520
1521
1521
1521
1522
1522
1523
1523
1523
1523
1523
1524
1525
1525
1525
1525
1526
1526
1526
1526
1526
1526
1526
1527
1527
1527
1527
1528
1528
1528
1528
1528
1528
1529
1529
1529
1529
1530
1530
1530
1530
1530
1531
1531
1531
1531
1531
1532
1532
1532
1532
1533
1533
1533
1534
1535
1535
1535
1536
1536
1536
1536
1536
1536
1538
1538
1538
1539
1539
1539
1540
1541
1541
1542
1542
1543
1543
1544
1544
1544
1544
1545
1545
1546
1546
1547
1547
1547
1547
1547
1548
1548
1548
1548
1548
1548
1548
1548
1548
1549
1549
1549
1549
1549
1549
1550
1550
1550
1551
1551
1551
1551
1551
1552
1552
1552
1552
1552
1552
1552
1552
1552
1553
1553
1554
1554
1554
1554
1555
1555
1555
1555
1555
1555
1556
1556
1557
1557
1557
1558
1558
1559
1559
1559
1559
1559
1559
1559
1559
1559
1560
1560
1561
1561
1562
1562
1562
1563
1563
1563
1563
1564
1564
1565
1565
1566
1566
1566
1566
1566
1566
1567
1567
1567
1567
1568
1568
1568
1568
1568
1568
1568
1568
1568
1569
1569
1569
1569
1569
1570
1570
1570
1571
1571
1571
1571
1571
1571
1571
1572
1572
1572
1572
1572
1572
1573
1573
1573
1573
1573
1573
1573
1574
1575
1575
1575
1576
1576
1576
1576
1576
1577
1577
1577
1578
1578
1578
1578
1579
1579
1579
1579
1579
1580
1580
1580
1580
1581
1581
1581
1581
1581
1581
1582
1582
1582
1582
1583
1583
1583
1583
1583
1583
1584
1584
1585
1585
1585
1585
1586
1586
1587
1587
1588
1588
1588
1588
1588
1589
1589
1589
1589
1589
1589
1589
1590
1591
1591
1592
1592
1592
1592
1593
1593
1593
1593
1593
1594
1594
1594
1594
1595
1595
1595
1595
1595
1596
1596
1596
1596
1597
1597
1598
1598
1598
1598
1598
1598
1599
1599
1599
1600
1600
1600
1600
1600
1601
1601
1601
1603
1603
1603
1603
1603
1603
1604
1604
1604
1604
1604
1604
1604
1604
1605
1605
1605
1605
1605
1606
1606
1606
1606
1606
1606
1606
1606
1607
1607
1607
1607
1607
1607
1608
1608
1608
1608
1608
1608
1609
1609
1610
1610
1611
1611
1611
1611
1611
1611
1611
1612
1612
1612
1613
1613
1613
1613
1613
1613
1613
1614
1614
1614
1614
1614
1614
1614
1614
1615
1615
1615
1615
1615
1615
1616
1616
1616
1616
1616
1616
1617
1618
1618
1618
1618
1618
1618
1619
1619
1619
1619
1619
1619
1619
1620
1620
1621
1621
1621
1621
1621
1622
1622
1623
1623
1623
1624
1625
1625
1625
1625
1626
1626
1626
1627
1627
1627
1628
1628
1628
1628
1628
1628
1628
1629
1629
1629
1630
1630
1630
1630
1630
1630
1631
1631
1632
1632
1632
1633
1633
1634
1634
1634
1634
1634
1634
1634
1635
1635
1635
1636
1636
1636
1636
1637
1637
1638
1638
1638
1639
1639
1639
1640
1640
1640
1640
1640
1641
1641
1641
1641
1641
1642
1642
1642
1643
1643
1644
1644
1644
1645
1646
1646
1646
1646
1646
1646
1647
1647
1647
1647
1648
1648
1648
1648
1648
1648
1648
1650
1650
1650
1651
1651
1651
1651
1652
1652
1652
1652
1653
1653
1653
1653
1654
1654
1654
1655
1655
1655
1655
1656
1656
1656
1656
1656
1656
1657
1657
1657
1657
1657
1658
1658
1658
1658
1658
1658
1659
1659
1659
1659
1660
1660
1660
1660
1660
1660
1660
1661
1661
1661
1661
1661
1661
1661
1662
1662
1662
1663
1663
1663
1663
1664
1664
1665
1665
1665
1666
1666
1666
1666
1666
1666
1667
1668
1668
1668
1669
1669
1669
1669
1670
1670
1670
1670
1671
1671
1672
1672
1672
1672
1672
1672
1673
1673
1673
1673
1674
1674
1674
1674
1675
1675
1675
1676
1676
1676
1676
1677
1677
1677
1677
1678
1678
1678
1678
1679
1680
1680
1680
1681
1681
1682
1683
1683
1683
1684
1684
1685
1685
1685
1685
1685
1686
1686
1686
1686
1686
1686
1686
1687
1687
1688
1688
1688
1688
1689
1689
1689
1689
1689
1690
1691
1691
1691
1692
1692
1692
1692
1693
1693
1693
1693
1694
1694
1695
1695
1695
1695
1695
1696
1696
1697
1697
1697
1697
1697
1698
1698
1698
1698
1699
1699
1699
1699
1700
1700
1700
1700
1700
1700
1700
1701
1701
1701
1701
1702
1702
1703
1703
1703
1704
1705
1705
1705
1705
1705
1706
1706
1706
1706
1706
1706
1707
1707
1707
1707
1708
1708
1708
1709
1710
1710
1710
1711
1711
1711
1711
1711
1711
1712
1712
1712
1713
1713
1713
1714
1714
1714
1715
1715
1715
1715
1715
1716
1716
1716
1716
1716
1717
1717
1717
1718
1718
1718
1718
1719
1719
1719
1719
1720
1721
1721
1722
1722
1722
1723
1723
1724
1724
1724
1724
1725
1725
1725
1725
1726
1726
1726
1726
1726
1726
1726
1727
1727
1727
1727
1728
1729
1729
1729
1729
1729
1730
1730
1731
1731
1732
1732
1732
1733
1733
1733
1733
1734
1734
1734
1734
1734
1734
1735
1735
1735
1735
1735
1735
1735
1736
1736
1736
1736
1737
1737
1738
1738
1738
1738
1738
1738
1739
1739
1739
1739
1740
1740
1740
1740
1740
1740
1740
1741
1741
1741
1742
1742
1743
1743
1744
1744
1744
1744
1744
1744
1745
1745
1745
1745
1746
1746
1747
1748
1748
1748
1749
1749
1749
1749
1749
1749
1749
1749
1749
1750
1750
1750
1751
1751
1751
1751
1751
1752
1752
1752
1752
1752
1753
1753
1753
1753
1753
1754
1754
1754
1754
1755
1755
1755
1756
1756
1756
1756
1756
1757
1757
1757
1758
1759
1759
1760
1760
1760
1761
1762
1762
1762
1762
1762
1763
1764
1764
1764
1764
1765
1765
1765
1766
1766
1766
1766
1766
1766
1767
1767
1767
1767
1767
1768
1768
1768
1768
1768
1768
1768
1769
1769
1769
1769
1769
1769
1769
1770
1770
1770
1770
1770
1770
1770
1770
1771
1771
1771
1772
1772
1773
1773
1773
1774
1774
1774
1774
1774
1775
1775
1775
1775
1776
1776
1776
1777
1777
1778
1778
1778
1778
1779
1779
1779
1779
1779
1779
1780
1780
1780
1780
1780
1781
1781
1782
1782
1782
1782
1782
1782
1783
1783
1783
1783
1783
1783
1785
1785
1785
1785
1786
1786
1786
1786
1786
1787
1787
1787
1787
1787
1787
1787
1788
1788
1788
1788
1789
1789
1789
1789
1790
1790
1791
1791
1791
1792
1793
1793
1793
1793
1793
1793
1793
1793
1794
1794
1794
1794
1795
1795
1795
1795
1795
1795
1795
1795
1796
1796
1796
1797
1797
1798
1798
1799
1799
1800
1800
1800
1800
1800
1801
1801
1801
1802
1802
1802
1802
1802
1803
1803
1803
1803
1803
1803
1804
1804
1804
1804
1804
1804
1804
1804
1805
1805
1805
1805
1806
1806
1806
1806
1806
1806
1807
1807
1807
1807
1808
1808
1808
1808
1808
1808
1809
1809
1810
1810
1810
1810
1810
1811
1811
1811
1812
1812
1813
1813
1814
1814
1814
1814
1814
1815
1816
1816
1816
1816
1816
1817
1817
1818
1818
1819
1819
1819
1820
1821
1821
1821
1822
1822
1822
1822
1822
1822
1823
1823
1823
1824
1824
1825
1825
1826
1826
1826
1827
1827
1827
1827
1827
1827
1828
1828
1828
1829
1829
1829
1829
1829
1829
1830
1830
1830
1831
1831
1831
1831
1831
1831
1831
1831
1832
1832
1832
1833
1834
1834
1834
1834
1834
1835
1836
1837
1837
1837
1837
1837
1837
1838
1838
1839
1839
1839
1839
1839
1839
1840
1840
1840
1840
1840
1841
1841
1841
1842
1842
1842
1843
1843
1843
1843
1844
1845
1845
1845
1846
1846
1846
1846
1846
1847
1847
1848
1848
1848
1848
1849
1850
1850
1850
1850
1850
1850
1851
1851
1851
1851
1851
1851
1852
1853
1853
1853
1853
1853
1854
1855
1855
1855
1855
1855
1856
1856
1856
1856
1857
1857
1858
1858
1858
1858
1859
1859
1859
1859
1860
1860
1860
1860
1860
1860
1861
1861
1861
1861
1861
1862
1862
1862
1862
1862
1862
1863
1863
1863
1863
1863
1863
1864
1864
1864
1864
1865
1865
1865
1865
1866
1866
1866
1866
1867
1867
1867
1867
1867
1867
1868
1868
1869
1870
1870
1871
1871
1871
1871
1872
1872
1872
1873
1873
1874
1875
1875
1875
1875
1876
1877
1877
1877
1877
1877
1878
1878
1878
1878
1879
1879
1879
1879
1881
1881
1881
1882
1882
1883
1883
1883
1883
1883
1883
1883
1883
1884
1884
1884
1884
1884
1885
1885
1885
1885
1885
1885
1886
1886
1887
1887
1887
1887
1888
1888
1888
1889
1889
1889
1890
1890
1890
1890
1890
1891
1891
1891
1891
1892
1892
1892
1893
1893
1893
1893
1894
1894
1894
1895
1895
1895
1896
1896
1897
1897
1897
1897
1897
1898
1899
1899
1899
1900
1900
1900
1901
1901
1901
1901
1901
1901
1901
1902
1902
1902
1902
1902
1902
1903
1903
1903
1903
1903
1903
1904
1904
1904
1905
1905
1905
1905
1905
1906
1907
1907
1907
1907
1907
1908
1908
1909
1909
1909
1910
1910
1910
1910
1911
1911
1911
1911
1911
1911
1912
1912
1913
1913
1913
1913
1913
1914
1914
1914
1914
1914
1915
1915
1915
1915
1915
1916
1916
1916
1917
1917
1917
1917
1917
1918
1918
1918
1918
1918
1919
1919
1919
1919
1920
1920
1920
1921
1921
1921
1921
1922
1922
1922
1922
1922
1922
1923
1923
1923
1923
1924
1924
1924
1924
1925
1925
1925
1925
1925
1925
1925
1926
1926
1926
1926
1927
1927
1927
1927
1927
1927
1928
1928
1928
1928
1928
1928
1928
1928
1929
1929
1930
1930
1930
1930
1931
1931
1931
1932
1932
1933
1933
1933
1934
1934
1934
1934
1934
1935
1935
1935
1935
1936
1936
1936
1936
1937
1938
1938
1939
1939
1939
1939
1939
1939
1940
1940
1940
1941
1941
1941
1942
1942
1942
1942
1942
1942
1942
1944
1944
1944
1944
1944
1945
1945
1945
1945
1945
1945
1945
1946
1946
1946
1947
1947
1947
1947
1948
1948
1948
1948
1949
1949
1949
1949
1950
1950
1950
1950
1950
1950
1950
1950
1951
1951
1951
1951
1951
1951
1951
1951
1952
1952
1952
1952
1953
1953
1953
1955
1956
1956
1956
1957
1957
1957
1957
1957
1958
1958
1958
1959
1959
1959
1959
1959
1959
1959
1960
1960
1960
1960
1960
1960
1961
1961
1961
1961
1961
1962
1962
1962
1962
1963
1963
1963
1963
1963
1963
1963
1964
1964
1964
1964
1964
1964
1964
1964
1965
1965
1965
1965
1966
1966
1966
1966
1966
1966
1966
1967
1967
1967
1967
1967
1968
1968
1968
1968
1968
1968
1968
1969
1969
1969
1969
1969
1969
1970
1970
1970
1971
1971
1971
1972
1972
1972
1972
1972
1973
1973
1973
1974
1974
1974
1974
1974
1975
1975
1975
1975
1976
1976
1976
1976
1977
1977
1977
1977
1977
1978
1978
1978
1978
1978
1979
1979
1979
1979
1980
1980
1980
1982
1982
1982
1982
1982
1982
1982
1983
1983
1983
1984
1984
1984
1984
1984
1985
1985
1985
1986
1986
1987
1987
1987
1988
1988
1988
1988
1988
1989
1989
1989
1989
1989
1989
1989
1990
1990
1990
1990
1991
1991
1991
1991
1991
1991
1992
1992
1993
1993
1993
1993
1993
1993
1995
1995
1995
1995
1995
1996
1996
1996
1996
1996
1996
1996
1997
1997
1997
1997
1998
1999
1999
1999
1999
1999
1999
1999
2000
2000
2000
2000
2000
