
3930
, 11
, 246
, 187
, 70
, 136
, 121
, 140
, 117
, 41
, 216
, 227
, 30
, 77
, 180
, 228
, 29
, 26
, 231
, 163
, 94
, 217
, 40
, 100
, 157
, 237
, 20
, 169
, 88
, 183
, 74
, 230
, 27
, 146
, 111
, 242
, 15
, 130
, 127
, 31
, 226
, 128
, 129
, 60
, 197
, 164
, 93
, 59
, 198
, 144
, 113
, 227
, 30
, 129
, 128
, 143
, 114
, 145
, 112
, 121
, 136
, 14
, 243
, 147
, 110
, 26
, 231
, 36
, 221
, 125
, 132
, 51
, 206
, 4
, 253
, 2
, 255
, 80
, 177
, 158
, 99
, 76
, 181
, 126
, 131
, 41
, 216
, 182
, 75
, 148
, 109
, 165
, 92
, 154
, 103
, 173
, 84
, 207
, 50
, 136
, 121
, 24
, 233
, 149
, 108
, 23
, 234
, 151
, 106
, 133
, 124
, 193
, 64
, 108
, 149
, 164
, 93
, 179
, 78
, 249
, 8
, 128
, 129
, 251
, 6
, 252
, 5
, 238
, 19
, 102
, 155
, 132
, 125
, 251
, 6
, 75
, 182
, 213
, 44
, 156
, 101
, 154
, 103
, 51
, 206
, 170
, 87
, 142
, 115
, 137
, 120
, 121
, 136
, 143
, 114
, 129
, 128
, 226
, 31
, 218
, 39
, 109
, 148
, 128
, 129
, 8
, 249
, 75
, 182
, 105
, 152
, 79
, 178
, 128
, 129
, 24
, 233
, 115
, 142
, 226
, 31
, 160
, 97
, 74
, 183
, 241
, 16
, 70
, 187
, 117
, 140
, 41
, 216
, 9
, 248
, 195
, 62
, 143
, 114
, 238
, 19
, 193
, 64
, 56
, 201
, 239
, 18
, 53
, 204
, 43
, 214
, 70
, 187
, 196
, 61
, 152
, 105
, 180
, 77
, 22
, 235
, 190
, 67
, 85
, 172
, 33
, 224
, 131
, 126
, 59
, 198
, 181
, 76
, 95
, 162
, 239
, 18
, 47
, 210
, 124
, 133
, 123
, 134
, 6
, 251
, 70
, 187
, 188
, 69
, 255
, 2
, 245
, 12
, 133
, 124
, 180
, 77
, 40
, 217
, 33
, 224
, 226
, 31
, 120
, 137
, 44
, 213
, 20
, 237
, 2
, 255
, 165
, 92
, 229
, 28
, 130
, 127
, 245
, 12
, 244
, 13
, 190
, 67
, 218
, 39
, 147
, 110
, 235
, 22
, 146
, 111
, 36
, 221
, 80
, 177
, 166
, 91
, 125
, 132
, 104
, 153
, 178
, 79
, 55
, 202
, 180
, 77
, 153
, 104
, 69
, 188
, 29
, 228
, 206
, 51
, 51
, 206
, 4
, 253
, 230
, 27
, 227
, 30
, 57
, 200
, 42
, 215
, 96
, 161
, 195
, 62
, 148
, 109
, 242
, 15
, 13
, 244
, 51
, 206
, 9
, 248
, 79
, 178
, 67
, 190
, 113
, 144
, 250
, 7
, 69
, 188
, 221
, 36
, 63
, 194
, 174
, 83
, 2
, 255
, 26
, 231
, 111
, 146
, 69
, 188
, 56
, 201
, 201
, 56
, 66
, 191
, 137
, 120
, 210
, 47
, 147
, 110
, 64
, 193
, 56
, 201
, 245
, 12
, 143
, 114
, 185
, 72
, 75
, 182
, 245
, 12
, 45
, 212
, 116
, 141
, 86
, 171
, 122
, 135
, 189
, 68
, 103
, 154
, 73
, 184
, 119
, 138
, 79
, 178
, 156
, 101
, 248
, 9
, 168
, 89
, 254
, 3
, 198
, 59
, 18
, 239
, 35
, 222
, 88
, 169
, 149
, 108
, 188
, 69
, 13
, 244
, 142
, 115
, 211
, 46
, 180
, 77
, 145
, 112
, 58
, 199
, 134
, 123
, 110
, 147
, 84
, 173
, 79
, 178
, 171
, 86
, 246
, 11
, 168
, 89
, 71
, 186
, 225
, 32
, 177
, 80
, 47
, 210
, 103
, 154
, 211
, 46
, 40
, 217
, 51
, 206
, 79
, 178
, 106
, 151
, 224
, 33
, 3
, 254
, 143
, 114
, 199
, 58
, 201
, 56
, 135
, 122
, 3
, 254
, 198
, 59
, 206
, 51
, 193
, 64
, 185
, 72
, 80
, 177
, 249
, 8
, 6
, 251
, 169
, 88
, 194
, 63
, 244
, 13
, 62
, 195
, 88
, 169
, 211
, 46
, 208
, 49
, 69
, 188
, 126
, 131
, 185
, 72
, 218
, 39
, 4
, 253
, 212
, 45
, 75
, 182
, 12
, 245
, 79
, 178
, 85
, 172
, 11
, 246
, 161
, 96
, 172
, 85
, 35
, 222
, 62
, 195
, 57
, 200
, 34
, 223
, 3
, 254
, 47
, 210
, 204
, 53
, 173
, 84
, 198
, 59
, 234
, 23
, 83
, 174
, 254
, 3
, 151
, 106
, 173
, 84
, 132
, 125
, 153
, 104
, 255
, 2
, 184
, 73
, 58
, 199
, 212
, 45
, 177
, 80
, 24
, 233
, 100
, 157
, 247
, 10
, 228
, 29
, 50
, 207
, 160
, 97
, 137
, 120
, 165
, 92
, 64
, 193
, 239
, 18
, 187
, 70
, 6
, 251
, 27
, 230
, 233
, 24
, 131
, 126
, 67
, 190
, 35
, 222
, 48
, 209
, 186
, 71
, 198
, 59
, 149
, 108
, 236
, 21
, 30
, 227
, 43
, 214
, 246
, 11
, 188
, 69
, 177
, 80
, 248
, 9
, 238
, 19
, 163
, 94
, 8
, 249
, 111
, 146
, 238
, 19
, 11
, 246
, 32
, 225
, 172
, 85
, 180
, 77
, 236
, 21
, 219
, 38
, 100
, 157
, 222
, 35
, 171
, 86
, 206
, 51
, 235
, 22
, 122
, 135
, 28
, 229
, 95
, 162
, 18
, 239
, 147
, 110
, 174
, 83
, 66
, 191
, 225
, 32
, 35
, 222
, 124
, 133
, 205
, 52
, 57
, 200
, 130
, 127
, 221
, 36
, 130
, 127
, 139
, 118
, 128
, 129
, 121
, 136
, 133
, 124
, 28
, 229
, 177
, 80
, 199
, 58
, 122
, 135
, 128
, 129
, 127
, 130
, 213
, 44
, 151
, 106
, 57
, 200
, 149
, 108
, 96
, 161
, 137
, 120
, 201
, 56
, 129
, 128
, 107
, 150
, 178
, 79
, 15
, 242
, 27
, 230
, 75
, 182
, 222
, 35
, 99
, 158
, 98
, 159
, 35
, 222
, 144
, 113
, 204
, 53
, 137
, 120
, 16
, 241
, 9
, 248
, 94
, 163
, 205
, 52
, 50
, 207
, 46
, 211
, 58
, 199
, 125
, 132
, 25
, 232
, 58
, 199
, 114
, 143
, 134
, 123
, 28
, 229
, 3
, 254
, 24
, 233
, 145
, 112
, 1
, 256
, 210
, 47
, 120
, 137
, 215
, 42
, 174
, 83
, 79
, 178
, 203
, 54
, 65
, 192
, 183
, 74
, 174
, 83
, 60
, 197
, 157
, 100
, 44
, 213
, 159
, 98
, 117
, 140
, 171
, 86
, 33
, 224
, 224
, 33
, 67
, 190
, 105
, 152
, 82
, 175
, 228
, 29
, 112
, 145
, 167
, 90
, 26
, 231
, 169
, 88
, 198
, 59
, 198
, 59
, 75
, 182
, 171
, 86
, 239
, 18
, 205
, 52
, 162
, 95
, 189
, 68
, 131
, 126
, 49
, 208
, 46
, 211
, 68
, 189
, 21
, 236
, 132
, 125
, 46
, 211
, 54
, 203
, 241
, 16
, 38
, 219
, 248
, 9
, 175
, 82
, 52
, 205
, 216
, 41
, 2
, 255
, 179
, 78
, 216
, 41
, 212
, 45
, 184
, 73
, 176
, 81
, 61
, 196
, 247
, 10
, 40
, 217
, 211
, 46
, 23
, 234
, 15
, 242
, 185
, 72
, 20
, 237
, 108
, 149
, 216
, 41
, 219
, 38
, 26
, 231
, 116
, 141
, 194
, 63
, 174
, 83
, 135
, 122
, 156
, 101
, 9
, 248
, 232
, 25
, 42
, 215
, 38
, 219
, 119
, 138
, 59
, 198
, 165
, 92
, 42
, 215
, 188
, 69
, 199
, 58
, 142
, 115
, 75
, 182
, 80
, 177
, 136
, 121
, 227
, 30
, 25
, 232
, 77
, 180
, 238
, 19
, 163
, 94
, 103
, 154
, 221
, 36
, 183
, 74
, 58
, 199
, 201
, 56
, 108
, 149
, 171
, 86
, 255
, 2
, 207
, 50
, 53
, 204
, 99
, 158
, 93
, 164
, 36
, 221
, 125
, 132
, 233
, 24
, 103
, 154
, 69
, 188
, 119
, 138
, 14
, 243
, 111
, 146
, 36
, 221
, 5
, 252
, 159
, 98
, 186
, 71
, 75
, 182
, 60
, 197
, 199
, 58
, 141
, 116
, 113
, 144
, 180
, 77
, 26
, 231
, 94
, 163
, 2
, 255
, 29
, 228
, 147
, 110
, 151
, 106
, 87
, 170
, 3
, 254
, 129
, 128
, 25
, 232
, 163
, 94
, 5
, 252
, 105
, 152
, 91
, 166
, 46
, 211
, 239
, 18
, 124
, 133
, 89
, 168
, 135
, 122
, 233
, 24
, 86
, 171
, 68
, 189
, 117
, 140
, 171
, 86
, 70
, 187
, 225
, 32
, 173
, 84
, 97
, 160
, 134
, 123
, 61
, 196
, 189
, 68
, 156
, 101
, 56
, 201
, 99
, 158
, 34
, 223
, 251
, 6
, 119
, 138
, 213
, 44
, 207
, 50
, 136
, 121
, 54
, 203
, 83
, 174
, 175
, 82
, 96
, 161
, 176
, 81
, 123
, 134
, 122
, 135
, 202
, 55
, 97
, 160
, 82
, 175
, 241
, 16
, 245
, 12
, 166
, 91
, 230
, 27
, 145
, 112
, 143
, 114
, 137
, 120
, 242
, 15
, 6
, 251
, 47
, 210
, 152
, 105
, 96
, 161
, 163
, 94
, 216
, 41
, 80
, 177
, 125
, 132
, 106
, 151
, 29
, 228
, 172
, 85
, 178
, 79
, 3
, 254
, 157
, 100
, 85
, 172
, 116
, 141
, 15
, 242
, 188
, 69
, 227
, 30
, 168
, 89
, 63
, 194
, 116
, 141
, 186
, 71
, 221
, 36
, 43
, 214
, 2
, 255
, 181
, 76
, 134
, 123
, 207
, 50
, 6
, 251
, 143
, 114
, 8
, 249
, 183
, 74
, 186
, 71
, 78
, 179
, 88
, 169
, 162
, 95
, 37
, 220
, 220
, 37
, 190
, 67
, 220
, 37
, 64
, 193
, 61
, 196
, 35
, 222
, 160
, 97
, 127
, 130
, 106
, 151
, 212
, 45
, 22
, 235
, 179
, 78
, 185
, 72
, 172
, 85
, 200
, 57
, 180
, 77
, 103
, 154
, 77
, 180
, 18
, 239
, 235
, 22
, 97
, 160
, 167
, 90
, 141
, 116
, 160
, 97
, 226
, 31
, 209
, 48
, 226
, 31
, 122
, 135
, 54
, 203
, 50
, 207
, 59
, 198
, 196
, 61
, 49
, 208
, 82
, 175
, 107
, 150
, 254
, 3
, 91
, 166
, 4
, 253
, 225
, 32
, 164
, 93
, 171
, 86
, 194
, 63
, 55
, 202
, 159
, 98
, 128
, 129
, 45
, 212
, 164
, 93
, 133
, 124
, 94
, 163
, 115
, 142
, 172
, 85
, 167
, 90
, 167
, 90
, 100
, 157
, 75
, 182
, 83
, 174
, 128
, 129
, 76
, 181
, 66
, 191
, 153
, 104
, 20
, 237
, 172
, 85
, 9
, 248
, 72
, 185
, 134
, 123
, 243
, 14
, 58
, 199
, 23
, 234
, 136
, 121
, 98
, 159
, 94
, 163
, 176
, 81
, 61
, 196
, 226
, 31
, 148
, 109
, 15
, 242
, 10
, 247
, 222
, 35
, 236
, 21
, 196
, 61
, 191
, 66
, 191
, 66
, 194
, 63
, 18
, 239
, 175
, 82
, 216
, 41
, 154
, 103
, 12
, 245
, 102
, 155
, 22
, 235
, 172
, 85
, 112
, 145
, 130
, 127
, 233
, 24
, 27
, 230
, 23
, 234
, 163
, 94
, 249
, 8
, 140
, 117
, 105
, 152
, 91
, 166
, 239
, 18
, 191
, 66
, 197
, 60
, 96
, 161
, 4
, 253
, 223
, 34
, 43
, 214
, 149
, 108
, 74
, 183
, 127
, 130
, 74
, 183
, 242
, 15
, 197
, 60
, 46
, 211
, 117
, 140
, 200
, 57
, 101
, 156
, 206
, 51
, 21
, 236
, 121
, 136
, 2
, 255
, 98
, 159
, 118
, 139
, 182
, 75
, 129
, 128
, 211
, 46
, 130
, 127
, 228
, 29
, 182
, 75
, 44
, 213
, 217
, 40
, 207
, 50
, 192
, 65
, 133
, 124
, 115
, 142
, 34
, 223
, 154
, 103
, 252
, 5
, 215
, 42
, 198
, 59
, 81
, 176
, 42
, 215
, 93
, 164
, 156
, 101
, 216
, 41
, 157
, 100
, 157
, 100
, 157
, 100
, 38
, 219
, 98
, 159
, 19
, 238
, 200
, 57
, 156
, 101
, 113
, 144
, 21
, 236
, 106
, 151
, 162
, 95
, 43
, 214
, 235
, 22
, 33
, 224
, 245
, 12
, 76
, 181
, 76
, 181
, 75
, 182
, 114
, 143
, 245
, 12
, 173
, 84
, 130
, 127
, 170
, 87
, 145
, 112
, 254
, 3
, 92
, 165
, 102
, 155
, 201
, 56
, 114
, 143
, 109
, 148
, 88
, 169
, 218
, 39
, 45
, 212
, 226
, 31
, 94
, 163
, 74
, 183
, 7
, 250
, 82
, 175
, 159
, 98
, 95
, 162
, 65
, 192
, 190
, 67
, 47
, 210
, 223
, 34
, 39
, 218
, 165
, 92
, 142
, 115
, 199
, 58
, 244
, 13
, 43
, 214
, 22
, 235
, 246
, 11
, 226
, 31
, 247
, 10
, 163
, 94
, 33
, 224
, 18
, 239
, 30
, 227
, 127
, 130
, 133
, 124
, 80
, 177
, 183
, 74
, 89
, 168
, 165
, 92
, 169
, 88
, 2
, 255
, 40
, 217
, 226
, 31
, 25
, 232
, 169
, 88
, 30
, 227
, 24
, 233
, 5
, 252
, 206
, 51
, 49
, 208
, 191
, 66
, 191
, 66
, 20
, 237
, 40
, 217
, 53
, 204
, 182
, 75
, 194
, 63
, 2
, 255
, 165
, 92
, 42
, 215
, 144
, 113
, 194
, 63
, 31
, 226
, 162
, 95
, 169
, 88
, 33
, 224
, 189
, 68
, 133
, 124
, 241
, 16
, 29
, 228
, 80
, 177
, 177
, 80
, 27
, 230
, 198
, 59
, 94
, 163
, 102
, 155
, 231
, 26
, 214
, 43
, 14
, 243
, 29
, 228
, 135
, 122
, 220
, 37
, 242
, 15
, 219
, 38
, 144
, 113
, 130
, 127
, 235
, 22
, 181
, 76
, 177
, 80
, 198
, 59
, 189
, 68
, 6
, 251
, 8
, 249
, 210
, 47
, 210
, 47
, 195
, 62
, 4
, 253
, 199
, 58
, 254
, 3
, 13
, 244
, 125
, 132
, 105
, 152
, 71
, 186
, 220
, 37
, 217
, 40
, 227
, 30
, 132
, 125
, 224
, 33
, 235
, 22
, 241
, 16
, 239
, 18
, 82
, 175
, 42
, 215
, 71
, 186
, 218
, 39
, 196
, 61
, 164
, 93
, 171
, 86
, 126
, 131
, 213
, 44
, 98
, 159
, 210
, 47
, 32
, 225
, 143
, 114
, 7
, 250
, 130
, 127
, 56
, 201
, 99
, 158
, 41
, 216
, 72
, 185
, 46
, 211
, 88
, 169
, 9
, 248
, 208
, 49
, 27
, 230
, 138
, 119
, 41
, 216
, 242
, 15
, 176
, 81
, 155
, 102
, 191
, 66
, 44
, 213
, 37
, 220
, 49
, 208
, 236
, 21
, 203
, 54
, 105
, 152
, 18
, 239
, 255
, 2
, 255
, 2
, 24
, 233
, 213
, 44
, 193
, 64
, 149
, 108
, 164
, 93
, 180
, 77
, 70
, 187
, 173
, 84
, 246
, 11
, 19
, 238
, 148
, 109
, 65
, 192
, 20
, 237
, 187
, 70
, 154
, 103
, 12
, 245
, 86
, 171
, 152
, 105
, 6
, 251
, 241
, 16
, 180
, 77
, 85
, 172
, 117
, 140
, 184
, 73
, 21
, 236
, 48
, 209
, 66
, 191
, 25
, 232
, 140
, 117
, 156
, 101
, 93
, 164
, 157
, 100
, 249
, 8
, 204
, 53
, 199
, 58
, 117
, 140
, 46
, 211
, 107
, 150
, 66
, 191
, 239
, 18
, 224
, 33
, 146
, 111
, 167
, 90
, 141
, 116
, 96
, 161
, 90
, 167
, 71
, 186
, 63
, 194
, 193
, 64
, 210
, 47
, 211
, 46
, 17
, 240
, 179
, 78
, 52
, 205
, 19
, 238
, 165
, 92
, 140
, 117
, 237
, 20
, 227
, 30
, 231
, 26
, 119
, 138
, 145
, 112
, 205
, 52
, 67
, 190
, 196
, 61
, 193
, 64
, 68
, 189
, 99
, 158
, 118
, 139
, 17
, 240
, 179
, 78
, 13
, 244
, 242
, 15
, 176
, 81
, 62
, 195
, 198
, 59
, 212
, 45
, 116
, 141
, 133
, 124
, 10
, 247
, 10
, 247
, 58
, 199
, 188
, 69
, 28
, 229
, 4
, 253
, 231
, 26
, 35
, 222
, 103
, 154
, 124
, 133
, 68
, 189
, 173
, 84
, 61
, 196
, 202
, 55
, 245
, 12
, 208
, 49
, 166
, 91
, 36
, 221
, 88
, 169
, 68
, 189
, 82
, 175
, 21
, 236
, 46
, 211
, 240
, 17
, 217
, 40
, 20
, 237
, 50
, 207
, 145
, 112
, 234
, 23
, 155
, 102
, 11
, 246
, 114
, 143
, 206
, 51
, 63
, 194
, 178
, 79
, 192
, 65
, 84
, 173
, 45
, 212
, 197
, 60
, 44
, 213
, 54
, 203
, 175
, 82
, 163
, 94
, 136
, 121
, 173
, 84
, 149
, 108
, 3
, 254
, 157
, 100
, 123
, 134
, 216
, 41
, 12
, 245
, 167
, 90
, 117
, 140
, 113
, 144
, 169
, 88
, 95
, 162
, 191
, 66
, 147
, 110
, 91
, 166
, 187
, 70
, 94
, 163
, 35
, 222
, 5
, 252
, 134
, 123
, 115
, 142
, 43
, 214
, 218
, 39
, 104
, 153
, 115
, 142
, 189
, 68
, 211
, 46
, 13
, 244
, 124
, 133
, 243
, 14
, 157
, 100
, 210
, 47
, 206
, 51
, 200
, 57
, 24
, 233
, 251
, 6
, 18
, 239
, 72
, 185
, 115
, 142
, 251
, 6
, 223
, 34
, 215
, 42
, 233
, 24
, 46
, 211
, 53
, 204
, 64
, 193
, 92
, 165
, 158
, 99
, 185
, 72
, 248
, 9
, 154
, 103
, 225
, 32
, 118
, 139
, 66
, 191
, 12
, 245
, 9
, 248
, 154
, 103
, 94
, 163
, 185
, 72
, 244
, 13
, 160
, 97
, 169
, 88
, 111
, 146
, 144
, 113
, 205
, 52
, 38
, 219
, 219
, 38
, 71
, 186
, 142
, 115
, 154
, 103
, 39
, 218
, 83
, 174
, 46
, 211
, 196
, 61
, 55
, 202
, 206
, 51
, 206
, 51
, 183
, 74
, 236
, 21
, 44
, 213
, 14
, 243
, 219
, 38
, 124
, 133
, 213
, 44
, 116
, 141
, 58
, 199
, 251
, 6
, 216
, 41
, 173
, 84
, 45
, 212
, 126
, 131
, 57
, 200
, 161
, 96
, 8
, 249
, 193
, 64
, 224
, 33
, 111
, 146
, 193
, 64
, 163
, 94
, 64
, 193
, 196
, 61
, 98
, 159
, 142
, 115
, 172
, 85
, 83
, 174
, 189
, 68
, 109
, 148
, 202
, 55
, 197
, 60
, 108
, 149
, 8
, 249
, 101
, 156
, 41
, 216
, 93
, 164
, 186
, 71
, 218
, 39
, 104
, 153
, 38
, 219
, 211
, 46
, 86
, 171
, 168
, 89
, 94
, 163
, 165
, 92
, 20
, 237
, 82
, 175
, 164
, 93
, 71
, 186
, 108
, 149
, 184
, 73
, 29
, 228
, 128
, 129
, 2
, 255
, 155
, 102
, 3
, 254
, 205
, 52
, 169
, 88
, 33
, 224
, 109
, 148
, 92
, 165
, 12
, 245
, 20
, 237
, 190
, 67
, 202
, 55
, 91
, 166
, 37
, 220
, 184
, 73
, 24
, 233
, 210
, 47
, 84
, 173
, 74
, 183
, 74
, 183
, 115
, 142
, 49
, 208
, 6
, 251
, 210
, 47
, 171
, 86
, 117
, 140
, 180
, 77
, 159
, 98
, 85
, 172
, 68
, 189
, 103
, 154
, 12
, 245
, 244
, 13
, 92
, 165
, 238
, 19
, 242
, 15
, 199
, 58
, 104
, 153
, 210
, 47
, 148
, 109
, 76
, 181
, 238
, 19
, 72
, 185
, 42
, 215
, 18
, 239
, 115
, 142
, 111
, 146
, 54
, 203
, 171
, 86
, 69
, 188
, 162
, 95
, 58
, 199
, 159
, 98
, 16
, 241
, 47
, 210
, 253
, 4
, 17
, 240
, 176
, 81
, 205
, 52
, 232
, 25
, 198
, 59
, 109
, 148
, 200
, 57
, 244
, 13
, 229
, 28
, 76
, 181
, 57
, 200
, 125
, 132
, 189
, 68
, 81
, 176
, 191
, 66
, 73
, 184
, 144
, 113
, 205
, 52
, 229
, 28
, 231
, 26
, 202
, 55
, 190
, 67
, 242
, 15
, 103
, 154
, 180
, 77
, 83
, 174
, 245
, 12
, 94
, 163
, 189
, 68
, 217
, 40
, 253
, 4
, 245
, 12
, 71
, 186
, 6
, 251
, 248
, 9
, 117
, 140
, 101
, 156
, 202
, 55
, 149
, 108
, 146
, 111
, 156
, 101
, 234
, 23
, 87
, 170
, 91
, 166
, 110
, 147
, 29
, 228
, 138
, 119
, 25
, 232
, 130
, 127
, 55
, 202
, 104
, 153
, 126
, 131
, 16
, 241
, 32
, 225
, 11
, 246
, 178
, 79
, 118
, 139
, 97
, 160
, 86
, 171
, 130
, 127
, 47
, 210
, 140
, 117
, 236
, 21
, 215
, 42
, 90
, 167
, 114
, 143
, 201
, 56
, 85
, 172
, 208
, 49
, 193
, 64
, 140
, 117
, 212
, 45
, 26
, 231
, 102
, 155
, 155
, 102
, 208
, 49
, 212
, 45
, 70
, 187
, 68
, 189
, 67
, 190
, 102
, 155
, 250
, 7
, 202
, 55
, 110
, 147
, 59
, 198
, 202
, 55
, 158
, 99
, 35
, 222
, 73
, 184
, 131
, 126
, 250
, 7
, 177
, 80
, 56
, 201
, 45
, 212
, 3
, 254
, 76
, 181
, 133
, 124
, 158
, 99
, 6
, 251
, 191
, 66
, 198
, 59
, 212
, 45
, 157
, 100
, 77
, 180
, 220
, 37
, 109
, 148
, 26
, 231
, 63
, 194
, 154
, 103
, 132
, 125
, 217
, 40
, 214
, 43
, 40
, 217
, 74
, 183
, 13
, 244
, 188
, 69
, 85
, 172
, 242
, 15
, 250
, 7
, 221
, 36
, 247
, 10
, 241
, 16
, 102
, 155
, 245
, 12
, 231
, 26
, 143
, 114
, 165
, 92
, 160
, 97
, 173
, 84
, 222
, 35
, 243
, 14
, 89
, 168
, 123
, 134
, 129
, 128
, 73
, 184
, 213
, 44
, 188
, 69
, 162
, 95
, 35
, 222
, 78
, 179
, 34
, 223
, 251
, 6
, 233
, 24
, 203
, 54
, 15
, 242
, 102
, 155
, 93
, 164
, 10
, 247
, 204
, 53
, 178
, 79
, 232
, 25
, 79
, 178
, 80
, 177
, 208
, 49
, 16
, 241
, 173
, 84
, 10
, 247
, 53
, 204
, 231
, 26
, 68
, 189
, 131
, 126
, 149
, 108
, 72
, 185
, 211
, 46
, 94
, 163
, 117
, 140
, 16
, 241
, 59
, 198
, 151
, 106
, 84
, 173
, 43
, 214
, 38
, 219
, 42
, 215
, 42
, 215
, 44
, 213
, 63
, 194
, 233
, 24
, 170
, 87
, 166
, 91
, 59
, 198
, 159
, 98
, 215
, 42
, 57
, 200
, 228
, 29
, 111
, 146
, 205
, 52
, 73
, 184
, 22
, 235
, 248
, 9
, 118
, 139
, 160
, 97
, 236
, 21
, 173
, 84
, 81
, 176
, 198
, 59
, 196
, 61
, 159
, 98
, 154
, 103
, 42
, 215
, 170
, 87
, 68
, 189
, 255
, 2
, 65
, 192
, 101
, 156
, 225
, 32
, 113
, 144
, 114
, 143
, 115
, 142
, 93
, 164
, 229
, 28
, 201
, 56
, 20
, 237
, 131
, 126
, 70
, 187
, 74
, 183
, 200
, 57
, 80
, 177
, 174
, 83
, 246
, 11
, 77
, 180
, 156
, 101
, 251
, 6
, 103
, 154
, 67
, 190
, 138
, 119
, 46
, 211
, 199
, 58
, 236
, 21
, 176
, 81
, 99
, 158
, 192
, 65
, 114
, 143
, 23
, 234
, 176
, 81
, 244
, 13
, 67
, 190
, 126
, 131
, 171
, 86
, 227
, 30
, 147
, 110
, 170
, 87
, 146
, 111
, 139
, 118
, 217
, 40
, 32
, 225
, 33
, 224
, 29
, 228
, 155
, 102
, 55
, 202
, 99
, 158
, 35
, 222
, 191
, 66
, 71
, 186
, 148
, 109
, 119
, 138
, 82
, 175
, 81
, 176
, 83
, 174
, 125
, 132
, 226
, 31
, 12
, 245
, 153
, 104
, 144
, 113
, 215
, 42
, 177
, 80
, 233
, 24
, 21
, 236
, 162
, 95
, 90
, 167
, 251
, 6
, 128
, 129
, 99
, 158
, 42
, 215
, 247
, 10
, 240
, 17
, 254
, 3
, 27
, 230
, 130
, 127
, 228
, 29
, 122
, 135
, 22
, 235
, 114
, 143
, 196
, 61
, 212
, 45
, 193
, 64
, 18
, 239
, 19
, 238
, 94
, 163
, 65
, 192
, 154
, 103
, 224
, 33
, 143
, 114
, 178
, 79
, 46
, 211
, 158
, 99
, 98
, 159
, 124
, 133
, 169
, 88
, 246
, 11
, 229
, 28
, 38
, 219
, 244
, 13
, 122
, 135
, 31
, 226
, 179
, 78
, 222
, 35
, 233
, 24
, 152
, 105
, 111
, 146
, 44
, 213
, 49
, 208
, 125
, 132
, 54
, 203
, 169
, 88
, 206
, 51
, 198
, 59
, 254
, 3
, 60
, 197
, 160
, 97
, 145
, 112
, 14
, 243
, 237
, 20
, 171
, 86
, 155
, 102
, 184
, 73
, 54
, 203
, 171
, 86
, 140
, 117
, 238
, 19
, 240
, 17
, 218
, 39
, 163
, 94
, 8
, 249
, 97
, 160
, 207
, 50
, 180
, 77
, 91
, 166
, 44
, 213
, 82
, 175
, 225
, 32
, 129
, 128
, 185
, 72
, 14
, 243
, 128
, 129
, 111
, 146
, 104
, 153
, 203
, 54
, 237
, 20
, 232
, 25
, 98
, 159
, 112
, 145
, 69
, 188
, 116
, 141
, 11
, 246
, 150
, 107
, 151
, 106
, 97
, 160
, 16
, 241
, 210
, 47
, 94
, 163
, 85
, 172
, 166
, 91
, 187
, 70
, 45
, 212
, 155
, 102
, 135
, 122
, 1
, 256
, 116
, 141
, 250
, 7
, 164
, 93
, 251
, 6
, 73
, 184
, 119
, 138
, 194
, 63
, 5
, 252
, 42
, 215
, 43
, 214
, 8
, 249
, 29
, 228
, 77
, 180
, 196
, 61
, 95
, 162
, 101
, 156
, 129
, 128
, 188
, 69
, 215
, 42
, 18
, 239
, 221
, 36
, 134
, 123
, 53
, 204
, 153
, 104
, 217
, 40
, 70
, 187
, 84
, 173
, 252
, 5
, 121
, 136
, 235
, 22
, 55
, 202
, 100
, 157
, 60
, 197
, 65
, 192
, 47
, 210
, 110
, 147
, 91
, 166
, 231
, 26
, 71
, 186
, 125
, 132
, 182
, 75
, 251
, 6
, 83
, 174
, 226
, 31
, 138
, 119
, 250
, 7
, 58
, 199
, 165
, 92
, 116
, 141
, 250
, 7
, 236
, 21
, 182
, 75
, 178
, 79
, 32
, 225
, 22
, 235
, 77
, 180
, 184
, 73
, 80
, 177
, 100
, 157
, 51
, 206
, 246
, 11
, 95
, 162
, 144
, 113
, 53
, 204
, 21
, 236
, 113
, 144
, 207
, 50
, 192
, 65
, 154
, 103
, 137
, 120
, 139
, 118
, 150
, 107
, 148
, 109
, 104
, 153
, 134
, 123
, 110
, 147
, 188
, 69
, 215
, 42
, 64
, 193
, 34
, 223
, 148
, 109
, 12
, 245
, 179
, 78
, 27
, 230
, 65
, 192
, 15
, 242
, 97
, 160
, 115
, 142
, 239
, 18
, 140
, 117
, 8
, 249
, 33
, 224
, 247
, 10
, 38
, 219
, 86
, 171
, 249
, 8
, 145
, 112
, 179
, 78
, 37
, 220
, 108
, 149
, 155
, 102
, 8
, 249
, 104
, 153
, 40
, 217
, 8
, 249
, 57
, 200
, 20
, 237
, 61
, 196
, 53
, 204
, 172
, 85
, 14
, 243
, 201
, 56
, 155
, 102
, 103
, 154
, 75
, 182
, 15
, 242
, 93
, 164
, 232
, 25
, 141
, 116
, 131
, 126
, 107
, 150
, 157
, 100
, 237
, 20
, 191
, 66
, 64
, 193
, 138
, 119
, 105
, 152
, 18
, 239
, 118
, 139
, 30
, 227
, 234
, 23
, 90
, 167
, 28
, 229
, 222
, 35
, 121
, 136
, 58
, 199
, 117
, 140
, 155
, 102
, 8
, 249
, 73
, 184
, 193
, 64
, 152
, 105
, 156
, 101
, 255
, 2
, 222
, 35
, 172
, 85
, 136
, 121
, 43
, 214
, 22
, 235
, 18
, 239
, 168
, 89
, 196
, 61
, 219
, 38
, 181
, 76
, 129
, 128
, 9
, 248
, 29
, 228
, 29
, 228
, 133
, 124
, 43
, 214
, 15
, 242
, 181
, 76
, 158
, 99
, 182
, 75
, 113
, 144
, 249
, 8
, 99
, 158
, 178
, 79
, 128
, 129
, 58
, 199
, 135
, 122
, 84
, 173
, 29
, 228
, 127
, 130
, 71
, 186
, 4
, 253
, 116
, 141
, 60
, 197
, 175
, 82
, 141
, 116
, 107
, 150
, 144
, 113
, 103
, 154
, 204
, 53
, 101
, 156
, 212
, 45
, 202
, 55
, 65
, 192
, 226
, 31
, 165
, 92
, 174
, 83
, 37
, 220
, 158
, 99
, 148
, 109
, 177
, 80
, 226
, 31
, 216
, 41
, 157
, 100
, 39
, 218
, 120
, 137
, 204
, 53
, 153
, 104
, 176
, 81
, 169
, 88
, 117
, 140
, 134
, 123
, 122
, 135
, 28
, 229
, 167
, 90
, 233
, 24
, 101
, 156
, 177
, 80
, 107
, 150
, 95
, 162
, 149
, 108
, 142
, 115
, 100
, 157
, 103
, 154
, 184
, 73
, 201
, 56
, 218
, 39
, 239
, 18
, 176
, 81
, 252
, 5
, 200
, 57
, 127
, 130
, 144
, 113
, 8
, 249
, 39
, 218
, 252
, 5
, 18
, 239
, 88
, 169
, 216
, 41
, 63
, 194
, 11
, 246
, 72
, 185
, 50
, 207
, 44
, 213
, 153
, 104
, 118
, 139
, 45
, 212
, 248
, 9
, 155
, 102
, 34
, 223
, 208
, 49
, 72
, 185
, 119
, 138
, 221
, 36
, 75
, 182
, 6
, 251
, 124
, 133
, 227
, 30
, 197
, 60
, 177
, 80
, 172
, 85
, 91
, 166
, 160
, 97
, 244
, 13
, 47
, 210
, 167
, 90
, 17
, 240
, 243
, 14
, 235
, 22
, 118
, 139
, 93
, 164
, 161
, 96
, 118
, 139
, 166
, 91
, 168
, 89
, 174
, 83
, 225
, 32
, 66
, 191
, 103
, 154
, 32
, 225
, 82
, 175
, 78
, 179
, 119
, 138
, 129
, 128
, 101
, 156
, 38
, 219
, 125
, 132
, 7
, 250
, 232
, 25
, 236
, 21
, 4
, 253
, 197
, 60
, 92
, 165
, 249
, 8
, 239
, 18
, 144
, 113
, 88
, 169
, 227
, 30
, 61
, 196
, 150
, 107
, 58
, 199
, 166
, 91
, 140
, 117
, 81
, 176
, 19
, 238
, 182
, 75
, 79
, 178
, 244
, 13
, 28
, 229
, 95
, 162
, 203
, 54
, 22
, 235
, 201
, 56
, 153
, 104
, 137
, 120
, 87
, 170
, 41
, 216
, 96
, 161
, 251
, 6
, 125
, 132
, 1
, 256
, 152
, 105
, 144
, 113
, 206
, 51
, 204
, 53
, 163
, 94
, 123
, 134
, 6
, 251
, 98
, 159
, 11
, 246
, 230
, 27
, 212
, 45
, 171
, 86
, 151
, 106
, 31
, 226
, 50
, 207
, 230
, 27
, 9
, 248
, 203
, 54
, 79
, 178
, 228
, 29
, 155
, 102
, 248
, 9
, 30
, 227
, 239
, 18
, 221
, 36
, 244
, 13
, 14
, 243
, 183
, 74
, 119
, 138
, 94
, 163
, 78
, 179
, 113
, 144
, 211
, 46
, 27
, 230
, 110
, 147
, 11
, 246
, 121
, 136
, 120
, 137
, 2
, 255
, 75
, 182
, 241
, 16
, 251
, 6
, 60
, 197
, 75
, 182
, 1
, 256
, 111
, 146
, 132
, 125
, 67
, 190
, 21
, 236
, 223
, 34
, 132
, 125
, 59
, 198
, 222
, 35
, 224
, 33
, 166
, 91
, 203
, 54
, 203
, 54
, 33
, 224
, 97
, 160
, 116
, 141
, 103
, 154
, 80
, 177
, 29
, 228
, 39
, 218
, 198
, 59
, 96
, 161
, 223
, 34
, 49
, 208
, 115
, 142
, 44
, 213
, 242
, 15
, 180
, 77
, 160
, 97
, 252
, 5
, 1
, 256
, 179
, 78
, 223
, 34
, 120
, 137
, 28
, 229
, 172
, 85
, 165
, 92
, 91
, 166
, 137
, 120
, 212
, 45
, 68
, 189
, 236
, 21
, 229
, 28
, 3
, 254
, 31
, 226
, 15
, 242
, 192
, 65
, 94
, 163
, 251
, 6
, 224
, 33
, 129
, 128
, 185
, 72
, 28
, 229
, 21
, 236
, 177
, 80
, 32
, 225
, 124
, 133
, 92
, 165
, 219
, 38
, 221
, 36
, 167
, 90
, 50
, 207
, 182
, 75
, 225
, 32
, 187
, 70
, 213
, 44
, 53
, 204
, 35
, 222
, 170
, 87
, 173
, 84
, 173
, 84
, 155
, 102
, 242
, 15
, 17
, 240
, 62
, 195
, 233
, 24
, 182
, 75
, 103
, 154
, 189
, 68
, 250
, 7
, 34
, 223
, 73
, 184
, 216
, 41
, 240
, 17
, 182
, 75
, 47
, 210
, 73
, 184
, 144
, 113
, 54
, 203
, 116
, 141
, 122
, 135
, 15
, 242
, 80
, 177
, 63
, 194
, 23
, 234
, 44
, 213
, 70
, 187
, 200
, 57
, 51
, 206
, 20
, 237
, 182
, 75
, 85
, 172
, 3
, 254
, 162
, 95
, 170
, 87
, 117
, 140
, 36
, 221
, 234
, 23
, 241
, 16
, 31
, 226
, 208
, 49
, 192
, 65
, 57
, 200
, 23
, 234
, 138
, 119
, 126
, 131
, 239
, 18
, 164
, 93
, 129
, 128
, 58
, 199
, 201
, 56
, 169
, 88
, 53
, 204
, 233
, 24
, 39
, 218
, 250
, 7
, 252
, 5
, 193
, 64
, 51
, 206
, 216
, 41
, 50
, 207
, 244
, 13
, 29
, 228
, 3
, 254
, 146
, 111
, 250
, 7
, 176
, 81
, 44
, 213
, 95
, 162
, 111
, 146
, 116
, 141
, 214
, 43
, 176
, 81
, 59
, 198
, 17
, 240
, 97
, 160
, 42
, 215
, 190
, 67
, 253
, 4
, 94
, 163
, 62
, 195
, 13
, 244
, 221
, 36
, 152
, 105
, 109
, 148
, 80
, 177
, 122
, 135
, 75
, 182
, 210
, 47
, 41
, 216
, 227
, 30
, 172
, 85
, 202
, 55
, 35
, 222
, 163
, 94
, 66
, 191
, 169
, 88
, 123
, 134
, 205
, 52
, 27
, 230
, 113
, 144
, 224
, 33
, 219
, 38
, 241
, 16
, 57
, 200
, 139
, 118
, 32
, 225
, 185
, 72
, 17
, 240
, 237
, 20
, 48
, 209
, 166
, 91
, 64
, 193
, 40
, 217
, 71
, 186
, 37
, 220
, 145
, 112
, 71
, 186
, 146
, 111
, 28
, 229
, 100
, 157
, 38
, 219
, 241
, 16
, 43
, 214
, 136
, 121
, 139
, 118
, 205
, 52
, 144
, 113
, 101
, 156
, 123
, 134
, 178
, 79
, 204
, 53
, 75
, 182
, 178
, 79
, 43
, 214
, 190
, 67
, 38
, 219
, 73
, 184
, 241
, 16
, 138
, 119
, 88
, 169
, 136
, 121
, 208
, 49
, 65
, 192
, 44
, 213
, 248
, 9
, 158
, 99
, 33
, 224
, 231
, 26
, 61
, 196
, 126
, 131
, 21
, 236
, 109
, 148
, 126
, 131
, 92
, 165
, 250
, 7
, 21
, 236
, 239
, 18
, 141
, 116
, 65
, 192
, 2
, 255
, 116
, 141
, 23
, 234
, 229
, 28
, 226
, 31
, 35
, 222
, 99
, 158
, 13
, 244
, 67
, 190
, 232
, 25
, 72
, 185
, 198
, 59
, 203
, 54
, 246
, 11
, 19
, 238
, 173
, 84
, 2
, 255
, 237
, 20
, 187
, 70
, 39
, 218
, 184
, 73
, 16
, 241
, 64
, 193
, 42
, 215
, 212
, 45
, 114
, 143
, 232
, 25
, 131
, 126
, 48
, 209
, 104
, 153
, 91
, 166
, 8
, 249
, 155
, 102
, 119
, 138
, 76
, 181
, 40
, 217
, 234
, 23
, 219
, 38
, 216
, 41
, 87
, 170
, 121
, 136
, 221
, 36
, 249
, 8
, 150
, 107
, 163
, 94
, 249
, 8
, 107
, 150
, 6
, 251
, 85
, 172
, 145
, 112
, 251
, 6
, 167
, 90
, 75
, 182
, 54
, 203
, 144
, 113
, 109
, 148
, 34
, 223
, 79
, 178
, 90
, 167
, 183
, 74
, 136
, 121
, 106
, 151
, 222
, 35
, 228
, 29
, 197
, 60
, 135
, 122
, 161
, 96
, 252
, 5
, 248
, 9
, 11
, 246
, 116
, 141
, 110
, 147
, 137
, 120
, 11
, 246
, 167
, 90
, 66
, 191
, 253
, 4
, 217
, 40
, 113
, 144
, 212
, 45
, 153
, 104
, 178
, 79
, 25
, 232
, 224
, 33
, 48
, 209
, 100
, 157
, 90
, 167
, 100
, 157
, 212
, 45
, 105
, 152
, 1
, 256
, 205
, 52
, 151
, 106
, 82
, 175
, 23
, 234
, 9
, 248
, 229
, 28
, 105
, 152
, 248
, 9
, 187
, 70
, 76
, 181
, 246
, 11
, 8
, 249
, 216
, 41
, 235
, 22
, 113
, 144
, 254
, 3
, 45
, 212
, 207
, 50
, 94
, 163
, 166
, 91
, 29
, 228
, 159
, 98
, 39
, 218
, 108
, 149
, 166
, 91
, 126
, 131
, 234
, 23
, 243
, 14
, 42
, 215
, 17
, 240
, 207
, 50
, 107
, 150
, 95
, 162
, 61
, 196
, 142
, 115
, 144
, 113
, 125
, 132
, 99
, 158
, 143
, 114
, 95
, 162
, 35
, 222
, 67
, 190
, 180
, 77
, 248
, 9
, 95
, 162
, 241
, 16
, 16
, 241
, 59
, 198
, 51
, 206
, 141
, 116
, 179
, 78
, 255
, 2
, 56
, 201
, 57
, 200
, 112
, 145
, 205
, 52
, 224
, 33
, 22
, 235
, 31
, 226
, 188
, 69
, 49
, 208
, 90
, 167
, 196
, 61
, 162
, 95
, 60
, 197
, 42
, 215
, 252
, 5
, 238
, 19
, 226
, 31
, 16
, 241
, 13
, 244
, 249
, 8
, 168
, 89
, 216
, 41
, 144
, 113
, 48
, 209
, 25
, 232
, 109
, 148
, 89
, 168
, 67
, 190
, 52
, 205
, 227
, 30
, 111
, 146
, 167
, 90
, 73
, 184
, 110
, 147
, 204
, 53
, 89
, 168
, 127
, 130
, 196
, 61
, 207
, 50
, 226
, 31
, 188
, 69
, 122
, 135
, 91
, 166
, 184
, 73
, 161
, 96
, 254
, 3
, 143
, 114
, 5
, 252
, 56
, 201
, 70
, 187
, 56
, 201
, 186
, 71
, 93
, 164
, 181
, 76
, 21
, 236
, 190
, 67
, 59
, 198
, 201
, 56
, 185
, 72
, 251
, 6
, 4
, 253
, 12
, 245
, 197
, 60
, 76
, 181
, 236
, 21
, 50
, 207
, 198
, 59
, 167
, 90
, 189
, 68
, 93
, 164
, 175
, 82
, 182
, 75
, 119
, 138
, 32
, 225
, 84
, 173
, 220
, 37
, 137
, 120
, 179
, 78
, 27
, 230
, 152
, 105
, 9
, 248
, 5
, 252
, 230
, 27
, 128
, 129
, 98
, 159
, 161
, 96
, 44
, 213
, 96
, 161
, 185
, 72
, 214
, 43
, 130
, 127
, 90
, 167
, 77
, 180
, 42
, 215
, 70
, 187
, 167
, 90
, 177
, 80
, 120
, 137
, 158
, 99
, 16
, 241
, 185
, 72
, 147
, 110
, 202
, 55
, 119
, 138
, 254
, 3
, 190
, 67
, 27
, 230
, 135
, 122
, 49
, 208
, 177
, 80
, 147
, 110
, 87
, 170
, 236
, 21
, 173
, 84
, 235
, 22
, 49
, 208
, 89
, 168
, 81
, 176
, 148
, 109
, 88
, 169
, 128
, 129
, 16
, 241
, 119
, 138
, 28
, 229
, 65
, 192
, 148
, 109
, 51
, 206
, 200
, 57
, 210
, 47
, 22
, 235
, 168
, 89
, 219
, 38
, 112
, 145
, 112
, 145
, 236
, 21
, 166
, 91
, 190
, 67
, 185
, 72
, 253
, 4
, 66
, 191
, 217
, 40
, 149
, 108
, 158
, 99
, 50
, 207
, 114
, 143
, 52
, 205
, 3
, 254
, 144
, 113
, 61
, 196
, 190
, 67
, 32
, 225
, 217
, 40
, 200
, 57
, 71
, 186
, 151
, 106
, 79
, 178
, 116
, 141
, 170
, 87
, 54
, 203
, 30
, 227
, 45
, 212
, 65
, 192
, 233
, 24
, 54
, 203
, 134
, 123
, 36
, 221
, 104
, 153
, 52
, 205
, 82
, 175
, 237
, 20
, 109
, 148
, 215
, 42
, 95
, 162
, 8
, 249
, 246
, 11
, 134
, 123
, 57
, 200
, 28
, 229
, 41
, 216
, 196
, 61
, 12
, 245
, 94
, 163
, 104
, 153
, 144
, 113
, 243
, 14
, 161
, 96
, 164
, 93
, 180
, 77
, 150
, 107
, 163
, 94
, 54
, 203
, 208
, 49
, 226
, 31
, 173
, 84
, 179
, 78
, 162
, 95
, 3
, 254
, 21
, 236
, 207
, 50
, 31
, 226
, 156
, 101
, 91
, 166
, 69
, 188
, 123
, 134
, 22
, 235
, 211
, 46
, 158
, 99
, 177
, 80
, 44
, 213
, 236
, 21
, 228
, 29
, 153
, 104
, 70
, 187
, 240
, 17
, 88
, 169
, 206
, 51
, 47
, 210
, 54
, 203
, 2
, 255
, 225
, 32
, 136
, 121
, 251
, 6
, 64
, 193
, 220
, 37
, 84
, 173
, 111
, 146
, 226
, 31
, 206
, 51
, 74
, 183
, 199
, 58
, 56
, 201
, 87
, 170
, 164
, 93
, 10
, 247
, 54
, 203
, 19
, 238
, 101
, 156
, 41
, 216
, 180
, 77
, 105
, 152
, 111
, 146
, 156
, 101
, 246
, 11
, 60
, 197
, 139
, 118
, 99
, 158
, 195
, 62
, 176
, 81
, 13
, 244
, 254
, 3
, 117
, 140
, 212
, 45
, 192
, 65
, 25
, 232
, 110
, 147
, 50
, 207
, 233
, 24
, 199
, 58
, 172
, 85
, 53
, 204
, 82
, 175
, 52
, 205
, 240
, 17
, 118
, 139
, 229
, 28
, 105
, 152
, 42
, 215
, 53
, 204
, 224
, 33
, 192
, 65
, 174
, 83
, 132
, 125
, 250
, 7
, 236
, 21
, 178
, 79
, 180
, 77
, 241
, 16
, 221
, 36
, 36
, 221
, 110
, 147
, 218
, 39
, 199
, 58
, 48
, 209
, 56
, 201
, 180
, 77
, 213
, 44
, 213
, 44
, 70
, 187
, 59
, 198
, 202
, 55
, 67
, 190
, 112
, 145
, 30
, 227
, 19
, 238
, 72
, 185
, 123
, 134
, 79
, 178
, 90
, 167
, 197
, 60
, 247
, 10
, 87
, 170
, 51
, 206
, 23
, 234
, 147
, 110
, 161
, 96
, 146
, 111
, 20
, 237
, 142
, 115
, 97
, 160
, 214
, 43
, 119
, 138
, 230
, 27
, 218
, 39
, 69
, 188
, 122
, 135
, 189
, 68
, 39
, 218
, 62
, 195
, 173
, 84
, 136
, 121
, 243
, 14
, 201
, 56
, 61
, 196
, 187
, 70
, 20
, 237
, 227
, 30
, 65
, 192
, 236
, 21
, 80
, 177
, 17
, 240
, 26
, 231
, 228
, 29
, 143
, 114
, 82
, 175
, 8
, 249
, 179
, 78
, 137
, 120
, 196
, 61
, 40
, 217
, 143
, 114
, 79
, 178
, 107
, 150
, 115
, 142
, 49
, 208
, 84
, 173
, 83
, 174
, 135
, 122
, 133
, 124
, 109
, 148
, 143
, 114
, 120
, 137
, 251
, 6
, 77
, 180
, 35
, 222
, 42
, 215
, 231
, 26
, 181
, 76
, 66
, 191
, 4
, 253
, 232
, 25
, 232
, 25
, 48
, 209
, 249
, 8
, 26
, 231
, 49
, 208
, 171
, 86
, 245
, 12
, 11
, 246
, 48
, 209
, 119
, 138
, 79
, 178
, 105
, 152
, 234
, 23
, 202
, 55
, 46
, 211
, 148
, 109
, 70
, 187
, 218
, 39
, 103
, 154
, 225
, 32
, 183
, 74
, 98
, 159
, 184
, 73
, 55
, 202
, 233
, 24
, 248
, 9
, 230
, 27
, 185
, 72
, 230
, 27
, 8
, 249
, 142
, 115
, 155
, 102
, 211
, 46
, 23
, 234
, 6
, 251
, 134
, 123
, 3
, 254
, 237
, 20
, 51
, 206
, 100
, 157
, 164
, 93
, 99
, 158
, 176
, 81
, 214
, 43
, 19
, 238
, 148
, 109
, 159
, 98
, 220
, 37
, 17
, 240
, 94
, 163
, 67
, 190
, 173
, 84
, 142
, 115
, 144
, 113
, 59
, 198
, 203
, 54
, 211
, 46
, 62
, 195
, 17
, 240
, 99
, 158
, 45
, 212
, 5
, 252
, 226
, 31
, 250
, 7
, 158
, 99
, 55
, 202
, 51
, 206
, 83
, 174
, 204
, 53
, 124
, 133
, 55
, 202
, 223
, 34
, 82
, 175
, 144
, 113
, 162
, 95
, 119
, 138
, 5
, 252
, 189
, 68
, 49
, 208
, 238
, 19
, 240
, 17
, 146
, 111
, 254
, 3
, 254
, 3
, 27
, 230
, 205
, 52
, 58
, 199
, 130
, 127
, 119
, 138
, 192
, 65
, 107
, 150
, 202
, 55
, 192
, 65
, 156
, 101
, 92
, 165
, 184
, 73
, 239
, 18
, 248
, 9
, 186
, 71
, 67
, 190
, 182
, 75
, 129
, 128
, 214
, 43
, 11
, 246
, 174
, 83
, 196
, 61
, 199
, 58
, 92
, 165
, 222
, 35
, 177
, 80
, 219
, 38
, 241
, 16
, 157
, 100
, 89
, 168
, 161
, 96
, 149
, 108
, 89
, 168
, 80
, 177
, 19
, 238
, 253
, 4
, 202
, 55
, 8
, 249
, 60
, 197
, 191
, 66
, 174
, 83
, 158
, 99
, 28
, 229
, 53
, 204
, 252
, 5
, 15
, 242
, 40
, 217
, 28
, 229
, 198
, 59
, 189
, 68
, 192
, 65
, 138
, 119
, 76
, 181
, 58
, 199
, 93
, 164
, 80
, 177
, 67
, 190
, 157
, 100
, 207
, 50
, 33
, 224
, 12
, 245
, 87
, 170
, 8
, 249
, 93
, 164
, 40
, 217
, 206
, 51
, 249
, 8
, 245
, 12
, 44
, 213
, 66
, 191
, 128
, 129
, 26
, 231
, 149
, 108
, 171
, 86
, 3
, 254
, 146
, 111
, 27
, 230
, 9
, 248
, 122
, 135
, 214
, 43
, 218
, 39
, 72
, 185
, 143
, 114
, 95
, 162
, 145
, 112
, 190
, 67
, 64
, 193
, 221
, 36
, 112
, 145
, 89
, 168
, 159
, 98
, 242
, 15
, 225
, 32
, 42
, 215
, 254
, 3
, 15
, 242
, 221
, 36
, 31
, 226
, 158
, 99
, 245
, 12
, 208
, 49
, 65
, 192
, 201
, 56
, 163
, 94
, 39
, 218
, 67
, 190
, 48
, 209
, 3
, 254
, 36
, 221
, 130
, 127
, 2
, 255
, 189
, 68
, 92
, 165
, 87
, 170
, 166
, 91
, 161
, 96
, 51
, 206
, 199
, 58
, 197
, 60
, 137
, 120
, 88
, 169
, 11
, 246
, 133
, 124
, 196
, 61
, 38
, 219
, 222
, 35
, 175
, 82
, 120
, 137
, 182
, 75
, 181
, 76
, 44
, 213
, 76
, 181
, 62
, 195
, 179
, 78
, 244
, 13
, 124
, 133
, 133
, 124
, 180
, 77
, 221
, 36
, 3
, 254
, 166
, 91
, 4
, 253
, 147
, 110
, 185
, 72
, 15
, 242
, 64
, 193
, 105
, 152
, 233
, 24
, 140
, 117
, 192
, 65
, 18
, 239
, 51
, 206
, 149
, 108
, 80
, 177
, 236
, 21
, 171
, 86
, 149
, 108
, 63
, 194
, 209
, 48
, 236
, 21
, 130
, 127
, 54
, 203
, 44
, 213
, 212
, 45
, 119
, 138
, 198
, 59
, 205
, 52
, 51
, 206
, 76
, 181
, 223
, 34
, 176
, 81
, 133
, 124
, 60
, 197
, 241
, 16
, 205
, 52
, 125
, 132
, 79
, 178
, 91
, 166
, 74
, 183
, 153
, 104
, 9
, 248
, 78
, 179
, 7
, 250
, 184
, 73
, 229
, 28
, 69
, 188
, 177
, 80
, 4
, 253
, 174
, 83
, 172
, 85
, 238
, 19
, 63
, 194
, 17
, 240
, 193
, 64
, 51
, 206
, 84
, 173
, 31
, 226
, 50
, 207
, 159
, 98
, 223
, 34
, 46
, 211
, 182
, 75
, 62
, 195
, 117
, 140
, 193
, 64
, 170
, 87
, 48
, 209
, 179
, 78
, 157
, 100
, 141
, 116
, 77
, 180
, 99
, 158
, 236
, 21
, 131
, 126
, 97
, 160
, 131
, 126
, 40
, 217
, 83
, 174
, 154
, 103
, 227
, 30
, 210
, 47
, 68
, 189
, 103
, 154
, 233
, 24
, 93
, 164
, 76
, 181
, 166
, 91
, 144
, 113
, 67
, 190
, 105
, 152
, 21
, 236
, 3
, 254
, 31
, 226
, 120
, 137
, 32
, 225
, 229
, 28
, 165
, 92
, 194
, 63
, 13
, 244
, 167
, 90
, 177
, 80
, 63
, 194
, 111
, 146
, 198
, 59
, 49
, 208
, 197
, 60
, 11
, 246
, 7
, 250
, 240
, 17
, 215
, 42
, 119
, 138
, 224
, 33
, 84
, 173
, 171
, 86
, 254
, 3
, 174
, 83
, 231
, 26
, 44
, 213
, 238
, 19
, 179
, 78
, 79
, 178
, 65
, 192
, 80
, 177
, 226
, 31
, 136
, 121
, 146
, 111
, 146
, 111
, 133
, 124
, 198
, 59
, 64
, 193
, 120
, 137
, 228
, 29
, 152
, 105
, 3
, 254
, 124
, 133
, 179
, 78
, 114
, 143
, 45
, 212
, 67
, 190
, 12
, 245
, 67
, 190
, 171
, 86
, 162
, 95
, 11
, 246
, 168
, 89
, 235
, 22
, 123
, 134
, 30
, 227
, 1
, 256
, 91
, 166
, 71
, 186
, 58
, 199
, 101
, 156
, 139
, 118
, 105
, 152
, 142
, 115
, 253
, 4
, 253
, 4
, 145
, 112
, 33
, 224
, 228
, 29
, 144
, 113
, 120
, 137
, 134
, 123
, 239
, 18
, 179
, 78
, 4
, 253
, 42
, 215
, 52
, 205
, 124
, 133
, 79
, 178
, 227
, 30
, 61
, 196
, 54
, 203
, 3
, 254
, 117
, 140
, 185
, 72
, 235
, 22
, 220
, 37
, 231
, 26
, 186
, 71
, 222
, 35
, 232
, 25
, 199
, 58
, 148
, 109
, 124
, 133
, 141
, 116
, 228
, 29
, 55
, 202
, 173
, 84
, 209
, 48
, 214
, 43
, 52
, 205
, 248
, 9
, 77
, 180
, 35
, 222
, 64
, 193
, 21
, 236
, 96
, 161
, 172
, 85
, 154
, 103
, 83
, 174
, 214
, 43
, 33
, 224
, 253
, 4
, 50
, 207
, 116
, 141
, 255
, 2
, 138
, 119
, 15
, 242
, 130
, 127
, 25
, 232
, 27
, 230
, 48
, 209
, 253
, 4
, 232
, 25
, 227
, 30
, 56
, 201
, 141
, 116
, 69
, 188
, 80
, 177
, 166
, 91
, 49
, 208
, 244
, 13
, 54
, 203
, 26
, 231
, 47
, 210
, 54
, 203
, 197
, 60
, 122
, 135
, 3
, 254
, 185
, 72
, 30
, 227
, 145
, 112
, 68
, 189
, 230
, 27
, 46
, 211
, 55
, 202
, 177
, 80
, 50
, 207
, 238
, 19
, 194
, 63
, 48
, 209
, 211
, 46
, 38
, 219
, 73
, 184
, 79
, 178
, 19
, 238
, 248
, 9
, 178
, 79
, 135
, 122
, 118
, 139
, 109
, 148
, 243
, 14
, 72
, 185
, 74
, 183
, 43
, 214
, 177
, 80
, 166
, 91
, 233
, 24
, 140
, 117
, 120
, 137
, 21
, 236
, 65
, 192
, 113
, 144
, 133
, 124
, 147
, 110
, 63
, 194
, 74
, 183
, 163
, 94
, 49
, 208
, 246
, 11
, 119
, 138
, 154
, 103
, 132
, 125
, 45
, 212
, 248
, 9
, 118
, 139
, 211
, 46
, 239
, 18
, 107
, 150
, 130
, 127
, 190
, 67
, 100
, 157
, 209
, 48
, 220
, 37
, 196
, 61
, 119
, 138
, 148
, 109
, 128
, 129
, 69
, 188
, 177
, 80
, 108
, 149
, 175
, 82
, 94
, 163
, 169
, 88
, 219
, 38
, 115
, 142
, 60
, 197
, 190
, 67
, 171
, 86
, 177
, 80
, 136
, 121
, 47
, 210
, 223
, 34
, 73
, 184
, 77
, 180
, 180
, 77
, 196
, 61
, 32
, 225
, 57
, 200
, 33
, 224
, 157
, 100
, 36
, 221
, 238
, 19
, 115
, 142
, 163
, 94
, 141
, 116
, 148
, 109
, 227
, 30
, 209
, 48
, 48
, 209
, 116
, 141
, 87
, 170
, 125
, 132
, 30
, 227
, 204
, 53
, 6
, 251
, 166
, 91
, 255
, 2
, 240
, 17
, 231
, 26
, 13
, 244
, 58
, 199
, 17
, 240
, 111
, 146
, 247
, 10
, 69
, 188
, 68
, 189
, 42
, 215
, 192
, 65
, 12
, 245
, 11
, 246
, 26
, 231
, 226
, 31
, 93
, 164
, 242
, 15
, 10
, 247
, 219
, 38
, 44
, 213
, 78
, 179
, 134
, 123
, 81
, 176
, 252
, 5
, 6
, 251
, 6
, 251
, 24
, 233
, 247
, 10
, 35
, 222
, 147
, 110
, 10
, 247
, 195
, 62
, 87
, 170
, 8
, 249
, 235
, 22
, 129
, 128
, 190
, 67
, 168
, 89
, 103
, 154
, 88
, 169
, 182
, 75
, 247
, 10
, 250
, 7
, 104
, 153
, 227
, 30
, 31
, 226
, 190
, 67
, 31
, 226
, 53
, 204
, 208
, 49
, 124
, 133
, 209
, 48
, 179
, 78
, 104
, 153
, 227
, 30
, 52
, 205
, 172
, 85
, 242
, 15
, 209
, 48
, 168
, 89
, 141
, 116
, 64
, 193
, 246
, 11
, 254
, 3
, 68
, 189
, 130
, 127
, 71
, 186
, 41
, 216
, 26
, 231
, 109
, 148
, 42
, 215
, 244
, 13
, 158
, 99
, 15
, 242
, 61
, 196
, 147
, 110
, 211
, 46
, 73
, 184
, 127
, 130
, 104
, 153
, 74
, 183
, 229
, 28
, 12
, 245
, 12
, 245
, 115
, 142
, 19
, 238
, 190
, 67
, 181
, 76
, 87
, 170
, 179
, 78
, 166
, 91
, 126
, 131
, 244
, 13
, 4
, 253
, 184
, 73
, 238
, 19
, 176
, 81
, 148
, 109
, 71
, 186
, 124
, 133
, 68
, 189
, 250
, 7
, 173
, 84
, 208
, 49
, 69
, 188
, 72
, 185
, 165
, 92
, 43
, 214
, 156
, 101
, 114
, 143
, 235
, 22
, 159
, 98
, 75
, 182
, 115
, 142
, 139
, 118
, 226
, 31
, 162
, 95
, 199
, 58
, 130
, 127
, 35
, 222
, 15
, 242
, 117
, 140
, 225
, 32
, 174
, 83
, 74
, 183
, 26
, 231
, 59
, 198
, 201
, 56
, 208
, 49
, 24
, 233
, 160
, 97
, 26
, 231
, 198
, 59
, 69
, 188
, 54
, 203
, 111
, 146
, 56
, 201
, 14
, 243
, 205
, 52
, 13
, 244
, 141
, 116
, 139
, 118
, 189
, 68
, 235
, 22
, 109
, 148
, 158
, 99
, 211
, 46
, 176
, 81
, 216
, 41
, 112
, 145
, 193
, 64
, 167
, 90
, 31
, 226
, 199
, 58
, 174
, 83
, 129
, 128
, 106
, 151
, 98
, 159
, 80
, 177
, 92
, 165
, 120
, 137
, 179
, 78
, 31
, 226
, 78
, 179
, 90
, 167
, 207
, 50
, 40
, 217
, 8
, 249
, 156
, 101
, 238
, 19
, 253
, 4
, 61
, 196
, 145
, 112
, 140
, 117
, 84
, 173
, 102
, 155
, 150
, 107
, 70
, 187
, 139
, 118
, 14
, 243
, 87
, 170
, 51
, 206
, 141
, 116
, 160
, 97
, 243
, 14
, 30
, 227
, 32
, 225
, 159
, 98
, 141
, 116
, 70
, 187
, 69
, 188
, 200
, 57
, 226
, 31
, 152
, 105
, 40
, 217
, 11
, 246
, 127
, 130
, 17
, 240
, 164
, 93
, 71
, 186
, 223
, 34
, 180
, 77
, 23
, 234
, 7
, 250
, 68
, 189
, 38
, 219
, 197
, 60
, 26
, 231
, 223
, 34
, 204
, 53
, 77
, 180
, 127
, 130
, 20
, 237
, 102
, 155
, 175
, 82
, 229
, 28
, 218
, 39
, 210
, 47
, 89
, 168
, 66
, 191
, 246
, 11
, 131
, 126
, 28
, 229
, 159
, 98
, 127
, 130
, 10
, 247
, 75
, 182
, 20
, 237
, 35
, 222
, 236
, 21
, 164
, 93
, 10
, 247
, 97
, 160
, 187
, 70
, 200
, 57
, 239
, 18
, 212
, 45
, 254
, 3
, 179
, 78
, 153
, 104
, 116
, 141
, 3
, 254
, 138
, 119
, 253
, 4
, 231
, 26
, 123
, 134
, 233
, 24
, 81
, 176
, 2
, 255
, 191
, 66
, 93
, 164
, 193
, 64
, 251
, 6
, 255
, 2
, 197
, 60
, 163
, 94
, 200
, 57
, 92
, 165
, 202
, 55
, 52
, 205
, 112
, 145
, 163
, 94
, 39
, 218
, 34
, 223
, 187
, 70
, 46
, 211
, 70
, 187
, 50
, 207
, 49
, 208
, 46
, 211
, 193
, 64
, 16
, 241
, 103
, 154
, 214
, 43
, 69
, 188
, 228
, 29
, 253
, 4
, 234
, 23
, 22
, 235
, 229
, 28
, 112
, 145
, 54
, 203
, 97
, 160
, 8
, 249
, 200
, 57
, 239
, 18
, 203
, 54
, 137
, 120
, 117
, 140
, 186
, 71
, 176
, 81
, 215
, 42
, 157
, 100
, 109
, 148
, 175
, 82
, 175
, 82
, 135
, 122
, 99
, 158
, 207
, 50
, 228
, 29
, 240
, 17
, 206
, 51
, 145
, 112
, 75
, 182
, 211
, 46
, 134
, 123
, 39
, 218
, 149
, 108
, 43
, 214
, 148
, 109
, 193
, 64
, 56
, 201
, 229
, 28
, 13
, 244
, 145
, 112
, 229
, 28
, 237
, 20
, 188
, 69
, 114
, 143
, 149
, 108
, 54
, 203
, 65
, 192
, 98
, 159
, 250
, 7
, 175
, 82
, 189
, 68
, 188
, 69
, 247
, 10
, 177
, 80
, 186
, 71
, 48
, 209
, 250
, 7
, 200
, 57
, 88
, 169
, 68
, 189
, 10
, 247
, 179
, 78
, 221
, 36
, 209
, 48
, 137
, 120
, 134
, 123
, 55
, 202
, 165
, 92
, 178
, 79
, 106
, 151
, 58
, 199
, 170
, 87
, 164
, 93
, 238
, 19
, 103
, 154
, 99
, 158
, 174
, 83
, 254
, 3
, 159
, 98
, 103
, 154
, 12
, 245
, 224
, 33
, 125
, 132
, 8
, 249
, 60
, 197
, 25
, 232
, 177
, 80
, 6
, 251
, 42
, 215
, 123
, 134
, 217
, 40
, 103
, 154
, 246
, 11
, 213
, 44
, 84
, 173
, 159
, 98
, 213
, 44
, 55
, 202
, 82
, 175
, 82
, 175
, 228
, 29
, 182
, 75
, 185
, 72
, 63
, 194
, 39
, 218
, 168
, 89
, 93
, 164
, 59
, 198
, 159
, 98
, 91
, 166
, 145
, 112
, 36
, 221
, 211
, 46
, 23
, 234
, 85
, 172
, 10
, 247
, 74
, 183
, 75
, 182
, 140
, 117
, 129
, 128
, 137
, 120
, 241
, 16
, 115
, 142
, 215
, 42
, 171
, 86
, 185
, 72
, 40
, 217
, 53
, 204
, 65
, 192
, 113
, 144
, 24
, 233
, 181
, 76
, 142
, 115
, 163
, 94
, 158
, 99
, 84
, 173
, 28
, 229
, 151
, 106
, 66
, 191
, 148
, 109
, 108
, 149
, 35
, 222
, 58
, 199
, 117
, 140
, 67
, 190
, 73
, 184
, 199
, 58
, 35
, 222
, 24
, 233
, 228
, 29
, 26
, 231
, 45
, 212
, 188
, 69
, 90
, 167
, 67
, 190
, 151
, 106
, 33
, 224
, 26
, 231
, 152
, 105
, 210
, 47
, 198
, 59
, 168
, 89
, 85
, 172
, 72
, 185
, 99
, 158
, 176
, 81
, 153
, 104
, 130
, 127
, 148
, 109
, 13
, 244
, 203
, 54
, 99
, 158
, 183
, 74
, 206
, 51
, 165
, 92
, 63
, 194
, 81
, 176
, 143
, 114
, 241
, 16
, 135
, 122
, 8
, 249
, 189
, 68
, 49
, 208
, 34
, 223
, 17
, 240
, 111
, 146
, 161
, 96
, 226
, 31
, 223
, 34
, 136
, 121
, 65
, 192
, 31
, 226
, 164
, 93
, 213
, 44
, 1
, 256
, 172
, 85
, 17
, 240
, 116
, 141
, 111
, 146
, 24
, 233
, 72
, 185
, 22
, 235
, 203
, 54
, 84
, 173
, 40
, 217
, 248
, 9
, 161
, 96
, 175
, 82
, 143
, 114
, 56
, 201
, 116
, 141
, 254
, 3
, 83
, 174
, 111
, 146
, 106
, 151
, 167
, 90
, 149
, 108
, 114
, 143
, 239
, 18
, 21
, 236
, 29
, 228
, 137
, 120
, 27
, 230
, 213
, 44
, 162
, 95
, 223
, 34
, 178
, 79
, 45
, 212
, 195
, 62
, 181
, 76
, 173
, 84
, 213
, 44
, 215
, 42
, 172
, 85
, 176
, 81
, 58
, 199
, 136
, 121
, 71
, 186
, 151
, 106
, 27
, 230
, 169
, 88
, 15
, 242
, 112
, 145
, 2
, 255
, 242
, 15
, 242
, 15
, 132
, 125
, 26
, 231
, 212
, 45
, 133
, 124
, 139
, 118
, 86
, 171
, 70
, 187
, 67
, 190
, 251
, 6
, 102
, 155
, 98
, 159
, 70
, 187
, 19
, 238
, 204
, 53
, 54
, 203
, 237
, 20
, 94
, 163
, 42
, 215
, 243
, 14
, 241
, 16
, 58
, 199
, 110
, 147
, 30
, 227
, 124
, 133
, 220
, 37
, 185
, 72
, 81
, 176
, 222
, 35
, 111
, 146
, 152
, 105
, 174
, 83
, 87
, 170
, 33
, 224
, 173
, 84
, 116
, 141
, 247
, 10
, 15
, 242
, 48
, 209
, 42
, 215
, 147
, 110
, 241
, 16
, 108
, 149
, 69
, 188
, 215
, 42
, 208
, 49
, 105
, 152
, 100
, 157
, 233
, 24
, 89
, 168
, 228
, 29
, 221
, 36
, 170
, 87
, 27
, 230
, 243
, 14
, 33
, 224
, 154
, 103
, 239
, 18
, 20
, 237
, 9
, 248
, 76
, 181
, 83
, 174
, 137
, 120
, 107
, 150
, 104
, 153
, 16
, 241
, 107
, 150
, 163
, 94
, 1
, 256
, 65
, 192
, 4
, 253
, 88
, 169
, 8
, 249
, 160
, 97
, 4
, 253
, 59
, 198
, 161
, 96
, 211
, 46
, 4
, 253
, 135
, 122
, 140
, 117
, 223
, 34
, 73
, 184
, 227
, 30
, 159
, 98
, 211
, 46
, 70
, 187
, 170
, 87
, 131
, 126
, 63
, 194
, 58
, 199
, 180
, 77
, 215
, 42
, 24
, 233
, 28
, 229
, 62
, 195
, 40
, 217
, 135
, 122
, 136
, 121
, 76
, 181
, 53
, 204
, 115
, 142
, 123
, 134
, 189
, 68
, 126
, 131
, 169
, 88
, 101
, 156
, 171
, 86
, 203
, 54
, 97
, 160
, 24
, 233
, 189
, 68
, 123
, 134
, 85
, 172
, 253
, 4
, 177
, 80
, 121
, 136
, 17
, 240
, 163
, 94
, 53
, 204
, 187
, 70
, 156
, 101
, 61
, 196
, 68
, 189
, 73
, 184
, 89
, 168
, 229
, 28
, 114
, 143
, 162
, 95
, 123
, 134
, 110
, 147
, 159
, 98
, 222
, 35
, 169
, 88
, 78
, 179
, 116
, 141
, 95
, 162
, 223
, 34
, 219
, 38
, 225
, 32
, 250
, 7
, 253
, 4
, 172
, 85
, 114
, 143
, 106
, 151
, 215
, 42
, 123
, 134
, 53
, 204
, 193
, 64
, 70
, 187
, 65
, 192
, 35
, 222
