
4000
, 165
, 70
, 14
, 221
, 118
, 117
, 95
, 140
, 229
, 6
, 181
, 54
, 182
, 53
, 164
, 71
, 217
, 18
, 189
, 46
, 148
, 87
, 195
, 40
, 200
, 35
, 149
, 86
, 211
, 24
, 20
, 215
, 190
, 45
, 130
, 105
, 219
, 16
, 226
, 9
, 185
, 50
, 204
, 31
, 201
, 34
, 5
, 230
, 163
, 72
, 219
, 16
, 147
, 88
, 233
, 2
, 28
, 207
, 72
, 163
, 149
, 86
, 75
, 160
, 92
, 143
, 48
, 187
, 162
, 73
, 173
, 62
, 120
, 115
, 175
, 60
, 93
, 142
, 3
, 232
, 60
, 175
, 23
, 212
, 149
, 86
, 51
, 184
, 205
, 30
, 172
, 63
, 62
, 173
, 223
, 12
, 50
, 185
, 173
, 62
, 150
, 85
, 156
, 79
, 70
, 165
, 29
, 206
, 62
, 173
, 224
, 11
, 76
, 159
, 153
, 82
, 64
, 171
, 134
, 101
, 130
, 105
, 27
, 208
, 19
, 216
, 207
, 28
, 209
, 26
, 51
, 184
, 33
, 202
, 86
, 149
, 217
, 18
, 25
, 210
, 123
, 112
, 18
, 217
, 205
, 30
, 166
, 69
, 191
, 44
, 75
, 160
, 208
, 27
, 28
, 207
, 1
, 234
, 111
, 124
, 60
, 175
, 119
, 116
, 80
, 155
, 137
, 98
, 36
, 199
, 166
, 69
, 156
, 79
, 152
, 83
, 192
, 43
, 129
, 106
, 196
, 39
, 60
, 175
, 52
, 183
, 79
, 156
, 95
, 140
, 165
, 70
, 181
, 54
, 137
, 98
, 84
, 151
, 76
, 159
, 187
, 48
, 1
, 234
, 204
, 31
, 181
, 54
, 124
, 111
, 188
, 47
, 195
, 40
, 105
, 130
, 183
, 52
, 123
, 112
, 1
, 234
, 151
, 84
, 210
, 25
, 163
, 72
, 142
, 93
, 60
, 175
, 63
, 172
, 73
, 162
, 233
, 2
, 214
, 21
, 48
, 187
, 121
, 114
, 170
, 65
, 87
, 148
, 175
, 60
, 59
, 176
, 178
, 57
, 168
, 67
, 90
, 145
, 195
, 40
, 104
, 131
, 230
, 5
, 75
, 160
, 83
, 152
, 151
, 84
, 149
, 86
, 206
, 29
, 97
, 138
, 95
, 140
, 41
, 194
, 20
, 215
, 19
, 216
, 73
, 162
, 105
, 130
, 212
, 23
, 54
, 181
, 38
, 197
, 94
, 141
, 165
, 70
, 102
, 133
, 49
, 186
, 91
, 144
, 12
, 223
, 30
, 205
, 117
, 118
, 103
, 132
, 191
, 44
, 88
, 147
, 31
, 204
, 146
, 89
, 90
, 145
, 48
, 187
, 157
, 78
, 143
, 92
, 22
, 213
, 34
, 201
, 181
, 54
, 28
, 207
, 37
, 198
, 37
, 198
, 101
, 134
, 48
, 187
, 206
, 29
, 128
, 107
, 166
, 69
, 187
, 48
, 52
, 183
, 25
, 210
, 21
, 214
, 195
, 40
, 24
, 211
, 92
, 143
, 206
, 29
, 169
, 66
, 157
, 78
, 147
, 88
, 223
, 12
, 191
, 44
, 100
, 135
, 199
, 36
, 206
, 29
, 83
, 152
, 100
, 135
, 194
, 41
, 88
, 147
, 25
, 210
, 220
, 15
, 172
, 63
, 78
, 157
, 63
, 172
, 120
, 115
, 178
, 57
, 220
, 15
, 176
, 59
, 219
, 16
, 228
, 7
, 119
, 116
, 133
, 102
, 13
, 222
, 202
, 33
, 218
, 17
, 216
, 19
, 90
, 145
, 170
, 65
, 141
, 94
, 220
, 15
, 140
, 95
, 119
, 116
, 25
, 210
, 52
, 183
, 97
, 138
, 171
, 64
, 25
, 210
, 35
, 200
, 118
, 117
, 161
, 74
, 215
, 20
, 53
, 182
, 213
, 22
, 1
, 234
, 210
, 25
, 136
, 99
, 43
, 192
, 99
, 136
, 66
, 169
, 215
, 20
, 188
, 47
, 14
, 221
, 120
, 115
, 36
, 199
, 28
, 207
, 32
, 203
, 156
, 79
, 185
, 50
, 29
, 206
, 221
, 14
, 197
, 38
, 45
, 190
, 27
, 208
, 146
, 89
, 21
, 214
, 167
, 68
, 152
, 83
, 2
, 233
, 71
, 164
, 208
, 27
, 109
, 126
, 13
, 222
, 58
, 177
, 232
, 3
, 89
, 146
, 66
, 169
, 197
, 38
, 17
, 218
, 163
, 72
, 87
, 148
, 176
, 59
, 177
, 58
, 153
, 82
, 70
, 165
, 124
, 111
, 68
, 167
, 63
, 172
, 142
, 93
, 209
, 26
, 89
, 146
, 67
, 168
, 183
, 52
, 40
, 195
, 10
, 225
, 26
, 209
, 143
, 92
, 146
, 89
, 51
, 184
, 92
, 143
, 25
, 210
, 133
, 102
, 75
, 160
, 230
, 5
, 201
, 34
, 19
, 216
, 112
, 123
, 11
, 224
, 131
, 104
, 6
, 229
, 109
, 126
, 216
, 19
, 103
, 132
, 16
, 219
, 147
, 88
, 202
, 33
, 121
, 114
, 54
, 181
, 213
, 22
, 140
, 95
, 146
, 89
, 135
, 100
, 14
, 221
, 171
, 64
, 172
, 63
, 224
, 11
, 66
, 169
, 63
, 172
, 95
, 140
, 194
, 41
, 69
, 166
, 128
, 107
, 227
, 8
, 51
, 184
, 27
, 208
, 211
, 24
, 118
, 117
, 223
, 12
, 56
, 179
, 51
, 184
, 43
, 192
, 140
, 95
, 224
, 11
, 220
, 15
, 27
, 208
, 141
, 94
, 218
, 17
, 197
, 38
, 23
, 212
, 68
, 167
, 172
, 63
, 137
, 98
, 114
, 121
, 99
, 136
, 230
, 5
, 102
, 133
, 73
, 162
, 26
, 209
, 199
, 36
, 54
, 181
, 92
, 143
, 15
, 220
, 90
, 145
, 204
, 31
, 175
, 60
, 206
, 29
, 169
, 66
, 168
, 67
, 89
, 146
, 175
, 60
, 58
, 177
, 111
, 124
, 93
, 142
, 200
, 35
, 82
, 153
, 108
, 127
, 36
, 199
, 203
, 32
, 44
, 191
, 134
, 101
, 147
, 88
, 124
, 111
, 28
, 207
, 119
, 116
, 227
, 8
, 109
, 126
, 35
, 200
, 55
, 180
, 131
, 104
, 229
, 6
, 153
, 82
, 226
, 9
, 203
, 32
, 37
, 198
, 36
, 199
, 60
, 175
, 173
, 62
, 143
, 92
, 33
, 202
, 161
, 74
, 30
, 205
, 192
, 43
, 33
, 202
, 62
, 173
, 230
, 5
, 177
, 58
, 190
, 45
, 203
, 32
, 216
, 19
, 28
, 207
, 138
, 97
, 181
, 54
, 123
, 112
, 195
, 40
, 188
, 47
, 143
, 92
, 77
, 158
, 203
, 32
, 17
, 218
, 81
, 154
, 46
, 189
, 104
, 131
, 117
, 118
, 165
, 70
, 92
, 143
, 72
, 163
, 27
, 208
, 1
, 234
, 51
, 184
, 166
, 69
, 2
, 233
, 95
, 140
, 178
, 57
, 80
, 155
, 142
, 93
, 16
, 219
, 188
, 47
, 164
, 71
, 71
, 164
, 39
, 196
, 107
, 128
, 175
, 60
, 113
, 122
, 55
, 180
, 64
, 171
, 162
, 73
, 200
, 35
, 74
, 161
, 176
, 59
, 66
, 169
, 110
, 125
, 191
, 44
, 61
, 174
, 145
, 90
, 81
, 154
, 30
, 205
, 187
, 48
, 177
, 58
, 90
, 145
, 191
, 44
, 166
, 69
, 40
, 195
, 76
, 159
, 233
, 2
, 25
, 210
, 101
, 134
, 147
, 88
, 59
, 176
, 48
, 187
, 104
, 131
, 186
, 49
, 232
, 3
, 133
, 102
, 29
, 206
, 53
, 182
, 121
, 114
, 35
, 200
, 123
, 112
, 128
, 107
, 25
, 210
, 97
, 138
, 158
, 77
, 153
, 82
, 109
, 126
, 210
, 25
, 82
, 153
, 114
, 121
, 60
, 175
, 103
, 132
, 199
, 36
, 197
, 38
, 230
, 5
, 107
, 128
, 109
, 126
, 207
, 28
, 102
, 133
, 19
, 216
, 193
, 42
, 120
, 115
, 90
, 145
, 83
, 152
, 190
, 45
, 167
, 68
, 66
, 169
, 5
, 230
, 132
, 103
, 98
, 137
, 206
, 29
, 20
, 215
, 19
, 216
, 37
, 198
, 32
, 203
, 30
, 205
, 223
, 12
, 17
, 218
, 52
, 183
, 6
, 229
, 80
, 155
, 43
, 192
, 88
, 147
, 96
, 139
, 48
, 187
, 182
, 53
, 226
, 9
, 58
, 177
, 116
, 119
, 223
, 12
, 34
, 201
, 10
, 225
, 56
, 179
, 109
, 126
, 62
, 173
, 60
, 175
, 201
, 34
, 90
, 145
, 173
, 62
, 26
, 209
, 118
, 117
, 70
, 165
, 141
, 94
, 137
, 98
, 91
, 144
, 98
, 137
, 195
, 40
, 96
, 139
, 178
, 57
, 151
, 84
, 137
, 98
, 116
, 119
, 108
, 127
, 76
, 159
, 142
, 93
, 7
, 228
, 168
, 67
, 106
, 129
, 228
, 7
, 54
, 181
, 26
, 209
, 28
, 207
, 143
, 92
, 204
, 31
, 70
, 165
, 221
, 14
, 52
, 183
, 141
, 94
, 114
, 121
, 27
, 208
, 206
, 29
, 161
, 74
, 202
, 33
, 131
, 104
, 73
, 162
, 86
, 149
, 155
, 80
, 18
, 217
, 146
, 89
, 231
, 4
, 181
, 54
, 43
, 192
, 116
, 119
, 223
, 12
, 110
, 125
, 138
, 97
, 181
, 54
, 202
, 33
, 156
, 79
, 126
, 109
, 211
, 24
, 15
, 220
, 31
, 204
, 153
, 82
, 198
, 37
, 65
, 170
, 155
, 80
, 101
, 134
, 112
, 123
, 159
, 76
, 171
, 64
, 50
, 185
, 190
, 45
, 199
, 36
, 59
, 176
, 148
, 87
, 42
, 193
, 213
, 22
, 45
, 190
, 155
, 80
, 68
, 167
, 172
, 63
, 65
, 170
, 85
, 150
, 176
, 59
, 172
, 63
, 4
, 231
, 183
, 52
, 106
, 129
, 215
, 20
, 81
, 154
, 70
, 165
, 55
, 180
, 123
, 112
, 5
, 230
, 118
, 117
, 157
, 78
, 77
, 158
, 70
, 165
, 227
, 8
, 99
, 136
, 78
, 157
, 26
, 209
, 22
, 213
, 93
, 142
, 132
, 103
, 177
, 58
, 53
, 182
, 31
, 204
, 64
, 171
, 94
, 141
, 139
, 96
, 219
, 16
, 105
, 130
, 121
, 114
, 219
, 16
, 51
, 184
, 230
, 5
, 175
, 60
, 11
, 224
, 182
, 53
, 10
, 225
, 15
, 220
, 17
, 218
, 142
, 93
, 201
, 34
, 39
, 196
, 96
, 139
, 152
, 83
, 135
, 100
, 43
, 192
, 192
, 43
, 55
, 180
, 213
, 22
, 115
, 120
, 46
, 189
, 103
, 132
, 226
, 9
, 28
, 207
, 190
, 45
, 90
, 145
, 80
, 155
, 11
, 224
, 63
, 172
, 130
, 105
, 226
, 9
, 96
, 139
, 32
, 203
, 191
, 44
, 116
, 119
, 204
, 31
, 95
, 140
, 70
, 165
, 140
, 95
, 167
, 68
, 127
, 108
, 213
, 22
, 4
, 231
, 176
, 59
, 91
, 144
, 45
, 190
, 193
, 42
, 162
, 73
, 52
, 183
, 226
, 9
, 94
, 141
, 154
, 81
, 77
, 158
, 173
, 62
, 40
, 195
, 194
, 41
, 215
, 20
, 203
, 32
, 59
, 176
, 67
, 168
, 168
, 67
, 224
, 11
, 220
, 15
, 185
, 50
, 145
, 90
, 154
, 81
, 41
, 194
, 146
, 89
, 159
, 76
, 141
, 94
, 25
, 210
, 33
, 202
, 122
, 113
, 21
, 214
, 118
, 117
, 12
, 223
, 20
, 215
, 61
, 174
, 48
, 187
, 169
, 66
, 8
, 227
, 108
, 127
, 71
, 164
, 112
, 123
, 150
, 85
, 7
, 228
, 233
, 2
, 7
, 228
, 138
, 97
, 186
, 49
, 44
, 191
, 68
, 167
, 21
, 214
, 223
, 12
, 149
, 86
, 82
, 153
, 80
, 155
, 10
, 225
, 14
, 221
, 131
, 104
, 194
, 41
, 66
, 169
, 32
, 203
, 185
, 50
, 201
, 34
, 61
, 174
, 60
, 175
, 146
, 89
, 165
, 70
, 41
, 194
, 184
, 51
, 81
, 154
, 189
, 46
, 197
, 38
, 155
, 80
, 19
, 216
, 163
, 72
, 218
, 17
, 139
, 96
, 104
, 131
, 163
, 72
, 46
, 189
, 194
, 41
, 223
, 12
, 204
, 31
, 8
, 227
, 23
, 212
, 101
, 134
, 217
, 18
, 173
, 62
, 60
, 175
, 125
, 110
, 218
, 17
, 28
, 207
, 30
, 205
, 20
, 215
, 160
, 75
, 59
, 176
, 226
, 9
, 177
, 58
, 73
, 162
, 25
, 210
, 160
, 75
, 95
, 140
, 135
, 100
, 11
, 224
, 95
, 140
, 36
, 199
, 178
, 57
, 89
, 146
, 213
, 22
, 132
, 103
, 73
, 162
, 44
, 191
, 102
, 133
, 226
, 9
, 60
, 175
, 10
, 225
, 25
, 210
, 118
, 117
, 37
, 198
, 209
, 26
, 61
, 174
, 17
, 218
, 160
, 75
, 103
, 132
, 86
, 149
, 95
, 140
, 221
, 14
, 206
, 29
, 220
, 15
, 205
, 30
, 94
, 141
, 18
, 217
, 90
, 145
, 12
, 223
, 168
, 67
, 152
, 83
, 158
, 77
, 220
, 15
, 175
, 60
, 13
, 222
, 34
, 201
, 50
, 185
, 189
, 46
, 26
, 209
, 195
, 40
, 66
, 169
, 206
, 29
, 57
, 178
, 60
, 175
, 214
, 21
, 40
, 195
, 201
, 34
, 218
, 17
, 73
, 162
, 39
, 196
, 170
, 65
, 147
, 88
, 41
, 194
, 17
, 218
, 126
, 109
, 194
, 41
, 213
, 22
, 21
, 214
, 17
, 218
, 70
, 165
, 117
, 118
, 195
, 40
, 198
, 37
, 70
, 165
, 145
, 90
, 98
, 137
, 215
, 20
, 221
, 14
, 122
, 113
, 95
, 140
, 103
, 132
, 190
, 45
, 105
, 130
, 21
, 214
, 8
, 227
, 106
, 129
, 36
, 199
, 132
, 103
, 46
, 189
, 193
, 42
, 118
, 117
, 201
, 34
, 188
, 47
, 130
, 105
, 93
, 142
, 46
, 189
, 169
, 66
, 182
, 53
, 155
, 80
, 194
, 41
, 45
, 190
, 216
, 19
, 123
, 112
, 122
, 113
, 227
, 8
, 170
, 65
, 115
, 120
, 96
, 139
, 157
, 78
, 188
, 47
, 108
, 127
, 33
, 202
, 205
, 30
, 17
, 218
, 194
, 41
, 182
, 53
, 42
, 193
, 46
, 189
, 115
, 120
, 191
, 44
, 15
, 220
, 38
, 197
, 187
, 48
, 181
, 54
, 226
, 9
, 29
, 206
, 91
, 144
, 94
, 141
, 190
, 45
, 29
, 206
, 67
, 168
, 38
, 197
, 217
, 18
, 21
, 214
, 152
, 83
, 175
, 60
, 18
, 217
, 94
, 141
, 202
, 33
, 74
, 161
, 150
, 85
, 146
, 89
, 33
, 202
, 26
, 209
, 187
, 48
, 218
, 17
, 50
, 185
, 81
, 154
, 97
, 138
, 47
, 188
, 224
, 11
, 51
, 184
, 122
, 113
, 46
, 189
, 15
, 220
, 155
, 80
, 225
, 10
, 144
, 91
, 13
, 222
, 194
, 41
, 145
, 90
, 222
, 13
, 44
, 191
, 172
, 63
, 119
, 116
, 81
, 154
, 105
, 130
, 6
, 229
, 64
, 171
, 130
, 105
, 112
, 123
, 230
, 5
, 89
, 146
, 223
, 12
, 99
, 136
, 43
, 192
, 94
, 141
, 3
, 232
, 32
, 203
, 9
, 226
, 222
, 13
, 29
, 206
, 229
, 6
, 164
, 71
, 157
, 78
, 51
, 184
, 201
, 34
, 120
, 115
, 67
, 168
, 154
, 81
, 38
, 197
, 90
, 145
, 171
, 64
, 89
, 146
, 10
, 225
, 209
, 26
, 147
, 88
, 215
, 20
, 95
, 140
, 119
, 116
, 3
, 232
, 36
, 199
, 110
, 125
, 172
, 63
, 17
, 218
, 161
, 74
, 167
, 68
, 14
, 221
, 213
, 22
, 88
, 147
, 175
, 60
, 85
, 150
, 216
, 19
, 124
, 111
, 174
, 61
, 30
, 205
, 3
, 232
, 220
, 15
, 97
, 138
, 65
, 170
, 7
, 228
, 27
, 208
, 84
, 151
, 147
, 88
, 215
, 20
, 165
, 70
, 91
, 144
, 135
, 100
, 87
, 148
, 86
, 149
, 212
, 23
, 106
, 129
, 59
, 176
, 142
, 93
, 52
, 183
, 139
, 96
, 30
, 205
, 150
, 85
, 36
, 199
, 81
, 154
, 61
, 174
, 29
, 206
, 140
, 95
, 129
, 106
, 172
, 63
, 130
, 105
, 112
, 123
, 42
, 193
, 157
, 78
, 205
, 30
, 31
, 204
, 180
, 55
, 46
, 189
, 9
, 226
, 71
, 164
, 157
, 78
, 31
, 204
, 106
, 129
, 194
, 41
, 83
, 152
, 71
, 164
, 176
, 59
, 57
, 178
, 135
, 100
, 72
, 163
, 16
, 219
, 176
, 59
, 162
, 73
, 167
, 68
, 103
, 132
, 37
, 198
, 168
, 67
, 153
, 82
, 159
, 76
, 133
, 102
, 189
, 46
, 155
, 80
, 50
, 185
, 67
, 168
, 206
, 29
, 61
, 174
, 136
, 99
, 95
, 140
, 225
, 10
, 184
, 51
, 41
, 194
, 82
, 153
, 13
, 222
, 6
, 229
, 176
, 59
, 56
, 179
, 121
, 114
, 85
, 150
, 4
, 231
, 114
, 121
, 155
, 80
, 112
, 123
, 212
, 23
, 142
, 93
, 62
, 173
, 198
, 37
, 25
, 210
, 121
, 114
, 203
, 32
, 41
, 194
, 92
, 143
, 101
, 134
, 6
, 229
, 224
, 11
, 172
, 63
, 70
, 165
, 42
, 193
, 61
, 174
, 189
, 46
, 6
, 229
, 45
, 190
, 121
, 114
, 200
, 35
, 138
, 97
, 96
, 139
, 121
, 114
, 98
, 137
, 117
, 118
, 189
, 46
, 141
, 94
, 157
, 78
, 29
, 206
, 199
, 36
, 103
, 132
, 125
, 110
, 173
, 62
, 18
, 217
, 64
, 171
, 26
, 209
, 233
, 2
, 172
, 63
, 65
, 170
, 134
, 101
, 107
, 128
, 27
, 208
, 64
, 171
, 190
, 45
, 168
, 67
, 5
, 230
, 183
, 52
, 97
, 138
, 84
, 151
, 160
, 75
, 106
, 129
, 132
, 103
, 8
, 227
, 233
, 2
, 47
, 188
, 41
, 194
, 2
, 233
, 96
, 139
, 61
, 174
, 29
, 206
, 8
, 227
, 149
, 86
, 102
, 133
, 203
, 32
, 189
, 46
, 207
, 28
, 70
, 165
, 221
, 14
, 230
, 5
, 95
, 140
, 233
, 2
, 48
, 187
, 116
, 119
, 20
, 215
, 136
, 99
, 130
, 105
, 202
, 33
, 68
, 167
, 122
, 113
, 198
, 37
, 212
, 23
, 213
, 22
, 68
, 167
, 208
, 27
, 93
, 142
, 71
, 164
, 200
, 35
, 189
, 46
, 203
, 32
, 201
, 34
, 42
, 193
, 162
, 73
, 125
, 110
, 166
, 69
, 74
, 161
, 44
, 191
, 172
, 63
, 25
, 210
, 165
, 70
, 201
, 34
, 173
, 62
, 231
, 4
, 142
, 93
, 202
, 33
, 209
, 26
, 85
, 150
, 185
, 50
, 130
, 105
, 212
, 23
, 210
, 25
, 109
, 126
, 230
, 5
, 135
, 100
, 68
, 167
, 218
, 17
, 198
, 37
, 185
, 50
, 118
, 117
, 221
, 14
, 204
, 31
, 132
, 103
, 202
, 33
, 52
, 183
, 181
, 54
, 49
, 186
, 180
, 55
, 154
, 81
, 19
, 216
, 22
, 213
, 200
, 35
, 198
, 37
, 155
, 80
, 125
, 110
, 47
, 188
, 61
, 174
, 121
, 114
, 155
, 80
, 18
, 217
, 74
, 161
, 176
, 59
, 86
, 149
, 57
, 178
, 43
, 192
, 20
, 215
, 76
, 159
, 189
, 46
, 224
, 11
, 170
, 65
, 65
, 170
, 228
, 7
, 178
, 57
, 130
, 105
, 177
, 58
, 165
, 70
, 133
, 102
, 192
, 43
, 48
, 187
, 218
, 17
, 121
, 114
, 179
, 56
, 26
, 209
, 17
, 218
, 106
, 129
, 56
, 179
, 215
, 20
, 48
, 187
, 129
, 106
, 92
, 143
, 227
, 8
, 52
, 183
, 64
, 171
, 220
, 15
, 20
, 215
, 86
, 149
, 39
, 196
, 203
, 32
, 164
, 71
, 216
, 19
, 157
, 78
, 21
, 214
, 113
, 122
, 35
, 200
, 81
, 154
, 59
, 176
, 155
, 80
, 84
, 151
, 34
, 201
, 194
, 41
, 177
, 58
, 152
, 83
, 186
, 49
, 217
, 18
, 74
, 161
, 52
, 183
, 49
, 186
, 128
, 107
, 227
, 8
, 15
, 220
, 45
, 190
, 163
, 72
, 137
, 98
, 226
, 9
, 179
, 56
, 77
, 158
, 16
, 219
, 157
, 78
, 66
, 169
, 227
, 8
, 3
, 232
, 222
, 13
, 67
, 168
, 169
, 66
, 14
, 221
, 195
, 40
, 1
, 234
, 167
, 68
, 204
, 31
, 41
, 194
, 109
, 126
, 177
, 58
, 144
, 91
, 106
, 129
, 69
, 166
, 146
, 89
, 216
, 19
, 223
, 12
, 217
, 18
, 6
, 229
, 221
, 14
, 176
, 59
, 97
, 138
, 32
, 203
, 202
, 33
, 138
, 97
, 180
, 55
, 62
, 173
, 186
, 49
, 135
, 100
, 54
, 181
, 180
, 55
, 88
, 147
, 195
, 40
, 74
, 161
, 12
, 223
, 9
, 226
, 86
, 149
, 27
, 208
, 167
, 68
, 229
, 6
, 121
, 114
, 180
, 55
, 40
, 195
, 188
, 47
, 62
, 173
, 53
, 182
, 134
, 101
, 170
, 65
, 95
, 140
, 4
, 231
, 59
, 176
, 166
, 69
, 105
, 130
, 110
, 125
, 9
, 226
, 191
, 44
, 84
, 151
, 142
, 93
, 192
, 43
, 2
, 233
, 120
, 115
, 51
, 184
, 51
, 184
, 102
, 133
, 149
, 86
, 111
, 124
, 139
, 96
, 162
, 73
, 210
, 25
, 3
, 232
, 14
, 221
, 217
, 18
, 139
, 96
, 220
, 15
, 104
, 131
, 136
, 99
, 8
, 227
, 66
, 169
, 149
, 86
, 231
, 4
, 153
, 82
, 174
, 61
, 7
, 228
, 128
, 107
, 142
, 93
, 47
, 188
, 199
, 36
, 162
, 73
, 138
, 97
, 129
, 106
, 17
, 218
, 12
, 223
, 126
, 109
, 56
, 179
, 87
, 148
, 120
, 115
, 56
, 179
, 209
, 26
, 61
, 174
, 18
, 217
, 114
, 121
, 57
, 178
, 44
, 191
, 78
, 157
, 112
, 123
, 77
, 158
, 149
, 86
, 80
, 155
, 211
, 24
, 192
, 43
, 39
, 196
, 102
, 133
, 94
, 141
, 196
, 39
, 137
, 98
, 198
, 37
, 147
, 88
, 132
, 103
, 205
, 30
, 154
, 81
, 94
, 141
, 148
, 87
, 187
, 48
, 109
, 126
, 149
, 86
, 185
, 50
, 12
, 223
, 113
, 122
, 45
, 190
, 191
, 44
, 43
, 192
, 6
, 229
, 184
, 51
, 17
, 218
, 157
, 78
, 127
, 108
, 31
, 204
, 163
, 72
, 118
, 117
, 163
, 72
, 106
, 129
, 221
, 14
, 33
, 202
, 28
, 207
, 90
, 145
, 76
, 159
, 115
, 120
, 206
, 29
, 61
, 174
, 28
, 207
, 148
, 87
, 210
, 25
, 176
, 59
, 189
, 46
, 14
, 221
, 225
, 10
, 15
, 220
, 78
, 157
, 113
, 122
, 153
, 82
, 117
, 118
, 83
, 152
, 63
, 172
, 171
, 64
, 17
, 218
, 101
, 134
, 74
, 161
, 188
, 47
, 69
, 166
, 219
, 16
, 14
, 221
, 97
, 138
, 200
, 35
, 163
, 72
, 188
, 47
, 101
, 134
, 173
, 62
, 149
, 86
, 80
, 155
, 112
, 123
, 128
, 107
, 110
, 125
, 14
, 221
, 24
, 211
, 30
, 205
, 126
, 109
, 72
, 163
, 213
, 22
, 138
, 97
, 18
, 217
, 13
, 222
, 49
, 186
, 87
, 148
, 101
, 134
, 130
, 105
, 82
, 153
, 189
, 46
, 142
, 93
, 57
, 178
, 45
, 190
, 96
, 139
, 4
, 231
, 62
, 173
, 151
, 84
, 79
, 156
, 195
, 40
, 59
, 176
, 167
, 68
, 59
, 176
, 133
, 102
, 217
, 18
, 173
, 62
, 92
, 143
, 190
, 45
, 70
, 165
, 204
, 31
, 180
, 55
, 22
, 213
, 52
, 183
, 21
, 214
, 180
, 55
, 29
, 206
, 54
, 181
, 120
, 115
, 78
, 157
, 19
, 216
, 46
, 189
, 59
, 176
, 67
, 168
, 197
, 38
, 210
, 25
, 65
, 170
, 172
, 63
, 78
, 157
, 189
, 46
, 164
, 71
, 8
, 227
, 12
, 223
, 82
, 153
, 36
, 199
, 49
, 186
, 97
, 138
, 89
, 146
, 140
, 95
, 33
, 202
, 184
, 51
, 99
, 136
, 3
, 232
, 227
, 8
, 179
, 56
, 201
, 34
, 99
, 136
, 113
, 122
, 11
, 224
, 233
, 2
, 128
, 107
, 134
, 101
, 168
, 67
, 10
, 225
, 161
, 74
, 40
, 195
, 102
, 133
, 130
, 105
, 216
, 19
, 113
, 122
, 173
, 62
, 205
, 30
, 158
, 77
, 215
, 20
, 49
, 186
, 107
, 128
, 147
, 88
, 106
, 129
, 191
, 44
, 124
, 111
, 96
, 139
, 38
, 197
, 207
, 28
, 181
, 54
, 74
, 161
, 12
, 223
, 137
, 98
, 47
, 188
, 6
, 229
, 195
, 40
, 14
, 221
, 51
, 184
, 168
, 67
, 211
, 24
, 8
, 227
, 18
, 217
, 107
, 128
, 126
, 109
, 95
, 140
, 41
, 194
, 44
, 191
, 35
, 200
, 173
, 62
, 19
, 216
, 52
, 183
, 30
, 205
, 152
, 83
, 195
, 40
, 224
, 11
, 205
, 30
, 13
, 222
, 12
, 223
, 114
, 121
, 74
, 161
, 190
, 45
, 66
, 169
, 209
, 26
, 223
, 12
, 160
, 75
, 34
, 201
, 138
, 97
, 190
, 45
, 11
, 224
, 101
, 134
, 179
, 56
, 73
, 162
, 162
, 73
, 52
, 183
, 41
, 194
, 89
, 146
, 8
, 227
, 24
, 211
, 13
, 222
, 71
, 164
, 165
, 70
, 52
, 183
, 156
, 79
, 2
, 233
, 112
, 123
, 52
, 183
, 71
, 164
, 32
, 203
, 121
, 114
, 126
, 109
, 79
, 156
, 1
, 234
, 7
, 228
, 70
, 165
, 43
, 192
, 21
, 214
, 225
, 10
, 200
, 35
, 159
, 76
, 104
, 131
, 81
, 154
, 196
, 39
, 8
, 227
, 136
, 99
, 207
, 28
, 210
, 25
, 81
, 154
, 135
, 100
, 107
, 128
, 15
, 220
, 76
, 159
, 39
, 196
, 191
, 44
, 80
, 155
, 180
, 55
, 34
, 201
, 124
, 111
, 127
, 108
, 97
, 138
, 228
, 7
, 21
, 214
, 122
, 113
, 96
, 139
, 116
, 119
, 103
, 132
, 81
, 154
, 115
, 120
, 154
, 81
, 75
, 160
, 38
, 197
, 221
, 14
, 128
, 107
, 47
, 188
, 140
, 95
, 42
, 193
, 139
, 96
, 126
, 109
, 124
, 111
, 59
, 176
, 43
, 192
, 136
, 99
, 168
, 67
, 221
, 14
, 212
, 23
, 20
, 215
, 37
, 198
, 112
, 123
, 210
, 25
, 15
, 220
, 55
, 180
, 114
, 121
, 208
, 27
, 133
, 102
, 169
, 66
, 211
, 24
, 23
, 212
, 213
, 22
, 89
, 146
, 105
, 130
, 208
, 27
, 39
, 196
, 77
, 158
, 230
, 5
, 206
, 29
, 233
, 2
, 93
, 142
, 150
, 85
, 170
, 65
, 98
, 137
, 74
, 161
, 218
, 17
, 173
, 62
, 198
, 37
, 199
, 36
, 120
, 115
, 233
, 2
, 13
, 222
, 36
, 199
, 193
, 42
, 218
, 17
, 94
, 141
, 75
, 160
, 113
, 122
, 200
, 35
, 67
, 168
, 97
, 138
, 131
, 104
, 98
, 137
, 112
, 123
, 215
, 20
, 183
, 52
, 80
, 155
, 18
, 217
, 83
, 152
, 131
, 104
, 19
, 216
, 15
, 220
, 74
, 161
, 37
, 198
, 88
, 147
, 158
, 77
, 168
, 67
, 53
, 182
, 185
, 50
, 125
, 110
, 67
, 168
, 101
, 134
, 169
, 66
, 200
, 35
, 130
, 105
, 133
, 102
, 65
, 170
, 213
, 22
, 118
, 117
, 30
, 205
, 136
, 99
, 7
, 228
, 105
, 130
, 72
, 163
, 64
, 171
, 9
, 226
, 185
, 50
, 108
, 127
, 68
, 167
, 159
, 76
, 154
, 81
, 228
, 7
, 156
, 79
, 90
, 145
, 51
, 184
, 213
, 22
, 18
, 217
, 182
, 53
, 60
, 175
, 109
, 126
, 11
, 224
, 92
, 143
, 134
, 101
, 100
, 135
, 45
, 190
, 189
, 46
, 53
, 182
, 13
, 222
, 145
, 90
, 47
, 188
, 15
, 220
, 72
, 163
, 61
, 174
, 180
, 55
, 226
, 9
, 58
, 177
, 20
, 215
, 35
, 200
, 107
, 128
, 147
, 88
, 151
, 84
, 163
, 72
, 150
, 85
, 159
, 76
, 75
, 160
, 93
, 142
, 53
, 182
, 114
, 121
, 182
, 53
, 10
, 225
, 191
, 44
, 101
, 134
, 66
, 169
, 68
, 167
, 20
, 215
, 231
, 4
, 96
, 139
, 42
, 193
, 113
, 122
, 169
, 66
, 53
, 182
, 178
, 57
, 50
, 185
, 40
, 195
, 132
, 103
, 183
, 52
, 96
, 139
, 1
, 234
, 74
, 161
, 172
, 63
, 86
, 149
, 77
, 158
, 125
, 110
, 55
, 180
, 1
, 234
, 20
, 215
, 33
, 202
, 217
, 18
, 208
, 27
, 24
, 211
, 43
, 192
, 55
, 180
, 85
, 150
, 216
, 19
, 192
, 43
, 98
, 137
, 16
, 219
, 55
, 180
, 136
, 99
, 13
, 222
, 112
, 123
, 141
, 94
, 50
, 185
, 44
, 191
, 193
, 42
, 184
, 51
, 199
, 36
, 180
, 55
, 211
, 24
, 103
, 132
, 100
, 135
, 189
, 46
, 4
, 231
, 111
, 124
, 159
, 76
, 213
, 22
, 6
, 229
, 58
, 177
, 207
, 28
, 131
, 104
, 182
, 53
, 20
, 215
, 61
, 174
, 17
, 218
, 183
, 52
, 199
, 36
, 191
, 44
, 98
, 137
, 77
, 158
, 118
, 117
, 103
, 132
, 128
, 107
, 212
, 23
, 177
, 58
, 124
, 111
, 2
, 233
, 150
, 85
, 215
, 20
, 7
, 228
, 25
, 210
, 38
, 197
, 54
, 181
, 28
, 207
, 140
, 95
, 141
, 94
, 13
, 222
, 31
, 204
, 24
, 211
, 210
, 25
, 182
, 53
, 215
, 20
, 111
, 124
, 162
, 73
, 208
, 27
, 209
, 26
, 222
, 13
, 11
, 224
, 38
, 197
, 110
, 125
, 214
, 21
, 111
, 124
, 31
, 204
, 228
, 7
, 119
, 116
, 145
, 90
, 142
, 93
, 172
, 63
, 38
, 197
, 151
, 84
, 70
, 165
, 205
, 30
, 52
, 183
, 184
, 51
, 7
, 228
, 99
, 136
, 33
, 202
, 183
, 52
, 111
, 124
, 4
, 231
, 76
, 159
, 2
, 233
, 62
, 173
, 223
, 12
, 119
, 116
, 111
, 124
, 93
, 142
, 192
, 43
, 82
, 153
, 56
, 179
, 178
, 57
, 98
, 137
, 230
, 5
, 130
, 105
, 32
, 203
, 112
, 123
, 230
, 5
, 29
, 206
, 154
, 81
, 119
, 116
, 83
, 152
, 50
, 185
, 152
, 83
, 223
, 12
, 232
, 3
, 121
, 114
, 133
, 102
, 180
, 55
, 36
, 199
, 55
, 180
, 87
, 148
, 79
, 156
, 221
, 14
, 220
, 15
, 6
, 229
, 57
, 178
, 75
, 160
, 144
, 91
, 222
, 13
, 101
, 134
, 176
, 59
, 9
, 226
, 68
, 167
, 180
, 55
, 219
, 16
, 11
, 224
, 85
, 150
, 158
, 77
, 229
, 6
, 159
, 76
, 109
, 126
, 35
, 200
, 204
, 31
, 153
, 82
, 10
, 225
, 10
, 225
, 166
, 69
, 100
, 135
, 122
, 113
, 63
, 172
, 226
, 9
, 35
, 200
, 226
, 9
, 157
, 78
, 75
, 160
, 147
, 88
, 93
, 142
, 20
, 215
, 35
, 200
, 196
, 39
, 37
, 198
, 123
, 112
, 166
, 69
, 89
, 146
, 97
, 138
, 61
, 174
, 109
, 126
, 100
, 135
, 223
, 12
, 84
, 151
, 30
, 205
, 6
, 229
, 184
, 51
, 203
, 32
, 60
, 175
, 111
, 124
, 143
, 92
, 166
, 69
, 142
, 93
, 209
, 26
, 84
, 151
, 17
, 218
, 184
, 51
, 206
, 29
, 31
, 204
, 118
, 117
, 178
, 57
, 17
, 218
, 127
, 108
, 108
, 127
, 131
, 104
, 117
, 118
, 132
, 103
, 28
, 207
, 56
, 179
, 19
, 216
, 194
, 41
, 95
, 140
, 80
, 155
, 109
, 126
, 46
, 189
, 56
, 179
, 149
, 86
, 106
, 129
, 198
, 37
, 70
, 165
, 31
, 204
, 219
, 16
, 232
, 3
, 222
, 13
, 224
, 11
, 67
, 168
, 120
, 115
, 144
, 91
, 147
, 88
, 179
, 56
, 143
, 92
, 177
, 58
, 115
, 120
, 166
, 69
, 12
, 223
, 192
, 43
, 60
, 175
, 189
, 46
, 200
, 35
, 151
, 84
, 51
, 184
, 11
, 224
, 107
, 128
, 196
, 39
, 124
, 111
, 171
, 64
, 1
, 234
, 139
, 96
, 179
, 56
, 194
, 41
, 102
, 133
, 143
, 92
, 183
, 52
, 88
, 147
, 40
, 195
, 19
, 216
, 30
, 205
, 120
, 115
, 219
, 16
, 7
, 228
, 84
, 151
, 124
, 111
, 179
, 56
, 25
, 210
, 1
, 234
, 138
, 97
, 118
, 117
, 94
, 141
, 139
, 96
, 108
, 127
, 94
, 141
, 145
, 90
, 230
, 5
, 32
, 203
, 209
, 26
, 134
, 101
, 164
, 71
, 163
, 72
, 94
, 141
, 227
, 8
, 144
, 91
, 83
, 152
, 162
, 73
, 29
, 206
, 218
, 17
, 138
, 97
, 32
, 203
, 95
, 140
, 170
, 65
, 64
, 171
, 52
, 183
, 135
, 100
, 205
, 30
, 220
, 15
, 126
, 109
, 173
, 62
, 10
, 225
, 206
, 29
, 200
, 35
, 55
, 180
, 227
, 8
, 71
, 164
, 224
, 11
, 45
, 190
, 226
, 9
, 33
, 202
, 64
, 171
, 70
, 165
, 183
, 52
, 21
, 214
, 10
, 225
, 79
, 156
, 83
, 152
, 63
, 172
, 43
, 192
, 94
, 141
, 188
, 47
, 75
, 160
, 22
, 213
, 18
, 217
, 131
, 104
, 26
, 209
, 219
, 16
, 180
, 55
, 18
, 217
, 197
, 38
, 224
, 11
, 180
, 55
, 52
, 183
, 37
, 198
, 108
, 127
, 31
, 204
, 189
, 46
, 152
, 83
, 216
, 19
, 89
, 146
, 152
, 83
, 225
, 10
, 143
, 92
, 64
, 171
, 17
, 218
, 104
, 131
, 199
, 36
, 7
, 228
, 11
, 224
, 60
, 175
, 132
, 103
, 33
, 202
, 60
, 175
, 25
, 210
, 188
, 47
, 99
, 136
, 147
, 88
, 216
, 19
, 26
, 209
, 183
, 52
, 5
, 230
, 207
, 28
, 29
, 206
, 213
, 22
, 113
, 122
, 148
, 87
, 2
, 233
, 129
, 106
, 179
, 56
, 27
, 208
, 98
, 137
, 186
, 49
, 198
, 37
, 20
, 215
, 99
, 136
, 133
, 102
, 49
, 186
, 207
, 28
, 131
, 104
, 32
, 203
, 121
, 114
, 108
, 127
, 101
, 134
, 232
, 3
, 102
, 133
, 5
, 230
, 29
, 206
, 191
, 44
, 127
, 108
, 101
, 134
, 230
, 5
, 232
, 3
, 26
, 209
, 155
, 80
, 170
, 65
, 116
, 119
, 2
, 233
, 218
, 17
, 95
, 140
, 96
, 139
, 166
, 69
, 34
, 201
, 47
, 188
, 207
, 28
, 105
, 130
, 195
, 40
, 35
, 200
, 151
, 84
, 72
, 163
, 62
, 173
, 14
, 221
, 3
, 232
, 24
, 211
, 30
, 205
, 8
, 227
, 166
, 69
, 19
, 216
, 192
, 43
, 113
, 122
, 97
, 138
, 208
, 27
, 178
, 57
, 205
, 30
, 207
, 28
, 219
, 16
, 144
, 91
, 71
, 164
, 156
, 79
, 37
, 198
, 123
, 112
, 230
, 5
, 120
, 115
, 69
, 166
, 122
, 113
, 39
, 196
, 30
, 205
, 56
, 179
, 79
, 156
, 117
, 118
, 199
, 36
, 68
, 167
, 208
, 27
, 132
, 103
, 8
, 227
, 43
, 192
, 34
, 201
, 140
, 95
, 167
, 68
, 195
, 40
, 9
, 226
, 144
, 91
, 126
, 109
, 131
, 104
, 179
, 56
, 100
, 135
, 179
, 56
, 135
, 100
, 95
, 140
, 61
, 174
, 121
, 114
, 11
, 224
, 112
, 123
, 227
, 8
, 131
, 104
, 101
, 134
, 74
, 161
, 12
, 223
, 230
, 5
, 185
, 50
, 117
, 118
, 58
, 177
, 127
, 108
, 108
, 127
, 102
, 133
, 206
, 29
, 181
, 54
, 100
, 135
, 177
, 58
, 134
, 101
, 184
, 51
, 8
, 227
, 166
, 69
, 19
, 216
, 127
, 108
, 219
, 16
, 29
, 206
, 228
, 7
, 232
, 3
, 65
, 170
, 7
, 228
, 104
, 131
, 99
, 136
, 50
, 185
, 72
, 163
, 84
, 151
, 72
, 163
, 181
, 54
, 207
, 28
, 49
, 186
, 168
, 67
, 32
, 203
, 9
, 226
, 60
, 175
, 27
, 208
, 52
, 183
, 191
, 44
, 29
, 206
, 176
, 59
, 227
, 8
, 67
, 168
, 200
, 35
, 144
, 91
, 232
, 3
, 12
, 223
, 74
, 161
, 17
, 218
, 149
, 86
, 205
, 30
, 211
, 24
, 14
, 221
, 189
, 46
, 152
, 83
, 187
, 48
, 180
, 55
, 223
, 12
, 65
, 170
, 65
, 170
, 71
, 164
, 51
, 184
, 142
, 93
, 99
, 136
, 99
, 136
, 49
, 186
, 7
, 228
, 102
, 133
, 155
, 80
, 77
, 158
, 126
, 109
, 98
, 137
, 148
, 87
, 147
, 88
, 110
, 125
, 191
, 44
, 15
, 220
, 74
, 161
, 105
, 130
, 134
, 101
, 38
, 197
, 157
, 78
, 63
, 172
, 177
, 58
, 218
, 17
, 76
, 159
, 183
, 52
, 9
, 226
, 172
, 63
, 99
, 136
, 125
, 110
, 84
, 151
, 96
, 139
, 160
, 75
, 135
, 100
, 89
, 146
, 202
, 33
, 32
, 203
, 171
, 64
, 163
, 72
, 41
, 194
, 155
, 80
, 195
, 40
, 142
, 93
, 107
, 128
, 2
, 233
, 75
, 160
, 127
, 108
, 98
, 137
, 45
, 190
, 47
, 188
, 120
, 115
, 13
, 222
, 214
, 21
, 152
, 83
, 120
, 115
, 8
, 227
, 111
, 124
, 213
, 22
, 32
, 203
, 197
, 38
, 62
, 173
, 164
, 71
, 11
, 224
, 226
, 9
, 90
, 145
, 122
, 113
, 34
, 201
, 80
, 155
, 232
, 3
, 92
, 143
, 42
, 193
, 188
, 47
, 129
, 106
, 141
, 94
, 188
, 47
, 217
, 18
, 100
, 135
, 120
, 115
, 132
, 103
, 146
, 89
, 111
, 124
, 215
, 20
, 105
, 130
, 91
, 144
, 45
, 190
, 117
, 118
, 20
, 215
, 11
, 224
, 219
, 16
, 122
, 113
, 221
, 14
, 186
, 49
, 12
, 223
, 7
, 228
, 115
, 120
, 199
, 36
, 125
, 110
, 67
, 168
, 126
, 109
, 27
, 208
, 179
, 56
, 124
, 111
, 200
, 35
, 193
, 42
, 46
, 189
, 62
, 173
, 155
, 80
, 71
, 164
, 42
, 193
, 21
, 214
, 114
, 121
, 51
, 184
, 68
, 167
, 168
, 67
, 62
, 173
, 35
, 200
, 39
, 196
, 116
, 119
, 192
, 43
, 182
, 53
, 51
, 184
, 4
, 231
, 188
, 47
, 155
, 80
, 86
, 149
, 14
, 221
, 176
, 59
, 60
, 175
, 156
, 79
, 34
, 201
, 177
, 58
, 122
, 113
, 94
, 141
, 206
, 29
, 25
, 210
, 121
, 114
, 139
, 96
, 146
, 89
, 10
, 225
, 97
, 138
, 109
, 126
, 3
, 232
, 143
, 92
, 67
, 168
, 66
, 169
, 177
, 58
, 76
, 159
, 10
, 225
, 75
, 160
, 123
, 112
, 233
, 2
, 203
, 32
, 4
, 231
, 48
, 187
, 215
, 20
, 53
, 182
, 198
, 37
, 81
, 154
, 58
, 177
, 78
, 157
, 187
, 48
, 2
, 233
, 135
, 100
, 229
, 6
, 62
, 173
, 38
, 197
, 61
, 174
, 178
, 57
, 204
, 31
, 123
, 112
, 49
, 186
, 13
, 222
, 14
, 221
, 112
, 123
, 204
, 31
, 42
, 193
, 123
, 112
, 224
, 11
, 70
, 165
, 133
, 102
, 197
, 38
, 158
, 77
, 221
, 14
, 95
, 140
, 223
, 12
, 6
, 229
, 169
, 66
, 135
, 100
, 81
, 154
, 191
, 44
, 96
, 139
, 164
, 71
, 90
, 145
, 158
, 77
, 139
, 96
, 122
, 113
, 118
, 117
, 3
, 232
, 143
, 92
, 225
, 10
, 225
, 10
, 219
, 16
, 6
, 229
, 72
, 163
, 29
, 206
, 178
, 57
, 92
, 143
, 127
, 108
, 211
, 24
, 123
, 112
, 117
, 118
, 165
, 70
, 119
, 116
, 179
, 56
, 82
, 153
, 218
, 17
, 45
, 190
, 48
, 187
, 205
, 30
, 59
, 176
, 194
, 41
, 92
, 143
, 185
, 50
, 68
, 167
, 150
, 85
, 184
, 51
, 209
, 26
, 48
, 187
, 76
, 159
, 46
, 189
, 118
, 117
, 107
, 128
, 152
, 83
, 65
, 170
, 200
, 35
, 106
, 129
, 80
, 155
, 205
, 30
, 79
, 156
, 43
, 192
, 142
, 93
, 34
, 201
, 209
, 26
, 83
, 152
, 226
, 9
, 206
, 29
, 229
, 6
, 120
, 115
, 210
, 25
, 211
, 24
, 45
, 190
, 32
, 203
, 207
, 28
, 164
, 71
, 37
, 198
, 176
, 59
, 193
, 42
, 25
, 210
, 174
, 61
, 215
, 20
, 62
, 173
, 91
, 144
, 212
, 23
, 59
, 176
, 60
, 175
, 167
, 68
, 41
, 194
, 37
, 198
, 220
, 15
, 199
, 36
, 24
, 211
, 67
, 168
, 46
, 189
, 67
, 168
, 117
, 118
, 227
, 8
, 181
, 54
, 214
, 21
, 6
, 229
, 13
, 222
, 90
, 145
, 206
, 29
, 59
, 176
, 38
, 197
, 158
, 77
, 72
, 163
, 14
, 221
, 17
, 218
, 82
, 153
, 195
, 40
, 196
, 39
, 183
, 52
, 221
, 14
, 69
, 166
, 25
, 210
, 32
, 203
, 110
, 125
, 14
, 221
, 29
, 206
, 21
, 214
, 92
, 143
, 225
, 10
, 172
, 63
, 21
, 214
, 141
, 94
, 174
, 61
, 39
, 196
, 144
, 91
, 108
, 127
, 118
, 117
, 56
, 179
, 87
, 148
, 57
, 178
, 135
, 100
, 180
, 55
, 2
, 233
, 170
, 65
, 69
, 166
, 41
, 194
, 230
, 5
, 209
, 26
, 230
, 5
, 114
, 121
, 26
, 209
, 217
, 18
, 57
, 178
, 211
, 24
, 45
, 190
, 120
, 115
, 187
, 48
, 99
, 136
, 183
, 52
, 166
, 69
, 117
, 118
, 218
, 17
, 139
, 96
, 53
, 182
, 43
, 192
, 20
, 215
, 208
, 27
, 96
, 139
, 195
, 40
, 225
, 10
, 213
, 22
, 204
, 31
, 74
, 161
, 165
, 70
, 221
, 14
, 8
, 227
, 124
, 111
, 178
, 57
, 15
, 220
, 87
, 148
, 7
, 228
, 157
, 78
, 127
, 108
, 220
, 15
, 118
, 117
, 228
, 7
, 115
, 120
, 56
, 179
, 52
, 183
, 96
, 139
, 64
, 171
, 21
, 214
, 31
, 204
, 166
, 69
, 131
, 104
, 197
, 38
, 229
, 6
, 86
, 149
, 228
, 7
, 167
, 68
, 153
, 82
, 44
, 191
, 225
, 10
, 60
, 175
, 6
, 229
, 171
, 64
, 162
, 73
, 6
, 229
, 44
, 191
, 209
, 26
, 74
, 161
, 211
, 24
, 57
, 178
, 216
, 19
, 218
, 17
, 29
, 206
, 66
, 169
, 11
, 224
, 141
, 94
, 102
, 133
, 224
, 11
, 37
, 198
, 4
, 231
, 206
, 29
, 221
, 14
, 221
, 14
, 60
, 175
, 49
, 186
, 13
, 222
, 89
, 146
, 106
, 129
, 224
, 11
, 117
, 118
, 47
, 188
, 212
, 23
, 195
, 40
, 230
, 5
, 59
, 176
, 157
, 78
, 111
, 124
, 218
, 17
, 178
, 57
, 126
, 109
, 219
, 16
, 64
, 171
, 6
, 229
, 166
, 69
, 129
, 106
, 151
, 84
, 95
, 140
, 166
, 69
, 15
, 220
, 27
, 208
, 18
, 217
, 53
, 182
, 65
, 170
, 22
, 213
, 57
, 178
, 193
, 42
, 189
, 46
, 98
, 137
, 14
, 221
, 198
, 37
, 206
, 29
, 121
, 114
, 229
, 6
, 62
, 173
, 22
, 213
, 84
, 151
, 198
, 37
, 181
, 54
, 87
, 148
, 47
, 188
, 221
, 14
, 129
, 106
, 226
, 9
, 80
, 155
, 204
, 31
, 226
, 9
, 188
, 47
, 14
, 221
, 26
, 209
, 125
, 110
, 18
, 217
, 90
, 145
, 73
, 162
, 98
, 137
, 86
, 149
, 44
, 191
, 213
, 22
, 45
, 190
, 223
, 12
, 126
, 109
, 95
, 140
, 207
, 28
, 62
, 173
, 184
, 51
, 214
, 21
, 172
, 63
, 226
, 9
, 107
, 128
, 207
, 28
, 157
, 78
, 170
, 65
, 5
, 230
, 48
, 187
, 168
, 67
, 153
, 82
, 205
, 30
, 89
, 146
, 175
, 60
, 151
, 84
, 40
, 195
, 39
, 196
, 216
, 19
, 8
, 227
, 188
, 47
, 79
, 156
, 119
, 116
, 89
, 146
, 34
, 201
, 177
, 58
, 26
, 209
, 103
, 132
, 185
, 50
, 116
, 119
, 121
, 114
, 51
, 184
, 176
, 59
, 2
, 233
, 80
, 155
, 6
, 229
, 101
, 134
, 129
, 106
, 63
, 172
, 221
, 14
, 219
, 16
, 30
, 205
, 231
, 4
, 181
, 54
, 66
, 169
, 139
, 96
, 231
, 4
, 9
, 226
, 94
, 141
, 139
, 96
, 85
, 150
, 193
, 42
, 98
, 137
, 184
, 51
, 179
, 56
, 168
, 67
, 82
, 153
, 7
, 228
, 53
, 182
, 80
, 155
, 219
, 16
, 132
, 103
, 211
, 24
, 96
, 139
, 107
, 128
, 183
, 52
, 226
, 9
, 176
, 59
, 26
, 209
, 39
, 196
, 129
, 106
, 167
, 68
, 168
, 67
, 13
, 222
, 229
, 6
, 146
, 89
, 33
, 202
, 152
, 83
, 121
, 114
, 158
, 77
, 35
, 200
, 113
, 122
, 148
, 87
, 50
, 185
, 21
, 214
, 193
, 42
, 213
, 22
, 7
, 228
, 50
, 185
, 133
, 102
, 121
, 114
, 164
, 71
, 44
, 191
, 102
, 133
, 5
, 230
, 177
, 58
, 20
, 215
, 184
, 51
, 1
, 234
, 148
, 87
, 138
, 97
, 130
, 105
, 15
, 220
, 21
, 214
, 144
, 91
, 6
, 229
, 76
, 159
, 108
, 127
, 75
, 160
, 184
, 51
, 125
, 110
, 140
, 95
, 22
, 213
, 80
, 155
, 67
, 168
, 209
, 26
, 65
, 170
, 166
, 69
, 119
, 116
, 58
, 177
, 222
, 13
, 106
, 129
, 4
, 231
, 21
, 214
, 177
, 58
, 21
, 214
, 146
, 89
, 72
, 163
, 229
, 6
, 44
, 191
, 6
, 229
, 89
, 146
, 4
, 231
, 123
, 112
, 20
, 215
, 140
, 95
, 54
, 181
, 155
, 80
, 229
, 6
, 133
, 102
, 131
, 104
, 197
, 38
, 123
, 112
, 192
, 43
, 138
, 97
, 188
, 47
, 32
, 203
, 161
, 74
, 22
, 213
, 14
, 221
, 190
, 45
, 104
, 131
, 61
, 174
, 133
, 102
, 75
, 160
, 54
, 181
, 81
, 154
, 221
, 14
, 220
, 15
, 213
, 22
, 72
, 163
, 97
, 138
, 189
, 46
, 93
, 142
, 19
, 216
, 89
, 146
, 61
, 174
, 64
, 171
, 109
, 126
, 33
, 202
, 108
, 127
, 40
, 195
, 162
, 73
, 78
, 157
, 225
, 10
, 137
, 98
, 209
, 26
, 165
, 70
, 140
, 95
, 151
, 84
, 129
, 106
, 216
, 19
, 167
, 68
, 44
, 191
, 159
, 76
, 58
, 177
, 127
, 108
, 156
, 79
, 230
, 5
, 211
, 24
, 81
, 154
, 55
, 180
, 182
, 53
, 2
, 233
, 11
, 224
, 182
, 53
, 218
, 17
, 93
, 142
, 158
, 77
, 207
, 28
, 134
, 101
, 168
, 67
, 114
, 121
, 85
, 150
, 119
, 116
, 215
, 20
, 114
, 121
, 50
, 185
, 199
, 36
, 224
, 11
, 24
, 211
, 120
, 115
, 162
, 73
, 128
, 107
, 16
, 219
, 151
, 84
, 220
, 15
, 165
, 70
, 49
, 186
, 137
, 98
, 219
, 16
, 34
, 201
, 100
, 135
, 45
, 190
, 14
, 221
, 41
, 194
, 190
, 45
, 71
, 164
, 117
, 118
, 76
, 159
, 95
, 140
, 13
, 222
, 196
, 39
, 189
, 46
, 33
, 202
, 76
, 159
, 228
, 7
, 96
, 139
, 25
, 210
, 39
, 196
, 143
, 92
, 28
, 207
, 116
, 119
, 199
, 36
, 31
, 204
, 1
, 234
, 226
, 9
, 65
, 170
, 184
, 51
, 216
, 19
, 231
, 4
, 72
, 163
, 221
, 14
, 163
, 72
, 163
, 72
, 208
, 27
, 42
, 193
, 151
, 84
, 84
, 151
, 219
, 16
, 35
, 200
, 82
, 153
, 215
, 20
, 68
, 167
, 146
, 89
, 76
, 159
, 177
, 58
, 4
, 231
, 211
, 24
, 167
, 68
, 73
, 162
, 112
, 123
, 16
, 219
, 137
, 98
, 138
, 97
, 107
, 128
, 14
, 221
, 119
, 116
, 47
, 188
, 107
, 128
, 114
, 121
, 59
, 176
, 123
, 112
, 159
, 76
, 159
, 76
, 62
, 173
, 50
, 185
, 214
, 21
, 172
, 63
, 142
, 93
, 46
, 189
, 88
, 147
, 186
, 49
, 52
, 183
, 67
, 168
, 74
, 161
, 32
, 203
, 144
, 91
, 129
, 106
, 35
, 200
, 66
, 169
, 46
, 189
, 128
, 107
, 89
, 146
, 70
, 165
, 2
, 233
, 119
, 116
, 214
, 21
, 150
, 85
, 198
, 37
, 227
, 8
, 139
, 96
, 157
, 78
, 194
, 41
, 37
, 198
, 44
, 191
, 83
, 152
, 153
, 82
, 212
, 23
, 164
, 71
, 77
, 158
, 106
, 129
, 162
, 73
, 104
, 131
, 49
, 186
, 186
, 49
, 204
, 31
, 14
, 221
, 132
, 103
, 120
, 115
, 35
, 200
, 231
, 4
, 210
, 25
, 162
, 73
, 97
, 138
, 79
, 156
, 191
, 44
, 154
, 81
, 81
, 154
, 107
, 128
, 117
, 118
, 150
, 85
, 77
, 158
, 123
, 112
, 36
, 199
, 83
, 152
, 15
, 220
, 178
, 57
, 142
, 93
, 196
, 39
, 4
, 231
, 150
, 85
, 110
, 125
, 209
, 26
, 153
, 82
, 99
, 136
, 162
, 73
, 50
, 185
, 229
, 6
, 156
, 79
, 175
, 60
, 12
, 223
, 156
, 79
, 79
, 156
, 188
, 47
, 22
, 213
, 127
, 108
, 36
, 199
, 50
, 185
, 65
, 170
, 33
, 202
, 169
, 66
, 72
, 163
, 50
, 185
, 151
, 84
, 75
, 160
, 144
, 91
, 29
, 206
, 41
, 194
, 59
, 176
, 220
, 15
, 84
, 151
, 129
, 106
, 123
, 112
, 146
, 89
, 11
, 224
, 121
, 114
, 204
, 31
, 58
, 177
, 62
, 173
, 43
, 192
, 189
, 46
, 120
, 115
, 58
, 177
, 226
, 9
, 208
, 27
, 101
, 134
, 135
, 100
, 193
, 42
, 129
, 106
, 66
, 169
, 152
, 83
, 95
, 140
, 22
, 213
, 10
, 225
, 70
, 165
, 52
, 183
, 3
, 232
, 124
, 111
, 197
, 38
, 193
, 42
, 150
, 85
, 100
, 135
, 23
, 212
, 192
, 43
, 98
, 137
, 167
, 68
, 161
, 74
, 196
, 39
, 9
, 226
, 191
, 44
, 29
, 206
, 61
, 174
, 142
, 93
, 91
, 144
, 7
, 228
, 97
, 138
, 33
, 202
, 203
, 32
, 13
, 222
, 91
, 144
, 94
, 141
, 37
, 198
, 26
, 209
, 231
, 4
, 110
, 125
, 129
, 106
, 218
, 17
, 56
, 179
, 57
, 178
, 200
, 35
, 222
, 13
, 206
, 29
, 203
, 32
, 198
, 37
, 110
, 125
, 26
, 209
, 8
, 227
, 11
, 224
, 91
, 144
, 233
, 2
, 136
, 99
, 106
, 129
, 223
, 12
, 5
, 230
, 119
, 116
, 3
, 232
, 62
, 173
, 114
, 121
, 221
, 14
, 16
, 219
, 29
, 206
, 5
, 230
, 1
, 234
, 179
, 56
, 59
, 176
, 18
, 217
, 52
, 183
, 139
, 96
, 56
, 179
, 155
, 80
, 88
, 147
, 25
, 210
, 40
, 195
, 102
, 133
, 111
, 124
, 224
, 11
, 112
, 123
, 215
, 20
, 73
, 162
, 85
, 150
, 220
, 15
, 51
, 184
, 180
, 55
, 85
, 150
, 204
, 31
, 59
, 176
, 12
, 223
, 96
, 139
, 147
, 88
, 48
, 187
, 62
, 173
, 194
, 41
, 207
, 28
, 101
, 134
, 32
, 203
, 167
, 68
, 56
, 179
, 64
, 171
, 174
, 61
, 53
, 182
, 179
, 56
, 203
, 32
, 65
, 170
, 100
, 135
, 143
, 92
, 3
, 232
, 216
, 19
, 38
, 197
, 136
, 99
, 129
, 106
, 89
, 146
, 169
, 66
, 130
, 105
, 139
, 96
, 127
, 108
, 10
, 225
, 213
, 22
, 103
, 132
, 118
, 117
, 138
, 97
, 107
, 128
, 199
, 36
, 112
, 123
, 14
, 221
, 95
, 140
, 176
, 59
, 115
, 120
, 72
, 163
, 172
, 63
, 163
, 72
, 203
, 32
, 215
, 20
, 118
, 117
, 45
, 190
, 9
, 226
, 145
, 90
, 107
, 128
, 132
, 103
, 69
, 166
, 209
, 26
, 75
, 160
, 108
, 127
, 225
, 10
, 186
, 49
, 179
, 56
, 30
, 205
, 217
, 18
, 215
, 20
, 43
, 192
, 176
, 59
, 172
, 63
, 138
, 97
, 129
, 106
, 195
, 40
, 137
, 98
, 193
, 42
, 183
, 52
, 61
, 174
, 68
, 167
, 114
, 121
, 157
, 78
, 37
, 198
, 73
, 162
, 25
, 210
, 152
, 83
, 210
, 25
, 60
, 175
, 197
, 38
, 167
, 68
, 103
, 132
, 218
, 17
, 33
, 202
, 175
, 60
, 166
, 69
, 104
, 131
, 21
, 214
, 203
, 32
, 156
, 79
, 147
, 88
, 138
, 97
, 60
, 175
, 74
, 161
, 146
, 89
, 42
, 193
, 174
, 61
, 81
, 154
, 46
, 189
, 27
, 208
, 73
, 162
, 223
, 12
, 178
, 57
, 207
, 28
, 148
, 87
, 25
, 210
, 128
, 107
, 233
, 2
, 224
, 11
, 231
, 4
, 49
, 186
, 3
, 232
, 202
, 33
, 60
, 175
, 86
, 149
, 221
, 14
, 7
, 228
, 100
, 135
, 145
, 90
, 188
, 47
, 202
, 33
, 21
, 214
, 47
, 188
, 219
, 16
, 230
, 5
, 64
, 171
, 77
, 158
, 203
, 32
, 204
, 31
, 115
, 120
, 140
, 95
, 92
, 143
, 14
, 221
, 135
, 100
, 68
, 167
, 1
, 234
, 78
, 157
, 24
, 211
, 174
, 61
, 76
, 159
, 153
, 82
, 144
, 91
, 26
, 209
, 72
, 163
, 184
, 51
, 63
, 172
, 92
, 143
, 120
, 115
, 188
, 47
, 59
, 176
, 118
, 117
, 113
, 122
, 180
, 55
, 10
, 225
, 135
, 100
, 152
, 83
, 146
, 89
, 186
, 49
, 121
, 114
, 13
, 222
, 127
, 108
, 10
, 225
, 36
, 199
, 184
, 51
, 147
, 88
, 228
, 7
, 193
, 42
, 144
, 91
, 16
, 219
, 162
, 73
, 141
, 94
, 73
, 162
, 190
, 45
, 217
, 18
, 101
, 134
, 147
, 88
, 52
, 183
, 222
, 13
, 200
, 35
, 40
, 195
, 90
, 145
, 100
, 135
, 227
, 8
, 18
, 217
, 192
, 43
, 109
, 126
, 46
, 189
, 15
, 220
, 151
, 84
, 149
, 86
, 217
, 18
, 101
, 134
, 20
, 215
, 13
, 222
, 202
, 33
, 91
, 144
, 125
, 110
, 56
, 179
, 176
, 59
, 196
, 39
, 27
, 208
, 30
, 205
, 169
, 66
, 84
, 151
, 136
, 99
, 164
, 71
, 150
, 85
, 132
, 103
, 54
, 181
, 53
, 182
, 68
, 167
, 93
, 142
, 213
, 22
, 15
, 220
, 110
, 125
, 101
, 134
, 172
, 63
, 230
, 5
, 202
, 33
, 15
, 220
, 222
, 13
, 104
, 131
, 83
, 152
, 93
, 142
, 156
, 79
, 128
, 107
, 39
, 196
, 72
, 163
, 31
, 204
, 141
, 94
, 16
, 219
, 174
, 61
, 1
, 234
, 212
, 23
, 44
, 191
, 72
, 163
, 142
, 93
, 233
, 2
, 110
, 125
, 89
, 146
, 115
, 120
, 36
, 199
, 182
, 53
, 44
, 191
, 72
, 163
, 125
, 110
, 197
, 38
, 189
, 46
, 199
, 36
, 90
, 145
, 166
, 69
, 95
, 140
, 184
, 51
, 112
, 123
, 126
, 109
, 69
, 166
, 217
, 18
, 202
, 33
, 104
, 131
, 155
, 80
, 99
, 136
, 101
, 134
, 91
, 144
, 187
, 48
, 97
, 138
, 224
, 11
, 4
, 231
, 197
, 38
, 34
, 201
, 107
, 128
, 156
, 79
, 112
, 123
, 218
, 17
, 78
, 157
, 76
, 159
, 98
, 137
, 147
, 88
, 122
, 113
, 164
, 71
, 12
, 223
, 46
, 189
, 223
, 12
, 228
, 7
, 174
, 61
, 220
, 15
, 38
, 197
, 192
, 43
, 189
, 46
, 117
, 118
, 46
, 189
, 111
, 124
, 150
, 85
, 150
, 85
, 14
, 221
, 218
, 17
, 22
, 213
, 94
, 141
, 223
, 12
, 145
, 90
, 162
, 73
, 68
, 167
, 207
, 28
, 179
, 56
, 158
, 77
, 173
, 62
, 149
, 86
, 217
, 18
, 46
, 189
, 12
, 223
, 46
, 189
, 190
, 45
, 159
, 76
, 59
, 176
, 79
, 156
, 19
, 216
, 16
, 219
, 4
, 231
, 117
, 118
, 66
, 169
, 124
, 111
, 192
, 43
, 181
, 54
, 1
, 234
, 129
, 106
, 21
, 214
, 163
, 72
, 183
, 52
, 184
, 51
, 157
, 78
, 60
, 175
, 142
, 93
, 155
, 80
, 113
, 122
, 167
, 68
, 183
, 52
, 208
, 27
, 135
, 100
, 37
, 198
, 113
, 122
, 22
, 213
, 207
, 28
, 26
, 209
, 194
, 41
, 58
, 177
, 74
, 161
, 19
, 216
, 43
, 192
, 195
, 40
, 132
, 103
, 162
, 73
, 190
, 45
, 203
, 32
, 194
, 41
, 84
, 151
, 105
, 130
, 93
, 142
, 195
, 40
, 196
, 39
, 161
, 74
, 210
, 25
, 6
, 229
, 56
, 179
, 76
, 159
, 138
, 97
, 232
, 3
, 65
, 170
, 159
, 76
, 219
, 16
, 134
, 101
, 193
, 42
, 177
, 58
, 198
, 37
, 165
, 70
, 57
, 178
, 105
, 130
, 223
, 12
, 130
, 105
, 27
, 208
, 184
, 51
, 173
, 62
, 137
, 98
, 21
, 214
, 74
, 161
, 195
, 40
, 87
, 148
, 186
, 49
, 61
, 174
, 58
, 177
, 123
, 112
, 98
, 137
, 99
, 136
, 208
, 27
, 153
, 82
, 16
, 219
, 1
, 234
, 102
, 133
, 120
, 115
, 122
, 113
, 1
, 234
, 86
, 149
, 171
, 64
, 141
, 94
, 37
, 198
, 222
, 13
, 50
, 185
, 9
, 226
, 29
, 206
, 52
, 183
, 197
, 38
, 156
, 79
, 116
, 119
, 156
, 79
, 44
, 191
, 51
, 184
, 207
, 28
, 112
, 123
, 10
, 225
, 214
, 21
, 27
, 208
, 88
, 147
, 185
, 50
, 67
, 168
, 89
, 146
, 187
, 48
, 10
, 225
, 77
, 158
, 125
, 110
, 208
, 27
, 188
, 47
, 33
, 202
, 233
, 2
, 27
, 208
, 207
, 28
, 76
, 159
, 109
, 126
, 159
, 76
, 7
, 228
, 9
, 226
, 149
, 86
, 33
, 202
, 173
, 62
, 135
, 100
, 134
, 101
, 28
, 207
, 64
, 171
, 220
, 15
, 213
, 22
, 135
, 100
, 88
, 147
, 205
, 30
, 203
, 32
, 18
, 217
, 122
, 113
, 17
, 218
, 32
, 203
, 128
, 107
, 152
, 83
, 177
, 58
, 206
, 29
, 105
, 130
, 61
, 174
, 61
, 174
, 169
, 66
, 68
, 167
, 58
, 177
, 194
, 41
, 186
, 49
, 31
, 204
, 8
, 227
, 226
, 9
, 6
, 229
, 55
, 180
, 122
, 113
, 15
, 220
, 179
, 56
, 60
, 175
, 53
, 182
, 113
, 122
, 122
, 113
, 153
, 82
, 82
, 153
, 46
, 189
, 195
, 40
, 176
, 59
, 120
, 115
, 184
, 51
, 201
, 34
, 112
, 123
, 127
, 108
, 37
, 198
, 86
, 149
, 36
, 199
, 53
, 182
, 12
, 223
, 27
, 208
, 178
, 57
, 58
, 177
, 109
, 126
, 115
, 120
, 191
, 44
, 217
, 18
, 109
, 126
, 20
, 215
, 153
, 82
, 85
, 150
, 25
, 210
, 79
, 156
, 102
, 133
, 39
, 196
, 27
, 208
, 60
, 175
, 135
, 100
, 5
, 230
, 81
, 154
, 193
, 42
, 71
, 164
, 56
, 179
, 178
, 57
, 132
, 103
, 198
, 37
, 203
, 32
, 174
, 61
, 45
, 190
, 52
, 183
, 186
, 49
, 228
, 7
, 220
, 15
, 13
, 222
, 116
, 119
, 139
, 96
, 24
, 211
, 13
, 222
, 111
, 124
, 6
, 229
, 180
, 55
, 50
, 185
, 56
, 179
, 103
, 132
, 61
, 174
, 172
, 63
, 114
, 121
, 69
, 166
, 207
, 28
, 159
, 76
, 200
, 35
, 218
, 17
, 161
, 74
, 198
, 37
, 58
, 177
, 24
, 211
, 189
, 46
, 34
, 201
, 96
, 139
, 54
, 181
, 75
, 160
, 181
, 54
, 32
, 203
, 17
, 218
, 192
, 43
, 121
, 114
, 66
, 169
, 30
, 205
, 186
, 49
, 26
, 209
, 109
, 126
, 169
, 66
, 72
, 163
, 158
, 77
, 153
, 82
, 110
, 125
, 195
, 40
, 54
, 181
, 90
, 145
, 5
, 230
, 21
, 214
, 74
, 161
, 187
, 48
, 184
, 51
, 155
, 80
, 160
, 75
, 6
, 229
, 178
, 57
, 13
, 222
, 72
, 163
, 102
, 133
, 117
, 118
, 134
, 101
, 141
, 94
, 15
, 220
, 114
, 121
, 54
, 181
, 202
, 33
, 214
, 21
, 54
, 181
, 26
, 209
, 75
, 160
, 231
, 4
, 115
, 120
, 204
, 31
, 58
, 177
, 25
, 210
, 81
, 154
, 67
, 168
, 30
, 205
, 91
, 144
, 76
, 159
, 123
, 112
, 152
, 83
, 23
, 212
, 190
, 45
, 84
, 151
, 124
, 111
, 37
, 198
, 174
, 61
, 79
, 156
, 222
, 13
, 164
, 71
, 48
, 187
, 41
, 194
, 19
, 216
, 38
, 197
, 154
, 81
, 73
, 162
, 144
, 91
, 180
, 55
, 160
, 75
, 127
, 108
, 13
, 222
, 11
, 224
, 176
, 59
, 119
, 116
, 164
, 71
, 121
, 114
, 224
, 11
, 13
, 222
, 224
, 11
, 173
, 62
, 166
, 69
, 215
, 20
, 211
, 24
, 47
, 188
, 133
, 102
, 168
, 67
, 119
, 116
, 98
, 137
, 118
, 117
, 167
, 68
, 97
, 138
, 53
, 182
, 233
, 2
, 47
, 188
, 94
, 141
, 105
, 130
, 46
, 189
, 122
, 113
, 139
, 96
, 211
, 24
, 5
, 230
, 162
, 73
, 167
, 68
, 99
, 136
, 64
, 171
, 86
, 149
, 94
, 141
, 56
, 179
, 231
, 4
, 142
, 93
, 171
, 64
, 2
, 233
, 43
, 192
, 155
, 80
, 85
, 150
, 50
, 185
, 109
, 126
, 55
, 180
, 216
, 19
, 67
, 168
, 200
, 35
, 233
, 2
, 43
, 192
, 89
, 146
, 86
, 149
, 171
, 64
, 141
, 94
, 221
, 14
, 16
, 219
, 195
, 40
, 110
, 125
, 116
, 119
, 30
, 205
, 185
, 50
, 123
, 112
, 163
, 72
, 73
, 162
, 42
, 193
, 169
, 66
, 178
, 57
, 92
, 143
, 88
, 147
, 104
, 131
, 57
, 178
, 159
, 76
, 168
, 67
, 2
, 233
, 80
, 155
, 8
, 227
, 17
, 218
, 212
, 23
, 81
, 154
, 186
, 49
, 220
, 15
, 89
, 146
, 139
, 96
, 216
, 19
, 111
, 124
, 97
, 138
, 56
, 179
, 107
, 128
