
4040
, 159
, 48
, 142
, 65
, 61
, 146
, 188
, 19
, 147
, 60
, 129
, 78
, 133
, 74
, 47
, 160
, 107
, 100
, 75
, 132
, 4
, 203
, 30
, 177
, 153
, 54
, 153
, 54
, 46
, 161
, 172
, 35
, 16
, 191
, 111
, 96
, 86
, 121
, 33
, 174
, 100
, 107
, 122
, 85
, 109
, 98
, 179
, 28
, 104
, 103
, 28
, 179
, 26
, 181
, 189
, 18
, 30
, 177
, 98
, 109
, 122
, 85
, 39
, 168
, 74
, 133
, 70
, 137
, 128
, 79
, 1
, 206
, 48
, 159
, 92
, 115
, 174
, 33
, 110
, 97
, 22
, 185
, 202
, 5
, 25
, 182
, 25
, 182
, 190
, 17
, 94
, 113
, 93
, 114
, 201
, 6
, 130
, 77
, 44
, 163
, 27
, 180
, 121
, 86
, 179
, 28
, 167
, 40
, 47
, 160
, 15
, 192
, 203
, 4
, 203
, 4
, 116
, 91
, 116
, 91
, 164
, 43
, 123
, 84
, 55
, 152
, 157
, 50
, 153
, 54
, 107
, 100
, 120
, 87
, 156
, 51
, 180
, 27
, 55
, 152
, 45
, 162
, 203
, 4
, 59
, 148
, 90
, 117
, 139
, 68
, 89
, 118
, 22
, 185
, 86
, 121
, 201
, 6
, 84
, 123
, 187
, 20
, 128
, 79
, 69
, 138
, 32
, 175
, 28
, 179
, 3
, 204
, 200
, 7
, 30
, 177
, 105
, 102
, 100
, 107
, 109
, 98
, 41
, 166
, 33
, 174
, 91
, 116
, 9
, 198
, 108
, 99
, 2
, 205
, 52
, 155
, 141
, 66
, 94
, 113
, 188
, 19
, 18
, 189
, 14
, 193
, 124
, 83
, 44
, 163
, 14
, 193
, 46
, 161
, 202
, 5
, 59
, 148
, 80
, 127
, 81
, 126
, 137
, 70
, 198
, 9
, 129
, 78
, 118
, 89
, 143
, 64
, 115
, 92
, 77
, 130
, 34
, 173
, 99
, 108
, 115
, 92
, 137
, 70
, 68
, 139
, 158
, 49
, 136
, 71
, 28
, 179
, 4
, 203
, 90
, 117
, 8
, 199
, 186
, 21
, 170
, 37
, 4
, 203
, 66
, 141
, 177
, 30
, 96
, 111
, 56
, 151
, 143
, 64
, 172
, 35
, 199
, 8
, 166
, 41
, 106
, 101
, 70
, 137
, 77
, 130
, 72
, 135
, 40
, 167
, 29
, 178
, 36
, 171
, 183
, 24
, 194
, 13
, 191
, 16
, 191
, 16
, 163
, 44
, 20
, 187
, 90
, 117
, 62
, 145
, 198
, 9
, 115
, 92
, 41
, 166
, 41
, 166
, 36
, 171
, 182
, 25
, 110
, 97
, 38
, 169
, 198
, 9
, 151
, 56
, 167
, 40
, 183
, 24
, 147
, 60
, 24
, 183
, 191
, 16
, 78
, 129
, 172
, 35
, 197
, 10
, 155
, 52
, 144
, 63
, 79
, 128
, 117
, 90
, 172
, 35
, 101
, 106
, 184
, 23
, 128
, 79
, 129
, 78
, 186
, 21
, 74
, 133
, 8
, 199
, 55
, 152
, 141
, 66
, 62
, 145
, 84
, 123
, 166
, 41
, 45
, 162
, 38
, 169
, 113
, 94
, 23
, 184
, 109
, 98
, 190
, 17
, 124
, 83
, 22
, 185
, 43
, 164
, 102
, 105
, 156
, 51
, 97
, 110
, 23
, 184
, 193
, 14
, 62
, 145
, 56
, 151
, 127
, 80
, 183
, 24
, 169
, 38
, 17
, 190
, 158
, 49
, 40
, 167
, 37
, 170
, 79
, 128
, 193
, 14
, 43
, 164
, 104
, 103
, 64
, 143
, 85
, 122
, 194
, 13
, 156
, 51
, 145
, 62
, 170
, 37
, 56
, 151
, 69
, 138
, 158
, 49
, 123
, 84
, 152
, 55
, 190
, 17
, 137
, 70
, 194
, 13
, 126
, 81
, 133
, 74
, 1
, 206
, 99
, 108
, 30
, 177
, 71
, 136
, 66
, 141
, 74
, 133
, 2
, 205
, 3
, 204
, 36
, 171
, 58
, 149
, 83
, 124
, 119
, 88
, 48
, 159
, 41
, 166
, 112
, 95
, 28
, 179
, 97
, 110
, 170
, 37
, 132
, 75
, 197
, 10
, 117
, 90
, 91
, 116
, 108
, 99
, 96
, 111
, 64
, 143
, 75
, 132
, 21
, 186
, 162
, 45
, 177
, 30
, 170
, 37
, 69
, 138
, 56
, 151
, 150
, 57
, 23
, 184
, 110
, 97
, 155
, 52
, 173
, 34
, 109
, 98
, 195
, 12
, 147
, 60
, 108
, 99
, 114
, 93
, 67
, 140
, 13
, 194
, 198
, 9
, 196
, 11
, 112
, 95
, 76
, 131
, 157
, 50
, 118
, 89
, 179
, 28
, 163
, 44
, 7
, 200
, 32
, 175
, 127
, 80
, 204
, 3
, 23
, 184
, 181
, 26
, 67
, 140
, 10
, 197
, 119
, 88
, 201
, 6
, 96
, 111
, 157
, 50
, 27
, 180
, 119
, 88
, 170
, 37
, 86
, 121
, 28
, 179
, 193
, 14
, 118
, 89
, 133
, 74
, 175
, 32
, 3
, 204
, 98
, 109
, 183
, 24
, 186
, 21
, 179
, 28
, 193
, 14
, 20
, 187
, 2
, 205
, 50
, 157
, 169
, 38
, 168
, 39
, 143
, 64
, 20
, 187
, 201
, 6
, 179
, 28
, 13
, 194
, 68
, 139
, 165
, 42
, 39
, 168
, 58
, 149
, 66
, 141
, 169
, 38
, 55
, 152
, 154
, 53
, 23
, 184
, 55
, 152
, 166
, 41
, 68
, 139
, 54
, 153
, 161
, 46
, 174
, 33
, 159
, 48
, 22
, 185
, 162
, 45
, 171
, 36
, 92
, 115
, 69
, 138
, 178
, 29
, 149
, 58
, 99
, 108
, 86
, 121
, 1
, 206
, 96
, 111
, 119
, 88
, 36
, 171
, 150
, 57
, 71
, 136
, 110
, 97
, 143
, 64
, 8
, 199
, 169
, 38
, 22
, 185
, 73
, 134
, 126
, 81
, 38
, 169
, 158
, 49
, 194
, 13
, 107
, 100
, 48
, 159
, 78
, 129
, 53
, 154
, 38
, 169
, 174
, 33
, 30
, 177
, 149
, 58
, 94
, 113
, 193
, 14
, 85
, 122
, 121
, 86
, 81
, 126
, 147
, 60
, 46
, 161
, 113
, 94
, 171
, 36
, 47
, 160
, 150
, 57
, 11
, 196
, 79
, 128
, 162
, 45
, 1
, 206
, 112
, 95
, 111
, 96
, 110
, 97
, 136
, 71
, 25
, 182
, 124
, 83
, 80
, 127
, 68
, 139
, 93
, 114
, 168
, 39
, 96
, 111
, 101
, 106
, 127
, 80
, 98
, 109
, 37
, 170
, 85
, 122
, 66
, 141
, 137
, 70
, 7
, 200
, 160
, 47
, 27
, 180
, 182
, 25
, 22
, 185
, 68
, 139
, 166
, 41
, 18
, 189
, 43
, 164
, 155
, 52
, 36
, 171
, 110
, 97
, 51
, 156
, 164
, 43
, 80
, 127
, 200
, 7
, 19
, 188
, 121
, 86
, 142
, 65
, 69
, 138
, 51
, 156
, 92
, 115
, 143
, 64
, 18
, 189
, 85
, 122
, 19
, 188
, 127
, 80
, 87
, 120
, 205
, 2
, 123
, 84
, 48
, 159
, 14
, 193
, 37
, 170
, 88
, 119
, 120
, 87
, 92
, 115
, 191
, 16
, 91
, 116
, 125
, 82
, 7
, 200
, 41
, 166
, 121
, 86
, 203
, 4
, 72
, 135
, 104
, 103
, 190
, 17
, 173
, 34
, 79
, 128
, 86
, 121
, 140
, 67
, 65
, 142
, 102
, 105
, 160
, 47
, 66
, 141
, 96
, 111
, 125
, 82
, 25
, 182
, 139
, 68
, 198
, 9
, 146
, 61
, 188
, 19
, 162
, 45
, 172
, 35
, 128
, 79
, 154
, 53
, 14
, 193
, 82
, 125
, 61
, 146
, 43
, 164
, 111
, 96
, 176
, 31
, 143
, 64
, 177
, 30
, 161
, 46
, 126
, 81
, 99
, 108
, 160
, 47
, 62
, 145
, 114
, 93
, 17
, 190
, 88
, 119
, 119
, 88
, 188
, 19
, 7
, 200
, 153
, 54
, 33
, 174
, 120
, 87
, 13
, 194
, 146
, 61
, 117
, 90
, 124
, 83
, 187
, 20
, 41
, 166
, 33
, 174
, 21
, 186
, 56
, 151
, 11
, 196
, 82
, 125
, 72
, 135
, 44
, 163
, 16
, 191
, 28
, 179
, 149
, 58
, 124
, 83
, 186
, 21
, 175
, 32
, 137
, 70
, 129
, 78
, 38
, 169
, 169
, 38
, 158
, 49
, 197
, 10
, 178
, 29
, 51
, 156
, 121
, 86
, 153
, 54
, 120
, 87
, 19
, 188
, 65
, 142
, 70
, 137
, 34
, 173
, 94
, 113
, 115
, 92
, 113
, 94
, 93
, 114
, 188
, 19
, 74
, 133
, 196
, 11
, 124
, 83
, 16
, 191
, 47
, 160
, 46
, 161
, 139
, 68
, 68
, 139
, 198
, 9
, 144
, 63
, 1
, 206
, 13
, 194
, 40
, 167
, 163
, 44
, 140
, 67
, 1
, 206
, 56
, 151
, 84
, 123
, 85
, 122
, 40
, 167
, 48
, 159
, 174
, 33
, 129
, 78
, 178
, 29
, 78
, 129
, 99
, 108
, 22
, 185
, 163
, 44
, 179
, 28
, 199
, 8
, 109
, 98
, 67
, 140
, 24
, 183
, 140
, 67
, 42
, 165
, 16
, 191
, 145
, 62
, 10
, 197
, 32
, 175
, 52
, 155
, 90
, 117
, 81
, 126
, 64
, 143
, 26
, 181
, 30
, 177
, 115
, 92
, 143
, 64
, 108
, 99
, 80
, 127
, 82
, 125
, 45
, 162
, 114
, 93
, 196
, 11
, 36
, 171
, 48
, 159
, 110
, 97
, 33
, 174
, 68
, 139
, 158
, 49
, 99
, 108
, 11
, 196
, 35
, 172
, 17
, 190
, 74
, 133
, 126
, 81
, 122
, 85
, 9
, 198
, 136
, 71
, 53
, 154
, 11
, 196
, 12
, 195
, 152
, 55
, 158
, 49
, 4
, 203
, 82
, 125
, 150
, 57
, 196
, 11
, 66
, 141
, 93
, 114
, 158
, 49
, 205
, 2
, 112
, 95
, 98
, 109
, 187
, 20
, 200
, 7
, 141
, 66
, 188
, 19
, 196
, 11
, 39
, 168
, 101
, 106
, 171
, 36
, 60
, 147
, 27
, 180
, 41
, 166
, 106
, 101
, 183
, 24
, 152
, 55
, 25
, 182
, 102
, 105
, 102
, 105
, 49
, 158
, 158
, 49
, 77
, 130
, 99
, 108
, 106
, 101
, 55
, 152
, 63
, 144
, 176
, 31
, 161
, 46
, 77
, 130
, 188
, 19
, 204
, 3
, 118
, 89
, 67
, 140
, 181
, 26
, 62
, 145
, 134
, 73
, 125
, 82
, 195
, 12
, 32
, 175
, 53
, 154
, 88
, 119
, 65
, 142
, 109
, 98
, 54
, 153
, 38
, 169
, 2
, 205
, 62
, 145
, 35
, 172
, 34
, 173
, 82
, 125
, 113
, 94
, 67
, 140
, 169
, 38
, 140
, 67
, 88
, 119
, 8
, 199
, 103
, 104
, 186
, 21
, 156
, 51
, 29
, 178
, 24
, 183
, 6
, 201
, 167
, 40
, 99
, 108
, 148
, 59
, 116
, 91
, 62
, 145
, 181
, 26
, 86
, 121
, 60
, 147
, 181
, 26
, 190
, 17
, 173
, 34
, 128
, 79
, 14
, 193
, 200
, 7
, 51
, 156
, 70
, 137
, 190
, 17
, 30
, 177
, 9
, 198
, 24
, 183
, 134
, 73
, 105
, 102
, 157
, 50
, 101
, 106
, 181
, 26
, 139
, 68
, 173
, 34
, 84
, 123
, 123
, 84
, 149
, 58
, 202
, 5
, 68
, 139
, 55
, 152
, 56
, 151
, 190
, 17
, 25
, 182
, 30
, 177
, 189
, 18
, 202
, 5
, 63
, 144
, 145
, 62
, 46
, 161
, 24
, 183
, 109
, 98
, 202
, 5
, 1
, 206
, 102
, 105
, 191
, 16
, 9
, 198
, 198
, 9
, 120
, 87
, 101
, 106
, 172
, 35
, 4
, 203
, 107
, 100
, 18
, 189
, 175
, 32
, 188
, 19
, 33
, 174
, 47
, 160
, 87
, 120
, 89
, 118
, 81
, 126
, 151
, 56
, 134
, 73
, 37
, 170
, 40
, 167
, 16
, 191
, 146
, 61
, 21
, 186
, 109
, 98
, 170
, 37
, 136
, 71
, 65
, 142
, 170
, 37
, 35
, 172
, 24
, 183
, 139
, 68
, 14
, 193
, 68
, 139
, 42
, 165
, 73
, 134
, 152
, 55
, 92
, 115
, 128
, 79
, 11
, 196
, 165
, 42
, 98
, 109
, 137
, 70
, 131
, 76
, 51
, 156
, 99
, 108
, 41
, 166
, 180
, 27
, 91
, 116
, 17
, 190
, 109
, 98
, 95
, 112
, 132
, 75
, 136
, 71
, 151
, 56
, 169
, 38
, 61
, 146
, 139
, 68
, 179
, 28
, 66
, 141
, 83
, 124
, 63
, 144
, 137
, 70
, 93
, 114
, 171
, 36
, 68
, 139
, 71
, 136
, 140
, 67
, 73
, 134
, 139
, 68
, 104
, 103
, 69
, 138
, 142
, 65
, 184
, 23
, 92
, 115
, 111
, 96
, 147
, 60
, 144
, 63
, 152
, 55
, 124
, 83
, 34
, 173
, 144
, 63
, 42
, 165
, 200
, 7
, 173
, 34
, 49
, 158
, 198
, 9
, 54
, 153
, 204
, 3
, 135
, 72
, 3
, 204
, 64
, 143
, 48
, 159
, 198
, 9
, 117
, 90
, 199
, 8
, 200
, 7
, 117
, 90
, 56
, 151
, 5
, 202
, 131
, 76
, 99
, 108
, 138
, 69
, 160
, 47
, 153
, 54
, 15
, 192
, 146
, 61
, 142
, 65
, 98
, 109
, 82
, 125
, 202
, 5
, 190
, 17
, 57
, 150
, 46
, 161
, 141
, 66
, 68
, 139
, 74
, 133
, 82
, 125
, 20
, 187
, 68
, 139
, 90
, 117
, 155
, 52
, 200
, 7
, 57
, 150
, 202
, 5
, 10
, 197
, 126
, 81
, 11
, 196
, 8
, 199
, 138
, 69
, 190
, 17
, 70
, 137
, 63
, 144
, 23
, 184
, 124
, 83
, 144
, 63
, 128
, 79
, 199
, 8
, 116
, 91
, 58
, 149
, 188
, 19
, 176
, 31
, 14
, 193
, 103
, 104
, 155
, 52
, 39
, 168
, 52
, 155
, 135
, 72
, 15
, 192
, 71
, 136
, 135
, 72
, 73
, 134
, 65
, 142
, 59
, 148
, 86
, 121
, 122
, 85
, 184
, 23
, 164
, 43
, 186
, 21
, 96
, 111
, 93
, 114
, 179
, 28
, 191
, 16
, 20
, 187
, 185
, 22
, 150
, 57
, 123
, 84
, 167
, 40
, 195
, 12
, 80
, 127
, 107
, 100
, 138
, 69
, 119
, 88
, 106
, 101
, 145
, 62
, 186
, 21
, 50
, 157
, 182
, 25
, 174
, 33
, 82
, 125
, 49
, 158
, 62
, 145
, 161
, 46
, 166
, 41
, 59
, 148
, 173
, 34
, 177
, 30
, 113
, 94
, 173
, 34
, 91
, 116
, 161
, 46
, 109
, 98
, 15
, 192
, 67
, 140
, 123
, 84
, 55
, 152
, 127
, 80
, 30
, 177
, 97
, 110
, 183
, 24
, 95
, 112
, 134
, 73
, 135
, 72
, 205
, 2
, 197
, 10
, 163
, 44
, 154
, 53
, 50
, 157
, 185
, 22
, 51
, 156
, 118
, 89
, 195
, 12
, 180
, 27
, 107
, 100
, 126
, 81
, 137
, 70
, 34
, 173
, 140
, 67
, 109
, 98
, 141
, 66
, 98
, 109
, 186
, 21
, 91
, 116
, 121
, 86
, 49
, 158
, 133
, 74
, 2
, 205
, 134
, 73
, 21
, 186
, 108
, 99
, 158
, 49
, 119
, 88
, 131
, 76
, 114
, 93
, 199
, 8
, 79
, 128
, 167
, 40
, 52
, 155
, 27
, 180
, 35
, 172
, 119
, 88
, 75
, 132
, 148
, 59
, 82
, 125
, 196
, 11
, 110
, 97
, 9
, 198
, 74
, 133
, 143
, 64
, 4
, 203
, 204
, 3
, 79
, 128
, 30
, 177
, 125
, 82
, 188
, 19
, 172
, 35
, 195
, 12
, 129
, 78
, 160
, 47
, 70
, 137
, 190
, 17
, 162
, 45
, 53
, 154
, 43
, 164
, 61
, 146
, 12
, 195
, 59
, 148
, 50
, 157
, 107
, 100
, 89
, 118
, 163
, 44
, 150
, 57
, 153
, 54
, 119
, 88
, 131
, 76
, 64
, 143
, 103
, 104
, 51
, 156
, 169
, 38
, 78
, 129
, 87
, 120
, 184
, 23
, 56
, 151
, 81
, 126
, 72
, 135
, 131
, 76
, 165
, 42
, 121
, 86
, 29
, 178
, 99
, 108
, 196
, 11
, 11
, 196
, 85
, 122
, 42
, 165
, 29
, 178
, 141
, 66
, 7
, 200
, 13
, 194
, 86
, 121
, 57
, 150
, 201
, 6
, 46
, 161
, 45
, 162
, 112
, 95
, 67
, 140
, 26
, 181
, 201
, 6
, 115
, 92
, 99
, 108
, 69
, 138
, 145
, 62
, 141
, 66
, 32
, 175
, 88
, 119
, 175
, 32
, 58
, 149
, 28
, 179
, 93
, 114
, 146
, 61
, 110
, 97
, 190
, 17
, 59
, 148
, 106
, 101
, 143
, 64
, 144
, 63
, 130
, 77
, 81
, 126
, 64
, 143
, 92
, 115
, 151
, 56
, 146
, 61
, 163
, 44
, 145
, 62
, 57
, 150
, 107
, 100
, 51
, 156
, 32
, 175
, 109
, 98
, 75
, 132
, 61
, 146
, 84
, 123
, 98
, 109
, 94
, 113
, 166
, 41
, 35
, 172
, 194
, 13
, 197
, 10
, 164
, 43
, 133
, 74
, 192
, 15
, 135
, 72
, 18
, 189
, 80
, 127
, 128
, 79
, 27
, 180
, 55
, 152
, 162
, 45
, 72
, 135
, 135
, 72
, 107
, 100
, 137
, 70
, 21
, 186
, 6
, 201
, 1
, 206
, 161
, 46
, 174
, 33
, 112
, 95
, 61
, 146
, 132
, 75
, 104
, 103
, 42
, 165
, 86
, 121
, 182
, 25
, 130
, 77
, 189
, 18
, 93
, 114
, 100
, 107
, 95
, 112
, 165
, 42
, 27
, 180
, 5
, 202
, 97
, 110
, 57
, 150
, 5
, 202
, 205
, 2
, 167
, 40
, 106
, 101
, 94
, 113
, 66
, 141
, 1
, 206
, 42
, 165
, 48
, 159
, 47
, 160
, 149
, 58
, 190
, 17
, 102
, 105
, 135
, 72
, 52
, 155
, 158
, 49
, 4
, 203
, 198
, 9
, 159
, 48
, 99
, 108
, 79
, 128
, 88
, 119
, 141
, 66
, 14
, 193
, 8
, 199
, 79
, 128
, 48
, 159
, 40
, 167
, 196
, 11
, 175
, 32
, 154
, 53
, 201
, 6
, 108
, 99
, 122
, 85
, 106
, 101
, 133
, 74
, 81
, 126
, 122
, 85
, 40
, 167
, 84
, 123
, 38
, 169
, 7
, 200
, 4
, 203
, 158
, 49
, 185
, 22
, 108
, 99
, 87
, 120
, 94
, 113
, 135
, 72
, 36
, 171
, 128
, 79
, 51
, 156
, 74
, 133
, 188
, 19
, 112
, 95
, 86
, 121
, 97
, 110
, 77
, 130
, 52
, 155
, 145
, 62
, 42
, 165
, 30
, 177
, 154
, 53
, 154
, 53
, 18
, 189
, 172
, 35
, 15
, 192
, 18
, 189
, 89
, 118
, 59
, 148
, 186
, 21
, 91
, 116
, 107
, 100
, 160
, 47
, 75
, 132
, 202
, 5
, 195
, 12
, 205
, 2
, 103
, 104
, 117
, 90
, 189
, 18
, 39
, 168
, 20
, 187
, 42
, 165
, 109
, 98
, 161
, 46
, 157
, 50
, 89
, 118
, 98
, 109
, 63
, 144
, 25
, 182
, 39
, 168
, 156
, 51
, 48
, 159
, 73
, 134
, 31
, 176
, 5
, 202
, 116
, 91
, 89
, 118
, 204
, 3
, 113
, 94
, 44
, 163
, 60
, 147
, 7
, 200
, 86
, 121
, 180
, 27
, 36
, 171
, 35
, 172
, 131
, 76
, 3
, 204
, 164
, 43
, 50
, 157
, 153
, 54
, 128
, 79
, 137
, 70
, 25
, 182
, 162
, 45
, 36
, 171
, 158
, 49
, 172
, 35
, 153
, 54
, 59
, 148
, 70
, 137
, 52
, 155
, 83
, 124
, 107
, 100
, 25
, 182
, 43
, 164
, 30
, 177
, 44
, 163
, 22
, 185
, 172
, 35
, 11
, 196
, 197
, 10
, 91
, 116
, 52
, 155
, 27
, 180
, 4
, 203
, 154
, 53
, 172
, 35
, 58
, 149
, 193
, 14
, 157
, 50
, 45
, 162
, 152
, 55
, 131
, 76
, 190
, 17
, 5
, 202
, 151
, 56
, 37
, 170
, 179
, 28
, 52
, 155
, 58
, 149
, 3
, 204
, 16
, 191
, 96
, 111
, 130
, 77
, 159
, 48
, 72
, 135
, 110
, 97
, 71
, 136
, 15
, 192
, 83
, 124
, 83
, 124
, 196
, 11
, 82
, 125
, 109
, 98
, 74
, 133
, 109
, 98
, 40
, 167
, 193
, 14
, 70
, 137
, 140
, 67
, 50
, 157
, 16
, 191
, 118
, 89
, 42
, 165
, 28
, 179
, 59
, 148
, 142
, 65
, 111
, 96
, 13
, 194
, 54
, 153
, 137
, 70
, 60
, 147
, 137
, 70
, 108
, 99
, 192
, 15
, 111
, 96
, 134
, 73
, 112
, 95
, 85
, 122
, 5
, 202
, 195
, 12
, 44
, 163
, 43
, 164
, 205
, 2
, 178
, 29
, 132
, 75
, 62
, 145
, 14
, 193
, 27
, 180
, 186
, 21
, 184
, 23
, 108
, 99
, 28
, 179
, 80
, 127
, 102
, 105
, 106
, 101
, 61
, 146
, 202
, 5
, 88
, 119
, 16
, 191
, 44
, 163
, 38
, 169
, 164
, 43
, 162
, 45
, 134
, 73
, 56
, 151
, 154
, 53
, 22
, 185
, 47
, 160
, 17
, 190
, 182
, 25
, 137
, 70
, 126
, 81
, 77
, 130
, 82
, 125
, 147
, 60
, 5
, 202
, 137
, 70
, 159
, 48
, 192
, 15
, 194
, 13
, 98
, 109
, 105
, 102
, 55
, 152
, 14
, 193
, 30
, 177
, 113
, 94
, 81
, 126
, 8
, 199
, 116
, 91
, 195
, 12
, 194
, 13
, 175
, 32
, 143
, 64
, 41
, 166
, 24
, 183
, 20
, 187
, 89
, 118
, 9
, 198
, 41
, 166
, 131
, 76
, 38
, 169
, 200
, 7
, 173
, 34
, 150
, 57
, 119
, 88
, 15
, 192
, 136
, 71
, 37
, 170
, 189
, 18
, 86
, 121
, 165
, 42
, 204
, 3
, 88
, 119
, 22
, 185
, 62
, 145
, 31
, 176
, 71
, 136
, 184
, 23
, 168
, 39
, 55
, 152
, 201
, 6
, 174
, 33
, 135
, 72
, 135
, 72
, 127
, 80
, 133
, 74
, 122
, 85
, 87
, 120
, 85
, 122
, 161
, 46
, 96
, 111
, 111
, 96
, 178
, 29
, 65
, 142
, 26
, 181
, 40
, 167
, 139
, 68
, 132
, 75
, 36
, 171
, 14
, 193
, 160
, 47
, 64
, 143
, 165
, 42
, 142
, 65
, 202
, 5
, 107
, 100
, 62
, 145
, 62
, 145
, 175
, 32
, 111
, 96
, 9
, 198
, 37
, 170
, 74
, 133
, 109
, 98
, 69
, 138
, 121
, 86
, 175
, 32
, 49
, 158
, 57
, 150
, 177
, 30
, 186
, 21
, 15
, 192
, 54
, 153
, 46
, 161
, 49
, 158
, 70
, 137
, 199
, 8
, 76
, 131
, 13
, 194
, 83
, 124
, 118
, 89
, 151
, 56
, 83
, 124
, 195
, 12
, 161
, 46
, 202
, 5
, 133
, 74
, 92
, 115
, 18
, 189
, 136
, 71
, 151
, 56
, 130
, 77
, 89
, 118
, 5
, 202
, 123
, 84
, 162
, 45
, 53
, 154
, 101
, 106
, 47
, 160
, 137
, 70
, 143
, 64
, 94
, 113
, 61
, 146
, 162
, 45
, 16
, 191
, 196
, 11
, 45
, 162
, 91
, 116
, 108
, 99
, 133
, 74
, 197
, 10
, 28
, 179
, 11
, 196
, 205
, 2
, 198
, 9
, 16
, 191
, 117
, 90
, 30
, 177
, 113
, 94
, 112
, 95
, 23
, 184
, 126
, 81
, 96
, 111
, 70
, 137
, 165
, 42
, 81
, 126
, 96
, 111
, 145
, 62
, 112
, 95
, 58
, 149
, 39
, 168
, 55
, 152
, 164
, 43
, 75
, 132
, 156
, 51
, 202
, 5
, 3
, 204
, 100
, 107
, 159
, 48
, 135
, 72
, 4
, 203
, 23
, 184
, 19
, 188
, 161
, 46
, 125
, 82
, 36
, 171
, 194
, 13
, 74
, 133
, 83
, 124
, 92
, 115
, 37
, 170
, 168
, 39
, 100
, 107
, 25
, 182
, 162
, 45
, 133
, 74
, 70
, 137
, 134
, 73
, 177
, 30
, 25
, 182
, 131
, 76
, 116
, 91
, 88
, 119
, 145
, 62
, 39
, 168
, 74
, 133
, 37
, 170
, 160
, 47
, 51
, 156
, 133
, 74
, 106
, 101
, 198
, 9
, 70
, 137
, 52
, 155
, 24
, 183
, 189
, 18
, 134
, 73
, 33
, 174
, 34
, 173
, 162
, 45
, 151
, 56
, 108
, 99
, 8
, 199
, 121
, 86
, 36
, 171
, 121
, 86
, 16
, 191
, 101
, 106
, 74
, 133
, 167
, 40
, 27
, 180
, 135
, 72
, 196
, 11
, 40
, 167
, 25
, 182
, 24
, 183
, 121
, 86
, 23
, 184
, 64
, 143
, 160
, 47
, 3
, 204
, 7
, 200
, 87
, 120
, 95
, 112
, 126
, 81
, 97
, 110
, 68
, 139
, 20
, 187
, 160
, 47
, 190
, 17
, 80
, 127
, 76
, 131
, 14
, 193
, 25
, 182
, 147
, 60
, 116
, 91
, 50
, 157
, 25
, 182
, 198
, 9
, 97
, 110
, 109
, 98
, 127
, 80
, 175
, 32
, 58
, 149
, 118
, 89
, 93
, 114
, 83
, 124
, 32
, 175
, 12
, 195
, 92
, 115
, 168
, 39
, 178
, 29
, 120
, 87
, 31
, 176
, 110
, 97
, 74
, 133
, 90
, 117
, 185
, 22
, 93
, 114
, 138
, 69
, 174
, 33
, 107
, 100
, 201
, 6
, 184
, 23
, 36
, 171
, 204
, 3
, 131
, 76
, 146
, 61
, 117
, 90
, 157
, 50
, 101
, 106
, 61
, 146
, 62
, 145
, 94
, 113
, 55
, 152
, 65
, 142
, 137
, 70
, 104
, 103
, 42
, 165
, 40
, 167
, 99
, 108
, 152
, 55
, 106
, 101
, 168
, 39
, 56
, 151
, 54
, 153
, 141
, 66
, 36
, 171
, 55
, 152
, 131
, 76
, 85
, 122
, 149
, 58
, 162
, 45
, 86
, 121
, 134
, 73
, 36
, 171
, 24
, 183
, 63
, 144
, 109
, 98
, 116
, 91
, 26
, 181
, 203
, 4
, 17
, 190
, 121
, 86
, 116
, 91
, 130
, 77
, 162
, 45
, 156
, 51
, 29
, 178
, 185
, 22
, 201
, 6
, 198
, 9
, 125
, 82
, 147
, 60
, 178
, 29
, 58
, 149
, 198
, 9
, 19
, 188
, 151
, 56
, 80
, 127
, 94
, 113
, 130
, 77
, 204
, 3
, 193
, 14
, 100
, 107
, 140
, 67
, 25
, 182
, 56
, 151
, 64
, 143
, 202
, 5
, 33
, 174
, 125
, 82
, 118
, 89
, 164
, 43
, 133
, 74
, 63
, 144
, 88
, 119
, 198
, 9
, 22
, 185
, 41
, 166
, 143
, 64
, 161
, 46
, 50
, 157
, 7
, 200
, 23
, 184
, 61
, 146
, 162
, 45
, 159
, 48
, 176
, 31
, 9
, 198
, 125
, 82
, 38
, 169
, 203
, 4
, 166
, 41
, 73
, 134
, 86
, 121
, 29
, 178
, 15
, 192
, 103
, 104
, 196
, 11
, 82
, 125
, 11
, 196
, 50
, 157
, 126
, 81
, 43
, 164
, 164
, 43
, 55
, 152
, 72
, 135
, 50
, 157
, 22
, 185
, 165
, 42
, 153
, 54
, 111
, 96
, 180
, 27
, 84
, 123
, 88
, 119
, 63
, 144
, 154
, 53
, 105
, 102
, 83
, 124
, 119
, 88
, 192
, 15
, 56
, 151
, 93
, 114
, 37
, 170
, 3
, 204
, 193
, 14
, 108
, 99
, 144
, 63
, 175
, 32
, 79
, 128
, 61
, 146
, 117
, 90
, 117
, 90
, 170
, 37
, 36
, 171
, 171
, 36
, 76
, 131
, 55
, 152
, 151
, 56
, 111
, 96
, 140
, 67
, 14
, 193
, 106
, 101
, 137
, 70
, 123
, 84
, 45
, 162
, 67
, 140
, 203
, 4
, 67
, 140
, 6
, 201
, 73
, 134
, 160
, 47
, 14
, 193
, 77
, 130
, 147
, 60
, 17
, 190
, 108
, 99
, 125
, 82
, 19
, 188
, 50
, 157
, 116
, 91
, 104
, 103
, 106
, 101
, 107
, 100
, 149
, 58
, 21
, 186
, 169
, 38
, 15
, 192
, 102
, 105
, 197
, 10
, 172
, 35
, 144
, 63
, 105
, 102
, 152
, 55
, 157
, 50
, 44
, 163
, 21
, 186
, 176
, 31
, 118
, 89
, 11
, 196
, 105
, 102
, 65
, 142
, 52
, 155
, 35
, 172
, 165
, 42
, 171
, 36
, 173
, 34
, 23
, 184
, 135
, 72
, 204
, 3
, 119
, 88
, 55
, 152
, 15
, 192
, 143
, 64
, 11
, 196
, 198
, 9
, 17
, 190
, 192
, 15
, 3
, 204
, 147
, 60
, 183
, 24
, 173
, 34
, 158
, 49
, 6
, 201
, 167
, 40
, 37
, 170
, 181
, 26
, 67
, 140
, 27
, 180
, 120
, 87
, 141
, 66
, 48
, 159
, 56
, 151
, 113
, 94
, 118
, 89
, 160
, 47
, 42
, 165
, 12
, 195
, 73
, 134
, 85
, 122
, 24
, 183
, 136
, 71
, 166
, 41
, 195
, 12
, 146
, 61
, 147
, 60
, 185
, 22
, 102
, 105
, 155
, 52
, 131
, 76
, 1
, 206
, 179
, 28
, 87
, 120
, 32
, 175
, 198
, 9
, 86
, 121
, 150
, 57
, 173
, 34
, 50
, 157
, 128
, 79
, 130
, 77
, 145
, 62
, 130
, 77
, 116
, 91
, 136
, 71
, 79
, 128
, 48
, 159
, 105
, 102
, 41
, 166
, 62
, 145
, 192
, 15
, 125
, 82
, 111
, 96
, 79
, 128
, 52
, 155
, 114
, 93
, 183
, 24
, 202
, 5
, 156
, 51
, 75
, 132
, 6
, 201
, 61
, 146
, 16
, 191
, 145
, 62
, 58
, 149
, 98
, 109
, 81
, 126
, 66
, 141
, 78
, 129
, 95
, 112
, 96
, 111
, 78
, 129
, 74
, 133
, 1
, 206
, 201
, 6
, 189
, 18
, 65
, 142
, 41
, 166
, 65
, 142
, 18
, 189
, 41
, 166
, 158
, 49
, 106
, 101
, 160
, 47
, 131
, 76
, 12
, 195
, 81
, 126
, 19
, 188
, 100
, 107
, 127
, 80
, 182
, 25
, 44
, 163
, 150
, 57
, 12
, 195
, 36
, 171
, 201
, 6
, 68
, 139
, 180
, 27
, 139
, 68
, 189
, 18
, 71
, 136
, 78
, 129
, 22
, 185
, 127
, 80
, 193
, 14
, 6
, 201
, 103
, 104
, 73
, 134
, 106
, 101
, 137
, 70
, 105
, 102
, 133
, 74
, 83
, 124
, 198
, 9
, 23
, 184
, 72
, 135
, 91
, 116
, 54
, 153
, 73
, 134
, 170
, 37
, 75
, 132
, 184
, 23
, 61
, 146
, 100
, 107
, 58
, 149
, 198
, 9
, 102
, 105
, 205
, 2
, 81
, 126
, 98
, 109
, 87
, 120
, 100
, 107
, 15
, 192
, 2
, 205
, 60
, 147
, 113
, 94
, 77
, 130
, 96
, 111
, 15
, 192
, 182
, 25
, 200
, 7
, 78
, 129
, 31
, 176
, 52
, 155
, 187
, 20
, 176
, 31
, 117
, 90
, 149
, 58
, 129
, 78
, 62
, 145
, 192
, 15
, 39
, 168
, 5
, 202
, 108
, 99
, 77
, 130
, 170
, 37
, 22
, 185
, 164
, 43
, 7
, 200
, 14
, 193
, 140
, 67
, 99
, 108
, 47
, 160
, 79
, 128
, 197
, 10
, 106
, 101
, 203
, 4
, 183
, 24
, 63
, 144
, 118
, 89
, 146
, 61
, 175
, 32
, 91
, 116
, 23
, 184
, 172
, 35
, 107
, 100
, 88
, 119
, 121
, 86
, 131
, 76
, 83
, 124
, 189
, 18
, 7
, 200
, 112
, 95
, 92
, 115
, 72
, 135
, 123
, 84
, 142
, 65
, 50
, 157
, 157
, 50
, 146
, 61
, 36
, 171
, 111
, 96
, 146
, 61
, 141
, 66
, 41
, 166
, 174
, 33
, 86
, 121
, 125
, 82
, 49
, 158
, 133
, 74
, 89
, 118
, 66
, 141
, 50
, 157
, 150
, 57
, 103
, 104
, 113
, 94
, 149
, 58
, 198
, 9
, 151
, 56
, 32
, 175
, 24
, 183
, 141
, 66
, 151
, 56
, 202
, 5
, 29
, 178
, 28
, 179
, 11
, 196
, 68
, 139
, 142
, 65
, 78
, 129
, 137
, 70
, 168
, 39
, 129
, 78
, 192
, 15
, 99
, 108
, 117
, 90
, 189
, 18
, 16
, 191
, 174
, 33
, 28
, 179
, 144
, 63
, 69
, 138
, 156
, 51
, 36
, 171
, 117
, 90
, 123
, 84
, 123
, 84
, 126
, 81
, 3
, 204
, 178
, 29
, 39
, 168
, 25
, 182
, 29
, 178
, 103
, 104
, 44
, 163
, 36
, 171
, 9
, 198
, 124
, 83
, 199
, 8
, 78
, 129
, 184
, 23
, 161
, 46
, 13
, 194
, 78
, 129
, 201
, 6
, 171
, 36
, 128
, 79
, 43
, 164
, 57
, 150
, 32
, 175
, 38
, 169
, 161
, 46
, 78
, 129
, 35
, 172
, 80
, 127
, 152
, 55
, 68
, 139
, 108
, 99
, 177
, 30
, 158
, 49
, 65
, 142
, 89
, 118
, 7
, 200
, 26
, 181
, 77
, 130
, 28
, 179
, 44
, 163
, 196
, 11
, 122
, 85
, 150
, 57
, 36
, 171
, 41
, 166
, 132
, 75
, 142
, 65
, 58
, 149
, 79
, 128
, 115
, 92
, 54
, 153
, 13
, 194
, 154
, 53
, 201
, 6
, 194
, 13
, 53
, 154
, 48
, 159
, 197
, 10
, 197
, 10
, 149
, 58
, 187
, 20
, 10
, 197
, 186
, 21
, 59
, 148
, 100
, 107
, 130
, 77
, 97
, 110
, 7
, 200
, 192
, 15
, 87
, 120
, 11
, 196
, 127
, 80
, 46
, 161
, 175
, 32
, 117
, 90
, 13
, 194
, 9
, 198
, 178
, 29
, 121
, 86
, 110
, 97
, 121
, 86
, 54
, 153
, 108
, 99
, 93
, 114
, 95
, 112
, 107
, 100
, 75
, 132
, 114
, 93
, 157
, 50
, 18
, 189
, 5
, 202
, 161
, 46
, 196
, 11
, 81
, 126
, 72
, 135
, 38
, 169
, 146
, 61
, 84
, 123
, 34
, 173
, 19
, 188
, 86
, 121
, 131
, 76
, 177
, 30
, 157
, 50
, 106
, 101
, 117
, 90
, 67
, 140
, 164
, 43
, 172
, 35
, 60
, 147
, 147
, 60
, 177
, 30
, 69
, 138
, 122
, 85
, 45
, 162
, 8
, 199
, 129
, 78
, 30
, 177
, 29
, 178
, 159
, 48
, 157
, 50
, 64
, 143
, 105
, 102
, 29
, 178
, 205
, 2
, 192
, 15
, 124
, 83
, 144
, 63
, 37
, 170
, 204
, 3
, 42
, 165
, 4
, 203
, 197
, 10
, 188
, 19
, 122
, 85
, 63
, 144
, 33
, 174
, 113
, 94
, 116
, 91
, 87
, 120
, 195
, 12
, 20
, 187
, 17
, 190
, 40
, 167
, 151
, 56
, 100
, 107
, 43
, 164
, 169
, 38
, 177
, 30
, 200
, 7
, 201
, 6
, 145
, 62
, 46
, 161
, 67
, 140
, 86
, 121
, 3
, 204
, 3
, 204
, 97
, 110
, 140
, 67
, 165
, 42
, 26
, 181
, 181
, 26
, 119
, 88
, 95
, 112
, 197
, 10
, 110
, 97
, 18
, 189
, 4
, 203
, 123
, 84
, 102
, 105
, 202
, 5
, 94
, 113
, 165
, 42
, 38
, 169
, 117
, 90
, 72
, 135
, 76
, 131
, 155
, 52
, 27
, 180
, 115
, 92
, 87
, 120
, 153
, 54
, 188
, 19
, 104
, 103
, 48
, 159
, 107
, 100
, 58
, 149
, 74
, 133
, 118
, 89
, 5
, 202
, 24
, 183
, 14
, 193
, 50
, 157
, 108
, 99
, 116
, 91
, 203
, 4
, 200
, 7
, 64
, 143
, 114
, 93
, 16
, 191
, 138
, 69
, 146
, 61
, 193
, 14
, 69
, 138
, 201
, 6
, 52
, 155
, 40
, 167
, 136
, 71
, 171
, 36
, 40
, 167
, 78
, 129
, 177
, 30
, 103
, 104
, 129
, 78
, 65
, 142
, 41
, 166
, 80
, 127
, 63
, 144
, 143
, 64
, 173
, 34
, 198
, 9
, 187
, 20
, 185
, 22
, 103
, 104
, 138
, 69
, 73
, 134
, 158
, 49
, 28
, 179
, 203
, 4
, 44
, 163
, 32
, 175
, 127
, 80
, 86
, 121
, 150
, 57
, 78
, 129
, 169
, 38
, 105
, 102
, 40
, 167
, 165
, 42
, 87
, 120
, 55
, 152
, 161
, 46
, 190
, 17
, 28
, 179
, 46
, 161
, 99
, 108
, 10
, 197
, 90
, 117
, 127
, 80
, 197
, 10
, 64
, 143
, 177
, 30
, 128
, 79
, 122
, 85
, 13
, 194
, 9
, 198
, 195
, 12
, 203
, 4
, 49
, 158
, 192
, 15
, 135
, 72
, 18
, 189
, 149
, 58
, 35
, 172
, 11
, 196
, 61
, 146
, 158
, 49
, 197
, 10
, 155
, 52
, 82
, 125
, 159
, 48
, 137
, 70
, 74
, 133
, 68
, 139
, 158
, 49
, 197
, 10
, 76
, 131
, 97
, 110
, 176
, 31
, 193
, 14
, 66
, 141
, 164
, 43
, 112
, 95
, 32
, 175
, 41
, 166
, 107
, 100
, 9
, 198
, 147
, 60
, 20
, 187
, 15
, 192
, 32
, 175
, 199
, 8
, 158
, 49
, 23
, 184
, 172
, 35
, 150
, 57
, 32
, 175
, 107
, 100
, 17
, 190
, 104
, 103
, 146
, 61
, 82
, 125
, 101
, 106
, 189
, 18
, 104
, 103
, 56
, 151
, 81
, 126
, 203
, 4
, 154
, 53
, 116
, 91
, 120
, 87
, 96
, 111
, 136
, 71
, 94
, 113
, 25
, 182
, 90
, 117
, 113
, 94
, 127
, 80
, 121
, 86
, 93
, 114
, 10
, 197
, 180
, 27
, 146
, 61
, 18
, 189
, 37
, 170
, 126
, 81
, 106
, 101
, 131
, 76
, 119
, 88
, 157
, 50
, 117
, 90
, 37
, 170
, 65
, 142
, 58
, 149
, 7
, 200
, 109
, 98
, 169
, 38
, 131
, 76
, 110
, 97
, 143
, 64
, 60
, 147
, 141
, 66
, 15
, 192
, 126
, 81
, 175
, 32
, 140
, 67
, 44
, 163
, 101
, 106
, 191
, 16
, 40
, 167
, 123
, 84
, 131
, 76
, 103
, 104
, 143
, 64
, 157
, 50
, 147
, 60
, 61
, 146
, 45
, 162
, 115
, 92
, 159
, 48
, 112
, 95
, 153
, 54
, 152
, 55
, 3
, 204
, 127
, 80
, 26
, 181
, 137
, 70
, 154
, 53
, 40
, 167
, 31
, 176
, 21
, 186
, 192
, 15
, 68
, 139
, 181
, 26
, 188
, 19
, 96
, 111
, 60
, 147
, 60
, 147
, 68
, 139
, 46
, 161
, 189
, 18
, 143
, 64
, 26
, 181
, 49
, 158
, 121
, 86
, 85
, 122
, 113
, 94
, 162
, 45
, 68
, 139
, 152
, 55
, 2
, 205
, 72
, 135
, 160
, 47
, 45
, 162
, 10
, 197
, 167
, 40
, 156
, 51
, 65
, 142
, 153
, 54
, 181
, 26
, 144
, 63
, 203
, 4
, 54
, 153
, 72
, 135
, 86
, 121
, 197
, 10
, 17
, 190
, 162
, 45
, 111
, 96
, 200
, 7
, 102
, 105
, 160
, 47
, 72
, 135
, 142
, 65
, 170
, 37
, 168
, 39
, 175
, 32
, 166
, 41
, 199
, 8
, 150
, 57
, 86
, 121
, 29
, 178
, 89
, 118
, 69
, 138
, 175
, 32
, 183
, 24
, 115
, 92
, 122
, 85
, 55
, 152
, 126
, 81
, 14
, 193
, 130
, 77
, 141
, 66
, 194
, 13
, 67
, 140
, 174
, 33
, 204
, 3
, 134
, 73
, 178
, 29
, 98
, 109
, 50
, 157
, 125
, 82
, 35
, 172
, 91
, 116
, 59
, 148
, 98
, 109
, 161
, 46
, 135
, 72
, 138
, 69
, 131
, 76
, 68
, 139
, 194
, 13
, 76
, 131
, 48
, 159
, 108
, 99
, 83
, 124
, 9
, 198
, 161
, 46
, 28
, 179
, 107
, 100
, 63
, 144
, 59
, 148
, 168
, 39
, 36
, 171
, 26
, 181
, 4
, 203
, 43
, 164
, 35
, 172
, 87
, 120
, 115
, 92
, 17
, 190
, 142
, 65
, 187
, 20
, 25
, 182
, 82
, 125
, 184
, 23
, 162
, 45
, 73
, 134
, 147
, 60
, 170
, 37
, 134
, 73
, 191
, 16
, 25
, 182
, 136
, 71
, 189
, 18
, 40
, 167
, 175
, 32
, 129
, 78
, 123
, 84
, 37
, 170
, 65
, 142
, 153
, 54
, 15
, 192
, 122
, 85
, 125
, 82
, 40
, 167
, 158
, 49
, 169
, 38
, 110
, 97
, 99
, 108
, 31
, 176
, 9
, 198
, 185
, 22
, 143
, 64
, 39
, 168
, 41
, 166
, 75
, 132
, 163
, 44
, 76
, 131
, 115
, 92
, 14
, 193
, 170
, 37
, 25
, 182
, 91
, 116
, 169
, 38
, 60
, 147
, 6
, 201
, 114
, 93
, 61
, 146
, 18
, 189
, 41
, 166
, 192
, 15
, 44
, 163
, 97
, 110
, 25
, 182
, 205
, 2
, 91
, 116
, 151
, 56
, 27
, 180
, 93
, 114
, 167
, 40
, 205
, 2
, 158
, 49
, 145
, 62
, 142
, 65
, 11
, 196
, 126
, 81
, 51
, 156
, 65
, 142
, 13
, 194
, 115
, 92
, 1
, 206
, 5
, 202
, 185
, 22
, 86
, 121
, 187
, 20
, 46
, 161
, 114
, 93
, 174
, 33
, 30
, 177
, 201
, 6
, 184
, 23
, 10
, 197
, 154
, 53
, 10
, 197
, 153
, 54
, 121
, 86
, 72
, 135
, 116
, 91
, 166
, 41
, 157
, 50
, 2
, 205
, 76
, 131
, 168
, 39
, 30
, 177
, 164
, 43
, 94
, 113
, 42
, 165
, 146
, 61
, 142
, 65
, 102
, 105
, 32
, 175
, 32
, 175
, 32
, 175
, 55
, 152
, 181
, 26
, 6
, 201
, 128
, 79
, 113
, 94
, 161
, 46
, 191
, 16
, 100
, 107
, 19
, 188
, 178
, 29
, 16
, 191
, 46
, 161
, 173
, 34
, 200
, 7
, 110
, 97
, 36
, 171
, 19
, 188
, 163
, 44
, 184
, 23
, 15
, 192
, 86
, 121
, 154
, 53
, 88
, 119
, 203
, 4
, 2
, 205
, 164
, 43
, 107
, 100
, 178
, 29
, 119
, 88
, 204
, 3
, 151
, 56
, 164
, 43
, 21
, 186
, 129
, 78
, 45
, 162
, 195
, 12
, 14
, 193
, 133
, 74
, 116
, 91
, 133
, 74
, 84
, 123
, 170
, 37
, 89
, 118
, 204
, 3
, 171
, 36
, 93
, 114
, 104
, 103
, 21
, 186
, 76
, 131
, 57
, 150
, 137
, 70
, 8
, 199
, 93
, 114
, 87
, 120
, 85
, 122
, 165
, 42
, 56
, 151
, 22
, 185
, 172
, 35
, 196
, 11
, 164
, 43
, 101
, 106
, 59
, 148
, 86
, 121
, 179
, 28
, 177
, 30
, 192
, 15
, 3
, 204
, 40
, 167
, 115
, 92
, 102
, 105
, 45
, 162
, 167
, 40
, 21
, 186
, 85
, 122
, 24
, 183
, 71
, 136
, 187
, 20
, 172
, 35
, 192
, 15
, 13
, 194
, 183
, 24
, 184
, 23
, 205
, 2
, 185
, 22
, 147
, 60
, 143
, 64
, 157
, 50
, 58
, 149
, 114
, 93
, 144
, 63
, 156
, 51
, 64
, 143
, 24
, 183
, 185
, 22
, 146
, 61
, 110
, 97
, 2
, 205
, 182
, 25
, 148
, 59
, 46
, 161
, 78
, 129
, 88
, 119
, 25
, 182
, 89
, 118
, 144
, 63
, 104
, 103
, 113
, 94
, 101
, 106
, 142
, 65
, 75
, 132
, 115
, 92
, 35
, 172
, 39
, 168
, 128
, 79
, 140
, 67
, 120
, 87
, 34
, 173
, 90
, 117
, 91
, 116
, 34
, 173
, 15
, 192
, 188
, 19
, 166
, 41
, 198
, 9
, 119
, 88
, 59
, 148
, 14
, 193
, 116
, 91
, 80
, 127
, 131
, 76
, 123
, 84
, 1
, 206
, 121
, 86
, 97
, 110
, 190
, 17
, 173
, 34
, 168
, 39
, 185
, 22
, 187
, 20
, 180
, 27
, 201
, 6
, 66
, 141
, 149
, 58
, 63
, 144
, 56
, 151
, 5
, 202
, 158
, 49
, 99
, 108
, 119
, 88
, 189
, 18
, 146
, 61
, 66
, 141
, 42
, 165
, 145
, 62
, 12
, 195
, 46
, 161
, 48
, 159
, 182
, 25
, 37
, 170
, 11
, 196
, 22
, 185
, 115
, 92
, 164
, 43
, 109
, 98
, 111
, 96
, 10
, 197
, 32
, 175
, 167
, 40
, 138
, 69
, 13
, 194
, 153
, 54
, 129
, 78
, 133
, 74
, 149
, 58
, 109
, 98
, 186
, 21
, 133
, 74
, 150
, 57
, 74
, 133
, 103
, 104
, 124
, 83
, 49
, 158
, 116
, 91
, 117
, 90
, 148
, 59
, 5
, 202
, 23
, 184
, 15
, 192
, 19
, 188
, 189
, 18
, 147
, 60
, 66
, 141
, 21
, 186
, 162
, 45
, 81
, 126
, 59
, 148
, 99
, 108
, 90
, 117
, 123
, 84
, 155
, 52
, 155
, 52
, 44
, 163
, 4
, 203
, 198
, 9
, 205
, 2
, 191
, 16
, 24
, 183
, 1
, 206
, 92
, 115
, 130
, 77
, 23
, 184
, 131
, 76
, 169
, 38
, 30
, 177
, 28
, 179
, 143
, 64
, 172
, 35
, 186
, 21
, 109
, 98
, 74
, 133
, 131
, 76
, 90
, 117
, 58
, 149
, 91
, 116
, 58
, 149
, 77
, 130
, 9
, 198
, 173
, 34
, 57
, 150
, 18
, 189
, 99
, 108
, 59
, 148
, 91
, 116
, 156
, 51
, 14
, 193
, 15
, 192
, 188
, 19
, 124
, 83
, 28
, 179
, 143
, 64
, 65
, 142
, 80
, 127
, 76
, 131
, 53
, 154
, 74
, 133
, 24
, 183
, 197
, 10
, 174
, 33
, 111
, 96
, 102
, 105
, 97
, 110
, 165
, 42
, 84
, 123
, 80
, 127
, 157
, 50
, 87
, 120
, 32
, 175
, 50
, 157
, 84
, 123
, 119
, 88
, 84
, 123
, 39
, 168
, 194
, 13
, 26
, 181
, 9
, 198
, 120
, 87
, 3
, 204
, 191
, 16
, 101
, 106
, 110
, 97
, 98
, 109
, 11
, 196
, 95
, 112
, 36
, 171
, 155
, 52
, 119
, 88
, 162
, 45
, 117
, 90
, 12
, 195
, 95
, 112
, 160
, 47
, 20
, 187
, 71
, 136
, 157
, 50
, 41
, 166
, 28
, 179
, 6
, 201
, 203
, 4
, 41
, 166
, 77
, 130
, 141
, 66
, 104
, 103
, 134
, 73
, 19
, 188
, 22
, 185
, 186
, 21
, 112
, 95
, 135
, 72
, 54
, 153
, 76
, 131
, 88
, 119
, 125
, 82
, 29
, 178
, 139
, 68
, 148
, 59
, 184
, 23
, 192
, 15
, 159
, 48
, 103
, 104
, 48
, 159
, 178
, 29
, 111
, 96
, 176
, 31
, 162
, 45
, 15
, 192
, 154
, 53
, 59
, 148
, 75
, 132
, 108
, 99
, 155
, 52
, 130
, 77
, 205
, 2
, 61
, 146
, 181
, 26
, 172
, 35
, 36
, 171
, 83
, 124
, 15
, 192
, 36
, 171
, 152
, 55
, 52
, 155
, 125
, 82
, 111
, 96
, 103
, 104
, 99
, 108
, 152
, 55
, 15
, 192
, 25
, 182
, 159
, 48
, 129
, 78
, 152
, 55
, 72
, 135
, 110
, 97
, 63
, 144
, 37
, 170
, 127
, 80
, 139
, 68
, 108
, 99
, 19
, 188
, 15
, 192
, 128
, 79
, 33
, 174
, 15
, 192
, 168
, 39
, 187
, 20
, 108
, 99
, 146
, 61
, 30
, 177
, 146
, 61
, 174
, 33
, 170
, 37
, 177
, 30
, 151
, 56
, 95
, 112
, 106
, 101
, 116
, 91
, 38
, 169
, 82
, 125
, 144
, 63
, 144
, 63
, 17
, 190
, 142
, 65
, 33
, 174
, 194
, 13
, 63
, 144
, 134
, 73
, 143
, 64
, 135
, 72
, 93
, 114
, 177
, 30
, 32
, 175
, 79
, 128
, 110
, 97
, 140
, 67
, 41
, 166
, 52
, 155
, 59
, 148
, 12
, 195
, 194
, 13
, 121
, 86
, 57
, 150
, 58
, 149
, 17
, 190
, 49
, 158
, 44
, 163
, 175
, 32
, 29
, 178
, 133
, 74
, 69
, 138
, 15
, 192
, 148
, 59
, 201
, 6
, 40
, 167
, 170
, 37
, 117
, 90
, 59
, 148
, 23
, 184
, 166
, 41
, 13
, 194
, 105
, 102
, 45
, 162
, 1
, 206
, 84
, 123
, 45
, 162
, 1
, 206
, 94
, 113
, 84
, 123
, 123
, 84
, 33
, 174
, 100
, 107
, 1
, 206
, 161
, 46
, 21
, 186
, 134
, 73
, 71
, 136
, 144
, 63
, 17
, 190
, 134
, 73
, 121
, 86
, 71
, 136
, 2
, 205
, 71
, 136
, 59
, 148
, 90
, 117
, 53
, 154
, 133
, 74
, 81
, 126
, 103
, 104
, 132
, 75
, 14
, 193
, 180
, 27
, 57
, 150
, 45
, 162
, 14
, 193
, 148
, 59
, 113
, 94
, 18
, 189
, 200
, 7
, 98
, 109
, 86
, 121
, 72
, 135
, 205
, 2
, 161
, 46
, 205
, 2
, 194
, 13
, 107
, 100
, 127
, 80
, 131
, 76
, 77
, 130
, 82
, 125
, 145
, 62
, 155
, 52
, 27
, 180
, 61
, 146
, 18
, 189
, 50
, 157
, 196
, 11
, 204
, 3
, 163
, 44
, 7
, 200
, 160
, 47
, 7
, 200
, 153
, 54
, 180
, 27
, 27
, 180
, 9
, 198
, 123
, 84
, 22
, 185
, 178
, 29
, 122
, 85
, 198
, 9
, 22
, 185
, 43
, 164
, 181
, 26
, 156
, 51
, 181
, 26
, 143
, 64
, 178
, 29
, 158
, 49
, 127
, 80
, 169
, 38
, 189
, 18
, 7
, 200
, 41
, 166
, 94
, 113
, 2
, 205
, 180
, 27
, 195
, 12
, 1
, 206
, 34
, 173
, 22
, 185
, 85
, 122
, 44
, 163
, 182
, 25
, 22
, 185
, 52
, 155
, 122
, 85
, 28
, 179
, 141
, 66
, 199
, 8
, 144
, 63
, 116
, 91
, 204
, 3
, 164
, 43
, 143
, 64
, 199
, 8
, 52
, 155
, 75
, 132
, 123
, 84
, 49
, 158
, 90
, 117
, 81
, 126
, 7
, 200
, 133
, 74
, 67
, 140
, 134
, 73
, 179
, 28
, 90
, 117
, 172
, 35
, 162
, 45
, 69
, 138
, 18
, 189
, 102
, 105
, 37
, 170
, 144
, 63
, 32
, 175
, 36
, 171
, 205
, 2
, 199
, 8
, 58
, 149
, 49
, 158
, 109
, 98
, 127
, 80
, 97
, 110
, 1
, 206
, 80
, 127
, 172
, 35
, 125
, 82
, 189
, 18
, 65
, 142
, 76
, 131
, 6
, 201
, 121
, 86
, 59
, 148
, 123
, 84
, 8
, 199
, 119
, 88
, 121
, 86
, 76
, 131
, 185
, 22
, 70
, 137
, 54
, 153
, 194
, 13
, 199
, 8
, 109
, 98
, 95
, 112
, 79
, 128
, 151
, 56
, 54
, 153
, 60
, 147
, 22
, 185
, 148
, 59
, 196
, 11
, 95
, 112
, 139
, 68
, 177
, 30
, 139
, 68
, 31
, 176
, 172
, 35
, 13
, 194
, 26
, 181
, 151
, 56
, 76
, 131
, 9
, 198
, 70
, 137
, 145
, 62
, 118
, 89
, 113
, 94
, 119
, 88
, 5
, 202
, 94
, 113
, 35
, 172
, 189
, 18
, 119
, 88
, 121
, 86
, 143
, 64
, 125
, 82
, 195
, 12
, 116
, 91
, 14
, 193
, 205
, 2
, 116
, 91
, 97
, 110
, 62
, 145
, 75
, 132
, 128
, 79
, 41
, 166
, 44
, 163
, 148
, 59
, 89
, 118
, 67
, 140
, 66
, 141
, 58
, 149
, 155
, 52
, 103
, 104
, 189
, 18
, 53
, 154
, 55
, 152
, 42
, 165
, 121
, 86
, 29
, 178
, 129
, 78
, 28
, 179
, 122
, 85
, 156
, 51
, 61
, 146
, 137
, 70
, 53
, 154
, 8
, 199
, 174
, 33
, 194
, 13
, 158
, 49
, 83
, 124
, 88
, 119
, 151
, 56
, 113
, 94
, 189
, 18
, 70
, 137
, 66
, 141
, 149
, 58
, 25
, 182
, 163
, 44
, 170
, 37
, 194
, 13
, 176
, 31
, 142
, 65
, 1
, 206
, 40
, 167
, 190
, 17
, 137
, 70
, 59
, 148
, 99
, 108
, 2
, 205
, 121
, 86
, 203
, 4
, 110
, 97
, 176
, 31
, 67
, 140
, 94
, 113
, 107
, 100
, 38
, 169
, 25
, 182
, 160
, 47
, 59
, 148
, 113
, 94
, 173
, 34
, 105
, 102
, 55
, 152
, 98
, 109
, 38
, 169
, 15
, 192
, 81
, 126
, 165
, 42
, 64
, 143
, 174
, 33
, 190
, 17
, 92
, 115
, 141
, 66
, 180
, 27
, 7
, 200
, 1
, 206
, 102
, 105
, 73
, 134
, 43
, 164
, 159
, 48
, 131
, 76
, 172
, 35
, 57
, 150
, 149
, 58
, 100
, 107
, 109
, 98
, 141
, 66
, 139
, 68
, 141
, 66
, 98
, 109
, 134
, 73
, 29
, 178
, 188
, 19
, 118
, 89
, 202
, 5
, 103
, 104
, 62
, 145
, 140
, 67
, 39
, 168
, 204
, 3
, 53
, 154
, 146
, 61
, 15
, 192
, 181
, 26
, 149
, 58
, 62
, 145
, 154
, 53
, 159
, 48
, 77
, 130
, 146
, 61
, 4
, 203
, 193
, 14
, 119
, 88
, 174
, 33
, 46
, 161
, 188
, 19
, 134
, 73
, 132
, 75
, 131
, 76
, 179
, 28
, 67
, 140
, 154
, 53
, 90
, 117
, 121
, 86
, 31
, 176
, 120
, 87
, 1
, 206
, 122
, 85
, 128
, 79
, 51
, 156
, 32
, 175
, 176
, 31
, 112
, 95
, 76
, 131
, 117
, 90
, 117
, 90
, 16
, 191
, 129
, 78
, 111
, 96
, 60
, 147
, 117
, 90
, 198
, 9
, 95
, 112
, 95
, 112
, 157
, 50
, 198
, 9
, 75
, 132
, 17
, 190
, 159
, 48
, 100
, 107
, 33
, 174
, 99
, 108
, 196
, 11
, 170
, 37
, 62
, 145
, 129
, 78
, 195
, 12
, 74
, 133
, 37
, 170
, 91
, 116
, 92
, 115
, 55
, 152
, 73
, 134
, 60
, 147
, 110
, 97
, 36
, 171
, 86
, 121
, 68
, 139
, 97
, 110
, 177
, 30
, 177
, 30
, 84
, 123
, 22
, 185
, 183
, 24
, 23
, 184
, 149
, 58
, 161
, 46
, 40
, 167
, 62
, 145
, 189
, 18
, 186
, 21
, 63
, 144
, 109
, 98
, 21
, 186
, 94
, 113
, 36
, 171
, 25
, 182
, 192
, 15
, 100
, 107
, 173
, 34
, 37
, 170
, 178
, 29
, 68
, 139
, 42
, 165
, 53
, 154
, 139
, 68
, 106
, 101
, 121
, 86
, 79
, 128
, 121
, 86
, 31
, 176
, 30
, 177
, 195
, 12
, 133
, 74
, 131
, 76
, 150
, 57
, 138
, 69
, 179
, 28
, 8
, 199
, 137
, 70
, 94
, 113
, 140
, 67
, 124
, 83
, 11
, 196
, 109
, 98
, 82
, 125
, 114
, 93
, 2
, 205
, 79
, 128
, 47
, 160
, 134
, 73
, 111
, 96
, 181
, 26
, 90
, 117
, 71
, 136
, 7
, 200
, 23
, 184
, 164
, 43
, 29
, 178
, 175
, 32
, 107
, 100
, 7
, 200
, 203
, 4
, 201
, 6
, 12
, 195
, 156
, 51
, 71
, 136
, 110
, 97
, 54
, 153
, 124
, 83
, 155
, 52
, 42
, 165
, 26
, 181
, 163
, 44
, 33
, 174
, 172
, 35
, 93
, 114
, 129
, 78
, 63
, 144
, 165
, 42
, 118
, 89
, 158
, 49
, 13
, 194
, 14
, 193
, 91
, 116
, 36
, 171
, 196
, 11
, 180
, 27
, 179
, 28
, 146
, 61
, 21
, 186
, 199
, 8
, 7
, 200
, 101
, 106
, 136
, 71
, 1
, 206
, 27
, 180
, 47
, 160
, 22
, 185
, 180
, 27
, 114
, 93
, 205
, 2
, 198
, 9
, 162
, 45
, 131
, 76
, 71
, 136
, 50
, 157
, 16
, 191
, 113
, 94
, 116
, 91
, 17
, 190
, 167
, 40
, 181
, 26
, 88
, 119
, 196
, 11
, 172
, 35
, 157
, 50
, 108
, 99
, 98
, 109
, 76
, 131
, 204
, 3
, 52
, 155
, 72
, 135
, 30
, 177
, 167
, 40
, 76
, 131
, 40
, 167
, 157
, 50
, 102
, 105
, 68
, 139
, 4
, 203
, 57
, 150
, 102
, 105
, 184
, 23
, 76
, 131
, 1
, 206
, 144
, 63
, 120
, 87
, 23
, 184
, 36
, 171
, 142
, 65
, 148
, 59
, 38
, 169
, 188
, 19
, 101
, 106
, 90
, 117
, 39
, 168
, 156
, 51
, 97
, 110
, 24
, 183
, 86
, 121
, 186
, 21
, 133
, 74
, 141
, 66
, 7
, 200
, 192
, 15
, 203
, 4
, 173
, 34
, 118
, 89
, 180
, 27
, 161
, 46
, 48
, 159
, 8
, 199
, 77
, 130
, 82
, 125
, 92
, 115
, 73
, 134
, 180
, 27
, 49
, 158
, 28
, 179
, 120
, 87
, 142
, 65
, 9
, 198
, 121
, 86
, 140
, 67
, 33
, 174
, 27
, 180
, 41
, 166
, 42
, 165
, 133
, 74
, 51
, 156
, 99
, 108
, 81
, 126
, 133
, 74
, 201
, 6
, 20
, 187
, 161
, 46
, 151
, 56
, 38
, 169
, 82
, 125
, 124
, 83
, 195
, 12
, 8
, 199
, 77
, 130
, 73
, 134
, 104
, 103
, 32
, 175
, 38
, 169
, 84
, 123
, 125
, 82
, 100
, 107
, 110
, 97
, 154
, 53
, 72
, 135
, 68
, 139
, 78
, 129
, 156
, 51
, 45
, 162
, 29
, 178
, 123
, 84
, 57
, 150
, 123
, 84
, 41
, 166
, 161
, 46
, 192
, 15
, 9
, 198
, 115
, 92
, 32
, 175
, 159
, 48
, 176
, 31
, 115
, 92
, 58
, 149
, 119
, 88
, 61
, 146
, 60
, 147
, 198
, 9
, 84
, 123
, 31
, 176
, 197
, 10
, 40
, 167
, 117
, 90
, 94
, 113
, 115
, 92
, 197
, 10
, 49
, 158
, 101
, 106
, 149
, 58
, 77
, 130
, 107
, 100
, 102
, 105
, 86
, 121
, 46
, 161
, 199
, 8
, 160
, 47
, 31
, 176
, 65
, 142
, 13
, 194
, 45
, 162
, 103
, 104
, 82
, 125
, 117
, 90
, 146
, 61
, 194
, 13
, 189
, 18
, 151
, 56
, 37
, 170
, 120
, 87
, 48
, 159
, 203
, 4
, 42
, 165
, 99
, 108
, 186
, 21
, 163
, 44
, 143
, 64
, 181
, 26
, 162
, 45
, 188
, 19
, 17
, 190
, 100
, 107
, 191
, 16
, 28
, 179
, 162
, 45
, 87
, 120
, 200
, 7
, 145
, 62
, 123
, 84
, 158
, 49
, 34
, 173
, 20
, 187
, 164
, 43
, 203
, 4
, 10
, 197
, 13
, 194
, 83
, 124
, 172
, 35
, 88
, 119
, 152
, 55
, 116
, 91
, 168
, 39
, 148
, 59
, 78
, 129
, 196
, 11
, 181
, 26
, 97
, 110
, 119
, 88
, 146
, 61
, 187
, 20
, 22
, 185
, 78
, 129
, 54
, 153
, 192
, 15
, 93
, 114
, 156
, 51
, 121
, 86
, 48
, 159
, 195
, 12
, 104
, 103
, 115
, 92
, 36
, 171
, 193
, 14
, 65
, 142
, 74
, 133
, 61
, 146
, 102
, 105
, 136
, 71
, 109
, 98
, 39
, 168
, 125
, 82
, 153
, 54
, 16
, 191
, 116
, 91
, 96
, 111
, 176
, 31
, 24
, 183
, 45
, 162
, 25
, 182
, 181
, 26
, 54
, 153
, 120
, 87
, 103
, 104
, 149
, 58
, 106
, 101
, 132
, 75
, 20
, 187
, 30
, 177
, 22
, 185
, 66
, 141
, 56
, 151
, 121
, 86
, 128
, 79
, 92
, 115
, 117
, 90
, 67
, 140
, 111
, 96
, 115
, 92
, 132
, 75
, 34
, 173
, 157
, 50
, 144
, 63
, 137
, 70
, 26
, 181
, 50
, 157
, 101
, 106
, 65
, 142
, 110
, 97
, 58
, 149
, 64
, 143
, 151
, 56
, 179
, 28
, 129
, 78
, 47
, 160
, 48
, 159
, 199
, 8
, 21
, 186
, 21
, 186
, 104
, 103
, 18
, 189
, 109
, 98
, 74
, 133
, 128
, 79
, 140
, 67
, 201
, 6
, 168
, 39
, 51
, 156
, 11
, 196
, 129
, 78
, 145
, 62
, 162
, 45
, 91
, 116
, 75
, 132
, 90
, 117
, 15
, 192
, 58
, 149
, 95
, 112
, 174
, 33
, 116
, 91
, 85
, 122
, 121
, 86
, 76
, 131
, 105
, 102
, 154
, 53
, 42
, 165
, 195
, 12
, 161
, 46
, 55
, 152
, 14
, 193
, 81
, 126
, 188
, 19
, 134
, 73
, 126
, 81
, 47
, 160
, 151
, 56
, 169
, 38
, 149
, 58
, 111
, 96
, 160
, 47
, 181
, 26
, 131
, 76
, 57
, 150
, 73
, 134
, 117
, 90
, 68
, 139
, 142
, 65
, 183
, 24
, 96
, 111
, 78
, 129
, 170
, 37
, 149
, 58
, 200
, 7
, 174
, 33
, 137
, 70
, 55
, 152
, 69
, 138
, 104
, 103
, 130
, 77
, 132
, 75
, 150
, 57
, 147
, 60
, 139
, 68
, 29
, 178
, 149
, 58
, 114
, 93
, 75
, 132
, 163
, 44
, 106
, 101
, 153
, 54
, 182
, 25
, 81
, 126
, 102
, 105
, 87
, 120
, 108
, 99
, 106
, 101
, 40
, 167
, 128
, 79
, 59
, 148
, 205
, 2
, 169
, 38
, 191
, 16
, 116
, 91
, 91
, 116
, 76
, 131
, 7
, 200
, 40
, 167
, 54
, 153
, 55
, 152
, 8
, 199
, 128
, 79
, 155
, 52
, 155
, 52
, 44
, 163
, 153
, 54
, 162
, 45
, 187
, 20
, 11
, 196
, 116
, 91
, 134
, 73
, 178
, 29
, 161
, 46
, 117
, 90
, 49
, 158
, 53
, 154
, 85
, 122
, 107
, 100
, 68
, 139
, 27
, 180
, 102
, 105
, 178
, 29
, 24
, 183
, 114
, 93
, 164
, 43
, 200
, 7
, 162
, 45
, 48
, 159
, 139
, 68
, 118
, 89
, 84
, 123
, 177
, 30
, 198
, 9
, 110
, 97
, 58
, 149
, 205
, 2
, 70
, 137
, 60
, 147
, 77
, 130
, 26
, 181
, 55
, 152
, 7
, 200
, 3
, 204
, 13
, 194
, 186
, 21
, 110
, 97
, 73
, 134
, 83
, 124
, 125
, 82
, 50
, 157
, 60
, 147
, 42
, 165
, 38
, 169
, 84
, 123
, 12
, 195
, 17
, 190
, 152
, 55
, 155
, 52
, 132
, 75
, 128
, 79
, 167
, 40
, 9
, 198
, 99
, 108
, 186
, 21
, 78
, 129
, 194
, 13
, 67
, 140
, 134
, 73
, 144
, 63
, 159
, 48
, 155
, 52
, 41
, 166
, 3
, 204
, 161
, 46
, 128
, 79
, 40
, 167
, 182
, 25
, 95
, 112
, 173
, 34
, 89
, 118
, 52
, 155
, 64
, 143
, 10
, 197
, 83
, 124
, 117
, 90
, 115
, 92
, 64
, 143
, 96
, 111
, 53
, 154
, 159
, 48
, 64
, 143
, 13
, 194
, 192
, 15
, 119
, 88
, 19
, 188
, 49
, 158
, 175
, 32
, 70
, 137
, 156
, 51
, 109
, 98
, 190
, 17
, 143
, 64
, 27
, 180
, 107
, 100
, 183
, 24
, 24
, 183
, 117
, 90
, 64
, 143
, 159
, 48
, 95
, 112
, 77
, 130
, 200
, 7
, 72
, 135
, 184
, 23
, 119
, 88
, 155
, 52
, 25
, 182
, 79
, 128
, 113
, 94
, 102
, 105
, 199
, 8
, 193
, 14
, 60
, 147
, 7
, 200
, 74
, 133
, 135
, 72
, 110
, 97
, 93
, 114
, 51
, 156
, 119
, 88
, 168
, 39
, 59
, 148
, 197
, 10
, 113
, 94
, 94
, 113
, 140
, 67
, 79
, 128
, 38
, 169
, 199
, 8
, 133
, 74
, 103
, 104
, 3
, 204
, 117
, 90
, 31
, 176
, 129
, 78
, 128
, 79
, 30
, 177
, 70
, 137
, 156
, 51
, 188
, 19
, 21
, 186
, 73
, 134
, 134
, 73
, 41
, 166
, 83
, 124
, 159
, 48
, 109
, 98
, 12
, 195
, 92
, 115
, 26
, 181
, 178
, 29
, 79
, 128
, 47
, 160
, 161
, 46
, 164
, 43
, 73
, 134
, 83
, 124
, 91
, 116
, 18
, 189
, 54
, 153
, 32
, 175
, 117
, 90
, 193
, 14
, 140
, 67
, 72
, 135
, 151
, 56
, 5
, 202
, 155
, 52
, 51
, 156
, 133
, 74
, 75
, 132
, 109
, 98
, 11
, 196
, 156
, 51
, 90
, 117
, 54
, 153
, 92
, 115
, 90
, 117
, 7
, 200
, 52
, 155
, 111
, 96
, 19
, 188
, 181
, 26
, 144
, 63
, 194
, 13
, 33
, 174
, 131
, 76
, 72
, 135
, 23
, 184
, 14
, 193
, 171
, 36
, 86
, 121
, 62
, 145
, 30
, 177
, 185
, 22
, 28
, 179
, 38
, 169
, 32
, 175
, 86
, 121
, 14
, 193
, 33
, 174
