
4100
, 112
, 78
, 114
, 76
, 140
, 50
, 175
, 15
, 108
, 82
, 98
, 92
, 112
, 78
, 134
, 56
, 2
, 188
, 9
, 181
, 53
, 137
, 99
, 91
, 52
, 138
, 72
, 118
, 45
, 145
, 8
, 182
, 3
, 187
, 21
, 169
, 106
, 84
, 60
, 130
, 8
, 182
, 110
, 80
, 4
, 186
, 136
, 54
, 18
, 172
, 78
, 112
, 26
, 164
, 161
, 29
, 168
, 22
, 174
, 16
, 46
, 144
, 117
, 73
, 19
, 171
, 88
, 102
, 163
, 27
, 73
, 117
, 87
, 103
, 161
, 29
, 84
, 106
, 138
, 52
, 84
, 106
, 15
, 175
, 81
, 109
, 173
, 17
, 21
, 169
, 111
, 79
, 31
, 159
, 83
, 107
, 140
, 50
, 21
, 169
, 186
, 4
, 42
, 148
, 159
, 31
, 74
, 116
, 18
, 172
, 104
, 86
, 166
, 24
, 4
, 186
, 174
, 16
, 51
, 139
, 72
, 118
, 156
, 34
, 73
, 117
, 44
, 146
, 105
, 85
, 111
, 79
, 18
, 172
, 96
, 94
, 142
, 48
, 132
, 58
, 5
, 185
, 39
, 151
, 139
, 51
, 83
, 107
, 103
, 87
, 185
, 5
, 42
, 148
, 188
, 2
, 38
, 152
, 104
, 86
, 57
, 133
, 43
, 147
, 158
, 32
, 96
, 94
, 94
, 96
, 130
, 60
, 87
, 103
, 15
, 175
, 26
, 164
, 150
, 40
, 41
, 149
, 6
, 184
, 48
, 142
, 124
, 66
, 115
, 75
, 161
, 29
, 149
, 41
, 37
, 153
, 114
, 76
, 136
, 54
, 13
, 177
, 38
, 152
, 8
, 182
, 40
, 150
, 77
, 113
, 4
, 186
, 84
, 106
, 34
, 156
, 22
, 168
, 125
, 65
, 100
, 90
, 50
, 140
, 46
, 144
, 142
, 48
, 14
, 176
, 15
, 175
, 83
, 107
, 148
, 42
, 115
, 75
, 23
, 167
, 75
, 115
, 100
, 90
, 54
, 136
, 184
, 6
, 20
, 170
, 88
, 102
, 89
, 101
, 112
, 78
, 13
, 177
, 53
, 137
, 104
, 86
, 70
, 120
, 14
, 176
, 35
, 155
, 79
, 111
, 103
, 87
, 165
, 25
, 88
, 102
, 164
, 26
, 61
, 129
, 67
, 123
, 187
, 3
, 81
, 109
, 76
, 114
, 96
, 94
, 135
, 55
, 4
, 186
, 117
, 73
, 26
, 164
, 138
, 52
, 57
, 133
, 37
, 153
, 138
, 52
, 162
, 28
, 6
, 184
, 79
, 111
, 6
, 184
, 129
, 61
, 46
, 144
, 185
, 5
, 84
, 106
, 117
, 73
, 127
, 63
, 122
, 68
, 181
, 9
, 158
, 32
, 16
, 174
, 112
, 78
, 38
, 152
, 142
, 48
, 134
, 56
, 90
, 100
, 140
, 50
, 131
, 59
, 16
, 174
, 6
, 184
, 162
, 28
, 170
, 20
, 140
, 50
, 88
, 102
, 110
, 80
, 49
, 141
, 90
, 100
, 130
, 60
, 154
, 36
, 96
, 94
, 103
, 87
, 96
, 94
, 77
, 113
, 159
, 31
, 139
, 51
, 81
, 109
, 7
, 183
, 69
, 121
, 94
, 96
, 24
, 166
, 86
, 104
, 4
, 186
, 32
, 158
, 76
, 114
, 70
, 120
, 21
, 169
, 95
, 95
, 118
, 72
, 138
, 52
, 47
, 143
, 123
, 67
, 29
, 161
, 7
, 183
, 94
, 96
, 172
, 18
, 153
, 37
, 125
, 65
, 108
, 82
, 168
, 22
, 118
, 72
, 166
, 24
, 97
, 93
, 42
, 148
, 147
, 43
, 163
, 27
, 47
, 143
, 65
, 125
, 51
, 139
, 158
, 32
, 122
, 68
, 66
, 124
, 48
, 142
, 16
, 174
, 77
, 113
, 106
, 84
, 183
, 7
, 161
, 29
, 117
, 73
, 9
, 181
, 125
, 65
, 75
, 115
, 85
, 105
, 156
, 34
, 174
, 16
, 145
, 45
, 172
, 18
, 28
, 162
, 3
, 187
, 132
, 58
, 42
, 148
, 56
, 134
, 159
, 31
, 167
, 23
, 125
, 65
, 164
, 26
, 86
, 104
, 146
, 44
, 109
, 81
, 187
, 3
, 48
, 142
, 184
, 6
, 63
, 127
, 12
, 178
, 68
, 122
, 93
, 97
, 187
, 3
, 114
, 76
, 20
, 170
, 43
, 147
, 139
, 51
, 35
, 155
, 130
, 60
, 118
, 72
, 168
, 22
, 163
, 27
, 178
, 12
, 146
, 44
, 146
, 44
, 53
, 137
, 59
, 131
, 109
, 81
, 168
, 22
, 136
, 54
, 174
, 16
, 111
, 79
, 34
, 156
, 41
, 149
, 21
, 169
, 142
, 48
, 22
, 168
, 94
, 96
, 14
, 176
, 86
, 104
, 20
, 170
, 183
, 7
, 80
, 110
, 3
, 187
, 7
, 183
, 154
, 36
, 77
, 113
, 106
, 84
, 149
, 41
, 91
, 99
, 75
, 115
, 104
, 86
, 129
, 61
, 27
, 163
, 38
, 152
, 88
, 102
, 74
, 116
, 67
, 123
, 116
, 74
, 171
, 19
, 152
, 38
, 56
, 134
, 152
, 38
, 144
, 46
, 26
, 164
, 65
, 125
, 102
, 88
, 12
, 178
, 173
, 17
, 28
, 162
, 110
, 80
, 123
, 67
, 38
, 152
, 147
, 43
, 119
, 71
, 172
, 18
, 18
, 172
, 73
, 117
, 176
, 14
, 38
, 152
, 103
, 87
, 52
, 138
, 65
, 125
, 76
, 114
, 39
, 151
, 41
, 149
, 18
, 172
, 172
, 18
, 155
, 35
, 74
, 116
, 151
, 39
, 10
, 180
, 29
, 161
, 42
, 148
, 80
, 110
, 2
, 188
, 74
, 116
, 179
, 11
, 152
, 38
, 132
, 58
, 142
, 48
, 114
, 76
, 31
, 159
, 51
, 139
, 101
, 89
, 76
, 114
, 31
, 159
, 47
, 143
, 31
, 159
, 73
, 117
, 13
, 177
, 147
, 43
, 82
, 108
, 65
, 125
, 183
, 7
, 47
, 143
, 145
, 45
, 78
, 112
, 115
, 75
, 108
, 82
, 50
, 140
, 69
, 121
, 91
, 99
, 115
, 75
, 166
, 24
, 114
, 76
, 135
, 55
, 32
, 158
, 153
, 37
, 21
, 169
, 59
, 131
, 114
, 76
, 138
, 52
, 26
, 164
, 58
, 132
, 84
, 106
, 168
, 22
, 89
, 101
, 120
, 70
, 19
, 171
, 151
, 39
, 172
, 18
, 105
, 85
, 30
, 160
, 3
, 187
, 113
, 77
, 168
, 22
, 35
, 155
, 99
, 91
, 98
, 92
, 50
, 140
, 59
, 131
, 136
, 54
, 100
, 90
, 171
, 19
, 49
, 141
, 133
, 57
, 68
, 122
, 40
, 150
, 12
, 178
, 96
, 94
, 169
, 21
, 110
, 80
, 27
, 163
, 102
, 88
, 163
, 27
, 156
, 34
, 69
, 121
, 83
, 107
, 67
, 123
, 104
, 86
, 23
, 167
, 30
, 160
, 35
, 155
, 95
, 95
, 184
, 6
, 148
, 42
, 151
, 39
, 69
, 121
, 173
, 17
, 61
, 129
, 152
, 38
, 76
, 114
, 145
, 45
, 39
, 151
, 70
, 120
, 159
, 31
, 3
, 187
, 147
, 43
, 179
, 11
, 13
, 177
, 37
, 153
, 150
, 40
, 176
, 14
, 58
, 132
, 29
, 161
, 85
, 105
, 151
, 39
, 181
, 9
, 16
, 174
, 87
, 103
, 133
, 57
, 136
, 54
, 102
, 88
, 17
, 173
, 145
, 45
, 10
, 180
, 123
, 67
, 117
, 73
, 45
, 145
, 162
, 28
, 99
, 91
, 29
, 161
, 148
, 42
, 98
, 92
, 103
, 87
, 59
, 131
, 53
, 137
, 122
, 68
, 140
, 50
, 157
, 33
, 89
, 101
, 181
, 9
, 139
, 51
, 98
, 92
, 151
, 39
, 145
, 45
, 66
, 124
, 139
, 51
, 187
, 3
, 159
, 31
, 72
, 118
, 46
, 144
, 139
, 51
, 117
, 73
, 102
, 88
, 70
, 120
, 20
, 170
, 127
, 63
, 20
, 170
, 24
, 166
, 112
, 78
, 46
, 144
, 175
, 15
, 161
, 29
, 86
, 104
, 70
, 120
, 188
, 2
, 185
, 5
, 167
, 23
, 139
, 51
, 66
, 124
, 136
, 54
, 154
, 36
, 162
, 28
, 109
, 81
, 117
, 73
, 172
, 18
, 106
, 84
, 146
, 44
, 82
, 108
, 102
, 88
, 35
, 155
, 160
, 30
, 92
, 98
, 107
, 83
, 156
, 34
, 53
, 137
, 92
, 98
, 152
, 38
, 188
, 2
, 10
, 180
, 87
, 103
, 90
, 100
, 88
, 102
, 175
, 15
, 137
, 53
, 1
, 189
, 118
, 72
, 51
, 139
, 157
, 33
, 154
, 36
, 1
, 189
, 28
, 162
, 154
, 36
, 47
, 143
, 98
, 92
, 66
, 124
, 63
, 127
, 78
, 112
, 76
, 114
, 176
, 14
, 14
, 176
, 150
, 40
, 70
, 120
, 125
, 65
, 108
, 82
, 113
, 77
, 143
, 47
, 20
, 170
, 101
, 89
, 10
, 180
, 128
, 62
, 169
, 21
, 36
, 154
, 75
, 115
, 104
, 86
, 117
, 73
, 127
, 63
, 130
, 60
, 157
, 33
, 110
, 80
, 72
, 118
, 58
, 132
, 33
, 157
, 140
, 50
, 119
, 71
, 156
, 34
, 174
, 16
, 130
, 60
, 78
, 112
, 46
, 144
, 165
, 25
, 159
, 31
, 168
, 22
, 93
, 97
, 52
, 138
, 25
, 165
, 73
, 117
, 12
, 178
, 169
, 21
, 25
, 165
, 155
, 35
, 97
, 93
, 136
, 54
, 142
, 48
, 21
, 169
, 152
, 38
, 23
, 167
, 17
, 173
, 81
, 109
, 65
, 125
, 74
, 116
, 34
, 156
, 14
, 176
, 137
, 53
, 24
, 166
, 147
, 43
, 132
, 58
, 16
, 174
, 79
, 111
, 26
, 164
, 159
, 31
, 37
, 153
, 36
, 154
, 125
, 65
, 30
, 160
, 61
, 129
, 48
, 142
, 88
, 102
, 168
, 22
, 176
, 14
, 53
, 137
, 65
, 125
, 108
, 82
, 128
, 62
, 63
, 127
, 116
, 74
, 12
, 178
, 28
, 162
, 38
, 152
, 39
, 151
, 103
, 87
, 106
, 84
, 169
, 21
, 72
, 118
, 46
, 144
, 102
, 88
, 116
, 74
, 3
, 187
, 24
, 166
, 95
, 95
, 183
, 7
, 163
, 27
, 161
, 29
, 50
, 140
, 184
, 6
, 47
, 143
, 92
, 98
, 137
, 53
, 161
, 29
, 111
, 79
, 75
, 115
, 120
, 70
, 35
, 155
, 76
, 114
, 127
, 63
, 1
, 189
, 58
, 132
, 61
, 129
, 34
, 156
, 111
, 79
, 152
, 38
, 106
, 84
, 74
, 116
, 6
, 184
, 157
, 33
, 53
, 137
, 102
, 88
, 135
, 55
, 5
, 185
, 171
, 19
, 70
, 120
, 23
, 167
, 16
, 174
, 36
, 154
, 77
, 113
, 120
, 70
, 57
, 133
, 136
, 54
, 88
, 102
, 181
, 9
, 75
, 115
, 18
, 172
, 95
, 95
, 83
, 107
, 9
, 181
, 28
, 162
, 32
, 158
, 108
, 82
, 76
, 114
, 147
, 43
, 167
, 23
, 67
, 123
, 46
, 144
, 147
, 43
, 72
, 118
, 67
, 123
, 111
, 79
, 65
, 125
, 14
, 176
, 145
, 45
, 135
, 55
, 34
, 156
, 68
, 122
, 133
, 57
, 6
, 184
, 139
, 51
, 23
, 167
, 64
, 126
, 15
, 175
, 150
, 40
, 111
, 79
, 168
, 22
, 155
, 35
, 86
, 104
, 154
, 36
, 18
, 172
, 28
, 162
, 179
, 11
, 85
, 105
, 62
, 128
, 36
, 154
, 167
, 23
, 51
, 139
, 47
, 143
, 55
, 135
, 65
, 125
, 164
, 26
, 157
, 33
, 81
, 109
, 76
, 114
, 7
, 183
, 126
, 64
, 47
, 143
, 53
, 137
, 167
, 23
, 113
, 77
, 32
, 158
, 12
, 178
, 145
, 45
, 79
, 111
, 106
, 84
, 43
, 147
, 16
, 174
, 39
, 151
, 107
, 83
, 185
, 5
, 124
, 66
, 16
, 174
, 103
, 87
, 188
, 2
, 148
, 42
, 145
, 45
, 141
, 49
, 26
, 164
, 12
, 178
, 178
, 12
, 78
, 112
, 37
, 153
, 66
, 124
, 82
, 108
, 160
, 30
, 147
, 43
, 143
, 47
, 154
, 36
, 73
, 117
, 28
, 162
, 172
, 18
, 35
, 155
, 22
, 168
, 35
, 155
, 151
, 39
, 35
, 155
, 79
, 111
, 50
, 140
, 100
, 90
, 114
, 76
, 121
, 69
, 23
, 167
, 85
, 105
, 159
, 31
, 162
, 28
, 121
, 69
, 155
, 35
, 122
, 68
, 181
, 9
, 89
, 101
, 59
, 131
, 166
, 24
, 141
, 49
, 131
, 59
, 142
, 48
, 142
, 48
, 146
, 44
, 3
, 187
, 178
, 12
, 87
, 103
, 99
, 91
, 76
, 114
, 47
, 143
, 187
, 3
, 179
, 11
, 11
, 179
, 97
, 93
, 111
, 79
, 8
, 182
, 48
, 142
, 100
, 90
, 60
, 130
, 172
, 18
, 60
, 130
, 158
, 32
, 138
, 52
, 121
, 69
, 28
, 162
, 146
, 44
, 186
, 4
, 137
, 53
, 27
, 163
, 22
, 168
, 49
, 141
, 149
, 41
, 114
, 76
, 68
, 122
, 16
, 174
, 186
, 4
, 187
, 3
, 179
, 11
, 147
, 43
, 102
, 88
, 90
, 100
, 164
, 26
, 143
, 47
, 159
, 31
, 187
, 3
, 137
, 53
, 7
, 183
, 69
, 121
, 53
, 137
, 184
, 6
, 28
, 162
, 93
, 97
, 61
, 129
, 56
, 134
, 153
, 37
, 146
, 44
, 188
, 2
, 185
, 5
, 120
, 70
, 139
, 51
, 78
, 112
, 186
, 4
, 64
, 126
, 64
, 126
, 177
, 13
, 45
, 145
, 138
, 52
, 108
, 82
, 115
, 75
, 3
, 187
, 167
, 23
, 63
, 127
, 84
, 106
, 161
, 29
, 165
, 25
, 110
, 80
, 91
, 99
, 52
, 138
, 104
, 86
, 122
, 68
, 33
, 157
, 4
, 186
, 83
, 107
, 165
, 25
, 108
, 82
, 44
, 146
, 50
, 140
, 13
, 177
, 87
, 103
, 164
, 26
, 61
, 129
, 156
, 34
, 121
, 69
, 185
, 5
, 69
, 121
, 3
, 187
, 38
, 152
, 44
, 146
, 166
, 24
, 106
, 84
, 165
, 25
, 122
, 68
, 76
, 114
, 164
, 26
, 98
, 92
, 94
, 96
, 179
, 11
, 81
, 109
, 105
, 85
, 2
, 188
, 151
, 39
, 138
, 52
, 157
, 33
, 92
, 98
, 4
, 186
, 157
, 33
, 23
, 167
, 49
, 141
, 115
, 75
, 74
, 116
, 148
, 42
, 55
, 135
, 10
, 180
, 26
, 164
, 55
, 135
, 7
, 183
, 18
, 172
, 45
, 145
, 46
, 144
, 109
, 81
, 46
, 144
, 161
, 29
, 7
, 183
, 51
, 139
, 73
, 117
, 1
, 189
, 145
, 45
, 4
, 186
, 88
, 102
, 13
, 177
, 185
, 5
, 143
, 47
, 32
, 158
, 6
, 184
, 41
, 149
, 150
, 40
, 22
, 168
, 71
, 119
, 47
, 143
, 124
, 66
, 25
, 165
, 77
, 113
, 9
, 181
, 174
, 16
, 120
, 70
, 134
, 56
, 144
, 46
, 17
, 173
, 62
, 128
, 57
, 133
, 148
, 42
, 63
, 127
, 54
, 136
, 49
, 141
, 30
, 160
, 150
, 40
, 114
, 76
, 44
, 146
, 16
, 174
, 75
, 115
, 9
, 181
, 82
, 108
, 140
, 50
, 146
, 44
, 55
, 135
, 23
, 167
, 104
, 86
, 126
, 64
, 112
, 78
, 56
, 134
, 11
, 179
, 89
, 101
, 146
, 44
, 137
, 53
, 139
, 51
, 6
, 184
, 167
, 23
, 6
, 184
, 102
, 88
, 39
, 151
, 24
, 166
, 175
, 15
, 39
, 151
, 82
, 108
, 153
, 37
, 33
, 157
, 178
, 12
, 90
, 100
, 183
, 7
, 1
, 189
, 139
, 51
, 132
, 58
, 77
, 113
, 17
, 173
, 93
, 97
, 88
, 102
, 71
, 119
, 177
, 13
, 102
, 88
, 137
, 53
, 146
, 44
, 5
, 185
, 170
, 20
, 48
, 142
, 63
, 127
, 170
, 20
, 29
, 161
, 69
, 121
, 1
, 189
, 136
, 54
, 47
, 143
, 53
, 137
, 174
, 16
, 84
, 106
, 6
, 184
, 132
, 58
, 117
, 73
, 74
, 116
, 125
, 65
, 146
, 44
, 1
, 189
, 106
, 84
, 152
, 38
, 181
, 9
, 173
, 17
, 128
, 62
, 146
, 44
, 31
, 159
, 104
, 86
, 13
, 177
, 15
, 175
, 38
, 152
, 45
, 145
, 138
, 52
, 167
, 23
, 185
, 5
, 126
, 64
, 43
, 147
, 12
, 178
, 41
, 149
, 115
, 75
, 73
, 117
, 96
, 94
, 169
, 21
, 134
, 56
, 160
, 30
, 25
, 165
, 91
, 99
, 170
, 20
, 62
, 128
, 157
, 33
, 154
, 36
, 169
, 21
, 34
, 156
, 109
, 81
, 160
, 30
, 173
, 17
, 33
, 157
, 71
, 119
, 63
, 127
, 17
, 173
, 39
, 151
, 63
, 127
, 94
, 96
, 103
, 87
, 23
, 167
, 1
, 189
, 20
, 170
, 161
, 29
, 118
, 72
, 116
, 74
, 87
, 103
, 48
, 142
, 145
, 45
, 105
, 85
, 188
, 2
, 77
, 113
, 4
, 186
, 6
, 184
, 138
, 52
, 139
, 51
, 16
, 174
, 185
, 5
, 85
, 105
, 154
, 36
, 35
, 155
, 82
, 108
, 86
, 104
, 96
, 94
, 89
, 101
, 94
, 96
, 55
, 135
, 174
, 16
, 178
, 12
, 159
, 31
, 137
, 53
, 79
, 111
, 71
, 119
, 27
, 163
, 168
, 22
, 164
, 26
, 87
, 103
, 182
, 8
, 165
, 25
, 108
, 82
, 118
, 72
, 125
, 65
, 127
, 63
, 127
, 63
, 150
, 40
, 60
, 130
, 32
, 158
, 36
, 154
, 43
, 147
, 20
, 170
, 142
, 48
, 135
, 55
, 162
, 28
, 99
, 91
, 28
, 162
, 106
, 84
, 168
, 22
, 174
, 16
, 171
, 19
, 158
, 32
, 40
, 150
, 111
, 79
, 88
, 102
, 165
, 25
, 140
, 50
, 6
, 184
, 80
, 110
, 65
, 125
, 62
, 128
, 55
, 135
, 125
, 65
, 68
, 122
, 73
, 117
, 30
, 160
, 47
, 143
, 72
, 118
, 83
, 107
, 107
, 83
, 30
, 160
, 63
, 127
, 141
, 49
, 14
, 176
, 48
, 142
, 82
, 108
, 107
, 83
, 56
, 134
, 44
, 146
, 120
, 70
, 135
, 55
, 11
, 179
, 79
, 111
, 98
, 92
, 164
, 26
, 158
, 32
, 156
, 34
, 58
, 132
, 44
, 146
, 31
, 159
, 58
, 132
, 176
, 14
, 134
, 56
, 92
, 98
, 121
, 69
, 37
, 153
, 154
, 36
, 104
, 86
, 26
, 164
, 51
, 139
, 35
, 155
, 31
, 159
, 127
, 63
, 164
, 26
, 68
, 122
, 112
, 78
, 14
, 176
, 150
, 40
, 135
, 55
, 39
, 151
, 7
, 183
, 88
, 102
, 42
, 148
, 61
, 129
, 132
, 58
, 68
, 122
, 117
, 73
, 153
, 37
, 184
, 6
, 150
, 40
, 162
, 28
, 151
, 39
, 86
, 104
, 81
, 109
, 175
, 15
, 87
, 103
, 152
, 38
, 54
, 136
, 27
, 163
, 96
, 94
, 11
, 179
, 170
, 20
, 15
, 175
, 5
, 185
, 18
, 172
, 125
, 65
, 61
, 129
, 20
, 170
, 5
, 185
, 126
, 64
, 96
, 94
, 150
, 40
, 44
, 146
, 178
, 12
, 142
, 48
, 59
, 131
, 149
, 41
, 33
, 157
, 171
, 19
, 16
, 174
, 78
, 112
, 79
, 111
, 148
, 42
, 25
, 165
, 141
, 49
, 143
, 47
, 140
, 50
, 185
, 5
, 13
, 177
, 153
, 37
, 95
, 95
, 107
, 83
, 155
, 35
, 93
, 97
, 106
, 84
, 79
, 111
, 131
, 59
, 147
, 43
, 30
, 160
, 173
, 17
, 55
, 135
, 104
, 86
, 141
, 49
, 104
, 86
, 83
, 107
, 139
, 51
, 154
, 36
, 129
, 61
, 121
, 69
, 50
, 140
, 167
, 23
, 52
, 138
, 174
, 16
, 149
, 41
, 35
, 155
, 19
, 171
, 15
, 175
, 138
, 52
, 21
, 169
, 121
, 69
, 53
, 137
, 7
, 183
, 53
, 137
, 72
, 118
, 52
, 138
, 119
, 71
, 89
, 101
, 145
, 45
, 34
, 156
, 2
, 188
, 39
, 151
, 89
, 101
, 126
, 64
, 18
, 172
, 71
, 119
, 88
, 102
, 31
, 159
, 33
, 157
, 132
, 58
, 167
, 23
, 161
, 29
, 178
, 12
, 56
, 134
, 98
, 92
, 159
, 31
, 121
, 69
, 55
, 135
, 167
, 23
, 136
, 54
, 112
, 78
, 157
, 33
, 21
, 169
, 186
, 4
, 120
, 70
, 178
, 12
, 61
, 129
, 152
, 38
, 133
, 57
, 120
, 70
, 163
, 27
, 153
, 37
, 164
, 26
, 110
, 80
, 177
, 13
, 96
, 94
, 64
, 126
, 128
, 62
, 172
, 18
, 20
, 170
, 47
, 143
, 133
, 57
, 80
, 110
, 106
, 84
, 99
, 91
, 130
, 60
, 66
, 124
, 57
, 133
, 153
, 37
, 111
, 79
, 87
, 103
, 86
, 104
, 74
, 116
, 29
, 161
, 173
, 17
, 138
, 52
, 64
, 126
, 147
, 43
, 118
, 72
, 88
, 102
, 153
, 37
, 6
, 184
, 18
, 172
, 160
, 30
, 67
, 123
, 114
, 76
, 23
, 167
, 1
, 189
, 53
, 137
, 67
, 123
, 157
, 33
, 151
, 39
, 75
, 115
, 180
, 10
, 32
, 158
, 165
, 25
, 5
, 185
, 29
, 161
, 69
, 121
, 32
, 158
, 79
, 111
, 72
, 118
, 186
, 4
, 184
, 6
, 84
, 106
, 114
, 76
, 85
, 105
, 70
, 120
, 15
, 175
, 91
, 99
, 179
, 11
, 86
, 104
, 38
, 152
, 19
, 171
, 29
, 161
, 153
, 37
, 150
, 40
, 94
, 96
, 31
, 159
, 124
, 66
, 131
, 59
, 184
, 6
, 17
, 173
, 4
, 186
, 114
, 76
, 30
, 160
, 87
, 103
, 139
, 51
, 120
, 70
, 128
, 62
, 39
, 151
, 86
, 104
, 113
, 77
, 118
, 72
, 134
, 56
, 113
, 77
, 184
, 6
, 129
, 61
, 140
, 50
, 113
, 77
, 147
, 43
, 82
, 108
, 12
, 178
, 176
, 14
, 154
, 36
, 59
, 131
, 130
, 60
, 128
, 62
, 90
, 100
, 58
, 132
, 56
, 134
, 107
, 83
, 58
, 132
, 53
, 137
, 117
, 73
, 153
, 37
, 34
, 156
, 15
, 175
, 83
, 107
, 30
, 160
, 163
, 27
, 94
, 96
, 147
, 43
, 178
, 12
, 35
, 155
, 175
, 15
, 23
, 167
, 113
, 77
, 74
, 116
, 140
, 50
, 53
, 137
, 55
, 135
, 1
, 189
, 163
, 27
, 42
, 148
, 103
, 87
, 38
, 152
, 180
, 10
, 19
, 171
, 166
, 24
, 108
, 82
, 96
, 94
, 114
, 76
, 26
, 164
, 133
, 57
, 180
, 10
, 79
, 111
, 180
, 10
, 148
, 42
, 5
, 185
, 26
, 164
, 122
, 68
, 45
, 145
, 73
, 117
, 95
, 95
, 146
, 44
, 151
, 39
, 10
, 180
, 47
, 143
, 51
, 139
, 38
, 152
, 130
, 60
, 73
, 117
, 144
, 46
, 126
, 64
, 60
, 130
, 106
, 84
, 16
, 174
, 122
, 68
, 101
, 89
, 139
, 51
, 40
, 150
, 46
, 144
, 22
, 168
, 22
, 168
, 36
, 154
, 93
, 97
, 185
, 5
, 116
, 74
, 169
, 21
, 72
, 118
, 10
, 180
, 181
, 9
, 10
, 180
, 135
, 55
, 148
, 42
, 183
, 7
, 131
, 59
, 124
, 66
, 67
, 123
, 58
, 132
, 82
, 108
, 125
, 65
, 71
, 119
, 21
, 169
, 175
, 15
, 62
, 128
, 144
, 46
, 181
, 9
, 19
, 171
, 184
, 6
, 15
, 175
, 45
, 145
, 63
, 127
, 185
, 5
, 63
, 127
, 24
, 166
, 90
, 100
, 158
, 32
, 80
, 110
, 101
, 89
, 123
, 67
, 98
, 92
, 94
, 96
, 148
, 42
, 33
, 157
, 97
, 93
, 156
, 34
, 158
, 32
, 9
, 181
, 173
, 17
, 173
, 17
, 21
, 169
, 136
, 54
, 95
, 95
, 188
, 2
, 67
, 123
, 16
, 174
, 142
, 48
, 48
, 142
, 88
, 102
, 157
, 33
, 24
, 166
, 126
, 64
, 32
, 158
, 97
, 93
, 180
, 10
, 20
, 170
, 150
, 40
, 55
, 135
, 156
, 34
, 54
, 136
, 11
, 179
, 102
, 88
, 66
, 124
, 134
, 56
, 120
, 70
, 187
, 3
, 82
, 108
, 37
, 153
, 27
, 163
, 86
, 104
, 146
, 44
, 104
, 86
, 177
, 13
, 129
, 61
, 92
, 98
, 114
, 76
, 59
, 131
, 30
, 160
, 38
, 152
, 129
, 61
, 21
, 169
, 175
, 15
, 47
, 143
, 55
, 135
, 86
, 104
, 80
, 110
, 24
, 166
, 135
, 55
, 11
, 179
, 109
, 81
, 67
, 123
, 2
, 188
, 42
, 148
, 86
, 104
, 163
, 27
, 36
, 154
, 49
, 141
, 153
, 37
, 153
, 37
, 54
, 136
, 74
, 116
, 113
, 77
, 63
, 127
, 83
, 107
, 175
, 15
, 72
, 118
, 53
, 137
, 61
, 129
, 115
, 75
, 123
, 67
, 164
, 26
, 122
, 68
, 56
, 134
, 5
, 185
, 186
, 4
, 56
, 134
, 21
, 169
, 87
, 103
, 142
, 48
, 6
, 184
, 5
, 185
, 116
, 74
, 83
, 107
, 17
, 173
, 174
, 16
, 130
, 60
, 133
, 57
, 165
, 25
, 43
, 147
, 171
, 19
, 145
, 45
, 98
, 92
, 110
, 80
, 145
, 45
, 87
, 103
, 14
, 176
, 169
, 21
, 76
, 114
, 67
, 123
, 151
, 39
, 167
, 23
, 149
, 41
, 43
, 147
, 42
, 148
, 134
, 56
, 175
, 15
, 95
, 95
, 188
, 2
, 19
, 171
, 40
, 150
, 32
, 158
, 68
, 122
, 103
, 87
, 113
, 77
, 27
, 163
, 90
, 100
, 119
, 71
, 170
, 20
, 167
, 23
, 111
, 79
, 121
, 69
, 125
, 65
, 26
, 164
, 7
, 183
, 2
, 188
, 40
, 150
, 34
, 156
, 136
, 54
, 158
, 32
, 159
, 31
, 8
, 182
, 29
, 161
, 125
, 65
, 117
, 73
, 185
, 5
, 154
, 36
, 49
, 141
, 140
, 50
, 170
, 20
, 149
, 41
, 45
, 145
, 113
, 77
, 144
, 46
, 111
, 79
, 130
, 60
, 112
, 78
, 168
, 22
, 174
, 16
, 94
, 96
, 128
, 62
, 122
, 68
, 150
, 40
, 82
, 108
, 49
, 141
, 181
, 9
, 46
, 144
, 19
, 171
, 42
, 148
, 17
, 173
, 159
, 31
, 120
, 70
, 57
, 133
, 18
, 172
, 32
, 158
, 10
, 180
, 22
, 168
, 102
, 88
, 115
, 75
, 163
, 27
, 87
, 103
, 11
, 179
, 22
, 168
, 136
, 54
, 117
, 73
, 124
, 66
, 9
, 181
, 72
, 118
, 187
, 3
, 93
, 97
, 172
, 18
, 7
, 183
, 139
, 51
, 97
, 93
, 28
, 162
, 137
, 53
, 123
, 67
, 15
, 175
, 56
, 134
, 69
, 121
, 167
, 23
, 13
, 177
, 94
, 96
, 66
, 124
, 121
, 69
, 151
, 39
, 118
, 72
, 145
, 45
, 135
, 55
, 158
, 32
, 53
, 137
, 93
, 97
, 188
, 2
, 50
, 140
, 91
, 99
, 183
, 7
, 12
, 178
, 71
, 119
, 80
, 110
, 166
, 24
, 18
, 172
, 151
, 39
, 82
, 108
, 47
, 143
, 166
, 24
, 109
, 81
, 49
, 141
, 138
, 52
, 134
, 56
, 166
, 24
, 90
, 100
, 68
, 122
, 182
, 8
, 159
, 31
, 66
, 124
, 138
, 52
, 16
, 174
, 165
, 25
, 74
, 116
, 68
, 122
, 38
, 152
, 53
, 137
, 140
, 50
, 185
, 5
, 126
, 64
, 132
, 58
, 130
, 60
, 103
, 87
, 1
, 189
, 86
, 104
, 29
, 161
, 92
, 98
, 38
, 152
, 56
, 134
, 141
, 49
, 158
, 32
, 31
, 159
, 82
, 108
, 50
, 140
, 122
, 68
, 130
, 60
, 184
, 6
, 56
, 134
, 188
, 2
, 131
, 59
, 124
, 66
, 17
, 173
, 76
, 114
, 26
, 164
, 133
, 57
, 31
, 159
, 126
, 64
, 116
, 74
, 138
, 52
, 134
, 56
, 171
, 19
, 67
, 123
, 122
, 68
, 132
, 58
, 103
, 87
, 128
, 62
, 93
, 97
, 171
, 19
, 62
, 128
, 15
, 175
, 78
, 112
, 31
, 159
, 59
, 131
, 100
, 90
, 36
, 154
, 146
, 44
, 177
, 13
, 173
, 17
, 20
, 170
, 133
, 57
, 1
, 189
, 115
, 75
, 66
, 124
, 175
, 15
, 66
, 124
, 181
, 9
, 80
, 110
, 16
, 174
, 88
, 102
, 117
, 73
, 148
, 42
, 171
, 19
, 118
, 72
, 64
, 126
, 29
, 161
, 50
, 140
, 134
, 56
, 177
, 13
, 76
, 114
, 156
, 34
, 29
, 161
, 182
, 8
, 73
, 117
, 97
, 93
, 42
, 148
, 15
, 175
, 154
, 36
, 177
, 13
, 180
, 10
, 156
, 34
, 179
, 11
, 57
, 133
, 15
, 175
, 171
, 19
, 129
, 61
, 143
, 47
, 85
, 105
, 13
, 177
, 75
, 115
, 151
, 39
, 150
, 40
, 107
, 83
, 78
, 112
, 139
, 51
, 166
, 24
, 9
, 181
, 140
, 50
, 137
, 53
, 101
, 89
, 102
, 88
, 64
, 126
, 123
, 67
, 94
, 96
, 184
, 6
, 179
, 11
, 20
, 170
, 131
, 59
, 187
, 3
, 68
, 122
, 165
, 25
, 127
, 63
, 118
, 72
, 97
, 93
, 124
, 66
, 45
, 145
, 182
, 8
, 53
, 137
, 27
, 163
, 33
, 157
, 139
, 51
, 131
, 59
, 55
, 135
, 145
, 45
, 25
, 165
, 39
, 151
, 124
, 66
, 55
, 135
, 65
, 125
, 22
, 168
, 40
, 150
, 144
, 46
, 124
, 66
, 51
, 139
, 50
, 140
, 68
, 122
, 84
, 106
, 169
, 21
, 74
, 116
, 134
, 56
, 22
, 168
, 180
, 10
, 18
, 172
, 172
, 18
, 12
, 178
, 92
, 98
, 157
, 33
, 116
, 74
, 176
, 14
, 85
, 105
, 143
, 47
, 141
, 49
, 121
, 69
, 112
, 78
, 113
, 77
, 53
, 137
, 178
, 12
, 144
, 46
, 110
, 80
, 115
, 75
, 171
, 19
, 28
, 162
, 117
, 73
, 161
, 29
, 116
, 74
, 104
, 86
, 168
, 22
, 75
, 115
, 136
, 54
, 176
, 14
, 148
, 42
, 41
, 149
, 33
, 157
, 62
, 128
, 101
, 89
, 73
, 117
, 86
, 104
, 45
, 145
, 95
, 95
, 102
, 88
, 155
, 35
, 28
, 162
, 76
, 114
, 69
, 121
, 83
, 107
, 2
, 188
, 95
, 95
, 120
, 70
, 76
, 114
, 117
, 73
, 173
, 17
, 12
, 178
, 98
, 92
, 180
, 10
, 19
, 171
, 122
, 68
, 3
, 187
, 75
, 115
, 155
, 35
, 31
, 159
, 69
, 121
, 24
, 166
, 40
, 150
, 72
, 118
, 61
, 129
, 158
, 32
, 88
, 102
, 54
, 136
, 167
, 23
, 129
, 61
, 46
, 144
, 66
, 124
, 54
, 136
, 80
, 110
, 125
, 65
, 171
, 19
, 106
, 84
, 11
, 179
, 23
, 167
, 128
, 62
, 111
, 79
, 53
, 137
, 94
, 96
, 93
, 97
, 73
, 117
, 19
, 171
, 111
, 79
, 81
, 109
, 169
, 21
, 96
, 94
, 160
, 30
, 132
, 58
, 64
, 126
, 169
, 21
, 108
, 82
, 127
, 63
, 69
, 121
, 56
, 134
, 75
, 115
, 72
, 118
, 136
, 54
, 41
, 149
, 149
, 41
, 92
, 98
, 36
, 154
, 134
, 56
, 21
, 169
, 40
, 150
, 44
, 146
, 85
, 105
, 120
, 70
, 6
, 184
, 168
, 22
, 180
, 10
, 168
, 22
, 159
, 31
, 12
, 178
, 149
, 41
, 170
, 20
, 11
, 179
, 87
, 103
, 55
, 135
, 158
, 32
, 38
, 152
, 67
, 123
, 81
, 109
, 177
, 13
, 100
, 90
, 145
, 45
, 175
, 15
, 45
, 145
, 96
, 94
, 11
, 179
, 64
, 126
, 27
, 163
, 25
, 165
, 93
, 97
, 172
, 18
, 113
, 77
, 124
, 66
, 171
, 19
, 76
, 114
, 145
, 45
, 101
, 89
, 90
, 100
, 160
, 30
, 79
, 111
, 111
, 79
, 162
, 28
, 89
, 101
, 31
, 159
, 19
, 171
, 66
, 124
, 42
, 148
, 64
, 126
, 107
, 83
, 157
, 33
, 23
, 167
, 48
, 142
, 132
, 58
, 153
, 37
, 84
, 106
, 104
, 86
, 162
, 28
, 153
, 37
, 1
, 189
, 76
, 114
, 35
, 155
, 27
, 163
, 74
, 116
, 170
, 20
, 168
, 22
, 80
, 110
, 170
, 20
, 166
, 24
, 174
, 16
, 41
, 149
, 82
, 108
, 55
, 135
, 167
, 23
, 107
, 83
, 131
, 59
, 20
, 170
, 161
, 29
, 105
, 85
, 110
, 80
, 112
, 78
, 99
, 91
, 142
, 48
, 40
, 150
, 49
, 141
, 179
, 11
, 7
, 183
, 140
, 50
, 134
, 56
, 171
, 19
, 55
, 135
, 155
, 35
, 10
, 180
, 32
, 158
, 121
, 69
, 106
, 84
, 72
, 118
, 85
, 105
, 130
, 60
, 64
, 126
, 72
, 118
, 6
, 184
, 88
, 102
, 11
, 179
, 188
, 2
, 80
, 110
, 24
, 166
, 178
, 12
, 144
, 46
, 102
, 88
, 184
, 6
, 168
, 22
, 12
, 178
, 67
, 123
, 4
, 186
, 25
, 165
, 168
, 22
, 35
, 155
, 119
, 71
, 34
, 156
, 165
, 25
, 148
, 42
, 70
, 120
, 172
, 18
, 144
, 46
, 152
, 38
, 93
, 97
, 135
, 55
, 177
, 13
, 90
, 100
, 109
, 81
, 120
, 70
, 175
, 15
, 183
, 7
, 109
, 81
, 143
, 47
, 75
, 115
, 154
, 36
, 55
, 135
, 185
, 5
, 34
, 156
, 56
, 134
, 153
, 37
, 60
, 130
, 155
, 35
, 78
, 112
, 154
, 36
, 95
, 95
, 37
, 153
, 186
, 4
, 167
, 23
, 28
, 162
, 116
, 74
, 150
, 40
, 140
, 50
, 49
, 141
, 93
, 97
, 62
, 128
, 161
, 29
, 99
, 91
, 148
, 42
, 93
, 97
, 31
, 159
, 8
, 182
, 115
, 75
, 152
, 38
, 34
, 156
, 187
, 3
, 139
, 51
, 150
, 40
, 83
, 107
, 125
, 65
, 175
, 15
, 6
, 184
, 137
, 53
, 53
, 137
, 176
, 14
, 165
, 25
, 106
, 84
, 99
, 91
, 121
, 69
, 115
, 75
, 186
, 4
, 2
, 188
, 90
, 100
, 16
, 174
, 188
, 2
, 11
, 179
, 162
, 28
, 76
, 114
, 93
, 97
, 106
, 84
, 56
, 134
, 176
, 14
, 135
, 55
, 181
, 9
, 91
, 99
, 137
, 53
, 164
, 26
, 41
, 149
, 97
, 93
, 142
, 48
, 38
, 152
, 128
, 62
, 39
, 151
, 178
, 12
, 144
, 46
, 131
, 59
, 82
, 108
, 166
, 24
, 107
, 83
, 62
, 128
, 107
, 83
, 12
, 178
, 130
, 60
, 25
, 165
, 143
, 47
, 114
, 76
, 14
, 176
, 2
, 188
, 185
, 5
, 158
, 32
, 7
, 183
, 17
, 173
, 63
, 127
, 55
, 135
, 79
, 111
, 47
, 143
, 24
, 166
, 156
, 34
, 103
, 87
, 10
, 180
, 82
, 108
, 105
, 85
, 122
, 68
, 1
, 189
, 48
, 142
, 55
, 135
, 184
, 6
, 52
, 138
, 19
, 171
, 17
, 173
, 6
, 184
, 4
, 186
, 180
, 10
, 175
, 15
, 54
, 136
, 165
, 25
, 4
, 186
, 155
, 35
, 158
, 32
, 2
, 188
, 103
, 87
, 124
, 66
, 150
, 40
, 124
, 66
, 65
, 125
, 28
, 162
, 18
, 172
, 46
, 144
, 27
, 163
, 121
, 69
, 114
, 76
, 112
, 78
, 93
, 97
, 2
, 188
, 2
, 188
, 40
, 150
, 185
, 5
, 111
, 79
, 54
, 136
, 104
, 86
, 113
, 77
, 13
, 177
, 179
, 11
, 91
, 99
, 145
, 45
, 36
, 154
, 12
, 178
, 70
, 120
, 65
, 125
, 7
, 183
, 115
, 75
, 177
, 13
, 105
, 85
, 122
, 68
, 17
, 173
, 24
, 166
, 105
, 85
, 1
, 189
, 1
, 189
, 182
, 8
, 32
, 158
, 135
, 55
, 26
, 164
, 112
, 78
, 169
, 21
, 32
, 158
, 163
, 27
, 142
, 48
, 75
, 115
, 54
, 136
, 134
, 56
, 119
, 71
, 8
, 182
, 56
, 134
, 145
, 45
, 151
, 39
, 37
, 153
, 114
, 76
, 70
, 120
, 67
, 123
, 29
, 161
, 127
, 63
, 57
, 133
, 10
, 180
, 74
, 116
, 68
, 122
, 32
, 158
, 169
, 21
, 65
, 125
, 161
, 29
, 51
, 139
, 155
, 35
, 127
, 63
, 133
, 57
, 31
, 159
, 144
, 46
, 119
, 71
, 18
, 172
, 186
, 4
, 91
, 99
, 72
, 118
, 31
, 159
, 56
, 134
, 79
, 111
, 18
, 172
, 42
, 148
, 26
, 164
, 156
, 34
, 121
, 69
, 157
, 33
, 117
, 73
, 62
, 128
, 132
, 58
, 156
, 34
, 118
, 72
, 148
, 42
, 3
, 187
, 182
, 8
, 164
, 26
, 184
, 6
, 41
, 149
, 187
, 3
, 154
, 36
, 65
, 125
, 48
, 142
, 144
, 46
, 98
, 92
, 61
, 129
, 176
, 14
, 161
, 29
, 146
, 44
, 83
, 107
, 73
, 117
, 31
, 159
, 54
, 136
, 17
, 173
, 8
, 182
, 4
, 186
, 126
, 64
, 47
, 143
, 5
, 185
, 124
, 66
, 3
, 187
, 132
, 58
, 40
, 150
, 48
, 142
, 111
, 79
, 74
, 116
, 101
, 89
, 58
, 132
, 21
, 169
, 85
, 105
, 3
, 187
, 106
, 84
, 167
, 23
, 10
, 180
, 13
, 177
, 17
, 173
, 25
, 165
, 66
, 124
, 123
, 67
, 40
, 150
, 8
, 182
, 164
, 26
, 118
, 72
, 64
, 126
, 182
, 8
, 152
, 38
, 60
, 130
, 153
, 37
, 15
, 175
, 159
, 31
, 170
, 20
, 159
, 31
, 43
, 147
, 100
, 90
, 39
, 151
, 48
, 142
, 174
, 16
, 82
, 108
, 44
, 146
, 31
, 159
, 24
, 166
, 144
, 46
, 94
, 96
, 75
, 115
, 55
, 135
, 127
, 63
, 135
, 55
, 10
, 180
, 110
, 80
, 47
, 143
, 150
, 40
, 165
, 25
, 93
, 97
, 117
, 73
, 67
, 123
, 9
, 181
, 81
, 109
, 184
, 6
, 55
, 135
, 158
, 32
, 83
, 107
, 10
, 180
, 46
, 144
, 176
, 14
, 101
, 89
, 116
, 74
, 176
, 14
, 21
, 169
, 17
, 173
, 168
, 22
, 11
, 179
, 107
, 83
, 86
, 104
, 185
, 5
, 187
, 3
, 119
, 71
, 138
, 52
, 143
, 47
, 26
, 164
, 116
, 74
, 5
, 185
, 122
, 68
, 107
, 83
, 48
, 142
, 113
, 77
, 49
, 141
, 144
, 46
, 58
, 132
, 171
, 19
, 184
, 6
, 21
, 169
, 174
, 16
, 114
, 76
, 129
, 61
, 136
, 54
, 86
, 104
, 120
, 70
, 57
, 133
, 18
, 172
, 86
, 104
, 113
, 77
, 120
, 70
, 116
, 74
, 29
, 161
, 66
, 124
, 115
, 75
, 109
, 81
, 170
, 20
, 131
, 59
, 104
, 86
, 161
, 29
, 96
, 94
, 163
, 27
, 140
, 50
, 114
, 76
, 149
, 41
, 132
, 58
, 109
, 81
, 178
, 12
, 50
, 140
, 128
, 62
, 23
, 167
, 66
, 124
, 21
, 169
, 91
, 99
, 101
, 89
, 103
, 87
, 180
, 10
, 141
, 49
, 177
, 13
, 112
, 78
, 96
, 94
, 150
, 40
, 106
, 84
, 69
, 121
, 50
, 140
, 155
, 35
, 124
, 66
, 61
, 129
, 11
, 179
, 91
, 99
, 55
, 135
, 44
, 146
, 91
, 99
, 55
, 135
, 56
, 134
, 78
, 112
, 177
, 13
, 55
, 135
, 36
, 154
, 179
, 11
, 144
, 46
, 53
, 137
, 156
, 34
, 140
, 50
, 36
, 154
, 12
, 178
, 9
, 181
, 188
, 2
, 17
, 173
, 184
, 6
, 160
, 30
, 69
, 121
, 121
, 69
, 188
, 2
, 40
, 150
, 101
, 89
, 17
, 173
, 181
, 9
, 163
, 27
, 12
, 178
, 2
, 188
, 142
, 48
, 60
, 130
, 9
, 181
, 137
, 53
, 69
, 121
, 28
, 162
, 71
, 119
, 123
, 67
, 54
, 136
, 11
, 179
, 75
, 115
, 129
, 61
, 20
, 170
, 138
, 52
, 79
, 111
, 44
, 146
, 145
, 45
, 36
, 154
, 99
, 91
, 133
, 57
, 148
, 42
, 29
, 161
, 106
, 84
, 127
, 63
, 100
, 90
, 9
, 181
, 176
, 14
, 141
, 49
, 15
, 175
, 177
, 13
, 65
, 125
, 154
, 36
, 159
, 31
, 112
, 78
, 137
, 53
, 164
, 26
, 142
, 48
, 87
, 103
, 41
, 149
, 101
, 89
, 22
, 168
, 84
, 106
, 33
, 157
, 41
, 149
, 42
, 148
, 65
, 125
, 127
, 63
, 111
, 79
, 71
, 119
, 14
, 176
, 125
, 65
, 5
, 185
, 150
, 40
, 54
, 136
, 24
, 166
, 79
, 111
, 180
, 10
, 6
, 184
, 175
, 15
, 86
, 104
, 162
, 28
, 168
, 22
, 148
, 42
, 27
, 163
, 73
, 117
, 49
, 141
, 129
, 61
, 151
, 39
, 160
, 30
, 42
, 148
, 79
, 111
, 93
, 97
, 105
, 85
, 164
, 26
, 62
, 128
, 46
, 144
, 147
, 43
, 71
, 119
, 176
, 14
, 93
, 97
, 11
, 179
, 133
, 57
, 58
, 132
, 179
, 11
, 7
, 183
, 134
, 56
, 186
, 4
, 132
, 58
, 110
, 80
, 126
, 64
, 52
, 138
, 185
, 5
, 53
, 137
, 28
, 162
, 34
, 156
, 76
, 114
, 149
, 41
, 110
, 80
, 140
, 50
, 169
, 21
, 168
, 22
, 40
, 150
, 88
, 102
, 1
, 189
, 54
, 136
, 57
, 133
, 33
, 157
, 78
, 112
, 100
, 90
, 178
, 12
, 185
, 5
, 161
, 29
, 59
, 131
, 182
, 8
, 98
, 92
, 111
, 79
, 79
, 111
, 107
, 83
, 131
, 59
, 90
, 100
, 159
, 31
, 138
, 52
, 47
, 143
, 21
, 169
, 186
, 4
, 72
, 118
, 79
, 111
, 82
, 108
, 71
, 119
, 169
, 21
, 167
, 23
, 54
, 136
, 33
, 157
, 1
, 189
, 13
, 177
, 179
, 11
, 128
, 62
, 97
, 93
, 91
, 99
, 56
, 134
, 16
, 174
, 74
, 116
, 123
, 67
, 169
, 21
, 133
, 57
, 5
, 185
, 109
, 81
, 111
, 79
, 32
, 158
, 122
, 68
, 74
, 116
, 97
, 93
, 169
, 21
, 164
, 26
, 126
, 64
, 10
, 180
, 185
, 5
, 72
, 118
, 24
, 166
, 61
, 129
, 8
, 182
, 182
, 8
, 99
, 91
, 175
, 15
, 122
, 68
, 144
, 46
, 154
, 36
, 138
, 52
, 187
, 3
, 30
, 160
, 68
, 122
, 99
, 91
, 185
, 5
, 44
, 146
, 3
, 187
, 56
, 134
, 78
, 112
, 72
, 118
, 30
, 160
, 77
, 113
, 107
, 83
, 73
, 117
, 169
, 21
, 174
, 16
, 21
, 169
, 20
, 170
, 109
, 81
, 49
, 141
, 72
, 118
, 116
, 74
, 36
, 154
, 124
, 66
, 3
, 187
, 41
, 149
, 81
, 109
, 184
, 6
, 165
, 25
, 34
, 156
, 61
, 129
, 115
, 75
, 27
, 163
, 23
, 167
, 133
, 57
, 23
, 167
, 126
, 64
, 71
, 119
, 161
, 29
, 186
, 4
, 149
, 41
, 122
, 68
, 30
, 160
, 18
, 172
, 139
, 51
, 24
, 166
, 73
, 117
, 3
, 187
, 85
, 105
, 143
, 47
, 155
, 35
, 98
, 92
, 36
, 154
, 181
, 9
, 155
, 35
, 53
, 137
, 75
, 115
, 102
, 88
, 157
, 33
, 6
, 184
, 144
, 46
, 78
, 112
, 137
, 53
, 185
, 5
, 66
, 124
, 141
, 49
, 132
, 58
, 59
, 131
, 56
, 134
, 10
, 180
, 77
, 113
, 142
, 48
, 152
, 38
, 116
, 74
, 46
, 144
, 67
, 123
, 120
, 70
, 156
, 34
, 16
, 174
, 47
, 143
, 145
, 45
, 145
, 45
, 139
, 51
, 57
, 133
, 59
, 131
, 179
, 11
, 112
, 78
, 139
, 51
, 84
, 106
, 76
, 114
, 113
, 77
, 125
, 65
, 127
, 63
, 178
, 12
, 183
, 7
, 145
, 45
, 59
, 131
, 48
, 142
, 17
, 173
, 187
, 3
, 159
, 31
, 43
, 147
, 161
, 29
, 104
, 86
, 44
, 146
, 133
, 57
, 19
, 171
, 29
, 161
, 52
, 138
, 85
, 105
, 36
, 154
, 154
, 36
, 180
, 10
, 109
, 81
, 15
, 175
, 98
, 92
, 9
, 181
, 27
, 163
, 101
, 89
, 93
, 97
, 185
, 5
, 32
, 158
, 118
, 72
, 72
, 118
, 39
, 151
, 167
, 23
, 151
, 39
, 141
, 49
, 50
, 140
, 96
, 94
, 74
, 116
, 181
, 9
, 85
, 105
, 53
, 137
, 171
, 19
, 49
, 141
, 65
, 125
, 144
, 46
, 104
, 86
, 33
, 157
, 75
, 115
, 25
, 165
, 17
, 173
, 160
, 30
, 138
, 52
, 33
, 157
, 36
, 154
, 105
, 85
, 62
, 128
, 38
, 152
, 75
, 115
, 157
, 33
, 14
, 176
, 103
, 87
, 173
, 17
, 25
, 165
, 13
, 177
, 179
, 11
, 106
, 84
, 155
, 35
, 78
, 112
, 113
, 77
, 41
, 149
, 50
, 140
, 171
, 19
, 92
, 98
, 40
, 150
, 178
, 12
, 146
, 44
, 28
, 162
, 171
, 19
, 34
, 156
, 149
, 41
, 182
, 8
, 156
, 34
, 36
, 154
, 167
, 23
, 158
, 32
, 24
, 166
, 127
, 63
, 121
, 69
, 15
, 175
, 5
, 185
, 94
, 96
, 97
, 93
, 49
, 141
, 13
, 177
, 98
, 92
, 70
, 120
, 32
, 158
, 74
, 116
, 106
, 84
, 82
, 108
, 169
, 21
, 26
, 164
, 78
, 112
, 29
, 161
, 37
, 153
, 181
, 9
, 78
, 112
, 101
, 89
, 115
, 75
, 116
, 74
, 68
, 122
, 102
, 88
, 92
, 98
, 140
, 50
, 188
, 2
, 11
, 179
, 157
, 33
, 108
, 82
, 105
, 85
, 22
, 168
, 164
, 26
, 95
, 95
, 183
, 7
, 50
, 140
, 185
, 5
, 180
, 10
, 85
, 105
, 145
, 45
, 33
, 157
, 93
, 97
, 88
, 102
, 63
, 127
, 78
, 112
, 87
, 103
, 21
, 169
, 32
, 158
, 71
, 119
, 181
, 9
, 188
, 2
, 59
, 131
, 43
, 147
, 84
, 106
, 29
, 161
, 131
, 59
, 22
, 168
, 113
, 77
, 20
, 170
, 25
, 165
, 131
, 59
, 181
, 9
, 144
, 46
, 134
, 56
, 129
, 61
, 99
, 91
, 118
, 72
, 119
, 71
, 12
, 178
, 66
, 124
, 158
, 32
, 158
, 32
, 69
, 121
, 108
, 82
, 84
, 106
, 155
, 35
, 45
, 145
, 169
, 21
, 146
, 44
, 186
, 4
, 108
, 82
, 85
, 105
, 115
, 75
, 168
, 22
, 20
, 170
, 91
, 99
, 56
, 134
, 119
, 71
, 53
, 137
, 86
, 104
, 87
, 103
, 22
, 168
, 27
, 163
, 144
, 46
, 101
, 89
, 62
, 128
, 110
, 80
, 136
, 54
, 155
, 35
, 124
, 66
, 135
, 55
, 65
, 125
, 183
, 7
, 166
, 24
, 119
, 71
, 127
, 63
, 44
, 146
, 136
, 54
, 130
, 60
, 144
, 46
, 125
, 65
, 86
, 104
, 169
, 21
, 146
, 44
, 94
, 96
, 163
, 27
, 86
, 104
, 122
, 68
, 11
, 179
, 4
, 186
, 23
, 167
, 62
, 128
, 187
, 3
, 11
, 179
, 37
, 153
, 88
, 102
, 56
, 134
, 182
, 8
, 92
, 98
, 22
, 168
, 62
, 128
, 132
, 58
, 73
, 117
, 74
, 116
, 118
, 72
, 69
, 121
, 113
, 77
, 12
, 178
, 106
, 84
, 96
, 94
, 150
, 40
, 89
, 101
, 103
, 87
, 155
, 35
, 2
, 188
, 36
, 154
, 148
, 42
, 18
, 172
, 87
, 103
, 96
, 94
, 170
, 20
, 114
, 76
, 25
, 165
, 106
, 84
, 164
, 26
, 10
, 180
, 128
, 62
, 51
, 139
, 70
, 120
, 175
, 15
, 21
, 169
, 148
, 42
, 167
, 23
, 93
, 97
, 3
, 187
, 119
, 71
, 182
, 8
, 100
, 90
, 74
, 116
, 106
, 84
, 9
, 181
, 146
, 44
, 114
, 76
, 59
, 131
, 123
, 67
, 156
, 34
, 99
, 91
, 182
, 8
, 56
, 134
, 48
, 142
, 177
, 13
, 17
, 173
, 117
, 73
, 23
, 167
, 72
, 118
, 149
, 41
, 37
, 153
, 92
, 98
, 41
, 149
, 39
, 151
, 130
, 60
, 95
, 95
, 12
, 178
, 74
, 116
, 111
, 79
, 89
, 101
, 121
, 69
, 166
, 24
, 32
, 158
, 23
, 167
, 52
, 138
, 29
, 161
, 37
, 153
, 178
, 12
, 72
, 118
, 127
, 63
, 114
, 76
, 91
, 99
, 119
, 71
, 23
, 167
, 67
, 123
, 74
, 116
, 158
, 32
, 4
, 186
, 151
, 39
, 86
, 104
, 12
, 178
, 115
, 75
, 89
, 101
, 93
, 97
, 168
, 22
, 160
, 30
, 150
, 40
, 136
, 54
, 168
, 22
, 1
, 189
, 81
, 109
, 28
, 162
, 188
, 2
, 106
, 84
, 137
, 53
, 19
, 171
, 92
, 98
, 106
, 84
, 51
, 139
, 62
, 128
, 141
, 49
, 146
, 44
, 13
, 177
, 157
, 33
, 138
, 52
, 136
, 54
, 54
, 136
, 136
, 54
, 47
, 143
, 40
, 150
, 43
, 147
, 86
, 104
, 27
, 163
, 185
, 5
, 14
, 176
, 176
, 14
, 84
, 106
, 150
, 40
, 148
, 42
, 157
, 33
, 168
, 22
, 118
, 72
, 34
, 156
, 157
, 33
, 24
, 166
, 83
, 107
, 124
, 66
, 160
, 30
, 73
, 117
, 79
, 111
, 132
, 58
, 126
, 64
, 110
, 80
, 37
, 153
, 51
, 139
, 173
, 17
, 148
, 42
, 100
, 90
, 102
, 88
, 94
, 96
, 109
, 81
, 78
, 112
, 174
, 16
, 120
, 70
, 83
, 107
, 96
, 94
, 76
, 114
, 98
, 92
, 103
, 87
, 60
, 130
, 122
, 68
, 19
, 171
, 149
, 41
, 81
, 109
, 29
, 161
, 102
, 88
, 136
, 54
, 141
, 49
, 76
, 114
, 131
, 59
, 131
, 59
, 93
, 97
, 155
, 35
, 31
, 159
, 80
, 110
, 89
, 101
, 173
, 17
, 31
, 159
, 18
, 172
, 69
, 121
, 170
, 20
, 100
, 90
, 16
, 174
, 99
, 91
, 117
, 73
, 147
, 43
, 177
, 13
, 98
, 92
, 90
, 100
, 143
, 47
, 160
, 30
, 131
, 59
, 47
, 143
, 41
, 149
, 37
, 153
, 78
, 112
, 133
, 57
, 141
, 49
, 93
, 97
, 171
, 19
, 130
, 60
, 153
, 37
, 114
, 76
, 47
, 143
, 156
, 34
, 72
, 118
, 69
, 121
, 131
, 59
, 63
, 127
, 70
, 120
, 4
, 186
, 140
, 50
, 125
, 65
, 114
, 76
, 84
, 106
, 58
, 132
, 177
, 13
, 184
, 6
, 127
, 63
, 109
, 81
, 55
, 135
, 13
, 177
, 75
, 115
, 22
, 168
, 9
, 181
, 34
, 156
, 186
, 4
, 65
, 125
, 13
, 177
, 101
, 89
, 159
, 31
, 142
, 48
, 23
, 167
, 148
, 42
, 62
, 128
, 73
, 117
, 149
, 41
, 14
, 176
, 159
, 31
, 146
, 44
, 107
, 83
, 139
, 51
, 113
, 77
, 151
, 39
, 63
, 127
, 108
, 82
, 41
, 149
, 52
, 138
, 188
, 2
, 185
, 5
, 18
, 172
, 154
, 36
, 85
, 105
, 58
, 132
, 91
, 99
, 124
, 66
, 53
, 137
, 150
, 40
, 122
, 68
, 166
, 24
, 53
, 137
, 105
, 85
, 114
, 76
, 86
, 104
, 19
, 171
, 135
, 55
, 47
, 143
, 169
, 21
, 75
, 115
, 120
, 70
, 140
, 50
, 184
, 6
, 11
, 179
, 80
, 110
, 182
, 8
, 182
, 8
, 103
, 87
, 176
, 14
, 146
, 44
, 3
, 187
, 114
, 76
, 146
, 44
, 149
, 41
, 53
, 137
, 148
, 42
, 125
, 65
, 175
, 15
, 22
, 168
, 18
, 172
, 83
, 107
, 25
, 165
, 130
, 60
, 139
, 51
, 136
, 54
, 19
, 171
, 84
, 106
, 74
, 116
, 57
, 133
, 138
, 52
, 160
, 30
, 138
, 52
, 182
, 8
, 33
, 157
, 165
, 25
, 64
, 126
, 160
, 30
, 31
, 159
, 186
, 4
, 27
, 163
, 14
, 176
, 106
, 84
, 11
, 179
, 3
, 187
, 8
, 182
, 176
, 14
, 140
, 50
, 165
, 25
, 119
, 71
, 125
, 65
, 57
, 133
, 23
, 167
, 173
, 17
, 39
, 151
, 8
, 182
, 174
, 16
, 63
, 127
, 84
, 106
, 42
, 148
, 155
, 35
, 89
, 101
, 125
, 65
, 6
, 184
, 94
, 96
, 45
, 145
, 31
, 159
, 160
, 30
, 156
, 34
, 88
, 102
, 123
, 67
, 102
, 88
, 93
, 97
, 45
, 145
, 56
, 134
, 28
, 162
, 105
, 85
, 181
, 9
, 134
, 56
, 185
, 5
, 104
, 86
, 68
, 122
, 157
, 33
, 120
, 70
, 121
, 69
, 125
, 65
, 39
, 151
, 155
, 35
, 142
, 48
, 137
, 53
, 173
, 17
, 130
, 60
, 82
, 108
, 47
, 143
, 1
, 189
, 17
, 173
, 103
, 87
, 153
, 37
, 106
, 84
, 41
, 149
, 91
, 99
, 158
, 32
, 144
, 46
, 184
, 6
, 15
, 175
, 119
, 71
, 52
, 138
, 179
, 11
, 2
, 188
, 131
, 59
, 150
, 40
, 149
, 41
, 104
, 86
, 159
, 31
, 98
, 92
, 64
, 126
, 10
, 180
, 117
, 73
, 88
, 102
, 58
, 132
, 157
, 33
, 37
, 153
, 36
, 154
, 125
, 65
, 128
, 62
, 147
, 43
, 83
, 107
, 76
, 114
, 165
, 25
, 57
, 133
, 127
, 63
, 26
, 164
, 141
, 49
, 13
, 177
, 110
, 80
, 15
, 175
, 65
, 125
, 42
, 148
, 173
, 17
, 187
, 3
, 141
, 49
, 111
, 79
, 144
, 46
, 54
, 136
, 162
, 28
, 15
, 175
, 52
, 138
, 135
, 55
, 155
, 35
, 98
, 92
, 33
, 157
, 33
, 157
, 85
, 105
, 133
, 57
, 126
, 64
, 70
, 120
, 172
, 18
, 3
, 187
, 72
, 118
, 99
, 91
, 141
, 49
, 41
, 149
, 110
, 80
, 8
, 182
, 167
, 23
, 40
, 150
, 161
, 29
, 31
, 159
, 39
, 151
, 32
, 158
, 164
, 26
, 12
, 178
, 129
, 61
, 110
, 80
, 29
, 161
, 173
, 17
, 107
, 83
, 160
, 30
, 178
, 12
, 51
, 139
, 152
, 38
, 154
, 36
, 182
, 8
, 115
, 75
, 177
, 13
, 28
, 162
, 115
, 75
, 158
, 32
, 172
, 18
, 65
, 125
, 50
, 140
, 149
, 41
, 111
, 79
, 53
, 137
, 181
, 9
, 163
, 27
, 124
, 66
, 101
, 89
, 43
, 147
, 90
, 100
, 133
, 57
, 1
, 189
, 27
, 163
, 80
, 110
, 133
, 57
, 1
, 189
, 91
, 99
, 4
, 186
, 111
, 79
, 10
, 180
, 36
, 154
, 117
, 73
, 52
, 138
, 56
, 134
, 56
, 134
, 14
, 176
, 152
, 38
, 182
, 8
, 39
, 151
, 113
, 77
, 159
, 31
, 119
, 71
, 166
, 24
, 170
, 20
, 115
, 75
, 49
, 141
, 159
, 31
, 96
, 94
, 79
, 111
, 57
, 133
, 171
, 19
, 74
, 116
, 163
, 27
, 22
, 168
, 44
, 146
, 74
, 116
, 90
, 100
, 40
, 150
, 50
, 140
, 155
, 35
, 187
, 3
, 20
, 170
, 139
, 51
, 80
, 110
, 175
, 15
, 8
, 182
, 140
, 50
, 171
, 19
, 114
, 76
, 63
, 127
, 24
, 166
, 84
, 106
, 187
, 3
, 146
, 44
, 92
, 98
, 27
, 163
, 68
, 122
, 113
, 77
, 139
, 51
, 156
, 34
, 140
, 50
, 86
, 104
, 139
, 51
, 62
, 128
, 178
, 12
, 54
, 136
, 10
, 180
, 22
, 168
, 97
, 93
, 141
, 49
, 173
, 17
, 101
, 89
, 33
, 157
, 43
, 147
, 10
, 180
, 183
, 7
, 74
, 116
, 148
, 42
, 116
, 74
, 75
, 115
, 153
, 37
, 56
, 134
, 4
, 186
, 122
, 68
, 159
, 31
, 65
, 125
, 15
, 175
, 118
, 72
, 186
, 4
, 20
, 170
, 93
, 97
, 102
, 88
, 91
, 99
, 68
, 122
, 8
, 182
, 174
, 16
, 156
, 34
, 55
, 135
, 177
, 13
, 151
, 39
, 173
, 17
, 26
, 164
, 148
, 42
, 184
, 6
, 116
, 74
, 142
, 48
, 93
, 97
, 62
, 128
, 76
, 114
, 149
, 41
, 167
, 23
, 7
, 183
, 120
, 70
, 8
, 182
, 40
, 150
, 146
, 44
, 171
, 19
, 167
, 23
, 10
, 180
, 32
, 158
, 77
, 113
, 41
, 149
, 26
, 164
, 151
, 39
, 126
, 64
, 112
, 78
, 72
, 118
, 152
, 38
, 23
, 167
, 183
, 7
, 13
, 177
, 24
, 166
, 76
, 114
, 21
, 169
, 81
, 109
, 166
, 24
, 155
, 35
, 86
, 104
, 78
, 112
, 175
, 15
, 37
, 153
, 89
, 101
, 78
, 112
, 156
, 34
, 28
, 162
, 114
, 76
, 70
, 120
, 133
, 57
, 6
, 184
, 178
, 12
, 76
, 114
, 170
, 20
, 88
, 102
, 63
, 127
, 111
, 79
, 180
, 10
, 56
, 134
, 144
, 46
, 103
, 87
, 110
, 80
, 163
, 27
, 141
, 49
, 141
, 49
, 78
, 112
, 80
, 110
, 181
, 9
, 105
, 85
, 99
, 91
, 38
, 152
, 70
, 120
, 180
, 10
, 114
, 76
, 50
, 140
, 180
, 10
, 80
, 110
, 139
, 51
, 100
, 90
, 32
, 158
, 139
, 51
, 98
, 92
, 175
, 15
, 16
, 174
, 174
, 16
, 160
, 30
, 95
, 95
, 164
, 26
, 19
, 171
, 162
, 28
, 25
, 165
, 180
, 10
, 9
, 181
, 79
, 111
, 102
, 88
, 69
, 121
, 183
, 7
, 131
, 59
, 163
, 27
, 35
, 155
, 14
, 176
, 31
, 159
, 35
, 155
, 83
, 107
, 16
, 174
, 62
, 128
, 116
, 74
, 14
, 176
, 153
, 37
, 27
, 163
, 92
, 98
, 180
, 10
, 17
, 173
, 184
, 6
, 51
, 139
, 113
, 77
, 188
, 2
, 90
, 100
, 98
, 92
, 159
, 31
, 36
, 154
, 184
, 6
, 141
, 49
, 148
, 42
, 112
, 78
, 46
, 144
, 17
, 173
, 139
, 51
, 184
, 6
, 121
, 69
, 20
, 170
, 50
, 140
, 2
, 188
, 162
, 28
, 180
, 10
, 23
, 167
, 97
, 93
, 97
, 93
, 75
, 115
, 121
, 69
, 58
, 132
, 153
, 37
, 187
, 3
, 96
, 94
, 16
, 174
, 149
, 41
, 77
, 113
, 157
, 33
, 124
, 66
, 140
, 50
, 163
, 27
, 53
, 137
, 92
, 98
, 178
, 12
, 62
, 128
, 10
, 180
, 58
, 132
, 85
, 105
, 15
, 175
, 97
, 93
, 147
, 43
, 68
, 122
, 138
, 52
, 80
, 110
, 49
, 141
, 144
, 46
, 186
, 4
, 21
, 169
, 72
, 118
, 136
, 54
, 48
, 142
, 112
, 78
, 121
, 69
, 25
, 165
, 45
, 145
, 103
, 87
, 81
, 109
, 175
, 15
, 149
, 41
, 153
, 37
, 155
, 35
, 12
, 178
, 13
, 177
, 88
, 102
, 38
, 152
, 154
, 36
, 100
, 90
, 31
, 159
, 62
, 128
, 173
, 17
, 123
, 67
, 147
, 43
, 68
, 122
, 109
, 81
, 7
, 183
, 26
, 164
, 85
, 105
, 167
, 23
, 136
, 54
, 20
, 170
, 74
, 116
, 157
, 33
, 50
, 140
, 171
, 19
, 7
, 183
, 1
, 189
, 107
, 83
, 23
, 167
, 13
, 177
, 102
, 88
, 21
, 169
, 74
, 116
, 92
, 98
, 164
, 26
, 76
, 114
, 126
, 64
, 83
, 107
, 126
, 64
, 45
, 145
, 31
, 159
, 141
, 49
, 65
, 125
, 172
, 18
, 130
, 60
, 113
, 77
, 41
, 149
, 112
, 78
, 59
, 131
, 88
, 102
, 169
, 21
, 10
, 180
, 101
, 89
, 26
, 164
, 129
, 61
, 41
, 149
, 45
, 145
, 33
, 157
, 7
, 183
, 46
, 144
, 135
, 55
, 62
, 128
, 184
, 6
, 174
, 16
, 48
, 142
, 44
, 146
, 165
, 25
, 89
, 101
, 127
, 63
, 85
, 105
, 118
, 72
, 5
, 185
, 85
, 105
, 128
, 62
, 169
, 21
, 187
, 3
, 163
, 27
, 155
, 35
, 72
, 118
, 176
, 14
, 149
, 41
, 73
, 117
, 158
, 32
, 21
, 169
, 147
, 43
, 113
, 77
, 128
, 62
, 165
, 25
, 148
, 42
, 186
, 4
, 87
, 103
, 9
, 181
, 157
, 33
, 45
, 145
, 174
, 16
, 113
, 77
, 161
, 29
, 87
, 103
, 176
, 14
, 86
, 104
, 95
, 95
, 96
, 94
, 64
, 126
, 50
, 140
, 14
, 176
, 159
, 31
, 171
, 19
, 2
, 188
, 164
, 26
, 182
, 8
, 28
, 162
, 151
, 39
, 99
, 91
, 167
, 23
, 72
, 118
, 117
, 73
, 180
, 10
, 179
, 11
, 47
, 143
, 10
, 180
, 67
, 123
, 137
, 53
, 40
, 150
, 23
, 167
, 185
, 5
, 169
, 21
, 49
, 141
, 108
, 82
, 109
, 81
, 120
, 70
, 150
, 40
, 42
, 148
, 22
, 168
, 174
, 16
, 66
, 124
, 101
, 89
, 71
, 119
, 125
, 65
, 146
, 44
, 112
, 78
, 78
, 112
, 48
, 142
, 45
, 145
, 124
, 66
, 74
, 116
, 123
, 67
, 188
, 2
, 141
, 49
, 28
, 162
, 140
, 50
, 88
, 102
, 126
, 64
, 186
, 4
, 131
, 59
, 172
, 18
, 161
, 29
, 143
, 47
, 109
, 81
, 120
, 70
, 114
, 76
, 9
, 181
, 136
, 54
, 143
, 47
, 10
, 180
, 162
, 28
, 183
, 7
, 39
, 151
, 140
, 50
, 25
, 165
, 134
, 56
, 174
, 16
, 12
, 178
, 160
, 30
, 24
, 166
, 114
, 76
, 72
, 118
, 133
, 57
, 162
, 28
, 157
, 33
, 96
, 94
, 156
, 34
, 106
, 84
, 56
, 134
, 177
, 13
, 35
, 155
, 41
, 149
, 175
, 15
, 57
, 133
, 24
, 166
, 86
, 104
, 137
, 53
, 154
, 36
, 40
, 150
, 21
, 169
, 133
, 57
, 169
, 21
, 6
, 184
, 108
, 82
, 79
, 111
, 71
, 119
, 109
, 81
, 100
, 90
, 131
, 59
, 49
, 141
, 115
, 75
, 105
, 85
, 150
, 40
, 106
, 84
, 132
, 58
, 27
, 163
, 55
, 135
, 12
, 178
, 22
, 168
, 150
, 40
, 124
, 66
, 137
, 53
, 82
, 108
, 179
, 11
, 172
, 18
, 81
, 109
, 179
, 11
, 49
, 141
, 11
, 179
, 7
, 183
, 133
, 57
, 152
, 38
, 90
, 100
, 28
, 162
, 163
, 27
, 13
, 177
, 151
, 39
, 184
, 6
, 50
, 140
, 124
, 66
, 174
, 16
, 78
, 112
, 102
, 88
, 97
, 93
, 154
, 36
, 15
, 175
, 26
, 164
, 64
, 126
, 131
, 59
, 41
, 149
, 27
, 163
, 182
, 8
, 1
, 189
, 170
, 20
, 84
, 106
, 72
, 118
, 120
, 70
, 80
, 110
, 187
, 3
, 145
, 45
, 33
, 157
, 26
, 164
, 53
, 137
, 187
, 3
, 181
, 9
, 84
, 106
, 6
, 184
, 136
, 54
, 74
, 116
, 131
, 59
, 56
, 134
, 168
, 22
, 175
, 15
, 144
, 46
, 123
, 67
, 14
, 176
, 95
, 95
, 93
, 97
, 45
, 145
, 123
, 67
, 123
, 67
, 171
, 19
, 63
, 127
, 20
, 170
, 124
, 66
, 187
, 3
, 168
, 22
, 119
, 71
, 52
, 138
, 141
, 49
, 42
, 148
, 51
, 139
, 163
, 27
, 21
, 169
, 14
, 176
, 147
, 43
, 47
, 143
, 96
, 94
, 55
, 135
, 94
, 96
, 103
, 87
, 24
, 166
, 50
, 140
, 150
, 40
, 103
, 87
, 83
, 107
, 10
, 180
, 122
, 68
, 145
, 45
, 67
, 123
, 180
, 10
, 177
, 13
, 139
, 51
, 179
, 11
, 36
, 154
, 21
, 169
, 15
, 175
, 108
, 82
, 113
, 77
, 172
, 18
, 84
, 106
, 185
, 5
, 21
, 169
, 57
, 133
, 147
, 43
, 157
, 33
, 161
, 29
, 18
, 172
, 98
, 92
, 62
, 128
, 122
, 68
, 60
, 130
, 84
, 106
, 53
, 137
, 92
, 98
, 67
, 123
, 2
, 188
, 166
, 24
, 135
, 55
, 129
, 61
, 16
, 174
, 27
, 163
, 186
, 4
, 26
, 164
, 107
, 83
, 15
, 175
, 144
, 46
, 92
, 98
, 51
, 139
, 72
, 118
, 28
, 162
, 56
, 134
, 121
, 69
, 115
, 75
, 22
, 168
, 136
, 54
, 47
, 143
