
4130
, 219
, 38
, 25
, 232
, 165
, 92
, 150
, 107
, 85
, 172
, 65
, 192
, 205
, 52
, 143
, 114
, 92
, 165
, 50
, 207
, 192
, 65
, 208
, 49
, 73
, 184
, 204
, 53
, 53
, 204
, 1
, 256
, 230
, 27
, 232
, 25
, 109
, 148
, 172
, 85
, 237
, 20
, 196
, 61
, 229
, 28
, 180
, 77
, 134
, 123
, 16
, 241
, 131
, 126
, 20
, 237
, 25
, 232
, 48
, 209
, 213
, 44
, 165
, 92
, 142
, 115
, 139
, 118
, 245
, 12
, 198
, 59
, 34
, 223
, 250
, 7
, 5
, 252
, 159
, 98
, 91
, 166
, 48
, 209
, 138
, 119
, 26
, 231
, 110
, 147
, 5
, 252
, 221
, 36
, 81
, 176
, 93
, 164
, 159
, 98
, 242
, 15
, 227
, 30
, 170
, 87
, 14
, 243
, 118
, 139
, 95
, 162
, 105
, 152
, 62
, 195
, 20
, 237
, 251
, 6
, 15
, 242
, 179
, 78
, 238
, 19
, 178
, 79
, 3
, 254
, 96
, 161
, 17
, 240
, 20
, 237
, 236
, 21
, 245
, 12
, 218
, 39
, 70
, 187
, 25
, 232
, 246
, 11
, 137
, 120
, 25
, 232
, 100
, 157
, 42
, 215
, 110
, 147
, 99
, 158
, 163
, 94
, 244
, 13
, 44
, 213
, 153
, 104
, 245
, 12
, 178
, 79
, 87
, 170
, 48
, 209
, 82
, 175
, 19
, 238
, 165
, 92
, 87
, 170
, 1
, 256
, 189
, 68
, 63
, 194
, 240
, 17
, 208
, 49
, 125
, 132
, 59
, 198
, 66
, 191
, 161
, 96
, 161
, 96
, 117
, 140
, 194
, 63
, 36
, 221
, 29
, 228
, 121
, 136
, 236
, 21
, 159
, 98
, 231
, 26
, 169
, 88
, 19
, 238
, 198
, 59
, 228
, 29
, 199
, 58
, 2
, 255
, 119
, 138
, 43
, 214
, 203
, 54
, 136
, 121
, 130
, 127
, 217
, 40
, 233
, 24
, 195
, 62
, 223
, 34
, 205
, 52
, 177
, 80
, 226
, 31
, 75
, 182
, 171
, 86
, 153
, 104
, 251
, 6
, 209
, 48
, 2
, 255
, 44
, 213
, 123
, 134
, 199
, 58
, 241
, 16
, 249
, 8
, 196
, 61
, 38
, 219
, 248
, 9
, 11
, 246
, 189
, 68
, 15
, 242
, 67
, 190
, 252
, 5
, 210
, 47
, 62
, 195
, 110
, 147
, 180
, 77
, 71
, 186
, 30
, 227
, 79
, 178
, 76
, 181
, 25
, 232
, 186
, 71
, 165
, 92
, 224
, 33
, 171
, 86
, 51
, 206
, 46
, 211
, 167
, 90
, 146
, 111
, 146
, 111
, 208
, 49
, 206
, 51
, 40
, 217
, 189
, 68
, 132
, 125
, 11
, 246
, 151
, 106
, 159
, 98
, 179
, 78
, 16
, 241
, 62
, 195
, 71
, 186
, 223
, 34
, 30
, 227
, 82
, 175
, 21
, 236
, 248
, 9
, 170
, 87
, 218
, 39
, 79
, 178
, 142
, 115
, 52
, 205
, 130
, 127
, 225
, 32
, 113
, 144
, 14
, 243
, 197
, 60
, 205
, 52
, 119
, 138
, 41
, 216
, 187
, 70
, 137
, 120
, 137
, 120
, 207
, 50
, 219
, 38
, 177
, 80
, 92
, 165
, 185
, 72
, 4
, 253
, 228
, 29
, 216
, 41
, 231
, 26
, 156
, 101
, 130
, 127
, 196
, 61
, 51
, 206
, 227
, 30
, 70
, 187
, 84
, 173
, 244
, 13
, 219
, 38
, 171
, 86
, 69
, 188
, 229
, 28
, 21
, 236
, 108
, 149
, 208
, 49
, 28
, 229
, 220
, 37
, 112
, 145
, 107
, 150
, 21
, 236
, 102
, 155
, 214
, 43
, 122
, 135
, 101
, 156
, 210
, 47
, 156
, 101
, 201
, 56
, 61
, 196
, 60
, 197
, 177
, 80
, 41
, 216
, 74
, 183
, 118
, 139
, 172
, 85
, 242
, 15
, 17
, 240
, 100
, 157
, 55
, 202
, 75
, 182
, 166
, 91
, 80
, 177
, 47
, 210
, 132
, 125
, 232
, 25
, 127
, 130
, 23
, 234
, 57
, 200
, 62
, 195
, 128
, 129
, 21
, 236
, 217
, 40
, 56
, 201
, 46
, 211
, 112
, 145
, 80
, 177
, 85
, 172
, 56
, 201
, 168
, 89
, 146
, 111
, 209
, 48
, 32
, 225
, 170
, 87
, 144
, 113
, 168
, 89
, 156
, 101
, 186
, 71
, 29
, 228
, 50
, 207
, 171
, 86
, 67
, 190
, 78
, 179
, 114
, 143
, 3
, 254
, 108
, 149
, 92
, 165
, 209
, 48
, 9
, 248
, 104
, 153
, 195
, 62
, 195
, 62
, 96
, 161
, 93
, 164
, 98
, 159
, 92
, 165
, 169
, 88
, 209
, 48
, 240
, 17
, 209
, 48
, 186
, 71
, 223
, 34
, 171
, 86
, 205
, 52
, 99
, 158
, 42
, 215
, 250
, 7
, 237
, 20
, 180
, 77
, 99
, 158
, 109
, 148
, 46
, 211
, 76
, 181
, 62
, 195
, 118
, 139
, 163
, 94
, 160
, 97
, 169
, 88
, 134
, 123
, 66
, 191
, 223
, 34
, 102
, 155
, 217
, 40
, 103
, 154
, 178
, 79
, 180
, 77
, 173
, 84
, 213
, 44
, 28
, 229
, 29
, 228
, 113
, 144
, 174
, 83
, 49
, 208
, 117
, 140
, 103
, 154
, 105
, 152
, 15
, 242
, 219
, 38
, 121
, 136
, 9
, 248
, 28
, 229
, 200
, 57
, 73
, 184
, 21
, 236
, 175
, 82
, 73
, 184
, 219
, 38
, 14
, 243
, 244
, 13
, 147
, 110
, 20
, 237
, 122
, 135
, 112
, 145
, 41
, 216
, 73
, 184
, 100
, 157
, 224
, 33
, 152
, 105
, 139
, 118
, 47
, 210
, 75
, 182
, 57
, 200
, 171
, 86
, 212
, 45
, 175
, 82
, 27
, 230
, 72
, 185
, 161
, 96
, 90
, 167
, 173
, 84
, 177
, 80
, 114
, 143
, 188
, 69
, 158
, 99
, 149
, 108
, 78
, 179
, 191
, 66
, 45
, 212
, 102
, 155
, 59
, 198
, 128
, 129
, 144
, 113
, 132
, 125
, 111
, 146
, 48
, 209
, 175
, 82
, 47
, 210
, 155
, 102
, 51
, 206
, 196
, 61
, 228
, 29
, 244
, 13
, 235
, 22
, 184
, 73
, 15
, 242
, 62
, 195
, 79
, 178
, 73
, 184
, 94
, 163
, 102
, 155
, 161
, 96
, 171
, 86
, 184
, 73
, 148
, 109
, 66
, 191
, 237
, 20
, 246
, 11
, 150
, 107
, 189
, 68
, 123
, 134
, 25
, 232
, 78
, 179
, 144
, 113
, 32
, 225
, 79
, 178
, 245
, 12
, 218
, 39
, 109
, 148
, 47
, 210
, 231
, 26
, 97
, 160
, 38
, 219
, 62
, 195
, 80
, 177
, 128
, 129
, 32
, 225
, 144
, 113
, 96
, 161
, 239
, 18
, 70
, 187
, 100
, 157
, 130
, 127
, 110
, 147
, 205
, 52
, 202
, 55
, 116
, 141
, 40
, 217
, 70
, 187
, 198
, 59
, 12
, 245
, 100
, 157
, 160
, 97
, 54
, 203
, 43
, 214
, 130
, 127
, 252
, 5
, 167
, 90
, 34
, 223
, 225
, 32
, 124
, 133
, 58
, 199
, 72
, 185
, 3
, 254
, 166
, 91
, 174
, 83
, 57
, 200
, 27
, 230
, 119
, 138
, 24
, 233
, 82
, 175
, 175
, 82
, 19
, 238
, 9
, 248
, 22
, 235
, 9
, 248
, 26
, 231
, 224
, 33
, 222
, 35
, 127
, 130
, 136
, 121
, 33
, 224
, 123
, 134
, 89
, 168
, 102
, 155
, 190
, 67
, 238
, 19
, 89
, 168
, 69
, 188
, 16
, 241
, 67
, 190
, 227
, 30
, 153
, 104
, 220
, 37
, 75
, 182
, 20
, 237
, 212
, 45
, 215
, 42
, 110
, 147
, 33
, 224
, 157
, 100
, 134
, 123
, 244
, 13
, 41
, 216
, 21
, 236
, 86
, 171
, 146
, 111
, 29
, 228
, 49
, 208
, 124
, 133
, 194
, 63
, 135
, 122
, 173
, 84
, 31
, 226
, 196
, 61
, 162
, 95
, 65
, 192
, 165
, 92
, 55
, 202
, 184
, 73
, 2
, 255
, 51
, 206
, 155
, 102
, 69
, 188
, 254
, 3
, 224
, 33
, 1
, 256
, 167
, 90
, 164
, 93
, 53
, 204
, 169
, 88
, 6
, 251
, 62
, 195
, 150
, 107
, 69
, 188
, 131
, 126
, 19
, 238
, 124
, 133
, 170
, 87
, 207
, 50
, 36
, 221
, 2
, 255
, 253
, 4
, 47
, 210
, 72
, 185
, 191
, 66
, 153
, 104
, 203
, 54
, 227
, 30
, 108
, 149
, 30
, 227
, 71
, 186
, 170
, 87
, 173
, 84
, 37
, 220
, 208
, 49
, 255
, 2
, 170
, 87
, 126
, 131
, 160
, 97
, 175
, 82
, 72
, 185
, 14
, 243
, 51
, 206
, 113
, 144
, 244
, 13
, 234
, 23
, 56
, 201
, 211
, 46
, 163
, 94
, 57
, 200
, 128
, 129
, 64
, 193
, 231
, 26
, 68
, 189
, 174
, 83
, 178
, 79
, 158
, 99
, 14
, 243
, 55
, 202
, 155
, 102
, 196
, 61
, 150
, 107
, 82
, 175
, 246
, 11
, 117
, 140
, 143
, 114
, 230
, 27
, 244
, 13
, 63
, 194
, 172
, 85
, 96
, 161
, 84
, 173
, 5
, 252
, 222
, 35
, 44
, 213
, 70
, 187
, 223
, 34
, 24
, 233
, 30
, 227
, 192
, 65
, 152
, 105
, 218
, 39
, 237
, 20
, 35
, 222
, 170
, 87
, 60
, 197
, 106
, 151
, 231
, 26
, 86
, 171
, 232
, 25
, 245
, 12
, 166
, 91
, 14
, 243
, 17
, 240
, 35
, 222
, 119
, 138
, 22
, 235
, 214
, 43
, 152
, 105
, 63
, 194
, 79
, 178
, 113
, 144
, 141
, 116
, 157
, 100
, 104
, 153
, 13
, 244
, 221
, 36
, 202
, 55
, 210
, 47
, 235
, 22
, 36
, 221
, 58
, 199
, 199
, 58
, 197
, 60
, 207
, 50
, 199
, 58
, 163
, 94
, 31
, 226
, 241
, 16
, 71
, 186
, 148
, 109
, 51
, 206
, 253
, 4
, 105
, 152
, 153
, 104
, 65
, 192
, 83
, 174
, 72
, 185
, 192
, 65
, 166
, 91
, 190
, 67
, 151
, 106
, 53
, 204
, 119
, 138
, 199
, 58
, 25
, 232
, 225
, 32
, 230
, 27
, 125
, 132
, 192
, 65
, 10
, 247
, 239
, 18
, 102
, 155
, 166
, 91
, 37
, 220
, 218
, 39
, 115
, 142
, 15
, 242
, 206
, 51
, 134
, 123
, 100
, 157
, 192
, 65
, 194
, 63
, 83
, 174
, 30
, 227
, 195
, 62
, 106
, 151
, 65
, 192
, 216
, 41
, 255
, 2
, 244
, 13
, 120
, 137
, 110
, 147
, 83
, 174
, 98
, 159
, 126
, 131
, 154
, 103
, 221
, 36
, 187
, 70
, 222
, 35
, 142
, 115
, 90
, 167
, 233
, 24
, 134
, 123
, 122
, 135
, 205
, 52
, 171
, 86
, 120
, 137
, 134
, 123
, 97
, 160
, 178
, 79
, 170
, 87
, 213
, 44
, 85
, 172
, 200
, 57
, 182
, 75
, 7
, 250
, 78
, 179
, 235
, 22
, 144
, 113
, 96
, 161
, 143
, 114
, 135
, 122
, 97
, 160
, 110
, 147
, 85
, 172
, 188
, 69
, 111
, 146
, 211
, 46
, 171
, 86
, 177
, 80
, 140
, 117
, 57
, 200
, 68
, 189
, 196
, 61
, 201
, 56
, 255
, 2
, 66
, 191
, 194
, 63
, 6
, 251
, 61
, 196
, 234
, 23
, 79
, 178
, 69
, 188
, 242
, 15
, 34
, 223
, 1
, 256
, 44
, 213
, 195
, 62
, 93
, 164
, 69
, 188
, 143
, 114
, 111
, 146
, 94
, 163
, 92
, 165
, 3
, 254
, 247
, 10
, 55
, 202
, 170
, 87
, 137
, 120
, 198
, 59
, 93
, 164
, 193
, 64
, 181
, 76
, 72
, 185
, 221
, 36
, 229
, 28
, 158
, 99
, 174
, 83
, 147
, 110
, 27
, 230
, 26
, 231
, 28
, 229
, 45
, 212
, 88
, 169
, 80
, 177
, 48
, 209
, 137
, 120
, 77
, 180
, 143
, 114
, 205
, 52
, 6
, 251
, 226
, 31
, 185
, 72
, 225
, 32
, 118
, 139
, 213
, 44
, 38
, 219
, 98
, 159
, 93
, 164
, 84
, 173
, 183
, 74
, 214
, 43
, 44
, 213
, 28
, 229
, 66
, 191
, 144
, 113
, 175
, 82
, 136
, 121
, 40
, 217
, 236
, 21
, 188
, 69
, 59
, 198
, 56
, 201
, 253
, 4
, 108
, 149
, 85
, 172
, 188
, 69
, 129
, 128
, 194
, 63
, 195
, 62
, 62
, 195
, 34
, 223
, 38
, 219
, 215
, 42
, 21
, 236
, 30
, 227
, 31
, 226
, 143
, 114
, 210
, 47
, 240
, 17
, 244
, 13
, 37
, 220
, 151
, 106
, 101
, 156
, 1
, 256
, 180
, 77
, 244
, 13
, 89
, 168
, 195
, 62
, 140
, 117
, 9
, 248
, 59
, 198
, 177
, 80
, 224
, 33
, 199
, 58
, 134
, 123
, 95
, 162
, 221
, 36
, 121
, 136
, 212
, 45
, 62
, 195
, 55
, 202
, 227
, 30
, 38
, 219
, 213
, 44
, 128
, 129
, 178
, 79
, 29
, 228
, 158
, 99
, 184
, 73
, 141
, 116
, 233
, 24
, 18
, 239
, 92
, 165
, 50
, 207
, 71
, 186
, 177
, 80
, 177
, 80
, 30
, 227
, 84
, 173
, 56
, 201
, 211
, 46
, 242
, 15
, 191
, 66
, 201
, 56
, 175
, 82
, 104
, 153
, 98
, 159
, 167
, 90
, 203
, 54
, 114
, 143
, 45
, 212
, 234
, 23
, 221
, 36
, 94
, 163
, 14
, 243
, 20
, 237
, 64
, 193
, 124
, 133
, 10
, 247
, 28
, 229
, 11
, 246
, 207
, 50
, 196
, 61
, 20
, 237
, 210
, 47
, 3
, 254
, 63
, 194
, 41
, 216
, 86
, 171
, 174
, 83
, 12
, 245
, 40
, 217
, 164
, 93
, 199
, 58
, 226
, 31
, 156
, 101
, 184
, 73
, 254
, 3
, 94
, 163
, 125
, 132
, 121
, 136
, 254
, 3
, 224
, 33
, 43
, 214
, 80
, 177
, 128
, 129
, 69
, 188
, 3
, 254
, 68
, 189
, 245
, 12
, 62
, 195
, 243
, 14
, 59
, 198
, 248
, 9
, 181
, 76
, 138
, 119
, 173
, 84
, 31
, 226
, 115
, 142
, 69
, 188
, 172
, 85
, 7
, 250
, 243
, 14
, 73
, 184
, 112
, 145
, 61
, 196
, 169
, 88
, 194
, 63
, 166
, 91
, 146
, 111
, 189
, 68
, 54
, 203
, 117
, 140
, 58
, 199
, 45
, 212
, 16
, 241
, 145
, 112
, 122
, 135
, 4
, 253
, 127
, 130
, 133
, 124
, 76
, 181
, 174
, 83
, 136
, 121
, 59
, 198
, 194
, 63
, 88
, 169
, 81
, 176
, 108
, 149
, 20
, 237
, 194
, 63
, 218
, 39
, 12
, 245
, 15
, 242
, 58
, 199
, 168
, 89
, 211
, 46
, 49
, 208
, 3
, 254
, 145
, 112
, 149
, 108
, 108
, 149
, 94
, 163
, 4
, 253
, 90
, 167
, 38
, 219
, 108
, 149
, 64
, 193
, 174
, 83
, 148
, 109
, 118
, 139
, 207
, 50
, 111
, 146
, 226
, 31
, 239
, 18
, 61
, 196
, 203
, 54
, 51
, 206
, 190
, 67
, 138
, 119
, 224
, 33
, 250
, 7
, 191
, 66
, 251
, 6
, 232
, 25
, 44
, 213
, 12
, 245
, 85
, 172
, 104
, 153
, 184
, 73
, 55
, 202
, 68
, 189
, 162
, 95
, 112
, 145
, 138
, 119
, 179
, 78
, 85
, 172
, 150
, 107
, 190
, 67
, 129
, 128
, 72
, 185
, 232
, 25
, 82
, 175
, 173
, 84
, 237
, 20
, 174
, 83
, 9
, 248
, 112
, 145
, 194
, 63
, 50
, 207
, 26
, 231
, 227
, 30
, 236
, 21
, 48
, 209
, 219
, 38
, 185
, 72
, 226
, 31
, 146
, 111
, 52
, 205
, 118
, 139
, 93
, 164
, 36
, 221
, 59
, 198
, 199
, 58
, 246
, 11
, 54
, 203
, 217
, 40
, 102
, 155
, 180
, 77
, 150
, 107
, 108
, 149
, 136
, 121
, 16
, 241
, 102
, 155
, 149
, 108
, 77
, 180
, 3
, 254
, 12
, 245
, 178
, 79
, 244
, 13
, 217
, 40
, 98
, 159
, 102
, 155
, 17
, 240
, 98
, 159
, 106
, 151
, 115
, 142
, 221
, 36
, 11
, 246
, 6
, 251
, 241
, 16
, 4
, 253
, 228
, 29
, 81
, 176
, 100
, 157
, 198
, 59
, 194
, 63
, 78
, 179
, 36
, 221
, 115
, 142
, 177
, 80
, 15
, 242
, 120
, 137
, 171
, 86
, 198
, 59
, 19
, 238
, 130
, 127
, 61
, 196
, 138
, 119
, 114
, 143
, 127
, 130
, 71
, 186
, 133
, 124
, 196
, 61
, 133
, 124
, 176
, 81
, 82
, 175
, 223
, 34
, 37
, 220
, 82
, 175
, 20
, 237
, 89
, 168
, 52
, 205
, 48
, 209
, 69
, 188
, 84
, 173
, 139
, 118
, 70
, 187
, 48
, 209
, 53
, 204
, 136
, 121
, 105
, 152
, 149
, 108
, 153
, 104
, 75
, 182
, 215
, 42
, 91
, 166
, 170
, 87
, 117
, 140
, 155
, 102
, 144
, 113
, 251
, 6
, 185
, 72
, 62
, 195
, 125
, 132
, 225
, 32
, 160
, 97
, 156
, 101
, 170
, 87
, 133
, 124
, 133
, 124
, 135
, 122
, 246
, 11
, 111
, 146
, 246
, 11
, 98
, 159
, 32
, 225
, 148
, 109
, 236
, 21
, 243
, 14
, 166
, 91
, 141
, 116
, 177
, 80
, 168
, 89
, 60
, 197
, 239
, 18
, 241
, 16
, 81
, 176
, 140
, 117
, 182
, 75
, 200
, 57
, 53
, 204
, 1
, 256
, 254
, 3
, 126
, 131
, 209
, 48
, 27
, 230
, 136
, 121
, 233
, 24
, 57
, 200
, 39
, 218
, 108
, 149
, 129
, 128
, 38
, 219
, 166
, 91
, 212
, 45
, 132
, 125
, 39
, 218
, 122
, 135
, 177
, 80
, 154
, 103
, 15
, 242
, 40
, 217
, 107
, 150
, 175
, 82
, 72
, 185
, 65
, 192
, 205
, 52
, 164
, 93
, 104
, 153
, 249
, 8
, 224
, 33
, 73
, 184
, 185
, 72
, 168
, 89
, 164
, 93
, 184
, 73
, 135
, 122
, 235
, 22
, 49
, 208
, 225
, 32
, 223
, 34
, 133
, 124
, 83
, 174
, 91
, 166
, 136
, 121
, 134
, 123
, 171
, 86
, 236
, 21
, 126
, 131
, 210
, 47
, 216
, 41
, 173
, 84
, 97
, 160
, 108
, 149
, 130
, 127
, 161
, 96
, 242
, 15
, 50
, 207
, 2
, 255
, 71
, 186
, 129
, 128
, 17
, 240
, 219
, 38
, 121
, 136
, 13
, 244
, 234
, 23
, 240
, 17
, 166
, 91
, 155
, 102
, 130
, 127
, 210
, 47
, 162
, 95
, 50
, 207
, 13
, 244
, 212
, 45
, 149
, 108
, 110
, 147
, 106
, 151
, 102
, 155
, 249
, 8
, 197
, 60
, 240
, 17
, 69
, 188
, 145
, 112
, 236
, 21
, 16
, 241
, 158
, 99
, 117
, 140
, 34
, 223
, 140
, 117
, 209
, 48
, 26
, 231
, 111
, 146
, 47
, 210
, 172
, 85
, 129
, 128
, 104
, 153
, 160
, 97
, 141
, 116
, 93
, 164
, 189
, 68
, 103
, 154
, 183
, 74
, 169
, 88
, 69
, 188
, 30
, 227
, 118
, 139
, 205
, 52
, 126
, 131
, 82
, 175
, 129
, 128
, 19
, 238
, 171
, 86
, 90
, 167
, 132
, 125
, 200
, 57
, 174
, 83
, 158
, 99
, 41
, 216
, 225
, 32
, 31
, 226
, 132
, 125
, 168
, 89
, 39
, 218
, 225
, 32
, 79
, 178
, 58
, 199
, 90
, 167
, 247
, 10
, 27
, 230
, 89
, 168
, 194
, 63
, 71
, 186
, 96
, 161
, 35
, 222
, 155
, 102
, 135
, 122
, 129
, 128
, 98
, 159
, 112
, 145
, 218
, 39
, 203
, 54
, 251
, 6
, 21
, 236
, 133
, 124
, 45
, 212
, 253
, 4
, 81
, 176
, 179
, 78
, 107
, 150
, 66
, 191
, 27
, 230
, 217
, 40
, 80
, 177
, 172
, 85
, 79
, 178
, 86
, 171
, 211
, 46
, 64
, 193
, 115
, 142
, 216
, 41
, 2
, 255
, 70
, 187
, 175
, 82
, 17
, 240
, 149
, 108
, 193
, 64
, 6
, 251
, 216
, 41
, 10
, 247
, 65
, 192
, 148
, 109
, 92
, 165
, 95
, 162
, 232
, 25
, 211
, 46
, 244
, 13
, 211
, 46
, 137
, 120
, 137
, 120
, 139
, 118
, 131
, 126
, 206
, 51
, 72
, 185
, 241
, 16
, 220
, 37
, 105
, 152
, 21
, 236
, 162
, 95
, 199
, 58
, 200
, 57
, 177
, 80
, 63
, 194
, 3
, 254
, 190
, 67
, 108
, 149
, 24
, 233
, 57
, 200
, 142
, 115
, 140
, 117
, 178
, 79
, 214
, 43
, 10
, 247
, 69
, 188
, 130
, 127
, 218
, 39
, 108
, 149
, 115
, 142
, 226
, 31
, 32
, 225
, 241
, 16
, 231
, 26
, 77
, 180
, 226
, 31
, 213
, 44
, 105
, 152
, 18
, 239
, 93
, 164
, 200
, 57
, 192
, 65
, 214
, 43
, 91
, 166
, 202
, 55
, 185
, 72
, 117
, 140
, 169
, 88
, 78
, 179
, 127
, 130
, 233
, 24
, 168
, 89
, 81
, 176
, 152
, 105
, 181
, 76
, 123
, 134
, 121
, 136
, 220
, 37
, 117
, 140
, 59
, 198
, 223
, 34
, 100
, 157
, 87
, 170
, 42
, 215
, 244
, 13
, 139
, 118
, 28
, 229
, 236
, 21
, 202
, 55
, 74
, 183
, 156
, 101
, 79
, 178
, 235
, 22
, 41
, 216
, 155
, 102
, 85
, 172
, 48
, 209
, 215
, 42
, 46
, 211
, 219
, 38
, 242
, 15
, 123
, 134
, 33
, 224
, 130
, 127
, 204
, 53
, 144
, 113
, 187
, 70
, 73
, 184
, 3
, 254
, 186
, 71
, 155
, 102
, 181
, 76
, 158
, 99
, 141
, 116
, 213
, 44
, 155
, 102
, 143
, 114
, 193
, 64
, 161
, 96
, 83
, 174
, 228
, 29
, 3
, 254
, 209
, 48
, 5
, 252
, 64
, 193
, 29
, 228
, 169
, 88
, 104
, 153
, 107
, 150
, 52
, 205
, 111
, 146
, 203
, 54
, 133
, 124
, 156
, 101
, 236
, 21
, 76
, 181
, 22
, 235
, 60
, 197
, 56
, 201
, 213
, 44
, 176
, 81
, 153
, 104
, 136
, 121
, 246
, 11
, 40
, 217
, 183
, 74
, 81
, 176
, 10
, 247
, 112
, 145
, 219
, 38
, 23
, 234
, 28
, 229
, 102
, 155
, 44
, 213
, 224
, 33
, 79
, 178
, 255
, 2
, 17
, 240
, 15
, 242
, 253
, 4
, 167
, 90
, 219
, 38
, 188
, 69
, 126
, 131
, 200
, 57
, 151
, 106
, 148
, 109
, 172
, 85
, 187
, 70
, 45
, 212
, 126
, 131
, 26
, 231
, 129
, 128
, 205
, 52
, 139
, 118
, 120
, 137
, 183
, 74
, 120
, 137
, 107
, 150
, 75
, 182
, 192
, 65
, 188
, 69
, 40
, 217
, 124
, 133
, 186
, 71
, 178
, 79
, 106
, 151
, 178
, 79
, 247
, 10
, 73
, 184
, 251
, 6
, 5
, 252
, 176
, 81
, 117
, 140
, 106
, 151
, 193
, 64
, 44
, 213
, 64
, 193
, 92
, 165
, 113
, 144
, 214
, 43
, 231
, 26
, 141
, 116
, 233
, 24
, 12
, 245
, 155
, 102
, 198
, 59
, 47
, 210
, 152
, 105
, 135
, 122
, 2
, 255
, 39
, 218
, 166
, 91
, 9
, 248
, 88
, 169
, 132
, 125
, 188
, 69
, 62
, 195
, 113
, 144
, 30
, 227
, 245
, 12
, 8
, 249
, 120
, 137
, 7
, 250
, 251
, 6
, 181
, 76
, 244
, 13
, 34
, 223
, 138
, 119
, 135
, 122
, 226
, 31
, 232
, 25
, 158
, 99
, 197
, 60
, 198
, 59
, 19
, 238
, 83
, 174
, 125
, 132
, 101
, 156
, 142
, 115
, 87
, 170
, 143
, 114
, 90
, 167
, 204
, 53
, 168
, 89
, 167
, 90
, 13
, 244
, 87
, 170
, 124
, 133
, 146
, 111
, 161
, 96
, 47
, 210
, 129
, 128
, 135
, 122
, 194
, 63
, 92
, 165
, 92
, 165
, 67
, 190
, 161
, 96
, 161
, 96
, 92
, 165
, 50
, 207
, 202
, 55
, 7
, 250
, 9
, 248
, 28
, 229
, 195
, 62
, 22
, 235
, 63
, 194
, 187
, 70
, 165
, 92
, 118
, 139
, 19
, 238
, 118
, 139
, 101
, 156
, 19
, 238
, 236
, 21
, 235
, 22
, 160
, 97
, 208
, 49
, 85
, 172
, 67
, 190
, 106
, 151
, 160
, 97
, 92
, 165
, 66
, 191
, 51
, 206
, 24
, 233
, 156
, 101
, 208
, 49
, 112
, 145
, 61
, 196
, 186
, 71
, 232
, 25
, 66
, 191
, 102
, 155
, 237
, 20
, 10
, 247
, 117
, 140
, 91
, 166
, 219
, 38
, 201
, 56
, 46
, 211
, 221
, 36
, 34
, 223
, 126
, 131
, 227
, 30
, 183
, 74
, 116
, 141
, 204
, 53
, 170
, 87
, 210
, 47
, 83
, 174
, 132
, 125
, 42
, 215
, 94
, 163
, 58
, 199
, 232
, 25
, 76
, 181
, 237
, 20
, 242
, 15
, 232
, 25
, 178
, 79
, 57
, 200
, 244
, 13
, 232
, 25
, 205
, 52
, 63
, 194
, 249
, 8
, 69
, 188
, 116
, 141
, 88
, 169
, 67
, 190
, 252
, 5
, 37
, 220
, 12
, 245
, 109
, 148
, 44
, 213
, 254
, 3
, 132
, 125
, 30
, 227
, 199
, 58
, 166
, 91
, 108
, 149
, 240
, 17
, 199
, 58
, 80
, 177
, 164
, 93
, 46
, 211
, 209
, 48
, 54
, 203
, 73
, 184
, 235
, 22
, 252
, 5
, 14
, 243
, 30
, 227
, 24
, 233
, 48
, 209
, 104
, 153
, 172
, 85
, 216
, 41
, 51
, 206
, 74
, 183
, 246
, 11
, 240
, 17
, 123
, 134
, 228
, 29
, 135
, 122
, 92
, 165
, 142
, 115
, 18
, 239
, 47
, 210
, 43
, 214
, 179
, 78
, 240
, 17
, 65
, 192
, 129
, 128
, 195
, 62
, 18
, 239
, 184
, 73
, 164
, 93
, 133
, 124
, 160
, 97
, 85
, 172
, 238
, 19
, 39
, 218
, 223
, 34
, 133
, 124
, 245
, 12
, 163
, 94
, 14
, 243
, 251
, 6
, 239
, 18
, 234
, 23
, 225
, 32
, 45
, 212
, 124
, 133
, 244
, 13
, 109
, 148
, 214
, 43
, 201
, 56
, 58
, 199
, 109
, 148
, 157
, 100
, 250
, 7
, 233
, 24
, 70
, 187
, 91
, 166
, 90
, 167
, 87
, 170
, 161
, 96
, 152
, 105
, 147
, 110
, 102
, 155
, 121
, 136
, 50
, 207
, 229
, 28
, 195
, 62
, 112
, 145
, 205
, 52
, 161
, 96
, 48
, 209
, 148
, 109
, 5
, 252
, 174
, 83
, 125
, 132
, 220
, 37
, 200
, 57
, 209
, 48
, 219
, 38
, 154
, 103
, 253
, 4
, 135
, 122
, 141
, 116
, 200
, 57
, 119
, 138
, 189
, 68
, 89
, 168
, 139
, 118
, 63
, 194
, 201
, 56
, 65
, 192
, 255
, 2
, 201
, 56
, 142
, 115
, 17
, 240
, 117
, 140
, 181
, 76
, 9
, 248
, 66
, 191
, 102
, 155
, 98
, 159
, 92
, 165
, 122
, 135
, 124
, 133
, 182
, 75
, 26
, 231
, 232
, 25
, 2
, 255
, 51
, 206
, 196
, 61
, 200
, 57
, 107
, 150
, 245
, 12
, 49
, 208
, 182
, 75
, 73
, 184
, 142
, 115
, 41
, 216
, 239
, 18
, 192
, 65
, 254
, 3
, 214
, 43
, 242
, 15
, 243
, 14
, 195
, 62
, 83
, 174
, 84
, 173
, 143
, 114
, 100
, 157
, 39
, 218
, 197
, 60
, 10
, 247
, 140
, 117
, 166
, 91
, 72
, 185
, 64
, 193
, 149
, 108
, 202
, 55
, 55
, 202
, 14
, 243
, 34
, 223
, 251
, 6
, 22
, 235
, 174
, 83
, 51
, 206
, 199
, 58
, 70
, 187
, 103
, 154
, 63
, 194
, 89
, 168
, 183
, 74
, 11
, 246
, 139
, 118
, 81
, 176
, 67
, 190
, 72
, 185
, 27
, 230
, 109
, 148
, 223
, 34
, 130
, 127
, 55
, 202
, 62
, 195
, 69
, 188
, 218
, 39
, 240
, 17
, 120
, 137
, 138
, 119
, 38
, 219
, 182
, 75
, 160
, 97
, 35
, 222
, 248
, 9
, 243
, 14
, 163
, 94
, 220
, 37
, 171
, 86
, 215
, 42
, 161
, 96
, 248
, 9
, 172
, 85
, 152
, 105
, 25
, 232
, 208
, 49
, 20
, 237
, 63
, 194
, 189
, 68
, 88
, 169
, 195
, 62
, 188
, 69
, 151
, 106
, 62
, 195
, 133
, 124
, 45
, 212
, 9
, 248
, 145
, 112
, 105
, 152
, 146
, 111
, 229
, 28
, 139
, 118
, 181
, 76
, 112
, 145
, 177
, 80
, 229
, 28
, 161
, 96
, 193
, 64
, 5
, 252
, 236
, 21
, 214
, 43
, 55
, 202
, 72
, 185
, 2
, 255
, 206
, 51
, 159
, 98
, 150
, 107
, 34
, 223
, 144
, 113
, 115
, 142
, 115
, 142
, 62
, 195
, 144
, 113
, 24
, 233
, 248
, 9
, 255
, 2
, 231
, 26
, 142
, 115
, 192
, 65
, 237
, 20
, 150
, 107
, 59
, 198
, 57
, 200
, 234
, 23
, 23
, 234
, 50
, 207
, 215
, 42
, 153
, 104
, 190
, 67
, 3
, 254
, 122
, 135
, 55
, 202
, 23
, 234
, 171
, 86
, 98
, 159
, 102
, 155
, 118
, 139
, 217
, 40
, 15
, 242
, 189
, 68
, 82
, 175
, 5
, 252
, 43
, 214
, 120
, 137
, 121
, 136
, 243
, 14
, 170
, 87
, 113
, 144
, 144
, 113
, 255
, 2
, 152
, 105
, 243
, 14
, 37
, 220
, 66
, 191
, 159
, 98
, 129
, 128
, 147
, 110
, 187
, 70
, 51
, 206
, 118
, 139
, 228
, 29
, 187
, 70
, 37
, 220
, 12
, 245
, 22
, 235
, 189
, 68
, 159
, 98
, 113
, 144
, 238
, 19
, 229
, 28
, 232
, 25
, 21
, 236
, 199
, 58
, 245
, 12
, 92
, 165
, 37
, 220
, 199
, 58
, 195
, 62
, 154
, 103
, 62
, 195
, 244
, 13
, 242
, 15
, 83
, 174
, 254
, 3
, 243
, 14
, 43
, 214
, 63
, 194
, 49
, 208
, 228
, 29
, 98
, 159
, 255
, 2
, 79
, 178
, 20
, 237
, 94
, 163
, 200
, 57
, 104
, 153
, 222
, 35
, 209
, 48
, 246
, 11
, 218
, 39
, 219
, 38
, 61
, 196
, 60
, 197
, 251
, 6
, 21
, 236
, 81
, 176
, 168
, 89
, 137
, 120
, 130
, 127
, 5
, 252
, 243
, 14
, 49
, 208
, 174
, 83
, 228
, 29
, 204
, 53
, 1
, 256
, 166
, 91
, 197
, 60
, 7
, 250
, 174
, 83
, 132
, 125
, 209
, 48
, 197
, 60
, 98
, 159
, 180
, 77
, 138
, 119
, 235
, 22
, 216
, 41
, 177
, 80
, 31
, 226
, 197
, 60
, 137
, 120
, 204
, 53
, 176
, 81
, 254
, 3
, 243
, 14
, 35
, 222
, 12
, 245
, 242
, 15
, 59
, 198
, 146
, 111
, 116
, 141
, 47
, 210
, 40
, 217
, 48
, 209
, 66
, 191
, 201
, 56
, 88
, 169
, 176
, 81
, 91
, 166
, 140
, 117
, 183
, 74
, 84
, 173
, 145
, 112
, 244
, 13
, 195
, 62
, 60
, 197
, 166
, 91
, 195
, 62
, 71
, 186
, 135
, 122
, 50
, 207
, 17
, 240
, 159
, 98
, 194
, 63
, 101
, 156
, 238
, 19
, 12
, 245
, 239
, 18
, 92
, 165
, 76
, 181
, 153
, 104
, 114
, 143
, 160
, 97
, 114
, 143
, 198
, 59
, 53
, 204
, 255
, 2
, 193
, 64
, 168
, 89
, 240
, 17
, 161
, 96
, 75
, 182
, 150
, 107
, 88
, 169
, 150
, 107
, 177
, 80
, 141
, 116
, 15
, 242
, 241
, 16
, 168
, 89
, 26
, 231
, 189
, 68
, 130
, 127
, 104
, 153
, 133
, 124
, 236
, 21
, 36
, 221
, 190
, 67
, 142
, 115
, 250
, 7
, 99
, 158
, 198
, 59
, 86
, 171
, 224
, 33
, 139
, 118
, 62
, 195
, 205
, 52
, 148
, 109
, 67
, 190
, 104
, 153
, 235
, 22
, 144
, 113
, 200
, 57
, 77
, 180
, 208
, 49
, 167
, 90
, 231
, 26
, 80
, 177
, 126
, 131
, 53
, 204
, 143
, 114
, 212
, 45
, 75
, 182
, 56
, 201
, 207
, 50
, 221
, 36
, 119
, 138
, 244
, 13
, 153
, 104
, 156
, 101
, 90
, 167
, 118
, 139
, 83
, 174
, 166
, 91
, 231
, 26
, 43
, 214
, 102
, 155
, 166
, 91
, 181
, 76
, 196
, 61
, 18
, 239
, 207
, 50
, 7
, 250
, 189
, 68
, 38
, 219
, 126
, 131
, 110
, 147
, 251
, 6
, 113
, 144
, 91
, 166
, 247
, 10
, 113
, 144
, 43
, 214
, 165
, 92
, 90
, 167
, 197
, 60
, 35
, 222
, 243
, 14
, 116
, 141
, 29
, 228
, 188
, 69
, 27
, 230
, 110
, 147
, 116
, 141
, 99
, 158
, 100
, 157
, 77
, 180
, 52
, 205
, 230
, 27
, 153
, 104
, 97
, 160
, 234
, 23
, 62
, 195
, 60
, 197
, 113
, 144
, 174
, 83
, 198
, 59
, 75
, 182
, 138
, 119
, 239
, 18
, 123
, 134
, 99
, 158
, 30
, 227
, 148
, 109
, 132
, 125
, 178
, 79
, 40
, 217
, 205
, 52
, 114
, 143
, 10
, 247
, 150
, 107
, 245
, 12
, 207
, 50
, 31
, 226
, 72
, 185
, 98
, 159
, 19
, 238
, 116
, 141
, 187
, 70
, 238
, 19
, 120
, 137
, 21
, 236
, 5
, 252
, 54
, 203
, 136
, 121
, 150
, 107
, 185
, 72
, 38
, 219
, 171
, 86
, 190
, 67
, 26
, 231
, 50
, 207
, 75
, 182
, 18
, 239
, 90
, 167
, 31
, 226
, 107
, 150
, 174
, 83
, 94
, 163
, 22
, 235
, 146
, 111
, 180
, 77
, 188
, 69
, 127
, 130
, 78
, 179
, 92
, 165
, 70
, 187
, 75
, 182
, 24
, 233
, 138
, 119
, 239
, 18
, 168
, 89
, 218
, 39
, 215
, 42
, 50
, 207
, 52
, 205
, 87
, 170
, 221
, 36
, 172
, 85
, 80
, 177
, 255
, 2
, 64
, 193
, 98
, 159
, 51
, 206
, 137
, 120
, 244
, 13
, 179
, 78
, 24
, 233
, 133
, 124
, 200
, 57
, 208
, 49
, 64
, 193
, 234
, 23
, 208
, 49
, 79
, 178
, 120
, 137
, 200
, 57
, 92
, 165
, 53
, 204
, 153
, 104
, 50
, 207
, 70
, 187
, 173
, 84
, 177
, 80
, 3
, 254
, 229
, 28
, 110
, 147
, 175
, 82
, 39
, 218
, 114
, 143
, 226
, 31
, 191
, 66
, 79
, 178
, 71
, 186
, 5
, 252
, 221
, 36
, 182
, 75
, 115
, 142
, 121
, 136
, 216
, 41
, 51
, 206
, 165
, 92
, 63
, 194
, 68
, 189
, 236
, 21
, 112
, 145
, 172
, 85
, 114
, 143
, 16
, 241
, 162
, 95
, 174
, 83
, 55
, 202
, 32
, 225
, 176
, 81
, 34
, 223
, 86
, 171
, 163
, 94
, 241
, 16
, 140
, 117
, 114
, 143
, 11
, 246
, 150
, 107
, 103
, 154
, 43
, 214
, 92
, 165
, 156
, 101
, 193
, 64
, 161
, 96
, 143
, 114
, 11
, 246
, 227
, 30
, 60
, 197
, 167
, 90
, 76
, 181
, 204
, 53
, 96
, 161
, 210
, 47
, 50
, 207
, 78
, 179
, 135
, 122
, 148
, 109
, 222
, 35
, 118
, 139
, 76
, 181
, 120
, 137
, 241
, 16
, 158
, 99
, 168
, 89
, 185
, 72
, 188
, 69
, 82
, 175
, 227
, 30
, 98
, 159
, 119
, 138
, 145
, 112
, 176
, 81
, 39
, 218
, 76
, 181
, 193
, 64
, 119
, 138
, 82
, 175
, 222
, 35
, 177
, 80
, 228
, 29
, 190
, 67
, 148
, 109
, 16
, 241
, 124
, 133
, 148
, 109
, 185
, 72
, 129
, 128
, 207
, 50
, 18
, 239
, 82
, 175
, 181
, 76
, 169
, 88
, 215
, 42
, 41
, 216
, 10
, 247
, 7
, 250
, 111
, 146
, 201
, 56
, 129
, 128
, 208
, 49
, 184
, 73
, 224
, 33
, 224
, 33
, 172
, 85
, 172
, 85
, 54
, 203
, 120
, 137
, 224
, 33
, 51
, 206
, 139
, 118
, 133
, 124
, 155
, 102
, 228
, 29
, 151
, 106
, 131
, 126
, 204
, 53
, 146
, 111
, 75
, 182
, 229
, 28
, 109
, 148
, 227
, 30
, 87
, 170
, 73
, 184
, 180
, 77
, 39
, 218
, 174
, 83
, 166
, 91
, 169
, 88
, 123
, 134
, 96
, 161
, 142
, 115
, 138
, 119
, 26
, 231
, 139
, 118
, 209
, 48
, 82
, 175
, 173
, 84
, 241
, 16
, 82
, 175
, 72
, 185
, 167
, 90
, 69
, 188
, 68
, 189
, 169
, 88
, 50
, 207
, 233
, 24
, 237
, 20
, 195
, 62
, 69
, 188
, 150
, 107
, 236
, 21
, 250
, 7
, 205
, 52
, 166
, 91
, 128
, 129
, 177
, 80
, 156
, 101
, 210
, 47
, 201
, 56
, 64
, 193
, 162
, 95
, 193
, 64
, 254
, 3
, 129
, 128
, 73
, 184
, 234
, 23
, 127
, 130
, 220
, 37
, 242
, 15
, 162
, 95
, 117
, 140
, 189
, 68
, 32
, 225
, 77
, 180
, 197
, 60
, 53
, 204
, 238
, 19
, 245
, 12
, 225
, 32
, 5
, 252
, 194
, 63
, 239
, 18
, 210
, 47
, 18
, 239
, 83
, 174
, 150
, 107
, 128
, 129
, 253
, 4
, 158
, 99
, 63
, 194
, 96
, 161
, 42
, 215
, 39
, 218
, 249
, 8
, 153
, 104
, 121
, 136
, 61
, 196
, 198
, 59
, 188
, 69
, 46
, 211
, 70
, 187
, 175
, 82
, 113
, 144
, 141
, 116
, 133
, 124
, 224
, 33
, 160
, 97
, 79
, 178
, 184
, 73
, 80
, 177
, 237
, 20
, 156
, 101
, 49
, 208
, 136
, 121
, 87
, 170
, 236
, 21
, 41
, 216
, 124
, 133
, 143
, 114
, 40
, 217
, 68
, 189
, 168
, 89
, 19
, 238
, 198
, 59
, 56
, 201
, 125
, 132
, 46
, 211
, 129
, 128
, 19
, 238
, 14
, 243
, 74
, 183
, 57
, 200
, 50
, 207
, 157
, 100
, 89
, 168
, 39
, 218
, 29
, 228
, 223
, 34
, 249
, 8
, 176
, 81
, 11
, 246
, 94
, 163
, 24
, 233
, 136
, 121
, 220
, 37
, 228
, 29
, 195
, 62
, 138
, 119
, 75
, 182
, 88
, 169
, 253
, 4
, 234
, 23
, 62
, 195
, 82
, 175
, 43
, 214
, 131
, 126
, 158
, 99
, 221
, 36
, 174
, 83
, 175
, 82
, 14
, 243
, 46
, 211
, 143
, 114
, 170
, 87
, 202
, 55
, 19
, 238
, 130
, 127
, 37
, 220
, 226
, 31
, 17
, 240
, 162
, 95
, 33
, 224
, 225
, 32
, 1
, 256
, 64
, 193
, 143
, 114
, 115
, 142
, 226
, 31
, 204
, 53
, 221
, 36
, 68
, 189
, 189
, 68
, 189
, 68
, 123
, 134
, 87
, 170
, 10
, 247
, 143
, 114
, 163
, 94
, 103
, 154
, 94
, 163
, 207
, 50
, 217
, 40
, 130
, 127
, 51
, 206
, 223
, 34
, 229
, 28
, 131
, 126
, 74
, 183
, 153
, 104
, 208
, 49
, 61
, 196
, 64
, 193
, 200
, 57
, 182
, 75
, 175
, 82
, 195
, 62
, 26
, 231
, 222
, 35
, 38
, 219
, 244
, 13
, 93
, 164
, 5
, 252
, 86
, 171
, 32
, 225
, 255
, 2
, 36
, 221
, 119
, 138
, 124
, 133
, 184
, 73
, 104
, 153
, 53
, 204
, 170
, 87
, 18
, 239
, 10
, 247
, 5
, 252
, 252
, 5
, 16
, 241
, 184
, 73
, 122
, 135
, 216
, 41
, 50
, 207
, 40
, 217
, 221
, 36
, 206
, 51
, 116
, 141
, 61
, 196
, 137
, 120
, 91
, 166
, 70
, 187
, 171
, 86
, 171
, 86
, 113
, 144
, 52
, 205
, 59
, 198
, 129
, 128
, 96
, 161
, 86
, 171
, 185
, 72
, 47
, 210
, 183
, 74
, 204
, 53
, 101
, 156
, 254
, 3
, 55
, 202
, 69
, 188
, 140
, 117
, 43
, 214
, 208
, 49
, 210
, 47
, 80
, 177
, 71
, 186
, 62
, 195
, 201
, 56
, 42
, 215
, 156
, 101
, 210
, 47
, 176
, 81
, 220
, 37
, 226
, 31
, 179
, 78
, 130
, 127
, 131
, 126
, 33
, 224
, 83
, 174
, 196
, 61
, 89
, 168
, 98
, 159
, 32
, 225
, 20
, 237
, 231
, 26
, 172
, 85
, 15
, 242
, 214
, 43
, 250
, 7
, 171
, 86
, 96
, 161
, 105
, 152
, 223
, 34
, 167
, 90
, 32
, 225
, 5
, 252
, 136
, 121
, 206
, 51
, 243
, 14
, 172
, 85
, 45
, 212
, 193
, 64
, 82
, 175
, 63
, 194
, 22
, 235
, 206
, 51
, 30
, 227
, 85
, 172
, 188
, 69
, 10
, 247
, 241
, 16
, 43
, 214
, 184
, 73
, 211
, 46
, 133
, 124
, 140
, 117
, 57
, 200
, 156
, 101
, 134
, 123
, 202
, 55
, 24
, 233
, 96
, 161
, 235
, 22
, 119
, 138
, 82
, 175
, 242
, 15
, 207
, 50
, 63
, 194
, 111
, 146
, 253
, 4
, 134
, 123
, 70
, 187
, 76
, 181
, 113
, 144
, 26
, 231
, 181
, 76
, 154
, 103
, 170
, 87
, 186
, 71
, 228
, 29
, 92
, 165
, 74
, 183
, 129
, 128
, 247
, 10
, 95
, 162
, 135
, 122
, 115
, 142
, 6
, 251
, 250
, 7
, 194
, 63
, 160
, 97
, 150
, 107
, 107
, 150
, 115
, 142
, 43
, 214
, 47
, 210
, 2
, 255
, 241
, 16
, 158
, 99
, 35
, 222
, 49
, 208
, 45
, 212
, 152
, 105
, 239
, 18
, 137
, 120
, 195
, 62
, 113
, 144
, 88
, 169
, 137
, 120
, 122
, 135
, 39
, 218
, 38
, 219
, 104
, 153
, 20
, 237
, 35
, 222
, 174
, 83
, 57
, 200
, 27
, 230
, 150
, 107
, 219
, 38
, 142
, 115
, 43
, 214
, 34
, 223
, 147
, 110
, 129
, 128
, 46
, 211
, 49
, 208
, 123
, 134
, 74
, 183
, 190
, 67
, 30
, 227
, 179
, 78
, 158
, 99
, 10
, 247
, 155
, 102
, 6
, 251
, 26
, 231
, 227
, 30
, 215
, 42
, 94
, 163
, 200
, 57
, 148
, 109
, 111
, 146
, 174
, 83
, 187
, 70
, 224
, 33
, 105
, 152
, 128
, 129
, 150
, 107
, 146
, 111
, 98
, 159
, 108
, 149
, 65
, 192
, 216
, 41
, 9
, 248
, 234
, 23
, 130
, 127
, 156
, 101
, 130
, 127
, 42
, 215
, 38
, 219
, 120
, 137
, 65
, 192
, 86
, 171
, 77
, 180
, 28
, 229
, 204
, 53
, 113
, 144
, 208
, 49
, 160
, 97
, 227
, 30
, 151
, 106
, 123
, 134
, 235
, 22
, 134
, 123
, 121
, 136
, 91
, 166
, 10
, 247
, 133
, 124
, 19
, 238
, 218
, 39
, 71
, 186
, 120
, 137
, 117
, 140
, 172
, 85
, 66
, 191
, 227
, 30
, 23
, 234
, 167
, 90
, 55
, 202
, 153
, 104
, 30
, 227
, 125
, 132
, 135
, 122
, 89
, 168
, 76
, 181
, 64
, 193
, 39
, 218
, 225
, 32
, 174
, 83
, 224
, 33
, 241
, 16
, 24
, 233
, 40
, 217
, 203
, 54
, 118
, 139
, 233
, 24
, 136
, 121
, 208
, 49
, 188
, 69
, 96
, 161
, 140
, 117
, 149
, 108
, 204
, 53
, 99
, 158
, 216
, 41
, 204
, 53
, 137
, 120
, 155
, 102
, 42
, 215
, 72
, 185
, 53
, 204
, 112
, 145
, 233
, 24
, 219
, 38
, 215
, 42
, 32
, 225
, 140
, 117
, 23
, 234
, 188
, 69
, 220
, 37
, 202
, 55
, 247
, 10
, 111
, 146
, 104
, 153
, 241
, 16
, 137
, 120
, 88
, 169
, 126
, 131
, 89
, 168
, 176
, 81
, 86
, 171
, 234
, 23
, 55
, 202
, 232
, 25
, 114
, 143
, 2
, 255
, 194
, 63
, 200
, 57
, 222
, 35
, 33
, 224
, 90
, 167
, 148
, 109
, 17
, 240
, 235
, 22
, 38
, 219
, 131
, 126
, 85
, 172
, 210
, 47
, 221
, 36
, 239
, 18
, 88
, 169
, 56
, 201
, 200
, 57
, 71
, 186
, 117
, 140
, 203
, 54
, 126
, 131
, 98
, 159
, 179
, 78
, 143
, 114
, 35
, 222
, 22
, 235
, 190
, 67
, 254
, 3
, 146
, 111
, 163
, 94
, 8
, 249
, 105
, 152
, 9
, 248
, 91
, 166
, 37
, 220
, 155
, 102
, 112
, 145
, 162
, 95
, 72
, 185
, 77
, 180
, 142
, 115
, 253
, 4
, 120
, 137
, 222
, 35
, 177
, 80
, 43
, 214
, 27
, 230
, 221
, 36
, 94
, 163
, 139
, 118
, 233
, 24
, 43
, 214
, 222
, 35
, 66
, 191
, 163
, 94
, 15
, 242
, 193
, 64
, 222
, 35
, 96
, 161
, 3
, 254
, 33
, 224
, 225
, 32
, 127
, 130
, 174
, 83
, 143
, 114
, 141
, 116
, 21
, 236
, 179
, 78
, 139
, 118
, 34
, 223
, 83
, 174
, 146
, 111
, 32
, 225
, 142
, 115
, 183
, 74
, 70
, 187
, 233
, 24
, 110
, 147
, 2
, 255
, 94
, 163
, 171
, 86
, 159
, 98
, 22
, 235
, 60
, 197
, 41
, 216
, 63
, 194
, 102
, 155
, 117
, 140
, 79
, 178
, 176
, 81
, 10
, 247
, 231
, 26
, 36
, 221
, 165
, 92
, 104
, 153
, 106
, 151
, 247
, 10
, 103
, 154
, 226
, 31
, 32
, 225
, 52
, 205
, 4
, 253
, 202
, 55
, 95
, 162
, 177
, 80
, 234
, 23
, 206
, 51
, 235
, 22
, 109
, 148
, 116
, 141
, 221
, 36
, 83
, 174
, 211
, 46
, 86
, 171
, 218
, 39
, 120
, 137
, 171
, 86
, 172
, 85
, 198
, 59
, 82
, 175
, 22
, 235
, 8
, 249
, 4
, 253
, 243
, 14
, 83
, 174
, 147
, 110
, 252
, 5
, 3
, 254
, 40
, 217
, 227
, 30
, 4
, 253
, 200
, 57
, 244
, 13
, 104
, 153
, 51
, 206
, 58
, 199
, 151
, 106
, 220
, 37
, 246
, 11
, 186
, 71
, 168
, 89
, 85
, 172
, 76
, 181
, 213
, 44
, 168
, 89
, 52
, 205
, 165
, 92
, 193
, 64
, 142
, 115
, 60
, 197
, 2
, 255
, 202
, 55
, 202
, 55
, 3
, 254
, 165
, 92
, 102
, 155
, 106
, 151
, 194
, 63
, 25
, 232
, 24
, 233
, 69
, 188
, 69
, 188
, 51
, 206
, 78
, 179
, 37
, 220
, 181
, 76
, 51
, 206
, 12
, 245
, 223
, 34
, 74
, 183
, 252
, 5
, 140
, 117
, 145
, 112
, 62
, 195
, 47
, 210
, 201
, 56
, 148
, 109
, 23
, 234
, 131
, 126
, 125
, 132
, 4
, 253
, 110
, 147
, 233
, 24
, 218
, 39
, 43
, 214
, 218
, 39
, 152
, 105
, 84
, 173
, 98
, 159
, 156
, 101
, 74
, 183
, 117
, 140
, 215
, 42
, 64
, 193
, 175
, 82
, 196
, 61
, 162
, 95
, 184
, 73
, 40
, 217
, 94
, 163
, 128
, 129
, 75
, 182
, 140
, 117
, 41
, 216
, 76
, 181
, 61
, 196
, 172
, 85
, 188
, 69
, 129
, 128
, 214
, 43
, 79
, 178
, 97
, 160
, 234
, 23
, 225
, 32
, 183
, 74
, 94
, 163
, 187
, 70
, 102
, 155
, 173
, 84
, 136
, 121
, 49
, 208
, 193
, 64
, 169
, 88
, 14
, 243
, 60
, 197
, 6
, 251
, 222
, 35
, 18
, 239
, 123
, 134
, 16
, 241
, 143
, 114
, 227
, 30
, 14
, 243
, 17
, 240
, 85
, 172
, 90
, 167
, 120
, 137
, 36
, 221
, 121
, 136
, 95
, 162
, 232
, 25
, 75
, 182
, 64
, 193
, 49
, 208
, 124
, 133
, 208
, 49
, 222
, 35
, 152
, 105
, 86
, 171
, 131
, 126
, 104
, 153
, 128
, 129
, 114
, 143
, 143
, 114
, 218
, 39
, 9
, 248
, 182
, 75
, 18
, 239
, 55
, 202
, 207
, 50
, 217
, 40
, 1
, 256
, 15
, 242
, 10
, 247
, 238
, 19
, 57
, 200
, 30
, 227
, 99
, 158
, 119
, 138
, 66
, 191
, 143
, 114
, 185
, 72
, 2
, 255
, 5
, 252
, 238
, 19
, 229
, 28
, 123
, 134
, 250
, 7
, 130
, 127
, 204
, 53
, 3
, 254
, 197
, 60
, 33
, 224
, 77
, 180
, 91
, 166
, 5
, 252
, 130
, 127
, 126
, 131
, 207
, 50
, 128
, 129
, 192
, 65
, 17
, 240
, 227
, 30
, 175
, 82
, 108
, 149
, 162
, 95
, 154
, 103
, 77
, 180
, 28
, 229
, 121
, 136
, 66
, 191
, 253
, 4
, 62
, 195
, 46
, 211
, 62
, 195
, 42
, 215
, 62
, 195
, 88
, 169
, 1
, 256
, 34
, 223
, 173
, 84
, 95
, 162
, 89
, 168
, 189
, 68
, 70
, 187
, 205
, 52
, 74
, 183
, 98
, 159
, 131
, 126
, 226
, 31
, 31
, 226
, 253
, 4
, 251
, 6
, 206
, 51
, 211
, 46
, 205
, 52
, 62
, 195
, 93
, 164
, 55
, 202
, 138
, 119
, 141
, 116
, 6
, 251
, 211
, 46
, 126
, 131
, 66
, 191
, 133
, 124
, 6
, 251
, 18
, 239
, 95
, 162
, 142
, 115
, 14
, 243
, 241
, 16
, 113
, 144
, 55
, 202
, 167
, 90
, 163
, 94
, 141
, 116
, 236
, 21
, 25
, 232
, 233
, 24
, 72
, 185
, 151
, 106
, 21
, 236
, 80
, 177
, 14
, 243
, 64
, 193
, 75
, 182
, 234
, 23
, 54
, 203
, 209
, 48
, 239
, 18
, 41
, 216
, 100
, 157
, 182
, 75
, 198
, 59
, 238
, 19
, 104
, 153
, 113
, 144
, 77
, 180
, 81
, 176
, 95
, 162
, 43
, 214
, 233
, 24
, 248
, 9
, 228
, 29
, 78
, 179
, 70
, 187
, 87
, 170
, 195
, 62
, 59
, 198
, 241
, 16
, 223
, 34
, 197
, 60
, 172
, 85
, 121
, 136
, 20
, 237
, 234
, 23
, 135
, 122
, 15
, 242
, 205
, 52
, 14
, 243
, 13
, 244
, 126
, 131
, 196
, 61
, 38
, 219
, 179
, 78
, 59
, 198
, 151
, 106
, 133
, 124
, 221
, 36
, 232
, 25
, 33
, 224
, 171
, 86
, 150
, 107
, 238
, 19
, 83
, 174
, 83
, 174
, 28
, 229
, 157
, 100
, 212
, 45
, 233
, 24
, 23
, 234
, 244
, 13
, 41
, 216
, 45
, 212
, 219
, 38
, 241
, 16
, 210
, 47
, 251
, 6
, 101
, 156
, 73
, 184
, 142
, 115
, 239
, 18
, 161
, 96
, 77
, 180
, 81
, 176
, 44
, 213
, 222
, 35
, 216
, 41
, 83
, 174
, 189
, 68
, 38
, 219
, 71
, 186
, 175
, 82
, 184
, 73
, 91
, 166
, 217
, 40
, 111
, 146
, 174
, 83
, 107
, 150
, 34
, 223
, 32
, 225
, 211
, 46
, 167
, 90
, 114
, 143
, 188
, 69
, 16
, 241
, 46
, 211
, 150
, 107
, 32
, 225
, 192
, 65
, 21
, 236
, 77
, 180
, 187
, 70
, 85
, 172
, 59
, 198
, 199
, 58
, 120
, 137
, 111
, 146
, 146
, 111
, 187
, 70
, 17
, 240
, 152
, 105
, 232
, 25
, 114
, 143
, 227
, 30
, 174
, 83
, 211
, 46
, 159
, 98
, 51
, 206
, 72
, 185
, 238
, 19
, 100
, 157
, 215
, 42
, 13
, 244
, 176
, 81
, 190
, 67
, 199
, 58
, 44
, 213
, 108
, 149
, 138
, 119
, 244
, 13
, 82
, 175
, 15
, 242
, 23
, 234
, 213
, 44
, 109
, 148
, 190
, 67
, 4
, 253
, 11
, 246
, 124
, 133
, 237
, 20
, 175
, 82
, 244
, 13
, 51
, 206
, 147
, 110
, 247
, 10
, 151
, 106
, 46
, 211
, 61
, 196
, 254
, 3
, 165
, 92
, 250
, 7
, 21
, 236
, 239
, 18
, 237
, 20
, 176
, 81
, 216
, 41
, 7
, 250
, 90
, 167
, 209
, 48
, 15
, 242
, 136
, 121
, 74
, 183
, 186
, 71
, 124
, 133
, 45
, 212
, 227
, 30
, 218
, 39
, 127
, 130
, 139
, 118
, 231
, 26
, 46
, 211
, 150
, 107
, 6
, 251
, 21
, 236
, 157
, 100
, 172
, 85
, 198
, 59
, 186
, 71
, 60
, 197
, 25
, 232
, 8
, 249
, 173
, 84
, 224
, 33
, 129
, 128
, 123
, 134
, 191
, 66
, 239
, 18
, 173
, 84
, 56
, 201
, 142
, 115
, 22
, 235
, 10
, 247
, 170
, 87
, 216
, 41
, 69
, 188
, 182
, 75
, 149
, 108
, 23
, 234
, 134
, 123
, 132
, 125
, 42
, 215
, 24
, 233
, 133
, 124
, 119
, 138
, 108
, 149
, 67
, 190
, 53
, 204
, 179
, 78
, 160
, 97
, 126
, 131
, 252
, 5
, 2
, 255
, 141
, 116
, 18
, 239
, 253
, 4
, 221
, 36
, 18
, 239
, 179
, 78
, 207
, 50
, 129
, 128
, 76
, 181
, 110
, 147
, 155
, 102
, 33
, 224
, 58
, 199
, 82
, 175
, 77
, 180
, 98
, 159
, 90
, 167
, 207
, 50
, 221
, 36
, 57
, 200
, 85
, 172
, 158
, 99
, 118
, 139
, 87
, 170
, 173
, 84
, 89
, 168
, 115
, 142
, 4
, 253
, 69
, 188
, 70
, 187
, 89
, 168
, 73
, 184
, 37
, 220
, 129
, 128
, 138
, 119
, 92
, 165
, 11
, 246
, 41
, 216
, 129
, 128
, 181
, 76
, 124
, 133
, 88
, 169
, 123
, 134
, 156
, 101
, 36
, 221
, 30
, 227
, 187
, 70
, 83
, 174
, 207
, 50
, 106
, 151
, 150
, 107
, 80
, 177
, 22
, 235
, 39
, 218
, 20
, 237
, 182
, 75
, 12
, 245
, 12
, 245
, 238
, 19
, 48
, 209
, 211
, 46
, 206
, 51
, 144
, 113
, 237
, 20
, 150
, 107
, 118
, 139
, 176
, 81
, 98
, 159
, 55
, 202
, 67
, 190
, 191
, 66
, 116
, 141
, 31
, 226
, 181
, 76
, 251
, 6
, 248
, 9
, 182
, 75
, 62
, 195
, 106
, 151
, 207
, 50
, 221
, 36
, 123
, 134
, 91
, 166
, 117
, 140
, 255
, 2
, 188
, 69
, 253
, 4
, 249
, 8
, 39
, 218
, 29
, 228
, 3
, 254
, 241
, 16
, 142
, 115
, 109
, 148
, 169
, 88
, 94
, 163
, 250
, 7
, 57
, 200
, 200
, 57
, 76
, 181
, 158
, 99
, 143
, 114
, 97
, 160
, 41
, 216
, 136
, 121
, 227
, 30
, 58
, 199
, 253
, 4
, 79
, 178
, 172
, 85
, 63
, 194
, 77
, 180
, 91
, 166
, 119
, 138
, 43
, 214
, 24
, 233
, 42
, 215
, 20
, 237
, 187
, 70
, 128
, 129
, 255
, 2
, 197
, 60
, 58
, 199
, 54
, 203
, 194
, 63
, 56
, 201
, 184
, 73
, 133
, 124
, 126
, 131
, 234
, 23
, 136
, 121
, 168
, 89
, 162
, 95
, 98
, 159
, 251
, 6
, 85
, 172
, 102
, 155
, 123
, 134
, 217
, 40
, 219
, 38
, 70
, 187
, 50
, 207
, 175
, 82
, 145
, 112
, 178
, 79
, 213
, 44
, 165
, 92
, 30
, 227
, 57
, 200
, 54
, 203
, 180
, 77
, 167
, 90
, 24
, 233
, 139
, 118
, 46
, 211
, 208
, 49
, 86
, 171
, 225
, 32
, 214
, 43
, 150
, 107
, 172
, 85
, 14
, 243
, 116
, 141
, 116
, 141
, 56
, 201
, 22
, 235
, 131
, 126
, 189
, 68
, 56
, 201
, 97
, 160
, 117
, 140
, 233
, 24
, 149
, 108
, 62
, 195
, 70
, 187
, 73
, 184
, 36
, 221
, 84
, 173
, 69
, 188
, 146
, 111
, 93
, 164
, 226
, 31
, 212
, 45
, 94
, 163
, 149
, 108
, 40
, 217
, 180
, 77
, 90
, 167
, 86
, 171
, 123
, 134
, 68
, 189
, 209
, 48
, 126
, 131
, 97
, 160
, 119
, 138
, 86
, 171
, 135
, 122
, 239
, 18
, 124
, 133
, 38
, 219
, 222
, 35
, 191
, 66
, 138
, 119
, 232
, 25
, 152
, 105
, 162
, 95
, 83
, 174
, 254
, 3
, 70
, 187
, 88
, 169
, 36
, 221
, 186
, 71
, 230
, 27
, 52
, 205
, 220
, 37
, 229
, 28
, 241
, 16
, 66
, 191
, 82
, 175
, 208
, 49
, 233
, 24
, 1
, 256
, 255
, 2
, 144
, 113
, 109
, 148
, 87
, 170
, 154
, 103
, 248
, 9
, 40
, 217
, 235
, 22
, 109
, 148
, 116
, 141
, 203
, 54
, 129
, 128
, 84
, 173
, 61
, 196
, 189
, 68
, 177
, 80
, 184
, 73
, 41
, 216
, 33
, 224
, 240
, 17
, 154
, 103
, 217
, 40
, 125
, 132
, 226
, 31
, 49
, 208
, 222
, 35
, 163
, 94
, 159
, 98
, 139
, 118
, 122
, 135
, 154
, 103
, 218
, 39
, 224
, 33
, 202
, 55
, 160
, 97
, 52
, 205
, 242
, 15
, 203
, 54
, 189
, 68
, 118
, 139
, 175
, 82
, 233
, 24
, 211
, 46
, 63
, 194
, 158
, 99
, 2
, 255
, 37
, 220
, 151
, 106
, 177
, 80
, 7
, 250
, 24
, 233
, 245
, 12
, 234
, 23
, 198
, 59
, 118
, 139
, 5
, 252
, 117
, 140
, 47
, 210
, 15
, 242
, 232
, 25
, 170
, 87
, 252
, 5
, 110
, 147
, 58
, 199
, 188
, 69
, 15
, 242
, 89
, 168
, 89
, 168
, 20
, 237
, 238
, 19
, 196
, 61
, 20
, 237
, 34
, 223
, 101
, 156
, 102
, 155
, 134
, 123
, 17
, 240
, 136
, 121
, 108
, 149
, 205
, 52
, 145
, 112
, 10
, 247
, 100
, 157
, 201
, 56
, 147
, 110
, 82
, 175
, 152
, 105
, 4
, 253
, 246
, 11
, 21
, 236
, 234
, 23
, 186
, 71
, 181
, 76
, 88
, 169
, 216
, 41
, 114
, 143
, 144
, 113
, 225
, 32
, 210
, 47
, 206
, 51
, 194
, 63
, 33
, 224
, 144
, 113
, 51
, 206
, 74
, 183
, 46
, 211
, 65
, 192
, 196
, 61
, 222
, 35
, 255
, 2
, 94
, 163
, 37
, 220
, 66
, 191
, 27
, 230
, 140
, 117
, 161
, 96
, 88
, 169
, 156
, 101
, 132
, 125
, 43
, 214
, 213
, 44
, 135
, 122
, 149
, 108
, 203
, 54
, 124
, 133
, 231
, 26
, 18
, 239
, 5
, 252
, 176
, 81
, 116
, 141
, 52
, 205
, 157
, 100
, 29
, 228
, 185
, 72
, 80
, 177
, 64
, 193
, 162
, 95
, 32
, 225
, 252
, 5
, 97
, 160
, 224
, 33
, 245
, 12
, 192
, 65
, 27
, 230
, 110
, 147
, 137
, 120
, 204
, 53
, 113
, 144
, 197
, 60
, 186
, 71
, 190
, 67
, 102
, 155
, 209
, 48
, 76
, 181
, 109
, 148
, 44
, 213
, 232
, 25
, 97
, 160
, 137
, 120
, 74
, 183
, 228
, 29
, 76
, 181
, 220
, 37
, 21
, 236
, 14
, 243
, 191
, 66
, 250
, 7
, 189
, 68
, 176
, 81
, 25
, 232
, 89
, 168
, 241
, 16
, 61
, 196
, 134
, 123
, 135
, 122
, 63
, 194
, 144
, 113
, 240
, 17
, 165
, 92
, 111
, 146
, 185
, 72
, 65
, 192
, 194
, 63
, 149
, 108
, 96
, 161
, 154
, 103
, 222
, 35
, 38
, 219
, 161
, 96
, 1
, 256
, 11
, 246
, 234
, 23
, 102
, 155
, 49
, 208
, 26
, 231
, 58
, 199
, 218
, 39
, 172
, 85
, 159
, 98
, 91
, 166
, 95
, 162
, 7
, 250
, 215
, 42
, 133
, 124
, 242
, 15
, 47
, 210
, 98
, 159
, 242
, 15
, 64
, 193
, 149
, 108
, 153
, 104
, 147
, 110
, 185
, 72
, 31
, 226
, 9
, 248
, 230
, 27
, 194
, 63
, 4
, 253
, 173
, 84
, 48
, 209
, 108
, 149
, 112
, 145
, 182
, 75
, 208
, 49
, 132
, 125
, 178
, 79
, 26
, 231
, 237
, 20
, 23
, 234
, 34
, 223
, 58
, 199
, 140
, 117
, 238
, 19
, 73
, 184
, 131
, 126
, 63
, 194
, 49
, 208
, 150
, 107
, 181
, 76
, 19
, 238
, 79
, 178
, 57
, 200
, 95
, 162
, 201
, 56
, 253
, 4
, 23
, 234
, 23
, 234
, 55
, 202
, 12
, 245
, 113
, 144
, 165
, 92
, 124
, 133
, 52
, 205
, 233
, 24
, 10
, 247
, 123
, 134
, 62
, 195
, 37
, 220
, 121
, 136
, 10
, 247
, 116
, 141
, 226
, 31
, 181
, 76
, 90
, 167
, 230
, 27
, 162
, 95
, 249
, 8
, 132
, 125
, 214
, 43
, 34
, 223
, 179
, 78
, 216
, 41
, 123
, 134
, 90
, 167
, 2
, 255
, 135
, 122
, 186
, 71
, 144
, 113
, 23
, 234
, 130
, 127
, 66
, 191
, 155
, 102
, 111
, 146
, 115
, 142
, 246
, 11
, 128
, 129
, 220
, 37
, 20
, 237
, 183
, 74
, 76
, 181
, 119
, 138
, 71
, 186
, 39
, 218
, 101
, 156
, 8
, 249
, 151
, 106
, 51
, 206
, 94
, 163
, 166
, 91
, 105
, 152
, 58
, 199
, 169
, 88
, 45
, 212
, 80
, 177
, 120
, 137
, 80
, 177
, 50
, 207
, 196
, 61
, 122
, 135
, 157
, 100
, 235
, 22
, 131
, 126
, 114
, 143
, 42
, 215
, 240
, 17
, 97
, 160
, 199
, 58
, 156
, 101
, 195
, 62
, 126
, 131
, 94
, 163
, 123
, 134
, 46
, 211
, 195
, 62
, 159
, 98
, 167
, 90
, 234
, 23
, 232
, 25
, 47
, 210
, 39
, 218
, 149
, 108
, 79
, 178
, 187
, 70
, 123
, 134
, 100
, 157
, 139
, 118
, 199
, 58
, 69
, 188
, 39
, 218
, 236
, 21
, 177
, 80
, 76
, 181
, 79
, 178
, 230
, 27
, 221
, 36
, 248
, 9
, 29
, 228
, 197
, 60
, 27
, 230
, 91
, 166
, 163
, 94
, 112
, 145
, 170
, 87
, 90
, 167
, 216
, 41
, 149
, 108
, 216
, 41
, 146
, 111
, 11
, 246
, 253
, 4
, 229
, 28
, 88
, 169
, 25
, 232
, 67
, 190
, 190
, 67
, 225
, 32
, 191
, 66
, 218
, 39
, 113
, 144
, 221
, 36
, 204
, 53
, 143
, 114
, 53
, 204
, 19
, 238
, 245
, 12
, 214
, 43
, 144
, 113
, 165
, 92
, 10
, 247
, 129
, 128
, 228
, 29
, 33
, 224
, 200
, 57
, 47
, 210
, 50
, 207
, 50
, 207
, 115
, 142
, 25
, 232
, 6
, 251
, 247
, 10
, 159
, 98
, 56
, 201
, 200
, 57
, 83
, 174
, 119
, 138
, 44
, 213
, 32
, 225
, 172
, 85
, 32
, 225
, 230
, 27
, 152
, 105
, 173
, 84
, 107
, 150
, 199
, 58
, 28
, 229
, 9
, 248
, 227
, 30
, 142
, 115
, 22
, 235
, 78
, 179
, 85
, 172
, 51
, 206
, 19
, 238
, 94
, 163
, 54
, 203
, 241
, 16
, 26
, 231
, 222
, 35
, 120
, 137
, 97
, 160
, 60
, 197
, 3
, 254
, 139
, 118
, 19
, 238
, 162
, 95
, 36
, 221
, 207
, 50
, 134
, 123
, 184
, 73
, 48
, 209
, 4
, 253
, 152
, 105
, 56
, 201
, 34
, 223
, 25
, 232
, 37
, 220
, 154
, 103
, 45
, 212
, 147
, 110
, 200
, 57
, 98
, 159
, 43
, 214
, 9
, 248
, 23
, 234
, 52
, 205
, 49
, 208
, 210
, 47
, 157
, 100
, 53
, 204
, 148
, 109
, 249
, 8
, 22
, 235
, 153
, 104
, 192
, 65
, 190
, 67
, 192
, 65
, 121
, 136
, 205
, 52
, 77
, 180
, 116
, 141
, 3
, 254
, 59
, 198
, 172
, 85
, 126
, 131
, 134
, 123
, 172
, 85
, 229
, 28
, 60
, 197
, 69
, 188
, 168
, 89
, 183
, 74
, 17
, 240
, 195
, 62
, 188
, 69
, 228
, 29
, 166
, 91
, 4
, 253
, 226
, 31
, 172
, 85
, 120
, 137
, 233
, 24
, 199
, 58
, 103
, 154
, 75
, 182
, 245
, 12
, 95
, 162
, 52
, 205
, 134
, 123
, 220
, 37
, 117
, 140
, 195
, 62
, 61
, 196
, 226
, 31
, 143
, 114
, 23
, 234
, 179
, 78
, 57
, 200
, 9
, 248
, 130
, 127
, 71
, 186
, 166
, 91
, 132
, 125
, 13
, 244
, 137
, 120
, 23
, 234
, 106
, 151
, 40
, 217
, 116
, 141
, 36
, 221
, 23
, 234
, 29
, 228
, 133
, 124
, 244
, 13
, 55
, 202
, 16
, 241
, 71
, 186
, 170
, 87
, 49
, 208
, 222
, 35
, 185
, 72
, 149
, 108
, 120
, 137
, 183
, 74
, 245
, 12
, 104
, 153
, 130
, 127
, 187
, 70
, 109
, 148
, 155
, 102
, 163
, 94
, 23
, 234
, 251
, 6
, 126
, 131
, 178
, 79
, 228
, 29
, 17
, 240
, 99
, 158
, 97
, 160
, 196
, 61
, 240
, 17
, 175
, 82
, 127
, 130
, 178
, 79
, 120
, 137
, 1
, 256
, 33
, 224
, 63
, 194
, 124
, 133
, 6
, 251
, 183
, 74
, 207
, 50
, 149
, 108
, 231
, 26
