
4150
, 76
, 109
, 170
, 15
, 79
, 106
, 20
, 165
, 70
, 115
, 101
, 84
, 110
, 75
, 131
, 54
, 75
, 110
, 157
, 28
, 21
, 164
, 69
, 116
, 27
, 158
, 143
, 42
, 129
, 56
, 169
, 16
, 71
, 114
, 55
, 130
, 26
, 159
, 36
, 149
, 127
, 58
, 168
, 17
, 180
, 5
, 169
, 16
, 54
, 131
, 170
, 15
, 26
, 159
, 33
, 152
, 2
, 183
, 3
, 182
, 120
, 65
, 123
, 62
, 132
, 53
, 58
, 127
, 134
, 51
, 40
, 145
, 80
, 105
, 153
, 32
, 21
, 164
, 179
, 6
, 143
, 42
, 61
, 124
, 25
, 160
, 112
, 73
, 53
, 132
, 36
, 149
, 42
, 143
, 164
, 21
, 63
, 122
, 3
, 182
, 8
, 177
, 4
, 181
, 172
, 13
, 6
, 179
, 141
, 44
, 2
, 183
, 118
, 67
, 13
, 172
, 43
, 142
, 147
, 38
, 129
, 56
, 57
, 128
, 171
, 14
, 70
, 115
, 46
, 139
, 104
, 81
, 12
, 173
, 20
, 165
, 2
, 183
, 133
, 52
, 163
, 22
, 172
, 13
, 103
, 82
, 53
, 132
, 23
, 162
, 63
, 122
, 102
, 83
, 110
, 75
, 36
, 149
, 74
, 111
, 126
, 59
, 161
, 24
, 165
, 20
, 24
, 161
, 168
, 17
, 135
, 50
, 123
, 62
, 50
, 135
, 48
, 137
, 98
, 87
, 120
, 65
, 61
, 124
, 120
, 65
, 52
, 133
, 81
, 104
, 127
, 58
, 32
, 153
, 67
, 118
, 63
, 122
, 175
, 10
, 100
, 85
, 127
, 58
, 145
, 40
, 101
, 84
, 1
, 184
, 146
, 39
, 31
, 154
, 78
, 107
, 171
, 14
, 107
, 78
, 1
, 184
, 73
, 112
, 87
, 98
, 37
, 148
, 111
, 74
, 33
, 152
, 104
, 81
, 153
, 32
, 128
, 57
, 127
, 58
, 51
, 134
, 98
, 87
, 102
, 83
, 173
, 12
, 7
, 178
, 181
, 4
, 93
, 92
, 53
, 132
, 59
, 126
, 18
, 167
, 118
, 67
, 23
, 162
, 136
, 49
, 95
, 90
, 34
, 151
, 33
, 152
, 96
, 89
, 10
, 175
, 18
, 167
, 56
, 129
, 18
, 167
, 149
, 36
, 100
, 85
, 59
, 126
, 40
, 145
, 78
, 107
, 66
, 119
, 122
, 63
, 176
, 9
, 148
, 37
, 76
, 109
, 25
, 160
, 46
, 139
, 15
, 170
, 169
, 16
, 7
, 178
, 109
, 76
, 58
, 127
, 181
, 4
, 21
, 164
, 25
, 160
, 129
, 56
, 30
, 155
, 63
, 122
, 65
, 120
, 114
, 71
, 13
, 172
, 174
, 11
, 23
, 162
, 91
, 94
, 148
, 37
, 179
, 6
, 27
, 158
, 9
, 176
, 130
, 55
, 48
, 137
, 122
, 63
, 27
, 158
, 154
, 31
, 80
, 105
, 110
, 75
, 26
, 159
, 140
, 45
, 152
, 33
, 117
, 68
, 121
, 64
, 40
, 145
, 26
, 159
, 130
, 55
, 70
, 115
, 95
, 90
, 67
, 118
, 152
, 33
, 154
, 31
, 9
, 176
, 43
, 142
, 25
, 160
, 10
, 175
, 160
, 25
, 83
, 102
, 28
, 157
, 100
, 85
, 86
, 99
, 170
, 15
, 122
, 63
, 129
, 56
, 126
, 59
, 142
, 43
, 158
, 27
, 97
, 88
, 136
, 49
, 151
, 34
, 122
, 63
, 154
, 31
, 123
, 62
, 121
, 64
, 40
, 145
, 38
, 147
, 80
, 105
, 169
, 16
, 99
, 86
, 24
, 161
, 69
, 116
, 49
, 136
, 40
, 145
, 90
, 95
, 118
, 67
, 161
, 24
, 90
, 95
, 36
, 149
, 158
, 27
, 133
, 52
, 44
, 141
, 2
, 183
, 107
, 78
, 62
, 123
, 55
, 130
, 90
, 95
, 52
, 133
, 61
, 124
, 143
, 42
, 36
, 149
, 119
, 66
, 63
, 122
, 10
, 175
, 140
, 45
, 21
, 164
, 127
, 58
, 66
, 119
, 52
, 133
, 50
, 135
, 174
, 11
, 167
, 18
, 59
, 126
, 100
, 85
, 165
, 20
, 38
, 147
, 101
, 84
, 59
, 126
, 79
, 106
, 132
, 53
, 182
, 3
, 92
, 93
, 175
, 10
, 165
, 20
, 25
, 160
, 173
, 12
, 114
, 71
, 120
, 65
, 176
, 9
, 107
, 78
, 57
, 128
, 141
, 44
, 104
, 81
, 166
, 19
, 80
, 105
, 8
, 177
, 94
, 91
, 63
, 122
, 53
, 132
, 133
, 52
, 100
, 85
, 9
, 176
, 78
, 107
, 120
, 65
, 121
, 64
, 37
, 148
, 87
, 98
, 88
, 97
, 144
, 41
, 7
, 178
, 153
, 32
, 172
, 13
, 18
, 167
, 3
, 182
, 178
, 7
, 27
, 158
, 117
, 68
, 151
, 34
, 171
, 14
, 135
, 50
, 117
, 68
, 69
, 116
, 147
, 38
, 136
, 49
, 81
, 104
, 99
, 86
, 143
, 42
, 135
, 50
, 17
, 168
, 57
, 128
, 121
, 64
, 82
, 103
, 155
, 30
, 88
, 97
, 169
, 16
, 121
, 64
, 97
, 88
, 25
, 160
, 115
, 70
, 39
, 146
, 75
, 110
, 75
, 110
, 52
, 133
, 77
, 108
, 87
, 98
, 170
, 15
, 174
, 11
, 107
, 78
, 103
, 82
, 79
, 106
, 88
, 97
, 118
, 67
, 92
, 93
, 80
, 105
, 167
, 18
, 13
, 172
, 34
, 151
, 67
, 118
, 6
, 179
, 31
, 154
, 122
, 63
, 57
, 128
, 65
, 120
, 41
, 144
, 29
, 156
, 11
, 174
, 65
, 120
, 114
, 71
, 156
, 29
, 18
, 167
, 152
, 33
, 160
, 25
, 134
, 51
, 10
, 175
, 16
, 169
, 19
, 166
, 55
, 130
, 23
, 162
, 86
, 99
, 31
, 154
, 84
, 101
, 153
, 32
, 177
, 8
, 160
, 25
, 105
, 80
, 150
, 35
, 40
, 145
, 122
, 63
, 147
, 38
, 103
, 82
, 136
, 49
, 32
, 153
, 165
, 20
, 38
, 147
, 160
, 25
, 81
, 104
, 59
, 126
, 152
, 33
, 105
, 80
, 169
, 16
, 80
, 105
, 115
, 70
, 5
, 180
, 5
, 180
, 55
, 130
, 21
, 164
, 78
, 107
, 32
, 153
, 45
, 140
, 111
, 74
, 155
, 30
, 137
, 48
, 108
, 77
, 169
, 16
, 98
, 87
, 40
, 145
, 134
, 51
, 55
, 130
, 128
, 57
, 127
, 58
, 10
, 175
, 58
, 127
, 102
, 83
, 135
, 50
, 44
, 141
, 101
, 84
, 5
, 180
, 17
, 168
, 46
, 139
, 129
, 56
, 123
, 62
, 92
, 93
, 52
, 133
, 27
, 158
, 24
, 161
, 179
, 6
, 124
, 61
, 151
, 34
, 126
, 59
, 40
, 145
, 66
, 119
, 38
, 147
, 137
, 48
, 169
, 16
, 135
, 50
, 144
, 41
, 29
, 156
, 77
, 108
, 60
, 125
, 29
, 156
, 140
, 45
, 136
, 49
, 15
, 170
, 106
, 79
, 52
, 133
, 62
, 123
, 25
, 160
, 50
, 135
, 107
, 78
, 172
, 13
, 165
, 20
, 137
, 48
, 42
, 143
, 136
, 49
, 151
, 34
, 34
, 151
, 63
, 122
, 132
, 53
, 173
, 12
, 15
, 170
, 92
, 93
, 122
, 63
, 100
, 85
, 11
, 174
, 104
, 81
, 131
, 54
, 100
, 85
, 177
, 8
, 65
, 120
, 110
, 75
, 129
, 56
, 122
, 63
, 35
, 150
, 34
, 151
, 22
, 163
, 183
, 2
, 181
, 4
, 66
, 119
, 166
, 19
, 23
, 162
, 92
, 93
, 116
, 69
, 34
, 151
, 70
, 115
, 182
, 3
, 163
, 22
, 166
, 19
, 74
, 111
, 93
, 92
, 111
, 74
, 35
, 150
, 133
, 52
, 78
, 107
, 106
, 79
, 104
, 81
, 3
, 182
, 88
, 97
, 151
, 34
, 83
, 102
, 29
, 156
, 153
, 32
, 109
, 76
, 181
, 4
, 147
, 38
, 65
, 120
, 36
, 149
, 180
, 5
, 183
, 2
, 159
, 26
, 112
, 73
, 7
, 178
, 93
, 92
, 143
, 42
, 2
, 183
, 83
, 102
, 34
, 151
, 176
, 9
, 15
, 170
, 7
, 178
, 30
, 155
, 105
, 80
, 145
, 40
, 2
, 183
, 132
, 53
, 143
, 42
, 179
, 6
, 164
, 21
, 58
, 127
, 122
, 63
, 113
, 72
, 153
, 32
, 153
, 32
, 164
, 21
, 93
, 92
, 43
, 142
, 21
, 164
, 101
, 84
, 87
, 98
, 66
, 119
, 127
, 58
, 23
, 162
, 157
, 28
, 139
, 46
, 23
, 162
, 157
, 28
, 52
, 133
, 123
, 62
, 92
, 93
, 133
, 52
, 119
, 66
, 29
, 156
, 126
, 59
, 96
, 89
, 29
, 156
, 74
, 111
, 71
, 114
, 102
, 83
, 54
, 131
, 99
, 86
, 116
, 69
, 98
, 87
, 181
, 4
, 149
, 36
, 41
, 144
, 182
, 3
, 178
, 7
, 26
, 159
, 113
, 72
, 40
, 145
, 76
, 109
, 145
, 40
, 129
, 56
, 74
, 111
, 95
, 90
, 86
, 99
, 62
, 123
, 11
, 174
, 62
, 123
, 101
, 84
, 12
, 173
, 52
, 133
, 102
, 83
, 93
, 92
, 11
, 174
, 143
, 42
, 132
, 53
, 83
, 102
, 87
, 98
, 128
, 57
, 179
, 6
, 33
, 152
, 61
, 124
, 79
, 106
, 142
, 43
, 146
, 39
, 140
, 45
, 115
, 70
, 125
, 60
, 157
, 28
, 159
, 26
, 119
, 66
, 2
, 183
, 127
, 58
, 116
, 69
, 40
, 145
, 108
, 77
, 81
, 104
, 31
, 154
, 94
, 91
, 45
, 140
, 114
, 71
, 176
, 9
, 22
, 163
, 173
, 12
, 178
, 7
, 172
, 13
, 153
, 32
, 74
, 111
, 74
, 111
, 125
, 60
, 149
, 36
, 181
, 4
, 54
, 131
, 82
, 103
, 146
, 39
, 42
, 143
, 35
, 150
, 46
, 139
, 14
, 171
, 83
, 102
, 32
, 153
, 132
, 53
, 12
, 173
, 81
, 104
, 109
, 76
, 174
, 11
, 56
, 129
, 162
, 23
, 118
, 67
, 50
, 135
, 55
, 130
, 115
, 70
, 102
, 83
, 174
, 11
, 158
, 27
, 8
, 177
, 25
, 160
, 124
, 61
, 80
, 105
, 88
, 97
, 64
, 121
, 17
, 168
, 87
, 98
, 77
, 108
, 178
, 7
, 23
, 162
, 21
, 164
, 172
, 13
, 170
, 15
, 36
, 149
, 93
, 92
, 181
, 4
, 86
, 99
, 66
, 119
, 105
, 80
, 7
, 178
, 169
, 16
, 87
, 98
, 183
, 2
, 69
, 116
, 140
, 45
, 5
, 180
, 96
, 89
, 55
, 130
, 65
, 120
, 100
, 85
, 23
, 162
, 149
, 36
, 115
, 70
, 9
, 176
, 99
, 86
, 159
, 26
, 3
, 182
, 131
, 54
, 8
, 177
, 95
, 90
, 69
, 116
, 121
, 64
, 2
, 183
, 95
, 90
, 164
, 21
, 160
, 25
, 43
, 142
, 156
, 29
, 66
, 119
, 18
, 167
, 173
, 12
, 43
, 142
, 100
, 85
, 4
, 181
, 159
, 26
, 62
, 123
, 19
, 166
, 143
, 42
, 77
, 108
, 14
, 171
, 124
, 61
, 173
, 12
, 153
, 32
, 123
, 62
, 98
, 87
, 164
, 21
, 108
, 77
, 175
, 10
, 105
, 80
, 104
, 81
, 133
, 52
, 180
, 5
, 131
, 54
, 176
, 9
, 52
, 133
, 135
, 50
, 16
, 169
, 48
, 137
, 148
, 37
, 76
, 109
, 128
, 57
, 137
, 48
, 151
, 34
, 157
, 28
, 123
, 62
, 7
, 178
, 13
, 172
, 72
, 113
, 14
, 171
, 33
, 152
, 73
, 112
, 5
, 180
, 71
, 114
, 163
, 22
, 66
, 119
, 176
, 9
, 100
, 85
, 116
, 69
, 23
, 162
, 74
, 111
, 13
, 172
, 43
, 142
, 81
, 104
, 138
, 47
, 45
, 140
, 133
, 52
, 53
, 132
, 154
, 31
, 42
, 143
, 165
, 20
, 22
, 163
, 98
, 87
, 90
, 95
, 144
, 41
, 158
, 27
, 6
, 179
, 133
, 52
, 133
, 52
, 148
, 37
, 152
, 33
, 100
, 85
, 175
, 10
, 9
, 176
, 176
, 9
, 17
, 168
, 46
, 139
, 178
, 7
, 104
, 81
, 33
, 152
, 50
, 135
, 74
, 111
, 159
, 26
, 101
, 84
, 156
, 29
, 102
, 83
, 140
, 45
, 67
, 118
, 18
, 167
, 157
, 28
, 110
, 75
, 78
, 107
, 49
, 136
, 50
, 135
, 44
, 141
, 38
, 147
, 1
, 184
, 89
, 96
, 107
, 78
, 29
, 156
, 61
, 124
, 124
, 61
, 13
, 172
, 173
, 12
, 51
, 134
, 31
, 154
, 51
, 134
, 86
, 99
, 170
, 15
, 167
, 18
, 160
, 25
, 137
, 48
, 144
, 41
, 121
, 64
, 181
, 4
, 122
, 63
, 68
, 117
, 173
, 12
, 168
, 17
, 168
, 17
, 81
, 104
, 57
, 128
, 128
, 57
, 30
, 155
, 76
, 109
, 89
, 96
, 19
, 166
, 103
, 82
, 107
, 78
, 49
, 136
, 75
, 110
, 119
, 66
, 108
, 77
, 121
, 64
, 81
, 104
, 64
, 121
, 98
, 87
, 43
, 142
, 24
, 161
, 100
, 85
, 77
, 108
, 42
, 143
, 27
, 158
, 62
, 123
, 32
, 153
, 62
, 123
, 127
, 58
, 51
, 134
, 37
, 148
, 106
, 79
, 133
, 52
, 155
, 30
, 42
, 143
, 131
, 54
, 135
, 50
, 28
, 157
, 158
, 27
, 17
, 168
, 144
, 41
, 150
, 35
, 22
, 163
, 134
, 51
, 107
, 78
, 166
, 19
, 134
, 51
, 145
, 40
, 158
, 27
, 46
, 139
, 32
, 153
, 167
, 18
, 35
, 150
, 44
, 141
, 27
, 158
, 124
, 61
, 135
, 50
, 138
, 47
, 102
, 83
, 60
, 125
, 26
, 159
, 111
, 74
, 130
, 55
, 172
, 13
, 84
, 101
, 165
, 20
, 35
, 150
, 71
, 114
, 40
, 145
, 173
, 12
, 129
, 56
, 124
, 61
, 42
, 143
, 125
, 60
, 38
, 147
, 85
, 100
, 124
, 61
, 116
, 69
, 11
, 174
, 59
, 126
, 2
, 183
, 150
, 35
, 137
, 48
, 28
, 157
, 11
, 174
, 33
, 152
, 47
, 138
, 103
, 82
, 143
, 42
, 109
, 76
, 175
, 10
, 32
, 153
, 52
, 133
, 117
, 68
, 173
, 12
, 38
, 147
, 148
, 37
, 157
, 28
, 41
, 144
, 70
, 115
, 144
, 41
, 168
, 17
, 27
, 158
, 29
, 156
, 124
, 61
, 7
, 178
, 13
, 172
, 182
, 3
, 129
, 56
, 1
, 184
, 101
, 84
, 118
, 67
, 172
, 13
, 27
, 158
, 130
, 55
, 173
, 12
, 167
, 18
, 112
, 73
, 32
, 153
, 77
, 108
, 126
, 59
, 26
, 159
, 104
, 81
, 156
, 29
, 134
, 51
, 72
, 113
, 112
, 73
, 52
, 133
, 167
, 18
, 107
, 78
, 40
, 145
, 84
, 101
, 34
, 151
, 74
, 111
, 151
, 34
, 84
, 101
, 41
, 144
, 8
, 177
, 156
, 29
, 63
, 122
, 107
, 78
, 162
, 23
, 52
, 133
, 36
, 149
, 45
, 140
, 54
, 131
, 94
, 91
, 118
, 67
, 125
, 60
, 180
, 5
, 43
, 142
, 103
, 82
, 112
, 73
, 176
, 9
, 177
, 8
, 63
, 122
, 159
, 26
, 163
, 22
, 25
, 160
, 113
, 72
, 24
, 161
, 150
, 35
, 104
, 81
, 65
, 120
, 8
, 177
, 135
, 50
, 115
, 70
, 55
, 130
, 112
, 73
, 47
, 138
, 22
, 163
, 86
, 99
, 93
, 92
, 10
, 175
, 24
, 161
, 4
, 181
, 169
, 16
, 99
, 86
, 172
, 13
, 9
, 176
, 177
, 8
, 26
, 159
, 110
, 75
, 63
, 122
, 132
, 53
, 121
, 64
, 164
, 21
, 32
, 153
, 182
, 3
, 15
, 170
, 159
, 26
, 84
, 101
, 132
, 53
, 41
, 144
, 50
, 135
, 112
, 73
, 150
, 35
, 48
, 137
, 152
, 33
, 83
, 102
, 4
, 181
, 28
, 157
, 64
, 121
, 151
, 34
, 71
, 114
, 144
, 41
, 44
, 141
, 64
, 121
, 23
, 162
, 117
, 68
, 137
, 48
, 142
, 43
, 82
, 103
, 116
, 69
, 63
, 122
, 56
, 129
, 74
, 111
, 165
, 20
, 140
, 45
, 167
, 18
, 44
, 141
, 55
, 130
, 144
, 41
, 134
, 51
, 126
, 59
, 14
, 171
, 46
, 139
, 7
, 178
, 148
, 37
, 164
, 21
, 129
, 56
, 53
, 132
, 94
, 91
, 148
, 37
, 34
, 151
, 113
, 72
, 99
, 86
, 36
, 149
, 48
, 137
, 183
, 2
, 52
, 133
, 102
, 83
, 182
, 3
, 46
, 139
, 145
, 40
, 117
, 68
, 154
, 31
, 14
, 171
, 48
, 137
, 62
, 123
, 138
, 47
, 102
, 83
, 161
, 24
, 140
, 45
, 71
, 114
, 69
, 116
, 63
, 122
, 84
, 101
, 36
, 149
, 75
, 110
, 159
, 26
, 36
, 149
, 41
, 144
, 132
, 53
, 7
, 178
, 142
, 43
, 151
, 34
, 11
, 174
, 164
, 21
, 32
, 153
, 93
, 92
, 134
, 51
, 114
, 71
, 101
, 84
, 70
, 115
, 59
, 126
, 54
, 131
, 57
, 128
, 10
, 175
, 6
, 179
, 140
, 45
, 183
, 2
, 159
, 26
, 26
, 159
, 153
, 32
, 60
, 125
, 20
, 165
, 128
, 57
, 112
, 73
, 25
, 160
, 170
, 15
, 79
, 106
, 52
, 133
, 179
, 6
, 9
, 176
, 14
, 171
, 7
, 178
, 54
, 131
, 165
, 20
, 108
, 77
, 77
, 108
, 64
, 121
, 29
, 156
, 60
, 125
, 3
, 182
, 180
, 5
, 165
, 20
, 69
, 116
, 165
, 20
, 26
, 159
, 172
, 13
, 173
, 12
, 53
, 132
, 171
, 14
, 164
, 21
, 183
, 2
, 50
, 135
, 71
, 114
, 66
, 119
, 13
, 172
, 179
, 6
, 4
, 181
, 78
, 107
, 112
, 73
, 62
, 123
, 35
, 150
, 20
, 165
, 16
, 169
, 122
, 63
, 173
, 12
, 15
, 170
, 148
, 37
, 93
, 92
, 177
, 8
, 150
, 35
, 183
, 2
, 13
, 172
, 29
, 156
, 113
, 72
, 68
, 117
, 12
, 173
, 101
, 84
, 92
, 93
, 119
, 66
, 108
, 77
, 3
, 182
, 48
, 137
, 58
, 127
, 29
, 156
, 129
, 56
, 83
, 102
, 9
, 176
, 68
, 117
, 63
, 122
, 151
, 34
, 116
, 69
, 143
, 42
, 62
, 123
, 118
, 67
, 110
, 75
, 26
, 159
, 132
, 53
, 73
, 112
, 121
, 64
, 97
, 88
, 72
, 113
, 108
, 77
, 71
, 114
, 31
, 154
, 147
, 38
, 98
, 87
, 132
, 53
, 35
, 150
, 100
, 85
, 43
, 142
, 55
, 130
, 113
, 72
, 104
, 81
, 131
, 54
, 93
, 92
, 15
, 170
, 104
, 81
, 20
, 165
, 23
, 162
, 170
, 15
, 154
, 31
, 24
, 161
, 9
, 176
, 42
, 143
, 110
, 75
, 35
, 150
, 129
, 56
, 56
, 129
, 123
, 62
, 71
, 114
, 39
, 146
, 128
, 57
, 63
, 122
, 58
, 127
, 99
, 86
, 33
, 152
, 149
, 36
, 157
, 28
, 146
, 39
, 95
, 90
, 119
, 66
, 71
, 114
, 19
, 166
, 106
, 79
, 20
, 165
, 18
, 167
, 45
, 140
, 137
, 48
, 145
, 40
, 79
, 106
, 168
, 17
, 182
, 3
, 138
, 47
, 165
, 20
, 52
, 133
, 38
, 147
, 2
, 183
, 104
, 81
, 147
, 38
, 42
, 143
, 92
, 93
, 20
, 165
, 24
, 161
, 95
, 90
, 93
, 92
, 5
, 180
, 9
, 176
, 124
, 61
, 100
, 85
, 9
, 176
, 120
, 65
, 102
, 83
, 114
, 71
, 61
, 124
, 169
, 16
, 23
, 162
, 57
, 128
, 129
, 56
, 131
, 54
, 118
, 67
, 173
, 12
, 114
, 71
, 77
, 108
, 95
, 90
, 78
, 107
, 166
, 19
, 154
, 31
, 114
, 71
, 171
, 14
, 141
, 44
, 2
, 183
, 146
, 39
, 15
, 170
, 132
, 53
, 16
, 169
, 69
, 116
, 9
, 176
, 34
, 151
, 153
, 32
, 93
, 92
, 35
, 150
, 129
, 56
, 170
, 15
, 119
, 66
, 95
, 90
, 124
, 61
, 79
, 106
, 51
, 134
, 132
, 53
, 55
, 130
, 36
, 149
, 89
, 96
, 154
, 31
, 164
, 21
, 12
, 173
, 172
, 13
, 107
, 78
, 17
, 168
, 41
, 144
, 47
, 138
, 81
, 104
, 83
, 102
, 83
, 102
, 44
, 141
, 73
, 112
, 112
, 73
, 171
, 14
, 78
, 107
, 156
, 29
, 105
, 80
, 49
, 136
, 142
, 43
, 120
, 65
, 120
, 65
, 51
, 134
, 77
, 108
, 81
, 104
, 42
, 143
, 165
, 20
, 16
, 169
, 108
, 77
, 47
, 138
, 116
, 69
, 69
, 116
, 176
, 9
, 120
, 65
, 10
, 175
, 148
, 37
, 113
, 72
, 108
, 77
, 181
, 4
, 181
, 4
, 183
, 2
, 134
, 51
, 23
, 162
, 163
, 22
, 67
, 118
, 115
, 70
, 40
, 145
, 92
, 93
, 135
, 50
, 40
, 145
, 14
, 171
, 2
, 183
, 48
, 137
, 176
, 9
, 31
, 154
, 54
, 131
, 84
, 101
, 106
, 79
, 162
, 23
, 37
, 148
, 93
, 92
, 84
, 101
, 66
, 119
, 46
, 139
, 49
, 136
, 71
, 114
, 122
, 63
, 81
, 104
, 60
, 125
, 103
, 82
, 62
, 123
, 51
, 134
, 133
, 52
, 5
, 180
, 182
, 3
, 53
, 132
, 169
, 16
, 76
, 109
, 66
, 119
, 83
, 102
, 37
, 148
, 150
, 35
, 11
, 174
, 148
, 37
, 44
, 141
, 14
, 171
, 175
, 10
, 103
, 82
, 167
, 18
, 161
, 24
, 51
, 134
, 29
, 156
, 106
, 79
, 158
, 27
, 180
, 5
, 74
, 111
, 37
, 148
, 73
, 112
, 145
, 40
, 69
, 116
, 105
, 80
, 41
, 144
, 43
, 142
, 136
, 49
, 163
, 22
, 179
, 6
, 8
, 177
, 17
, 168
, 165
, 20
, 86
, 99
, 58
, 127
, 46
, 139
, 165
, 20
, 79
, 106
, 3
, 182
, 173
, 12
, 158
, 27
, 167
, 18
, 118
, 67
, 117
, 68
, 21
, 164
, 85
, 100
, 85
, 100
, 29
, 156
, 63
, 122
, 18
, 167
, 133
, 52
, 168
, 17
, 124
, 61
, 172
, 13
, 150
, 35
, 117
, 68
, 51
, 134
, 82
, 103
, 104
, 81
, 101
, 84
, 16
, 169
, 168
, 17
, 107
, 78
, 39
, 146
, 42
, 143
, 69
, 116
, 170
, 15
, 55
, 130
, 23
, 162
, 15
, 170
, 161
, 24
, 108
, 77
, 136
, 49
, 120
, 65
, 33
, 152
, 106
, 79
, 175
, 10
, 69
, 116
, 120
, 65
, 138
, 47
, 129
, 56
, 114
, 71
, 64
, 121
, 10
, 175
, 111
, 74
, 104
, 81
, 122
, 63
, 13
, 172
, 1
, 184
, 167
, 18
, 65
, 120
, 58
, 127
, 65
, 120
, 142
, 43
, 152
, 33
, 141
, 44
, 95
, 90
, 34
, 151
, 87
, 98
, 118
, 67
, 157
, 28
, 81
, 104
, 31
, 154
, 41
, 144
, 144
, 41
, 133
, 52
, 5
, 180
, 176
, 9
, 29
, 156
, 31
, 154
, 178
, 7
, 119
, 66
, 34
, 151
, 145
, 40
, 103
, 82
, 106
, 79
, 39
, 146
, 174
, 11
, 25
, 160
, 125
, 60
, 120
, 65
, 92
, 93
, 1
, 184
, 20
, 165
, 73
, 112
, 174
, 11
, 106
, 79
, 56
, 129
, 126
, 59
, 7
, 178
, 101
, 84
, 77
, 108
, 35
, 150
, 72
, 113
, 65
, 120
, 134
, 51
, 130
, 55
, 178
, 7
, 181
, 4
, 105
, 80
, 105
, 80
, 37
, 148
, 96
, 89
, 15
, 170
, 86
, 99
, 101
, 84
, 62
, 123
, 16
, 169
, 14
, 171
, 3
, 182
, 169
, 16
, 23
, 162
, 40
, 145
, 92
, 93
, 40
, 145
, 178
, 7
, 4
, 181
, 33
, 152
, 47
, 138
, 80
, 105
, 179
, 6
, 41
, 144
, 53
, 132
, 102
, 83
, 183
, 2
, 20
, 165
, 132
, 53
, 40
, 145
, 65
, 120
, 173
, 12
, 135
, 50
, 19
, 166
, 34
, 151
, 8
, 177
, 115
, 70
, 95
, 90
, 30
, 155
, 180
, 5
, 88
, 97
, 10
, 175
, 56
, 129
, 102
, 83
, 41
, 144
, 145
, 40
, 121
, 64
, 65
, 120
, 17
, 168
, 45
, 140
, 47
, 138
, 56
, 129
, 130
, 55
, 122
, 63
, 59
, 126
, 143
, 42
, 123
, 62
, 78
, 107
, 129
, 56
, 147
, 38
, 37
, 148
, 5
, 180
, 54
, 131
, 103
, 82
, 45
, 140
, 4
, 181
, 76
, 109
, 81
, 104
, 106
, 79
, 177
, 8
, 19
, 166
, 92
, 93
, 115
, 70
, 60
, 125
, 106
, 79
, 100
, 85
, 28
, 157
, 104
, 81
, 106
, 79
, 180
, 5
, 39
, 146
, 12
, 173
, 99
, 86
, 25
, 160
, 153
, 32
, 17
, 168
, 26
, 159
, 174
, 11
, 99
, 86
, 77
, 108
, 41
, 144
, 50
, 135
, 152
, 33
, 81
, 104
, 155
, 30
, 104
, 81
, 36
, 149
, 28
, 157
, 116
, 69
, 39
, 146
, 142
, 43
, 75
, 110
, 54
, 131
, 154
, 31
, 28
, 157
, 8
, 177
, 76
, 109
, 141
, 44
, 98
, 87
, 8
, 177
, 1
, 184
, 35
, 150
, 162
, 23
, 163
, 22
, 73
, 112
, 25
, 160
, 107
, 78
, 155
, 30
, 176
, 9
, 58
, 127
, 42
, 143
, 45
, 140
, 98
, 87
, 49
, 136
, 62
, 123
, 84
, 101
, 72
, 113
, 136
, 49
, 6
, 179
, 145
, 40
, 74
, 111
, 69
, 116
, 105
, 80
, 175
, 10
, 28
, 157
, 163
, 22
, 26
, 159
, 93
, 92
, 105
, 80
, 140
, 45
, 27
, 158
, 102
, 83
, 166
, 19
, 163
, 22
, 143
, 42
, 100
, 85
, 159
, 26
, 90
, 95
, 9
, 176
, 75
, 110
, 98
, 87
, 130
, 55
, 84
, 101
, 180
, 5
, 171
, 14
, 71
, 114
, 121
, 64
, 57
, 128
, 164
, 21
, 72
, 113
, 57
, 128
, 63
, 122
, 127
, 58
, 145
, 40
, 128
, 57
, 44
, 141
, 140
, 45
, 3
, 182
, 96
, 89
, 98
, 87
, 74
, 111
, 183
, 2
, 114
, 71
, 128
, 57
, 166
, 19
, 152
, 33
, 4
, 181
, 55
, 130
, 127
, 58
, 23
, 162
, 91
, 94
, 29
, 156
, 74
, 111
, 51
, 134
, 123
, 62
, 152
, 33
, 94
, 91
, 103
, 82
, 79
, 106
, 144
, 41
, 76
, 109
, 18
, 167
, 62
, 123
, 158
, 27
, 162
, 23
, 7
, 178
, 137
, 48
, 97
, 88
, 130
, 55
, 151
, 34
, 21
, 164
, 146
, 39
, 135
, 50
, 136
, 49
, 47
, 138
, 45
, 140
, 73
, 112
, 58
, 127
, 96
, 89
, 54
, 131
, 61
, 124
, 81
, 104
, 167
, 18
, 128
, 57
, 152
, 33
, 128
, 57
, 40
, 145
, 168
, 17
, 10
, 175
, 57
, 128
, 29
, 156
, 126
, 59
, 135
, 50
, 54
, 131
, 25
, 160
, 166
, 19
, 123
, 62
, 158
, 27
, 96
, 89
, 85
, 100
, 43
, 142
, 179
, 6
, 79
, 106
, 97
, 88
, 62
, 123
, 108
, 77
, 118
, 67
, 88
, 97
, 81
, 104
, 124
, 61
, 54
, 131
, 37
, 148
, 40
, 145
, 15
, 170
, 5
, 180
, 48
, 137
, 37
, 148
, 44
, 141
, 147
, 38
, 148
, 37
, 102
, 83
, 182
, 3
, 59
, 126
, 121
, 64
, 29
, 156
, 166
, 19
, 22
, 163
, 132
, 53
, 5
, 180
, 84
, 101
, 110
, 75
, 155
, 30
, 75
, 110
, 117
, 68
, 157
, 28
, 43
, 142
, 177
, 8
, 113
, 72
, 4
, 181
, 44
, 141
, 50
, 135
, 37
, 148
, 37
, 148
, 6
, 179
, 162
, 23
, 39
, 146
, 177
, 8
, 170
, 15
, 22
, 163
, 75
, 110
, 149
, 36
, 116
, 69
, 136
, 49
, 76
, 109
, 171
, 14
, 163
, 22
, 8
, 177
, 111
, 74
, 1
, 184
, 91
, 94
, 58
, 127
, 177
, 8
, 56
, 129
, 36
, 149
, 136
, 49
, 172
, 13
, 28
, 157
, 85
, 100
, 8
, 177
, 18
, 167
, 7
, 178
, 66
, 119
, 133
, 52
, 4
, 181
, 37
, 148
, 7
, 178
, 90
, 95
, 150
, 35
, 87
, 98
, 122
, 63
, 155
, 30
, 107
, 78
, 102
, 83
, 4
, 181
, 20
, 165
, 130
, 55
, 80
, 105
, 90
, 95
, 79
, 106
, 59
, 126
, 46
, 139
, 177
, 8
, 12
, 173
, 77
, 108
, 142
, 43
, 159
, 26
, 150
, 35
, 122
, 63
, 104
, 81
, 182
, 3
, 26
, 159
, 13
, 172
, 37
, 148
, 147
, 38
, 45
, 140
, 98
, 87
, 7
, 178
, 3
, 182
, 158
, 27
, 40
, 145
, 100
, 85
, 3
, 182
, 37
, 148
, 21
, 164
, 46
, 139
, 146
, 39
, 19
, 166
, 55
, 130
, 136
, 49
, 153
, 32
, 87
, 98
, 169
, 16
, 62
, 123
, 127
, 58
, 141
, 44
, 123
, 62
, 79
, 106
, 159
, 26
, 176
, 9
, 110
, 75
, 17
, 168
, 162
, 23
, 117
, 68
, 101
, 84
, 179
, 6
, 24
, 161
, 43
, 142
, 130
, 55
, 29
, 156
, 172
, 13
, 8
, 177
, 94
, 91
, 67
, 118
, 98
, 87
, 126
, 59
, 172
, 13
, 124
, 61
, 53
, 132
, 11
, 174
, 97
, 88
, 20
, 165
, 159
, 26
, 96
, 89
, 41
, 144
, 180
, 5
, 65
, 120
, 44
, 141
, 118
, 67
, 53
, 132
, 54
, 131
, 57
, 128
, 163
, 22
, 15
, 170
, 103
, 82
, 135
, 50
, 173
, 12
, 164
, 21
, 119
, 66
, 164
, 21
, 141
, 44
, 155
, 30
, 18
, 167
, 134
, 51
, 74
, 111
, 139
, 46
, 126
, 59
, 110
, 75
, 131
, 54
, 17
, 168
, 57
, 128
, 43
, 142
, 102
, 83
, 45
, 140
, 94
, 91
, 61
, 124
, 130
, 55
, 147
, 38
, 149
, 36
, 31
, 154
, 61
, 124
, 3
, 182
, 106
, 79
, 104
, 81
, 77
, 108
, 126
, 59
, 72
, 113
, 122
, 63
, 62
, 123
, 43
, 142
, 31
, 154
, 33
, 152
, 161
, 24
, 43
, 142
, 8
, 177
, 43
, 142
, 100
, 85
, 101
, 84
, 145
, 40
, 175
, 10
, 141
, 44
, 103
, 82
, 173
, 12
, 107
, 78
, 38
, 147
, 105
, 80
, 151
, 34
, 155
, 30
, 100
, 85
, 122
, 63
, 112
, 73
, 119
, 66
, 89
, 96
, 138
, 47
, 167
, 18
, 170
, 15
, 81
, 104
, 32
, 153
, 77
, 108
, 136
, 49
, 28
, 157
, 92
, 93
, 19
, 166
, 82
, 103
, 28
, 157
, 96
, 89
, 43
, 142
, 24
, 161
, 171
, 14
, 132
, 53
, 155
, 30
, 36
, 149
, 131
, 54
, 106
, 79
, 82
, 103
, 93
, 92
, 159
, 26
, 94
, 91
, 17
, 168
, 174
, 11
, 11
, 174
, 7
, 178
, 10
, 175
, 111
, 74
, 178
, 7
, 66
, 119
, 28
, 157
, 140
, 45
, 157
, 28
, 45
, 140
, 87
, 98
, 94
, 91
, 18
, 167
, 140
, 45
, 119
, 66
, 158
, 27
, 17
, 168
, 59
, 126
, 53
, 132
, 97
, 88
, 51
, 134
, 124
, 61
, 25
, 160
, 126
, 59
, 43
, 142
, 19
, 166
, 63
, 122
, 61
, 124
, 62
, 123
, 12
, 173
, 58
, 127
, 152
, 33
, 58
, 127
, 129
, 56
, 27
, 158
, 27
, 158
, 15
, 170
, 22
, 163
, 76
, 109
, 77
, 108
, 77
, 108
, 95
, 90
, 140
, 45
, 136
, 49
, 106
, 79
, 122
, 63
, 153
, 32
, 147
, 38
, 67
, 118
, 145
, 40
, 5
, 180
, 32
, 153
, 12
, 173
, 32
, 153
, 53
, 132
, 147
, 38
, 167
, 18
, 33
, 152
, 41
, 144
, 33
, 152
, 26
, 159
, 114
, 71
, 163
, 22
, 148
, 37
, 46
, 139
, 130
, 55
, 43
, 142
, 164
, 21
, 21
, 164
, 142
, 43
, 173
, 12
, 167
, 18
, 168
, 17
, 77
, 108
, 23
, 162
, 119
, 66
, 174
, 11
, 150
, 35
, 128
, 57
, 80
, 105
, 134
, 51
, 169
, 16
, 51
, 134
, 75
, 110
, 153
, 32
, 109
, 76
, 119
, 66
, 181
, 4
, 116
, 69
, 2
, 183
, 147
, 38
, 107
, 78
, 166
, 19
, 132
, 53
, 133
, 52
, 88
, 97
, 40
, 145
, 149
, 36
, 96
, 89
, 72
, 113
, 166
, 19
, 42
, 143
, 63
, 122
, 88
, 97
, 163
, 22
, 78
, 107
, 39
, 146
, 167
, 18
, 81
, 104
, 126
, 59
, 183
, 2
, 169
, 16
, 166
, 19
, 163
, 22
, 8
, 177
, 55
, 130
, 50
, 135
, 143
, 42
, 181
, 4
, 180
, 5
, 14
, 171
, 155
, 30
, 115
, 70
, 31
, 154
, 46
, 139
, 32
, 153
, 78
, 107
, 52
, 133
, 102
, 83
, 163
, 22
, 31
, 154
, 63
, 122
, 17
, 168
, 67
, 118
, 94
, 91
, 152
, 33
, 141
, 44
, 90
, 95
, 79
, 106
, 125
, 60
, 174
, 11
, 118
, 67
, 160
, 25
, 11
, 174
, 5
, 180
, 78
, 107
, 12
, 173
, 78
, 107
, 18
, 167
, 138
, 47
, 129
, 56
, 44
, 141
, 150
, 35
, 30
, 155
, 58
, 127
, 169
, 16
, 156
, 29
, 32
, 153
, 41
, 144
, 57
, 128
, 162
, 23
, 6
, 179
, 48
, 137
, 129
, 56
, 176
, 9
, 58
, 127
, 113
, 72
, 8
, 177
, 177
, 8
, 99
, 86
, 135
, 50
, 101
, 84
, 61
, 124
, 181
, 4
, 60
, 125
, 180
, 5
, 7
, 178
, 152
, 33
, 25
, 160
, 139
, 46
, 108
, 77
, 135
, 50
, 114
, 71
, 136
, 49
, 135
, 50
, 42
, 143
, 46
, 139
, 179
, 6
, 85
, 100
, 62
, 123
, 28
, 157
, 63
, 122
, 61
, 124
, 71
, 114
, 8
, 177
, 80
, 105
, 5
, 180
, 67
, 118
, 153
, 32
, 142
, 43
, 14
, 171
, 10
, 175
, 84
, 101
, 174
, 11
, 58
, 127
, 29
, 156
, 106
, 79
, 91
, 94
, 95
, 90
, 161
, 24
, 54
, 131
, 57
, 128
, 150
, 35
, 38
, 147
, 69
, 116
, 107
, 78
, 176
, 9
, 91
, 94
, 150
, 35
, 173
, 12
, 127
, 58
, 170
, 15
, 45
, 140
, 57
, 128
, 112
, 73
, 153
, 32
, 90
, 95
, 59
, 126
, 88
, 97
, 88
, 97
, 13
, 172
, 73
, 112
, 112
, 73
, 29
, 156
, 14
, 171
, 111
, 74
, 114
, 71
, 108
, 77
, 99
, 86
, 3
, 182
, 96
, 89
, 85
, 100
, 147
, 38
, 64
, 121
, 53
, 132
, 75
, 110
, 136
, 49
, 139
, 46
, 165
, 20
, 183
, 2
, 180
, 5
, 130
, 55
, 31
, 154
, 48
, 137
, 162
, 23
, 41
, 144
, 2
, 183
, 134
, 51
, 20
, 165
, 32
, 153
, 77
, 108
, 89
, 96
, 179
, 6
, 109
, 76
, 136
, 49
, 1
, 184
, 44
, 141
, 89
, 96
, 23
, 162
, 75
, 110
, 73
, 112
, 117
, 68
, 54
, 131
, 131
, 54
, 81
, 104
, 173
, 12
, 46
, 139
, 43
, 142
, 118
, 67
, 2
, 183
, 140
, 45
, 73
, 112
, 134
, 51
, 90
, 95
, 161
, 24
, 155
, 30
, 144
, 41
, 13
, 172
, 51
, 134
, 110
, 75
, 102
, 83
, 26
, 159
, 131
, 54
, 31
, 154
, 113
, 72
, 109
, 76
, 124
, 61
, 39
, 146
, 104
, 81
, 148
, 37
, 62
, 123
, 50
, 135
, 70
, 115
, 125
, 60
, 41
, 144
, 96
, 89
, 168
, 17
, 143
, 42
, 128
, 57
, 87
, 98
, 101
, 84
, 7
, 178
, 47
, 138
, 132
, 53
, 38
, 147
, 31
, 154
, 113
, 72
, 59
, 126
, 107
, 78
, 155
, 30
, 10
, 175
, 74
, 111
, 57
, 128
, 20
, 165
, 175
, 10
, 46
, 139
, 23
, 162
, 83
, 102
, 103
, 82
, 56
, 129
, 22
, 163
, 72
, 113
, 55
, 130
, 128
, 57
, 76
, 109
, 171
, 14
, 139
, 46
, 166
, 19
, 33
, 152
, 35
, 150
, 95
, 90
, 179
, 6
, 100
, 85
, 70
, 115
, 102
, 83
, 86
, 99
, 130
, 55
, 17
, 168
, 22
, 163
, 123
, 62
, 145
, 40
, 141
, 44
, 103
, 82
, 108
, 77
, 15
, 170
, 34
, 151
, 51
, 134
, 149
, 36
, 91
, 94
, 73
, 112
, 81
, 104
, 148
, 37
, 28
, 157
, 3
, 182
, 134
, 51
, 163
, 22
, 110
, 75
, 45
, 140
, 5
, 180
, 24
, 161
, 109
, 76
, 125
, 60
, 155
, 30
, 20
, 165
, 153
, 32
, 133
, 52
, 3
, 182
, 73
, 112
, 145
, 40
, 62
, 123
, 170
, 15
, 12
, 173
, 79
, 106
, 168
, 17
, 174
, 11
, 83
, 102
, 5
, 180
, 37
, 148
, 15
, 170
, 172
, 13
, 84
, 101
, 35
, 150
, 180
, 5
, 18
, 167
, 78
, 107
, 106
, 79
, 133
, 52
, 103
, 82
, 52
, 133
, 42
, 143
, 171
, 14
, 128
, 57
, 41
, 144
, 132
, 53
, 132
, 53
, 15
, 170
, 128
, 57
, 149
, 36
, 2
, 183
, 19
, 166
, 118
, 67
, 19
, 166
, 117
, 68
, 46
, 139
, 130
, 55
, 123
, 62
, 123
, 62
, 102
, 83
, 22
, 163
, 74
, 111
, 171
, 14
, 157
, 28
, 174
, 11
, 8
, 177
, 81
, 104
, 134
, 51
, 96
, 89
, 114
, 71
, 37
, 148
, 152
, 33
, 97
, 88
, 135
, 50
, 128
, 57
, 71
, 114
, 88
, 97
, 30
, 155
, 45
, 140
, 32
, 153
, 155
, 30
, 31
, 154
, 66
, 119
, 27
, 158
, 27
, 158
, 131
, 54
, 47
, 138
, 156
, 29
, 11
, 174
, 115
, 70
, 169
, 16
, 43
, 142
, 100
, 85
, 120
, 65
, 47
, 138
, 12
, 173
, 137
, 48
, 141
, 44
, 9
, 176
, 119
, 66
, 181
, 4
, 136
, 49
, 48
, 137
, 130
, 55
, 64
, 121
, 128
, 57
, 6
, 179
, 23
, 162
, 17
, 168
, 44
, 141
, 180
, 5
, 136
, 49
, 20
, 165
, 137
, 48
, 11
, 174
, 177
, 8
, 26
, 159
, 174
, 11
, 183
, 2
, 8
, 177
, 91
, 94
, 58
, 127
, 148
, 37
, 170
, 15
, 18
, 167
, 11
, 174
, 9
, 176
, 114
, 71
, 169
, 16
, 71
, 114
, 180
, 5
, 175
, 10
, 138
, 47
, 126
, 59
, 90
, 95
, 42
, 143
, 117
, 68
, 146
, 39
, 144
, 41
, 124
, 61
, 56
, 129
, 74
, 111
, 152
, 33
, 156
, 29
, 1
, 184
, 19
, 166
, 45
, 140
, 64
, 121
, 156
, 29
, 147
, 38
, 100
, 85
, 18
, 167
, 120
, 65
, 117
, 68
, 104
, 81
, 156
, 29
, 173
, 12
, 134
, 51
, 40
, 145
, 59
, 126
, 58
, 127
, 21
, 164
, 22
, 163
, 85
, 100
, 50
, 135
, 131
, 54
, 107
, 78
, 149
, 36
, 108
, 77
, 147
, 38
, 77
, 108
, 98
, 87
, 22
, 163
, 93
, 92
, 39
, 146
, 37
, 148
, 41
, 144
, 98
, 87
, 165
, 20
, 64
, 121
, 139
, 46
, 65
, 120
, 10
, 175
, 142
, 43
, 87
, 98
, 182
, 3
, 37
, 148
, 53
, 132
, 110
, 75
, 67
, 118
, 117
, 68
, 82
, 103
, 152
, 33
, 93
, 92
, 70
, 115
, 142
, 43
, 18
, 167
, 62
, 123
, 78
, 107
, 18
, 167
, 120
, 65
, 122
, 63
, 103
, 82
, 156
, 29
, 41
, 144
, 12
, 173
, 183
, 2
, 180
, 5
, 10
, 175
, 21
, 164
, 175
, 10
, 83
, 102
, 115
, 70
, 25
, 160
, 13
, 172
, 183
, 2
, 129
, 56
, 110
, 75
, 75
, 110
, 42
, 143
, 116
, 69
, 168
, 17
, 108
, 77
, 78
, 107
, 35
, 150
, 2
, 183
, 92
, 93
, 103
, 82
, 76
, 109
, 176
, 9
, 98
, 87
, 91
, 94
, 76
, 109
, 150
, 35
, 162
, 23
, 1
, 184
, 10
, 175
, 104
, 81
, 23
, 162
, 76
, 109
, 115
, 70
, 54
, 131
, 142
, 43
, 174
, 11
, 164
, 21
, 36
, 149
, 115
, 70
, 116
, 69
, 54
, 131
, 15
, 170
, 174
, 11
, 95
, 90
, 20
, 165
, 145
, 40
, 11
, 174
, 159
, 26
, 72
, 113
, 84
, 101
, 104
, 81
, 1
, 184
, 91
, 94
, 168
, 17
, 148
, 37
, 154
, 31
, 110
, 75
, 98
, 87
, 182
, 3
, 92
, 93
, 34
, 151
, 163
, 22
, 86
, 99
, 143
, 42
, 106
, 79
, 171
, 14
, 164
, 21
, 85
, 100
, 56
, 129
, 114
, 71
, 169
, 16
, 3
, 182
, 63
, 122
, 98
, 87
, 155
, 30
, 144
, 41
, 166
, 19
, 57
, 128
, 170
, 15
, 64
, 121
, 79
, 106
, 101
, 84
, 164
, 21
, 7
, 178
, 107
, 78
, 7
, 178
, 28
, 157
, 118
, 67
, 176
, 9
, 92
, 93
, 113
, 72
, 114
, 71
, 105
, 80
, 104
, 81
, 175
, 10
, 138
, 47
, 86
, 99
, 67
, 118
, 32
, 153
, 13
, 172
, 28
, 157
, 145
, 40
, 149
, 36
, 106
, 79
, 24
, 161
, 162
, 23
, 160
, 25
, 50
, 135
, 169
, 16
, 164
, 21
, 182
, 3
, 100
, 85
, 138
, 47
, 161
, 24
, 112
, 73
, 83
, 102
, 80
, 105
, 67
, 118
, 128
, 57
, 1
, 184
, 25
, 160
, 5
, 180
, 12
, 173
, 105
, 80
, 134
, 51
, 25
, 160
, 75
, 110
, 93
, 92
, 166
, 19
, 171
, 14
, 96
, 89
, 78
, 107
, 149
, 36
, 93
, 92
, 130
, 55
, 40
, 145
, 45
, 140
, 175
, 10
, 45
, 140
, 77
, 108
, 93
, 92
, 60
, 125
, 150
, 35
, 167
, 18
, 63
, 122
, 175
, 10
, 2
, 183
, 48
, 137
, 149
, 36
, 10
, 175
, 154
, 31
, 166
, 19
, 89
, 96
, 72
, 113
, 28
, 157
, 94
, 91
, 147
, 38
, 175
, 10
, 68
, 117
, 13
, 172
, 42
, 143
, 105
, 80
, 37
, 148
, 147
, 38
, 160
, 25
, 56
, 129
, 34
, 151
, 169
, 16
, 32
, 153
, 100
, 85
, 174
, 11
, 165
, 20
, 32
, 153
, 3
, 182
, 8
, 177
, 138
, 47
, 119
, 66
, 38
, 147
, 163
, 22
, 60
, 125
, 6
, 179
, 30
, 155
, 158
, 27
, 39
, 146
, 144
, 41
, 80
, 105
, 84
, 101
, 19
, 166
, 32
, 153
, 161
, 24
, 94
, 91
, 76
, 109
, 183
, 2
, 141
, 44
, 91
, 94
, 83
, 102
, 127
, 58
, 175
, 10
, 33
, 152
, 120
, 65
, 179
, 6
, 154
, 31
, 24
, 161
, 128
, 57
, 17
, 168
, 74
, 111
, 90
, 95
, 120
, 65
, 144
, 41
, 40
, 145
, 23
, 162
, 24
, 161
, 103
, 82
, 85
, 100
, 15
, 170
, 155
, 30
, 105
, 80
, 87
, 98
, 80
, 105
, 6
, 179
, 124
, 61
, 156
, 29
, 44
, 141
, 155
, 30
, 94
, 91
, 69
, 116
, 104
, 81
, 149
, 36
, 58
, 127
, 135
, 50
, 123
, 62
, 183
, 2
, 38
, 147
, 89
, 96
, 112
, 73
, 17
, 168
, 135
, 50
, 135
, 50
, 155
, 30
, 155
, 30
, 21
, 164
, 26
, 159
, 103
, 82
, 38
, 147
, 4
, 181
, 100
, 85
, 44
, 141
, 39
, 146
, 96
, 89
, 64
, 121
, 79
, 106
, 63
, 122
, 98
, 87
, 48
, 137
, 11
, 174
, 69
, 116
, 143
, 42
, 111
, 74
, 160
, 25
, 148
, 37
, 86
, 99
, 137
, 48
, 50
, 135
, 64
, 121
, 42
, 143
, 161
, 24
, 176
, 9
, 4
, 181
, 162
, 23
, 103
, 82
, 94
, 91
, 70
, 115
, 147
, 38
, 39
, 146
, 61
, 124
, 160
, 25
, 30
, 155
, 134
, 51
, 177
, 8
, 156
, 29
, 88
, 97
, 20
, 165
, 1
, 184
, 106
, 79
, 6
, 179
, 47
, 138
, 138
, 47
, 145
, 40
, 7
, 178
, 41
, 144
, 150
, 35
, 157
, 28
, 85
, 100
, 144
, 41
, 39
, 146
, 84
, 101
, 95
, 90
, 108
, 77
, 56
, 129
, 84
, 101
, 18
, 167
, 48
, 137
, 107
, 78
, 37
, 148
, 45
, 140
, 109
, 76
, 110
, 75
, 147
, 38
, 149
, 36
, 50
, 135
, 21
, 164
, 47
, 138
, 35
, 150
, 9
, 176
, 28
, 157
, 84
, 101
, 102
, 83
, 37
, 148
, 86
, 99
, 91
, 94
, 78
, 107
, 71
, 114
, 18
, 167
, 56
, 129
, 153
, 32
, 121
, 64
, 131
, 54
, 177
, 8
, 111
, 74
, 126
, 59
, 121
, 64
, 84
, 101
, 33
, 152
, 78
, 107
, 129
, 56
, 124
, 61
, 45
, 140
, 163
, 22
, 100
, 85
, 18
, 167
, 57
, 128
, 122
, 63
, 2
, 183
, 39
, 146
, 60
, 125
, 149
, 36
, 160
, 25
, 12
, 173
, 66
, 119
, 10
, 175
, 36
, 149
, 61
, 124
, 23
, 162
, 11
, 174
, 132
, 53
, 55
, 130
, 116
, 69
, 119
, 66
, 161
, 24
, 57
, 128
, 62
, 123
, 79
, 106
, 24
, 161
, 134
, 51
, 169
, 16
, 178
, 7
, 41
, 144
, 145
, 40
, 122
, 63
, 92
, 93
, 178
, 7
, 58
, 127
, 64
, 121
, 130
, 55
, 172
, 13
, 43
, 142
, 45
, 140
, 180
, 5
, 115
, 70
, 171
, 14
, 89
, 96
, 167
, 18
, 85
, 100
, 52
, 133
, 165
, 20
, 108
, 77
, 116
, 69
, 41
, 144
, 113
, 72
, 170
, 15
, 52
, 133
, 10
, 175
, 59
, 126
, 19
, 166
, 1
, 184
, 169
, 16
, 60
, 125
, 61
, 124
, 20
, 165
, 126
, 59
, 96
, 89
, 54
, 131
, 136
, 49
, 109
, 76
, 97
, 88
, 51
, 134
, 38
, 147
, 84
, 101
, 59
, 126
, 49
, 136
, 41
, 144
, 24
, 161
, 25
, 160
, 30
, 155
, 41
, 144
, 25
, 160
, 50
, 135
, 35
, 150
, 138
, 47
, 18
, 167
, 105
, 80
, 28
, 157
, 144
, 41
, 26
, 159
, 132
, 53
, 140
, 45
, 157
, 28
, 172
, 13
, 132
, 53
, 154
, 31
, 122
, 63
, 5
, 180
, 30
, 155
, 28
, 157
, 29
, 156
, 137
, 48
, 140
, 45
, 109
, 76
, 18
, 167
, 108
, 77
, 81
, 104
, 115
, 70
, 68
, 117
, 159
, 26
, 117
, 68
, 117
, 68
, 133
, 52
, 55
, 130
, 114
, 71
, 156
, 29
, 180
, 5
, 129
, 56
, 110
, 75
, 182
, 3
, 163
, 22
, 24
, 161
, 155
, 30
, 43
, 142
, 23
, 162
, 80
, 105
, 51
, 134
, 72
, 113
, 76
, 109
, 76
, 109
, 53
, 132
, 32
, 153
, 30
, 155
, 9
, 176
, 155
, 30
, 7
, 178
, 1
, 184
, 103
, 82
, 57
, 128
, 170
, 15
, 109
, 76
, 118
, 67
, 67
, 118
, 70
, 115
, 153
, 32
, 105
, 80
, 22
, 163
, 96
, 89
, 133
, 52
, 114
, 71
, 93
, 92
, 132
, 53
, 51
, 134
, 8
, 177
, 69
, 116
, 59
, 126
, 80
, 105
, 29
, 156
, 18
, 167
, 79
, 106
, 18
, 167
, 128
, 57
, 99
, 86
, 135
, 50
, 88
, 97
, 61
, 124
, 11
, 174
, 77
, 108
, 76
, 109
, 72
, 113
, 107
, 78
, 121
, 64
, 180
, 5
, 181
, 4
, 118
, 67
, 69
, 116
, 174
, 11
, 78
, 107
, 142
, 43
, 175
, 10
, 12
, 173
, 50
, 135
, 168
, 17
, 51
, 134
, 19
, 166
, 55
, 130
, 94
, 91
, 125
, 60
, 92
, 93
, 105
, 80
, 165
, 20
, 15
, 170
, 138
, 47
, 181
, 4
, 31
, 154
, 65
, 120
, 99
, 86
, 145
, 40
, 104
, 81
, 163
, 22
, 68
, 117
, 25
, 160
, 79
, 106
, 154
, 31
, 91
, 94
, 104
, 81
, 23
, 162
, 172
, 13
, 139
, 46
, 122
, 63
, 52
, 133
, 169
, 16
, 132
, 53
, 55
, 130
, 2
, 183
, 156
, 29
, 34
, 151
, 32
, 153
, 97
, 88
, 7
, 178
, 127
, 58
, 141
, 44
, 80
, 105
, 166
, 19
, 176
, 9
, 30
, 155
, 143
, 42
, 172
, 13
, 113
, 72
, 124
, 61
, 111
, 74
, 115
, 70
, 129
, 56
, 49
, 136
, 19
, 166
, 168
, 17
, 123
, 62
, 90
, 95
, 164
, 21
, 139
, 46
, 70
, 115
, 143
, 42
, 181
, 4
, 134
, 51
, 123
, 62
, 105
, 80
, 144
, 41
, 24
, 161
, 40
, 145
, 54
, 131
, 180
, 5
, 171
, 14
, 158
, 27
, 138
, 47
, 125
, 60
, 96
, 89
, 180
, 5
, 121
, 64
, 129
, 56
, 34
, 151
, 20
, 165
, 151
, 34
, 40
, 145
, 177
, 8
, 106
, 79
, 103
, 82
, 82
, 103
, 134
, 51
, 114
, 71
, 39
, 146
, 159
, 26
, 106
, 79
, 86
, 99
, 109
, 76
, 153
, 32
, 8
, 177
, 181
, 4
, 164
, 21
, 29
, 156
, 102
, 83
, 65
, 120
, 155
, 30
, 49
, 136
, 50
, 135
, 106
, 79
, 147
, 38
, 137
, 48
, 35
, 150
, 98
, 87
, 160
, 25
, 101
, 84
, 24
, 161
, 140
, 45
, 65
, 120
, 173
, 12
, 132
, 53
, 45
, 140
, 161
, 24
, 106
, 79
, 146
, 39
, 47
, 138
, 27
, 158
, 26
, 159
, 24
, 161
, 51
, 134
, 162
, 23
, 23
, 162
, 68
, 117
, 161
, 24
, 74
, 111
, 150
, 35
, 171
, 14
, 36
, 149
, 137
, 48
, 116
, 69
, 83
, 102
, 10
, 175
, 149
, 36
, 13
, 172
, 11
, 174
, 143
, 42
, 1
, 184
, 160
, 25
, 104
, 81
, 89
, 96
, 162
, 23
, 96
, 89
, 51
, 134
, 94
, 91
, 114
, 71
, 7
, 178
, 154
, 31
, 87
, 98
, 52
, 133
, 28
, 157
, 41
, 144
, 152
, 33
, 116
, 69
, 67
, 118
, 50
, 135
, 108
, 77
, 31
, 154
, 113
, 72
, 61
, 124
, 158
, 27
, 167
, 18
, 113
, 72
, 17
, 168
, 6
, 179
, 8
, 177
, 131
, 54
, 146
, 39
, 131
, 54
, 132
, 53
, 122
, 63
, 101
, 84
, 39
, 146
, 81
, 104
, 85
, 100
, 152
, 33
, 80
, 105
, 42
, 143
, 102
, 83
, 33
, 152
, 63
, 122
, 163
, 22
, 59
, 126
, 125
, 60
, 24
, 161
, 3
, 182
, 149
, 36
, 34
, 151
, 29
, 156
, 64
, 121
, 178
, 7
, 105
, 80
, 3
, 182
, 171
, 14
, 115
, 70
, 110
, 75
, 105
, 80
, 148
, 37
, 101
, 84
, 43
, 142
, 106
, 79
, 60
, 125
, 162
, 23
, 122
, 63
, 15
, 170
, 3
, 182
, 174
, 11
, 118
, 67
, 171
, 14
, 159
, 26
, 148
, 37
, 55
, 130
, 19
, 166
, 60
, 125
, 39
, 146
, 92
, 93
, 132
, 53
, 140
, 45
, 140
, 45
, 31
, 154
, 151
, 34
, 1
, 184
, 12
, 173
, 48
, 137
, 94
, 91
, 36
, 149
, 29
, 156
, 27
, 158
, 25
, 160
, 93
, 92
, 53
, 132
, 161
, 24
, 106
, 79
, 83
, 102
, 146
, 39
, 139
, 46
, 13
, 172
, 57
, 128
, 72
, 113
, 28
, 157
, 119
, 66
, 119
, 66
, 23
, 162
, 9
, 176
, 22
, 163
, 118
, 67
, 47
, 138
, 39
, 146
, 24
, 161
, 132
, 53
, 17
, 168
, 108
, 77
, 113
, 72
, 148
, 37
, 90
, 95
, 152
, 33
, 7
, 178
, 156
, 29
, 117
, 68
, 183
, 2
, 2
, 183
, 124
, 61
, 59
, 126
, 147
, 38
, 108
, 77
, 58
, 127
, 99
, 86
, 140
, 45
, 134
, 51
, 101
, 84
, 80
, 105
, 171
, 14
, 169
, 16
, 119
, 66
, 161
, 24
, 66
, 119
, 9
, 176
, 36
, 149
, 59
, 126
, 110
, 75
, 34
, 151
, 173
, 12
, 87
, 98
, 89
, 96
, 47
, 138
, 42
, 143
, 122
, 63
, 146
, 39
, 39
, 146
, 32
, 153
, 58
, 127
, 114
, 71
, 137
, 48
, 115
, 70
, 39
, 146
, 4
, 181
, 14
, 171
, 104
, 81
, 151
, 34
, 177
, 8
, 138
, 47
, 62
, 123
, 96
, 89
, 23
, 162
, 93
, 92
, 176
, 9
, 99
, 86
, 56
, 129
, 22
, 163
, 71
, 114
, 52
, 133
, 104
, 81
, 109
, 76
, 111
, 74
, 72
, 113
, 129
, 56
, 23
, 162
, 135
, 50
, 102
, 83
, 177
, 8
, 77
, 108
, 6
, 179
, 75
, 110
, 59
, 126
, 64
, 121
, 20
, 165
, 78
, 107
, 159
, 26
, 151
, 34
, 9
, 176
, 23
, 162
, 82
, 103
, 129
, 56
, 46
, 139
, 25
, 160
, 105
, 80
, 26
, 159
, 62
, 123
, 135
, 50
, 16
, 169
, 61
, 124
, 39
, 146
, 109
, 76
, 4
, 181
, 144
, 41
, 112
, 73
, 18
, 167
, 182
, 3
, 28
, 157
, 38
, 147
, 171
, 14
, 62
, 123
, 89
, 96
, 91
, 94
, 86
, 99
, 65
, 120
, 129
, 56
, 107
, 78
, 28
, 157
, 51
, 134
, 47
, 138
, 34
, 151
, 22
, 163
, 159
, 26
, 144
, 41
, 160
, 25
, 128
, 57
, 176
, 9
, 89
, 96
, 49
, 136
, 83
, 102
, 129
, 56
, 129
, 56
, 4
, 181
, 124
, 61
, 146
, 39
, 44
, 141
, 71
, 114
, 99
, 86
, 83
, 102
, 133
, 52
, 15
, 170
, 94
, 91
, 91
, 94
, 62
, 123
, 162
, 23
, 7
, 178
, 29
, 156
, 110
, 75
, 136
, 49
, 39
, 146
, 13
, 172
, 22
, 163
, 63
, 122
, 155
, 30
, 14
, 171
, 176
, 9
, 108
, 77
, 30
, 155
, 132
, 53
, 171
, 14
, 122
, 63
, 126
, 59
, 155
, 30
, 44
, 141
, 50
, 135
, 19
, 166
, 174
, 11
, 54
, 131
, 113
, 72
, 150
, 35
, 21
, 164
, 18
, 167
, 51
, 134
, 72
, 113
, 26
, 159
, 18
, 167
, 155
, 30
, 28
, 157
, 48
, 137
, 128
, 57
, 58
, 127
, 47
, 138
, 162
, 23
, 140
, 45
, 70
, 115
, 157
, 28
, 91
, 94
, 39
, 146
, 173
, 12
, 54
, 131
, 4
, 181
, 17
, 168
, 76
, 109
, 73
, 112
, 120
, 65
, 44
, 141
, 77
, 108
, 44
, 141
, 150
, 35
, 141
, 44
, 84
, 101
, 75
, 110
, 172
, 13
, 181
, 4
, 152
, 33
, 150
, 35
, 95
, 90
, 118
, 67
, 15
, 170
, 30
, 155
, 172
, 13
, 1
, 184
, 118
, 67
, 47
, 138
, 131
, 54
, 132
, 53
, 150
, 35
, 71
, 114
, 81
, 104
, 155
, 30
, 65
, 120
, 42
, 143
, 171
, 14
, 69
, 116
, 88
, 97
, 44
, 141
, 118
, 67
, 116
, 69
, 108
, 77
, 79
, 106
, 132
, 53
, 53
, 132
, 104
, 81
, 9
, 176
, 183
, 2
, 167
, 18
, 153
, 32
, 181
, 4
, 126
, 59
, 144
, 41
, 136
, 49
, 155
, 30
, 114
, 71
, 178
, 7
, 34
, 151
, 56
, 129
, 74
, 111
, 175
, 10
, 124
, 61
, 147
, 38
, 21
, 164
, 143
, 42
, 125
, 60
, 129
, 56
, 112
, 73
, 16
, 169
, 63
, 122
, 161
, 24
, 40
, 145
, 139
, 46
, 139
, 46
, 80
, 105
, 179
, 6
, 132
, 53
, 127
, 58
, 30
, 155
, 10
, 175
, 145
, 40
, 93
, 92
, 58
, 127
, 54
, 131
, 50
, 135
, 56
, 129
, 128
, 57
, 91
, 94
, 93
, 92
, 34
, 151
, 42
, 143
, 173
, 12
, 122
, 63
, 131
, 54
, 72
, 113
, 112
, 73
, 37
, 148
, 41
, 144
, 10
, 175
, 151
, 34
, 129
, 56
, 129
, 56
, 88
, 97
, 114
, 71
, 183
, 2
, 113
, 72
, 54
, 131
, 78
, 107
, 84
, 101
, 5
, 180
, 80
, 105
, 94
, 91
, 77
, 108
, 136
, 49
, 150
, 35
, 76
, 109
, 45
, 140
, 16
, 169
, 31
, 154
, 9
, 176
, 35
, 150
, 135
, 50
, 72
, 113
, 124
, 61
, 51
, 134
, 137
, 48
, 80
, 105
, 170
, 15
, 149
, 36
, 60
, 125
, 117
, 68
, 159
, 26
, 108
, 77
, 105
, 80
, 27
, 158
, 146
, 39
, 141
, 44
, 115
, 70
, 8
, 177
, 113
, 72
, 159
, 26
, 175
, 10
, 104
, 81
, 106
, 79
, 177
, 8
, 103
, 82
, 131
, 54
, 90
, 95
, 116
, 69
, 115
, 70
, 84
, 101
, 112
, 73
, 41
, 144
, 157
, 28
, 106
, 79
, 79
, 106
, 87
, 98
, 154
, 31
, 138
, 47
, 158
, 27
, 72
, 113
, 112
, 73
, 95
, 90
, 8
, 177
, 98
, 87
, 63
, 122
, 39
, 146
, 181
, 4
, 28
, 157
, 136
, 49
, 17
, 168
, 114
, 71
, 127
, 58
, 16
, 169
, 143
, 42
, 17
, 168
, 61
, 124
, 148
, 37
, 60
, 125
, 2
, 183
, 123
, 62
, 59
, 126
, 172
, 13
, 17
, 168
, 62
, 123
, 133
, 52
, 98
, 87
, 102
, 83
, 183
, 2
, 143
, 42
, 36
, 149
, 42
, 143
, 127
, 58
, 17
, 168
, 1
, 184
, 150
, 35
, 99
, 86
, 62
, 123
, 88
, 97
, 99
, 86
, 41
, 144
, 143
, 42
, 117
, 68
, 132
, 53
, 65
, 120
, 163
, 22
, 17
, 168
, 91
, 94
, 148
, 37
, 174
, 11
, 45
, 140
, 53
, 132
, 15
, 170
, 173
, 12
, 56
, 129
, 15
, 170
, 92
, 93
, 80
, 105
, 120
, 65
, 76
, 109
, 91
, 94
, 116
, 69
, 74
, 111
, 31
, 154
, 144
, 41
, 137
, 48
, 111
, 74
, 155
, 30
, 179
, 6
, 56
, 129
, 51
, 134
, 179
, 6
, 89
, 96
, 101
, 84
, 76
, 109
, 40
, 145
, 106
, 79
, 134
, 51
, 57
, 128
, 73
, 112
, 112
, 73
, 76
, 109
, 58
, 127
, 89
, 96
, 162
, 23
, 3
, 182
, 72
, 113
, 36
, 149
, 121
, 64
, 114
, 71
, 15
, 170
, 76
, 109
, 48
, 137
, 108
, 77
, 162
, 23
, 67
, 118
, 100
, 85
, 126
, 59
, 74
, 111
, 67
, 118
, 28
, 157
, 90
, 95
, 128
, 57
, 13
, 172
, 105
, 80
, 35
, 150
, 17
, 168
, 37
, 148
, 144
, 41
, 85
, 100
, 42
, 143
, 164
, 21
, 67
, 118
, 58
, 127
, 74
, 111
, 112
, 73
, 40
, 145
, 149
, 36
, 76
, 109
, 70
, 115
, 86
, 99
, 88
, 97
, 166
, 19
, 24
, 161
, 102
, 83
, 43
, 142
, 161
, 24
, 49
, 136
, 1
, 184
, 165
, 20
, 43
, 142
, 132
, 53
, 162
, 23
, 142
, 43
, 123
, 62
, 161
, 24
, 36
, 149
, 148
, 37
, 48
, 137
, 21
, 164
, 98
, 87
, 95
, 90
, 8
, 177
, 139
, 46
, 60
, 125
, 90
, 95
, 140
, 45
, 65
, 120
, 109
, 76
, 67
, 118
, 106
, 79
, 110
, 75
, 107
, 78
, 13
, 172
, 167
, 18
, 104
, 81
, 171
, 14
, 54
, 131
, 183
, 2
, 138
, 47
, 108
, 77
, 4
, 181
, 148
, 37
, 170
, 15
, 13
, 172
, 78
, 107
, 45
, 140
, 83
, 102
, 39
, 146
, 26
, 159
, 156
, 29
, 8
, 177
, 161
, 24
, 36
, 149
, 115
, 70
, 146
, 39
, 162
, 23
, 158
, 27
, 2
, 183
, 69
, 116
, 135
, 50
, 155
, 30
, 28
, 157
, 72
, 113
, 163
, 22
, 107
, 78
, 54
, 131
, 131
, 54
, 124
, 61
, 41
, 144
, 158
, 27
, 30
, 155
, 36
, 149
, 27
, 158
, 57
, 128
, 125
, 60
, 111
, 74
, 7
, 178
, 180
, 5
, 120
, 65
, 61
, 124
, 172
, 13
, 131
, 54
, 183
, 2
, 165
, 20
, 83
, 102
, 45
, 140
, 100
, 85
, 113
, 72
, 60
, 125
, 32
, 153
, 107
, 78
, 150
, 35
, 158
, 27
, 64
, 121
, 116
, 69
, 24
, 161
, 84
, 101
, 15
, 170
, 62
, 123
, 81
, 104
, 156
, 29
, 163
, 22
, 106
, 79
, 10
, 175
, 7
, 178
, 127
, 58
, 45
, 140
, 31
, 154
, 114
, 71
, 77
, 108
, 112
, 73
, 92
, 93
, 163
, 22
, 123
, 62
, 111
, 74
, 36
, 149
, 105
, 80
, 28
, 157
, 168
, 17
, 58
, 127
, 68
, 117
, 143
, 42
, 146
, 39
, 36
, 149
, 25
, 160
, 42
, 143
, 114
, 71
, 118
, 67
, 102
, 83
, 28
, 157
, 126
, 59
, 105
, 80
, 13
, 172
, 108
, 77
, 167
, 18
, 172
, 13
, 177
, 8
, 108
, 77
, 28
, 157
, 137
, 48
, 154
, 31
, 89
, 96
, 103
, 82
, 140
, 45
, 10
, 175
, 180
, 5
, 25
, 160
, 105
, 80
, 154
, 31
, 84
, 101
, 75
, 110
, 144
, 41
, 94
, 91
, 60
, 125
, 29
, 156
, 157
, 28
, 101
, 84
, 165
, 20
, 91
, 94
, 130
, 55
, 114
, 71
, 112
, 73
, 136
, 49
, 142
, 43
, 18
, 167
, 123
, 62
, 67
, 118
, 32
, 153
, 114
, 71
, 112
, 73
, 110
, 75
, 139
, 46
, 45
, 140
, 33
, 152
, 60
, 125
, 71
, 114
, 47
, 138
, 7
, 178
, 102
, 83
, 124
, 61
, 128
, 57
, 17
, 168
, 9
, 176
, 86
, 99
, 134
, 51
, 58
, 127
, 86
, 99
, 64
, 121
, 42
, 143
, 108
, 77
, 5
, 180
, 89
, 96
, 6
, 179
, 131
, 54
, 22
, 163
, 154
, 31
, 157
, 28
, 131
, 54
, 114
, 71
, 80
, 105
, 139
, 46
, 28
, 157
, 110
, 75
, 183
, 2
, 159
, 26
, 3
, 182
, 98
, 87
, 21
, 164
, 95
, 90
, 21
, 164
, 92
, 93
, 2
, 183
, 76
, 109
, 179
, 6
, 158
, 27
, 126
, 59
, 59
, 126
, 172
, 13
, 119
, 66
, 32
, 153
, 140
, 45
, 19
, 166
, 123
, 62
, 19
, 166
, 42
, 143
, 65
, 120
, 160
, 25
, 13
, 172
, 91
, 94
, 178
, 7
, 171
, 14
, 180
, 5
, 23
, 162
, 125
, 60
, 96
, 89
, 58
, 127
, 152
, 33
, 18
, 167
, 149
, 36
, 33
, 152
, 86
, 99
, 152
, 33
, 151
, 34
, 85
, 100
, 171
, 14
, 49
, 136
, 42
, 143
, 13
, 172
, 101
, 84
, 72
, 113
, 9
, 176
, 126
, 59
, 90
, 95
, 86
, 99
, 101
, 84
, 19
, 166
, 2
, 183
, 180
, 5
, 154
, 31
, 112
, 73
, 20
, 165
, 166
, 19
, 86
, 99
, 56
, 129
, 171
, 14
, 125
, 60
, 70
, 115
, 95
, 90
, 108
, 77
, 31
, 154
, 109
, 76
, 32
, 153
, 48
, 137
, 59
, 126
, 171
, 14
, 54
, 131
, 101
, 84
, 117
, 68
, 105
, 80
, 177
, 8
, 150
, 35
, 146
, 39
, 127
, 58
, 80
, 105
, 149
, 36
, 71
, 114
, 80
, 105
, 25
, 160
, 86
, 99
, 123
, 62
, 31
, 154
, 181
, 4
, 10
, 175
, 153
, 32
, 21
, 164
, 169
, 16
, 107
, 78
, 142
, 43
, 148
, 37
, 64
, 121
, 87
, 98
, 111
, 74
, 66
, 119
, 62
, 123
, 33
, 152
, 140
, 45
, 10
, 175
, 147
, 38
, 140
, 45
, 171
, 14
, 10
, 175
, 36
, 149
, 42
, 143
, 63
, 122
, 132
, 53
, 40
, 145
, 29
, 156
, 162
, 23
, 15
, 170
, 141
, 44
, 22
, 163
, 95
, 90
, 25
, 160
, 24
, 161
, 94
, 91
, 104
, 81
, 51
, 134
, 49
, 136
, 129
, 56
, 19
, 166
, 90
, 95
, 100
, 85
, 47
, 138
, 134
, 51
, 71
, 114
, 35
, 150
, 3
, 182
, 1
, 184
, 63
, 122
, 39
, 146
, 122
, 63
, 137
, 48
, 26
, 159
, 127
, 58
, 24
, 161
, 173
, 12
, 109
, 76
, 63
, 122
, 101
, 84
, 105
, 80
, 41
, 144
, 150
, 35
, 139
, 46
, 139
, 46
, 66
, 119
, 33
, 152
, 49
, 136
, 24
, 161
, 176
, 9
, 25
, 160
, 120
, 65
, 70
, 115
, 33
, 152
, 128
, 57
, 163
, 22
, 107
, 78
, 6
, 179
, 64
, 121
, 55
, 130
, 177
, 8
, 54
, 131
, 85
, 100
, 172
, 13
, 129
, 56
, 155
, 30
, 180
, 5
, 38
, 147
, 47
, 138
, 34
, 151
, 41
, 144
, 42
, 143
, 181
, 4
, 42
, 143
