
421
, 8
, 54
, 3
, 59
, 30
, 32
, 55
, 7
, 42
, 20
, 45
, 17
, 48
, 14
, 59
, 3
, 13
, 49
, 45
, 17
, 50
, 12
, 43
, 19
, 53
, 9
, 8
, 54
, 6
, 56
, 28
, 34
, 41
, 21
, 26
, 36
, 36
, 26
, 60
, 2
, 29
, 33
, 32
, 30
, 44
, 18
, 21
, 41
, 22
, 40
, 15
, 47
, 58
, 4
, 2
, 60
, 17
, 45
, 49
, 13
, 30
, 32
, 45
, 17
, 34
, 28
, 32
, 30
, 43
, 19
, 42
, 20
, 18
, 44
, 15
, 47
, 20
, 42
, 45
, 17
, 49
, 13
, 57
, 5
, 45
, 17
, 40
, 22
, 41
, 21
, 13
, 49
, 7
, 55
, 11
, 51
, 8
, 54
, 27
, 35
, 23
, 39
, 22
, 40
, 33
, 29
, 37
, 25
, 60
, 2
, 42
, 20
, 35
, 27
, 23
, 39
, 45
, 17
, 47
, 15
, 58
, 4
, 8
, 54
, 35
, 27
, 60
, 2
, 33
, 29
, 4
, 58
, 41
, 21
, 25
, 37
, 45
, 17
, 20
, 42
, 20
, 42
, 50
, 12
, 51
, 11
, 21
, 41
, 46
, 16
, 24
, 38
, 17
, 45
, 39
, 23
, 59
, 3
, 12
, 50
, 37
, 25
, 7
, 55
, 12
, 50
, 25
, 37
, 49
, 13
, 42
, 20
, 15
, 47
, 27
, 35
, 13
, 49
, 57
, 5
, 11
, 51
, 37
, 25
, 25
, 37
, 7
, 55
, 51
, 11
, 49
, 13
, 25
, 37
, 45
, 17
, 48
, 14
, 21
, 41
, 8
, 54
, 6
, 56
, 36
, 26
, 51
, 11
, 57
, 5
, 13
, 49
, 57
, 5
, 49
, 13
, 20
, 42
, 23
, 39
, 54
, 8
, 53
, 9
, 47
, 15
, 39
, 23
, 53
, 9
, 5
, 57
, 11
, 51
, 30
, 32
, 9
, 53
, 38
, 24
, 46
, 16
, 47
, 15
, 24
, 38
, 32
, 30
, 19
, 43
, 24
, 38
, 50
, 12
, 9
, 53
, 4
, 58
, 9
, 53
, 2
, 60
, 31
, 31
, 53
, 9
, 17
, 45
, 33
, 29
, 29
, 33
, 13
, 49
, 19
, 43
, 46
, 16
, 34
, 28
, 10
, 52
, 20
, 42
, 36
, 26
, 4
, 58
, 39
, 23
, 18
, 44
, 47
, 15
, 12
, 50
, 38
, 24
, 3
, 59
, 6
, 56
, 49
, 13
, 18
, 44
, 35
, 27
, 1
, 61
, 14
, 48
, 2
, 60
, 55
, 7
, 17
, 45
, 38
, 24
, 48
, 14
, 56
, 6
, 32
, 30
, 25
, 37
, 5
, 57
, 16
, 46
, 17
, 45
, 18
, 44
, 40
, 22
, 8
, 54
, 16
, 46
, 52
, 10
, 18
, 44
, 51
, 11
, 14
, 48
, 45
, 17
, 52
, 10
, 8
, 54
, 54
, 8
, 38
, 24
, 36
, 26
, 55
, 7
, 21
, 41
, 4
, 58
, 52
, 10
, 53
, 9
, 44
, 18
, 55
, 7
, 38
, 24
, 31
, 31
, 24
, 38
, 45
, 17
, 40
, 22
, 51
, 11
, 20
, 42
, 22
, 40
, 46
, 16
, 35
, 27
, 50
, 12
, 31
, 31
, 7
, 55
, 40
, 22
, 52
, 10
, 50
, 12
, 5
, 57
, 10
, 52
, 52
, 10
, 8
, 54
, 53
, 9
, 22
, 40
, 56
, 6
, 54
, 8
, 54
, 8
, 6
, 56
, 5
, 57
, 18
, 44
, 1
, 61
, 60
, 2
, 36
, 26
, 51
, 11
, 23
, 39
, 38
, 24
, 10
, 52
, 37
, 25
, 44
, 18
, 44
, 18
, 47
, 15
, 35
, 27
, 21
, 41
, 48
, 14
, 35
, 27
, 52
, 10
, 1
, 61
, 11
, 51
, 4
, 58
, 5
, 57
, 56
, 6
, 20
, 42
, 23
, 39
, 23
, 39
, 36
, 26
, 50
, 12
, 50
, 12
, 37
, 25
, 17
, 45
, 41
, 21
, 15
, 47
, 10
, 52
, 36
, 26
, 2
, 60
, 11
, 51
, 30
, 32
, 30
, 32
, 14
, 48
, 11
, 51
, 3
, 59
, 45
, 17
, 30
, 32
, 35
, 27
, 33
, 29
, 60
, 2
, 24
, 38
, 53
, 9
, 37
, 25
, 29
, 33
, 58
, 4
, 38
, 24
, 54
, 8
, 57
, 5
, 36
, 26
, 58
, 4
, 48
, 14
, 59
, 3
, 60
, 2
, 40
, 22
, 59
, 3
, 52
, 10
, 39
, 23
, 49
, 13
, 13
, 49
, 38
, 24
, 42
, 20
, 25
, 37
, 38
, 24
, 16
, 46
, 50
, 12
, 17
, 45
, 22
, 40
, 20
, 42
, 37
, 25
, 9
, 53
, 19
, 43
, 55
, 7
, 43
, 19
, 38
, 24
, 52
, 10
, 24
, 38
, 56
, 6
, 35
, 27
, 20
, 42
, 2
, 60
, 35
, 27
, 8
, 54
, 34
, 28
, 59
, 3
, 59
, 3
, 60
, 2
, 5
, 57
, 41
, 21
, 5
, 57
, 5
, 57
, 36
, 26
, 16
, 46
, 32
, 30
, 13
, 49
, 27
, 35
, 9
, 53
, 12
, 50
, 24
, 38
, 16
, 46
, 14
, 48
, 8
, 54
, 2
, 60
, 35
, 27
, 38
, 24
, 58
, 4
, 38
, 24
, 12
, 50
, 25
, 37
, 33
, 29
, 30
, 32
, 52
, 10
, 20
, 42
, 48
, 14
, 3
, 59
, 39
, 23
, 13
, 49
, 43
, 19
, 5
, 57
, 54
, 8
, 53
, 9
, 50
, 12
, 43
, 19
, 34
, 28
, 47
, 15
, 15
, 47
, 45
, 17
, 27
, 35
, 1
, 61
, 50
, 12
, 10
, 52
, 59
, 3
, 6
, 56
, 5
, 57
, 6
, 56
, 14
, 48
, 14
, 48
, 57
, 5
, 25
, 37
, 35
, 27
, 40
, 22
, 20
, 42
, 26
, 36
, 29
, 33
, 38
, 24
, 58
, 4
, 35
, 27
, 48
, 14
, 40
, 22
, 40
, 22
, 36
, 26
, 48
, 14
, 17
, 45
, 43
, 19
, 42
, 20
, 60
, 2
, 34
, 28
, 60
, 2
, 32
, 30
, 47
, 15
, 54
, 8
, 45
, 17
, 39
, 23
, 49
, 13
, 32
, 30
, 31
, 31
, 34
, 28
, 56
, 6
, 16
, 46
, 23
, 39
, 48
, 14
, 20
, 42
, 16
, 46
, 42
, 20
, 28
, 34
, 13
, 49
, 57
, 5
, 53
, 9
, 28
, 34
, 23
, 39
, 11
, 51
, 33
, 29
, 4
, 58
, 15
, 47
, 29
, 33
, 20
, 42
, 6
, 56
, 36
, 26
, 31
, 31
, 31
, 31
, 39
, 23
, 5
, 57
, 44
, 18
, 43
, 19
, 37
, 25
, 53
, 9
, 54
, 8
, 46
, 16
, 34
, 28
, 1
, 61
, 29
, 33
