
4220
, 70
, 123
, 95
, 98
, 97
, 96
, 134
, 59
, 124
, 69
, 30
, 163
, 76
, 117
, 42
, 151
, 167
, 26
, 78
, 115
, 107
, 86
, 102
, 91
, 41
, 152
, 12
, 181
, 86
, 107
, 59
, 134
, 88
, 105
, 121
, 72
, 34
, 159
, 141
, 52
, 134
, 59
, 169
, 24
, 73
, 120
, 110
, 83
, 84
, 109
, 89
, 104
, 161
, 32
, 112
, 81
, 122
, 71
, 65
, 128
, 172
, 21
, 104
, 89
, 129
, 64
, 70
, 123
, 158
, 35
, 183
, 10
, 21
, 172
, 172
, 21
, 40
, 153
, 108
, 85
, 89
, 104
, 20
, 173
, 60
, 133
, 148
, 45
, 105
, 88
, 151
, 42
, 153
, 40
, 93
, 100
, 62
, 131
, 136
, 57
, 94
, 99
, 119
, 74
, 72
, 121
, 21
, 172
, 177
, 16
, 51
, 142
, 112
, 81
, 147
, 46
, 87
, 106
, 27
, 166
, 120
, 73
, 18
, 175
, 87
, 106
, 172
, 21
, 110
, 83
, 59
, 134
, 14
, 179
, 8
, 185
, 51
, 142
, 36
, 157
, 91
, 102
, 93
, 100
, 27
, 166
, 113
, 80
, 132
, 61
, 179
, 14
, 158
, 35
, 52
, 141
, 163
, 30
, 176
, 17
, 22
, 171
, 95
, 98
, 156
, 37
, 47
, 146
, 4
, 189
, 144
, 49
, 10
, 183
, 174
, 19
, 61
, 132
, 145
, 48
, 115
, 78
, 180
, 13
, 33
, 160
, 187
, 6
, 50
, 143
, 40
, 153
, 16
, 177
, 164
, 29
, 97
, 96
, 17
, 176
, 57
, 136
, 166
, 27
, 169
, 24
, 103
, 90
, 136
, 57
, 184
, 9
, 95
, 98
, 147
, 46
, 93
, 100
, 137
, 56
, 84
, 109
, 188
, 5
, 9
, 184
, 4
, 189
, 40
, 153
, 24
, 169
, 80
, 113
, 71
, 122
, 172
, 21
, 73
, 120
, 160
, 33
, 184
, 9
, 9
, 184
, 50
, 143
, 131
, 62
, 11
, 182
, 4
, 189
, 153
, 40
, 114
, 79
, 123
, 70
, 85
, 108
, 157
, 36
, 97
, 96
, 83
, 110
, 134
, 59
, 147
, 46
, 105
, 88
, 180
, 13
, 89
, 104
, 87
, 106
, 181
, 12
, 96
, 97
, 141
, 52
, 22
, 171
, 127
, 66
, 32
, 161
, 159
, 34
, 166
, 27
, 81
, 112
, 176
, 17
, 81
, 112
, 128
, 65
, 112
, 81
, 74
, 119
, 157
, 36
, 161
, 32
, 14
, 179
, 30
, 163
, 131
, 62
, 101
, 92
, 161
, 32
, 46
, 147
, 162
, 31
, 89
, 104
, 22
, 171
, 3
, 190
, 9
, 184
, 33
, 160
, 27
, 166
, 62
, 131
, 34
, 159
, 66
, 127
, 28
, 165
, 138
, 55
, 91
, 102
, 123
, 70
, 188
, 5
, 66
, 127
, 113
, 80
, 122
, 71
, 44
, 149
, 129
, 64
, 101
, 92
, 182
, 11
, 177
, 16
, 83
, 110
, 30
, 163
, 57
, 136
, 51
, 142
, 70
, 123
, 108
, 85
, 157
, 36
, 30
, 163
, 107
, 86
, 57
, 136
, 23
, 170
, 124
, 69
, 49
, 144
, 40
, 153
, 84
, 109
, 163
, 30
, 163
, 30
, 117
, 76
, 161
, 32
, 6
, 187
, 76
, 117
, 163
, 30
, 87
, 106
, 31
, 162
, 123
, 70
, 12
, 181
, 83
, 110
, 24
, 169
, 124
, 69
, 2
, 191
, 177
, 16
, 171
, 22
, 128
, 65
, 150
, 43
, 19
, 174
, 42
, 151
, 111
, 82
, 13
, 180
, 14
, 179
, 171
, 22
, 22
, 171
, 161
, 32
, 145
, 48
, 82
, 111
, 127
, 66
, 165
, 28
, 123
, 70
, 149
, 44
, 18
, 175
, 121
, 72
, 21
, 172
, 30
, 163
, 6
, 187
, 97
, 96
, 123
, 70
, 86
, 107
, 120
, 73
, 36
, 157
, 72
, 121
, 121
, 72
, 104
, 89
, 55
, 138
, 37
, 156
, 112
, 81
, 7
, 186
, 119
, 74
, 41
, 152
, 173
, 20
, 160
, 33
, 16
, 177
, 12
, 181
, 60
, 133
, 110
, 83
, 15
, 178
, 187
, 6
, 27
, 166
, 12
, 181
, 99
, 94
, 26
, 167
, 58
, 135
, 29
, 164
, 68
, 125
, 9
, 184
, 89
, 104
, 104
, 89
, 22
, 171
, 55
, 138
, 48
, 145
, 1
, 192
, 144
, 49
, 94
, 99
, 35
, 158
, 143
, 50
, 130
, 63
, 42
, 151
, 17
, 176
, 142
, 51
, 182
, 11
, 103
, 90
, 92
, 101
, 31
, 162
, 46
, 147
, 52
, 141
, 11
, 182
, 116
, 77
, 45
, 148
, 183
, 10
, 60
, 133
, 132
, 61
, 29
, 164
, 51
, 142
, 51
, 142
, 159
, 34
, 138
, 55
, 28
, 165
, 60
, 133
, 16
, 177
, 188
, 5
, 78
, 115
, 129
, 64
, 73
, 120
, 176
, 17
, 114
, 79
, 106
, 87
, 11
, 182
, 22
, 171
, 186
, 7
, 68
, 125
, 103
, 90
, 79
, 114
, 121
, 72
, 34
, 159
, 123
, 70
, 97
, 96
, 102
, 91
, 146
, 47
, 58
, 135
, 98
, 95
, 56
, 137
, 31
, 162
, 182
, 11
, 63
, 130
, 185
, 8
, 30
, 163
, 155
, 38
, 168
, 25
, 165
, 28
, 63
, 130
, 118
, 75
, 91
, 102
, 54
, 139
, 68
, 125
, 3
, 190
, 106
, 87
, 144
, 49
, 34
, 159
, 3
, 190
, 43
, 150
, 29
, 164
, 43
, 150
, 83
, 110
, 45
, 148
, 103
, 90
, 91
, 102
, 132
, 61
, 65
, 128
, 50
, 143
, 54
, 139
, 170
, 23
, 140
, 53
, 107
, 86
, 183
, 10
, 96
, 97
, 105
, 88
, 50
, 143
, 153
, 40
, 12
, 181
, 176
, 17
, 35
, 158
, 81
, 112
, 60
, 133
, 157
, 36
, 4
, 189
, 148
, 45
, 180
, 13
, 19
, 174
, 50
, 143
, 154
, 39
, 101
, 92
, 64
, 129
, 150
, 43
, 132
, 61
, 144
, 49
, 122
, 71
, 111
, 82
, 28
, 165
, 176
, 17
, 57
, 136
, 12
, 181
, 57
, 136
, 187
, 6
, 28
, 165
, 148
, 45
, 104
, 89
, 116
, 77
, 137
, 56
, 53
, 140
, 15
, 178
, 29
, 164
, 112
, 81
, 145
, 48
, 79
, 114
, 2
, 191
, 11
, 182
, 186
, 7
, 177
, 16
, 32
, 161
, 131
, 62
, 89
, 104
, 118
, 75
, 179
, 14
, 169
, 24
, 92
, 101
, 61
, 132
, 85
, 108
, 160
, 33
, 82
, 111
, 75
, 118
, 99
, 94
, 121
, 72
, 67
, 126
, 110
, 83
, 191
, 2
, 153
, 40
, 140
, 53
, 25
, 168
, 84
, 109
, 139
, 54
, 129
, 64
, 3
, 190
, 45
, 148
, 39
, 154
, 178
, 15
, 89
, 104
, 162
, 31
, 62
, 131
, 42
, 151
, 118
, 75
, 50
, 143
, 183
, 10
, 155
, 38
, 68
, 125
, 114
, 79
, 28
, 165
, 126
, 67
, 103
, 90
, 86
, 107
, 36
, 157
, 93
, 100
, 141
, 52
, 164
, 29
, 190
, 3
, 64
, 129
, 79
, 114
, 190
, 3
, 36
, 157
, 99
, 94
, 82
, 111
, 67
, 126
, 110
, 83
, 125
, 68
, 64
, 129
, 50
, 143
, 55
, 138
, 151
, 42
, 133
, 60
, 26
, 167
, 184
, 9
, 81
, 112
, 53
, 140
, 131
, 62
, 17
, 176
, 44
, 149
, 173
, 20
, 36
, 157
, 185
, 8
, 81
, 112
, 25
, 168
, 133
, 60
, 171
, 22
, 41
, 152
, 53
, 140
, 48
, 145
, 186
, 7
, 146
, 47
, 14
, 179
, 168
, 25
, 88
, 105
, 129
, 64
, 114
, 79
, 149
, 44
, 191
, 2
, 124
, 69
, 70
, 123
, 94
, 99
, 64
, 129
, 179
, 14
, 172
, 21
, 176
, 17
, 146
, 47
, 89
, 104
, 70
, 123
, 98
, 95
, 154
, 39
, 187
, 6
, 107
, 86
, 172
, 21
, 34
, 159
, 103
, 90
, 78
, 115
, 122
, 71
, 136
, 57
, 47
, 146
, 14
, 179
, 40
, 153
, 1
, 192
, 63
, 130
, 66
, 127
, 54
, 139
, 45
, 148
, 6
, 187
, 181
, 12
, 35
, 158
, 161
, 32
, 137
, 56
, 54
, 139
, 34
, 159
, 111
, 82
, 85
, 108
, 100
, 93
, 107
, 86
, 1
, 192
, 91
, 102
, 182
, 11
, 84
, 109
, 42
, 151
, 151
, 42
, 148
, 45
, 177
, 16
, 125
, 68
, 175
, 18
, 175
, 18
, 123
, 70
, 135
, 58
, 34
, 159
, 58
, 135
, 41
, 152
, 115
, 78
, 116
, 77
, 112
, 81
, 57
, 136
, 141
, 52
, 26
, 167
, 72
, 121
, 82
, 111
, 36
, 157
, 36
, 157
, 2
, 191
, 111
, 82
, 45
, 148
, 87
, 106
, 107
, 86
, 178
, 15
, 79
, 114
, 69
, 124
, 151
, 42
, 176
, 17
, 123
, 70
, 57
, 136
, 48
, 145
, 88
, 105
, 16
, 177
, 144
, 49
, 154
, 39
, 33
, 160
, 54
, 139
, 106
, 87
, 40
, 153
, 49
, 144
, 36
, 157
, 150
, 43
, 82
, 111
, 69
, 124
, 72
, 121
, 57
, 136
, 121
, 72
, 91
, 102
, 126
, 67
, 160
, 33
, 108
, 85
, 94
, 99
, 172
, 21
, 188
, 5
, 95
, 98
, 112
, 81
, 58
, 135
, 148
, 45
, 92
, 101
, 175
, 18
, 165
, 28
, 155
, 38
, 156
, 37
, 159
, 34
, 19
, 174
, 119
, 74
, 16
, 177
, 120
, 73
, 16
, 177
, 59
, 134
, 15
, 178
, 146
, 47
, 186
, 7
, 155
, 38
, 49
, 144
, 103
, 90
, 25
, 168
, 86
, 107
, 8
, 185
, 98
, 95
, 151
, 42
, 182
, 11
, 1
, 192
, 94
, 99
, 99
, 94
, 174
, 19
, 132
, 61
, 49
, 144
, 110
, 83
, 28
, 165
, 111
, 82
, 131
, 62
, 32
, 161
, 76
, 117
, 151
, 42
, 132
, 61
, 107
, 86
, 11
, 182
, 171
, 22
, 27
, 166
, 101
, 92
, 118
, 75
, 48
, 145
, 156
, 37
, 121
, 72
, 65
, 128
, 171
, 22
, 102
, 91
, 128
, 65
, 168
, 25
, 11
, 182
, 106
, 87
, 76
, 117
, 106
, 87
, 134
, 59
, 8
, 185
, 21
, 172
, 15
, 178
, 162
, 31
, 160
, 33
, 154
, 39
, 184
, 9
, 32
, 161
, 56
, 137
, 87
, 106
, 46
, 147
, 95
, 98
, 15
, 178
, 145
, 48
, 70
, 123
, 90
, 103
, 18
, 175
, 137
, 56
, 65
, 128
, 27
, 166
, 15
, 178
, 191
, 2
, 94
, 99
, 132
, 61
, 12
, 181
, 167
, 26
, 50
, 143
, 1
, 192
, 155
, 38
, 22
, 171
, 50
, 143
, 161
, 32
, 145
, 48
, 46
, 147
, 165
, 28
, 182
, 11
, 42
, 151
, 157
, 36
, 127
, 66
, 184
, 9
, 180
, 13
, 172
, 21
, 34
, 159
, 147
, 46
, 4
, 189
, 69
, 124
, 128
, 65
, 86
, 107
, 97
, 96
, 18
, 175
, 37
, 156
, 107
, 86
, 162
, 31
, 54
, 139
, 76
, 117
, 26
, 167
, 191
, 2
, 175
, 18
, 58
, 135
, 19
, 174
, 175
, 18
, 11
, 182
, 122
, 71
, 48
, 145
, 117
, 76
, 156
, 37
, 105
, 88
, 44
, 149
, 171
, 22
, 66
, 127
, 89
, 104
, 32
, 161
, 169
, 24
, 72
, 121
, 42
, 151
, 31
, 162
, 181
, 12
, 130
, 63
, 97
, 96
, 19
, 174
, 189
, 4
, 129
, 64
, 62
, 131
, 146
, 47
, 97
, 96
, 125
, 68
, 64
, 129
, 182
, 11
, 137
, 56
, 98
, 95
, 153
, 40
, 153
, 40
, 137
, 56
, 132
, 61
, 65
, 128
, 58
, 135
, 19
, 174
, 93
, 100
, 171
, 22
, 86
, 107
, 47
, 146
, 88
, 105
, 167
, 26
, 132
, 61
, 129
, 64
, 118
, 75
, 79
, 114
, 95
, 98
, 141
, 52
, 180
, 13
, 145
, 48
, 88
, 105
, 8
, 185
, 91
, 102
, 123
, 70
, 116
, 77
, 85
, 108
, 40
, 153
, 42
, 151
, 107
, 86
, 124
, 69
, 25
, 168
, 68
, 125
, 12
, 181
, 21
, 172
, 115
, 78
, 22
, 171
, 119
, 74
, 34
, 159
, 37
, 156
, 114
, 79
, 158
, 35
, 78
, 115
, 116
, 77
, 25
, 168
, 52
, 141
, 27
, 166
, 94
, 99
, 105
, 88
, 129
, 64
, 158
, 35
, 45
, 148
, 176
, 17
, 53
, 140
, 127
, 66
, 189
, 4
, 156
, 37
, 78
, 115
, 85
, 108
, 62
, 131
, 128
, 65
, 146
, 47
, 147
, 46
, 52
, 141
, 33
, 160
, 135
, 58
, 151
, 42
, 124
, 69
, 148
, 45
, 28
, 165
, 110
, 83
, 124
, 69
, 141
, 52
, 63
, 130
, 64
, 129
, 46
, 147
, 104
, 89
, 121
, 72
, 68
, 125
, 98
, 95
, 5
, 188
, 24
, 169
, 101
, 92
, 175
, 18
, 157
, 36
, 17
, 176
, 182
, 11
, 143
, 50
, 57
, 136
, 80
, 113
, 31
, 162
, 119
, 74
, 63
, 130
, 19
, 174
, 23
, 170
, 8
, 185
, 143
, 50
, 147
, 46
, 150
, 43
, 132
, 61
, 65
, 128
, 86
, 107
, 28
, 165
, 129
, 64
, 83
, 110
, 114
, 79
, 47
, 146
, 119
, 74
, 51
, 142
, 49
, 144
, 90
, 103
, 117
, 76
, 38
, 155
, 163
, 30
, 121
, 72
, 148
, 45
, 76
, 117
, 98
, 95
, 23
, 170
, 79
, 114
, 179
, 14
, 34
, 159
, 64
, 129
, 77
, 116
, 112
, 81
, 153
, 40
, 83
, 110
, 79
, 114
, 91
, 102
, 175
, 18
, 161
, 32
, 64
, 129
, 14
, 179
, 144
, 49
, 79
, 114
, 119
, 74
, 105
, 88
, 180
, 13
, 105
, 88
, 154
, 39
, 101
, 92
, 161
, 32
, 52
, 141
, 58
, 135
, 29
, 164
, 77
, 116
, 24
, 169
, 18
, 175
, 132
, 61
, 159
, 34
, 95
, 98
, 35
, 158
, 30
, 163
, 141
, 52
, 87
, 106
, 102
, 91
, 124
, 69
, 52
, 141
, 98
, 95
, 128
, 65
, 149
, 44
, 48
, 145
, 48
, 145
, 51
, 142
, 41
, 152
, 57
, 136
, 67
, 126
, 11
, 182
, 109
, 84
, 190
, 3
, 128
, 65
, 13
, 180
, 136
, 57
, 10
, 183
, 132
, 61
, 115
, 78
, 188
, 5
, 146
, 47
, 135
, 58
, 16
, 177
, 181
, 12
, 109
, 84
, 30
, 163
, 23
, 170
, 17
, 176
, 56
, 137
, 95
, 98
, 54
, 139
, 144
, 49
, 152
, 41
, 44
, 149
, 93
, 100
, 143
, 50
, 68
, 125
, 85
, 108
, 141
, 52
, 129
, 64
, 140
, 53
, 44
, 149
, 78
, 115
, 79
, 114
, 117
, 76
, 165
, 28
, 163
, 30
, 56
, 137
, 79
, 114
, 170
, 23
, 40
, 153
, 118
, 75
, 67
, 126
, 166
, 27
, 129
, 64
, 114
, 79
, 181
, 12
, 124
, 69
, 28
, 165
, 7
, 186
, 35
, 158
, 132
, 61
, 146
, 47
, 92
, 101
, 19
, 174
, 44
, 149
, 14
, 179
, 120
, 73
, 134
, 59
, 130
, 63
, 30
, 163
, 74
, 119
, 76
, 117
, 4
, 189
, 68
, 125
, 67
, 126
, 121
, 72
, 92
, 101
, 42
, 151
, 50
, 143
, 163
, 30
, 40
, 153
, 184
, 9
, 124
, 69
, 41
, 152
, 20
, 173
, 87
, 106
, 121
, 72
, 8
, 185
, 166
, 27
, 61
, 132
, 48
, 145
, 134
, 59
, 13
, 180
, 115
, 78
, 4
, 189
, 169
, 24
, 88
, 105
, 31
, 162
, 149
, 44
, 5
, 188
, 176
, 17
, 110
, 83
, 137
, 56
, 189
, 4
, 33
, 160
, 45
, 148
, 191
, 2
, 24
, 169
, 17
, 176
, 52
, 141
, 86
, 107
, 49
, 144
, 146
, 47
, 132
, 61
, 41
, 152
, 124
, 69
, 157
, 36
, 110
, 83
, 43
, 150
, 123
, 70
, 146
, 47
, 156
, 37
, 125
, 68
, 32
, 161
, 39
, 154
, 47
, 146
, 3
, 190
, 83
, 110
, 91
, 102
, 42
, 151
, 145
, 48
, 74
, 119
, 123
, 70
, 169
, 24
, 88
, 105
, 37
, 156
, 109
, 84
, 142
, 51
, 181
, 12
, 77
, 116
, 66
, 127
, 59
, 134
, 107
, 86
, 93
, 100
, 99
, 94
, 42
, 151
, 99
, 94
, 147
, 46
, 14
, 179
, 45
, 148
, 115
, 78
, 30
, 163
, 27
, 166
, 115
, 78
, 184
, 9
, 45
, 148
, 49
, 144
, 137
, 56
, 117
, 76
, 117
, 76
, 96
, 97
, 147
, 46
, 129
, 64
, 149
, 44
, 108
, 85
, 49
, 144
, 139
, 54
, 109
, 84
, 162
, 31
, 60
, 133
, 62
, 131
, 52
, 141
, 144
, 49
, 16
, 177
, 74
, 119
, 177
, 16
, 92
, 101
, 177
, 16
, 65
, 128
, 169
, 24
, 188
, 5
, 15
, 178
, 147
, 46
, 189
, 4
, 68
, 125
, 6
, 187
, 37
, 156
, 39
, 154
, 136
, 57
, 143
, 50
, 103
, 90
, 99
, 94
, 71
, 122
, 50
, 143
, 88
, 105
, 134
, 59
, 116
, 77
, 108
, 85
, 152
, 41
, 121
, 72
, 78
, 115
, 9
, 184
, 62
, 131
, 108
, 85
, 144
, 49
, 30
, 163
, 30
, 163
, 80
, 113
, 152
, 41
, 188
, 5
, 8
, 185
, 137
, 56
, 172
, 21
, 143
, 50
, 96
, 97
, 2
, 191
, 57
, 136
, 74
, 119
, 166
, 27
, 54
, 139
, 11
, 182
, 110
, 83
, 115
, 78
, 8
, 185
, 17
, 176
, 60
, 133
, 104
, 89
, 73
, 120
, 165
, 28
, 138
, 55
, 117
, 76
, 88
, 105
, 116
, 77
, 133
, 60
, 176
, 17
, 121
, 72
, 176
, 17
, 75
, 118
, 24
, 169
, 93
, 100
, 157
, 36
, 32
, 161
, 120
, 73
, 6
, 187
, 121
, 72
, 91
, 102
, 176
, 17
, 115
, 78
, 91
, 102
, 44
, 149
, 179
, 14
, 79
, 114
, 42
, 151
, 12
, 181
, 131
, 62
, 28
, 165
, 181
, 12
, 55
, 138
, 71
, 122
, 92
, 101
, 88
, 105
, 74
, 119
, 128
, 65
, 167
, 26
, 168
, 25
, 70
, 123
, 43
, 150
, 94
, 99
, 149
, 44
, 27
, 166
, 18
, 175
, 87
, 106
, 66
, 127
, 172
, 21
, 13
, 180
, 164
, 29
, 29
, 164
, 164
, 29
, 71
, 122
, 35
, 158
, 36
, 157
, 127
, 66
, 7
, 186
, 141
, 52
, 51
, 142
, 44
, 149
, 30
, 163
, 179
, 14
, 50
, 143
, 154
, 39
, 163
, 30
, 99
, 94
, 181
, 12
, 29
, 164
, 112
, 81
, 183
, 10
, 173
, 20
, 91
, 102
, 56
, 137
, 156
, 37
, 104
, 89
, 181
, 12
, 164
, 29
, 118
, 75
, 108
, 85
, 100
, 93
, 28
, 165
, 129
, 64
, 86
, 107
, 127
, 66
, 4
, 189
, 103
, 90
, 146
, 47
, 131
, 62
, 132
, 61
, 67
, 126
, 87
, 106
, 144
, 49
, 94
, 99
, 127
, 66
, 42
, 151
, 113
, 80
, 176
, 17
, 138
, 55
, 86
, 107
, 153
, 40
, 173
, 20
, 142
, 51
, 128
, 65
, 73
, 120
, 166
, 27
, 81
, 112
, 39
, 154
, 26
, 167
, 3
, 190
, 85
, 108
, 33
, 160
, 80
, 113
, 176
, 17
, 3
, 190
, 2
, 191
, 40
, 153
, 36
, 157
, 20
, 173
, 187
, 6
, 171
, 22
, 88
, 105
, 173
, 20
, 170
, 23
, 33
, 160
, 45
, 148
, 111
, 82
, 67
, 126
, 108
, 85
, 55
, 138
, 80
, 113
, 156
, 37
, 56
, 137
, 83
, 110
, 41
, 152
, 91
, 102
, 57
, 136
, 155
, 38
, 53
, 140
, 139
, 54
, 147
, 46
, 49
, 144
, 88
, 105
, 168
, 25
, 151
, 42
, 3
, 190
, 134
, 59
, 181
, 12
, 97
, 96
, 44
, 149
, 166
, 27
, 153
, 40
, 14
, 179
, 106
, 87
, 68
, 125
, 149
, 44
, 116
, 77
, 185
, 8
, 142
, 51
, 66
, 127
, 51
, 142
, 185
, 8
, 81
, 112
, 136
, 57
, 71
, 122
, 132
, 61
, 162
, 31
, 93
, 100
, 91
, 102
, 133
, 60
, 170
, 23
, 48
, 145
, 171
, 22
, 30
, 163
, 141
, 52
, 187
, 6
, 98
, 95
, 189
, 4
, 189
, 4
, 23
, 170
, 3
, 190
, 140
, 53
, 120
, 73
, 150
, 43
, 62
, 131
, 79
, 114
, 10
, 183
, 186
, 7
, 24
, 169
, 138
, 55
, 130
, 63
, 80
, 113
, 165
, 28
, 56
, 137
, 180
, 13
, 146
, 47
, 14
, 179
, 99
, 94
, 121
, 72
, 121
, 72
, 36
, 157
, 84
, 109
, 93
, 100
, 35
, 158
, 131
, 62
, 86
, 107
, 12
, 181
, 176
, 17
, 148
, 45
, 178
, 15
, 174
, 19
, 84
, 109
, 89
, 104
, 173
, 20
, 87
, 106
, 30
, 163
, 168
, 25
, 191
, 2
, 144
, 49
, 78
, 115
, 3
, 190
, 117
, 76
, 167
, 26
, 119
, 74
, 56
, 137
, 122
, 71
, 147
, 46
, 176
, 17
, 168
, 25
, 77
, 116
, 108
, 85
, 114
, 79
, 129
, 64
, 164
, 29
, 113
, 80
, 168
, 25
, 102
, 91
, 164
, 29
, 18
, 175
, 57
, 136
, 132
, 61
, 105
, 88
, 105
, 88
, 21
, 172
, 97
, 96
, 6
, 187
, 111
, 82
, 100
, 93
, 152
, 41
, 140
, 53
, 127
, 66
, 49
, 144
, 160
, 33
, 116
, 77
, 16
, 177
, 54
, 139
, 166
, 27
, 21
, 172
, 2
, 191
, 86
, 107
, 62
, 131
, 177
, 16
, 90
, 103
, 189
, 4
, 137
, 56
, 99
, 94
, 100
, 93
, 134
, 59
, 147
, 46
, 16
, 177
, 128
, 65
, 3
, 190
, 9
, 184
, 15
, 178
, 57
, 136
, 165
, 28
, 146
, 47
, 27
, 166
, 13
, 180
, 190
, 3
, 32
, 161
, 2
, 191
, 188
, 5
, 127
, 66
, 163
, 30
, 152
, 41
, 150
, 43
, 27
, 166
, 92
, 101
, 128
, 65
, 176
, 17
, 167
, 26
, 99
, 94
, 144
, 49
, 150
, 43
, 33
, 160
, 17
, 176
, 39
, 154
, 130
, 63
, 28
, 165
, 185
, 8
, 114
, 79
, 150
, 43
, 91
, 102
, 123
, 70
, 61
, 132
, 31
, 162
, 161
, 32
, 78
, 115
, 2
, 191
, 53
, 140
, 181
, 12
, 4
, 189
, 108
, 85
, 136
, 57
, 78
, 115
, 44
, 149
, 3
, 190
, 63
, 130
, 40
, 153
, 49
, 144
, 19
, 174
, 160
, 33
, 140
, 53
, 68
, 125
, 100
, 93
, 137
, 56
, 104
, 89
, 57
, 136
, 161
, 32
, 18
, 175
, 88
, 105
, 159
, 34
, 77
, 116
, 62
, 131
, 25
, 168
, 92
, 101
, 148
, 45
, 98
, 95
, 136
, 57
, 93
, 100
, 35
, 158
, 60
, 133
, 37
, 156
, 36
, 157
, 29
, 164
, 146
, 47
, 1
, 192
, 51
, 142
, 132
, 61
, 136
, 57
, 82
, 111
, 186
, 7
, 90
, 103
, 103
, 90
, 139
, 54
, 92
, 101
, 18
, 175
, 115
, 78
, 62
, 131
, 84
, 109
, 146
, 47
, 118
, 75
, 25
, 168
, 90
, 103
, 186
, 7
, 90
, 103
, 180
, 13
, 111
, 82
, 44
, 149
, 88
, 105
, 165
, 28
, 143
, 50
, 30
, 163
, 111
, 82
, 55
, 138
, 77
, 116
, 100
, 93
, 78
, 115
, 8
, 185
, 59
, 134
, 95
, 98
, 157
, 36
, 144
, 49
, 113
, 80
, 161
, 32
, 176
, 17
, 109
, 84
, 113
, 80
, 79
, 114
, 114
, 79
, 140
, 53
, 151
, 42
, 20
, 173
, 65
, 128
, 53
, 140
, 40
, 153
, 1
, 192
, 13
, 180
, 181
, 12
, 152
, 41
, 186
, 7
, 14
, 179
, 106
, 87
, 71
, 122
, 89
, 104
, 107
, 86
, 132
, 61
, 101
, 92
, 147
, 46
, 99
, 94
, 57
, 136
, 135
, 58
, 5
, 188
, 103
, 90
, 66
, 127
, 3
, 190
, 138
, 55
, 155
, 38
, 158
, 35
, 104
, 89
, 130
, 63
, 82
, 111
, 33
, 160
, 74
, 119
, 149
, 44
, 90
, 103
, 87
, 106
, 146
, 47
, 2
, 191
, 21
, 172
, 28
, 165
, 126
, 67
, 36
, 157
, 15
, 178
, 160
, 33
, 128
, 65
, 109
, 84
, 141
, 52
, 176
, 17
, 190
, 3
, 100
, 93
, 81
, 112
, 7
, 186
, 18
, 175
, 52
, 141
, 37
, 156
, 17
, 176
, 8
, 185
, 119
, 74
, 38
, 155
, 190
, 3
, 2
, 191
, 21
, 172
, 47
, 146
, 168
, 25
, 86
, 107
, 80
, 113
, 174
, 19
, 66
, 127
, 142
, 51
, 101
, 92
, 130
, 63
, 153
, 40
, 71
, 122
, 59
, 134
, 46
, 147
, 113
, 80
, 165
, 28
, 54
, 139
, 63
, 130
, 74
, 119
, 146
, 47
, 33
, 160
, 83
, 110
, 27
, 166
, 128
, 65
, 28
, 165
, 103
, 90
, 148
, 45
, 168
, 25
, 82
, 111
, 93
, 100
, 178
, 15
, 7
, 186
, 106
, 87
, 178
, 15
, 169
, 24
, 128
, 65
, 5
, 188
, 139
, 54
, 116
, 77
, 126
, 67
, 167
, 26
, 157
, 36
, 172
, 21
, 158
, 35
, 140
, 53
, 71
, 122
, 118
, 75
, 146
, 47
, 33
, 160
, 161
, 32
, 111
, 82
, 100
, 93
, 114
, 79
, 52
, 141
, 23
, 170
, 38
, 155
, 191
, 2
, 184
, 9
, 94
, 99
, 18
, 175
, 148
, 45
, 183
, 10
, 48
, 145
, 6
, 187
, 83
, 110
, 101
, 92
, 165
, 28
, 36
, 157
, 25
, 168
, 10
, 183
, 85
, 108
, 3
, 190
, 149
, 44
, 5
, 188
, 151
, 42
, 36
, 157
, 57
, 136
, 123
, 70
, 96
, 97
, 40
, 153
, 158
, 35
, 69
, 124
, 102
, 91
, 90
, 103
, 113
, 80
, 123
, 70
, 151
, 42
, 86
, 107
, 47
, 146
, 32
, 161
, 79
, 114
, 122
, 71
, 88
, 105
, 191
, 2
, 47
, 146
, 1
, 192
, 61
, 132
, 63
, 130
, 119
, 74
, 159
, 34
, 35
, 158
, 33
, 160
, 159
, 34
, 128
, 65
, 57
, 136
, 132
, 61
, 81
, 112
, 164
, 29
, 115
, 78
, 126
, 67
, 152
, 41
, 172
, 21
, 172
, 21
, 140
, 53
, 15
, 178
, 126
, 67
, 139
, 54
, 45
, 148
, 179
, 14
, 82
, 111
, 189
, 4
, 24
, 169
, 165
, 28
, 189
, 4
, 167
, 26
, 32
, 161
, 111
, 82
, 145
, 48
, 59
, 134
, 103
, 90
, 105
, 88
, 74
, 119
, 181
, 12
, 54
, 139
, 101
, 92
, 4
, 189
, 63
, 130
, 132
, 61
, 176
, 17
, 33
, 160
, 79
, 114
, 85
, 108
, 45
, 148
, 20
, 173
, 128
, 65
, 2
, 191
, 58
, 135
, 44
, 149
, 58
, 135
, 73
, 120
, 81
, 112
, 65
, 128
, 29
, 164
, 171
, 22
, 155
, 38
, 64
, 129
, 40
, 153
, 105
, 88
, 20
, 173
, 156
, 37
, 135
, 58
, 87
, 106
, 85
, 108
, 113
, 80
, 153
, 40
, 53
, 140
, 64
, 129
, 6
, 187
, 110
, 83
, 90
, 103
, 3
, 190
, 15
, 178
, 181
, 12
, 77
, 116
, 96
, 97
, 77
, 116
, 103
, 90
, 66
, 127
, 125
, 68
, 115
, 78
, 54
, 139
, 93
, 100
, 96
, 97
, 189
, 4
, 97
, 96
, 146
, 47
, 65
, 128
, 153
, 40
, 139
, 54
, 182
, 11
, 152
, 41
, 145
, 48
, 54
, 139
, 91
, 102
, 100
, 93
, 69
, 124
, 146
, 47
, 31
, 162
, 30
, 163
, 111
, 82
, 186
, 7
, 64
, 129
, 79
, 114
, 87
, 106
, 103
, 90
, 99
, 94
, 152
, 41
, 179
, 14
, 100
, 93
, 96
, 97
, 34
, 159
, 83
, 110
, 16
, 177
, 124
, 69
, 92
, 101
, 79
, 114
, 159
, 34
, 53
, 140
, 3
, 190
, 72
, 121
, 78
, 115
, 163
, 30
, 122
, 71
, 121
, 72
, 142
, 51
, 67
, 126
, 88
, 105
, 61
, 132
, 117
, 76
, 1
, 192
, 59
, 134
, 117
, 76
, 184
, 9
, 39
, 154
, 138
, 55
, 82
, 111
, 166
, 27
, 11
, 182
, 80
, 113
, 88
, 105
, 47
, 146
, 11
, 182
, 29
, 164
, 71
, 122
, 56
, 137
, 80
, 113
, 46
, 147
, 187
, 6
, 82
, 111
, 113
, 80
, 189
, 4
, 108
, 85
, 124
, 69
, 180
, 13
, 45
, 148
, 83
, 110
, 18
, 175
, 85
, 108
, 160
, 33
, 47
, 146
, 104
, 89
, 70
, 123
, 174
, 19
, 58
, 135
, 126
, 67
, 131
, 62
, 29
, 164
, 141
, 52
, 100
, 93
, 65
, 128
, 136
, 57
, 38
, 155
, 20
, 173
, 147
, 46
, 103
, 90
, 186
, 7
, 151
, 42
, 169
, 24
, 54
, 139
, 94
, 99
, 102
, 91
, 179
, 14
, 71
, 122
, 170
, 23
, 131
, 62
, 176
, 17
, 169
, 24
, 51
, 142
, 183
, 10
, 32
, 161
, 54
, 139
, 181
, 12
, 118
, 75
, 54
, 139
, 14
, 179
, 77
, 116
, 84
, 109
, 20
, 173
, 54
, 139
, 126
, 67
, 68
, 125
, 4
, 189
, 15
, 178
, 158
, 35
, 32
, 161
, 67
, 126
, 90
, 103
, 128
, 65
, 109
, 84
, 158
, 35
, 113
, 80
, 184
, 9
, 13
, 180
, 173
, 20
, 18
, 175
, 41
, 152
, 150
, 43
, 9
, 184
, 3
, 190
, 18
, 175
, 133
, 60
, 98
, 95
, 60
, 133
, 126
, 67
, 59
, 134
, 48
, 145
, 12
, 181
, 12
, 181
, 144
, 49
, 25
, 168
, 103
, 90
, 181
, 12
, 158
, 35
, 19
, 174
, 104
, 89
, 175
, 18
, 191
, 2
, 83
, 110
, 8
, 185
, 34
, 159
, 163
, 30
, 54
, 139
, 124
, 69
, 55
, 138
, 152
, 41
, 83
, 110
, 145
, 48
, 137
, 56
, 97
, 96
, 54
, 139
, 5
, 188
, 19
, 174
, 118
, 75
, 120
, 73
, 61
, 132
, 181
, 12
, 3
, 190
, 87
, 106
, 59
, 134
, 162
, 31
, 67
, 126
, 89
, 104
, 59
, 134
, 169
, 24
, 24
, 169
, 61
, 132
, 130
, 63
, 178
, 15
, 104
, 89
, 119
, 74
, 146
, 47
, 4
, 189
, 89
, 104
, 186
, 7
, 131
, 62
, 96
, 97
, 53
, 140
, 69
, 124
, 161
, 32
, 163
, 30
, 162
, 31
, 119
, 74
, 87
, 106
, 62
, 131
, 113
, 80
, 25
, 168
, 72
, 121
, 20
, 173
, 153
, 40
, 41
, 152
, 157
, 36
, 85
, 108
, 53
, 140
, 175
, 18
, 24
, 169
, 175
, 18
, 31
, 162
, 141
, 52
, 4
, 189
, 78
, 115
, 125
, 68
, 114
, 79
, 131
, 62
, 140
, 53
, 5
, 188
, 85
, 108
, 95
, 98
, 89
, 104
, 79
, 114
, 114
, 79
, 22
, 171
, 31
, 162
, 146
, 47
, 16
, 177
, 124
, 69
, 42
, 151
, 8
, 185
, 105
, 88
, 76
, 117
, 72
, 121
, 135
, 58
, 174
, 19
, 134
, 59
, 9
, 184
, 190
, 3
, 109
, 84
, 139
, 54
, 54
, 139
, 162
, 31
, 64
, 129
, 162
, 31
, 27
, 166
, 81
, 112
, 171
, 22
, 119
, 74
, 135
, 58
, 147
, 46
, 136
, 57
, 66
, 127
, 107
, 86
, 44
, 149
, 124
, 69
, 67
, 126
, 84
, 109
, 112
, 81
, 19
, 174
, 97
, 96
, 37
, 156
, 15
, 178
, 163
, 30
, 18
, 175
, 154
, 39
, 134
, 59
, 111
, 82
, 72
, 121
, 75
, 118
, 87
, 106
, 134
, 59
, 99
, 94
, 113
, 80
, 148
, 45
, 75
, 118
, 44
, 149
, 167
, 26
, 24
, 169
, 20
, 173
, 143
, 50
, 141
, 52
, 149
, 44
, 190
, 3
, 190
, 3
, 26
, 167
, 162
, 31
, 148
, 45
, 174
, 19
, 124
, 69
, 166
, 27
, 5
, 188
, 93
, 100
, 184
, 9
, 104
, 89
, 120
, 73
, 163
, 30
, 161
, 32
, 28
, 165
, 148
, 45
, 100
, 93
, 66
, 127
, 190
, 3
, 165
, 28
, 187
, 6
, 36
, 157
, 80
, 113
, 109
, 84
, 59
, 134
, 89
, 104
, 163
, 30
, 165
, 28
, 53
, 140
, 4
, 189
, 123
, 70
, 121
, 72
, 31
, 162
, 153
, 40
, 7
, 186
, 151
, 42
, 111
, 82
, 111
, 82
, 37
, 156
, 147
, 46
, 188
, 5
, 50
, 143
, 5
, 188
, 156
, 37
, 89
, 104
, 64
, 129
, 52
, 141
, 78
, 115
, 177
, 16
, 36
, 157
, 174
, 19
, 25
, 168
, 185
, 8
, 13
, 180
, 8
, 185
, 13
, 180
, 117
, 76
, 169
, 24
, 79
, 114
, 179
, 14
, 72
, 121
, 149
, 44
, 85
, 108
, 96
, 97
, 9
, 184
, 107
, 86
, 133
, 60
, 72
, 121
, 95
, 98
, 188
, 5
, 151
, 42
, 156
, 37
, 107
, 86
, 60
, 133
, 164
, 29
, 74
, 119
, 124
, 69
, 12
, 181
, 107
, 86
, 139
, 54
, 114
, 79
, 121
, 72
, 123
, 70
, 80
, 113
, 77
, 116
, 19
, 174
, 39
, 154
, 4
, 189
, 138
, 55
, 16
, 177
, 180
, 13
, 85
, 108
, 137
, 56
, 50
, 143
, 189
, 4
, 183
, 10
, 119
, 74
, 108
, 85
, 16
, 177
, 160
, 33
, 8
, 185
, 148
, 45
, 116
, 77
, 135
, 58
, 35
, 158
, 175
, 18
, 40
, 153
, 118
, 75
, 76
, 117
, 178
, 15
, 90
, 103
, 15
, 178
, 102
, 91
, 122
, 71
, 151
, 42
, 182
, 11
, 187
, 6
, 115
, 78
, 33
, 160
, 67
, 126
, 145
, 48
, 25
, 168
, 65
, 128
, 167
, 26
, 164
, 29
, 128
, 65
, 81
, 112
, 78
, 115
, 121
, 72
, 133
, 60
, 120
, 73
, 129
, 64
, 56
, 137
, 140
, 53
, 191
, 2
, 129
, 64
, 117
, 76
, 167
, 26
, 80
, 113
, 42
, 151
, 77
, 116
, 99
, 94
, 160
, 33
, 66
, 127
, 73
, 120
, 28
, 165
, 4
, 189
, 12
, 181
, 114
, 79
, 26
, 167
, 102
, 91
, 35
, 158
, 61
, 132
, 2
, 191
, 103
, 90
, 49
, 144
, 20
, 173
, 49
, 144
, 43
, 150
, 131
, 62
, 185
, 8
, 184
, 9
, 134
, 59
, 144
, 49
, 142
, 51
, 149
, 44
, 60
, 133
, 86
, 107
, 96
, 97
, 44
, 149
, 78
, 115
, 75
, 118
, 34
, 159
, 189
, 4
, 119
, 74
, 110
, 83
, 24
, 169
, 24
, 169
, 57
, 136
, 98
, 95
, 124
, 69
, 154
, 39
, 112
, 81
, 74
, 119
, 48
, 145
, 121
, 72
, 126
, 67
, 8
, 185
, 122
, 71
, 22
, 171
, 72
, 121
, 130
, 63
, 176
, 17
, 78
, 115
, 81
, 112
, 8
, 185
, 77
, 116
, 8
, 185
, 181
, 12
, 68
, 125
, 150
, 43
, 187
, 6
, 108
, 85
, 161
, 32
, 55
, 138
, 37
, 156
, 1
, 192
, 124
, 69
, 146
, 47
, 182
, 11
, 107
, 86
, 107
, 86
, 133
, 60
, 87
, 106
, 147
, 46
, 111
, 82
, 184
, 9
, 121
, 72
, 96
, 97
, 174
, 19
, 39
, 154
, 61
, 132
, 19
, 174
, 17
, 176
, 35
, 158
, 161
, 32
, 43
, 150
, 80
, 113
, 116
, 77
, 26
, 167
, 40
, 153
, 101
, 92
, 160
, 33
, 97
, 96
, 55
, 138
, 180
, 13
, 136
, 57
, 141
, 52
, 91
, 102
, 39
, 154
, 113
, 80
, 85
, 108
, 139
, 54
, 126
, 67
, 19
, 174
, 172
, 21
, 44
, 149
, 30
, 163
, 92
, 101
, 134
, 59
, 177
, 16
, 109
, 84
, 92
, 101
, 20
, 173
, 93
, 100
, 60
, 133
, 86
, 107
, 189
, 4
, 27
, 166
, 77
, 116
, 87
, 106
, 24
, 169
, 60
, 133
, 75
, 118
, 87
, 106
, 49
, 144
, 24
, 169
, 5
, 188
, 45
, 148
, 76
, 117
, 149
, 44
, 183
, 10
, 33
, 160
, 130
, 63
, 150
, 43
, 29
, 164
, 38
, 155
, 34
, 159
, 30
, 163
, 142
, 51
, 74
, 119
, 64
, 129
, 190
, 3
, 160
, 33
, 87
, 106
, 29
, 164
, 68
, 125
, 33
, 160
, 103
, 90
, 73
, 120
, 182
, 11
, 13
, 180
, 115
, 78
, 20
, 173
, 28
, 165
, 21
, 172
, 146
, 47
, 151
, 42
, 73
, 120
, 91
, 102
, 56
, 137
, 57
, 136
, 77
, 116
, 75
, 118
, 22
, 171
, 40
, 153
, 179
, 14
, 179
, 14
, 7
, 186
, 133
, 60
, 188
, 5
, 60
, 133
, 124
, 69
, 74
, 119
, 172
, 21
, 12
, 181
, 64
, 129
, 17
, 176
, 108
, 85
, 33
, 160
, 143
, 50
, 49
, 144
, 116
, 77
, 74
, 119
, 158
, 35
, 188
, 5
, 133
, 60
, 87
, 106
, 26
, 167
, 38
, 155
, 36
, 157
, 30
, 163
, 43
, 150
, 160
, 33
, 141
, 52
, 135
, 58
, 12
, 181
, 28
, 165
, 96
, 97
, 49
, 144
, 56
, 137
, 185
, 8
, 129
, 64
, 95
, 98
, 138
, 55
, 91
, 102
, 157
, 36
, 34
, 159
, 135
, 58
, 74
, 119
, 108
, 85
, 64
, 129
, 159
, 34
, 156
, 37
, 85
, 108
, 188
, 5
, 184
, 9
, 129
, 64
, 112
, 81
, 9
, 184
, 57
, 136
, 69
, 124
, 59
, 134
, 154
, 39
, 38
, 155
, 50
, 143
, 158
, 35
, 40
, 153
, 167
, 26
, 90
, 103
, 166
, 27
, 24
, 169
, 43
, 150
, 55
, 138
, 143
, 50
, 68
, 125
, 48
, 145
, 8
, 185
, 11
, 182
, 148
, 45
, 68
, 125
, 96
, 97
, 107
, 86
, 65
, 128
, 113
, 80
, 121
, 72
, 133
, 60
, 101
, 92
, 59
, 134
, 111
, 82
, 49
, 144
, 62
, 131
, 18
, 175
, 65
, 128
, 85
, 108
, 66
, 127
, 90
, 103
, 39
, 154
, 163
, 30
, 177
, 16
, 185
, 8
, 50
, 143
, 10
, 183
, 71
, 122
, 31
, 162
, 163
, 30
, 95
, 98
, 118
, 75
, 58
, 135
, 6
, 187
, 8
, 185
, 157
, 36
, 31
, 162
, 145
, 48
, 28
, 165
, 150
, 43
, 126
, 67
, 44
, 149
, 141
, 52
, 90
, 103
, 140
, 53
, 101
, 92
, 130
, 63
, 66
, 127
, 124
, 69
, 25
, 168
, 81
, 112
, 158
, 35
, 98
, 95
, 61
, 132
, 25
, 168
, 188
, 5
, 103
, 90
, 148
, 45
, 147
, 46
, 60
, 133
, 37
, 156
, 133
, 60
, 150
, 43
, 83
, 110
, 154
, 39
, 46
, 147
, 89
, 104
, 128
, 65
, 190
, 3
, 165
, 28
, 54
, 139
, 180
, 13
, 184
, 9
, 83
, 110
, 26
, 167
, 93
, 100
, 134
, 59
, 27
, 166
, 49
, 144
, 146
, 47
, 99
, 94
, 86
, 107
, 20
, 173
, 159
, 34
, 30
, 163
, 102
, 91
, 136
, 57
, 81
, 112
, 28
, 165
, 172
, 21
, 50
, 143
, 23
, 170
, 73
, 120
, 13
, 180
, 26
, 167
, 62
, 131
, 136
, 57
, 115
, 78
, 68
, 125
, 11
, 182
, 4
, 189
, 115
, 78
, 68
, 125
, 111
, 82
, 165
, 28
, 177
, 16
, 49
, 144
, 2
, 191
, 119
, 74
, 160
, 33
, 160
, 33
, 27
, 166
, 174
, 19
, 3
, 190
, 58
, 135
, 105
, 88
, 142
, 51
, 141
, 52
, 139
, 54
, 4
, 189
, 20
, 173
, 168
, 25
, 71
, 122
, 89
, 104
, 136
, 57
, 146
, 47
, 25
, 168
, 182
, 11
, 149
, 44
, 21
, 172
, 84
, 109
, 90
, 103
, 135
, 58
, 166
, 27
, 174
, 19
, 151
, 42
, 24
, 169
, 177
, 16
, 102
, 91
, 53
, 140
, 32
, 161
, 117
, 76
, 168
, 25
, 129
, 64
, 55
, 138
, 184
, 9
, 191
, 2
, 27
, 166
, 144
, 49
, 129
, 64
, 78
, 115
, 31
, 162
, 21
, 172
, 182
, 11
, 162
, 31
, 109
, 84
, 92
, 101
, 72
, 121
, 160
, 33
, 64
, 129
, 2
, 191
, 91
, 102
, 148
, 45
, 31
, 162
, 156
, 37
, 166
, 27
, 37
, 156
, 179
, 14
, 185
, 8
, 149
, 44
, 50
, 143
, 38
, 155
, 67
, 126
, 115
, 78
, 16
, 177
, 188
, 5
, 2
, 191
, 189
, 4
, 69
, 124
, 22
, 171
, 85
, 108
, 17
, 176
, 56
, 137
, 120
, 73
, 92
, 101
, 41
, 152
, 67
, 126
, 107
, 86
, 109
, 84
, 166
, 27
, 146
, 47
, 125
, 68
, 28
, 165
, 28
, 165
, 142
, 51
, 80
, 113
, 129
, 64
, 84
, 109
, 15
, 178
, 151
, 42
, 91
, 102
, 85
, 108
, 32
, 161
, 72
, 121
, 160
, 33
, 99
, 94
, 68
, 125
, 21
, 172
, 28
, 165
, 34
, 159
, 84
, 109
, 131
, 62
, 144
, 49
, 53
, 140
, 58
, 135
, 61
, 132
, 166
, 27
, 143
, 50
, 66
, 127
, 120
, 73
, 117
, 76
, 76
, 117
, 55
, 138
, 99
, 94
, 142
, 51
, 18
, 175
, 108
, 85
, 88
, 105
, 156
, 37
, 47
, 146
, 189
, 4
, 187
, 6
, 152
, 41
, 19
, 174
, 114
, 79
, 124
, 69
, 39
, 154
, 78
, 115
, 104
, 89
, 46
, 147
, 104
, 89
, 23
, 170
, 53
, 140
, 4
, 189
, 188
, 5
, 143
, 50
, 46
, 147
, 158
, 35
, 50
, 143
, 178
, 15
, 110
, 83
, 137
, 56
, 87
, 106
, 81
, 112
, 48
, 145
, 142
, 51
, 95
, 98
, 129
, 64
, 32
, 161
, 46
, 147
, 112
, 81
, 137
, 56
, 179
, 14
, 100
, 93
, 141
, 52
, 36
, 157
, 65
, 128
, 31
, 162
, 172
, 21
, 84
, 109
, 6
, 187
, 107
, 86
, 158
, 35
, 79
, 114
, 92
, 101
, 51
, 142
, 163
, 30
, 28
, 165
, 91
, 102
, 114
, 79
, 61
, 132
, 37
, 156
, 126
, 67
, 66
, 127
, 15
, 178
, 105
, 88
, 137
, 56
, 88
, 105
, 170
, 23
, 112
, 81
, 38
, 155
, 186
, 7
, 153
, 40
, 43
, 150
, 83
, 110
, 175
, 18
, 176
, 17
, 89
, 104
, 99
, 94
, 6
, 187
, 191
, 2
, 29
, 164
, 150
, 43
, 145
, 48
, 129
, 64
, 163
, 30
, 149
, 44
, 73
, 120
, 113
, 80
, 36
, 157
, 110
, 83
, 113
, 80
, 134
, 59
, 189
, 4
, 31
, 162
, 77
, 116
, 118
, 75
, 113
, 80
, 171
, 22
, 141
, 52
, 27
, 166
, 7
, 186
, 93
, 100
, 125
, 68
, 80
, 113
, 27
, 166
, 114
, 79
, 132
, 61
, 16
, 177
, 169
, 24
, 183
, 10
, 171
, 22
, 10
, 183
, 166
, 27
, 67
, 126
, 167
, 26
, 1
, 192
, 85
, 108
, 53
, 140
, 38
, 155
, 142
, 51
, 26
, 167
, 72
, 121
, 102
, 91
, 151
, 42
, 20
, 173
, 130
, 63
, 91
, 102
, 172
, 21
, 43
, 150
, 132
, 61
, 32
, 161
, 128
, 65
, 163
, 30
, 46
, 147
, 61
, 132
, 60
, 133
, 54
, 139
, 133
, 60
, 110
, 83
, 79
, 114
, 148
, 45
, 188
, 5
, 48
, 145
, 109
, 84
, 2
, 191
, 53
, 140
, 16
, 177
, 185
, 8
, 146
, 47
, 121
, 72
, 151
, 42
, 160
, 33
, 67
, 126
, 129
, 64
, 117
, 76
, 39
, 154
, 20
, 173
, 98
, 95
, 135
, 58
, 119
, 74
, 28
, 165
, 96
, 97
, 189
, 4
, 102
, 91
, 174
, 19
, 120
, 73
, 147
, 46
, 3
, 190
, 89
, 104
, 41
, 152
, 29
, 164
, 71
, 122
, 141
, 52
, 178
, 15
, 4
, 189
, 32
, 161
, 137
, 56
, 53
, 140
, 34
, 159
, 4
, 189
, 102
, 91
, 182
, 11
, 18
, 175
, 108
, 85
, 176
, 17
, 131
, 62
, 40
, 153
, 79
, 114
, 57
, 136
, 189
, 4
, 72
, 121
, 59
, 134
, 76
, 117
, 144
, 49
, 48
, 145
, 38
, 155
, 132
, 61
, 53
, 140
, 77
, 116
, 96
, 97
, 26
, 167
, 112
, 81
, 106
, 87
, 80
, 113
, 134
, 59
, 40
, 153
, 141
, 52
, 126
, 67
, 153
, 40
, 99
, 94
, 73
, 120
, 110
, 83
, 109
, 84
, 130
, 63
, 9
, 184
, 68
, 125
, 10
, 183
, 191
, 2
, 92
, 101
, 142
, 51
, 115
, 78
, 120
, 73
, 11
, 182
, 147
, 46
, 65
, 128
, 84
, 109
, 6
, 187
, 33
, 160
, 69
, 124
, 110
, 83
, 7
, 186
, 175
, 18
, 139
, 54
, 143
, 50
, 163
, 30
, 8
, 185
, 74
, 119
, 113
, 80
, 171
, 22
, 1
, 192
, 120
, 73
, 1
, 192
, 67
, 126
, 79
, 114
, 141
, 52
, 31
, 162
, 122
, 71
, 93
, 100
, 130
, 63
, 26
, 167
, 105
, 88
, 74
, 119
, 31
, 162
, 153
, 40
, 48
, 145
, 123
, 70
, 105
, 88
, 122
, 71
, 98
, 95
, 184
, 9
, 83
, 110
, 74
, 119
, 81
, 112
, 162
, 31
, 96
, 97
, 37
, 156
, 11
, 182
, 10
, 183
, 50
, 143
, 158
, 35
, 139
, 54
, 123
, 70
, 188
, 5
, 146
, 47
, 168
, 25
, 130
, 63
, 51
, 142
, 169
, 24
, 93
, 100
, 126
, 67
, 62
, 131
, 134
, 59
, 47
, 146
, 95
, 98
, 178
, 15
, 152
, 41
, 111
, 82
, 139
, 54
, 49
, 144
, 10
, 183
, 190
, 3
, 114
, 79
, 29
, 164
, 111
, 82
, 43
, 150
, 99
, 94
, 56
, 137
, 177
, 16
, 162
, 31
, 105
, 88
, 27
, 166
, 182
, 11
, 7
, 186
, 180
, 13
, 70
, 123
, 131
, 62
, 77
, 116
, 107
, 86
, 47
, 146
, 73
, 120
, 159
, 34
, 118
, 75
, 28
, 165
, 191
, 2
, 150
, 43
, 184
, 9
, 178
, 15
, 112
, 81
, 11
, 182
, 76
, 117
, 50
, 143
, 103
, 90
, 6
, 187
, 107
, 86
, 171
, 22
, 177
, 16
, 4
, 189
, 137
, 56
, 177
, 16
, 70
, 123
, 121
, 72
, 54
, 139
, 6
, 187
, 81
, 112
, 24
, 169
, 55
, 138
, 122
, 71
, 182
, 11
, 15
, 178
, 175
, 18
, 119
, 74
, 182
, 11
, 73
, 120
, 121
, 72
, 116
, 77
, 131
, 62
, 178
, 15
, 84
, 109
, 84
, 109
, 10
, 183
, 179
, 14
, 10
, 183
, 173
, 20
, 85
, 108
, 86
, 107
, 60
, 133
, 56
, 137
, 47
, 146
, 31
, 162
, 26
, 167
, 103
, 90
, 63
, 130
, 54
, 139
, 161
, 32
, 82
, 111
, 99
, 94
, 29
, 164
, 142
, 51
, 149
, 44
, 17
, 176
, 174
, 19
, 93
, 100
, 36
, 157
, 89
, 104
, 63
, 130
, 160
, 33
, 189
, 4
, 77
, 116
, 43
, 150
, 1
, 192
, 150
, 43
, 136
, 57
, 181
, 12
, 10
, 183
, 181
, 12
, 33
, 160
, 83
, 110
, 123
, 70
, 69
, 124
, 86
, 107
, 147
, 46
, 125
, 68
, 161
, 32
, 156
, 37
, 171
, 22
, 126
, 67
, 72
, 121
, 119
, 74
, 175
, 18
, 27
, 166
, 6
, 187
, 2
, 191
, 72
, 121
, 17
, 176
, 160
, 33
, 183
, 10
, 104
, 89
, 186
, 7
, 147
, 46
, 49
, 144
, 54
, 139
, 137
, 56
, 23
, 170
, 118
, 75
, 150
, 43
, 124
, 69
, 108
, 85
, 37
, 156
, 54
, 139
, 125
, 68
, 85
, 108
, 74
, 119
, 141
, 52
, 181
, 12
, 37
, 156
, 171
, 22
, 106
, 87
, 85
, 108
, 39
, 154
, 145
, 48
, 144
, 49
, 158
, 35
, 52
, 141
, 79
, 114
, 132
, 61
, 165
, 28
, 126
, 67
, 109
, 84
, 165
, 28
, 164
, 29
, 174
, 19
, 96
, 97
, 104
, 89
, 114
, 79
, 175
, 18
, 51
, 142
, 92
, 101
, 177
, 16
, 118
, 75
, 181
, 12
, 142
, 51
, 148
, 45
, 12
, 181
, 106
, 87
, 80
, 113
, 187
, 6
, 44
, 149
, 23
, 170
, 126
, 67
, 152
, 41
, 163
, 30
, 2
, 191
, 63
, 130
, 49
, 144
, 102
, 91
, 15
, 178
, 14
, 179
, 59
, 134
, 103
, 90
, 53
, 140
, 116
, 77
, 143
, 50
, 16
, 177
, 128
, 65
, 17
, 176
, 180
, 13
, 37
, 156
, 173
, 20
, 50
, 143
, 110
, 83
, 61
, 132
, 79
, 114
, 48
, 145
, 93
, 100
, 134
, 59
, 128
, 65
, 186
, 7
, 19
, 174
, 126
, 67
, 178
, 15
, 86
, 107
, 141
, 52
, 131
, 62
, 63
, 130
, 186
, 7
, 76
, 117
, 33
, 160
, 88
, 105
, 90
, 103
, 124
, 69
, 171
, 22
, 53
, 140
, 1
, 192
, 113
, 80
, 28
, 165
, 23
, 170
, 105
, 88
, 133
, 60
, 61
, 132
, 111
, 82
, 125
, 68
, 13
, 180
, 65
, 128
, 144
, 49
, 1
, 192
, 142
, 51
, 22
, 171
, 85
, 108
, 150
, 43
, 140
, 53
, 93
, 100
, 53
, 140
, 91
, 102
, 189
, 4
, 75
, 118
, 159
, 34
, 126
, 67
, 47
, 146
, 123
, 70
, 41
, 152
, 14
, 179
, 171
, 22
, 158
, 35
, 23
, 170
, 123
, 70
, 88
, 105
, 52
, 141
, 114
, 79
, 155
, 38
, 148
, 45
, 150
, 43
, 163
, 30
, 3
, 190
, 21
, 172
, 62
, 131
, 32
, 161
, 67
, 126
, 129
, 64
, 179
, 14
, 155
, 38
, 27
, 166
, 6
, 187
, 79
, 114
, 10
, 183
, 57
, 136
, 37
, 156
, 10
, 183
, 3
, 190
, 44
, 149
, 179
, 14
, 150
, 43
, 154
, 39
, 123
, 70
, 68
, 125
, 97
, 96
, 53
, 140
, 96
, 97
, 94
, 99
, 50
, 143
, 143
, 50
, 11
, 182
, 187
, 6
, 178
, 15
, 147
, 46
, 169
, 24
, 113
, 80
, 23
, 170
, 99
, 94
, 41
, 152
, 19
, 174
, 160
, 33
, 189
, 4
, 37
, 156
, 121
, 72
, 51
, 142
, 67
, 126
, 28
, 165
, 4
, 189
, 63
, 130
, 17
, 176
, 170
, 23
, 154
, 39
, 96
, 97
, 43
, 150
, 15
, 178
, 54
, 139
, 163
, 30
, 186
, 7
, 149
, 44
, 151
, 42
, 6
, 187
, 81
, 112
, 132
, 61
, 82
, 111
, 92
, 101
, 73
, 120
, 154
, 39
, 183
, 10
, 104
, 89
, 96
, 97
, 73
, 120
, 82
, 111
, 38
, 155
, 136
, 57
, 180
, 13
, 2
, 191
, 188
, 5
, 149
, 44
, 44
, 149
, 182
, 11
, 158
, 35
, 9
, 184
, 110
, 83
, 177
, 16
, 36
, 157
, 81
, 112
, 176
, 17
, 175
, 18
, 32
, 161
, 120
, 73
, 157
, 36
, 156
, 37
, 42
, 151
, 109
, 84
, 135
, 58
, 102
, 91
, 132
, 61
, 98
, 95
, 128
, 65
, 105
, 88
, 165
, 28
, 55
, 138
, 125
, 68
, 180
, 13
, 145
, 48
, 77
, 116
, 190
, 3
, 179
, 14
, 158
, 35
, 94
, 99
, 34
, 159
, 92
, 101
, 124
, 69
, 29
, 164
, 1
, 192
, 157
, 36
, 27
, 166
, 112
, 81
, 175
, 18
, 181
, 12
, 147
, 46
, 181
, 12
, 124
, 69
, 190
, 3
, 101
, 92
, 5
, 188
, 91
, 102
, 123
, 70
, 166
, 27
, 67
, 126
, 44
, 149
, 100
, 93
, 41
, 152
, 118
, 75
, 123
, 70
, 142
, 51
, 132
, 61
, 112
, 81
, 47
, 146
, 168
, 25
, 113
, 80
, 90
, 103
, 187
, 6
, 118
, 75
, 117
, 76
, 173
, 20
, 94
, 99
, 26
, 167
, 3
, 190
, 77
, 116
, 130
, 63
, 100
, 93
, 76
, 117
, 150
, 43
, 148
, 45
, 186
, 7
, 130
, 63
, 167
, 26
, 18
, 175
, 138
, 55
, 180
, 13
, 2
, 191
, 186
, 7
, 173
, 20
, 68
, 125
, 106
, 87
, 106
, 87
, 105
, 88
, 123
, 70
, 37
, 156
, 162
, 31
, 125
, 68
, 117
, 76
, 30
, 163
, 60
, 133
, 28
, 165
, 180
, 13
, 53
, 140
, 180
, 13
, 148
, 45
, 14
, 179
, 140
, 53
, 2
, 191
, 40
, 153
, 41
, 152
, 43
, 150
, 39
, 154
, 177
, 16
, 110
, 83
, 110
, 83
, 102
, 91
, 184
, 9
, 24
, 169
, 116
, 77
, 41
, 152
, 50
, 143
, 106
, 87
, 95
, 98
, 40
, 153
, 189
, 4
, 191
, 2
, 76
, 117
, 69
, 124
, 168
, 25
, 142
, 51
, 183
, 10
, 56
, 137
, 61
, 132
, 177
, 16
, 173
, 20
, 141
, 52
, 110
, 83
, 78
, 115
, 182
, 11
, 40
, 153
, 170
, 23
, 115
, 78
, 180
, 13
, 7
, 186
, 66
, 127
, 47
, 146
, 53
, 140
, 25
, 168
, 54
, 139
, 119
, 74
, 131
, 62
, 7
, 186
, 116
, 77
, 63
, 130
, 12
, 181
, 183
, 10
, 12
, 181
, 64
, 129
, 140
, 53
, 98
, 95
, 132
, 61
, 141
, 52
, 38
, 155
, 4
, 189
, 190
, 3
, 146
, 47
, 18
, 175
, 1
, 192
, 115
, 78
, 148
, 45
, 98
, 95
, 88
, 105
, 151
, 42
, 130
, 63
, 27
, 166
, 176
, 17
, 135
, 58
, 9
, 184
, 160
, 33
, 48
, 145
, 156
, 37
, 154
, 39
, 76
, 117
, 100
, 93
, 103
, 90
, 9
, 184
, 92
, 101
, 151
, 42
, 149
, 44
, 99
, 94
, 4
, 189
, 170
, 23
, 68
, 125
, 57
, 136
, 163
, 30
, 169
, 24
, 23
, 170
, 91
, 102
, 1
, 192
, 133
, 60
, 122
, 71
, 95
, 98
, 142
, 51
, 135
, 58
, 39
, 154
, 144
, 49
, 188
, 5
, 81
, 112
, 47
, 146
, 17
, 176
, 95
, 98
, 46
, 147
, 74
, 119
, 120
, 73
, 73
, 120
, 58
, 135
, 155
, 38
, 176
, 17
, 65
, 128
, 112
, 81
, 99
, 94
, 179
, 14
, 45
, 148
, 92
, 101
, 175
, 18
, 23
, 170
, 100
, 93
, 178
, 15
, 63
, 130
, 120
, 73
, 67
, 126
, 31
, 162
, 165
, 28
, 122
, 71
, 10
, 183
, 70
, 123
, 8
, 185
, 51
, 142
, 140
, 53
, 151
, 42
, 186
, 7
, 46
, 147
, 80
, 113
, 19
, 174
, 153
, 40
, 112
, 81
, 6
, 187
, 158
, 35
, 106
, 87
, 89
, 104
, 17
, 176
, 178
, 15
, 141
, 52
, 137
, 56
, 186
, 7
, 158
, 35
, 171
, 22
, 109
, 84
, 174
, 19
, 61
, 132
, 57
, 136
, 24
, 169
, 39
, 154
, 17
, 176
, 126
, 67
, 138
, 55
, 81
, 112
, 148
, 45
, 134
, 59
, 157
, 36
, 133
, 60
, 168
, 25
, 86
, 107
, 101
, 92
, 64
, 129
, 23
, 170
, 142
, 51
, 107
, 86
, 110
, 83
, 163
, 30
, 10
, 183
, 58
, 135
, 5
, 188
, 124
, 69
, 138
, 55
, 110
, 83
, 13
, 180
, 36
, 157
, 43
, 150
, 138
, 55
, 6
, 187
, 2
, 191
, 94
, 99
, 122
, 71
, 57
, 136
, 149
, 44
, 156
, 37
, 20
, 173
, 167
, 26
, 21
, 172
, 29
, 164
, 107
, 86
, 168
, 25
, 74
, 119
, 12
, 181
, 183
, 10
, 73
, 120
, 46
, 147
, 134
, 59
, 34
, 159
, 68
, 125
, 147
, 46
, 80
, 113
, 98
, 95
, 46
, 147
, 101
, 92
, 137
, 56
, 136
, 57
, 174
, 19
, 158
, 35
, 151
, 42
, 31
, 162
, 74
, 119
, 23
, 170
, 62
, 131
, 162
, 31
, 74
, 119
, 49
, 144
, 84
, 109
, 149
, 44
, 108
, 85
, 181
, 12
, 141
, 52
, 121
, 72
, 5
, 188
, 52
, 141
, 64
, 129
, 158
, 35
, 35
, 158
, 135
, 58
, 18
, 175
, 79
, 114
, 174
, 19
, 143
, 50
, 154
, 39
, 81
, 112
, 144
, 49
, 8
, 185
, 50
, 143
, 100
, 93
, 43
, 150
, 58
, 135
, 120
, 73
, 130
, 63
, 100
, 93
, 159
, 34
, 122
, 71
, 112
, 81
, 81
, 112
, 157
, 36
, 34
, 159
, 165
, 28
, 110
, 83
, 63
, 130
, 105
, 88
, 47
, 146
, 183
, 10
, 98
, 95
, 48
, 145
, 130
, 63
, 80
, 113
, 135
, 58
, 120
, 73
, 179
, 14
, 73
, 120
, 116
, 77
, 125
, 68
, 122
, 71
, 32
, 161
, 116
, 77
, 185
, 8
, 51
, 142
, 23
, 170
, 100
, 93
, 38
, 155
, 145
, 48
, 174
, 19
, 8
, 185
, 122
, 71
, 92
, 101
, 160
, 33
, 40
, 153
, 79
, 114
, 115
, 78
, 102
, 91
, 19
, 174
, 124
, 69
, 134
, 59
, 21
, 172
, 79
, 114
, 29
, 164
, 73
, 120
, 157
, 36
, 116
, 77
, 58
, 135
, 79
, 114
, 20
, 173
, 133
, 60
, 33
, 160
, 92
, 101
, 156
, 37
, 140
, 53
, 150
, 43
, 75
, 118
, 106
, 87
, 85
, 108
, 37
, 156
, 175
, 18
, 53
, 140
, 188
, 5
, 117
, 76
, 1
, 192
, 14
, 179
, 72
, 121
, 137
, 56
, 21
, 172
, 60
, 133
, 12
, 181
, 50
, 143
, 68
, 125
, 80
, 113
, 61
, 132
, 160
, 33
, 116
, 77
, 173
, 20
, 61
, 132
, 36
, 157
, 128
, 65
, 19
, 174
, 99
, 94
, 55
, 138
, 118
, 75
, 162
, 31
, 52
, 141
, 190
, 3
, 138
, 55
, 153
, 40
, 30
, 163
, 182
, 11
, 62
, 131
, 101
, 92
, 179
, 14
, 142
, 51
, 74
, 119
, 128
, 65
, 139
, 54
, 93
, 100
, 5
, 188
, 70
, 123
, 113
, 80
, 165
, 28
, 112
, 81
, 27
, 166
, 16
, 177
, 8
, 185
, 138
, 55
, 71
, 122
, 126
, 67
, 118
, 75
, 155
, 38
, 147
, 46
, 58
, 135
, 167
, 26
, 159
, 34
, 171
, 22
, 72
, 121
, 129
, 64
, 58
, 135
, 33
, 160
, 181
, 12
, 50
, 143
, 84
, 109
, 15
, 178
, 15
, 178
, 58
, 135
, 54
, 139
, 86
, 107
, 122
, 71
, 42
, 151
, 86
, 107
, 101
, 92
, 176
, 17
, 52
, 141
, 50
, 143
, 181
, 12
, 147
, 46
, 42
, 151
, 38
, 155
, 144
, 49
, 176
, 17
, 99
, 94
, 3
, 190
, 22
, 171
, 85
, 108
, 116
, 77
, 178
, 15
, 121
, 72
, 66
, 127
, 175
, 18
, 114
, 79
, 72
, 121
, 100
, 93
, 65
, 128
, 75
, 118
, 110
, 83
, 49
, 144
, 83
, 110
, 69
, 124
, 61
, 132
, 65
, 128
, 38
, 155
, 108
, 85
, 46
, 147
, 103
, 90
, 71
, 122
, 173
, 20
, 153
, 40
, 146
, 47
, 114
, 79
, 89
, 104
, 34
, 159
, 182
, 11
, 71
, 122
, 4
, 189
, 116
, 77
, 54
, 139
, 150
, 43
, 19
, 174
, 10
, 183
, 175
, 18
, 160
, 33
, 121
, 72
, 56
, 137
, 135
, 58
, 27
, 166
, 99
, 94
, 64
, 129
, 144
, 49
, 73
, 120
, 1
, 192
, 37
, 156
, 80
, 113
, 8
, 185
, 8
, 185
, 127
, 66
, 115
, 78
, 73
, 120
, 54
, 139
, 49
, 144
, 116
, 77
, 104
, 89
, 26
, 167
, 16
, 177
, 55
, 138
, 51
, 142
, 104
, 89
, 89
, 104
, 20
, 173
, 38
, 155
, 96
, 97
, 145
, 48
, 88
, 105
, 33
, 160
, 157
, 36
, 109
, 84
, 175
, 18
, 68
, 125
, 30
, 163
, 27
, 166
, 9
, 184
, 71
, 122
, 74
, 119
, 153
, 40
, 104
, 89
, 108
, 85
, 165
, 28
, 84
, 109
, 97
, 96
, 25
, 168
, 137
, 56
, 79
, 114
, 147
, 46
, 188
, 5
, 184
, 9
, 52
, 141
, 43
, 150
, 8
, 185
, 81
, 112
, 105
, 88
, 104
, 89
, 159
, 34
, 48
, 145
, 176
, 17
, 33
, 160
, 66
, 127
, 159
, 34
, 12
, 181
, 123
, 70
, 49
, 144
, 40
, 153
, 6
, 187
, 54
, 139
, 157
, 36
, 91
, 102
, 114
, 79
, 147
, 46
, 102
, 91
, 107
, 86
, 166
, 27
, 64
, 129
, 3
, 190
, 177
, 16
, 176
, 17
, 104
, 89
, 79
, 114
, 55
, 138
, 157
, 36
, 44
, 149
, 158
, 35
, 5
, 188
, 119
, 74
, 181
, 12
, 44
, 149
, 27
, 166
, 21
, 172
, 104
, 89
, 130
, 63
, 155
, 38
, 117
, 76
, 28
, 165
, 63
, 130
, 34
, 159
, 103
, 90
, 161
, 32
, 144
, 49
, 144
, 49
, 170
, 23
, 96
, 97
, 29
, 164
, 116
, 77
, 154
, 39
, 57
, 136
, 136
, 57
, 29
, 164
, 149
, 44
, 15
, 178
, 139
, 54
, 66
, 127
, 36
, 157
, 95
, 98
, 30
, 163
, 52
, 141
, 179
, 14
, 70
, 123
, 136
, 57
, 24
, 169
, 172
, 21
, 104
, 89
, 164
, 29
, 95
, 98
, 172
, 21
, 46
, 147
, 78
, 115
, 158
, 35
, 132
, 61
, 112
, 81
, 161
, 32
, 61
, 132
, 124
, 69
, 183
, 10
, 92
, 101
, 126
, 67
, 128
, 65
, 137
, 56
, 70
, 123
, 181
, 12
, 159
, 34
, 120
, 73
, 42
, 151
, 125
, 68
, 85
, 108
, 148
, 45
, 113
, 80
, 101
, 92
, 144
, 49
, 171
, 22
, 46
, 147
, 90
, 103
, 174
, 19
, 163
, 30
, 169
, 24
, 121
, 72
, 44
, 149
, 81
, 112
, 101
, 92
, 186
, 7
, 20
, 173
, 54
, 139
, 122
, 71
, 123
, 70
, 184
, 9
, 149
, 44
, 97
, 96
, 151
, 42
, 104
, 89
, 161
, 32
, 9
, 184
, 110
, 83
, 65
, 128
, 140
, 53
, 32
, 161
, 57
, 136
, 12
, 181
, 68
, 125
, 43
, 150
, 176
, 17
, 49
, 144
, 153
, 40
, 79
, 114
, 132
, 61
, 121
, 72
, 31
, 162
, 38
, 155
, 94
, 99
, 68
, 125
, 158
, 35
, 75
, 118
, 18
, 175
, 132
, 61
, 146
, 47
, 181
, 12
, 8
, 185
, 61
, 132
, 101
, 92
, 124
, 69
, 20
, 173
, 45
, 148
, 173
, 20
, 114
, 79
, 60
, 133
, 30
, 163
, 113
, 80
, 24
, 169
, 98
, 95
, 165
, 28
, 182
, 11
, 21
, 172
, 87
, 106
, 164
, 29
, 61
, 132
, 128
, 65
, 54
, 139
, 144
, 49
, 157
, 36
, 155
, 38
, 26
, 167
, 64
, 129
, 6
, 187
, 33
, 160
, 97
, 96
, 150
, 43
, 101
, 92
, 101
, 92
, 10
, 183
, 144
, 49
, 58
, 135
, 132
, 61
, 2
, 191
, 116
, 77
, 83
, 110
, 75
, 118
, 82
, 111
, 61
, 132
, 114
, 79
, 15
, 178
, 188
, 5
, 55
, 138
, 159
, 34
, 38
, 155
, 16
, 177
, 38
, 155
, 68
, 125
, 16
, 177
, 68
, 125
, 52
, 141
, 182
, 11
, 162
, 31
, 166
, 27
, 46
, 147
, 148
, 45
, 80
, 113
, 150
, 43
, 136
, 57
, 168
, 25
, 124
, 69
, 190
, 3
, 45
, 148
, 96
, 97
, 172
, 21
, 113
, 80
, 108
, 85
, 160
, 33
, 87
, 106
, 46
, 147
, 75
, 118
, 149
, 44
, 112
, 81
, 111
, 82
, 142
, 51
, 99
, 94
, 94
, 99
, 111
, 82
, 4
, 189
, 156
, 37
, 76
, 117
, 189
, 4
, 20
, 173
, 175
, 18
, 176
, 17
, 81
, 112
, 40
, 153
, 181
, 12
, 169
, 24
, 52
, 141
, 140
, 53
, 61
, 132
, 182
, 11
, 103
, 90
, 51
, 142
, 74
, 119
, 96
, 97
, 56
, 137
, 46
, 147
, 4
, 189
, 149
, 44
, 162
, 31
, 153
, 40
, 11
, 182
, 85
, 108
, 44
, 149
, 113
, 80
, 114
, 79
, 115
, 78
, 85
, 108
, 184
, 9
, 88
, 105
, 121
, 72
, 73
, 120
, 165
, 28
, 146
, 47
, 175
, 18
, 94
, 99
, 179
, 14
, 123
, 70
, 25
, 168
, 21
, 172
, 46
, 147
, 35
, 158
, 57
, 136
, 75
, 118
, 20
, 173
, 114
, 79
, 177
, 16
, 181
, 12
, 123
, 70
, 36
, 157
, 8
, 185
, 164
, 29
, 116
, 77
, 118
, 75
, 101
, 92
, 170
, 23
, 145
, 48
, 122
, 71
, 31
, 162
, 41
, 152
, 123
, 70
, 42
, 151
, 47
, 146
, 111
, 82
, 189
, 4
, 143
, 50
, 177
, 16
, 75
, 118
, 26
, 167
, 178
, 15
, 124
, 69
, 123
, 70
, 170
, 23
, 58
, 135
, 75
, 118
, 191
, 2
, 49
, 144
, 91
, 102
, 10
, 183
, 84
, 109
, 144
, 49
, 139
, 54
, 137
, 56
, 157
, 36
, 136
, 57
, 23
, 170
, 128
, 65
, 88
, 105
, 142
, 51
, 76
, 117
, 1
, 192
, 23
, 170
, 88
, 105
, 156
, 37
, 84
, 109
, 109
, 84
, 100
, 93
, 146
, 47
, 127
, 66
, 5
, 188
, 11
, 182
, 117
, 76
, 64
, 129
, 24
, 169
, 160
, 33
, 184
, 9
, 46
, 147
, 137
, 56
, 139
, 54
, 127
, 66
, 187
, 6
, 100
, 93
, 24
, 169
, 53
, 140
, 70
, 123
, 39
, 154
, 53
, 140
, 180
, 13
, 135
, 58
, 22
, 171
, 48
, 145
, 179
, 14
, 62
, 131
, 120
, 73
, 120
, 73
, 5
, 188
, 134
, 59
, 4
, 189
, 2
, 191
, 36
, 157
, 74
, 119
, 165
, 28
, 108
, 85
, 46
, 147
, 49
, 144
, 63
, 130
, 41
, 152
