
4240
, 19
, 154
, 64
, 109
, 123
, 50
, 90
, 83
, 24
, 149
, 9
, 164
, 15
, 158
, 29
, 144
, 16
, 157
, 83
, 90
, 124
, 49
, 26
, 147
, 26
, 147
, 74
, 99
, 81
, 92
, 156
, 17
, 25
, 148
, 27
, 146
, 51
, 122
, 156
, 17
, 126
, 47
, 124
, 49
, 34
, 139
, 136
, 37
, 98
, 75
, 106
, 67
, 7
, 166
, 114
, 59
, 31
, 142
, 81
, 92
, 42
, 131
, 46
, 127
, 6
, 167
, 50
, 123
, 2
, 171
, 59
, 114
, 137
, 36
, 66
, 107
, 160
, 13
, 81
, 92
, 82
, 91
, 20
, 153
, 149
, 24
, 99
, 74
, 128
, 45
, 53
, 120
, 140
, 33
, 101
, 72
, 161
, 12
, 123
, 50
, 33
, 140
, 115
, 58
, 104
, 69
, 121
, 52
, 44
, 129
, 47
, 126
, 102
, 71
, 147
, 26
, 119
, 54
, 82
, 91
, 171
, 2
, 88
, 85
, 100
, 73
, 104
, 69
, 111
, 62
, 168
, 5
, 16
, 157
, 162
, 11
, 121
, 52
, 148
, 25
, 16
, 157
, 119
, 54
, 81
, 92
, 46
, 127
, 144
, 29
, 142
, 31
, 34
, 139
, 55
, 118
, 92
, 81
, 152
, 21
, 16
, 157
, 134
, 39
, 15
, 158
, 59
, 114
, 2
, 171
, 126
, 47
, 148
, 25
, 10
, 163
, 123
, 50
, 88
, 85
, 27
, 146
, 58
, 115
, 60
, 113
, 73
, 100
, 118
, 55
, 117
, 56
, 168
, 5
, 25
, 148
, 5
, 168
, 48
, 125
, 73
, 100
, 58
, 115
, 100
, 73
, 39
, 134
, 102
, 71
, 121
, 52
, 37
, 136
, 76
, 97
, 74
, 99
, 153
, 20
, 148
, 25
, 87
, 86
, 154
, 19
, 148
, 25
, 109
, 64
, 6
, 167
, 150
, 23
, 32
, 141
, 166
, 7
, 100
, 73
, 122
, 51
, 68
, 105
, 23
, 150
, 142
, 31
, 90
, 83
, 169
, 4
, 63
, 110
, 48
, 125
, 68
, 105
, 101
, 72
, 9
, 164
, 110
, 63
, 142
, 31
, 138
, 35
, 27
, 146
, 159
, 14
, 115
, 58
, 12
, 161
, 48
, 125
, 39
, 134
, 110
, 63
, 33
, 140
, 50
, 123
, 57
, 116
, 48
, 125
, 13
, 160
, 147
, 26
, 41
, 132
, 21
, 152
, 62
, 111
, 122
, 51
, 87
, 86
, 140
, 33
, 128
, 45
, 22
, 151
, 123
, 50
, 133
, 40
, 158
, 15
, 119
, 54
, 97
, 76
, 57
, 116
, 139
, 34
, 69
, 104
, 16
, 157
, 26
, 147
, 132
, 41
, 58
, 115
, 101
, 72
, 38
, 135
, 18
, 155
, 101
, 72
, 114
, 59
, 162
, 11
, 115
, 58
, 117
, 56
, 30
, 143
, 114
, 59
, 33
, 140
, 149
, 24
, 83
, 90
, 105
, 68
, 46
, 127
, 97
, 76
, 131
, 42
, 153
, 20
, 41
, 132
, 4
, 169
, 131
, 42
, 154
, 19
, 150
, 23
, 164
, 9
, 58
, 115
, 105
, 68
, 83
, 90
, 91
, 82
, 79
, 94
, 45
, 128
, 165
, 8
, 11
, 162
, 116
, 57
, 25
, 148
, 49
, 124
, 104
, 69
, 99
, 74
, 3
, 170
, 2
, 171
, 144
, 29
, 40
, 133
, 51
, 122
, 171
, 2
, 159
, 14
, 163
, 10
, 65
, 108
, 96
, 77
, 102
, 71
, 119
, 54
, 80
, 93
, 123
, 50
, 92
, 81
, 124
, 49
, 164
, 9
, 97
, 76
, 67
, 106
, 73
, 100
, 63
, 110
, 164
, 9
, 102
, 71
, 27
, 146
, 64
, 109
, 141
, 32
, 7
, 166
, 120
, 53
, 40
, 133
, 8
, 165
, 28
, 145
, 125
, 48
, 149
, 24
, 31
, 142
, 132
, 41
, 129
, 44
, 42
, 131
, 117
, 56
, 154
, 19
, 142
, 31
, 47
, 126
, 86
, 87
, 46
, 127
, 19
, 154
, 113
, 60
, 169
, 4
, 77
, 96
, 119
, 54
, 54
, 119
, 53
, 120
, 147
, 26
, 40
, 133
, 86
, 87
, 73
, 100
, 119
, 54
, 104
, 69
, 30
, 143
, 29
, 144
, 26
, 147
, 97
, 76
, 128
, 45
, 78
, 95
, 139
, 34
, 90
, 83
, 23
, 150
, 44
, 129
, 44
, 129
, 54
, 119
, 132
, 41
, 118
, 55
, 18
, 155
, 88
, 85
, 17
, 156
, 146
, 27
, 78
, 95
, 32
, 141
, 26
, 147
, 129
, 44
, 49
, 124
, 127
, 46
, 5
, 168
, 69
, 104
, 52
, 121
, 90
, 83
, 135
, 38
, 92
, 81
, 73
, 100
, 2
, 171
, 51
, 122
, 30
, 143
, 14
, 159
, 162
, 11
, 45
, 128
, 16
, 157
, 28
, 145
, 14
, 159
, 47
, 126
, 159
, 14
, 113
, 60
, 92
, 81
, 51
, 122
, 160
, 13
, 9
, 164
, 126
, 47
, 107
, 66
, 27
, 146
, 10
, 163
, 165
, 8
, 28
, 145
, 139
, 34
, 5
, 168
, 26
, 147
, 69
, 104
, 162
, 11
, 107
, 66
, 108
, 65
, 160
, 13
, 45
, 128
, 33
, 140
, 145
, 28
, 151
, 22
, 34
, 139
, 52
, 121
, 56
, 117
, 34
, 139
, 164
, 9
, 103
, 70
, 106
, 67
, 40
, 133
, 61
, 112
, 7
, 166
, 89
, 84
, 124
, 49
, 55
, 118
, 22
, 151
, 137
, 36
, 20
, 153
, 26
, 147
, 11
, 162
, 78
, 95
, 140
, 33
, 69
, 104
, 22
, 151
, 19
, 154
, 96
, 77
, 144
, 29
, 31
, 142
, 108
, 65
, 46
, 127
, 2
, 171
, 134
, 39
, 16
, 157
, 170
, 3
, 98
, 75
, 163
, 10
, 136
, 37
, 5
, 168
, 87
, 86
, 42
, 131
, 53
, 120
, 66
, 107
, 41
, 132
, 131
, 42
, 104
, 69
, 21
, 152
, 41
, 132
, 158
, 15
, 166
, 7
, 1
, 172
, 70
, 103
, 72
, 101
, 4
, 169
, 97
, 76
, 154
, 19
, 18
, 155
, 151
, 22
, 89
, 84
, 12
, 161
, 109
, 64
, 88
, 85
, 130
, 43
, 138
, 35
, 56
, 117
, 169
, 4
, 89
, 84
, 103
, 70
, 99
, 74
, 130
, 43
, 70
, 103
, 41
, 132
, 46
, 127
, 108
, 65
, 113
, 60
, 64
, 109
, 146
, 27
, 58
, 115
, 118
, 55
, 76
, 97
, 138
, 35
, 57
, 116
, 67
, 106
, 55
, 118
, 33
, 140
, 78
, 95
, 82
, 91
, 143
, 30
, 65
, 108
, 69
, 104
, 15
, 158
, 92
, 81
, 29
, 144
, 47
, 126
, 36
, 137
, 163
, 10
, 24
, 149
, 148
, 25
, 90
, 83
, 23
, 150
, 40
, 133
, 6
, 167
, 20
, 153
, 106
, 67
, 131
, 42
, 136
, 37
, 111
, 62
, 116
, 57
, 57
, 116
, 108
, 65
, 42
, 131
, 31
, 142
, 123
, 50
, 78
, 95
, 131
, 42
, 79
, 94
, 41
, 132
, 146
, 27
, 113
, 60
, 157
, 16
, 121
, 52
, 25
, 148
, 53
, 120
, 169
, 4
, 123
, 50
, 30
, 143
, 53
, 120
, 97
, 76
, 89
, 84
, 141
, 32
, 38
, 135
, 110
, 63
, 87
, 86
, 128
, 45
, 99
, 74
, 168
, 5
, 86
, 87
, 78
, 95
, 82
, 91
, 84
, 89
, 62
, 111
, 152
, 21
, 54
, 119
, 140
, 33
, 18
, 155
, 142
, 31
, 13
, 160
, 48
, 125
, 140
, 33
, 43
, 130
, 136
, 37
, 7
, 166
, 55
, 118
, 158
, 15
, 115
, 58
, 43
, 130
, 62
, 111
, 110
, 63
, 140
, 33
, 92
, 81
, 19
, 154
, 78
, 95
, 44
, 129
, 86
, 87
, 159
, 14
, 161
, 12
, 142
, 31
, 100
, 73
, 92
, 81
, 162
, 11
, 11
, 162
, 133
, 40
, 167
, 6
, 94
, 79
, 68
, 105
, 15
, 158
, 80
, 93
, 167
, 6
, 23
, 150
, 161
, 12
, 162
, 11
, 169
, 4
, 114
, 59
, 3
, 170
, 23
, 150
, 26
, 147
, 76
, 97
, 125
, 48
, 39
, 134
, 14
, 159
, 26
, 147
, 33
, 140
, 163
, 10
, 162
, 11
, 14
, 159
, 112
, 61
, 151
, 22
, 148
, 25
, 155
, 18
, 52
, 121
, 143
, 30
, 42
, 131
, 132
, 41
, 36
, 137
, 148
, 25
, 80
, 93
, 125
, 48
, 40
, 133
, 124
, 49
, 3
, 170
, 63
, 110
, 86
, 87
, 119
, 54
, 44
, 129
, 5
, 168
, 8
, 165
, 124
, 49
, 105
, 68
, 112
, 61
, 52
, 121
, 83
, 90
, 33
, 140
, 134
, 39
, 12
, 161
, 110
, 63
, 24
, 149
, 94
, 79
, 96
, 77
, 20
, 153
, 139
, 34
, 1
, 172
, 122
, 51
, 20
, 153
, 35
, 138
, 85
, 88
, 130
, 43
, 113
, 60
, 105
, 68
, 104
, 69
, 89
, 84
, 169
, 4
, 3
, 170
, 57
, 116
, 170
, 3
, 125
, 48
, 169
, 4
, 131
, 42
, 81
, 92
, 169
, 4
, 165
, 8
, 28
, 145
, 166
, 7
, 145
, 28
, 116
, 57
, 58
, 115
, 24
, 149
, 55
, 118
, 67
, 106
, 147
, 26
, 93
, 80
, 21
, 152
, 97
, 76
, 79
, 94
, 152
, 21
, 151
, 22
, 115
, 58
, 42
, 131
, 28
, 145
, 9
, 164
, 24
, 149
, 118
, 55
, 106
, 67
, 83
, 90
, 151
, 22
, 129
, 44
, 138
, 35
, 23
, 150
, 134
, 39
, 110
, 63
, 171
, 2
, 24
, 149
, 157
, 16
, 148
, 25
, 15
, 158
, 100
, 73
, 121
, 52
, 10
, 163
, 95
, 78
, 150
, 23
, 48
, 125
, 37
, 136
, 80
, 93
, 54
, 119
, 49
, 124
, 125
, 48
, 74
, 99
, 13
, 160
, 146
, 27
, 170
, 3
, 98
, 75
, 147
, 26
, 39
, 134
, 110
, 63
, 65
, 108
, 33
, 140
, 51
, 122
, 90
, 83
, 41
, 132
, 39
, 134
, 138
, 35
, 29
, 144
, 144
, 29
, 140
, 33
, 22
, 151
, 57
, 116
, 102
, 71
, 154
, 19
, 36
, 137
, 125
, 48
, 129
, 44
, 90
, 83
, 128
, 45
, 121
, 52
, 158
, 15
, 127
, 46
, 89
, 84
, 31
, 142
, 62
, 111
, 108
, 65
, 94
, 79
, 122
, 51
, 40
, 133
, 9
, 164
, 96
, 77
, 170
, 3
, 160
, 13
, 6
, 167
, 115
, 58
, 59
, 114
, 151
, 22
, 104
, 69
, 161
, 12
, 156
, 17
, 40
, 133
, 1
, 172
, 89
, 84
, 119
, 54
, 95
, 78
, 129
, 44
, 1
, 172
, 141
, 32
, 73
, 100
, 153
, 20
, 97
, 76
, 86
, 87
, 1
, 172
, 108
, 65
, 52
, 121
, 77
, 96
, 3
, 170
, 24
, 149
, 148
, 25
, 37
, 136
, 67
, 106
, 61
, 112
, 153
, 20
, 105
, 68
, 73
, 100
, 155
, 18
, 103
, 70
, 3
, 170
, 147
, 26
, 117
, 56
, 160
, 13
, 138
, 35
, 80
, 93
, 24
, 149
, 62
, 111
, 24
, 149
, 72
, 101
, 120
, 53
, 62
, 111
, 141
, 32
, 87
, 86
, 13
, 160
, 113
, 60
, 161
, 12
, 118
, 55
, 51
, 122
, 17
, 156
, 93
, 80
, 69
, 104
, 70
, 103
, 171
, 2
, 92
, 81
, 41
, 132
, 124
, 49
, 58
, 115
, 145
, 28
, 91
, 82
, 107
, 66
, 39
, 134
, 1
, 172
, 42
, 131
, 115
, 58
, 94
, 79
, 104
, 69
, 89
, 84
, 82
, 91
, 64
, 109
, 39
, 134
, 161
, 12
, 9
, 164
, 163
, 10
, 118
, 55
, 154
, 19
, 166
, 7
, 144
, 29
, 3
, 170
, 145
, 28
, 66
, 107
, 84
, 89
, 99
, 74
, 108
, 65
, 113
, 60
, 74
, 99
, 124
, 49
, 78
, 95
, 86
, 87
, 95
, 78
, 21
, 152
, 139
, 34
, 15
, 158
, 95
, 78
, 79
, 94
, 135
, 38
, 75
, 98
, 56
, 117
, 19
, 154
, 9
, 164
, 40
, 133
, 169
, 4
, 90
, 83
, 98
, 75
, 86
, 87
, 48
, 125
, 23
, 150
, 115
, 58
, 95
, 78
, 75
, 98
, 46
, 127
, 108
, 65
, 54
, 119
, 151
, 22
, 85
, 88
, 99
, 74
, 118
, 55
, 127
, 46
, 87
, 86
, 12
, 161
, 139
, 34
, 40
, 133
, 101
, 72
, 130
, 43
, 138
, 35
, 61
, 112
, 167
, 6
, 30
, 143
, 11
, 162
, 65
, 108
, 128
, 45
, 76
, 97
, 146
, 27
, 152
, 21
, 31
, 142
, 59
, 114
, 152
, 21
, 171
, 2
, 149
, 24
, 136
, 37
, 4
, 169
, 84
, 89
, 109
, 64
, 52
, 121
, 52
, 121
, 137
, 36
, 13
, 160
, 166
, 7
, 150
, 23
, 73
, 100
, 55
, 118
, 109
, 64
, 128
, 45
, 33
, 140
, 111
, 62
, 41
, 132
, 118
, 55
, 57
, 116
, 29
, 144
, 35
, 138
, 25
, 148
, 88
, 85
, 41
, 132
, 137
, 36
, 82
, 91
, 91
, 82
, 135
, 38
, 7
, 166
, 77
, 96
, 9
, 164
, 93
, 80
, 55
, 118
, 35
, 138
, 122
, 51
, 90
, 83
, 9
, 164
, 96
, 77
, 133
, 40
, 105
, 68
, 136
, 37
, 125
, 48
, 56
, 117
, 69
, 104
, 116
, 57
, 15
, 158
, 56
, 117
, 37
, 136
, 160
, 13
, 95
, 78
, 31
, 142
, 97
, 76
, 160
, 13
, 49
, 124
, 52
, 121
, 64
, 109
, 32
, 141
, 66
, 107
, 84
, 89
, 144
, 29
, 149
, 24
, 88
, 85
, 90
, 83
, 93
, 80
, 70
, 103
, 123
, 50
, 108
, 65
, 72
, 101
, 106
, 67
, 9
, 164
, 5
, 168
, 68
, 105
, 114
, 59
, 10
, 163
, 117
, 56
, 91
, 82
, 16
, 157
, 58
, 115
, 137
, 36
, 167
, 6
, 33
, 140
, 8
, 165
, 92
, 81
, 126
, 47
, 78
, 95
, 48
, 125
, 139
, 34
, 85
, 88
, 126
, 47
, 125
, 48
, 165
, 8
, 115
, 58
, 65
, 108
, 121
, 52
, 79
, 94
, 49
, 124
, 100
, 73
, 29
, 144
, 27
, 146
, 17
, 156
, 54
, 119
, 2
, 171
, 134
, 39
, 98
, 75
, 152
, 21
, 128
, 45
, 27
, 146
, 102
, 71
, 101
, 72
, 122
, 51
, 77
, 96
, 91
, 82
, 141
, 32
, 53
, 120
, 17
, 156
, 62
, 111
, 80
, 93
, 163
, 10
, 151
, 22
, 106
, 67
, 60
, 113
, 106
, 67
, 99
, 74
, 8
, 165
, 57
, 116
, 62
, 111
, 76
, 97
, 107
, 66
, 129
, 44
, 115
, 58
, 46
, 127
, 134
, 39
, 98
, 75
, 103
, 70
, 45
, 128
, 21
, 152
, 33
, 140
, 20
, 153
, 44
, 129
, 75
, 98
, 6
, 167
, 58
, 115
, 168
, 5
, 32
, 141
, 60
, 113
, 24
, 149
, 92
, 81
, 109
, 64
, 169
, 4
, 133
, 40
, 120
, 53
, 99
, 74
, 85
, 88
, 38
, 135
, 168
, 5
, 15
, 158
, 103
, 70
, 128
, 45
, 171
, 2
, 40
, 133
, 161
, 12
, 146
, 27
, 146
, 27
, 65
, 108
, 49
, 124
, 56
, 117
, 107
, 66
, 144
, 29
, 23
, 150
, 149
, 24
, 162
, 11
, 121
, 52
, 99
, 74
, 20
, 153
, 159
, 14
, 30
, 143
, 62
, 111
, 150
, 23
, 71
, 102
, 2
, 171
, 140
, 33
, 32
, 141
, 36
, 137
, 14
, 159
, 75
, 98
, 132
, 41
, 4
, 169
, 95
, 78
, 61
, 112
, 111
, 62
, 7
, 166
, 40
, 133
, 23
, 150
, 146
, 27
, 22
, 151
, 33
, 140
, 148
, 25
, 66
, 107
, 90
, 83
, 61
, 112
, 92
, 81
, 82
, 91
, 149
, 24
, 114
, 59
, 154
, 19
, 9
, 164
, 51
, 122
, 16
, 157
, 30
, 143
, 129
, 44
, 120
, 53
, 93
, 80
, 44
, 129
, 72
, 101
, 19
, 154
, 50
, 123
, 133
, 40
, 141
, 32
, 125
, 48
, 144
, 29
, 65
, 108
, 68
, 105
, 135
, 38
, 25
, 148
, 79
, 94
, 36
, 137
, 38
, 135
, 63
, 110
, 128
, 45
, 86
, 87
, 124
, 49
, 143
, 30
, 115
, 58
, 128
, 45
, 106
, 67
, 84
, 89
, 65
, 108
, 108
, 65
, 9
, 164
, 123
, 50
, 17
, 156
, 84
, 89
, 5
, 168
, 119
, 54
, 71
, 102
, 153
, 20
, 56
, 117
, 60
, 113
, 96
, 77
, 49
, 124
, 115
, 58
, 88
, 85
, 86
, 87
, 46
, 127
, 60
, 113
, 22
, 151
, 55
, 118
, 67
, 106
, 10
, 163
, 113
, 60
, 35
, 138
, 138
, 35
, 161
, 12
, 135
, 38
, 90
, 83
, 55
, 118
, 89
, 84
, 133
, 40
, 9
, 164
, 17
, 156
, 68
, 105
, 143
, 30
, 120
, 53
, 44
, 129
, 93
, 80
, 140
, 33
, 114
, 59
, 159
, 14
, 86
, 87
, 163
, 10
, 160
, 13
, 121
, 52
, 55
, 118
, 27
, 146
, 15
, 158
, 36
, 137
, 41
, 132
, 80
, 93
, 67
, 106
, 56
, 117
, 2
, 171
, 21
, 152
, 80
, 93
, 58
, 115
, 165
, 8
, 96
, 77
, 146
, 27
, 44
, 129
, 119
, 54
, 103
, 70
, 81
, 92
, 37
, 136
, 101
, 72
, 36
, 137
, 145
, 28
, 16
, 157
, 50
, 123
, 59
, 114
, 156
, 17
, 42
, 131
, 165
, 8
, 109
, 64
, 60
, 113
, 63
, 110
, 47
, 126
, 73
, 100
, 42
, 131
, 35
, 138
, 136
, 37
, 44
, 129
, 46
, 127
, 63
, 110
, 141
, 32
, 171
, 2
, 117
, 56
, 99
, 74
, 139
, 34
, 109
, 64
, 53
, 120
, 94
, 79
, 47
, 126
, 159
, 14
, 118
, 55
, 54
, 119
, 166
, 7
, 104
, 69
, 12
, 161
, 120
, 53
, 151
, 22
, 54
, 119
, 76
, 97
, 66
, 107
, 142
, 31
, 43
, 130
, 81
, 92
, 108
, 65
, 159
, 14
, 156
, 17
, 70
, 103
, 41
, 132
, 66
, 107
, 155
, 18
, 14
, 159
, 134
, 39
, 103
, 70
, 97
, 76
, 133
, 40
, 122
, 51
, 159
, 14
, 76
, 97
, 74
, 99
, 151
, 22
, 158
, 15
, 60
, 113
, 12
, 161
, 23
, 150
, 81
, 92
, 89
, 84
, 120
, 53
, 43
, 130
, 83
, 90
, 85
, 88
, 31
, 142
, 83
, 90
, 12
, 161
, 168
, 5
, 67
, 106
, 30
, 143
, 71
, 102
, 91
, 82
, 105
, 68
, 77
, 96
, 78
, 95
, 96
, 77
, 108
, 65
, 47
, 126
, 17
, 156
, 94
, 79
, 136
, 37
, 104
, 69
, 104
, 69
, 140
, 33
, 122
, 51
, 150
, 23
, 15
, 158
, 72
, 101
, 2
, 171
, 58
, 115
, 139
, 34
, 127
, 46
, 45
, 128
, 58
, 115
, 84
, 89
, 166
, 7
, 108
, 65
, 164
, 9
, 49
, 124
, 56
, 117
, 146
, 27
, 145
, 28
, 126
, 47
, 64
, 109
, 81
, 92
, 85
, 88
, 126
, 47
, 31
, 142
, 93
, 80
, 51
, 122
, 136
, 37
, 74
, 99
, 100
, 73
, 61
, 112
, 57
, 116
, 1
, 172
, 110
, 63
, 155
, 18
, 58
, 115
, 74
, 99
, 23
, 150
, 146
, 27
, 154
, 19
, 82
, 91
, 105
, 68
, 60
, 113
, 24
, 149
, 160
, 13
, 139
, 34
, 128
, 45
, 51
, 122
, 135
, 38
, 142
, 31
, 117
, 56
, 119
, 54
, 29
, 144
, 144
, 29
, 55
, 118
, 139
, 34
, 89
, 84
, 58
, 115
, 72
, 101
, 1
, 172
, 63
, 110
, 100
, 73
, 48
, 125
, 75
, 98
, 156
, 17
, 151
, 22
, 160
, 13
, 35
, 138
, 28
, 145
, 52
, 121
, 149
, 24
, 96
, 77
, 27
, 146
, 97
, 76
, 60
, 113
, 47
, 126
, 77
, 96
, 98
, 75
, 141
, 32
, 49
, 124
, 68
, 105
, 121
, 52
, 90
, 83
, 39
, 134
, 150
, 23
, 24
, 149
, 160
, 13
, 92
, 81
, 102
, 71
, 144
, 29
, 132
, 41
, 53
, 120
, 31
, 142
, 155
, 18
, 12
, 161
, 149
, 24
, 14
, 159
, 96
, 77
, 144
, 29
, 64
, 109
, 118
, 55
, 103
, 70
, 17
, 156
, 38
, 135
, 22
, 151
, 153
, 20
, 45
, 128
, 171
, 2
, 89
, 84
, 135
, 38
, 72
, 101
, 44
, 129
, 35
, 138
, 162
, 11
, 165
, 8
, 128
, 45
, 32
, 141
, 43
, 130
, 78
, 95
, 146
, 27
, 169
, 4
, 93
, 80
, 116
, 57
, 153
, 20
, 77
, 96
, 24
, 149
, 159
, 14
, 55
, 118
, 106
, 67
, 35
, 138
, 24
, 149
, 15
, 158
, 157
, 16
, 15
, 158
, 97
, 76
, 123
, 50
, 67
, 106
, 69
, 104
, 117
, 56
, 89
, 84
, 101
, 72
, 50
, 123
, 85
, 88
, 160
, 13
, 38
, 135
, 97
, 76
, 56
, 117
, 103
, 70
, 44
, 129
, 162
, 11
, 25
, 148
, 91
, 82
, 142
, 31
, 138
, 35
, 11
, 162
, 163
, 10
, 43
, 130
, 72
, 101
, 8
, 165
, 120
, 53
, 108
, 65
, 64
, 109
, 121
, 52
, 72
, 101
, 154
, 19
, 63
, 110
, 67
, 106
, 29
, 144
, 46
, 127
, 164
, 9
, 77
, 96
, 4
, 169
, 36
, 137
, 106
, 67
, 126
, 47
, 61
, 112
, 111
, 62
, 65
, 108
, 110
, 63
, 72
, 101
, 32
, 141
, 76
, 97
, 143
, 30
, 31
, 142
, 39
, 134
, 170
, 3
, 26
, 147
, 122
, 51
, 5
, 168
, 104
, 69
, 105
, 68
, 2
, 171
, 78
, 95
, 46
, 127
, 19
, 154
, 67
, 106
, 124
, 49
, 89
, 84
, 123
, 50
, 5
, 168
, 132
, 41
, 99
, 74
, 159
, 14
, 149
, 24
, 85
, 88
, 7
, 166
, 135
, 38
, 23
, 150
, 48
, 125
, 103
, 70
, 37
, 136
, 167
, 6
, 139
, 34
, 120
, 53
, 144
, 29
, 79
, 94
, 34
, 139
, 21
, 152
, 68
, 105
, 119
, 54
, 12
, 161
, 22
, 151
, 51
, 122
, 135
, 38
, 136
, 37
, 167
, 6
, 146
, 27
, 6
, 167
, 29
, 144
, 16
, 157
, 52
, 121
, 98
, 75
, 80
, 93
, 11
, 162
, 129
, 44
, 164
, 9
, 66
, 107
, 106
, 67
, 7
, 166
, 17
, 156
, 113
, 60
, 103
, 70
, 124
, 49
, 68
, 105
, 68
, 105
, 91
, 82
, 8
, 165
, 164
, 9
, 152
, 21
, 48
, 125
, 90
, 83
, 87
, 86
, 69
, 104
, 134
, 39
, 165
, 8
, 80
, 93
, 38
, 135
, 90
, 83
, 130
, 43
, 167
, 6
, 35
, 138
, 95
, 78
, 108
, 65
, 59
, 114
, 22
, 151
, 47
, 126
, 135
, 38
, 163
, 10
, 168
, 5
, 27
, 146
, 55
, 118
, 142
, 31
, 64
, 109
, 89
, 84
, 129
, 44
, 142
, 31
, 110
, 63
, 37
, 136
, 94
, 79
, 47
, 126
, 153
, 20
, 113
, 60
, 66
, 107
, 78
, 95
, 116
, 57
, 148
, 25
, 80
, 93
, 102
, 71
, 59
, 114
, 7
, 166
, 157
, 16
, 105
, 68
, 69
, 104
, 109
, 64
, 89
, 84
, 77
, 96
, 92
, 81
, 112
, 61
, 142
, 31
, 8
, 165
, 2
, 171
, 50
, 123
, 47
, 126
, 125
, 48
, 136
, 37
, 78
, 95
, 93
, 80
, 101
, 72
, 122
, 51
, 14
, 159
, 106
, 67
, 41
, 132
, 37
, 136
, 121
, 52
, 8
, 165
, 93
, 80
, 102
, 71
, 104
, 69
, 143
, 30
, 169
, 4
, 118
, 55
, 51
, 122
, 48
, 125
, 71
, 102
, 150
, 23
, 130
, 43
, 19
, 154
, 22
, 151
, 6
, 167
, 29
, 144
, 45
, 128
, 115
, 58
, 162
, 11
, 82
, 91
, 76
, 97
, 28
, 145
, 112
, 61
, 105
, 68
, 44
, 129
, 28
, 145
, 62
, 111
, 161
, 12
, 65
, 108
, 35
, 138
, 106
, 67
, 27
, 146
, 57
, 116
, 145
, 28
, 48
, 125
, 89
, 84
, 61
, 112
, 8
, 165
, 54
, 119
, 162
, 11
, 52
, 121
, 139
, 34
, 118
, 55
, 110
, 63
, 118
, 55
, 104
, 69
, 112
, 61
, 130
, 43
, 57
, 116
, 81
, 92
, 83
, 90
, 167
, 6
, 146
, 27
, 38
, 135
, 126
, 47
, 141
, 32
, 84
, 89
, 21
, 152
, 46
, 127
, 3
, 170
, 78
, 95
, 47
, 126
, 40
, 133
, 83
, 90
, 76
, 97
, 143
, 30
, 166
, 7
, 62
, 111
, 72
, 101
, 13
, 160
, 51
, 122
, 82
, 91
, 61
, 112
, 53
, 120
, 170
, 3
, 42
, 131
, 116
, 57
, 154
, 19
, 150
, 23
, 145
, 28
, 90
, 83
, 151
, 22
, 72
, 101
, 170
, 3
, 106
, 67
, 123
, 50
, 94
, 79
, 119
, 54
, 90
, 83
, 85
, 88
, 64
, 109
, 5
, 168
, 167
, 6
, 139
, 34
, 60
, 113
, 51
, 122
, 27
, 146
, 11
, 162
, 47
, 126
, 106
, 67
, 160
, 13
, 76
, 97
, 118
, 55
, 65
, 108
, 64
, 109
, 109
, 64
, 95
, 78
, 11
, 162
, 42
, 131
, 135
, 38
, 3
, 170
, 55
, 118
, 147
, 26
, 49
, 124
, 116
, 57
, 95
, 78
, 128
, 45
, 3
, 170
, 55
, 118
, 86
, 87
, 24
, 149
, 69
, 104
, 24
, 149
, 108
, 65
, 45
, 128
, 89
, 84
, 63
, 110
, 87
, 86
, 66
, 107
, 81
, 92
, 23
, 150
, 26
, 147
, 92
, 81
, 127
, 46
, 92
, 81
, 134
, 39
, 164
, 9
, 57
, 116
, 64
, 109
, 84
, 89
, 132
, 41
, 60
, 113
, 122
, 51
, 11
, 162
, 113
, 60
, 18
, 155
, 69
, 104
, 50
, 123
, 56
, 117
, 149
, 24
, 24
, 149
, 30
, 143
, 45
, 128
, 121
, 52
, 40
, 133
, 32
, 141
, 68
, 105
, 125
, 48
, 20
, 153
, 90
, 83
, 155
, 18
, 140
, 33
, 134
, 39
, 77
, 96
, 111
, 62
, 124
, 49
, 33
, 140
, 31
, 142
, 77
, 96
, 78
, 95
, 169
, 4
, 86
, 87
, 81
, 92
, 20
, 153
, 165
, 8
, 94
, 79
, 157
, 16
, 88
, 85
, 117
, 56
, 110
, 63
, 150
, 23
, 110
, 63
, 75
, 98
, 122
, 51
, 136
, 37
, 110
, 63
, 116
, 57
, 101
, 72
, 52
, 121
, 147
, 26
, 109
, 64
, 162
, 11
, 16
, 157
, 43
, 130
, 165
, 8
, 71
, 102
, 94
, 79
, 73
, 100
, 22
, 151
, 54
, 119
, 163
, 10
, 149
, 24
, 61
, 112
, 35
, 138
, 169
, 4
, 52
, 121
, 68
, 105
, 61
, 112
, 33
, 140
, 88
, 85
, 74
, 99
, 73
, 100
, 158
, 15
, 144
, 29
, 20
, 153
, 128
, 45
, 139
, 34
, 150
, 23
, 87
, 86
, 141
, 32
, 122
, 51
, 146
, 27
, 6
, 167
, 98
, 75
, 25
, 148
, 56
, 117
, 75
, 98
, 102
, 71
, 100
, 73
, 80
, 93
, 34
, 139
, 77
, 96
, 11
, 162
, 104
, 69
, 95
, 78
, 53
, 120
, 61
, 112
, 128
, 45
, 111
, 62
, 80
, 93
, 138
, 35
, 130
, 43
, 78
, 95
, 34
, 139
, 154
, 19
, 62
, 111
, 162
, 11
, 135
, 38
, 2
, 171
, 131
, 42
, 166
, 7
, 111
, 62
, 53
, 120
, 108
, 65
, 24
, 149
, 161
, 12
, 81
, 92
, 57
, 116
, 122
, 51
, 19
, 154
, 37
, 136
, 48
, 125
, 27
, 146
, 143
, 30
, 168
, 5
, 67
, 106
, 133
, 40
, 56
, 117
, 22
, 151
, 3
, 170
, 106
, 67
, 101
, 72
, 112
, 61
, 5
, 168
, 130
, 43
, 90
, 83
, 30
, 143
, 105
, 68
, 153
, 20
, 10
, 163
, 82
, 91
, 152
, 21
, 148
, 25
, 120
, 53
, 53
, 120
, 151
, 22
, 67
, 106
, 28
, 145
, 149
, 24
, 92
, 81
, 37
, 136
, 103
, 70
, 7
, 166
, 51
, 122
, 107
, 66
, 128
, 45
, 103
, 70
, 168
, 5
, 75
, 98
, 142
, 31
, 15
, 158
, 141
, 32
, 115
, 58
, 151
, 22
, 12
, 161
, 53
, 120
, 105
, 68
, 123
, 50
, 170
, 3
, 164
, 9
, 151
, 22
, 24
, 149
, 53
, 120
, 55
, 118
, 154
, 19
, 26
, 147
, 12
, 161
, 130
, 43
, 157
, 16
, 12
, 161
, 63
, 110
, 141
, 32
, 27
, 146
, 2
, 171
, 74
, 99
, 12
, 161
, 111
, 62
, 134
, 39
, 150
, 23
, 57
, 116
, 122
, 51
, 157
, 16
, 83
, 90
, 60
, 113
, 24
, 149
, 158
, 15
, 160
, 13
, 93
, 80
, 41
, 132
, 22
, 151
, 32
, 141
, 142
, 31
, 150
, 23
, 83
, 90
, 131
, 42
, 58
, 115
, 71
, 102
, 48
, 125
, 165
, 8
, 6
, 167
, 116
, 57
, 135
, 38
, 40
, 133
, 143
, 30
, 27
, 146
, 165
, 8
, 133
, 40
, 35
, 138
, 88
, 85
, 164
, 9
, 25
, 148
, 37
, 136
, 53
, 120
, 158
, 15
, 31
, 142
, 96
, 77
, 132
, 41
, 157
, 16
, 48
, 125
, 55
, 118
, 165
, 8
, 125
, 48
, 141
, 32
, 159
, 14
, 74
, 99
, 98
, 75
, 43
, 130
, 14
, 159
, 68
, 105
, 118
, 55
, 154
, 19
, 102
, 71
, 154
, 19
, 87
, 86
, 50
, 123
, 161
, 12
, 28
, 145
, 59
, 114
, 12
, 161
, 97
, 76
, 150
, 23
, 136
, 37
, 83
, 90
, 27
, 146
, 73
, 100
, 35
, 138
, 64
, 109
, 26
, 147
, 28
, 145
, 65
, 108
, 44
, 129
, 145
, 28
, 27
, 146
, 29
, 144
, 49
, 124
, 67
, 106
, 159
, 14
, 124
, 49
, 75
, 98
, 93
, 80
, 8
, 165
, 79
, 94
, 106
, 67
, 141
, 32
, 141
, 32
, 111
, 62
, 20
, 153
, 42
, 131
, 165
, 8
, 50
, 123
, 133
, 40
, 18
, 155
, 31
, 142
, 83
, 90
, 134
, 39
, 1
, 172
, 121
, 52
, 38
, 135
, 122
, 51
, 101
, 72
, 40
, 133
, 96
, 77
, 85
, 88
, 25
, 148
, 34
, 139
, 161
, 12
, 118
, 55
, 170
, 3
, 37
, 136
, 35
, 138
, 86
, 87
, 112
, 61
, 68
, 105
, 115
, 58
, 166
, 7
, 51
, 122
, 115
, 58
, 57
, 116
, 19
, 154
, 131
, 42
, 98
, 75
, 95
, 78
, 159
, 14
, 153
, 20
, 66
, 107
, 56
, 117
, 151
, 22
, 156
, 17
, 48
, 125
, 107
, 66
, 99
, 74
, 21
, 152
, 25
, 148
, 26
, 147
, 143
, 30
, 114
, 59
, 38
, 135
, 82
, 91
, 85
, 88
, 89
, 84
, 64
, 109
, 26
, 147
, 37
, 136
, 92
, 81
, 140
, 33
, 128
, 45
, 28
, 145
, 151
, 22
, 38
, 135
, 104
, 69
, 103
, 70
, 63
, 110
, 103
, 70
, 160
, 13
, 122
, 51
, 6
, 167
, 160
, 13
, 155
, 18
, 13
, 160
, 116
, 57
, 27
, 146
, 151
, 22
, 127
, 46
, 138
, 35
, 110
, 63
, 76
, 97
, 156
, 17
, 157
, 16
, 128
, 45
, 150
, 23
, 49
, 124
, 78
, 95
, 120
, 53
, 39
, 134
, 121
, 52
, 166
, 7
, 93
, 80
, 65
, 108
, 77
, 96
, 124
, 49
, 120
, 53
, 105
, 68
, 62
, 111
, 90
, 83
, 26
, 147
, 102
, 71
, 29
, 144
, 157
, 16
, 129
, 44
, 33
, 140
, 58
, 115
, 134
, 39
, 72
, 101
, 55
, 118
, 105
, 68
, 130
, 43
, 75
, 98
, 116
, 57
, 107
, 66
, 122
, 51
, 162
, 11
, 14
, 159
, 116
, 57
, 23
, 150
, 81
, 92
, 153
, 20
, 50
, 123
, 64
, 109
, 9
, 164
, 39
, 134
, 106
, 67
, 26
, 147
, 162
, 11
, 95
, 78
, 94
, 79
, 80
, 93
, 2
, 171
, 122
, 51
, 15
, 158
, 137
, 36
, 74
, 99
, 112
, 61
, 167
, 6
, 141
, 32
, 6
, 167
, 84
, 89
, 34
, 139
, 23
, 150
, 106
, 67
, 79
, 94
, 78
, 95
, 73
, 100
, 27
, 146
, 169
, 4
, 154
, 19
, 157
, 16
, 160
, 13
, 65
, 108
, 130
, 43
, 114
, 59
, 146
, 27
, 142
, 31
, 30
, 143
, 26
, 147
, 30
, 143
, 104
, 69
, 30
, 143
, 96
, 77
, 13
, 160
, 144
, 29
, 109
, 64
, 145
, 28
, 149
, 24
, 9
, 164
, 81
, 92
, 156
, 17
, 32
, 141
, 26
, 147
, 101
, 72
, 123
, 50
, 30
, 143
, 21
, 152
, 28
, 145
, 129
, 44
, 143
, 30
, 107
, 66
, 86
, 87
, 155
, 18
, 133
, 40
, 143
, 30
, 73
, 100
, 165
, 8
, 127
, 46
, 19
, 154
, 113
, 60
, 7
, 166
, 162
, 11
, 44
, 129
, 22
, 151
, 65
, 108
, 40
, 133
, 2
, 171
, 40
, 133
, 46
, 127
, 107
, 66
, 139
, 34
, 54
, 119
, 101
, 72
, 3
, 170
, 69
, 104
, 54
, 119
, 62
, 111
, 101
, 72
, 157
, 16
, 139
, 34
, 106
, 67
, 156
, 17
, 151
, 22
, 56
, 117
, 46
, 127
, 44
, 129
, 86
, 87
, 35
, 138
, 58
, 115
, 165
, 8
, 18
, 155
, 112
, 61
, 42
, 131
, 135
, 38
, 138
, 35
, 93
, 80
, 165
, 8
, 147
, 26
, 69
, 104
, 142
, 31
, 101
, 72
, 155
, 18
, 18
, 155
, 149
, 24
, 13
, 160
, 163
, 10
, 32
, 141
, 3
, 170
, 71
, 102
, 90
, 83
, 159
, 14
, 61
, 112
, 112
, 61
, 86
, 87
, 96
, 77
, 110
, 63
, 146
, 27
, 142
, 31
, 78
, 95
, 123
, 50
, 116
, 57
, 152
, 21
, 82
, 91
, 129
, 44
, 83
, 90
, 56
, 117
, 152
, 21
, 10
, 163
, 99
, 74
, 49
, 124
, 18
, 155
, 168
, 5
, 17
, 156
, 130
, 43
, 120
, 53
, 138
, 35
, 165
, 8
, 104
, 69
, 57
, 116
, 68
, 105
, 139
, 34
, 67
, 106
, 41
, 132
, 128
, 45
, 6
, 167
, 102
, 71
, 99
, 74
, 113
, 60
, 114
, 59
, 75
, 98
, 60
, 113
, 115
, 58
, 112
, 61
, 88
, 85
, 159
, 14
, 78
, 95
, 13
, 160
, 122
, 51
, 74
, 99
, 3
, 170
, 7
, 166
, 68
, 105
, 15
, 158
, 133
, 40
, 9
, 164
, 18
, 155
, 125
, 48
, 49
, 124
, 91
, 82
, 47
, 126
, 37
, 136
, 80
, 93
, 127
, 46
, 7
, 166
, 73
, 100
, 146
, 27
, 30
, 143
, 76
, 97
, 37
, 136
, 120
, 53
, 98
, 75
, 157
, 16
, 139
, 34
, 41
, 132
, 2
, 171
, 111
, 62
, 47
, 126
, 158
, 15
, 9
, 164
, 91
, 82
, 86
, 87
, 13
, 160
, 147
, 26
, 41
, 132
, 8
, 165
, 2
, 171
, 113
, 60
, 155
, 18
, 140
, 33
, 118
, 55
, 76
, 97
, 97
, 76
, 158
, 15
, 153
, 20
, 83
, 90
, 96
, 77
, 127
, 46
, 33
, 140
, 123
, 50
, 148
, 25
, 171
, 2
, 129
, 44
, 92
, 81
, 166
, 7
, 140
, 33
, 118
, 55
, 132
, 41
, 21
, 152
, 153
, 20
, 59
, 114
, 27
, 146
, 69
, 104
, 7
, 166
, 111
, 62
, 158
, 15
, 86
, 87
, 42
, 131
, 79
, 94
, 24
, 149
, 96
, 77
, 90
, 83
, 154
, 19
, 152
, 21
, 139
, 34
, 2
, 171
, 56
, 117
, 65
, 108
, 89
, 84
, 117
, 56
, 40
, 133
, 111
, 62
, 111
, 62
, 117
, 56
, 105
, 68
, 109
, 64
, 132
, 41
, 132
, 41
, 169
, 4
, 53
, 120
, 78
, 95
, 74
, 99
, 24
, 149
, 17
, 156
, 10
, 163
, 94
, 79
, 40
, 133
, 93
, 80
, 12
, 161
, 56
, 117
, 163
, 10
, 50
, 123
, 139
, 34
, 124
, 49
, 57
, 116
, 96
, 77
, 166
, 7
, 80
, 93
, 79
, 94
, 79
, 94
, 63
, 110
, 98
, 75
, 51
, 122
, 97
, 76
, 67
, 106
, 57
, 116
, 43
, 130
, 33
, 140
, 18
, 155
, 8
, 165
, 35
, 138
, 22
, 151
, 136
, 37
, 149
, 24
, 47
, 126
, 151
, 22
, 23
, 150
, 2
, 171
, 22
, 151
, 40
, 133
, 108
, 65
, 131
, 42
, 48
, 125
, 61
, 112
, 79
, 94
, 10
, 163
, 40
, 133
, 108
, 65
, 150
, 23
, 88
, 85
, 167
, 6
, 28
, 145
, 90
, 83
, 134
, 39
, 153
, 20
, 106
, 67
, 36
, 137
, 22
, 151
, 55
, 118
, 22
, 151
, 68
, 105
, 63
, 110
, 127
, 46
, 94
, 79
, 8
, 165
, 43
, 130
, 141
, 32
, 116
, 57
, 103
, 70
, 7
, 166
, 143
, 30
, 43
, 130
, 105
, 68
, 47
, 126
, 134
, 39
, 150
, 23
, 32
, 141
, 96
, 77
, 136
, 37
, 171
, 2
, 73
, 100
, 89
, 84
, 109
, 64
, 145
, 28
, 170
, 3
, 60
, 113
, 138
, 35
, 94
, 79
, 85
, 88
, 149
, 24
, 82
, 91
, 141
, 32
, 44
, 129
, 17
, 156
, 126
, 47
, 91
, 82
, 135
, 38
, 41
, 132
, 13
, 160
, 140
, 33
, 98
, 75
, 43
, 130
, 53
, 120
, 118
, 55
, 82
, 91
, 67
, 106
, 101
, 72
, 61
, 112
, 1
, 172
, 131
, 42
, 52
, 121
, 141
, 32
, 139
, 34
, 94
, 79
, 59
, 114
, 62
, 111
, 25
, 148
, 134
, 39
, 52
, 121
, 71
, 102
, 44
, 129
, 23
, 150
, 26
, 147
, 166
, 7
, 170
, 3
, 141
, 32
, 131
, 42
, 170
, 3
, 59
, 114
, 43
, 130
, 71
, 102
, 141
, 32
, 7
, 166
, 26
, 147
, 51
, 122
, 12
, 161
, 76
, 97
, 136
, 37
, 157
, 16
, 81
, 92
, 28
, 145
, 9
, 164
, 104
, 69
, 127
, 46
, 148
, 25
, 53
, 120
, 152
, 21
, 133
, 40
, 85
, 88
, 71
, 102
, 101
, 72
, 72
, 101
, 144
, 29
, 86
, 87
, 136
, 37
, 10
, 163
, 85
, 88
, 55
, 118
, 167
, 6
, 145
, 28
, 171
, 2
, 160
, 13
, 158
, 15
, 160
, 13
, 116
, 57
, 45
, 128
, 161
, 12
, 4
, 169
, 121
, 52
, 149
, 24
, 165
, 8
, 142
, 31
, 15
, 158
, 24
, 149
, 74
, 99
, 70
, 103
, 111
, 62
, 18
, 155
, 114
, 59
, 87
, 86
, 50
, 123
, 92
, 81
, 141
, 32
, 17
, 156
, 171
, 2
, 96
, 77
, 58
, 115
, 28
, 145
, 48
, 125
, 89
, 84
, 86
, 87
, 137
, 36
, 49
, 124
, 155
, 18
, 87
, 86
, 41
, 132
, 86
, 87
, 166
, 7
, 89
, 84
, 13
, 160
, 98
, 75
, 65
, 108
, 69
, 104
, 82
, 91
, 168
, 5
, 122
, 51
, 3
, 170
, 95
, 78
, 14
, 159
, 169
, 4
, 94
, 79
, 35
, 138
, 119
, 54
, 123
, 50
, 169
, 4
, 149
, 24
, 89
, 84
, 100
, 73
, 121
, 52
, 91
, 82
, 13
, 160
, 85
, 88
, 14
, 159
, 101
, 72
, 4
, 169
, 12
, 161
, 131
, 42
, 120
, 53
, 27
, 146
, 16
, 157
, 122
, 51
, 142
, 31
, 163
, 10
, 156
, 17
, 133
, 40
, 75
, 98
, 4
, 169
, 122
, 51
, 140
, 33
, 10
, 163
, 125
, 48
, 88
, 85
, 77
, 96
, 94
, 79
, 56
, 117
, 147
, 26
, 28
, 145
, 39
, 134
, 105
, 68
, 11
, 162
, 18
, 155
, 149
, 24
, 36
, 137
, 157
, 16
, 14
, 159
, 35
, 138
, 160
, 13
, 79
, 94
, 72
, 101
, 17
, 156
, 23
, 150
, 107
, 66
, 129
, 44
, 143
, 30
, 59
, 114
, 138
, 35
, 99
, 74
, 116
, 57
, 74
, 99
, 31
, 142
, 46
, 127
, 135
, 38
, 143
, 30
, 123
, 50
, 2
, 171
, 101
, 72
, 39
, 134
, 77
, 96
, 30
, 143
, 93
, 80
, 117
, 56
, 56
, 117
, 34
, 139
, 23
, 150
, 96
, 77
, 169
, 4
, 168
, 5
, 13
, 160
, 103
, 70
, 92
, 81
, 137
, 36
, 26
, 147
, 109
, 64
, 37
, 136
, 140
, 33
, 140
, 33
, 52
, 121
, 162
, 11
, 28
, 145
, 141
, 32
, 80
, 93
, 132
, 41
, 26
, 147
, 57
, 116
, 22
, 151
, 92
, 81
, 3
, 170
, 136
, 37
, 123
, 50
, 12
, 161
, 79
, 94
, 118
, 55
, 85
, 88
, 108
, 65
, 1
, 172
, 157
, 16
, 28
, 145
, 27
, 146
, 115
, 58
, 94
, 79
, 111
, 62
, 95
, 78
, 55
, 118
, 17
, 156
, 161
, 12
, 121
, 52
, 5
, 168
, 100
, 73
, 112
, 61
, 51
, 122
, 149
, 24
, 112
, 61
, 103
, 70
, 80
, 93
, 140
, 33
, 4
, 169
, 83
, 90
, 70
, 103
, 144
, 29
, 65
, 108
, 64
, 109
, 159
, 14
, 134
, 39
, 167
, 6
, 137
, 36
, 59
, 114
, 131
, 42
, 164
, 9
, 45
, 128
, 100
, 73
, 113
, 60
, 81
, 92
, 157
, 16
, 4
, 169
, 156
, 17
, 169
, 4
, 164
, 9
, 98
, 75
, 149
, 24
, 132
, 41
, 20
, 153
, 113
, 60
, 140
, 33
, 161
, 12
, 74
, 99
, 53
, 120
, 40
, 133
, 15
, 158
, 63
, 110
, 6
, 167
, 28
, 145
, 101
, 72
, 47
, 126
, 88
, 85
, 12
, 161
, 110
, 63
, 55
, 118
, 98
, 75
, 9
, 164
, 147
, 26
, 117
, 56
, 1
, 172
, 128
, 45
, 135
, 38
, 142
, 31
, 8
, 165
, 25
, 148
, 107
, 66
, 146
, 27
, 124
, 49
, 55
, 118
, 84
, 89
, 50
, 123
, 143
, 30
, 138
, 35
, 137
, 36
, 61
, 112
, 25
, 148
, 147
, 26
, 61
, 112
, 167
, 6
, 58
, 115
, 165
, 8
, 119
, 54
, 66
, 107
, 152
, 21
, 147
, 26
, 33
, 140
, 153
, 20
, 21
, 152
, 83
, 90
, 53
, 120
, 27
, 146
, 39
, 134
, 37
, 136
, 159
, 14
, 58
, 115
, 6
, 167
, 97
, 76
, 68
, 105
, 73
, 100
, 85
, 88
, 31
, 142
, 89
, 84
, 76
, 97
, 130
, 43
, 17
, 156
, 62
, 111
, 159
, 14
, 15
, 158
, 50
, 123
, 100
, 73
, 64
, 109
, 26
, 147
, 115
, 58
, 56
, 117
, 12
, 161
, 151
, 22
, 93
, 80
, 6
, 167
, 2
, 171
, 162
, 11
, 4
, 169
, 91
, 82
, 48
, 125
, 57
, 116
, 1
, 172
, 86
, 87
, 61
, 112
, 21
, 152
, 37
, 136
, 87
, 86
, 2
, 171
, 88
, 85
, 118
, 55
, 147
, 26
, 44
, 129
, 27
, 146
, 7
, 166
, 162
, 11
, 47
, 126
, 133
, 40
, 92
, 81
, 75
, 98
, 22
, 151
, 30
, 143
, 99
, 74
, 169
, 4
, 104
, 69
, 9
, 164
, 162
, 11
, 153
, 20
, 74
, 99
, 52
, 121
, 63
, 110
, 75
, 98
, 125
, 48
, 47
, 126
, 4
, 169
, 119
, 54
, 40
, 133
, 11
, 162
, 135
, 38
, 7
, 166
, 137
, 36
, 134
, 39
, 30
, 143
, 134
, 39
, 54
, 119
, 97
, 76
, 79
, 94
, 118
, 55
, 45
, 128
, 96
, 77
, 151
, 22
, 110
, 63
, 54
, 119
, 167
, 6
, 1
, 172
, 12
, 161
, 28
, 145
, 147
, 26
, 37
, 136
, 165
, 8
, 89
, 84
, 141
, 32
, 117
, 56
, 96
, 77
, 87
, 86
, 52
, 121
, 126
, 47
, 10
, 163
, 131
, 42
, 15
, 158
, 147
, 26
, 29
, 144
, 98
, 75
, 75
, 98
, 153
, 20
, 51
, 122
, 16
, 157
, 119
, 54
, 67
, 106
, 171
, 2
, 149
, 24
, 127
, 46
, 121
, 52
, 49
, 124
, 147
, 26
, 94
, 79
, 14
, 159
, 171
, 2
, 55
, 118
, 163
, 10
, 130
, 43
, 90
, 83
, 16
, 157
, 20
, 153
, 83
, 90
, 35
, 138
, 59
, 114
, 133
, 40
, 154
, 19
, 97
, 76
, 163
, 10
, 43
, 130
, 102
, 71
, 160
, 13
, 32
, 141
, 69
, 104
, 160
, 13
, 85
, 88
, 36
, 137
, 77
, 96
, 62
, 111
, 86
, 87
, 56
, 117
, 156
, 17
, 52
, 121
, 99
, 74
, 107
, 66
, 139
, 34
, 171
, 2
, 22
, 151
, 78
, 95
, 38
, 135
, 145
, 28
, 68
, 105
, 36
, 137
, 34
, 139
, 20
, 153
, 163
, 10
, 53
, 120
, 116
, 57
, 69
, 104
, 109
, 64
, 170
, 3
, 47
, 126
, 9
, 164
, 13
, 160
, 107
, 66
, 131
, 42
, 114
, 59
, 119
, 54
, 116
, 57
, 57
, 116
, 65
, 108
, 24
, 149
, 45
, 128
, 152
, 21
, 67
, 106
, 114
, 59
, 2
, 171
, 144
, 29
, 47
, 126
, 107
, 66
, 44
, 129
, 68
, 105
, 50
, 123
, 104
, 69
, 34
, 139
, 66
, 107
, 142
, 31
, 3
, 170
, 94
, 79
, 110
, 63
, 146
, 27
, 76
, 97
, 27
, 146
, 135
, 38
, 81
, 92
, 16
, 157
, 89
, 84
, 63
, 110
, 140
, 33
, 110
, 63
, 119
, 54
, 73
, 100
, 80
, 93
, 105
, 68
, 68
, 105
, 107
, 66
, 131
, 42
, 93
, 80
, 101
, 72
, 57
, 116
, 9
, 164
, 41
, 132
, 49
, 124
, 43
, 130
, 106
, 67
, 91
, 82
, 105
, 68
, 160
, 13
, 1
, 172
, 162
, 11
, 68
, 105
, 79
, 94
, 37
, 136
, 61
, 112
, 123
, 50
, 142
, 31
, 44
, 129
, 31
, 142
, 156
, 17
, 95
, 78
, 160
, 13
, 30
, 143
, 94
, 79
, 159
, 14
, 91
, 82
, 120
, 53
, 66
, 107
, 52
, 121
, 72
, 101
, 4
, 169
, 167
, 6
, 81
, 92
, 123
, 50
, 162
, 11
, 54
, 119
, 26
, 147
, 147
, 26
, 165
, 8
, 91
, 82
, 28
, 145
, 60
, 113
, 140
, 33
, 165
, 8
, 83
, 90
, 123
, 50
, 74
, 99
, 102
, 71
, 46
, 127
, 167
, 6
, 57
, 116
, 8
, 165
, 104
, 69
, 153
, 20
, 157
, 16
, 121
, 52
, 159
, 14
, 124
, 49
, 114
, 59
, 75
, 98
, 43
, 130
, 112
, 61
, 38
, 135
, 136
, 37
, 40
, 133
, 107
, 66
, 67
, 106
, 67
, 106
, 167
, 6
, 16
, 157
, 114
, 59
, 47
, 126
, 104
, 69
, 144
, 29
, 89
, 84
, 71
, 102
, 157
, 16
, 24
, 149
, 129
, 44
, 132
, 41
, 70
, 103
, 74
, 99
, 129
, 44
, 32
, 141
, 11
, 162
, 107
, 66
, 65
, 108
, 41
, 132
, 58
, 115
, 97
, 76
, 142
, 31
, 10
, 163
, 155
, 18
, 83
, 90
, 124
, 49
, 105
, 68
, 15
, 158
, 24
, 149
, 114
, 59
, 14
, 159
, 113
, 60
, 33
, 140
, 39
, 134
, 113
, 60
, 117
, 56
, 84
, 89
, 5
, 168
, 108
, 65
, 58
, 115
, 116
, 57
, 21
, 152
, 137
, 36
, 118
, 55
, 151
, 22
, 70
, 103
, 150
, 23
, 60
, 113
, 87
, 86
, 131
, 42
, 158
, 15
, 149
, 24
, 18
, 155
, 40
, 133
, 108
, 65
, 29
, 144
, 132
, 41
, 67
, 106
, 110
, 63
, 40
, 133
, 80
, 93
, 41
, 132
, 79
, 94
, 65
, 108
, 158
, 15
, 86
, 87
, 27
, 146
, 128
, 45
, 23
, 150
, 22
, 151
, 136
, 37
, 32
, 141
, 77
, 96
, 36
, 137
, 107
, 66
, 23
, 150
, 113
, 60
, 23
, 150
, 83
, 90
, 149
, 24
, 127
, 46
, 163
, 10
, 7
, 166
, 118
, 55
, 161
, 12
, 150
, 23
, 125
, 48
, 36
, 137
, 24
, 149
, 142
, 31
, 81
, 92
, 169
, 4
, 32
, 141
, 168
, 5
, 99
, 74
, 134
, 39
, 119
, 54
, 143
, 30
, 74
, 99
, 106
, 67
, 91
, 82
, 99
, 74
, 19
, 154
, 39
, 134
, 2
, 171
, 164
, 9
, 125
, 48
, 18
, 155
, 115
, 58
, 61
, 112
, 148
, 25
, 134
, 39
, 120
, 53
, 11
, 162
, 2
, 171
, 168
, 5
, 121
, 52
, 26
, 147
, 25
, 148
, 78
, 95
, 171
, 2
, 124
, 49
, 2
, 171
, 45
, 128
, 65
, 108
, 62
, 111
, 65
, 108
, 19
, 154
, 81
, 92
, 136
, 37
, 1
, 172
, 139
, 34
, 43
, 130
, 83
, 90
, 65
, 108
, 120
, 53
, 29
, 144
, 30
, 143
, 146
, 27
, 129
, 44
, 46
, 127
, 137
, 36
, 40
, 133
, 32
, 141
, 65
, 108
, 59
, 114
, 57
, 116
, 124
, 49
, 68
, 105
, 17
, 156
, 153
, 20
, 109
, 64
, 103
, 70
, 159
, 14
, 146
, 27
, 16
, 157
, 141
, 32
, 74
, 99
, 65
, 108
, 25
, 148
, 54
, 119
, 147
, 26
, 136
, 37
, 57
, 116
, 123
, 50
, 77
, 96
, 51
, 122
, 63
, 110
, 19
, 154
, 84
, 89
, 105
, 68
, 37
, 136
, 15
, 158
, 12
, 161
, 105
, 68
, 62
, 111
, 163
, 10
, 59
, 114
, 54
, 119
, 74
, 99
, 123
, 50
, 139
, 34
, 56
, 117
, 63
, 110
, 144
, 29
, 117
, 56
, 6
, 167
, 136
, 37
, 71
, 102
, 66
, 107
, 30
, 143
, 91
, 82
, 32
, 141
, 80
, 93
, 71
, 102
, 43
, 130
, 130
, 43
, 31
, 142
, 80
, 93
, 138
, 35
, 100
, 73
, 143
, 30
, 94
, 79
, 82
, 91
, 125
, 48
, 26
, 147
, 26
, 147
, 104
, 69
, 109
, 64
, 56
, 117
, 59
, 114
, 108
, 65
, 165
, 8
, 100
, 73
, 132
, 41
, 55
, 118
, 42
, 131
, 7
, 166
, 84
, 89
, 52
, 121
, 167
, 6
, 93
, 80
, 167
, 6
, 66
, 107
, 145
, 28
, 110
, 63
, 103
, 70
, 19
, 154
, 109
, 64
, 13
, 160
, 122
, 51
, 108
, 65
, 9
, 164
, 67
, 106
, 32
, 141
, 11
, 162
, 65
, 108
, 95
, 78
, 56
, 117
, 5
, 168
, 59
, 114
, 38
, 135
, 6
, 167
, 141
, 32
, 63
, 110
, 83
, 90
, 154
, 19
, 28
, 145
, 163
, 10
, 71
, 102
, 28
, 145
, 77
, 96
, 146
, 27
, 73
, 100
, 11
, 162
, 84
, 89
, 106
, 67
, 156
, 17
, 20
, 153
, 64
, 109
, 109
, 64
, 147
, 26
, 106
, 67
, 27
, 146
, 148
, 25
, 87
, 86
, 164
, 9
, 1
, 172
, 163
, 10
, 41
, 132
, 162
, 11
, 15
, 158
, 8
, 165
, 51
, 122
, 168
, 5
, 40
, 133
, 18
, 155
, 47
, 126
, 122
, 51
, 155
, 18
, 168
, 5
, 146
, 27
, 90
, 83
, 123
, 50
, 147
, 26
, 68
, 105
, 95
, 78
, 111
, 62
, 48
, 125
, 3
, 170
, 13
, 160
, 64
, 109
, 6
, 167
, 56
, 117
, 116
, 57
, 8
, 165
, 108
, 65
, 138
, 35
, 88
, 85
, 22
, 151
, 37
, 136
, 121
, 52
, 117
, 56
, 21
, 152
, 167
, 6
, 97
, 76
, 117
, 56
, 52
, 121
, 90
, 83
, 101
, 72
, 26
, 147
, 89
, 84
, 157
, 16
, 131
, 42
, 62
, 111
, 101
, 72
, 54
, 119
, 28
, 145
, 72
, 101
, 105
, 68
, 59
, 114
, 147
, 26
, 9
, 164
, 27
, 146
, 97
, 76
, 117
, 56
, 62
, 111
, 77
, 96
, 93
, 80
, 85
, 88
, 145
, 28
, 88
, 85
, 143
, 30
, 142
, 31
, 68
, 105
, 170
, 3
, 87
, 86
, 122
, 51
, 81
, 92
, 121
, 52
, 15
, 158
, 96
, 77
, 21
, 152
, 145
, 28
, 47
, 126
, 167
, 6
, 129
, 44
, 49
, 124
, 83
, 90
, 102
, 71
, 149
, 24
, 78
, 95
, 118
, 55
, 16
, 157
, 134
, 39
, 79
, 94
, 122
, 51
, 35
, 138
, 92
, 81
, 102
, 71
, 57
, 116
, 134
, 39
, 159
, 14
, 75
, 98
, 90
, 83
, 140
, 33
, 121
, 52
, 26
, 147
, 124
, 49
, 134
, 39
, 158
, 15
, 50
, 123
, 4
, 169
, 84
, 89
, 147
, 26
, 116
, 57
, 89
, 84
, 9
, 164
, 128
, 45
, 82
, 91
, 120
, 53
, 140
, 33
, 170
, 3
, 37
, 136
, 49
, 124
, 148
, 25
, 70
, 103
, 65
, 108
, 130
, 43
, 139
, 34
, 130
, 43
, 163
, 10
, 104
, 69
, 140
, 33
, 148
, 25
, 106
, 67
, 153
, 20
, 46
, 127
, 113
, 60
, 146
, 27
, 125
, 48
, 79
, 94
, 34
, 139
, 171
, 2
, 129
, 44
, 27
, 146
, 137
, 36
, 95
, 78
, 29
, 144
, 115
, 58
, 94
, 79
, 79
, 94
, 102
, 71
, 35
, 138
, 58
, 115
, 44
, 129
, 148
, 25
, 37
, 136
, 69
, 104
, 160
, 13
, 84
, 89
, 77
, 96
, 51
, 122
, 46
, 127
, 71
, 102
, 1
, 172
, 34
, 139
, 102
, 71
, 83
, 90
, 8
, 165
, 110
, 63
, 120
, 53
, 53
, 120
, 16
, 157
, 49
, 124
, 5
, 168
, 47
, 126
, 46
, 127
, 150
, 23
, 118
, 55
, 138
, 35
, 48
, 125
, 123
, 50
, 124
, 49
, 166
, 7
, 103
, 70
, 93
, 80
, 79
, 94
, 128
, 45
, 46
, 127
, 81
, 92
, 71
, 102
, 147
, 26
, 119
, 54
, 93
, 80
, 153
, 20
, 57
, 116
, 56
, 117
, 135
, 38
, 105
, 68
, 92
, 81
, 74
, 99
, 162
, 11
, 92
, 81
, 17
, 156
, 125
, 48
, 121
, 52
, 20
, 153
, 167
, 6
, 79
, 94
, 39
, 134
, 6
, 167
, 42
, 131
, 68
, 105
, 151
, 22
, 52
, 121
, 22
, 151
, 113
, 60
, 21
, 152
, 11
, 162
, 55
, 118
, 101
, 72
, 16
, 157
, 123
, 50
, 97
, 76
, 39
, 134
, 164
, 9
, 56
, 117
, 80
, 93
, 157
, 16
, 119
, 54
, 158
, 15
, 21
, 152
, 136
, 37
, 171
, 2
, 128
, 45
, 108
, 65
, 147
, 26
, 57
, 116
, 32
, 141
, 107
, 66
, 44
, 129
, 162
, 11
, 146
, 27
, 37
, 136
, 100
, 73
, 129
, 44
, 138
, 35
, 8
, 165
, 122
, 51
, 159
, 14
, 87
, 86
, 146
, 27
, 54
, 119
, 75
, 98
, 163
, 10
, 99
, 74
, 35
, 138
, 83
, 90
, 88
, 85
, 166
, 7
, 53
, 120
, 139
, 34
, 140
, 33
, 69
, 104
, 92
, 81
, 155
, 18
, 49
, 124
, 151
, 22
, 105
, 68
, 105
, 68
, 24
, 149
, 127
, 46
, 122
, 51
, 8
, 165
, 9
, 164
, 23
, 150
, 62
, 111
, 114
, 59
, 145
, 28
, 22
, 151
, 26
, 147
, 142
, 31
, 40
, 133
, 75
, 98
, 15
, 158
, 74
, 99
, 158
, 15
, 133
, 40
, 105
, 68
, 138
, 35
, 86
, 87
, 14
, 159
, 110
, 63
, 101
, 72
, 70
, 103
, 48
, 125
, 135
, 38
, 166
, 7
, 119
, 54
, 144
, 29
, 29
, 144
, 132
, 41
, 71
, 102
, 6
, 167
, 14
, 159
, 161
, 12
, 27
, 146
, 57
, 116
, 136
, 37
, 97
, 76
, 58
, 115
, 164
, 9
, 119
, 54
, 65
, 108
, 158
, 15
, 102
, 71
, 42
, 131
, 24
, 149
, 115
, 58
, 8
, 165
, 99
, 74
, 94
, 79
, 76
, 97
, 66
, 107
, 121
, 52
, 86
, 87
, 13
, 160
, 18
, 155
, 30
, 143
, 26
, 147
, 152
, 21
, 45
, 128
, 139
, 34
, 95
, 78
, 132
, 41
, 43
, 130
, 95
, 78
, 147
, 26
, 11
, 162
, 78
, 95
, 11
, 162
, 122
, 51
, 101
, 72
, 66
, 107
, 149
, 24
, 142
, 31
, 102
, 71
, 32
, 141
, 22
, 151
, 140
, 33
, 156
, 17
, 135
, 38
, 161
, 12
, 144
, 29
, 96
, 77
, 155
, 18
, 57
, 116
, 18
, 155
, 121
, 52
, 159
, 14
, 20
, 153
, 59
, 114
, 122
, 51
, 39
, 134
, 152
, 21
, 28
, 145
, 69
, 104
, 106
, 67
, 118
, 55
, 15
, 158
, 120
, 53
, 11
, 162
, 114
, 59
, 113
, 60
, 14
, 159
, 107
, 66
, 89
, 84
, 169
, 4
, 10
, 163
, 120
, 53
, 164
, 9
, 160
, 13
, 32
, 141
, 105
, 68
, 8
, 165
, 101
, 72
, 82
, 91
, 32
, 141
, 143
, 30
, 141
, 32
, 59
, 114
, 162
, 11
, 51
, 122
, 1
, 172
, 140
, 33
, 31
, 142
, 70
, 103
, 110
, 63
, 79
, 94
, 109
, 64
, 153
, 20
, 106
, 67
, 100
, 73
, 93
, 80
, 60
, 113
, 124
, 49
, 127
, 46
, 88
, 85
, 137
, 36
, 56
, 117
, 68
, 105
, 117
, 56
, 55
, 118
, 133
, 40
, 54
, 119
, 154
, 19
, 132
, 41
, 106
, 67
, 141
, 32
, 57
, 116
, 61
, 112
, 160
, 13
, 37
, 136
, 35
, 138
, 35
, 138
, 60
, 113
, 7
, 166
, 107
, 66
, 4
, 169
, 17
, 156
, 36
, 137
, 88
, 85
, 26
, 147
, 15
, 158
, 67
, 106
, 84
, 89
, 1
, 172
, 119
, 54
, 145
, 28
, 100
, 73
, 64
, 109
, 69
, 104
, 150
, 23
, 37
, 136
, 27
, 146
, 44
, 129
, 75
, 98
, 6
, 167
, 80
, 93
, 71
, 102
, 109
, 64
, 106
, 67
, 163
, 10
, 17
, 156
, 17
, 156
, 135
, 38
, 164
, 9
, 145
, 28
, 100
, 73
, 95
, 78
, 47
, 126
, 56
, 117
, 76
, 97
, 18
, 155
, 69
, 104
, 46
, 127
, 132
, 41
, 37
, 136
, 23
, 150
, 94
, 79
, 171
, 2
, 91
, 82
, 50
, 123
, 3
, 170
, 1
, 172
, 138
, 35
, 132
, 41
, 138
, 35
, 45
, 128
, 86
, 87
, 10
, 163
, 56
, 117
, 45
, 128
, 153
, 20
, 117
, 56
, 132
, 41
, 12
, 161
, 169
, 4
, 13
, 160
, 48
, 125
, 144
, 29
, 144
, 29
, 119
, 54
, 55
, 118
, 29
, 144
, 74
, 99
, 151
, 22
, 28
, 145
, 42
, 131
, 4
, 169
, 113
, 60
, 147
, 26
, 60
, 113
, 169
, 4
, 99
, 74
, 93
, 80
, 3
, 170
, 136
, 37
, 148
, 25
, 57
, 116
, 27
, 146
, 86
, 87
, 169
, 4
, 63
, 110
, 41
, 132
, 73
, 100
, 14
, 159
, 37
, 136
, 107
, 66
, 20
, 153
, 170
, 3
, 109
, 64
, 21
, 152
, 115
, 58
, 16
, 157
, 149
, 24
, 138
, 35
, 64
, 109
, 125
, 48
, 162
, 11
, 129
, 44
, 122
, 51
, 131
, 42
, 156
, 17
, 49
, 124
, 20
, 153
, 5
, 168
, 75
, 98
, 40
, 133
, 50
, 123
, 137
, 36
, 143
, 30
, 70
, 103
, 49
, 124
, 16
, 157
, 49
, 124
, 41
, 132
, 33
, 140
, 115
, 58
, 123
, 50
, 16
, 157
, 123
, 50
, 91
, 82
, 75
, 98
, 85
, 88
, 62
, 111
, 17
, 156
, 168
, 5
, 14
, 159
, 16
, 157
, 85
, 88
, 61
, 112
, 49
, 124
, 104
, 69
, 78
, 95
, 171
, 2
, 40
, 133
, 168
, 5
, 73
, 100
, 115
, 58
, 69
, 104
, 137
, 36
, 101
, 72
, 170
, 3
, 10
, 163
, 6
, 167
, 117
, 56
, 82
, 91
, 146
, 27
, 50
, 123
, 135
, 38
, 43
, 130
, 113
, 60
, 83
, 90
, 18
, 155
, 129
, 44
, 6
, 167
, 39
, 134
, 120
, 53
, 23
, 150
, 66
, 107
, 116
, 57
, 170
, 3
, 94
, 79
, 77
, 96
, 124
, 49
, 99
, 74
, 146
, 27
, 84
, 89
, 9
, 164
, 61
, 112
, 135
, 38
, 42
, 131
, 157
, 16
, 19
, 154
, 149
, 24
, 42
, 131
, 73
, 100
, 160
, 13
, 169
, 4
, 20
, 153
, 113
, 60
, 1
, 172
, 84
, 89
, 118
, 55
, 115
, 58
, 36
, 137
, 141
, 32
, 164
, 9
, 10
, 163
, 160
, 13
, 131
, 42
, 165
, 8
, 165
, 8
, 95
, 78
, 162
, 11
, 119
, 54
, 171
, 2
, 123
, 50
, 144
, 29
, 11
, 162
, 116
, 57
, 50
, 123
, 160
, 13
, 14
, 159
, 164
, 9
, 9
, 164
, 39
, 134
, 19
, 154
, 45
, 128
, 30
, 143
, 13
, 160
, 9
, 164
, 123
, 50
, 72
, 101
, 5
, 168
, 46
, 127
, 41
, 132
, 89
, 84
, 164
, 9
, 132
, 41
, 53
, 120
, 140
, 33
, 152
, 21
, 102
, 71
, 80
, 93
, 13
, 160
, 102
, 71
, 74
, 99
, 36
, 137
, 125
, 48
, 19
, 154
, 4
, 169
, 117
, 56
, 47
, 126
, 86
, 87
, 48
, 125
, 99
, 74
, 94
, 79
, 81
, 92
, 47
, 126
, 88
, 85
, 47
, 126
, 63
, 110
, 61
, 112
, 6
, 167
, 155
, 18
, 136
, 37
, 82
, 91
, 64
, 109
, 166
, 7
, 10
, 163
, 143
, 30
, 154
, 19
, 136
, 37
, 117
, 56
, 11
, 162
, 104
, 69
, 116
, 57
, 133
, 40
, 138
, 35
, 153
, 20
, 36
, 137
, 89
, 84
, 123
, 50
, 56
, 117
, 98
, 75
, 23
, 150
, 116
, 57
, 26
, 147
, 136
, 37
, 23
, 150
, 80
, 93
, 138
, 35
, 127
, 46
, 40
, 133
, 73
, 100
, 127
, 46
, 112
, 61
, 35
, 138
, 111
, 62
, 86
, 87
, 2
, 171
, 125
, 48
, 76
, 97
, 13
, 160
, 77
, 96
, 66
, 107
, 126
, 47
, 161
, 12
, 94
, 79
, 116
, 57
, 6
, 167
, 84
, 89
, 63
, 110
, 70
, 103
, 50
, 123
, 10
, 163
, 163
, 10
, 17
, 156
, 123
, 50
, 79
, 94
, 67
, 106
, 112
, 61
, 144
, 29
, 104
, 69
, 76
, 97
, 145
, 28
, 90
, 83
, 170
, 3
, 101
, 72
, 150
, 23
, 81
, 92
, 7
, 166
, 155
, 18
, 101
, 72
, 166
, 7
, 118
, 55
, 95
, 78
, 131
, 42
, 48
, 125
, 9
, 164
, 70
, 103
, 170
, 3
, 31
, 142
, 60
, 113
, 34
, 139
, 44
, 129
, 78
, 95
, 133
, 40
, 17
, 156
, 100
, 73
, 104
, 69
, 47
, 126
, 99
, 74
, 162
, 11
, 95
, 78
, 151
, 22
, 165
, 8
, 57
, 116
, 83
, 90
, 32
, 141
, 68
, 105
, 34
, 139
, 37
, 136
, 137
, 36
, 152
, 21
, 59
, 114
, 137
, 36
, 71
, 102
, 166
, 7
, 36
, 137
, 1
, 172
, 80
, 93
, 113
, 60
, 153
, 20
, 128
, 45
, 128
, 45
, 51
, 122
, 40
, 133
, 53
, 120
, 92
, 81
, 158
, 15
, 161
, 12
, 16
, 157
, 135
, 38
, 103
, 70
, 86
, 87
, 43
, 130
, 94
, 79
, 63
, 110
, 113
, 60
, 41
, 132
, 29
, 144
, 39
, 134
, 96
, 77
, 40
, 133
, 90
, 83
, 74
, 99
, 109
, 64
, 123
, 50
, 46
, 127
, 17
, 156
, 79
, 94
, 74
, 99
, 14
, 159
, 42
, 131
, 24
, 149
, 83
, 90
, 2
, 171
, 150
, 23
, 151
, 22
, 122
, 51
, 73
, 100
, 32
, 141
, 69
, 104
, 145
, 28
, 171
, 2
, 108
, 65
, 10
, 163
, 106
, 67
, 118
, 55
, 82
, 91
, 137
, 36
, 88
, 85
, 17
, 156
, 112
, 61
, 17
, 156
, 81
, 92
, 125
, 48
, 119
, 54
, 70
, 103
, 78
, 95
, 124
, 49
, 142
, 31
, 18
, 155
, 83
, 90
, 89
, 84
, 106
, 67
, 80
, 93
, 47
, 126
, 7
, 166
, 2
, 171
, 167
, 6
, 123
, 50
, 157
, 16
, 50
, 123
, 120
, 53
, 19
, 154
, 151
, 22
, 114
, 59
, 31
, 142
, 97
, 76
, 33
, 140
, 11
, 162
, 79
, 94
, 33
, 140
, 112
, 61
, 151
, 22
, 135
, 38
, 133
, 40
, 29
, 144
, 147
, 26
, 72
, 101
, 39
, 134
, 85
, 88
, 42
, 131
, 126
, 47
, 115
, 58
, 10
, 163
, 155
, 18
, 30
, 143
, 96
, 77
, 23
, 150
, 139
, 34
, 121
, 52
, 54
, 119
, 148
, 25
, 23
, 150
, 9
, 164
, 27
, 146
, 32
, 141
, 68
, 105
, 86
, 87
, 135
, 38
, 165
, 8
, 8
, 165
, 78
, 95
, 26
, 147
, 147
, 26
, 54
, 119
, 152
, 21
, 111
, 62
, 120
, 53
, 99
, 74
, 163
, 10
, 111
, 62
, 99
, 74
, 20
, 153
, 56
, 117
, 15
, 158
, 75
, 98
, 21
, 152
, 32
, 141
, 169
, 4
, 111
, 62
, 125
, 48
, 169
, 4
, 48
, 125
, 104
, 69
, 146
, 27
, 140
, 33
, 53
, 120
, 68
, 105
, 19
, 154
, 95
, 78
, 79
, 94
, 98
, 75
, 73
, 100
, 83
, 90
, 106
, 67
, 128
, 45
, 120
, 53
, 134
, 39
, 144
, 29
, 44
, 129
, 5
, 168
, 121
, 52
, 112
, 61
, 143
, 30
, 105
, 68
, 125
, 48
, 107
, 66
, 83
, 90
, 75
, 98
, 12
, 161
, 163
, 10
, 86
, 87
, 37
, 136
, 94
, 79
, 132
, 41
, 14
, 159
, 93
, 80
, 162
, 11
, 85
, 88
, 55
, 118
, 3
, 170
, 102
, 71
, 14
, 159
, 136
, 37
, 160
, 13
, 143
, 30
, 109
, 64
, 166
, 7
, 122
, 51
, 25
, 148
, 18
, 155
, 21
, 152
, 56
, 117
, 152
, 21
, 65
, 108
, 28
, 145
, 86
, 87
, 145
, 28
, 139
, 34
, 130
, 43
, 115
, 58
, 54
, 119
, 75
, 98
, 31
, 142
, 121
, 52
, 70
, 103
, 94
, 79
, 12
, 161
, 51
, 122
