
4290
, 10
, 246
, 120
, 136
, 210
, 46
, 223
, 33
, 114
, 142
, 166
, 90
, 149
, 107
, 29
, 227
, 61
, 195
, 162
, 94
, 97
, 159
, 37
, 219
, 30
, 226
, 224
, 32
, 102
, 154
, 79
, 177
, 166
, 90
, 251
, 5
, 91
, 165
, 88
, 168
, 145
, 111
, 104
, 152
, 14
, 242
, 237
, 19
, 86
, 170
, 248
, 8
, 198
, 58
, 205
, 51
, 216
, 40
, 39
, 217
, 132
, 124
, 44
, 212
, 163
, 93
, 176
, 80
, 253
, 3
, 223
, 33
, 253
, 3
, 219
, 37
, 197
, 59
, 120
, 136
, 24
, 232
, 240
, 16
, 65
, 191
, 212
, 44
, 66
, 190
, 232
, 24
, 247
, 9
, 154
, 102
, 3
, 253
, 38
, 218
, 14
, 242
, 32
, 224
, 241
, 15
, 128
, 128
, 150
, 106
, 234
, 22
, 214
, 42
, 101
, 155
, 15
, 241
, 72
, 184
, 221
, 35
, 129
, 127
, 179
, 77
, 66
, 190
, 130
, 126
, 143
, 113
, 249
, 7
, 11
, 245
, 251
, 5
, 11
, 245
, 34
, 222
, 97
, 159
, 117
, 139
, 168
, 88
, 66
, 190
, 128
, 128
, 95
, 161
, 4
, 252
, 236
, 20
, 254
, 2
, 46
, 210
, 198
, 58
, 249
, 7
, 45
, 211
, 201
, 55
, 135
, 121
, 139
, 117
, 23
, 233
, 15
, 241
, 63
, 193
, 33
, 223
, 1
, 255
, 246
, 10
, 96
, 160
, 25
, 231
, 140
, 116
, 184
, 72
, 25
, 231
, 111
, 145
, 231
, 25
, 5
, 251
, 45
, 211
, 104
, 152
, 19
, 237
, 165
, 91
, 115
, 141
, 158
, 98
, 5
, 251
, 132
, 124
, 43
, 213
, 145
, 111
, 171
, 85
, 115
, 141
, 35
, 221
, 197
, 59
, 63
, 193
, 212
, 44
, 135
, 121
, 29
, 227
, 196
, 60
, 89
, 167
, 171
, 85
, 1
, 255
, 107
, 149
, 112
, 144
, 158
, 98
, 168
, 88
, 223
, 33
, 242
, 14
, 125
, 131
, 182
, 74
, 122
, 134
, 192
, 64
, 8
, 248
, 178
, 78
, 228
, 28
, 40
, 216
, 140
, 116
, 56
, 200
, 141
, 115
, 127
, 129
, 126
, 130
, 22
, 234
, 64
, 192
, 192
, 64
, 248
, 8
, 245
, 11
, 125
, 131
, 215
, 41
, 69
, 187
, 26
, 230
, 171
, 85
, 243
, 13
, 101
, 155
, 92
, 164
, 163
, 93
, 219
, 37
, 220
, 36
, 116
, 140
, 38
, 218
, 80
, 176
, 163
, 93
, 136
, 120
, 18
, 238
, 168
, 88
, 139
, 117
, 197
, 59
, 207
, 49
, 160
, 96
, 149
, 107
, 19
, 237
, 129
, 127
, 225
, 31
, 223
, 33
, 239
, 17
, 72
, 184
, 8
, 248
, 209
, 47
, 120
, 136
, 10
, 246
, 22
, 234
, 41
, 215
, 76
, 180
, 229
, 27
, 60
, 196
, 51
, 205
, 20
, 236
, 133
, 123
, 55
, 201
, 14
, 242
, 194
, 62
, 122
, 134
, 229
, 27
, 144
, 112
, 73
, 183
, 148
, 108
, 192
, 64
, 2
, 254
, 227
, 29
, 120
, 136
, 107
, 149
, 62
, 194
, 253
, 3
, 121
, 135
, 119
, 137
, 84
, 172
, 98
, 158
, 180
, 76
, 178
, 78
, 250
, 6
, 15
, 241
, 144
, 112
, 109
, 147
, 125
, 131
, 1
, 255
, 186
, 70
, 198
, 58
, 163
, 93
, 172
, 84
, 97
, 159
, 170
, 86
, 58
, 198
, 147
, 109
, 91
, 165
, 208
, 48
, 58
, 198
, 83
, 173
, 50
, 206
, 44
, 212
, 127
, 129
, 99
, 157
, 40
, 216
, 196
, 60
, 155
, 101
, 106
, 150
, 21
, 235
, 53
, 203
, 42
, 214
, 200
, 56
, 1
, 255
, 164
, 92
, 199
, 57
, 105
, 151
, 66
, 190
, 118
, 138
, 195
, 61
, 241
, 15
, 175
, 81
, 115
, 141
, 168
, 88
, 169
, 87
, 206
, 50
, 250
, 6
, 152
, 104
, 243
, 13
, 10
, 246
, 126
, 130
, 54
, 202
, 149
, 107
, 159
, 97
, 67
, 189
, 221
, 35
, 65
, 191
, 7
, 249
, 133
, 123
, 215
, 41
, 94
, 162
, 212
, 44
, 224
, 32
, 16
, 240
, 119
, 137
, 254
, 2
, 185
, 71
, 238
, 18
, 59
, 197
, 171
, 85
, 159
, 97
, 176
, 80
, 126
, 130
, 55
, 201
, 108
, 148
, 22
, 234
, 65
, 191
, 37
, 219
, 202
, 54
, 139
, 117
, 8
, 248
, 77
, 179
, 59
, 197
, 181
, 75
, 146
, 110
, 123
, 133
, 28
, 228
, 146
, 110
, 11
, 245
, 227
, 29
, 132
, 124
, 209
, 47
, 105
, 151
, 131
, 125
, 216
, 40
, 149
, 107
, 182
, 74
, 175
, 81
, 151
, 105
, 217
, 39
, 241
, 15
, 252
, 4
, 150
, 106
, 40
, 216
, 224
, 32
, 144
, 112
, 70
, 186
, 251
, 5
, 166
, 90
, 154
, 102
, 234
, 22
, 66
, 190
, 148
, 108
, 106
, 150
, 78
, 178
, 137
, 119
, 214
, 42
, 120
, 136
, 82
, 174
, 4
, 252
, 52
, 204
, 154
, 102
, 70
, 186
, 3
, 253
, 40
, 216
, 19
, 237
, 29
, 227
, 73
, 183
, 59
, 197
, 104
, 152
, 204
, 52
, 181
, 75
, 47
, 209
, 68
, 188
, 45
, 211
, 254
, 2
, 96
, 160
, 24
, 232
, 97
, 159
, 122
, 134
, 234
, 22
, 132
, 124
, 173
, 83
, 171
, 85
, 254
, 2
, 212
, 44
, 211
, 45
, 171
, 85
, 94
, 162
, 145
, 111
, 122
, 134
, 204
, 52
, 134
, 122
, 30
, 226
, 37
, 219
, 82
, 174
, 55
, 201
, 27
, 229
, 248
, 8
, 85
, 171
, 179
, 77
, 37
, 219
, 210
, 46
, 101
, 155
, 145
, 111
, 41
, 215
, 18
, 238
, 227
, 29
, 73
, 183
, 198
, 58
, 41
, 215
, 177
, 79
, 37
, 219
, 7
, 249
, 8
, 248
, 55
, 201
, 93
, 163
, 183
, 73
, 211
, 45
, 170
, 86
, 60
, 196
, 211
, 45
, 140
, 116
, 2
, 254
, 52
, 204
, 58
, 198
, 168
, 88
, 52
, 204
, 86
, 170
, 100
, 156
, 236
, 20
, 21
, 235
, 210
, 46
, 194
, 62
, 173
, 83
, 150
, 106
, 18
, 238
, 152
, 104
, 251
, 5
, 185
, 71
, 95
, 161
, 31
, 225
, 28
, 228
, 47
, 209
, 64
, 192
, 171
, 85
, 233
, 23
, 168
, 88
, 66
, 190
, 163
, 93
, 64
, 192
, 26
, 230
, 17
, 239
, 114
, 142
, 225
, 31
, 150
, 106
, 115
, 141
, 76
, 180
, 86
, 170
, 93
, 163
, 82
, 174
, 224
, 32
, 169
, 87
, 4
, 252
, 179
, 77
, 31
, 225
, 112
, 144
, 117
, 139
, 137
, 119
, 217
, 39
, 233
, 23
, 110
, 146
, 2
, 254
, 120
, 136
, 134
, 122
, 86
, 170
, 19
, 237
, 207
, 49
, 16
, 240
, 72
, 184
, 160
, 96
, 58
, 198
, 192
, 64
, 16
, 240
, 203
, 53
, 97
, 159
, 164
, 92
, 98
, 158
, 53
, 203
, 86
, 170
, 42
, 214
, 10
, 246
, 192
, 64
, 85
, 171
, 139
, 117
, 27
, 229
, 179
, 77
, 41
, 215
, 242
, 14
, 94
, 162
, 218
, 38
, 196
, 60
, 146
, 110
, 5
, 251
, 223
, 33
, 162
, 94
, 140
, 116
, 115
, 141
, 68
, 188
, 224
, 32
, 78
, 178
, 108
, 148
, 71
, 185
, 97
, 159
, 109
, 147
, 151
, 105
, 237
, 19
, 154
, 102
, 26
, 230
, 225
, 31
, 77
, 179
, 202
, 54
, 73
, 183
, 180
, 76
, 135
, 121
, 178
, 78
, 49
, 207
, 66
, 190
, 24
, 232
, 30
, 226
, 137
, 119
, 224
, 32
, 12
, 244
, 40
, 216
, 142
, 114
, 11
, 245
, 53
, 203
, 186
, 70
, 187
, 69
, 220
, 36
, 3
, 253
, 58
, 198
, 114
, 142
, 118
, 138
, 93
, 163
, 204
, 52
, 174
, 82
, 129
, 127
, 92
, 164
, 178
, 78
, 91
, 165
, 4
, 252
, 154
, 102
, 222
, 34
, 13
, 243
, 240
, 16
, 124
, 132
, 200
, 56
, 49
, 207
, 99
, 157
, 58
, 198
, 250
, 6
, 26
, 230
, 94
, 162
, 224
, 32
, 127
, 129
, 44
, 212
, 42
, 214
, 155
, 101
, 61
, 195
, 28
, 228
, 72
, 184
, 203
, 53
, 104
, 152
, 125
, 131
, 95
, 161
, 76
, 180
, 187
, 69
, 186
, 70
, 89
, 167
, 188
, 68
, 191
, 65
, 83
, 173
, 13
, 243
, 187
, 69
, 40
, 216
, 48
, 208
, 119
, 137
, 176
, 80
, 113
, 143
, 210
, 46
, 238
, 18
, 206
, 50
, 178
, 78
, 127
, 129
, 175
, 81
, 84
, 172
, 243
, 13
, 151
, 105
, 48
, 208
, 223
, 33
, 192
, 64
, 127
, 129
, 183
, 73
, 119
, 137
, 37
, 219
, 138
, 118
, 95
, 161
, 119
, 137
, 160
, 96
, 248
, 8
, 223
, 33
, 86
, 170
, 213
, 43
, 69
, 187
, 152
, 104
, 250
, 6
, 176
, 80
, 181
, 75
, 116
, 140
, 246
, 10
, 209
, 47
, 221
, 35
, 74
, 182
, 193
, 63
, 204
, 52
, 200
, 56
, 107
, 149
, 193
, 63
, 19
, 237
, 100
, 156
, 177
, 79
, 205
, 51
, 97
, 159
, 18
, 238
, 254
, 2
, 235
, 21
, 36
, 220
, 229
, 27
, 97
, 159
, 227
, 29
, 149
, 107
, 188
, 68
, 185
, 71
, 225
, 31
, 241
, 15
, 181
, 75
, 228
, 28
, 154
, 102
, 201
, 55
, 168
, 88
, 86
, 170
, 198
, 58
, 32
, 224
, 220
, 36
, 122
, 134
, 43
, 213
, 196
, 60
, 43
, 213
, 156
, 100
, 123
, 133
, 120
, 136
, 157
, 99
, 120
, 136
, 194
, 62
, 154
, 102
, 108
, 148
, 171
, 85
, 220
, 36
, 203
, 53
, 143
, 113
, 129
, 127
, 111
, 145
, 56
, 200
, 116
, 140
, 55
, 201
, 168
, 88
, 40
, 216
, 115
, 141
, 30
, 226
, 78
, 178
, 253
, 3
, 129
, 127
, 144
, 112
, 224
, 32
, 176
, 80
, 190
, 66
, 205
, 51
, 215
, 41
, 60
, 196
, 145
, 111
, 26
, 230
, 105
, 151
, 20
, 236
, 163
, 93
, 138
, 118
, 210
, 46
, 194
, 62
, 183
, 73
, 221
, 35
, 98
, 158
, 135
, 121
, 96
, 160
, 50
, 206
, 109
, 147
, 160
, 96
, 191
, 65
, 215
, 41
, 95
, 161
, 198
, 58
, 5
, 251
, 237
, 19
, 33
, 223
, 176
, 80
, 66
, 190
, 83
, 173
, 32
, 224
, 59
, 197
, 90
, 166
, 249
, 7
, 170
, 86
, 32
, 224
, 174
, 82
, 151
, 105
, 238
, 18
, 92
, 164
, 33
, 223
, 226
, 30
, 215
, 41
, 62
, 194
, 81
, 175
, 161
, 95
, 120
, 136
, 227
, 29
, 173
, 83
, 220
, 36
, 75
, 181
, 35
, 221
, 122
, 134
, 96
, 160
, 4
, 252
, 215
, 41
, 59
, 197
, 242
, 14
, 14
, 242
, 122
, 134
, 84
, 172
, 232
, 24
, 56
, 200
, 108
, 148
, 105
, 151
, 138
, 118
, 22
, 234
, 79
, 177
, 183
, 73
, 114
, 142
, 32
, 224
, 177
, 79
, 108
, 148
, 196
, 60
, 191
, 65
, 236
, 20
, 167
, 89
, 93
, 163
, 4
, 252
, 29
, 227
, 16
, 240
, 163
, 93
, 167
, 89
, 170
, 86
, 88
, 168
, 23
, 233
, 25
, 231
, 222
, 34
, 16
, 240
, 7
, 249
, 78
, 178
, 128
, 128
, 228
, 28
, 107
, 149
, 52
, 204
, 180
, 76
, 78
, 178
, 171
, 85
, 209
, 47
, 39
, 217
, 113
, 143
, 86
, 170
, 5
, 251
, 173
, 83
, 192
, 64
, 195
, 61
, 9
, 247
, 47
, 209
, 39
, 217
, 251
, 5
, 161
, 95
, 77
, 179
, 50
, 206
, 29
, 227
, 228
, 28
, 72
, 184
, 89
, 167
, 141
, 115
, 161
, 95
, 120
, 136
, 223
, 33
, 205
, 51
, 249
, 7
, 86
, 170
, 152
, 104
, 80
, 176
, 147
, 109
, 32
, 224
, 25
, 231
, 4
, 252
, 71
, 185
, 239
, 17
, 44
, 212
, 105
, 151
, 232
, 24
, 208
, 48
, 16
, 240
, 85
, 171
, 178
, 78
, 227
, 29
, 109
, 147
, 15
, 241
, 206
, 50
, 45
, 211
, 89
, 167
, 81
, 175
, 46
, 210
, 64
, 192
, 65
, 191
, 195
, 61
, 186
, 70
, 143
, 113
, 28
, 228
, 202
, 54
, 231
, 25
, 21
, 235
, 180
, 76
, 230
, 26
, 14
, 242
, 101
, 155
, 74
, 182
, 88
, 168
, 3
, 253
, 127
, 129
, 89
, 167
, 58
, 198
, 12
, 244
, 239
, 17
, 41
, 215
, 24
, 232
, 101
, 155
, 205
, 51
, 15
, 241
, 5
, 251
, 141
, 115
, 37
, 219
, 225
, 31
, 179
, 77
, 216
, 40
, 158
, 98
, 11
, 245
, 44
, 212
, 56
, 200
, 101
, 155
, 209
, 47
, 22
, 234
, 114
, 142
, 210
, 46
, 204
, 52
, 65
, 191
, 240
, 16
, 141
, 115
, 215
, 41
, 56
, 200
, 216
, 40
, 176
, 80
, 14
, 242
, 152
, 104
, 59
, 197
, 106
, 150
, 50
, 206
, 51
, 205
, 175
, 81
, 180
, 76
, 232
, 24
, 88
, 168
, 70
, 186
, 197
, 59
, 156
, 100
, 18
, 238
, 196
, 60
, 97
, 159
, 93
, 163
, 235
, 21
, 179
, 77
, 140
, 116
, 58
, 198
, 66
, 190
, 175
, 81
, 144
, 112
, 232
, 24
, 62
, 194
, 199
, 57
, 202
, 54
, 174
, 82
, 253
, 3
, 75
, 181
, 20
, 236
, 129
, 127
, 227
, 29
, 225
, 31
, 197
, 59
, 214
, 42
, 189
, 67
, 32
, 224
, 217
, 39
, 36
, 220
, 240
, 16
, 172
, 84
, 229
, 27
, 175
, 81
, 216
, 40
, 45
, 211
, 180
, 76
, 161
, 95
, 102
, 154
, 67
, 189
, 146
, 110
, 225
, 31
, 180
, 76
, 201
, 55
, 18
, 238
, 171
, 85
, 136
, 120
, 216
, 40
, 120
, 136
, 47
, 209
, 65
, 191
, 76
, 180
, 136
, 120
, 54
, 202
, 231
, 25
, 56
, 200
, 167
, 89
, 162
, 94
, 112
, 144
, 87
, 169
, 140
, 116
, 158
, 98
, 237
, 19
, 98
, 158
, 79
, 177
, 64
, 192
, 152
, 104
, 77
, 179
, 110
, 146
, 153
, 103
, 210
, 46
, 134
, 122
, 69
, 187
, 79
, 177
, 185
, 71
, 137
, 119
, 100
, 156
, 148
, 108
, 123
, 133
, 235
, 21
, 130
, 126
, 93
, 163
, 86
, 170
, 163
, 93
, 198
, 58
, 74
, 182
, 239
, 17
, 95
, 161
, 185
, 71
, 199
, 57
, 2
, 254
, 145
, 111
, 158
, 98
, 232
, 24
, 98
, 158
, 71
, 185
, 48
, 208
, 208
, 48
, 249
, 7
, 30
, 226
, 70
, 186
, 75
, 181
, 179
, 77
, 82
, 174
, 251
, 5
, 219
, 37
, 208
, 48
, 246
, 10
, 106
, 150
, 78
, 178
, 82
, 174
, 147
, 109
, 170
, 86
, 64
, 192
, 51
, 205
, 38
, 218
, 213
, 43
, 253
, 3
, 125
, 131
, 10
, 246
, 112
, 144
, 171
, 85
, 192
, 64
, 102
, 154
, 173
, 83
, 202
, 54
, 151
, 105
, 169
, 87
, 153
, 103
, 14
, 242
, 115
, 141
, 60
, 196
, 23
, 233
, 96
, 160
, 120
, 136
, 119
, 137
, 175
, 81
, 143
, 113
, 124
, 132
, 128
, 128
, 106
, 150
, 8
, 248
, 155
, 101
, 37
, 219
, 222
, 34
, 8
, 248
, 141
, 115
, 5
, 251
, 130
, 126
, 68
, 188
, 84
, 172
, 198
, 58
, 181
, 75
, 178
, 78
, 116
, 140
, 39
, 217
, 137
, 119
, 96
, 160
, 165
, 91
, 168
, 88
, 98
, 158
, 110
, 146
, 198
, 58
, 180
, 76
, 151
, 105
, 87
, 169
, 130
, 126
, 36
, 220
, 88
, 168
, 230
, 26
, 67
, 189
, 29
, 227
, 137
, 119
, 6
, 250
, 12
, 244
, 170
, 86
, 98
, 158
, 140
, 116
, 122
, 134
, 231
, 25
, 26
, 230
, 141
, 115
, 228
, 28
, 160
, 96
, 213
, 43
, 172
, 84
, 209
, 47
, 6
, 250
, 215
, 41
, 172
, 84
, 186
, 70
, 94
, 162
, 167
, 89
, 215
, 41
, 190
, 66
, 116
, 140
, 159
, 97
, 162
, 94
, 124
, 132
, 78
, 178
, 231
, 25
, 78
, 178
, 3
, 253
, 112
, 144
, 232
, 24
, 76
, 180
, 218
, 38
, 44
, 212
, 90
, 166
, 180
, 76
, 97
, 159
, 156
, 100
, 30
, 226
, 67
, 189
, 40
, 216
, 26
, 230
, 177
, 79
, 27
, 229
, 186
, 70
, 197
, 59
, 18
, 238
, 9
, 247
, 81
, 175
, 160
, 96
, 169
, 87
, 215
, 41
, 166
, 90
, 117
, 139
, 139
, 117
, 33
, 223
, 77
, 179
, 236
, 20
, 229
, 27
, 49
, 207
, 205
, 51
, 23
, 233
, 204
, 52
, 177
, 79
, 45
, 211
, 125
, 131
, 232
, 24
, 215
, 41
, 23
, 233
, 225
, 31
, 211
, 45
, 5
, 251
, 151
, 105
, 138
, 118
, 138
, 118
, 76
, 180
, 149
, 107
, 204
, 52
, 45
, 211
, 176
, 80
, 254
, 2
, 254
, 2
, 156
, 100
, 74
, 182
, 111
, 145
, 146
, 110
, 82
, 174
, 25
, 231
, 5
, 251
, 87
, 169
, 4
, 252
, 202
, 54
, 35
, 221
, 162
, 94
, 241
, 15
, 240
, 16
, 227
, 29
, 244
, 12
, 210
, 46
, 58
, 198
, 43
, 213
, 37
, 219
, 200
, 56
, 53
, 203
, 244
, 12
, 209
, 47
, 228
, 28
, 126
, 130
, 22
, 234
, 214
, 42
, 72
, 184
, 104
, 152
, 46
, 210
, 192
, 64
, 110
, 146
, 145
, 111
, 112
, 144
, 230
, 26
, 191
, 65
, 130
, 126
, 25
, 231
, 22
, 234
, 146
, 110
, 170
, 86
, 74
, 182
, 14
, 242
, 100
, 156
, 236
, 20
, 139
, 117
, 66
, 190
, 159
, 97
, 239
, 17
, 19
, 237
, 121
, 135
, 206
, 50
, 218
, 38
, 216
, 40
, 208
, 48
, 205
, 51
, 58
, 198
, 187
, 69
, 31
, 225
, 187
, 69
, 14
, 242
, 234
, 22
, 6
, 250
, 79
, 177
, 141
, 115
, 2
, 254
, 136
, 120
, 41
, 215
, 58
, 198
, 8
, 248
, 17
, 239
, 106
, 150
, 174
, 82
, 42
, 214
, 205
, 51
, 30
, 226
, 154
, 102
, 161
, 95
, 213
, 43
, 209
, 47
, 153
, 103
, 107
, 149
, 34
, 222
, 39
, 217
, 202
, 54
, 117
, 139
, 77
, 179
, 42
, 214
, 67
, 189
, 114
, 142
, 234
, 22
, 52
, 204
, 10
, 246
, 11
, 245
, 125
, 131
, 188
, 68
, 115
, 141
, 226
, 30
, 189
, 67
, 19
, 237
, 109
, 147
, 149
, 107
, 98
, 158
, 186
, 70
, 100
, 156
, 72
, 184
, 17
, 239
, 76
, 180
, 91
, 165
, 253
, 3
, 101
, 155
, 101
, 155
, 207
, 49
, 30
, 226
, 249
, 7
, 188
, 68
, 44
, 212
, 168
, 88
, 141
, 115
, 31
, 225
, 144
, 112
, 83
, 173
, 3
, 253
, 83
, 173
, 172
, 84
, 252
, 4
, 187
, 69
, 157
, 99
, 148
, 108
, 95
, 161
, 144
, 112
, 195
, 61
, 44
, 212
, 208
, 48
, 218
, 38
, 34
, 222
, 39
, 217
, 166
, 90
, 5
, 251
, 124
, 132
, 24
, 232
, 97
, 159
, 180
, 76
, 47
, 209
, 103
, 153
, 219
, 37
, 168
, 88
, 83
, 173
, 152
, 104
, 3
, 253
, 248
, 8
, 124
, 132
, 49
, 207
, 42
, 214
, 9
, 247
, 60
, 196
, 231
, 25
, 50
, 206
, 62
, 194
, 186
, 70
, 131
, 125
, 216
, 40
, 171
, 85
, 113
, 143
, 191
, 65
, 195
, 61
, 214
, 42
, 44
, 212
, 37
, 219
, 10
, 246
, 66
, 190
, 182
, 74
, 36
, 220
, 232
, 24
, 194
, 62
, 149
, 107
, 117
, 139
, 192
, 64
, 215
, 41
, 115
, 141
, 192
, 64
, 77
, 179
, 185
, 71
, 139
, 117
, 37
, 219
, 104
, 152
, 188
, 68
, 39
, 217
, 42
, 214
, 135
, 121
, 27
, 229
, 225
, 31
, 4
, 252
, 108
, 148
, 164
, 92
, 38
, 218
, 212
, 44
, 34
, 222
, 219
, 37
, 39
, 217
, 245
, 11
, 243
, 13
, 249
, 7
, 201
, 55
, 63
, 193
, 202
, 54
, 19
, 237
, 181
, 75
, 91
, 165
, 100
, 156
, 197
, 59
, 173
, 83
, 156
, 100
, 98
, 158
, 249
, 7
, 148
, 108
, 209
, 47
, 206
, 50
, 75
, 181
, 245
, 11
, 114
, 142
, 105
, 151
, 146
, 110
, 6
, 250
, 161
, 95
, 81
, 175
, 221
, 35
, 62
, 194
, 4
, 252
, 33
, 223
, 108
, 148
, 163
, 93
, 80
, 176
, 250
, 6
, 162
, 94
, 249
, 7
, 6
, 250
, 241
, 15
, 19
, 237
, 74
, 182
, 108
, 148
, 120
, 136
, 254
, 2
, 71
, 185
, 215
, 41
, 224
, 32
, 141
, 115
, 122
, 134
, 60
, 196
, 244
, 12
, 254
, 2
, 12
, 244
, 191
, 65
, 182
, 74
, 95
, 161
, 195
, 61
, 119
, 137
, 33
, 223
, 201
, 55
, 118
, 138
, 133
, 123
, 174
, 82
, 206
, 50
, 46
, 210
, 173
, 83
, 83
, 173
, 118
, 138
, 175
, 81
, 185
, 71
, 172
, 84
, 45
, 211
, 178
, 78
, 64
, 192
, 83
, 173
, 150
, 106
, 76
, 180
, 169
, 87
, 183
, 73
, 32
, 224
, 41
, 215
, 75
, 181
, 148
, 108
, 30
, 226
, 77
, 179
, 230
, 26
, 10
, 246
, 60
, 196
, 47
, 209
, 242
, 14
, 242
, 14
, 135
, 121
, 80
, 176
, 105
, 151
, 222
, 34
, 122
, 134
, 62
, 194
, 68
, 188
, 86
, 170
, 16
, 240
, 84
, 172
, 191
, 65
, 37
, 219
, 187
, 69
, 165
, 91
, 110
, 146
, 44
, 212
, 24
, 232
, 85
, 171
, 84
, 172
, 86
, 170
, 30
, 226
, 73
, 183
, 81
, 175
, 72
, 184
, 48
, 208
, 66
, 190
, 190
, 66
, 190
, 66
, 125
, 131
, 3
, 253
, 78
, 178
, 112
, 144
, 106
, 150
, 229
, 27
, 165
, 91
, 189
, 67
, 49
, 207
, 151
, 105
, 76
, 180
, 15
, 241
, 131
, 125
, 188
, 68
, 27
, 229
, 198
, 58
, 202
, 54
, 123
, 133
, 128
, 128
, 98
, 158
, 140
, 116
, 134
, 122
, 148
, 108
, 110
, 146
, 38
, 218
, 30
, 226
, 202
, 54
, 63
, 193
, 146
, 110
, 120
, 136
, 237
, 19
, 243
, 13
, 161
, 95
, 212
, 44
, 184
, 72
, 112
, 144
, 179
, 77
, 133
, 123
, 195
, 61
, 122
, 134
, 8
, 248
, 31
, 225
, 95
, 161
, 125
, 131
, 177
, 79
, 222
, 34
, 97
, 159
, 234
, 22
, 196
, 60
, 51
, 205
, 69
, 187
, 42
, 214
, 131
, 125
, 47
, 209
, 102
, 154
, 207
, 49
, 212
, 44
, 32
, 224
, 91
, 165
, 158
, 98
, 183
, 73
, 232
, 24
, 197
, 59
, 196
, 60
, 150
, 106
, 202
, 54
, 49
, 207
, 170
, 86
, 221
, 35
, 16
, 240
, 32
, 224
, 205
, 51
, 240
, 16
, 11
, 245
, 199
, 57
, 210
, 46
, 72
, 184
, 222
, 34
, 155
, 101
, 225
, 31
, 188
, 68
, 18
, 238
, 84
, 172
, 199
, 57
, 174
, 82
, 254
, 2
, 166
, 90
, 16
, 240
, 125
, 131
, 68
, 188
, 52
, 204
, 100
, 156
, 208
, 48
, 238
, 18
, 84
, 172
, 170
, 86
, 100
, 156
, 203
, 53
, 229
, 27
, 223
, 33
, 144
, 112
, 176
, 80
, 217
, 39
, 7
, 249
, 44
, 212
, 189
, 67
, 87
, 169
, 50
, 206
, 197
, 59
, 219
, 37
, 163
, 93
, 107
, 149
, 103
, 153
, 185
, 71
, 209
, 47
, 185
, 71
, 76
, 180
, 107
, 149
, 245
, 11
, 168
, 88
, 245
, 11
, 203
, 53
, 2
, 254
, 74
, 182
, 21
, 235
, 57
, 199
, 51
, 205
, 218
, 38
, 183
, 73
, 207
, 49
, 245
, 11
, 145
, 111
, 189
, 67
, 239
, 17
, 80
, 176
, 212
, 44
, 237
, 19
, 12
, 244
, 185
, 71
, 252
, 4
, 118
, 138
, 252
, 4
, 5
, 251
, 217
, 39
, 72
, 184
, 102
, 154
, 36
, 220
, 154
, 102
, 209
, 47
, 92
, 164
, 41
, 215
, 58
, 198
, 15
, 241
, 183
, 73
, 159
, 97
, 157
, 99
, 208
, 48
, 249
, 7
, 200
, 56
, 166
, 90
, 219
, 37
, 195
, 61
, 47
, 209
, 228
, 28
, 237
, 19
, 177
, 79
, 112
, 144
, 188
, 68
, 244
, 12
, 65
, 191
, 34
, 222
, 183
, 73
, 9
, 247
, 78
, 178
, 224
, 32
, 106
, 150
, 184
, 72
, 16
, 240
, 104
, 152
, 110
, 146
, 252
, 4
, 164
, 92
, 134
, 122
, 77
, 179
, 162
, 94
, 133
, 123
, 23
, 233
, 208
, 48
, 117
, 139
, 206
, 50
, 110
, 146
, 66
, 190
, 25
, 231
, 197
, 59
, 166
, 90
, 226
, 30
, 61
, 195
, 159
, 97
, 53
, 203
, 204
, 52
, 66
, 190
, 141
, 115
, 240
, 16
, 130
, 126
, 119
, 137
, 226
, 30
, 22
, 234
, 124
, 132
, 193
, 63
, 222
, 34
, 59
, 197
, 103
, 153
, 150
, 106
, 1
, 255
, 227
, 29
, 7
, 249
, 51
, 205
, 172
, 84
, 125
, 131
, 9
, 247
, 176
, 80
, 112
, 144
, 115
, 141
, 81
, 175
, 248
, 8
, 245
, 11
, 68
, 188
, 160
, 96
, 10
, 246
, 102
, 154
, 82
, 174
, 42
, 214
, 166
, 90
, 199
, 57
, 233
, 23
, 201
, 55
, 54
, 202
, 24
, 232
, 166
, 90
, 163
, 93
, 87
, 169
, 1
, 255
, 232
, 24
, 105
, 151
, 194
, 62
, 129
, 127
, 146
, 110
, 130
, 126
, 128
, 128
, 65
, 191
, 54
, 202
, 195
, 61
, 198
, 58
, 130
, 126
, 13
, 243
, 197
, 59
, 253
, 3
, 74
, 182
, 135
, 121
, 148
, 108
, 221
, 35
, 185
, 71
, 233
, 23
, 11
, 245
, 119
, 137
, 111
, 145
, 202
, 54
, 52
, 204
, 178
, 78
, 135
, 121
, 17
, 239
, 190
, 66
, 221
, 35
, 41
, 215
, 119
, 137
, 106
, 150
, 171
, 85
, 237
, 19
, 46
, 210
, 120
, 136
, 23
, 233
, 194
, 62
, 141
, 115
, 145
, 111
, 199
, 57
, 14
, 242
, 241
, 15
, 43
, 213
, 254
, 2
, 249
, 7
, 101
, 155
, 82
, 174
, 119
, 137
, 231
, 25
, 11
, 245
, 180
, 76
, 101
, 155
, 238
, 18
, 213
, 43
, 138
, 118
, 117
, 139
, 90
, 166
, 136
, 120
, 8
, 248
, 93
, 163
, 121
, 135
, 148
, 108
, 200
, 56
, 179
, 77
, 2
, 254
, 134
, 122
, 129
, 127
, 125
, 131
, 242
, 14
, 202
, 54
, 199
, 57
, 230
, 26
, 70
, 186
, 120
, 136
, 114
, 142
, 23
, 233
, 154
, 102
, 61
, 195
, 26
, 230
, 47
, 209
, 11
, 245
, 15
, 241
, 232
, 24
, 122
, 134
, 28
, 228
, 198
, 58
, 206
, 50
, 135
, 121
, 28
, 228
, 204
, 52
, 142
, 114
, 205
, 51
, 6
, 250
, 65
, 191
, 115
, 141
, 147
, 109
, 93
, 163
, 168
, 88
, 141
, 115
, 124
, 132
, 94
, 162
, 204
, 52
, 25
, 231
, 239
, 17
, 219
, 37
, 199
, 57
, 8
, 248
, 190
, 66
, 8
, 248
, 7
, 249
, 184
, 72
, 227
, 29
, 55
, 201
, 135
, 121
, 237
, 19
, 252
, 4
, 5
, 251
, 155
, 101
, 24
, 232
, 233
, 23
, 175
, 81
, 238
, 18
, 199
, 57
, 34
, 222
, 175
, 81
, 246
, 10
, 203
, 53
, 239
, 17
, 126
, 130
, 153
, 103
, 172
, 84
, 39
, 217
, 221
, 35
, 143
, 113
, 25
, 231
, 222
, 34
, 249
, 7
, 90
, 166
, 99
, 157
, 173
, 83
, 231
, 25
, 165
, 91
, 236
, 20
, 123
, 133
, 76
, 180
, 14
, 242
, 207
, 49
, 118
, 138
, 51
, 205
, 114
, 142
, 144
, 112
, 104
, 152
, 147
, 109
, 233
, 23
, 108
, 148
, 220
, 36
, 149
, 107
, 13
, 243
, 137
, 119
, 152
, 104
, 138
, 118
, 23
, 233
, 166
, 90
, 245
, 11
, 94
, 162
, 151
, 105
, 33
, 223
, 110
, 146
, 222
, 34
, 119
, 137
, 91
, 165
, 243
, 13
, 220
, 36
, 196
, 60
, 66
, 190
, 141
, 115
, 3
, 253
, 244
, 12
, 196
, 60
, 215
, 41
, 48
, 208
, 3
, 253
, 41
, 215
, 171
, 85
, 220
, 36
, 71
, 185
, 135
, 121
, 243
, 13
, 64
, 192
, 80
, 176
, 126
, 130
, 147
, 109
, 178
, 78
, 45
, 211
, 9
, 247
, 122
, 134
, 207
, 49
, 210
, 46
, 134
, 122
, 173
, 83
, 28
, 228
, 204
, 52
, 189
, 67
, 115
, 141
, 86
, 170
, 156
, 100
, 62
, 194
, 62
, 194
, 55
, 201
, 222
, 34
, 46
, 210
, 133
, 123
, 5
, 251
, 183
, 73
, 156
, 100
, 29
, 227
, 209
, 47
, 129
, 127
, 236
, 20
, 8
, 248
, 148
, 108
, 121
, 135
, 204
, 52
, 152
, 104
, 69
, 187
, 100
, 156
, 254
, 2
, 59
, 197
, 165
, 91
, 105
, 151
, 75
, 181
, 208
, 48
, 133
, 123
, 189
, 67
, 195
, 61
, 172
, 84
, 152
, 104
, 110
, 146
, 155
, 101
, 112
, 144
, 84
, 172
, 251
, 5
, 48
, 208
, 66
, 190
, 26
, 230
, 81
, 175
, 212
, 44
, 124
, 132
, 12
, 244
, 195
, 61
, 15
, 241
, 147
, 109
, 73
, 183
, 90
, 166
, 179
, 77
, 49
, 207
, 107
, 149
, 143
, 113
, 219
, 37
, 63
, 193
, 64
, 192
, 144
, 112
, 193
, 63
, 170
, 86
, 167
, 89
, 60
, 196
, 231
, 25
, 72
, 184
, 64
, 192
, 235
, 21
, 117
, 139
, 242
, 14
, 191
, 65
, 141
, 115
, 201
, 55
, 18
, 238
, 58
, 198
, 150
, 106
, 151
, 105
, 207
, 49
, 239
, 17
, 75
, 181
, 93
, 163
, 158
, 98
, 134
, 122
, 93
, 163
, 163
, 93
, 152
, 104
, 244
, 12
, 190
, 66
, 122
, 134
, 126
, 130
, 160
, 96
, 72
, 184
, 114
, 142
, 126
, 130
, 131
, 125
, 136
, 120
, 120
, 136
, 249
, 7
, 195
, 61
, 19
, 237
, 131
, 125
, 78
, 178
, 219
, 37
, 247
, 9
, 108
, 148
, 150
, 106
, 124
, 132
, 121
, 135
, 101
, 155
, 14
, 242
, 135
, 121
, 223
, 33
, 189
, 67
, 75
, 181
, 144
, 112
, 42
, 214
, 95
, 161
, 98
, 158
, 180
, 76
, 243
, 13
, 201
, 55
, 248
, 8
, 183
, 73
, 38
, 218
, 187
, 69
, 159
, 97
, 227
, 29
, 95
, 161
, 32
, 224
, 215
, 41
, 225
, 31
, 200
, 56
, 234
, 22
, 238
, 18
, 27
, 229
, 153
, 103
, 219
, 37
, 124
, 132
, 107
, 149
, 231
, 25
, 52
, 204
, 128
, 128
, 76
, 180
, 241
, 15
, 246
, 10
, 196
, 60
, 63
, 193
, 11
, 245
, 232
, 24
, 141
, 115
, 63
, 193
, 117
, 139
, 35
, 221
, 108
, 148
, 167
, 89
, 63
, 193
, 82
, 174
, 148
, 108
, 189
, 67
, 150
, 106
, 50
, 206
, 189
, 67
, 165
, 91
, 80
, 176
, 216
, 40
, 152
, 104
, 31
, 225
, 85
, 171
, 216
, 40
, 136
, 120
, 191
, 65
, 199
, 57
, 182
, 74
, 115
, 141
, 24
, 232
, 3
, 253
, 126
, 130
, 198
, 58
, 119
, 137
, 49
, 207
, 117
, 139
, 162
, 94
, 203
, 53
, 52
, 204
, 227
, 29
, 80
, 176
, 197
, 59
, 117
, 139
, 39
, 217
, 42
, 214
, 217
, 39
, 88
, 168
, 146
, 110
, 112
, 144
, 168
, 88
, 19
, 237
, 223
, 33
, 75
, 181
, 153
, 103
, 220
, 36
, 112
, 144
, 106
, 150
, 146
, 110
, 61
, 195
, 247
, 9
, 226
, 30
, 173
, 83
, 205
, 51
, 225
, 31
, 211
, 45
, 126
, 130
, 217
, 39
, 20
, 236
, 165
, 91
, 124
, 132
, 228
, 28
, 163
, 93
, 245
, 11
, 194
, 62
, 131
, 125
, 249
, 7
, 150
, 106
, 248
, 8
, 62
, 194
, 106
, 150
, 109
, 147
, 39
, 217
, 148
, 108
, 124
, 132
, 175
, 81
, 13
, 243
, 65
, 191
, 225
, 31
, 194
, 62
, 234
, 22
, 44
, 212
, 12
, 244
, 177
, 79
, 9
, 247
, 181
, 75
, 208
, 48
, 206
, 50
, 14
, 242
, 90
, 166
, 29
, 227
, 38
, 218
, 18
, 238
, 1
, 255
, 185
, 71
, 88
, 168
, 158
, 98
, 134
, 122
, 82
, 174
, 198
, 58
, 111
, 145
, 249
, 7
, 182
, 74
, 175
, 81
, 39
, 217
, 35
, 221
, 47
, 209
, 194
, 62
, 215
, 41
, 189
, 67
, 163
, 93
, 161
, 95
, 127
, 129
, 19
, 237
, 181
, 75
, 151
, 105
, 125
, 131
, 154
, 102
, 217
, 39
, 91
, 165
, 81
, 175
, 50
, 206
, 95
, 161
, 226
, 30
, 211
, 45
, 69
, 187
, 249
, 7
, 217
, 39
, 181
, 75
, 45
, 211
, 38
, 218
, 113
, 143
, 181
, 75
, 16
, 240
, 146
, 110
, 175
, 81
, 125
, 131
, 102
, 154
, 89
, 167
, 67
, 189
, 242
, 14
, 2
, 254
, 179
, 77
, 97
, 159
, 93
, 163
, 1
, 255
, 132
, 124
, 215
, 41
, 187
, 69
, 161
, 95
, 166
, 90
, 82
, 174
, 133
, 123
, 85
, 171
, 86
, 170
, 192
, 64
, 240
, 16
, 98
, 158
, 226
, 30
, 67
, 189
, 36
, 220
, 76
, 180
, 127
, 129
, 60
, 196
, 162
, 94
, 29
, 227
, 174
, 82
, 85
, 171
, 159
, 97
, 161
, 95
, 125
, 131
, 174
, 82
, 156
, 100
, 181
, 75
, 206
, 50
, 98
, 158
, 102
, 154
, 213
, 43
, 245
, 11
, 118
, 138
, 68
, 188
, 142
, 114
, 250
, 6
, 211
, 45
, 212
, 44
, 96
, 160
, 251
, 5
, 141
, 115
, 246
, 10
, 95
, 161
, 182
, 74
, 222
, 34
, 37
, 219
, 14
, 242
, 137
, 119
, 76
, 180
, 190
, 66
, 35
, 221
, 182
, 74
, 118
, 138
, 206
, 50
, 151
, 105
, 21
, 235
, 90
, 166
, 6
, 250
, 11
, 245
, 41
, 215
, 7
, 249
, 221
, 35
, 213
, 43
, 204
, 52
, 121
, 135
, 201
, 55
, 102
, 154
, 87
, 169
, 138
, 118
, 9
, 247
, 95
, 161
, 90
, 166
, 47
, 209
, 146
, 110
, 178
, 78
, 144
, 112
, 229
, 27
, 57
, 199
, 63
, 193
, 61
, 195
, 28
, 228
, 102
, 154
, 142
, 114
, 39
, 217
, 161
, 95
, 61
, 195
, 90
, 166
, 158
, 98
, 227
, 29
, 24
, 232
, 167
, 89
, 137
, 119
, 91
, 165
, 44
, 212
, 208
, 48
, 83
, 173
, 1
, 255
, 60
, 196
, 229
, 27
, 171
, 85
, 48
, 208
, 26
, 230
, 104
, 152
, 3
, 253
, 206
, 50
, 76
, 180
, 137
, 119
, 6
, 250
, 53
, 203
, 161
, 95
, 168
, 88
, 95
, 161
, 16
, 240
, 87
, 169
, 58
, 198
, 196
, 60
, 253
, 3
, 231
, 25
, 76
, 180
, 236
, 20
, 216
, 40
, 74
, 182
, 96
, 160
, 221
, 35
, 248
, 8
, 192
, 64
, 204
, 52
, 31
, 225
, 51
, 205
, 201
, 55
, 78
, 178
, 131
, 125
, 77
, 179
, 160
, 96
, 83
, 173
, 248
, 8
, 196
, 60
, 3
, 253
, 22
, 234
, 172
, 84
, 174
, 82
, 220
, 36
, 162
, 94
, 174
, 82
, 172
, 84
, 198
, 58
, 252
, 4
, 193
, 63
, 101
, 155
, 106
, 150
, 79
, 177
, 99
, 157
, 222
, 34
, 102
, 154
, 199
, 57
, 76
, 180
, 228
, 28
, 199
, 57
, 38
, 218
, 240
, 16
, 93
, 163
, 181
, 75
, 51
, 205
, 21
, 235
, 97
, 159
, 59
, 197
, 146
, 110
, 213
, 43
, 92
, 164
, 66
, 190
, 241
, 15
, 73
, 183
, 138
, 118
, 49
, 207
, 122
, 134
, 37
, 219
, 34
, 222
, 150
, 106
, 251
, 5
, 225
, 31
, 209
, 47
, 104
, 152
, 199
, 57
, 93
, 163
, 21
, 235
, 233
, 23
, 101
, 155
, 17
, 239
, 99
, 157
, 219
, 37
, 38
, 218
, 66
, 190
, 247
, 9
, 188
, 68
, 63
, 193
, 195
, 61
, 28
, 228
, 224
, 32
, 20
, 236
, 119
, 137
, 194
, 62
, 198
, 58
, 71
, 185
, 166
, 90
, 110
, 146
, 142
, 114
, 19
, 237
, 181
, 75
, 72
, 184
, 69
, 187
, 200
, 56
, 20
, 236
, 139
, 117
, 164
, 92
, 209
, 47
, 232
, 24
, 139
, 117
, 139
, 117
, 34
, 222
, 239
, 17
, 125
, 131
, 161
, 95
, 161
, 95
, 60
, 196
, 138
, 118
, 207
, 49
, 209
, 47
, 249
, 7
, 162
, 94
, 87
, 169
, 3
, 253
, 82
, 174
, 157
, 99
, 51
, 205
, 252
, 4
, 90
, 166
, 93
, 163
, 191
, 65
, 20
, 236
, 192
, 64
, 9
, 247
, 128
, 128
, 212
, 44
, 136
, 120
, 17
, 239
, 53
, 203
, 65
, 191
, 110
, 146
, 140
, 116
, 216
, 40
, 111
, 145
, 120
, 136
, 1
, 255
, 241
, 15
, 59
, 197
, 57
, 199
, 4
, 252
, 198
, 58
, 79
, 177
, 242
, 14
, 150
, 106
, 104
, 152
, 50
, 206
, 204
, 52
, 57
, 199
, 173
, 83
, 249
, 7
, 43
, 213
, 71
, 185
, 41
, 215
, 82
, 174
, 208
, 48
, 113
, 143
, 19
, 237
, 193
, 63
, 119
, 137
, 181
, 75
, 238
, 18
, 131
, 125
, 121
, 135
, 9
, 247
, 83
, 173
, 156
, 100
, 84
, 172
, 133
, 123
, 22
, 234
, 200
, 56
, 40
, 216
, 4
, 252
, 223
, 33
, 100
, 156
, 194
, 62
, 195
, 61
, 233
, 23
, 143
, 113
, 191
, 65
, 2
, 254
, 238
, 18
, 91
, 165
, 113
, 143
, 233
, 23
, 28
, 228
, 69
, 187
, 7
, 249
, 207
, 49
, 182
, 74
, 124
, 132
, 69
, 187
, 7
, 249
, 80
, 176
, 45
, 211
, 192
, 64
, 54
, 202
, 239
, 17
, 232
, 24
, 181
, 75
, 241
, 15
, 251
, 5
, 148
, 108
, 197
, 59
, 62
, 194
, 225
, 31
, 249
, 7
, 170
, 86
, 45
, 211
, 199
, 57
, 90
, 166
, 14
, 242
, 9
, 247
, 253
, 3
, 205
, 51
, 224
, 32
, 214
, 42
, 45
, 211
, 51
, 205
, 72
, 184
, 253
, 3
, 137
, 119
, 150
, 106
, 8
, 248
, 12
, 244
, 92
, 164
, 60
, 196
, 87
, 169
, 149
, 107
, 121
, 135
, 151
, 105
, 193
, 63
, 99
, 157
, 37
, 219
, 174
, 82
, 110
, 146
, 121
, 135
, 42
, 214
, 138
, 118
, 94
, 162
, 147
, 109
, 236
, 20
, 37
, 219
, 33
, 223
, 240
, 16
, 62
, 194
, 195
, 61
, 206
, 50
, 198
, 58
, 103
, 153
, 178
, 78
, 182
, 74
, 86
, 170
, 64
, 192
, 194
, 62
, 181
, 75
, 113
, 143
, 38
, 218
, 113
, 143
, 225
, 31
, 187
, 69
, 192
, 64
, 112
, 144
, 254
, 2
, 200
, 56
, 235
, 21
, 96
, 160
, 228
, 28
, 237
, 19
, 253
, 3
, 157
, 99
, 173
, 83
, 65
, 191
, 80
, 176
, 88
, 168
, 171
, 85
, 219
, 37
, 18
, 238
, 104
, 152
, 171
, 85
, 86
, 170
, 220
, 36
, 154
, 102
, 105
, 151
, 6
, 250
, 71
, 185
, 20
, 236
, 215
, 41
, 239
, 17
, 107
, 149
, 38
, 218
, 139
, 117
, 16
, 240
, 165
, 91
, 198
, 58
, 71
, 185
, 229
, 27
, 59
, 197
, 37
, 219
, 65
, 191
, 17
, 239
, 161
, 95
, 127
, 129
, 198
, 58
, 199
, 57
, 251
, 5
, 12
, 244
, 185
, 71
, 49
, 207
, 117
, 139
, 86
, 170
, 254
, 2
, 243
, 13
, 159
, 97
, 65
, 191
, 248
, 8
, 29
, 227
, 73
, 183
, 174
, 82
, 107
, 149
, 182
, 74
, 198
, 58
, 11
, 245
, 242
, 14
, 32
, 224
, 25
, 231
, 120
, 136
, 22
, 234
, 191
, 65
, 173
, 83
, 123
, 133
, 180
, 76
, 148
, 108
, 163
, 93
, 253
, 3
, 148
, 108
, 174
, 82
, 8
, 248
, 235
, 21
, 76
, 180
, 204
, 52
, 119
, 137
, 6
, 250
, 205
, 51
, 1
, 255
, 75
, 181
, 79
, 177
, 91
, 165
, 152
, 104
, 101
, 155
, 221
, 35
, 228
, 28
, 18
, 238
, 174
, 82
, 53
, 203
, 236
, 20
, 246
, 10
, 219
, 37
, 202
, 54
, 70
, 186
, 199
, 57
, 8
, 248
, 139
, 117
, 194
, 62
, 217
, 39
, 177
, 79
, 244
, 12
, 76
, 180
, 243
, 13
, 144
, 112
, 62
, 194
, 100
, 156
, 5
, 251
, 113
, 143
, 32
, 224
, 113
, 143
, 155
, 101
, 110
, 146
, 168
, 88
, 95
, 161
, 120
, 136
, 232
, 24
, 154
, 102
, 137
, 119
, 244
, 12
, 48
, 208
, 51
, 205
, 159
, 97
, 141
, 115
, 210
, 46
, 29
, 227
, 68
, 188
, 133
, 123
, 139
, 117
, 124
, 132
, 158
, 98
, 188
, 68
, 99
, 157
, 225
, 31
, 170
, 86
, 227
, 29
, 171
, 85
, 197
, 59
, 48
, 208
, 58
, 198
, 215
, 41
, 56
, 200
, 167
, 89
, 4
, 252
, 101
, 155
, 150
, 106
, 139
, 117
, 172
, 84
, 171
, 85
, 77
, 179
, 249
, 7
, 55
, 201
, 54
, 202
, 46
, 210
, 32
, 224
, 213
, 43
, 110
, 146
, 238
, 18
, 19
, 237
, 4
, 252
, 95
, 161
, 165
, 91
, 151
, 105
, 129
, 127
, 64
, 192
, 93
, 163
, 249
, 7
, 216
, 40
, 161
, 95
, 130
, 126
, 134
, 122
, 37
, 219
, 55
, 201
, 110
, 146
, 223
, 33
, 74
, 182
, 241
, 15
, 80
, 176
, 185
, 71
, 175
, 81
, 65
, 191
, 27
, 229
, 228
, 28
, 27
, 229
, 110
, 146
, 1
, 255
, 180
, 76
, 224
, 32
, 202
, 54
, 82
, 174
, 50
, 206
, 244
, 12
, 15
, 241
, 11
, 245
, 105
, 151
, 73
, 183
, 1
, 255
, 129
, 127
, 60
, 196
, 63
, 193
, 72
, 184
, 52
, 204
, 87
, 169
, 19
, 237
, 88
, 168
, 221
, 35
, 157
, 99
, 206
, 50
, 159
, 97
, 207
, 49
, 226
, 30
, 16
, 240
, 158
, 98
, 112
, 144
, 104
, 152
, 122
, 134
, 89
, 167
, 120
, 136
, 217
, 39
, 112
, 144
, 230
, 26
, 240
, 16
, 102
, 154
, 117
, 139
, 80
, 176
, 205
, 51
, 233
, 23
, 10
, 246
, 243
, 13
, 70
, 186
, 191
, 65
, 55
, 201
, 134
, 122
, 121
, 135
, 92
, 164
, 195
, 61
, 57
, 199
, 117
, 139
, 206
, 50
, 134
, 122
, 30
, 226
, 30
, 226
, 52
, 204
, 95
, 161
, 199
, 57
, 125
, 131
, 100
, 156
, 178
, 78
, 56
, 200
, 111
, 145
, 109
, 147
, 105
, 151
, 171
, 85
, 157
, 99
, 232
, 24
, 216
, 40
, 57
, 199
, 238
, 18
, 232
, 24
, 55
, 201
, 121
, 135
, 102
, 154
, 90
, 166
, 108
, 148
, 61
, 195
, 80
, 176
, 199
, 57
, 254
, 2
, 145
, 111
, 16
, 240
, 102
, 154
, 124
, 132
, 171
, 85
, 122
, 134
, 222
, 34
, 133
, 123
, 135
, 121
, 115
, 141
, 160
, 96
, 56
, 200
, 9
, 247
, 117
, 139
, 100
, 156
, 169
, 87
, 229
, 27
, 193
, 63
, 52
, 204
, 145
, 111
, 247
, 9
, 179
, 77
, 186
, 70
, 25
, 231
, 14
, 242
, 74
, 182
, 192
, 64
, 131
, 125
, 202
, 54
, 153
, 103
, 231
, 25
, 40
, 216
, 181
, 75
, 76
, 180
, 22
, 234
, 125
, 131
, 111
, 145
, 120
, 136
, 80
, 176
, 231
, 25
, 185
, 71
, 132
, 124
, 125
, 131
, 248
, 8
, 48
, 208
, 128
, 128
, 71
, 185
, 237
, 19
, 69
, 187
, 78
, 178
, 143
, 113
, 49
, 207
, 206
, 50
, 217
, 39
, 17
, 239
, 145
, 111
, 64
, 192
, 107
, 149
, 152
, 104
, 224
, 32
, 24
, 232
, 253
, 3
, 12
, 244
, 114
, 142
, 17
, 239
, 114
, 142
, 87
, 169
, 69
, 187
, 226
, 30
, 240
, 16
, 125
, 131
, 199
, 57
, 47
, 209
, 51
, 205
, 42
, 214
, 15
, 241
, 102
, 154
, 8
, 248
, 113
, 143
, 88
, 168
, 99
, 157
, 139
, 117
, 109
, 147
, 246
, 10
, 209
, 47
, 173
, 83
, 28
, 228
, 39
, 217
, 174
, 82
, 242
, 14
, 9
, 247
, 84
, 172
, 210
, 46
, 39
, 217
, 204
, 52
, 164
, 92
, 250
, 6
, 218
, 38
, 129
, 127
, 216
, 40
, 215
, 41
, 218
, 38
, 175
, 81
, 40
, 216
, 202
, 54
, 182
, 74
, 34
, 222
, 153
, 103
, 174
, 82
, 166
, 90
, 15
, 241
, 105
, 151
, 117
, 139
, 71
, 185
, 187
, 69
, 93
, 163
, 147
, 109
, 240
, 16
, 172
, 84
, 108
, 148
, 16
, 240
, 134
, 122
, 213
, 43
, 45
, 211
, 119
, 137
, 129
, 127
, 13
, 243
, 214
, 42
, 20
, 236
, 139
, 117
, 130
, 126
, 210
, 46
, 171
, 85
, 34
, 222
, 55
, 201
, 241
, 15
, 74
, 182
, 156
, 100
, 132
, 124
, 136
, 120
, 203
, 53
, 182
, 74
, 160
, 96
, 74
, 182
, 44
, 212
, 61
, 195
, 139
, 117
, 198
, 58
, 37
, 219
, 129
, 127
, 200
, 56
, 90
, 166
, 147
, 109
, 41
, 215
, 226
, 30
, 226
, 30
, 147
, 109
, 18
, 238
, 122
, 134
, 4
, 252
, 107
, 149
, 4
, 252
, 201
, 55
, 205
, 51
, 185
, 71
, 190
, 66
, 60
, 196
, 157
, 99
, 237
, 19
, 81
, 175
, 155
, 101
, 113
, 143
, 12
, 244
, 121
, 135
, 23
, 233
, 225
, 31
, 86
, 170
, 246
, 10
, 169
, 87
, 220
, 36
, 101
, 155
, 169
, 87
, 105
, 151
, 106
, 150
, 106
, 150
, 121
, 135
, 11
, 245
, 138
, 118
, 116
, 140
, 46
, 210
, 92
, 164
, 166
, 90
, 194
, 62
, 49
, 207
, 122
, 134
, 52
, 204
, 44
, 212
, 124
, 132
, 218
, 38
, 129
, 127
, 73
, 183
, 100
, 156
, 6
, 250
, 92
, 164
, 191
, 65
, 35
, 221
, 43
, 213
, 134
, 122
, 204
, 52
, 190
, 66
, 75
, 181
, 159
, 97
, 2
, 254
, 66
, 190
, 185
, 71
, 28
, 228
, 35
, 221
, 33
, 223
, 138
, 118
, 33
, 223
, 143
, 113
, 241
, 15
, 172
, 84
, 154
, 102
, 76
, 180
, 251
, 5
, 244
, 12
, 99
, 157
, 150
, 106
, 197
, 59
, 245
, 11
, 35
, 221
, 42
, 214
, 99
, 157
, 216
, 40
, 175
, 81
, 127
, 129
, 216
, 40
, 130
, 126
, 115
, 141
, 41
, 215
, 238
, 18
, 55
, 201
, 188
, 68
, 198
, 58
, 49
, 207
, 10
, 246
, 108
, 148
, 112
, 144
, 97
, 159
, 159
, 97
, 209
, 47
, 109
, 147
, 122
, 134
, 211
, 45
, 207
, 49
, 17
, 239
, 250
, 6
, 214
, 42
, 91
, 165
, 38
, 218
, 146
, 110
, 110
, 146
, 23
, 233
, 193
, 63
, 21
, 235
, 189
, 67
, 210
, 46
, 176
, 80
, 157
, 99
, 229
, 27
, 239
, 17
, 219
, 37
, 10
, 246
, 45
, 211
, 192
, 64
, 244
, 12
, 88
, 168
, 109
, 147
, 121
, 135
, 210
, 46
, 227
, 29
, 204
, 52
, 34
, 222
, 222
, 34
, 186
, 70
, 236
, 20
, 122
, 134
, 142
, 114
, 49
, 207
, 128
, 128
, 170
, 86
, 117
, 139
, 52
, 204
, 138
, 118
, 24
, 232
, 56
, 200
, 45
, 211
, 122
, 134
, 204
, 52
, 201
, 55
, 253
, 3
, 87
, 169
, 189
, 67
, 5
, 251
, 87
, 169
, 205
, 51
, 10
, 246
, 167
, 89
, 14
, 242
, 199
, 57
, 33
, 223
, 46
, 210
, 116
, 140
, 19
, 237
, 195
, 61
, 230
, 26
, 40
, 216
, 169
, 87
, 184
, 72
, 204
, 52
, 73
, 183
, 237
, 19
, 209
, 47
, 38
, 218
, 156
, 100
, 212
, 44
, 11
, 245
, 191
, 65
, 58
, 198
, 176
, 80
, 247
, 9
, 65
, 191
, 185
, 71
, 189
, 67
, 142
, 114
, 141
, 115
, 173
, 83
, 179
, 77
, 106
, 150
, 77
, 179
, 39
, 217
, 37
, 219
, 205
, 51
, 174
, 82
, 65
, 191
, 95
, 161
, 123
, 133
, 128
, 128
, 214
, 42
, 36
, 220
, 223
, 33
, 232
, 24
, 130
, 126
, 238
, 18
, 62
, 194
, 223
, 33
, 196
, 60
, 241
, 15
, 191
, 65
, 68
, 188
, 133
, 123
, 87
, 169
, 142
, 114
, 76
, 180
, 196
, 60
, 60
, 196
, 119
, 137
, 216
, 40
, 200
, 56
, 159
, 97
, 128
, 128
, 50
, 206
, 64
, 192
, 109
, 147
, 36
, 220
, 134
, 122
, 223
, 33
, 176
, 80
, 158
, 98
, 96
, 160
, 147
, 109
, 190
, 66
, 156
, 100
, 76
, 180
, 186
, 70
, 11
, 245
, 118
, 138
, 56
, 200
, 224
, 32
, 246
, 10
, 95
, 161
, 5
, 251
, 112
, 144
, 250
, 6
, 85
, 171
, 12
, 244
, 53
, 203
, 232
, 24
, 203
, 53
, 185
, 71
, 227
, 29
, 216
, 40
, 127
, 129
, 222
, 34
, 1
, 255
, 8
, 248
, 191
, 65
, 200
, 56
, 24
, 232
, 178
, 78
, 88
, 168
, 144
, 112
, 17
, 239
, 144
, 112
, 103
, 153
, 237
, 19
, 186
, 70
, 240
, 16
, 4
, 252
, 207
, 49
, 169
, 87
, 111
, 145
, 208
, 48
, 148
, 108
, 220
, 36
, 227
, 29
, 94
, 162
, 28
, 228
, 92
, 164
, 177
, 79
, 64
, 192
, 132
, 124
, 56
, 200
, 139
, 117
, 78
, 178
, 14
, 242
, 142
, 114
, 85
, 171
, 153
, 103
, 86
, 170
, 218
, 38
, 142
, 114
, 90
, 166
, 123
, 133
, 215
, 41
, 184
, 72
, 76
, 180
, 174
, 82
, 77
, 179
, 221
, 35
, 177
, 79
, 38
, 218
, 254
, 2
, 37
, 219
, 198
, 58
, 247
, 9
, 95
, 161
, 244
, 12
, 95
, 161
, 95
, 161
, 206
, 50
, 66
, 190
, 1
, 255
, 214
, 42
, 95
, 161
, 172
, 84
, 222
, 34
, 163
, 93
, 185
, 71
, 179
, 77
, 175
, 81
, 111
, 145
, 23
, 233
, 70
, 186
, 244
, 12
, 115
, 141
, 188
, 68
, 107
, 149
, 82
, 174
, 244
, 12
, 92
, 164
, 26
, 230
, 218
, 38
, 136
, 120
, 167
, 89
, 214
, 42
, 207
, 49
, 2
, 254
, 237
, 19
, 124
, 132
, 248
, 8
, 231
, 25
, 77
, 179
, 222
, 34
, 146
, 110
, 240
, 16
, 95
, 161
, 194
, 62
, 24
, 232
, 136
, 120
, 63
, 193
, 246
, 10
, 83
, 173
, 37
, 219
, 198
, 58
, 248
, 8
, 93
, 163
, 52
, 204
, 194
, 62
, 177
, 79
, 44
, 212
, 2
, 254
, 26
, 230
, 113
, 143
, 150
, 106
, 85
, 171
, 77
, 179
, 93
, 163
, 98
, 158
, 27
, 229
, 249
, 7
, 159
, 97
, 223
, 33
, 40
, 216
, 108
, 148
, 133
, 123
, 33
, 223
, 202
, 54
, 54
, 202
, 39
, 217
, 39
, 217
, 66
, 190
, 117
, 139
, 100
, 156
, 31
, 225
, 119
, 137
, 141
, 115
, 29
, 227
, 155
, 101
, 242
, 14
, 209
, 47
, 11
, 245
, 162
, 94
, 237
, 19
, 66
, 190
, 116
, 140
, 93
, 163
, 124
, 132
, 17
, 239
, 33
, 223
, 106
, 150
, 4
, 252
, 35
, 221
, 1
, 255
, 1
, 255
, 67
, 189
, 236
, 20
, 121
, 135
, 205
, 51
, 142
, 114
, 194
, 62
, 143
, 113
, 106
, 150
, 160
, 96
, 74
, 182
, 163
, 93
, 134
, 122
, 54
, 202
, 109
, 147
, 138
, 118
, 229
, 27
, 143
, 113
, 1
, 255
, 188
, 68
, 250
, 6
, 245
, 11
, 56
, 200
, 178
, 78
, 122
, 134
, 103
, 153
, 40
, 216
, 188
, 68
, 231
, 25
, 142
, 114
, 108
, 148
, 250
, 6
, 112
, 144
, 78
, 178
, 195
, 61
, 45
, 211
, 31
, 225
, 142
, 114
, 196
, 60
, 88
, 168
, 13
, 243
, 91
, 165
, 68
, 188
, 79
, 177
, 229
, 27
, 86
, 170
, 163
, 93
, 152
, 104
, 53
, 203
, 213
, 43
, 205
, 51
, 183
, 73
, 23
, 233
, 82
, 174
, 90
, 166
, 190
, 66
, 96
, 160
, 129
, 127
, 47
, 209
, 7
, 249
, 203
, 53
, 191
, 65
, 184
, 72
, 169
, 87
, 130
, 126
, 254
, 2
, 110
, 146
, 105
, 151
, 101
, 155
, 140
, 116
, 213
, 43
, 77
, 179
, 188
, 68
, 213
, 43
, 78
, 178
, 251
, 5
, 223
, 33
, 200
, 56
, 247
, 9
, 10
, 246
, 252
, 4
, 175
, 81
, 16
, 240
, 254
, 2
, 80
, 176
, 19
, 237
, 158
, 98
, 197
, 59
, 188
, 68
, 134
, 122
, 182
, 74
, 244
, 12
, 100
, 156
, 53
, 203
, 243
, 13
, 197
, 59
, 242
, 14
, 183
, 73
, 151
, 105
, 179
, 77
, 14
, 242
, 105
, 151
, 112
, 144
, 236
, 20
, 45
, 211
, 9
, 247
, 29
, 227
, 63
, 193
, 195
, 61
, 157
, 99
, 218
, 38
, 197
, 59
, 213
, 43
, 164
, 92
, 198
, 58
, 139
, 117
, 63
, 193
, 250
, 6
, 167
, 89
, 249
, 7
, 227
, 29
, 192
, 64
, 239
, 17
, 165
, 91
, 191
, 65
, 23
, 233
, 251
, 5
, 222
, 34
, 217
, 39
, 42
, 214
, 98
, 158
, 82
, 174
, 70
, 186
, 214
, 42
, 232
, 24
, 163
, 93
, 180
, 76
, 29
, 227
, 100
, 156
, 110
, 146
, 134
, 122
, 11
, 245
, 242
, 14
, 249
, 7
, 66
, 190
, 5
, 251
, 217
, 39
, 54
, 202
, 67
, 189
, 41
, 215
, 99
, 157
, 44
, 212
, 132
, 124
, 147
, 109
, 176
, 80
, 56
, 200
, 241
, 15
, 219
, 37
, 232
, 24
, 118
, 138
, 223
, 33
, 56
, 200
, 137
, 119
, 223
, 33
, 130
, 126
, 232
, 24
, 161
, 95
, 103
, 153
, 138
, 118
, 36
, 220
, 125
, 131
, 34
, 222
, 182
, 74
, 227
, 29
, 93
, 163
, 229
, 27
, 48
, 208
, 119
, 137
, 178
, 78
, 196
, 60
, 134
, 122
, 77
, 179
, 142
, 114
, 181
, 75
, 79
, 177
, 73
, 183
, 194
, 62
, 28
, 228
, 135
, 121
, 66
, 190
, 132
, 124
, 1
, 255
, 121
, 135
, 124
, 132
, 86
, 170
, 157
, 99
, 211
, 45
, 114
, 142
, 148
, 108
, 245
, 11
, 45
, 211
, 75
, 181
, 207
, 49
, 114
, 142
, 170
, 86
, 193
, 63
, 148
, 108
, 27
, 229
, 211
, 45
, 238
, 18
, 31
, 225
, 230
, 26
, 232
, 24
, 189
, 67
, 135
, 121
, 158
, 98
, 198
, 58
, 86
, 170
, 125
, 131
, 246
, 10
, 139
, 117
, 73
, 183
, 141
, 115
, 161
, 95
, 239
, 17
, 16
, 240
, 42
, 214
, 88
, 168
, 39
, 217
, 197
, 59
, 232
, 24
, 206
, 50
, 68
, 188
, 49
, 207
, 90
, 166
, 23
, 233
, 209
, 47
, 231
, 25
, 254
, 2
, 221
, 35
, 136
, 120
, 16
, 240
, 42
, 214
, 194
, 62
, 13
, 243
, 220
, 36
, 62
, 194
, 39
, 217
, 219
, 37
, 90
, 166
, 171
, 85
, 143
, 113
, 94
, 162
, 133
, 123
, 40
, 216
, 62
, 194
, 10
, 246
, 54
, 202
, 129
, 127
, 164
, 92
, 148
, 108
, 121
, 135
, 44
, 212
, 206
, 50
, 200
, 56
, 188
, 68
, 211
, 45
, 80
, 176
, 78
, 178
, 136
, 120
, 21
, 235
, 240
, 16
, 171
, 85
, 87
, 169
, 27
, 229
, 32
, 224
, 140
, 116
, 148
, 108
, 78
, 178
, 228
, 28
, 30
, 226
, 231
, 25
, 202
, 54
, 101
, 155
, 132
, 124
, 113
, 143
, 227
, 29
, 138
, 118
, 42
, 214
, 197
, 59
, 150
, 106
, 210
, 46
, 110
, 146
, 35
, 221
, 241
, 15
, 129
, 127
, 232
, 24
, 150
, 106
, 55
, 201
, 39
, 217
, 195
, 61
, 200
, 56
, 191
, 65
, 81
, 175
, 47
, 209
, 126
, 130
, 225
, 31
, 174
, 82
, 65
, 191
, 73
, 183
, 105
, 151
, 253
, 3
, 208
, 48
, 146
, 110
, 249
, 7
, 249
, 7
, 148
, 108
, 124
, 132
, 58
, 198
, 194
, 62
, 16
, 240
, 76
, 180
, 163
, 93
, 185
, 71
, 156
, 100
, 39
, 217
, 246
, 10
, 32
, 224
, 149
, 107
, 118
, 138
, 156
, 100
, 106
, 150
, 170
, 86
, 190
, 66
, 63
, 193
, 73
, 183
, 110
, 146
, 9
, 247
, 188
, 68
, 240
, 16
, 243
, 13
, 180
, 76
, 196
, 60
, 21
, 235
, 148
, 108
, 85
, 171
, 194
, 62
, 68
, 188
, 189
, 67
, 241
, 15
, 215
, 41
, 245
, 11
, 45
, 211
, 18
, 238
, 189
, 67
, 158
, 98
, 244
, 12
, 61
, 195
, 49
, 207
, 18
, 238
, 51
, 205
, 17
, 239
, 167
, 89
, 208
, 48
, 26
, 230
, 236
, 20
, 143
, 113
, 195
, 61
, 106
, 150
, 180
, 76
, 117
, 139
, 6
, 250
, 22
, 234
, 197
, 59
, 104
, 152
, 85
, 171
, 159
, 97
, 242
, 14
, 111
, 145
, 135
, 121
, 172
, 84
, 152
, 104
, 75
, 181
, 221
, 35
, 171
, 85
, 149
, 107
, 16
, 240
, 163
, 93
, 186
, 70
, 56
, 200
, 233
, 23
, 218
, 38
, 79
, 177
, 203
, 53
, 175
, 81
, 82
, 174
, 206
, 50
, 60
, 196
, 186
, 70
, 171
, 85
, 22
, 234
, 177
, 79
, 54
, 202
, 186
, 70
, 231
, 25
, 228
, 28
, 212
, 44
, 47
, 209
, 163
, 93
, 183
, 73
, 157
, 99
, 102
, 154
, 233
, 23
, 79
, 177
, 167
, 89
, 112
, 144
, 49
, 207
, 52
, 204
, 62
, 194
, 88
, 168
, 129
, 127
, 161
, 95
, 154
, 102
, 101
, 155
, 126
, 130
, 226
, 30
, 70
, 186
, 135
, 121
, 76
, 180
, 20
, 236
, 218
, 38
, 152
, 104
, 56
, 200
, 96
, 160
, 137
, 119
, 16
, 240
, 7
, 249
, 55
, 201
, 123
, 133
, 122
, 134
, 227
, 29
, 13
, 243
, 201
, 55
, 86
, 170
, 220
, 36
, 223
, 33
, 165
, 91
, 99
, 157
, 65
, 191
, 4
, 252
, 96
, 160
, 45
, 211
, 131
, 125
, 18
, 238
, 134
, 122
, 34
, 222
, 4
, 252
, 8
, 248
, 245
, 11
, 78
, 178
, 131
, 125
, 119
, 137
, 196
, 60
, 143
, 113
, 118
, 138
, 249
, 7
, 163
, 93
, 178
, 78
, 235
, 21
, 16
, 240
, 17
, 239
, 72
, 184
, 199
, 57
, 97
, 159
, 223
, 33
, 130
, 126
, 69
, 187
, 210
, 46
, 242
, 14
, 58
, 198
, 241
, 15
, 60
, 196
, 162
, 94
, 59
, 197
, 4
, 252
, 178
, 78
, 68
, 188
, 62
, 194
, 123
, 133
, 244
, 12
, 70
, 186
, 188
, 68
, 37
, 219
, 94
, 162
, 140
, 116
, 208
, 48
, 45
, 211
, 73
, 183
, 115
, 141
, 45
, 211
, 25
, 231
, 105
, 151
, 61
, 195
, 64
, 192
, 143
, 113
, 111
, 145
, 191
, 65
, 238
, 18
, 221
, 35
, 25
, 231
, 121
, 135
, 137
, 119
, 236
, 20
, 59
, 197
, 121
, 135
, 17
, 239
, 153
, 103
, 144
, 112
, 46
, 210
, 99
, 157
, 63
, 193
, 236
, 20
, 186
, 70
, 8
, 248
, 201
, 55
, 170
, 86
, 97
, 159
, 172
, 84
, 188
, 68
, 88
, 168
, 67
, 189
, 87
, 169
, 7
, 249
, 22
, 234
, 147
, 109
, 214
, 42
, 24
, 232
, 83
, 173
, 155
, 101
, 198
, 58
, 142
, 114
, 182
, 74
, 126
, 130
, 166
, 90
, 2
, 254
, 182
, 74
, 129
, 127
, 230
, 26
, 247
, 9
, 247
, 9
, 123
, 133
, 204
, 52
, 180
, 76
, 148
, 108
, 48
, 208
, 196
, 60
, 13
, 243
, 34
, 222
, 29
, 227
, 72
, 184
, 152
, 104
, 161
, 95
, 244
, 12
, 181
, 75
, 95
, 161
, 205
, 51
, 71
, 185
, 82
, 174
, 218
, 38
, 217
, 39
, 162
, 94
, 78
, 178
, 240
, 16
, 8
, 248
, 29
, 227
, 211
, 45
, 81
, 175
, 113
, 143
, 234
, 22
, 62
, 194
, 38
, 218
, 142
, 114
, 182
, 74
, 148
, 108
, 140
, 116
, 1
, 255
, 2
, 254
, 117
, 139
, 159
, 97
, 98
, 158
, 15
, 241
, 201
, 55
, 60
, 196
, 123
, 133
, 41
, 215
, 230
, 26
, 164
, 92
, 12
, 244
, 48
, 208
, 117
, 139
, 139
, 117
, 155
, 101
, 188
, 68
, 49
, 207
, 56
, 200
, 194
, 62
, 152
, 104
, 112
, 144
, 126
, 130
, 195
, 61
, 129
, 127
, 252
, 4
, 136
, 120
, 90
, 166
, 35
, 221
, 135
, 121
, 27
, 229
, 1
, 255
, 127
, 129
, 66
, 190
, 193
, 63
, 239
, 17
, 237
, 19
, 110
, 146
, 123
, 133
, 207
, 49
, 159
, 97
, 44
, 212
, 16
, 240
, 194
, 62
, 22
, 234
, 213
, 43
, 103
, 153
, 121
, 135
, 221
, 35
, 54
, 202
, 26
, 230
, 35
, 221
, 213
, 43
, 148
, 108
, 36
, 220
, 180
, 76
, 104
, 152
, 174
, 82
, 128
, 128
, 67
, 189
, 166
, 90
, 75
, 181
, 254
, 2
, 229
, 27
, 66
, 190
, 91
, 165
, 31
, 225
, 209
, 47
, 200
, 56
, 196
, 60
, 81
, 175
, 114
, 142
, 119
, 137
, 9
, 247
, 45
, 211
, 163
, 93
, 150
, 106
, 56
, 200
, 174
, 82
, 60
, 196
, 7
, 249
, 243
, 13
, 19
, 237
, 38
, 218
, 16
, 240
, 64
, 192
, 225
, 31
, 48
, 208
, 76
, 180
, 136
, 120
, 144
, 112
, 96
, 160
, 96
, 160
, 93
, 163
, 231
, 25
, 227
, 29
, 147
, 109
, 173
, 83
, 231
, 25
, 126
, 130
, 169
, 87
, 207
, 49
, 27
, 229
, 246
, 10
, 43
, 213
, 4
, 252
, 204
, 52
, 68
, 188
, 119
, 137
, 20
, 236
, 214
, 42
, 225
, 31
, 173
, 83
, 26
, 230
, 69
, 187
, 254
, 2
, 180
, 76
, 181
, 75
, 85
, 171
, 229
, 27
, 87
, 169
, 142
, 114
, 135
, 121
, 121
, 135
, 105
, 151
, 50
, 206
, 114
, 142
, 207
, 49
, 138
, 118
, 102
, 154
, 2
, 254
, 61
, 195
, 167
, 89
, 127
, 129
, 16
, 240
, 201
, 55
, 32
, 224
, 118
, 138
, 49
, 207
, 191
, 65
, 10
, 246
, 203
, 53
, 144
, 112
, 178
, 78
, 12
, 244
, 244
, 12
, 48
, 208
, 206
, 50
, 202
, 54
, 108
, 148
, 162
, 94
, 202
, 54
, 119
, 137
, 190
, 66
, 84
, 172
, 183
, 73
, 97
, 159
, 78
, 178
, 146
, 110
, 49
, 207
, 31
, 225
, 100
, 156
, 92
, 164
, 163
, 93
, 187
, 69
, 70
, 186
, 181
, 75
, 14
, 242
, 245
, 11
, 35
, 221
, 118
, 138
, 29
, 227
, 245
, 11
, 181
, 75
, 1
, 255
, 239
, 17
, 153
, 103
, 88
, 168
, 106
, 150
, 184
, 72
, 150
, 106
, 91
, 165
, 69
, 187
, 139
, 117
, 151
, 105
, 57
, 199
, 150
, 106
, 243
, 13
, 90
, 166
, 63
, 193
, 208
, 48
, 252
, 4
, 248
, 8
, 205
, 51
, 144
, 112
, 159
, 97
, 48
, 208
, 63
, 193
, 249
, 7
, 106
, 150
, 134
, 122
, 229
, 27
, 224
, 32
, 236
, 20
, 96
, 160
, 193
, 63
, 249
, 7
, 20
, 236
, 145
, 111
, 79
, 177
, 119
, 137
, 2
, 254
, 174
, 82
, 49
, 207
, 121
, 135
, 43
, 213
, 13
, 243
, 89
, 167
, 208
, 48
, 68
, 188
, 33
, 223
, 64
, 192
, 134
, 122
, 223
, 33
, 236
, 20
, 146
, 110
, 226
, 30
, 110
, 146
, 133
, 123
, 20
, 236
, 182
, 74
, 248
, 8
, 243
, 13
, 234
, 22
, 42
, 214
, 204
, 52
, 66
, 190
, 251
, 5
, 29
, 227
, 47
, 209
, 137
, 119
, 1
, 255
, 192
, 64
, 106
, 150
, 127
, 129
, 59
, 197
, 220
, 36
, 251
, 5
, 83
, 173
, 75
, 181
, 68
, 188
, 101
, 155
, 191
, 65
, 113
, 143
, 249
, 7
, 112
, 144
, 34
, 222
, 110
, 146
, 35
, 221
, 62
, 194
, 27
, 229
, 108
, 148
, 48
, 208
, 48
, 208
, 75
, 181
, 72
, 184
, 146
, 110
, 69
, 187
, 65
, 191
, 187
, 69
, 89
, 167
, 149
, 107
, 72
, 184
, 215
, 41
, 219
, 37
, 193
, 63
, 232
, 24
, 14
, 242
, 246
, 10
, 96
, 160
, 66
, 190
, 114
, 142
, 232
, 24
, 76
, 180
, 85
, 171
, 155
, 101
, 198
, 58
, 101
, 155
, 156
, 100
, 39
, 217
, 115
, 141
, 245
, 11
, 241
, 15
, 236
, 20
, 158
, 98
, 57
, 199
, 124
, 132
, 199
, 57
, 241
, 15
, 11
, 245
, 136
, 120
, 253
, 3
, 208
, 48
, 103
, 153
, 80
, 176
, 114
, 142
, 194
, 62
, 116
, 140
, 158
, 98
, 99
, 157
, 42
, 214
, 32
, 224
, 211
, 45
, 226
, 30
, 88
, 168
, 115
, 141
, 63
, 193
, 2
, 254
