
4370
, 205
, 17
, 12
, 210
, 33
, 189
, 202
, 20
, 162
, 60
, 200
, 22
, 51
, 171
, 116
, 106
, 195
, 27
, 214
, 8
, 18
, 204
, 37
, 185
, 168
, 54
, 46
, 176
, 94
, 128
, 176
, 46
, 129
, 93
, 41
, 181
, 164
, 58
, 35
, 187
, 193
, 29
, 109
, 113
, 50
, 172
, 193
, 29
, 204
, 18
, 6
, 216
, 47
, 175
, 22
, 200
, 214
, 8
, 160
, 62
, 109
, 113
, 131
, 91
, 188
, 34
, 24
, 198
, 113
, 109
, 120
, 102
, 196
, 26
, 106
, 116
, 220
, 2
, 63
, 159
, 9
, 213
, 105
, 117
, 154
, 68
, 130
, 92
, 42
, 180
, 177
, 45
, 82
, 140
, 182
, 40
, 15
, 207
, 8
, 214
, 100
, 122
, 185
, 37
, 36
, 186
, 171
, 51
, 79
, 143
, 119
, 103
, 162
, 60
, 89
, 133
, 215
, 7
, 50
, 172
, 93
, 129
, 48
, 174
, 170
, 52
, 172
, 50
, 49
, 173
, 201
, 21
, 97
, 125
, 208
, 14
, 10
, 212
, 30
, 192
, 128
, 94
, 151
, 71
, 54
, 168
, 141
, 81
, 24
, 198
, 7
, 215
, 14
, 208
, 167
, 55
, 101
, 121
, 27
, 195
, 131
, 91
, 173
, 49
, 176
, 46
, 137
, 85
, 23
, 199
, 186
, 36
, 67
, 155
, 182
, 40
, 89
, 133
, 197
, 25
, 137
, 85
, 108
, 114
, 89
, 133
, 142
, 80
, 33
, 189
, 50
, 172
, 19
, 203
, 7
, 215
, 35
, 187
, 126
, 96
, 101
, 121
, 41
, 181
, 180
, 42
, 47
, 175
, 152
, 70
, 5
, 217
, 213
, 9
, 9
, 213
, 187
, 35
, 56
, 166
, 119
, 103
, 168
, 54
, 87
, 135
, 130
, 92
, 6
, 216
, 112
, 110
, 187
, 35
, 211
, 11
, 85
, 137
, 81
, 141
, 186
, 36
, 206
, 16
, 219
, 3
, 121
, 101
, 166
, 56
, 129
, 93
, 41
, 181
, 160
, 62
, 142
, 80
, 180
, 42
, 51
, 171
, 94
, 128
, 86
, 136
, 16
, 206
, 206
, 16
, 182
, 40
, 99
, 123
, 155
, 67
, 202
, 20
, 58
, 164
, 79
, 143
, 119
, 103
, 90
, 132
, 91
, 131
, 49
, 173
, 29
, 193
, 167
, 55
, 35
, 187
, 120
, 102
, 149
, 73
, 52
, 170
, 63
, 159
, 66
, 156
, 72
, 150
, 108
, 114
, 59
, 163
, 2
, 220
, 94
, 128
, 116
, 106
, 155
, 67
, 201
, 21
, 59
, 163
, 202
, 20
, 56
, 166
, 141
, 81
, 31
, 191
, 52
, 170
, 138
, 84
, 108
, 114
, 11
, 211
, 183
, 39
, 131
, 91
, 111
, 111
, 76
, 146
, 41
, 181
, 122
, 100
, 31
, 191
, 38
, 184
, 92
, 130
, 111
, 111
, 71
, 151
, 150
, 72
, 173
, 49
, 29
, 193
, 219
, 3
, 187
, 35
, 206
, 16
, 38
, 184
, 122
, 100
, 8
, 214
, 121
, 101
, 101
, 121
, 133
, 89
, 159
, 63
, 26
, 196
, 4
, 218
, 64
, 158
, 156
, 66
, 217
, 5
, 175
, 47
, 78
, 144
, 201
, 21
, 144
, 78
, 95
, 127
, 181
, 41
, 117
, 105
, 154
, 68
, 143
, 79
, 60
, 162
, 182
, 40
, 61
, 161
, 6
, 216
, 21
, 201
, 32
, 190
, 138
, 84
, 10
, 212
, 133
, 89
, 33
, 189
, 119
, 103
, 97
, 125
, 60
, 162
, 56
, 166
, 93
, 129
, 186
, 36
, 49
, 173
, 37
, 185
, 192
, 30
, 80
, 142
, 46
, 176
, 94
, 128
, 154
, 68
, 59
, 163
, 121
, 101
, 195
, 27
, 157
, 65
, 136
, 86
, 49
, 173
, 115
, 107
, 43
, 179
, 26
, 196
, 24
, 198
, 219
, 3
, 25
, 197
, 28
, 194
, 31
, 191
, 131
, 91
, 159
, 63
, 125
, 97
, 38
, 184
, 218
, 4
, 90
, 132
, 50
, 172
, 184
, 38
, 160
, 62
, 51
, 171
, 95
, 127
, 27
, 195
, 207
, 15
, 68
, 154
, 189
, 33
, 129
, 93
, 129
, 93
, 153
, 69
, 20
, 202
, 14
, 208
, 77
, 145
, 7
, 215
, 112
, 110
, 96
, 126
, 183
, 39
, 76
, 146
, 40
, 182
, 179
, 43
, 171
, 51
, 136
, 86
, 131
, 91
, 53
, 169
, 76
, 146
, 13
, 209
, 201
, 21
, 178
, 44
, 58
, 164
, 104
, 118
, 198
, 24
, 22
, 200
, 194
, 28
, 101
, 121
, 115
, 107
, 157
, 65
, 30
, 192
, 25
, 197
, 144
, 78
, 205
, 17
, 18
, 204
, 56
, 166
, 59
, 163
, 74
, 148
, 167
, 55
, 49
, 173
, 34
, 188
, 4
, 218
, 75
, 147
, 86
, 136
, 171
, 51
, 90
, 132
, 175
, 47
, 212
, 10
, 61
, 161
, 5
, 217
, 69
, 153
, 29
, 193
, 85
, 137
, 171
, 51
, 119
, 103
, 105
, 117
, 41
, 181
, 170
, 52
, 33
, 189
, 21
, 201
, 112
, 110
, 22
, 200
, 77
, 145
, 113
, 109
, 57
, 165
, 89
, 133
, 176
, 46
, 180
, 42
, 203
, 19
, 122
, 100
, 147
, 75
, 132
, 90
, 10
, 212
, 185
, 37
, 4
, 218
, 189
, 33
, 133
, 89
, 152
, 70
, 55
, 167
, 98
, 124
, 37
, 185
, 72
, 150
, 73
, 149
, 206
, 16
, 30
, 192
, 209
, 13
, 211
, 11
, 213
, 9
, 205
, 17
, 205
, 17
, 121
, 101
, 146
, 76
, 48
, 174
, 33
, 189
, 4
, 218
, 39
, 183
, 103
, 119
, 55
, 167
, 163
, 59
, 148
, 74
, 141
, 81
, 104
, 118
, 93
, 129
, 139
, 83
, 167
, 55
, 127
, 95
, 38
, 184
, 40
, 182
, 36
, 186
, 180
, 42
, 56
, 166
, 96
, 126
, 151
, 71
, 16
, 206
, 27
, 195
, 21
, 201
, 92
, 130
, 74
, 148
, 147
, 75
, 161
, 61
, 83
, 139
, 99
, 123
, 127
, 95
, 214
, 8
, 176
, 46
, 201
, 21
, 89
, 133
, 35
, 187
, 118
, 104
, 208
, 14
, 176
, 46
, 108
, 114
, 44
, 178
, 168
, 54
, 189
, 33
, 120
, 102
, 142
, 80
, 125
, 97
, 212
, 10
, 183
, 39
, 196
, 26
, 96
, 126
, 136
, 86
, 1
, 221
, 66
, 156
, 99
, 123
, 190
, 32
, 29
, 193
, 41
, 181
, 126
, 96
, 1
, 221
, 137
, 85
, 129
, 93
, 150
, 72
, 89
, 133
, 98
, 124
, 141
, 81
, 147
, 75
, 157
, 65
, 56
, 166
, 128
, 94
, 22
, 200
, 166
, 56
, 66
, 156
, 65
, 157
, 143
, 79
, 206
, 16
, 138
, 84
, 161
, 61
, 10
, 212
, 48
, 174
, 9
, 213
, 116
, 106
, 49
, 173
, 136
, 86
, 78
, 144
, 159
, 63
, 97
, 125
, 62
, 160
, 187
, 35
, 202
, 20
, 87
, 135
, 7
, 215
, 49
, 173
, 87
, 135
, 43
, 179
, 36
, 186
, 220
, 2
, 64
, 158
, 15
, 207
, 49
, 173
, 78
, 144
, 93
, 129
, 20
, 202
, 99
, 123
, 183
, 39
, 140
, 82
, 162
, 60
, 161
, 61
, 190
, 32
, 27
, 195
, 216
, 6
, 123
, 99
, 179
, 43
, 148
, 74
, 4
, 218
, 112
, 110
, 69
, 153
, 6
, 216
, 197
, 25
, 208
, 14
, 23
, 199
, 92
, 130
, 178
, 44
, 195
, 27
, 162
, 60
, 172
, 50
, 77
, 145
, 25
, 197
, 130
, 92
, 207
, 15
, 51
, 171
, 213
, 9
, 200
, 22
, 141
, 81
, 162
, 60
, 166
, 56
, 149
, 73
, 202
, 20
, 170
, 52
, 115
, 107
, 7
, 215
, 5
, 217
, 97
, 125
, 213
, 9
, 53
, 169
, 136
, 86
, 189
, 33
, 196
, 26
, 118
, 104
, 179
, 43
, 8
, 214
, 25
, 197
, 185
, 37
, 94
, 128
, 130
, 92
, 200
, 22
, 174
, 48
, 17
, 205
, 75
, 147
, 140
, 82
, 52
, 170
, 58
, 164
, 55
, 167
, 81
, 141
, 162
, 60
, 126
, 96
, 215
, 7
, 133
, 89
, 4
, 218
, 50
, 172
, 177
, 45
, 195
, 27
, 163
, 59
, 190
, 32
, 82
, 140
, 68
, 154
, 138
, 84
, 218
, 4
, 43
, 179
, 39
, 183
, 73
, 149
, 204
, 18
, 12
, 210
, 89
, 133
, 136
, 86
, 90
, 132
, 3
, 219
, 98
, 124
, 17
, 205
, 178
, 44
, 101
, 121
, 1
, 221
, 91
, 131
, 203
, 19
, 215
, 7
, 195
, 27
, 197
, 25
, 84
, 138
, 7
, 215
, 144
, 78
, 7
, 215
, 148
, 74
, 218
, 4
, 120
, 102
, 94
, 128
, 131
, 91
, 21
, 201
, 90
, 132
, 79
, 143
, 178
, 44
, 134
, 88
, 136
, 86
, 48
, 174
, 151
, 71
, 208
, 14
, 57
, 165
, 4
, 218
, 41
, 181
, 205
, 17
, 220
, 2
, 13
, 209
, 89
, 133
, 127
, 95
, 170
, 52
, 3
, 219
, 60
, 162
, 95
, 127
, 193
, 29
, 61
, 161
, 156
, 66
, 117
, 105
, 165
, 57
, 86
, 136
, 34
, 188
, 63
, 159
, 97
, 125
, 143
, 79
, 183
, 39
, 107
, 115
, 206
, 16
, 90
, 132
, 30
, 192
, 99
, 123
, 175
, 47
, 40
, 182
, 81
, 141
, 59
, 163
, 148
, 74
, 158
, 64
, 124
, 98
, 189
, 33
, 73
, 149
, 57
, 165
, 198
, 24
, 87
, 135
, 35
, 187
, 202
, 20
, 34
, 188
, 156
, 66
, 15
, 207
, 215
, 7
, 100
, 122
, 1
, 221
, 190
, 32
, 38
, 184
, 90
, 132
, 3
, 219
, 84
, 138
, 161
, 61
, 63
, 159
, 98
, 124
, 125
, 97
, 108
, 114
, 50
, 172
, 155
, 67
, 191
, 31
, 70
, 152
, 116
, 106
, 55
, 167
, 160
, 62
, 74
, 148
, 220
, 2
, 105
, 117
, 13
, 209
, 39
, 183
, 209
, 13
, 5
, 217
, 164
, 58
, 4
, 218
, 66
, 156
, 82
, 140
, 60
, 162
, 120
, 102
, 39
, 183
, 127
, 95
, 114
, 108
, 97
, 125
, 173
, 49
, 63
, 159
, 84
, 138
, 48
, 174
, 65
, 157
, 148
, 74
, 183
, 39
, 96
, 126
, 198
, 24
, 141
, 81
, 38
, 184
, 112
, 110
, 57
, 165
, 11
, 211
, 195
, 27
, 206
, 16
, 84
, 138
, 3
, 219
, 150
, 72
, 202
, 20
, 90
, 132
, 101
, 121
, 190
, 32
, 141
, 81
, 192
, 30
, 8
, 214
, 190
, 32
, 37
, 185
, 74
, 148
, 29
, 193
, 158
, 64
, 28
, 194
, 46
, 176
, 173
, 49
, 58
, 164
, 132
, 90
, 174
, 48
, 136
, 86
, 53
, 169
, 78
, 144
, 105
, 117
, 107
, 115
, 114
, 108
, 24
, 198
, 28
, 194
, 189
, 33
, 92
, 130
, 131
, 91
, 131
, 91
, 55
, 167
, 52
, 170
, 112
, 110
, 155
, 67
, 151
, 71
, 122
, 100
, 132
, 90
, 53
, 169
, 25
, 197
, 22
, 200
, 173
, 49
, 45
, 177
, 11
, 211
, 157
, 65
, 160
, 62
, 188
, 34
, 27
, 195
, 208
, 14
, 55
, 167
, 44
, 178
, 17
, 205
, 116
, 106
, 69
, 153
, 1
, 221
, 190
, 32
, 112
, 110
, 207
, 15
, 74
, 148
, 170
, 52
, 131
, 91
, 65
, 157
, 174
, 48
, 25
, 197
, 69
, 153
, 97
, 125
, 103
, 119
, 8
, 214
, 99
, 123
, 36
, 186
, 164
, 58
, 169
, 53
, 52
, 170
, 177
, 45
, 179
, 43
, 2
, 220
, 199
, 23
, 45
, 177
, 44
, 178
, 208
, 14
, 76
, 146
, 119
, 103
, 15
, 207
, 30
, 192
, 160
, 62
, 28
, 194
, 179
, 43
, 3
, 219
, 181
, 41
, 200
, 22
, 179
, 43
, 10
, 212
, 200
, 22
, 124
, 98
, 144
, 78
, 105
, 117
, 96
, 126
, 83
, 139
, 32
, 190
, 115
, 107
, 98
, 124
, 78
, 144
, 115
, 107
, 119
, 103
, 205
, 17
, 117
, 105
, 165
, 57
, 110
, 112
, 8
, 214
, 103
, 119
, 89
, 133
, 180
, 42
, 46
, 176
, 41
, 181
, 180
, 42
, 2
, 220
, 172
, 50
, 158
, 64
, 218
, 4
, 137
, 85
, 170
, 52
, 5
, 217
, 135
, 87
, 129
, 93
, 66
, 156
, 92
, 130
, 166
, 56
, 212
, 10
, 110
, 112
, 164
, 58
, 208
, 14
, 23
, 199
, 186
, 36
, 134
, 88
, 77
, 145
, 104
, 118
, 206
, 16
, 191
, 31
, 99
, 123
, 31
, 191
, 22
, 200
, 161
, 61
, 16
, 206
, 94
, 128
, 117
, 105
, 168
, 54
, 168
, 54
, 173
, 49
, 31
, 191
, 74
, 148
, 80
, 142
, 109
, 113
, 128
, 94
, 67
, 155
, 140
, 82
, 147
, 75
, 178
, 44
, 204
, 18
, 218
, 4
, 63
, 159
, 139
, 83
, 171
, 51
, 187
, 35
, 21
, 201
, 28
, 194
, 196
, 26
, 136
, 86
, 112
, 110
, 160
, 62
, 122
, 100
, 118
, 104
, 53
, 169
, 158
, 64
, 194
, 28
, 70
, 152
, 48
, 174
, 178
, 44
, 166
, 56
, 41
, 181
, 45
, 177
, 101
, 121
, 133
, 89
, 141
, 81
, 60
, 162
, 67
, 155
, 181
, 41
, 145
, 77
, 126
, 96
, 1
, 221
, 74
, 148
, 213
, 9
, 106
, 116
, 13
, 209
, 71
, 151
, 188
, 34
, 114
, 108
, 80
, 142
, 184
, 38
, 142
, 80
, 22
, 200
, 97
, 125
, 156
, 66
, 97
, 125
, 59
, 163
, 39
, 183
, 211
, 11
, 5
, 217
, 88
, 134
, 196
, 26
, 130
, 92
, 143
, 79
, 30
, 192
, 46
, 176
, 136
, 86
, 74
, 148
, 119
, 103
, 14
, 208
, 18
, 204
, 15
, 207
, 134
, 88
, 75
, 147
, 115
, 107
, 19
, 203
, 38
, 184
, 121
, 101
, 20
, 202
, 92
, 130
, 172
, 50
, 192
, 30
, 95
, 127
, 9
, 213
, 134
, 88
, 45
, 177
, 70
, 152
, 181
, 41
, 83
, 139
, 5
, 217
, 179
, 43
, 156
, 66
, 128
, 94
, 9
, 213
, 141
, 81
, 29
, 193
, 18
, 204
, 184
, 38
, 118
, 104
, 202
, 20
, 177
, 45
, 189
, 33
, 1
, 221
, 98
, 124
, 73
, 149
, 148
, 74
, 219
, 3
, 117
, 105
, 149
, 73
, 149
, 73
, 181
, 41
, 132
, 90
, 146
, 76
, 36
, 186
, 21
, 201
, 105
, 117
, 146
, 76
, 210
, 12
, 73
, 149
, 210
, 12
, 50
, 172
, 163
, 59
, 156
, 66
, 164
, 58
, 189
, 33
, 152
, 70
, 82
, 140
, 160
, 62
, 1
, 221
, 100
, 122
, 207
, 15
, 127
, 95
, 90
, 132
, 196
, 26
, 183
, 39
, 63
, 159
, 176
, 46
, 24
, 198
, 201
, 21
, 81
, 141
, 29
, 193
, 58
, 164
, 111
, 111
, 128
, 94
, 90
, 132
, 88
, 134
, 120
, 102
, 59
, 163
, 60
, 162
, 84
, 138
, 136
, 86
, 80
, 142
, 147
, 75
, 201
, 21
, 203
, 19
, 97
, 125
, 85
, 137
, 209
, 13
, 86
, 136
, 179
, 43
, 50
, 172
, 200
, 22
, 205
, 17
, 137
, 85
, 169
, 53
, 140
, 82
, 96
, 126
, 90
, 132
, 102
, 120
, 220
, 2
, 50
, 172
, 181
, 41
, 112
, 110
, 88
, 134
, 188
, 34
, 135
, 87
, 124
, 98
, 75
, 147
, 217
, 5
, 168
, 54
, 56
, 166
, 120
, 102
, 200
, 22
, 212
, 10
, 65
, 157
, 165
, 57
, 206
, 16
, 15
, 207
, 216
, 6
, 207
, 15
, 61
, 161
, 112
, 110
, 67
, 155
, 9
, 213
, 211
, 11
, 86
, 136
, 203
, 19
, 170
, 52
, 55
, 167
, 220
, 2
, 67
, 155
, 150
, 72
, 165
, 57
, 4
, 218
, 99
, 123
, 177
, 45
, 20
, 202
, 35
, 187
, 34
, 188
, 138
, 84
, 91
, 131
, 142
, 80
, 168
, 54
, 105
, 117
, 127
, 95
, 17
, 205
, 32
, 190
, 202
, 20
, 102
, 120
, 125
, 97
, 91
, 131
, 196
, 26
, 1
, 221
, 81
, 141
, 125
, 97
, 192
, 30
, 19
, 203
, 39
, 183
, 211
, 11
, 71
, 151
, 153
, 69
, 190
, 32
, 98
, 124
, 24
, 198
, 109
, 113
, 115
, 107
, 201
, 21
, 66
, 156
, 197
, 25
, 126
, 96
, 76
, 146
, 123
, 99
, 64
, 158
, 175
, 47
, 195
, 27
, 3
, 219
, 175
, 47
, 130
, 92
, 31
, 191
, 84
, 138
, 19
, 203
, 34
, 188
, 168
, 54
, 33
, 189
, 4
, 218
, 173
, 49
, 108
, 114
, 180
, 42
, 34
, 188
, 27
, 195
, 129
, 93
, 51
, 171
, 191
, 31
, 49
, 173
, 19
, 203
, 25
, 197
, 114
, 108
, 159
, 63
, 201
, 21
, 24
, 198
, 205
, 17
, 150
, 72
, 37
, 185
, 126
, 96
, 88
, 134
, 110
, 112
, 156
, 66
, 9
, 213
, 30
, 192
, 22
, 200
, 9
, 213
, 1
, 221
, 45
, 177
, 77
, 145
, 220
, 2
, 121
, 101
, 157
, 65
, 170
, 52
, 125
, 97
, 27
, 195
, 79
, 143
, 139
, 83
, 189
, 33
, 131
, 91
, 160
, 62
, 199
, 23
, 164
, 58
, 217
, 5
, 11
, 211
, 123
, 99
, 53
, 169
, 30
, 192
, 176
, 46
, 181
, 41
, 204
, 18
, 77
, 145
, 179
, 43
, 59
, 163
, 155
, 67
, 71
, 151
, 29
, 193
, 15
, 207
, 118
, 104
, 52
, 170
, 44
, 178
, 74
, 148
, 190
, 32
, 62
, 160
, 184
, 38
, 74
, 148
, 59
, 163
, 119
, 103
, 36
, 186
, 23
, 199
, 118
, 104
, 169
, 53
, 109
, 113
, 71
, 151
, 156
, 66
, 74
, 148
, 164
, 58
, 108
, 114
, 153
, 69
, 72
, 150
, 201
, 21
, 58
, 164
, 179
, 43
, 34
, 188
, 124
, 98
, 190
, 32
, 14
, 208
, 193
, 29
, 107
, 115
, 27
, 195
, 13
, 209
, 140
, 82
, 29
, 193
, 201
, 21
, 215
, 7
, 47
, 175
, 114
, 108
, 156
, 66
, 105
, 117
, 83
, 139
, 122
, 100
, 88
, 134
, 96
, 126
, 156
, 66
, 54
, 168
, 49
, 173
, 113
, 109
, 203
, 19
, 199
, 23
, 26
, 196
, 5
, 217
, 99
, 123
, 124
, 98
, 30
, 192
, 34
, 188
, 141
, 81
, 175
, 47
, 192
, 30
, 100
, 122
, 78
, 144
, 19
, 203
, 150
, 72
, 127
, 95
, 198
, 24
, 46
, 176
, 181
, 41
, 144
, 78
, 174
, 48
, 42
, 180
, 133
, 89
, 22
, 200
, 40
, 182
, 133
, 89
, 48
, 174
, 106
, 116
, 89
, 133
, 110
, 112
, 7
, 215
, 138
, 84
, 140
, 82
, 150
, 72
, 140
, 82
, 68
, 154
, 202
, 20
, 76
, 146
, 193
, 29
, 45
, 177
, 34
, 188
, 74
, 148
, 81
, 141
, 205
, 17
, 196
, 26
, 10
, 212
, 30
, 192
, 32
, 190
, 104
, 118
, 216
, 6
, 155
, 67
, 83
, 139
, 198
, 24
, 27
, 195
, 11
, 211
, 81
, 141
, 96
, 126
, 163
, 59
, 11
, 211
, 161
, 61
, 123
, 99
, 40
, 182
, 64
, 158
, 158
, 64
, 192
, 30
, 124
, 98
, 218
, 4
, 121
, 101
, 35
, 187
, 69
, 153
, 219
, 3
, 81
, 141
, 7
, 215
, 166
, 56
, 110
, 112
, 170
, 52
, 124
, 98
, 144
, 78
, 78
, 144
, 121
, 101
, 17
, 205
, 17
, 205
, 143
, 79
, 38
, 184
, 46
, 176
, 90
, 132
, 121
, 101
, 48
, 174
, 67
, 155
, 183
, 39
, 218
, 4
, 67
, 155
, 113
, 109
, 87
, 135
, 13
, 209
, 77
, 145
, 81
, 141
, 202
, 20
, 205
, 17
, 112
, 110
, 136
, 86
, 38
, 184
, 179
, 43
, 64
, 158
, 20
, 202
, 144
, 78
, 155
, 67
, 141
, 81
, 133
, 89
, 62
, 160
, 85
, 137
, 159
, 63
, 98
, 124
, 101
, 121
, 70
, 152
, 176
, 46
, 78
, 144
, 80
, 142
, 176
, 46
, 55
, 167
, 103
, 119
, 47
, 175
, 105
, 117
, 11
, 211
, 102
, 120
, 7
, 215
, 170
, 52
, 22
, 200
, 181
, 41
, 9
, 213
, 160
, 62
, 67
, 155
, 47
, 175
, 108
, 114
, 117
, 105
, 199
, 23
, 136
, 86
, 179
, 43
, 145
, 77
, 58
, 164
, 161
, 61
, 54
, 168
, 161
, 61
, 18
, 204
, 167
, 55
, 89
, 133
, 104
, 118
, 186
, 36
, 135
, 87
, 85
, 137
, 157
, 65
, 66
, 156
, 99
, 123
, 152
, 70
, 186
, 36
, 91
, 131
, 22
, 200
, 85
, 137
, 211
, 11
, 153
, 69
, 116
, 106
, 220
, 2
, 71
, 151
, 187
, 35
, 108
, 114
, 204
, 18
, 46
, 176
, 71
, 151
, 157
, 65
, 66
, 156
, 149
, 73
, 215
, 7
, 78
, 144
, 187
, 35
, 95
, 127
, 61
, 161
, 61
, 161
, 84
, 138
, 62
, 160
, 28
, 194
, 127
, 95
, 113
, 109
, 130
, 92
, 145
, 77
, 154
, 68
, 174
, 48
, 58
, 164
, 182
, 40
, 53
, 169
, 180
, 42
, 55
, 167
, 145
, 77
, 26
, 196
, 101
, 121
, 64
, 158
, 61
, 161
, 28
, 194
, 161
, 61
, 118
, 104
, 102
, 120
, 196
, 26
, 36
, 186
, 124
, 98
, 175
, 47
, 99
, 123
, 143
, 79
, 2
, 220
, 3
, 219
, 5
, 217
, 84
, 138
, 138
, 84
, 126
, 96
, 123
, 99
, 182
, 40
, 147
, 75
, 182
, 40
, 183
, 39
, 53
, 169
, 151
, 71
, 144
, 78
, 124
, 98
, 65
, 157
, 58
, 164
, 187
, 35
, 75
, 147
, 42
, 180
, 165
, 57
, 115
, 107
, 119
, 103
, 109
, 113
, 51
, 171
, 213
, 9
, 158
, 64
, 98
, 124
, 206
, 16
, 135
, 87
, 105
, 117
, 79
, 143
, 160
, 62
, 145
, 77
, 214
, 8
, 133
, 89
, 42
, 180
, 208
, 14
, 45
, 177
, 151
, 71
, 172
, 50
, 115
, 107
, 77
, 145
, 196
, 26
, 190
, 32
, 129
, 93
, 201
, 21
, 129
, 93
, 90
, 132
, 148
, 74
, 95
, 127
, 32
, 190
, 203
, 19
, 82
, 140
, 113
, 109
, 216
, 6
, 198
, 24
, 9
, 213
, 200
, 22
, 49
, 173
, 185
, 37
, 36
, 186
, 201
, 21
, 4
, 218
, 24
, 198
, 103
, 119
, 195
, 27
, 153
, 69
, 173
, 49
, 145
, 77
, 152
, 70
, 194
, 28
, 141
, 81
, 25
, 197
, 168
, 54
, 200
, 22
, 87
, 135
, 56
, 166
, 127
, 95
, 122
, 100
, 23
, 199
, 12
, 210
, 214
, 8
, 59
, 163
, 109
, 113
, 205
, 17
, 126
, 96
, 52
, 170
, 207
, 15
, 161
, 61
, 52
, 170
, 187
, 35
, 55
, 167
, 214
, 8
, 197
, 25
, 214
, 8
, 19
, 203
, 133
, 89
, 128
, 94
, 150
, 72
, 47
, 175
, 130
, 92
, 113
, 109
, 204
, 18
, 183
, 39
, 16
, 206
, 207
, 15
, 68
, 154
, 160
, 62
, 156
, 66
, 61
, 161
, 115
, 107
, 108
, 114
, 106
, 116
, 117
, 105
, 64
, 158
, 75
, 147
, 59
, 163
, 74
, 148
, 162
, 60
, 24
, 198
, 29
, 193
, 69
, 153
, 184
, 38
, 134
, 88
, 145
, 77
, 15
, 207
, 59
, 163
, 157
, 65
, 193
, 29
, 170
, 52
, 8
, 214
, 85
, 137
, 29
, 193
, 55
, 167
, 168
, 54
, 16
, 206
, 82
, 140
, 103
, 119
, 190
, 32
, 207
, 15
, 77
, 145
, 27
, 195
, 180
, 42
, 198
, 24
, 55
, 167
, 202
, 20
, 162
, 60
, 162
, 60
, 163
, 59
, 143
, 79
, 122
, 100
, 212
, 10
, 67
, 155
, 54
, 168
, 150
, 72
, 135
, 87
, 217
, 5
, 67
, 155
, 196
, 26
, 200
, 22
, 179
, 43
, 51
, 171
, 16
, 206
, 7
, 215
, 107
, 115
, 75
, 147
, 110
, 112
, 151
, 71
, 173
, 49
, 166
, 56
, 39
, 183
, 17
, 205
, 140
, 82
, 81
, 141
, 13
, 209
, 17
, 205
, 20
, 202
, 159
, 63
, 196
, 26
, 176
, 46
, 157
, 65
, 176
, 46
, 126
, 96
, 14
, 208
, 56
, 166
, 86
, 136
, 33
, 189
, 192
, 30
, 142
, 80
, 185
, 37
, 46
, 176
, 211
, 11
, 158
, 64
, 103
, 119
, 143
, 79
, 119
, 103
, 25
, 197
, 161
, 61
, 218
, 4
, 42
, 180
, 93
, 129
, 41
, 181
, 82
, 140
, 66
, 156
, 21
, 201
, 148
, 74
, 12
, 210
, 68
, 154
, 60
, 162
, 115
, 107
, 130
, 92
, 177
, 45
, 1
, 221
, 207
, 15
, 146
, 76
, 163
, 59
, 145
, 77
, 68
, 154
, 29
, 193
, 5
, 217
, 137
, 85
, 19
, 203
, 171
, 51
, 168
, 54
, 28
, 194
, 99
, 123
, 86
, 136
, 173
, 49
, 77
, 145
, 179
, 43
, 61
, 161
, 183
, 39
, 98
, 124
, 114
, 108
, 52
, 170
, 136
, 86
, 78
, 144
, 53
, 169
, 106
, 116
, 130
, 92
, 21
, 201
, 48
, 174
, 137
, 85
, 18
, 204
, 173
, 49
, 191
, 31
, 47
, 175
, 24
, 198
, 111
, 111
, 123
, 99
, 110
, 112
, 112
, 110
, 5
, 217
, 110
, 112
, 158
, 64
, 15
, 207
, 169
, 53
, 144
, 78
, 8
, 214
, 74
, 148
, 206
, 16
, 75
, 147
, 9
, 213
, 146
, 76
, 180
, 42
, 220
, 2
, 139
, 83
, 168
, 54
, 30
, 192
, 159
, 63
, 197
, 25
, 187
, 35
, 141
, 81
, 101
, 121
, 25
, 197
, 46
, 176
, 41
, 181
, 170
, 52
, 178
, 44
, 155
, 67
, 18
, 204
, 120
, 102
, 184
, 38
, 28
, 194
, 202
, 20
, 5
, 217
, 176
, 46
, 178
, 44
, 158
, 64
, 95
, 127
, 185
, 37
, 16
, 206
, 81
, 141
, 138
, 84
, 211
, 11
, 44
, 178
, 111
, 111
, 202
, 20
, 131
, 91
, 161
, 61
, 178
, 44
, 66
, 156
, 22
, 200
, 126
, 96
, 72
, 150
, 33
, 189
, 61
, 161
, 14
, 208
, 214
, 8
, 92
, 130
, 117
, 105
, 26
, 196
, 185
, 37
, 100
, 122
, 123
, 99
, 10
, 212
, 48
, 174
, 18
, 204
, 29
, 193
, 55
, 167
, 72
, 150
, 90
, 132
, 30
, 192
, 145
, 77
, 207
, 15
, 147
, 75
, 90
, 132
, 152
, 70
, 107
, 115
, 29
, 193
, 39
, 183
, 33
, 189
, 38
, 184
, 60
, 162
, 20
, 202
, 192
, 30
, 173
, 49
, 129
, 93
, 21
, 201
, 209
, 13
, 112
, 110
, 123
, 99
, 143
, 79
, 54
, 168
, 9
, 213
, 90
, 132
, 97
, 125
, 50
, 172
, 87
, 135
, 16
, 206
, 77
, 145
, 13
, 209
, 159
, 63
, 89
, 133
, 171
, 51
, 52
, 170
, 20
, 202
, 128
, 94
, 109
, 113
, 192
, 30
, 138
, 84
, 59
, 163
, 142
, 80
, 156
, 66
, 129
, 93
, 22
, 200
, 134
, 88
, 84
, 138
, 35
, 187
, 180
, 42
, 141
, 81
, 189
, 33
, 136
, 86
, 220
, 2
, 23
, 199
, 148
, 74
, 74
, 148
, 220
, 2
, 4
, 218
, 150
, 72
, 108
, 114
, 86
, 136
, 176
, 46
, 69
, 153
, 102
, 120
, 212
, 10
, 4
, 218
, 157
, 65
, 133
, 89
, 38
, 184
, 155
, 67
, 123
, 99
, 136
, 86
, 116
, 106
, 178
, 44
, 81
, 141
, 180
, 42
, 69
, 153
, 184
, 38
, 59
, 163
, 207
, 15
, 106
, 116
, 219
, 3
, 48
, 174
, 170
, 52
, 47
, 175
, 164
, 58
, 139
, 83
, 202
, 20
, 49
, 173
, 214
, 8
, 196
, 26
, 56
, 166
, 165
, 57
, 17
, 205
, 131
, 91
, 144
, 78
, 174
, 48
, 131
, 91
, 136
, 86
, 1
, 221
, 51
, 171
, 162
, 60
, 39
, 183
, 81
, 141
, 168
, 54
, 186
, 36
, 38
, 184
, 82
, 140
, 87
, 135
, 34
, 188
, 168
, 54
, 177
, 45
, 27
, 195
, 22
, 200
, 218
, 4
, 157
, 65
, 142
, 80
, 210
, 12
, 13
, 209
, 47
, 175
, 34
, 188
, 90
, 132
, 102
, 120
, 12
, 210
, 29
, 193
, 17
, 205
, 211
, 11
, 25
, 197
, 177
, 45
, 131
, 91
, 105
, 117
, 157
, 65
, 53
, 169
, 149
, 73
, 36
, 186
, 19
, 203
, 86
, 136
, 20
, 202
, 126
, 96
, 119
, 103
, 31
, 191
, 89
, 133
, 3
, 219
, 202
, 20
, 209
, 13
, 177
, 45
, 138
, 84
, 162
, 60
, 87
, 135
, 116
, 106
, 6
, 216
, 67
, 155
, 217
, 5
, 49
, 173
, 155
, 67
, 199
, 23
, 131
, 91
, 59
, 163
, 24
, 198
, 203
, 19
, 25
, 197
, 142
, 80
, 34
, 188
, 119
, 103
, 33
, 189
, 217
, 5
, 184
, 38
, 119
, 103
, 93
, 129
, 51
, 171
, 2
, 220
, 196
, 26
, 40
, 182
, 215
, 7
, 36
, 186
, 101
, 121
, 14
, 208
, 120
, 102
, 103
, 119
, 49
, 173
, 97
, 125
, 105
, 117
, 25
, 197
, 47
, 175
, 209
, 13
, 191
, 31
, 96
, 126
, 139
, 83
, 155
, 67
, 114
, 108
, 70
, 152
, 55
, 167
, 219
, 3
, 209
, 13
, 3
, 219
, 114
, 108
, 5
, 217
, 81
, 141
, 155
, 67
, 41
, 181
, 58
, 164
, 54
, 168
, 159
, 63
, 166
, 56
, 73
, 149
, 174
, 48
, 22
, 200
, 82
, 140
, 204
, 18
, 71
, 151
, 147
, 75
, 139
, 83
, 73
, 149
, 164
, 58
, 91
, 131
, 209
, 13
, 75
, 147
, 167
, 55
, 31
, 191
, 210
, 12
, 134
, 88
, 25
, 197
, 145
, 77
, 56
, 166
, 152
, 70
, 141
, 81
, 72
, 150
, 167
, 55
, 186
, 36
, 19
, 203
, 22
, 200
, 201
, 21
, 118
, 104
, 38
, 184
, 59
, 163
, 97
, 125
, 182
, 40
, 68
, 154
, 156
, 66
, 17
, 205
, 98
, 124
, 211
, 11
, 43
, 179
, 6
, 216
, 219
, 3
, 60
, 162
, 44
, 178
, 94
, 128
, 196
, 26
, 18
, 204
, 218
, 4
, 145
, 77
, 154
, 68
, 68
, 154
, 191
, 31
, 52
, 170
, 46
, 176
, 219
, 3
, 131
, 91
, 175
, 47
, 116
, 106
, 206
, 16
, 75
, 147
, 63
, 159
, 100
, 122
, 118
, 104
, 155
, 67
, 170
, 52
, 112
, 110
, 218
, 4
, 11
, 211
, 7
, 215
, 67
, 155
, 147
, 75
, 41
, 181
, 31
, 191
, 214
, 8
, 196
, 26
, 46
, 176
, 120
, 102
, 49
, 173
, 146
, 76
, 184
, 38
, 164
, 58
, 163
, 59
, 202
, 20
, 173
, 49
, 204
, 18
, 87
, 135
, 73
, 149
, 193
, 29
, 181
, 41
, 181
, 41
, 94
, 128
, 4
, 218
, 98
, 124
, 40
, 182
, 207
, 15
, 112
, 110
, 72
, 150
, 193
, 29
, 211
, 11
, 19
, 203
, 157
, 65
, 57
, 165
, 187
, 35
, 177
, 45
, 41
, 181
, 205
, 17
, 98
, 124
, 43
, 179
, 113
, 109
, 13
, 209
, 39
, 183
, 44
, 178
, 37
, 185
, 16
, 206
, 50
, 172
, 87
, 135
, 129
, 93
, 191
, 31
, 77
, 145
, 70
, 152
, 193
, 29
, 69
, 153
, 194
, 28
, 104
, 118
, 197
, 25
, 186
, 36
, 211
, 11
, 124
, 98
, 3
, 219
, 78
, 144
, 67
, 155
, 101
, 121
, 120
, 102
, 53
, 169
, 89
, 133
, 19
, 203
, 208
, 14
, 39
, 183
, 29
, 193
, 152
, 70
, 103
, 119
, 74
, 148
, 145
, 77
, 157
, 65
, 2
, 220
, 124
, 98
, 136
, 86
, 103
, 119
, 63
, 159
, 185
, 37
, 178
, 44
, 44
, 178
, 186
, 36
, 116
, 106
, 58
, 164
, 216
, 6
, 44
, 178
, 69
, 153
, 13
, 209
, 20
, 202
, 204
, 18
, 5
, 217
, 8
, 214
, 32
, 190
, 47
, 175
, 128
, 94
, 126
, 96
, 11
, 211
, 2
, 220
, 8
, 214
, 95
, 127
, 85
, 137
, 43
, 179
, 135
, 87
, 82
, 140
, 66
, 156
, 107
, 115
, 9
, 213
, 88
, 134
, 26
, 196
, 51
, 171
, 208
, 14
, 130
, 92
, 77
, 145
, 46
, 176
, 211
, 11
, 186
, 36
, 200
, 22
, 11
, 211
, 88
, 134
, 54
, 168
, 186
, 36
, 43
, 179
, 142
, 80
, 34
, 188
, 167
, 55
, 33
, 189
, 184
, 38
, 216
, 6
, 6
, 216
, 187
, 35
, 115
, 107
, 50
, 172
, 45
, 177
, 213
, 9
, 1
, 221
, 97
, 125
, 135
, 87
, 108
, 114
, 58
, 164
, 97
, 125
, 88
, 134
, 177
, 45
, 33
, 189
, 44
, 178
, 190
, 32
, 21
, 201
, 61
, 161
, 64
, 158
, 58
, 164
, 11
, 211
, 200
, 22
, 116
, 106
, 75
, 147
, 211
, 11
, 81
, 141
, 76
, 146
, 81
, 141
, 18
, 204
, 217
, 5
, 202
, 20
, 201
, 21
, 123
, 99
, 62
, 160
, 76
, 146
, 206
, 16
, 146
, 76
, 105
, 117
, 51
, 171
, 41
, 181
, 121
, 101
, 126
, 96
, 110
, 112
, 1
, 221
, 83
, 139
, 137
, 85
, 47
, 175
, 133
, 89
, 66
, 156
, 92
, 130
, 37
, 185
, 138
, 84
, 149
, 73
, 127
, 95
, 173
, 49
, 16
, 206
, 2
, 220
, 220
, 2
, 83
, 139
, 52
, 170
, 29
, 193
, 21
, 201
, 124
, 98
, 157
, 65
, 182
, 40
, 143
, 79
, 101
, 121
, 144
, 78
, 57
, 165
, 192
, 30
, 121
, 101
, 207
, 15
, 154
, 68
, 29
, 193
, 142
, 80
, 220
, 2
, 72
, 150
, 33
, 189
, 181
, 41
, 124
, 98
, 219
, 3
, 95
, 127
, 151
, 71
, 134
, 88
, 43
, 179
, 19
, 203
, 136
, 86
, 145
, 77
, 190
, 32
, 95
, 127
, 30
, 192
, 220
, 2
, 157
, 65
, 198
, 24
, 155
, 67
, 219
, 3
, 54
, 168
, 49
, 173
, 21
, 201
, 95
, 127
, 215
, 7
, 143
, 79
, 38
, 184
, 28
, 194
, 60
, 162
, 99
, 123
, 17
, 205
, 13
, 209
, 187
, 35
, 156
, 66
, 192
, 30
, 6
, 216
, 167
, 55
, 182
, 40
, 56
, 166
, 212
, 10
, 178
, 44
, 216
, 6
, 200
, 22
, 58
, 164
, 207
, 15
, 167
, 55
, 108
, 114
, 220
, 2
, 66
, 156
, 165
, 57
, 208
, 14
, 94
, 128
, 201
, 21
, 65
, 157
, 43
, 179
, 189
, 33
, 125
, 97
, 167
, 55
, 159
, 63
, 183
, 39
, 139
, 83
, 189
, 33
, 182
, 40
, 62
, 160
, 19
, 203
, 65
, 157
, 142
, 80
, 43
, 179
, 177
, 45
, 95
, 127
, 91
, 131
, 163
, 59
, 55
, 167
, 2
, 220
, 5
, 217
, 214
, 8
, 184
, 38
, 47
, 175
, 180
, 42
, 141
, 81
, 167
, 55
, 4
, 218
, 4
, 218
, 96
, 126
, 48
, 174
, 97
, 125
, 90
, 132
, 3
, 219
, 95
, 127
, 131
, 91
, 18
, 204
, 212
, 10
, 155
, 67
, 7
, 215
, 166
, 56
, 43
, 179
, 75
, 147
, 135
, 87
, 200
, 22
, 181
, 41
, 164
, 58
, 109
, 113
, 98
, 124
, 214
, 8
, 83
, 139
, 62
, 160
, 28
, 194
, 38
, 184
, 164
, 58
, 18
, 204
, 215
, 7
, 58
, 164
, 50
, 172
, 165
, 57
, 159
, 63
, 4
, 218
, 110
, 112
, 6
, 216
, 117
, 105
, 150
, 72
, 13
, 209
, 190
, 32
, 119
, 103
, 24
, 198
, 33
, 189
, 96
, 126
, 218
, 4
, 33
, 189
, 3
, 219
, 213
, 9
, 202
, 20
, 127
, 95
, 67
, 155
, 157
, 65
, 131
, 91
, 25
, 197
, 128
, 94
, 114
, 108
, 201
, 21
, 69
, 153
, 3
, 219
, 191
, 31
, 155
, 67
, 147
, 75
, 53
, 169
, 197
, 25
, 160
, 62
, 211
, 11
, 109
, 113
, 142
, 80
, 151
, 71
, 65
, 157
, 194
, 28
, 60
, 162
, 166
, 56
, 18
, 204
, 118
, 104
, 14
, 208
, 46
, 176
, 113
, 109
, 145
, 77
, 98
, 124
, 45
, 177
, 33
, 189
, 94
, 128
, 88
, 134
, 35
, 187
, 148
, 74
, 5
, 217
, 100
, 122
, 99
, 123
, 193
, 29
, 199
, 23
, 189
, 33
, 51
, 171
, 95
, 127
, 144
, 78
, 206
, 16
, 161
, 61
, 147
, 75
, 179
, 43
, 13
, 209
, 5
, 217
, 17
, 205
, 56
, 166
, 131
, 91
, 219
, 3
, 175
, 47
, 180
, 42
, 49
, 173
, 55
, 167
, 58
, 164
, 122
, 100
, 145
, 77
, 131
, 91
, 141
, 81
, 205
, 17
, 158
, 64
, 181
, 41
, 202
, 20
, 126
, 96
, 141
, 81
, 30
, 192
, 195
, 27
, 100
, 122
, 59
, 163
, 70
, 152
, 210
, 12
, 145
, 77
, 190
, 32
, 200
, 22
, 36
, 186
, 143
, 79
, 2
, 220
, 11
, 211
, 29
, 193
, 101
, 121
, 85
, 137
, 173
, 49
, 27
, 195
, 64
, 158
, 120
, 102
, 45
, 177
, 186
, 36
, 186
, 36
, 181
, 41
, 217
, 5
, 124
, 98
, 150
, 72
, 9
, 213
, 202
, 20
, 23
, 199
, 142
, 80
, 73
, 149
, 13
, 209
, 32
, 190
, 83
, 139
, 4
, 218
, 155
, 67
, 119
, 103
, 10
, 212
, 16
, 206
, 198
, 24
, 53
, 169
, 130
, 92
, 136
, 86
, 98
, 124
, 52
, 170
, 62
, 160
, 125
, 97
, 71
, 151
, 143
, 79
, 30
, 192
, 12
, 210
, 20
, 202
, 195
, 27
, 207
, 15
, 6
, 216
, 166
, 56
, 49
, 173
, 160
, 62
, 57
, 165
, 87
, 135
, 16
, 206
, 91
, 131
, 59
, 163
, 47
, 175
, 18
, 204
, 206
, 16
, 75
, 147
, 47
, 175
, 130
, 92
, 134
, 88
, 166
, 56
, 210
, 12
, 160
, 62
, 185
, 37
, 147
, 75
, 37
, 185
, 128
, 94
, 14
, 208
, 219
, 3
, 144
, 78
, 32
, 190
, 31
, 191
, 216
, 6
, 73
, 149
, 124
, 98
, 196
, 26
, 145
, 77
, 207
, 15
, 220
, 2
, 62
, 160
, 207
, 15
, 60
, 162
, 29
, 193
, 180
, 42
, 214
, 8
, 118
, 104
, 203
, 19
, 92
, 130
, 166
, 56
, 214
, 8
, 97
, 125
, 34
, 188
, 170
, 52
, 135
, 87
, 184
, 38
, 26
, 196
, 29
, 193
, 80
, 142
, 193
, 29
, 6
, 216
, 16
, 206
, 168
, 54
, 2
, 220
, 157
, 65
, 194
, 28
, 139
, 83
, 20
, 202
, 26
, 196
, 77
, 145
, 78
, 144
, 107
, 115
, 6
, 216
, 22
, 200
, 75
, 147
, 2
, 220
, 6
, 216
, 216
, 6
, 152
, 70
, 79
, 143
, 70
, 152
, 91
, 131
, 172
, 50
, 30
, 192
, 196
, 26
, 11
, 211
, 128
, 94
, 59
, 163
, 41
, 181
, 125
, 97
, 154
, 68
, 209
, 13
, 68
, 154
, 73
, 149
, 28
, 194
, 84
, 138
, 39
, 183
, 51
, 171
, 37
, 185
, 109
, 113
, 87
, 135
, 198
, 24
, 185
, 37
, 5
, 217
, 14
, 208
, 192
, 30
, 35
, 187
, 7
, 215
, 60
, 162
, 38
, 184
, 43
, 179
, 132
, 90
, 72
, 150
, 3
, 219
, 156
, 66
, 27
, 195
, 159
, 63
, 18
, 204
, 41
, 181
, 133
, 89
, 118
, 104
, 196
, 26
, 138
, 84
, 65
, 157
, 161
, 61
, 48
, 174
, 5
, 217
, 95
, 127
, 216
, 6
, 155
, 67
, 81
, 141
, 88
, 134
, 210
, 12
, 100
, 122
, 44
, 178
, 84
, 138
, 197
, 25
, 120
, 102
, 22
, 200
, 174
, 48
, 128
, 94
, 218
, 4
, 123
, 99
, 183
, 39
, 17
, 205
, 87
, 135
, 27
, 195
, 55
, 167
, 217
, 5
, 8
, 214
, 160
, 62
, 61
, 161
, 135
, 87
, 220
, 2
, 12
, 210
, 158
, 64
, 47
, 175
, 184
, 38
, 100
, 122
, 114
, 108
, 104
, 118
, 20
, 202
, 35
, 187
, 121
, 101
, 101
, 121
, 184
, 38
, 28
, 194
, 88
, 134
, 124
, 98
, 159
, 63
, 45
, 177
, 143
, 79
, 183
, 39
, 6
, 216
, 151
, 71
, 66
, 156
, 62
, 160
, 179
, 43
, 106
, 116
, 186
, 36
, 55
, 167
, 208
, 14
, 78
, 144
, 56
, 166
, 48
, 174
, 5
, 217
, 200
, 22
, 201
, 21
, 5
, 217
, 179
, 43
, 5
, 217
, 135
, 87
, 20
, 202
, 163
, 59
, 55
, 167
, 132
, 90
, 59
, 163
, 141
, 81
, 186
, 36
, 91
, 131
, 183
, 39
, 199
, 23
, 14
, 208
, 143
, 79
, 220
, 2
, 10
, 212
, 148
, 74
, 202
, 20
, 57
, 165
, 41
, 181
, 133
, 89
, 68
, 154
, 125
, 97
, 25
, 197
, 216
, 6
, 155
, 67
, 102
, 120
, 29
, 193
, 88
, 134
, 194
, 28
, 115
, 107
, 92
, 130
, 219
, 3
, 220
, 2
, 203
, 19
, 69
, 153
, 220
, 2
, 156
, 66
, 197
, 25
, 123
, 99
, 125
, 97
, 33
, 189
, 78
, 144
, 124
, 98
, 118
, 104
, 85
, 137
, 162
, 60
, 140
, 82
, 185
, 37
, 20
, 202
, 187
, 35
, 158
, 64
, 73
, 149
, 37
, 185
, 180
, 42
, 96
, 126
, 44
, 178
, 200
, 22
, 59
, 163
, 89
, 133
, 146
, 76
, 81
, 141
, 39
, 183
, 154
, 68
, 73
, 149
, 213
, 9
, 174
, 48
, 17
, 205
, 158
, 64
, 20
, 202
, 215
, 7
, 23
, 199
, 139
, 83
, 61
, 161
, 18
, 204
, 96
, 126
, 55
, 167
, 53
, 169
, 55
, 167
, 163
, 59
, 13
, 209
, 160
, 62
, 46
, 176
, 133
, 89
, 21
, 201
, 19
, 203
, 12
, 210
, 190
, 32
, 163
, 59
, 153
, 69
, 20
, 202
, 163
, 59
, 16
, 206
, 73
, 149
, 216
, 6
, 193
, 29
, 214
, 8
, 181
, 41
, 106
, 116
, 172
, 50
, 36
, 186
, 121
, 101
, 31
, 191
, 213
, 9
, 170
, 52
, 9
, 213
, 116
, 106
, 108
, 114
, 164
, 58
, 145
, 77
, 216
, 6
, 52
, 170
, 197
, 25
, 206
, 16
, 59
, 163
, 26
, 196
, 86
, 136
, 162
, 60
, 192
, 30
, 175
, 47
, 15
, 207
, 159
, 63
, 57
, 165
, 96
, 126
, 190
, 32
, 164
, 58
, 143
, 79
, 23
, 199
, 198
, 24
, 43
, 179
, 107
, 115
, 174
, 48
, 128
, 94
, 64
, 158
, 116
, 106
, 59
, 163
, 14
, 208
, 56
, 166
, 219
, 3
, 123
, 99
, 218
, 4
, 169
, 53
, 42
, 180
, 47
, 175
, 120
, 102
, 115
, 107
, 111
, 111
, 159
, 63
, 4
, 218
, 20
, 202
, 74
, 148
, 93
, 129
, 72
, 150
, 97
, 125
, 62
, 160
, 41
, 181
, 43
, 179
, 104
, 118
, 64
, 158
, 195
, 27
, 138
, 84
, 173
, 49
, 128
, 94
, 19
, 203
, 22
, 200
, 131
, 91
, 149
, 73
, 191
, 31
, 180
, 42
, 122
, 100
, 118
, 104
, 74
, 148
, 114
, 108
, 99
, 123
, 27
, 195
, 188
, 34
, 205
, 17
, 108
, 114
, 84
, 138
, 144
, 78
, 196
, 26
, 5
, 217
, 209
, 13
, 74
, 148
, 128
, 94
, 99
, 123
, 192
, 30
, 119
, 103
, 87
, 135
, 81
, 141
, 168
, 54
, 142
, 80
, 132
, 90
, 66
, 156
, 194
, 28
, 127
, 95
, 219
, 3
, 23
, 199
, 204
, 18
, 7
, 215
, 176
, 46
, 218
, 4
, 173
, 49
, 23
, 199
, 216
, 6
, 6
, 216
, 117
, 105
, 142
, 80
, 19
, 203
, 115
, 107
, 85
, 137
, 35
, 187
, 111
, 111
, 46
, 176
, 218
, 4
, 206
, 16
, 122
, 100
, 142
, 80
, 80
, 142
, 204
, 18
, 61
, 161
, 67
, 155
, 1
, 221
, 174
, 48
, 82
, 140
, 48
, 174
, 52
, 170
, 38
, 184
, 122
, 100
, 148
, 74
, 203
, 19
, 27
, 195
, 5
, 217
, 87
, 135
, 184
, 38
, 106
, 116
, 177
, 45
, 199
, 23
, 36
, 186
, 164
, 58
, 85
, 137
, 139
, 83
, 30
, 192
, 159
, 63
, 71
, 151
, 187
, 35
, 29
, 193
, 51
, 171
, 209
, 13
, 175
, 47
, 70
, 152
, 191
, 31
, 134
, 88
, 83
, 139
, 78
, 144
, 122
, 100
, 165
, 57
, 13
, 209
, 90
, 132
, 81
, 141
, 136
, 86
, 216
, 6
, 204
, 18
, 77
, 145
, 166
, 56
, 38
, 184
, 85
, 137
, 83
, 139
, 137
, 85
, 170
, 52
, 6
, 216
, 215
, 7
, 25
, 197
, 168
, 54
, 217
, 5
, 113
, 109
, 125
, 97
, 168
, 54
, 215
, 7
, 12
, 210
, 40
, 182
, 177
, 45
, 46
, 176
, 131
, 91
, 16
, 206
, 213
, 9
, 167
, 55
, 206
, 16
, 115
, 107
, 36
, 186
, 160
, 62
, 206
, 16
, 22
, 200
, 20
, 202
, 103
, 119
, 8
, 214
, 135
, 87
, 108
, 114
, 122
, 100
, 18
, 204
, 215
, 7
, 17
, 205
, 74
, 148
, 59
, 163
, 62
, 160
, 81
, 141
, 56
, 166
, 151
, 71
, 24
, 198
, 200
, 22
, 74
, 148
, 23
, 199
, 197
, 25
, 11
, 211
, 22
, 200
, 177
, 45
, 170
, 52
, 122
, 100
, 115
, 107
, 129
, 93
, 26
, 196
, 112
, 110
, 62
, 160
, 212
, 10
, 113
, 109
, 174
, 48
, 84
, 138
, 99
, 123
, 145
, 77
, 91
, 131
, 21
, 201
, 79
, 143
, 114
, 108
, 139
, 83
, 190
, 32
, 79
, 143
, 16
, 206
, 201
, 21
, 212
, 10
, 194
, 28
, 8
, 214
, 121
, 101
, 169
, 53
, 202
, 20
, 31
, 191
, 107
, 115
, 203
, 19
, 61
, 161
, 58
, 164
, 178
, 44
, 123
, 99
, 24
, 198
, 155
, 67
, 27
, 195
, 89
, 133
, 60
, 162
, 122
, 100
, 81
, 141
, 107
, 115
, 124
, 98
, 212
, 10
, 207
, 15
, 50
, 172
, 129
, 93
, 152
, 70
, 2
, 220
, 128
, 94
, 189
, 33
, 202
, 20
, 145
, 77
, 104
, 118
, 134
, 88
, 42
, 180
, 12
, 210
, 6
, 216
, 138
, 84
, 129
, 93
, 69
, 153
, 180
, 42
, 70
, 152
, 109
, 113
, 39
, 183
, 121
, 101
, 134
, 88
, 208
, 14
, 218
, 4
, 74
, 148
, 215
, 7
, 126
, 96
, 73
, 149
, 118
, 104
, 126
, 96
, 215
, 7
, 189
, 33
, 140
, 82
, 173
, 49
, 24
, 198
, 217
, 5
, 79
, 143
, 216
, 6
, 153
, 69
, 214
, 8
, 101
, 121
, 34
, 188
, 6
, 216
, 19
, 203
, 25
, 197
, 212
, 10
, 52
, 170
, 111
, 111
, 164
, 58
, 120
, 102
, 20
, 202
, 190
, 32
, 10
, 212
, 91
, 131
, 67
, 155
, 142
, 80
, 198
, 24
, 104
, 118
, 122
, 100
, 18
, 204
, 198
, 24
, 206
, 16
, 126
, 96
, 141
, 81
, 49
, 173
, 108
, 114
, 118
, 104
, 133
, 89
, 48
, 174
, 95
, 127
, 191
, 31
, 163
, 59
, 6
, 216
, 128
, 94
, 195
, 27
, 4
, 218
, 195
, 27
, 191
, 31
, 189
, 33
, 114
, 108
, 89
, 133
, 82
, 140
, 114
, 108
, 145
, 77
, 101
, 121
, 107
, 115
, 184
, 38
, 84
, 138
, 104
, 118
, 135
, 87
, 84
, 138
, 115
, 107
, 95
, 127
, 60
, 162
, 173
, 49
, 31
, 191
, 41
, 181
, 202
, 20
, 32
, 190
, 4
, 218
, 39
, 183
, 147
, 75
, 48
, 174
, 159
, 63
, 51
, 171
, 146
, 76
, 163
, 59
, 142
, 80
, 170
, 52
, 123
, 99
, 146
, 76
, 12
, 210
, 46
, 176
, 164
, 58
, 143
, 79
, 86
, 136
, 106
, 116
, 34
, 188
, 17
, 205
, 82
, 140
, 173
, 49
, 200
, 22
, 86
, 136
, 31
, 191
, 1
, 221
, 23
, 199
, 56
, 166
, 191
, 31
, 74
, 148
, 37
, 185
, 46
, 176
, 112
, 110
, 127
, 95
, 58
, 164
, 189
, 33
, 70
, 152
, 34
, 188
, 199
, 23
, 10
, 212
, 165
, 57
, 7
, 215
, 219
, 3
, 76
, 146
, 114
, 108
, 213
, 9
, 204
, 18
, 117
, 105
, 87
, 135
, 159
, 63
, 53
, 169
, 19
, 203
, 183
, 39
, 25
, 197
, 82
, 140
, 38
, 184
, 156
, 66
, 83
, 139
, 19
, 203
, 1
, 221
, 151
, 71
, 144
, 78
, 78
, 144
, 122
, 100
, 190
, 32
, 59
, 163
, 1
, 221
, 90
, 132
, 36
, 186
, 10
, 212
, 52
, 170
, 206
, 16
, 60
, 162
, 151
, 71
, 44
, 178
, 51
, 171
, 167
, 55
, 55
, 167
, 16
, 206
, 85
, 137
, 60
, 162
, 25
, 197
, 195
, 27
, 178
, 44
, 202
, 20
, 12
, 210
, 220
, 2
, 64
, 158
, 206
, 16
, 64
, 158
, 151
, 71
, 18
, 204
, 128
, 94
, 49
, 173
, 60
, 162
, 169
, 53
, 3
, 219
, 194
, 28
, 4
, 218
, 57
, 165
, 6
, 216
, 219
, 3
, 25
, 197
, 119
, 103
, 156
, 66
, 62
, 160
, 77
, 145
, 179
, 43
, 211
, 11
, 10
, 212
, 190
, 32
, 117
, 105
, 99
, 123
, 201
, 21
, 103
, 119
, 22
, 200
, 59
, 163
, 163
, 59
, 53
, 169
, 102
, 120
, 195
, 27
, 97
, 125
, 217
, 5
, 121
, 101
, 107
, 115
, 214
, 8
, 90
, 132
, 34
, 188
, 39
, 183
, 6
, 216
, 168
, 54
, 5
, 217
, 207
, 15
, 16
, 206
, 30
, 192
, 43
, 179
, 80
, 142
, 202
, 20
, 177
, 45
, 83
, 139
, 77
, 145
, 63
, 159
, 53
, 169
, 138
, 84
, 69
, 153
, 78
, 144
, 76
, 146
, 114
, 108
, 152
, 70
, 152
, 70
, 97
, 125
, 24
, 198
, 220
, 2
, 35
, 187
, 128
, 94
, 170
, 52
, 199
, 23
, 135
, 87
, 179
, 43
, 8
, 214
, 122
, 100
, 108
, 114
, 48
, 174
, 94
, 128
, 8
, 214
, 115
, 107
, 45
, 177
, 68
, 154
, 79
, 143
, 96
, 126
, 203
, 19
, 117
, 105
, 72
, 150
, 147
, 75
, 22
, 200
, 50
, 172
, 186
, 36
, 205
, 17
, 28
, 194
, 15
, 207
, 138
, 84
, 143
, 79
, 171
, 51
, 68
, 154
, 88
, 134
, 214
, 8
, 23
, 199
, 113
, 109
, 138
, 84
, 134
, 88
, 195
, 27
, 71
, 151
, 172
, 50
, 98
, 124
, 92
, 130
, 3
, 219
, 131
, 91
, 131
, 91
, 84
, 138
, 52
, 170
, 208
, 14
, 13
, 209
, 37
, 185
, 48
, 174
, 84
, 138
, 199
, 23
, 212
, 10
, 13
, 209
, 69
, 153
, 47
, 175
, 207
, 15
, 130
, 92
, 142
, 80
, 114
, 108
, 199
, 23
, 100
, 122
, 186
, 36
, 105
, 117
, 57
, 165
, 128
, 94
, 124
, 98
, 111
, 111
, 182
, 40
, 99
, 123
, 80
, 142
, 198
, 24
, 177
, 45
, 168
, 54
, 128
, 94
, 153
, 69
, 90
, 132
, 199
, 23
, 102
, 120
, 133
, 89
, 46
, 176
, 127
, 95
, 73
, 149
, 17
, 205
, 146
, 76
, 50
, 172
, 33
, 189
, 113
, 109
, 205
, 17
, 98
, 124
, 112
, 110
, 215
, 7
, 166
, 56
, 24
, 198
, 122
, 100
, 163
, 59
, 93
, 129
, 69
, 153
, 150
, 72
, 19
, 203
, 66
, 156
, 27
, 195
, 168
, 54
, 126
, 96
, 134
, 88
, 43
, 179
, 64
, 158
, 208
, 14
, 87
, 135
, 104
, 118
, 131
, 91
, 206
, 16
, 140
, 82
, 181
, 41
, 51
, 171
, 27
, 195
, 35
, 187
, 101
, 121
, 85
, 137
, 170
, 52
, 169
, 53
, 47
, 175
, 38
, 184
, 17
, 205
, 9
, 213
, 219
, 3
, 157
, 65
, 179
, 43
, 136
, 86
, 2
, 220
, 160
, 62
, 125
, 97
, 182
, 40
, 150
, 72
, 95
, 127
, 156
, 66
, 96
, 126
, 177
, 45
, 44
, 178
, 171
, 51
, 213
, 9
, 39
, 183
, 95
, 127
, 149
, 73
, 106
, 116
, 37
, 185
, 25
, 197
, 206
, 16
, 93
, 129
, 131
, 91
, 194
, 28
, 172
, 50
, 116
, 106
, 130
, 92
, 191
, 31
, 178
, 44
, 97
, 125
, 72
, 150
, 129
, 93
, 220
, 2
, 150
, 72
, 26
, 196
, 69
, 153
, 123
, 99
, 76
, 146
, 192
, 30
, 99
, 123
, 16
, 206
, 109
, 113
, 79
, 143
, 22
, 200
, 218
, 4
, 89
, 133
, 8
, 214
, 88
, 134
, 34
, 188
, 164
, 58
, 109
, 113
, 5
, 217
, 6
, 216
, 35
, 187
, 77
, 145
, 198
, 24
, 6
, 216
, 121
, 101
, 84
, 138
, 214
, 8
, 161
, 61
, 157
, 65
, 165
, 57
, 68
, 154
, 176
, 46
, 65
, 157
, 141
, 81
, 65
, 157
, 29
, 193
, 218
, 4
, 173
, 49
, 195
, 27
, 62
, 160
, 214
, 8
, 40
, 182
, 120
, 102
, 23
, 199
, 64
, 158
, 217
, 5
, 107
, 115
, 49
, 173
, 60
, 162
, 157
, 65
, 110
, 112
, 151
, 71
, 31
, 191
, 93
, 129
, 164
, 58
, 135
, 87
, 129
, 93
, 149
, 73
, 28
, 194
, 138
, 84
, 163
, 59
, 160
, 62
, 153
, 69
, 21
, 201
, 187
, 35
, 105
, 117
, 129
, 93
, 150
, 72
, 5
, 217
, 26
, 196
, 17
, 205
, 170
, 52
, 9
, 213
, 145
, 77
, 113
, 109
, 61
, 161
, 97
, 125
, 191
, 31
, 205
, 17
, 167
, 55
, 92
, 130
, 140
, 82
, 1
, 221
, 196
, 26
, 11
, 211
, 33
, 189
, 122
, 100
, 130
, 92
, 202
, 20
, 65
, 157
, 138
, 84
, 196
, 26
, 39
, 183
, 70
, 152
, 37
, 185
, 142
, 80
, 13
, 209
, 73
, 149
, 101
, 121
, 212
, 10
, 58
, 164
, 72
, 150
, 162
, 60
, 130
, 92
, 129
, 93
, 34
, 188
, 96
, 126
, 197
, 25
, 16
, 206
, 38
, 184
, 33
, 189
, 170
, 52
, 82
, 140
, 75
, 147
, 93
, 129
, 154
, 68
, 55
, 167
, 79
, 143
, 158
, 64
, 117
, 105
, 16
, 206
, 29
, 193
, 206
, 16
, 178
, 44
, 112
, 110
, 9
, 213
, 166
, 56
, 114
, 108
, 140
, 82
, 52
, 170
, 175
, 47
, 105
, 117
, 109
, 113
, 152
, 70
, 197
, 25
, 110
, 112
, 112
, 110
, 4
, 218
, 159
, 63
, 61
, 161
, 113
, 109
, 138
, 84
, 130
, 92
, 15
, 207
, 173
, 49
, 79
, 143
, 37
, 185
, 175
, 47
, 105
, 117
, 170
, 52
, 77
, 145
, 191
, 31
, 218
, 4
, 16
, 206
, 16
, 206
, 215
, 7
, 59
, 163
, 192
, 30
, 146
, 76
, 148
, 74
, 34
, 188
, 49
, 173
, 115
, 107
, 71
, 151
, 60
, 162
, 157
, 65
, 218
, 4
, 178
, 44
, 45
, 177
, 159
, 63
, 49
, 173
, 15
, 207
, 58
, 164
, 165
, 57
, 153
, 69
, 119
, 103
, 81
, 141
, 116
, 106
, 76
, 146
, 54
, 168
, 188
, 34
, 162
, 60
, 203
, 19
, 190
, 32
, 190
, 32
, 66
, 156
, 124
, 98
, 137
, 85
, 109
, 113
, 21
, 201
, 174
, 48
, 176
, 46
, 180
, 42
, 95
, 127
, 156
, 66
, 177
, 45
, 143
, 79
, 13
, 209
, 96
, 126
, 12
, 210
, 118
, 104
, 200
, 22
, 87
, 135
, 218
, 4
, 24
, 198
, 122
, 100
, 156
, 66
, 94
, 128
, 144
, 78
, 126
, 96
, 130
, 92
, 123
, 99
, 111
, 111
, 5
, 217
, 23
, 199
, 34
, 188
, 190
, 32
, 132
, 90
, 158
, 64
, 26
, 196
, 72
, 150
, 76
, 146
, 163
, 59
, 79
, 143
, 153
, 69
, 161
, 61
, 84
, 138
, 120
, 102
, 173
, 49
, 18
, 204
, 92
, 130
, 101
, 121
, 170
, 52
, 25
, 197
, 91
, 131
, 20
, 202
, 144
, 78
, 95
, 127
, 47
, 175
, 65
, 157
, 107
, 115
, 22
, 200
, 163
, 59
, 200
, 22
, 126
, 96
, 102
, 120
, 185
, 37
, 167
, 55
, 102
, 120
, 109
, 113
, 11
, 211
, 64
, 158
, 42
, 180
, 110
, 112
, 40
, 182
, 97
, 125
, 181
, 41
, 211
, 11
, 172
, 50
, 146
, 76
, 23
, 199
, 77
, 145
, 36
, 186
, 85
, 137
, 126
, 96
, 214
, 8
, 8
, 214
, 179
, 43
, 110
, 112
, 12
, 210
, 198
, 24
, 182
, 40
, 3
, 219
, 138
, 84
, 72
, 150
, 35
, 187
, 61
, 161
, 174
, 48
, 136
, 86
, 215
, 7
, 14
, 208
, 103
, 119
, 59
, 163
, 113
, 109
, 47
, 175
, 141
, 81
, 188
, 34
, 181
, 41
, 206
, 16
, 127
, 95
, 151
, 71
, 168
, 54
, 41
, 181
, 105
, 117
, 143
, 79
, 38
, 184
, 50
, 172
, 136
, 86
, 140
, 82
, 3
, 219
, 59
, 163
, 162
, 60
, 110
, 112
, 3
, 219
, 93
, 129
, 103
, 119
, 166
, 56
, 20
, 202
, 201
, 21
, 147
, 75
, 54
, 168
, 206
, 16
, 157
, 65
, 139
, 83
, 208
, 14
, 16
, 206
, 43
, 179
, 43
, 179
, 150
, 72
, 54
, 168
, 50
, 172
, 199
, 23
, 138
, 84
, 123
, 99
, 153
, 69
, 180
, 42
, 112
, 110
, 146
, 76
, 182
, 40
, 91
, 131
, 146
, 76
, 6
, 216
, 61
, 161
, 44
, 178
, 94
, 128
, 95
, 127
, 26
, 196
, 166
, 56
, 117
, 105
, 116
, 106
, 185
, 37
, 111
, 111
, 107
, 115
, 209
, 13
, 84
, 138
, 153
, 69
, 91
, 131
, 108
, 114
, 151
, 71
, 184
, 38
, 107
, 115
, 75
, 147
, 135
, 87
, 183
, 39
, 113
, 109
, 37
, 185
, 173
, 49
, 139
, 83
, 137
, 85
, 41
, 181
, 47
, 175
, 42
, 180
, 161
, 61
, 186
, 36
, 129
, 93
, 28
, 194
, 114
, 108
, 189
, 33
, 165
, 57
, 72
, 150
, 107
, 115
, 218
, 4
, 187
, 35
, 198
, 24
, 70
, 152
, 87
, 135
, 33
, 189
, 18
, 204
, 115
, 107
, 125
, 97
, 205
, 17
, 155
, 67
, 115
, 107
, 37
, 185
, 136
, 86
, 104
, 118
, 102
, 120
, 118
, 104
, 171
, 51
, 165
, 57
, 122
, 100
, 131
, 91
, 74
, 148
, 17
, 205
, 62
, 160
, 135
, 87
, 65
, 157
, 161
, 61
, 83
, 139
, 208
, 14
, 35
, 187
, 109
, 113
, 24
, 198
, 187
, 35
, 96
, 126
, 36
, 186
, 152
, 70
, 157
, 65
, 144
, 78
, 33
, 189
, 175
, 47
, 139
, 83
, 107
, 115
, 53
, 169
, 69
, 153
, 154
, 68
, 30
, 192
, 70
, 152
, 114
, 108
, 173
, 49
, 40
, 182
, 28
, 194
, 4
, 218
, 6
, 216
, 188
, 34
, 2
, 220
, 182
, 40
, 127
, 95
, 8
, 214
, 87
, 135
, 37
, 185
, 115
, 107
, 16
, 206
, 131
, 91
, 17
, 205
, 117
, 105
, 74
, 148
, 20
, 202
, 124
, 98
, 109
, 113
, 141
, 81
, 176
, 46
, 16
, 206
, 86
, 136
, 41
, 181
, 104
, 118
, 82
, 140
, 205
, 17
, 121
, 101
, 110
, 112
, 70
, 152
, 110
, 112
, 144
, 78
, 94
, 128
, 19
, 203
, 209
, 13
, 191
, 31
, 56
, 166
, 198
, 24
, 147
, 75
, 144
, 78
, 36
, 186
, 69
, 153
, 65
, 157
, 94
, 128
, 159
, 63
, 168
, 54
, 168
, 54
, 145
, 77
, 12
, 210
, 16
, 206
, 4
, 218
, 138
, 84
, 104
, 118
, 165
, 57
, 34
, 188
, 123
, 99
, 186
, 36
, 165
, 57
, 211
, 11
, 207
, 15
, 216
, 6
, 213
, 9
, 65
, 157
, 158
, 64
, 155
, 67
, 201
, 21
, 9
, 213
, 147
, 75
, 123
, 99
, 18
, 204
, 177
, 45
, 127
, 95
, 116
, 106
, 14
, 208
, 174
, 48
, 52
, 170
, 146
, 76
, 107
, 115
, 5
, 217
, 35
, 187
, 132
, 90
, 102
, 120
, 218
, 4
, 97
, 125
, 98
, 124
, 36
, 186
, 199
, 23
, 145
, 77
, 117
, 105
, 101
, 121
, 188
, 34
, 187
, 35
, 16
, 206
, 48
, 174
, 118
, 104
, 39
, 183
, 116
, 106
, 123
, 99
, 212
, 10
, 179
, 43
, 61
, 161
, 79
, 143
, 177
, 45
, 51
, 171
, 209
, 13
, 79
, 143
, 159
, 63
, 121
, 101
, 39
, 183
, 201
, 21
, 83
, 139
, 70
, 152
, 38
, 184
, 75
, 147
, 106
, 116
, 159
, 63
, 2
, 220
, 176
, 46
, 152
, 70
, 9
, 213
, 202
, 20
, 34
, 188
, 166
, 56
, 169
, 53
, 181
, 41
, 136
, 86
, 118
, 104
, 199
, 23
, 171
, 51
, 25
, 197
, 179
, 43
, 107
, 115
, 164
, 58
, 61
, 161
, 205
, 17
, 59
, 163
, 193
, 29
, 41
, 181
, 11
, 211
, 10
, 212
, 67
, 155
, 65
, 157
, 60
, 162
, 47
, 175
, 72
, 150
, 151
, 71
, 113
, 109
, 79
, 143
, 134
, 88
, 179
, 43
, 152
, 70
, 43
, 179
, 101
, 121
, 174
, 48
, 209
, 13
, 137
, 85
, 111
, 111
, 11
, 211
, 162
, 60
, 60
, 162
, 163
, 59
, 49
, 173
, 128
, 94
, 112
, 110
, 200
, 22
, 103
, 119
, 54
, 168
, 102
, 120
, 53
, 169
, 191
, 31
, 215
, 7
, 101
, 121
, 86
, 136
, 2
, 220
, 69
, 153
, 25
, 197
, 158
, 64
, 101
, 121
, 91
, 131
, 151
, 71
, 71
, 151
, 29
, 193
, 205
, 17
, 85
, 137
, 85
, 137
, 114
, 108
, 150
, 72
, 152
, 70
, 191
, 31
, 201
, 21
, 77
, 145
, 71
, 151
, 173
, 49
, 149
, 73
, 109
, 113
, 49
, 173
, 45
, 177
, 148
, 74
, 55
, 167
, 53
, 169
, 48
, 174
, 55
, 167
, 211
, 11
, 40
, 182
, 118
, 104
, 185
, 37
, 4
, 218
, 129
, 93
, 143
, 79
, 116
, 106
, 29
, 193
, 165
, 57
, 108
, 114
, 47
, 175
, 139
, 83
, 200
, 22
, 180
, 42
, 128
, 94
, 136
, 86
, 15
, 207
, 191
, 31
, 213
, 9
, 129
, 93
, 57
, 165
, 71
, 151
, 138
, 84
, 199
, 23
, 156
, 66
, 207
, 15
, 25
, 197
, 77
, 145
, 177
, 45
, 15
, 207
, 59
, 163
, 123
, 99
, 118
, 104
, 28
, 194
, 149
, 73
, 136
, 86
, 99
, 123
, 86
, 136
, 132
, 90
, 134
, 88
, 3
, 219
, 108
, 114
, 195
, 27
, 69
, 153
, 8
, 214
, 90
, 132
, 3
, 219
, 10
, 212
, 57
, 165
, 107
, 115
, 35
, 187
, 100
, 122
, 42
, 180
, 108
, 114
, 4
, 218
, 2
, 220
, 75
, 147
, 185
, 37
, 95
, 127
, 57
, 165
, 25
, 197
, 61
, 161
, 98
, 124
, 206
, 16
, 75
, 147
, 76
, 146
, 199
, 23
, 186
, 36
, 136
, 86
, 111
, 111
, 80
, 142
, 209
, 13
, 119
, 103
, 175
, 47
, 20
, 202
, 40
, 182
, 76
, 146
, 79
, 143
, 122
, 100
, 140
, 82
, 189
, 33
, 189
, 33
, 55
, 167
, 145
, 77
, 72
, 150
, 7
, 215
, 47
, 175
, 23
, 199
, 51
, 171
, 140
, 82
, 210
, 12
, 147
, 75
, 174
, 48
, 106
, 116
, 201
, 21
, 65
, 157
, 20
, 202
, 104
, 118
, 118
, 104
, 119
, 103
, 117
, 105
, 12
, 210
, 53
, 169
, 216
, 6
, 69
, 153
, 4
, 218
, 200
, 22
, 46
, 176
, 191
, 31
, 187
, 35
, 49
, 173
, 31
, 191
, 142
, 80
, 136
, 86
, 74
, 148
, 165
, 57
, 85
, 137
, 109
, 113
, 102
, 120
, 91
, 131
, 178
, 44
, 79
, 143
, 162
, 60
, 175
, 47
, 191
, 31
, 181
, 41
, 94
, 128
, 26
, 196
, 47
, 175
, 187
, 35
, 201
, 21
, 100
, 122
, 140
, 82
, 116
, 106
, 205
, 17
, 135
, 87
, 64
, 158
, 76
, 146
, 98
, 124
, 19
, 203
, 198
, 24
, 3
, 219
, 217
, 5
, 188
, 34
, 4
, 218
, 193
, 29
, 156
, 66
, 148
, 74
, 18
, 204
, 110
, 112
, 195
, 27
, 104
, 118
, 52
, 170
, 147
, 75
, 146
, 76
, 88
, 134
, 166
, 56
, 218
, 4
, 72
, 150
, 45
, 177
, 134
, 88
, 143
, 79
, 143
, 79
, 142
, 80
, 137
, 85
, 197
, 25
, 209
, 13
, 208
, 14
, 177
, 45
, 39
, 183
, 90
, 132
, 53
, 169
, 41
, 181
, 184
, 38
, 185
, 37
, 204
, 18
, 95
, 127
, 49
, 173
, 61
, 161
, 196
, 26
, 73
, 149
, 200
, 22
, 154
, 68
, 4
, 218
, 186
, 36
, 98
, 124
, 108
, 114
, 82
, 140
, 24
, 198
, 111
, 111
, 218
, 4
, 142
, 80
, 44
, 178
, 103
, 119
, 126
, 96
, 120
, 102
, 70
, 152
, 212
, 10
, 202
, 20
, 62
, 160
, 83
, 139
, 28
, 194
, 106
, 116
, 158
, 64
, 44
, 178
, 11
, 211
, 97
, 125
, 86
, 136
, 145
, 77
, 162
, 60
, 30
, 192
, 39
, 183
, 9
, 213
, 135
, 87
, 165
, 57
, 108
, 114
, 175
, 47
, 141
, 81
, 103
, 119
, 196
, 26
, 53
, 169
, 132
, 90
, 142
, 80
, 195
, 27
, 209
, 13
, 155
, 67
, 18
, 204
, 71
, 151
, 56
, 166
, 56
, 166
, 21
, 201
, 59
, 163
, 52
, 170
, 10
, 212
, 105
, 117
, 3
, 219
, 50
, 172
, 211
, 11
, 93
, 129
, 62
, 160
, 167
, 55
, 142
, 80
, 69
, 153
, 11
, 211
, 102
, 120
, 128
, 94
, 95
, 127
, 145
, 77
, 209
, 13
, 133
, 89
, 144
, 78
, 210
, 12
, 42
, 180
, 220
, 2
, 11
, 211
, 25
, 197
, 109
, 113
, 64
, 158
, 76
, 146
, 114
, 108
, 185
, 37
, 114
, 108
, 137
, 85
, 8
, 214
, 2
, 220
, 112
, 110
, 198
, 24
, 212
, 10
, 132
, 90
, 67
, 155
, 13
, 209
, 93
, 129
, 178
, 44
, 19
, 203
, 184
, 38
, 35
, 187
, 206
, 16
, 54
, 168
, 139
, 83
, 121
, 101
, 107
, 115
, 212
, 10
, 196
, 26
, 92
, 130
, 125
, 97
, 128
, 94
, 38
, 184
, 59
, 163
, 69
, 153
, 104
, 118
, 50
, 172
, 112
, 110
, 51
, 171
, 198
, 24
, 41
, 181
, 19
, 203
, 183
, 39
, 77
, 145
, 140
, 82
, 74
, 148
, 45
, 177
, 206
, 16
, 1
, 221
, 154
, 68
, 94
, 128
, 97
, 125
, 112
, 110
, 173
, 49
, 30
, 192
, 185
, 37
, 212
, 10
, 124
, 98
, 131
, 91
, 137
, 85
, 207
, 15
, 90
, 132
, 178
, 44
, 103
, 119
, 82
, 140
, 159
, 63
, 127
, 95
, 80
, 142
, 111
, 111
, 109
, 113
, 210
, 12
, 167
, 55
, 105
, 117
, 129
, 93
, 172
, 50
, 50
, 172
, 93
, 129
, 9
, 213
, 119
, 103
, 76
, 146
, 16
, 206
, 169
, 53
, 210
, 12
, 67
, 155
, 59
, 163
, 184
, 38
, 44
, 178
, 179
, 43
, 56
, 166
, 55
, 167
, 153
, 69
, 137
, 85
, 115
, 107
, 178
, 44
, 100
, 122
