
4460
, 245
, 13
, 93
, 165
, 180
, 78
, 87
, 171
, 42
, 216
, 250
, 8
, 230
, 28
, 242
, 16
, 55
, 203
, 120
, 138
, 77
, 181
, 178
, 80
, 50
, 208
, 47
, 211
, 232
, 26
, 160
, 98
, 182
, 76
, 110
, 148
, 175
, 83
, 5
, 253
, 40
, 218
, 5
, 253
, 193
, 65
, 192
, 66
, 161
, 97
, 35
, 223
, 178
, 80
, 165
, 93
, 91
, 167
, 182
, 76
, 77
, 181
, 103
, 155
, 105
, 153
, 213
, 45
, 126
, 132
, 91
, 167
, 27
, 231
, 31
, 227
, 85
, 173
, 216
, 42
, 137
, 121
, 3
, 255
, 31
, 227
, 57
, 201
, 109
, 149
, 148
, 110
, 235
, 23
, 210
, 48
, 196
, 62
, 226
, 32
, 25
, 233
, 175
, 83
, 135
, 123
, 234
, 24
, 30
, 228
, 256
, 2
, 46
, 212
, 201
, 57
, 36
, 222
, 235
, 23
, 254
, 4
, 14
, 244
, 109
, 149
, 160
, 98
, 101
, 157
, 76
, 182
, 102
, 156
, 198
, 60
, 121
, 137
, 113
, 145
, 248
, 10
, 108
, 150
, 107
, 151
, 11
, 247
, 99
, 159
, 25
, 233
, 50
, 208
, 247
, 11
, 77
, 181
, 16
, 242
, 179
, 79
, 140
, 118
, 195
, 63
, 205
, 53
, 228
, 30
, 167
, 91
, 98
, 160
, 142
, 116
, 228
, 30
, 57
, 201
, 121
, 137
, 170
, 88
, 169
, 89
, 168
, 90
, 122
, 136
, 209
, 49
, 108
, 150
, 168
, 90
, 30
, 228
, 151
, 107
, 117
, 141
, 221
, 37
, 60
, 198
, 163
, 95
, 253
, 5
, 243
, 15
, 34
, 224
, 85
, 173
, 168
, 90
, 211
, 47
, 162
, 96
, 12
, 246
, 202
, 56
, 110
, 148
, 218
, 40
, 167
, 91
, 90
, 168
, 10
, 248
, 204
, 54
, 203
, 55
, 136
, 122
, 78
, 180
, 142
, 116
, 72
, 186
, 86
, 172
, 47
, 211
, 9
, 249
, 239
, 19
, 106
, 152
, 81
, 177
, 74
, 184
, 236
, 22
, 202
, 56
, 34
, 224
, 154
, 104
, 140
, 118
, 157
, 101
, 96
, 162
, 170
, 88
, 200
, 58
, 83
, 175
, 253
, 5
, 12
, 246
, 209
, 49
, 85
, 173
, 87
, 171
, 226
, 32
, 239
, 19
, 19
, 239
, 160
, 98
, 155
, 103
, 161
, 97
, 55
, 203
, 179
, 79
, 218
, 40
, 87
, 171
, 15
, 243
, 179
, 79
, 195
, 63
, 3
, 255
, 134
, 124
, 161
, 97
, 237
, 21
, 55
, 203
, 183
, 75
, 129
, 129
, 18
, 240
, 125
, 133
, 129
, 129
, 78
, 180
, 192
, 66
, 81
, 177
, 176
, 82
, 23
, 235
, 251
, 7
, 50
, 208
, 229
, 29
, 161
, 97
, 207
, 51
, 244
, 14
, 75
, 183
, 128
, 130
, 152
, 106
, 196
, 62
, 254
, 4
, 6
, 252
, 181
, 77
, 175
, 83
, 207
, 51
, 113
, 145
, 11
, 247
, 251
, 7
, 7
, 251
, 48
, 210
, 18
, 240
, 120
, 138
, 247
, 11
, 92
, 166
, 28
, 230
, 168
, 90
, 58
, 200
, 28
, 230
, 74
, 184
, 129
, 129
, 159
, 99
, 109
, 149
, 124
, 134
, 10
, 248
, 41
, 217
, 156
, 102
, 156
, 102
, 211
, 47
, 85
, 173
, 99
, 159
, 30
, 228
, 76
, 182
, 158
, 100
, 143
, 115
, 244
, 14
, 192
, 66
, 202
, 56
, 163
, 95
, 172
, 86
, 102
, 156
, 88
, 170
, 177
, 81
, 216
, 42
, 90
, 168
, 58
, 200
, 32
, 226
, 12
, 246
, 66
, 192
, 7
, 251
, 242
, 16
, 194
, 64
, 145
, 113
, 255
, 3
, 92
, 166
, 47
, 211
, 156
, 102
, 78
, 180
, 12
, 246
, 100
, 158
, 220
, 38
, 63
, 195
, 1
, 257
, 93
, 165
, 239
, 19
, 55
, 203
, 16
, 242
, 47
, 211
, 130
, 128
, 183
, 75
, 156
, 102
, 25
, 233
, 24
, 234
, 81
, 177
, 150
, 108
, 199
, 59
, 203
, 55
, 64
, 194
, 196
, 62
, 246
, 12
, 100
, 158
, 248
, 10
, 182
, 76
, 234
, 24
, 158
, 100
, 106
, 152
, 226
, 32
, 115
, 143
, 146
, 112
, 238
, 20
, 137
, 121
, 40
, 218
, 75
, 183
, 90
, 168
, 219
, 39
, 19
, 239
, 25
, 233
, 19
, 239
, 241
, 17
, 190
, 68
, 22
, 236
, 21
, 237
, 164
, 94
, 136
, 122
, 154
, 104
, 196
, 62
, 234
, 24
, 149
, 109
, 113
, 145
, 203
, 55
, 256
, 2
, 65
, 193
, 29
, 229
, 26
, 232
, 217
, 41
, 129
, 129
, 44
, 214
, 70
, 188
, 11
, 247
, 224
, 34
, 49
, 209
, 94
, 164
, 118
, 140
, 1
, 257
, 182
, 76
, 212
, 46
, 37
, 221
, 229
, 29
, 182
, 76
, 242
, 16
, 143
, 115
, 31
, 227
, 17
, 241
, 101
, 157
, 91
, 167
, 122
, 136
, 98
, 160
, 78
, 180
, 170
, 88
, 121
, 137
, 66
, 192
, 215
, 43
, 241
, 17
, 229
, 29
, 129
, 129
, 104
, 154
, 40
, 218
, 191
, 67
, 155
, 103
, 148
, 110
, 122
, 136
, 196
, 62
, 190
, 68
, 191
, 67
, 147
, 111
, 174
, 84
, 127
, 131
, 61
, 197
, 143
, 115
, 251
, 7
, 136
, 122
, 177
, 81
, 105
, 153
, 2
, 256
, 47
, 211
, 252
, 6
, 141
, 117
, 63
, 195
, 256
, 2
, 224
, 34
, 54
, 204
, 45
, 213
, 171
, 87
, 132
, 126
, 57
, 201
, 179
, 79
, 164
, 94
, 232
, 26
, 123
, 135
, 94
, 164
, 23
, 235
, 36
, 222
, 209
, 49
, 140
, 118
, 46
, 212
, 227
, 31
, 118
, 140
, 229
, 29
, 134
, 124
, 6
, 252
, 81
, 177
, 53
, 205
, 198
, 60
, 175
, 83
, 213
, 45
, 154
, 104
, 189
, 69
, 167
, 91
, 117
, 141
, 217
, 41
, 22
, 236
, 110
, 148
, 59
, 199
, 86
, 172
, 96
, 162
, 179
, 79
, 16
, 242
, 256
, 2
, 107
, 151
, 39
, 219
, 256
, 2
, 101
, 157
, 63
, 195
, 120
, 138
, 148
, 110
, 89
, 169
, 62
, 196
, 97
, 161
, 94
, 164
, 214
, 44
, 146
, 112
, 230
, 28
, 182
, 76
, 27
, 231
, 84
, 174
, 6
, 252
, 247
, 11
, 227
, 31
, 122
, 136
, 52
, 206
, 7
, 251
, 175
, 83
, 174
, 84
, 183
, 75
, 1
, 257
, 134
, 124
, 140
, 118
, 125
, 133
, 228
, 30
, 45
, 213
, 37
, 221
, 179
, 79
, 77
, 181
, 159
, 99
, 113
, 145
, 222
, 36
, 28
, 230
, 202
, 56
, 63
, 195
, 73
, 185
, 64
, 194
, 3
, 255
, 47
, 211
, 247
, 11
, 178
, 80
, 91
, 167
, 2
, 256
, 76
, 182
, 221
, 37
, 56
, 202
, 54
, 204
, 37
, 221
, 1
, 257
, 230
, 28
, 250
, 8
, 98
, 160
, 150
, 108
, 11
, 247
, 46
, 212
, 105
, 153
, 7
, 251
, 240
, 18
, 76
, 182
, 222
, 36
, 204
, 54
, 57
, 201
, 119
, 139
, 25
, 233
, 223
, 35
, 49
, 209
, 223
, 35
, 160
, 98
, 121
, 137
, 115
, 143
, 141
, 117
, 197
, 61
, 64
, 194
, 119
, 139
, 50
, 208
, 47
, 211
, 13
, 245
, 157
, 101
, 221
, 37
, 102
, 156
, 14
, 244
, 235
, 23
, 129
, 129
, 24
, 234
, 174
, 84
, 119
, 139
, 47
, 211
, 3
, 255
, 104
, 154
, 170
, 88
, 233
, 25
, 193
, 65
, 235
, 23
, 246
, 12
, 30
, 228
, 129
, 129
, 94
, 164
, 253
, 5
, 82
, 176
, 227
, 31
, 255
, 3
, 151
, 107
, 105
, 153
, 208
, 50
, 11
, 247
, 154
, 104
, 102
, 156
, 17
, 241
, 71
, 187
, 232
, 26
, 142
, 116
, 177
, 81
, 201
, 57
, 41
, 217
, 109
, 149
, 251
, 7
, 77
, 181
, 46
, 212
, 73
, 185
, 186
, 72
, 96
, 162
, 69
, 189
, 6
, 252
, 45
, 213
, 122
, 136
, 195
, 63
, 27
, 231
, 209
, 49
, 233
, 25
, 164
, 94
, 247
, 11
, 123
, 135
, 225
, 33
, 138
, 120
, 8
, 250
, 225
, 33
, 120
, 138
, 251
, 7
, 254
, 4
, 68
, 190
, 61
, 197
, 161
, 97
, 52
, 206
, 142
, 116
, 227
, 31
, 161
, 97
, 29
, 229
, 203
, 55
, 13
, 245
, 68
, 190
, 207
, 51
, 147
, 111
, 60
, 198
, 36
, 222
, 24
, 234
, 52
, 206
, 32
, 226
, 13
, 245
, 150
, 108
, 72
, 186
, 23
, 235
, 31
, 227
, 52
, 206
, 37
, 221
, 225
, 33
, 105
, 153
, 204
, 54
, 140
, 118
, 246
, 12
, 120
, 138
, 59
, 199
, 173
, 85
, 238
, 20
, 80
, 178
, 202
, 56
, 95
, 163
, 192
, 66
, 119
, 139
, 4
, 254
, 220
, 38
, 109
, 149
, 176
, 82
, 87
, 171
, 225
, 33
, 160
, 98
, 106
, 152
, 125
, 133
, 161
, 97
, 238
, 20
, 119
, 139
, 220
, 38
, 73
, 185
, 157
, 101
, 87
, 171
, 167
, 91
, 105
, 153
, 247
, 11
, 128
, 130
, 87
, 171
, 152
, 106
, 35
, 223
, 147
, 111
, 246
, 12
, 119
, 139
, 178
, 80
, 223
, 35
, 101
, 157
, 22
, 236
, 60
, 198
, 46
, 212
, 239
, 19
, 166
, 92
, 223
, 35
, 5
, 253
, 88
, 170
, 231
, 27
, 92
, 166
, 95
, 163
, 85
, 173
, 128
, 130
, 62
, 196
, 145
, 113
, 100
, 158
, 108
, 150
, 51
, 207
, 132
, 126
, 160
, 98
, 36
, 222
, 22
, 236
, 218
, 40
, 105
, 153
, 108
, 150
, 200
, 58
, 47
, 211
, 189
, 69
, 104
, 154
, 254
, 4
, 139
, 119
, 188
, 70
, 240
, 18
, 96
, 162
, 23
, 235
, 203
, 55
, 17
, 241
, 248
, 10
, 53
, 205
, 229
, 29
, 105
, 153
, 241
, 17
, 143
, 115
, 118
, 140
, 247
, 11
, 230
, 28
, 199
, 59
, 145
, 113
, 158
, 100
, 117
, 141
, 165
, 93
, 250
, 8
, 221
, 37
, 8
, 250
, 30
, 228
, 233
, 25
, 41
, 217
, 47
, 211
, 186
, 72
, 169
, 89
, 80
, 178
, 178
, 80
, 233
, 25
, 130
, 128
, 126
, 132
, 101
, 157
, 51
, 207
, 205
, 53
, 222
, 36
, 140
, 118
, 110
, 148
, 143
, 115
, 10
, 248
, 79
, 179
, 14
, 244
, 229
, 29
, 110
, 148
, 152
, 106
, 94
, 164
, 226
, 32
, 65
, 193
, 85
, 173
, 160
, 98
, 57
, 201
, 135
, 123
, 70
, 188
, 213
, 45
, 117
, 141
, 193
, 65
, 186
, 72
, 217
, 41
, 218
, 40
, 241
, 17
, 177
, 81
, 250
, 8
, 27
, 231
, 146
, 112
, 133
, 125
, 23
, 235
, 41
, 217
, 199
, 59
, 8
, 250
, 176
, 82
, 126
, 132
, 242
, 16
, 152
, 106
, 160
, 98
, 173
, 85
, 192
, 66
, 136
, 122
, 61
, 197
, 254
, 4
, 93
, 165
, 76
, 182
, 223
, 35
, 112
, 146
, 19
, 239
, 6
, 252
, 192
, 66
, 118
, 140
, 186
, 72
, 201
, 57
, 197
, 61
, 55
, 203
, 30
, 228
, 30
, 228
, 217
, 41
, 210
, 48
, 129
, 129
, 250
, 8
, 65
, 193
, 58
, 200
, 82
, 176
, 97
, 161
, 176
, 82
, 59
, 199
, 71
, 187
, 160
, 98
, 131
, 127
, 19
, 239
, 197
, 61
, 145
, 113
, 112
, 146
, 147
, 111
, 73
, 185
, 136
, 122
, 9
, 249
, 114
, 144
, 89
, 169
, 196
, 62
, 105
, 153
, 95
, 163
, 182
, 76
, 43
, 215
, 81
, 177
, 142
, 116
, 146
, 112
, 231
, 27
, 136
, 122
, 210
, 48
, 114
, 144
, 118
, 140
, 52
, 206
, 47
, 211
, 131
, 127
, 142
, 116
, 209
, 49
, 210
, 48
, 200
, 58
, 215
, 43
, 138
, 120
, 156
, 102
, 134
, 124
, 194
, 64
, 218
, 40
, 135
, 123
, 65
, 193
, 204
, 54
, 204
, 54
, 78
, 180
, 64
, 194
, 63
, 195
, 43
, 215
, 9
, 249
, 125
, 133
, 144
, 114
, 72
, 186
, 23
, 235
, 196
, 62
, 127
, 131
, 53
, 205
, 175
, 83
, 83
, 175
, 181
, 77
, 140
, 118
, 58
, 200
, 177
, 81
, 55
, 203
, 148
, 110
, 66
, 192
, 227
, 31
, 174
, 84
, 9
, 249
, 82
, 176
, 140
, 118
, 180
, 78
, 30
, 228
, 45
, 213
, 63
, 195
, 9
, 249
, 169
, 89
, 110
, 148
, 207
, 51
, 236
, 22
, 130
, 128
, 107
, 151
, 37
, 221
, 163
, 95
, 65
, 193
, 46
, 212
, 118
, 140
, 67
, 191
, 44
, 214
, 141
, 117
, 82
, 176
, 38
, 220
, 48
, 210
, 76
, 182
, 172
, 86
, 232
, 26
, 225
, 33
, 209
, 49
, 53
, 205
, 90
, 168
, 248
, 10
, 200
, 58
, 51
, 207
, 59
, 199
, 47
, 211
, 27
, 231
, 119
, 139
, 18
, 240
, 248
, 10
, 7
, 251
, 18
, 240
, 181
, 77
, 139
, 119
, 239
, 19
, 156
, 102
, 248
, 10
, 132
, 126
, 173
, 85
, 149
, 109
, 202
, 56
, 92
, 166
, 89
, 169
, 189
, 69
, 220
, 38
, 203
, 55
, 30
, 228
, 222
, 36
, 51
, 207
, 252
, 6
, 250
, 8
, 36
, 222
, 80
, 178
, 175
, 83
, 190
, 68
, 214
, 44
, 77
, 181
, 49
, 209
, 101
, 157
, 23
, 235
, 71
, 187
, 117
, 141
, 110
, 148
, 59
, 199
, 230
, 28
, 21
, 237
, 116
, 142
, 54
, 204
, 171
, 87
, 142
, 116
, 196
, 62
, 32
, 226
, 138
, 120
, 193
, 65
, 49
, 209
, 253
, 5
, 160
, 98
, 118
, 140
, 42
, 216
, 209
, 49
, 185
, 73
, 227
, 31
, 233
, 25
, 196
, 62
, 58
, 200
, 231
, 27
, 155
, 103
, 20
, 238
, 185
, 73
, 129
, 129
, 62
, 196
, 184
, 74
, 205
, 53
, 9
, 249
, 97
, 161
, 36
, 222
, 149
, 109
, 40
, 218
, 66
, 192
, 62
, 196
, 130
, 128
, 84
, 174
, 121
, 137
, 26
, 232
, 233
, 25
, 68
, 190
, 225
, 33
, 178
, 80
, 215
, 43
, 144
, 114
, 210
, 48
, 217
, 41
, 245
, 13
, 210
, 48
, 38
, 220
, 14
, 244
, 76
, 182
, 212
, 46
, 209
, 49
, 20
, 238
, 198
, 60
, 141
, 117
, 249
, 9
, 119
, 139
, 14
, 244
, 54
, 204
, 224
, 34
, 83
, 175
, 141
, 117
, 52
, 206
, 103
, 155
, 35
, 223
, 97
, 161
, 111
, 147
, 48
, 210
, 149
, 109
, 246
, 12
, 216
, 42
, 130
, 128
, 206
, 52
, 139
, 119
, 19
, 239
, 234
, 24
, 231
, 27
, 202
, 56
, 195
, 63
, 111
, 147
, 120
, 138
, 20
, 238
, 227
, 31
, 83
, 175
, 153
, 105
, 163
, 95
, 129
, 129
, 182
, 76
, 16
, 242
, 201
, 57
, 67
, 191
, 230
, 28
, 92
, 166
, 156
, 102
, 49
, 209
, 49
, 209
, 59
, 199
, 248
, 10
, 130
, 128
, 218
, 40
, 39
, 219
, 226
, 32
, 241
, 17
, 237
, 21
, 90
, 168
, 103
, 155
, 197
, 61
, 123
, 135
, 52
, 206
, 191
, 67
, 16
, 242
, 216
, 42
, 92
, 166
, 247
, 11
, 104
, 154
, 154
, 104
, 199
, 59
, 69
, 189
, 68
, 190
, 56
, 202
, 121
, 137
, 154
, 104
, 235
, 23
, 96
, 162
, 21
, 237
, 79
, 179
, 251
, 7
, 30
, 228
, 212
, 46
, 113
, 145
, 8
, 250
, 160
, 98
, 253
, 5
, 192
, 66
, 97
, 161
, 77
, 181
, 198
, 60
, 142
, 116
, 126
, 132
, 234
, 24
, 76
, 182
, 219
, 39
, 205
, 53
, 199
, 59
, 238
, 20
, 8
, 250
, 155
, 103
, 149
, 109
, 86
, 172
, 143
, 115
, 67
, 191
, 91
, 167
, 117
, 141
, 107
, 151
, 12
, 246
, 190
, 68
, 247
, 11
, 108
, 150
, 218
, 40
, 89
, 169
, 96
, 162
, 150
, 108
, 213
, 45
, 7
, 251
, 236
, 22
, 174
, 84
, 74
, 184
, 229
, 29
, 202
, 56
, 193
, 65
, 197
, 61
, 88
, 170
, 213
, 45
, 197
, 61
, 71
, 187
, 115
, 143
, 86
, 172
, 4
, 254
, 176
, 82
, 54
, 204
, 231
, 27
, 13
, 245
, 230
, 28
, 226
, 32
, 177
, 81
, 208
, 50
, 69
, 189
, 181
, 77
, 11
, 247
, 175
, 83
, 245
, 13
, 165
, 93
, 4
, 254
, 185
, 73
, 92
, 166
, 5
, 253
, 5
, 253
, 13
, 245
, 139
, 119
, 83
, 175
, 186
, 72
, 154
, 104
, 222
, 36
, 74
, 184
, 30
, 228
, 11
, 247
, 238
, 20
, 17
, 241
, 56
, 202
, 103
, 155
, 48
, 210
, 44
, 214
, 132
, 126
, 162
, 96
, 211
, 47
, 172
, 86
, 211
, 47
, 235
, 23
, 135
, 123
, 199
, 59
, 9
, 249
, 198
, 60
, 235
, 23
, 164
, 94
, 45
, 213
, 85
, 173
, 124
, 134
, 129
, 129
, 123
, 135
, 2
, 256
, 87
, 171
, 45
, 213
, 85
, 173
, 64
, 194
, 15
, 243
, 236
, 22
, 149
, 109
, 124
, 134
, 30
, 228
, 97
, 161
, 238
, 20
, 146
, 112
, 64
, 194
, 122
, 136
, 234
, 24
, 194
, 64
, 3
, 255
, 174
, 84
, 55
, 203
, 31
, 227
, 107
, 151
, 233
, 25
, 12
, 246
, 99
, 159
, 187
, 71
, 139
, 119
, 241
, 17
, 245
, 13
, 219
, 39
, 214
, 44
, 118
, 140
, 241
, 17
, 48
, 210
, 37
, 221
, 57
, 201
, 203
, 55
, 152
, 106
, 86
, 172
, 248
, 10
, 215
, 43
, 214
, 44
, 162
, 96
, 48
, 210
, 212
, 46
, 189
, 69
, 224
, 34
, 194
, 64
, 244
, 14
, 17
, 241
, 96
, 162
, 92
, 166
, 151
, 107
, 199
, 59
, 159
, 99
, 205
, 53
, 136
, 122
, 215
, 43
, 130
, 128
, 87
, 171
, 57
, 201
, 153
, 105
, 102
, 156
, 125
, 133
, 36
, 222
, 256
, 2
, 60
, 198
, 183
, 75
, 8
, 250
, 136
, 122
, 198
, 60
, 179
, 79
, 198
, 60
, 232
, 26
, 97
, 161
, 32
, 226
, 228
, 30
, 115
, 143
, 242
, 16
, 27
, 231
, 228
, 30
, 36
, 222
, 111
, 147
, 40
, 218
, 29
, 229
, 75
, 183
, 86
, 172
, 226
, 32
, 172
, 86
, 200
, 58
, 35
, 223
, 36
, 222
, 230
, 28
, 177
, 81
, 10
, 248
, 190
, 68
, 6
, 252
, 238
, 20
, 101
, 157
, 128
, 130
, 187
, 71
, 35
, 223
, 78
, 180
, 93
, 165
, 224
, 34
, 183
, 75
, 89
, 169
, 237
, 21
, 38
, 220
, 68
, 190
, 179
, 79
, 57
, 201
, 177
, 81
, 250
, 8
, 234
, 24
, 18
, 240
, 144
, 114
, 76
, 182
, 142
, 116
, 168
, 90
, 244
, 14
, 164
, 94
, 121
, 137
, 36
, 222
, 226
, 32
, 42
, 216
, 49
, 209
, 40
, 218
, 43
, 215
, 36
, 222
, 71
, 187
, 152
, 106
, 72
, 186
, 122
, 136
, 7
, 251
, 210
, 48
, 168
, 90
, 25
, 233
, 174
, 84
, 135
, 123
, 244
, 14
, 134
, 124
, 14
, 244
, 103
, 155
, 87
, 171
, 152
, 106
, 240
, 18
, 73
, 185
, 126
, 132
, 82
, 176
, 125
, 133
, 201
, 57
, 231
, 27
, 215
, 43
, 156
, 102
, 78
, 180
, 132
, 126
, 17
, 241
, 199
, 59
, 2
, 256
, 123
, 135
, 142
, 116
, 26
, 232
, 54
, 204
, 163
, 95
, 167
, 91
, 119
, 139
, 253
, 5
, 221
, 37
, 47
, 211
, 148
, 110
, 212
, 46
, 230
, 28
, 148
, 110
, 87
, 171
, 236
, 22
, 68
, 190
, 58
, 200
, 143
, 115
, 227
, 31
, 156
, 102
, 218
, 40
, 17
, 241
, 103
, 155
, 199
, 59
, 184
, 74
, 79
, 179
, 167
, 91
, 184
, 74
, 182
, 76
, 40
, 218
, 241
, 17
, 17
, 241
, 246
, 12
, 190
, 68
, 78
, 180
, 213
, 45
, 9
, 249
, 57
, 201
, 64
, 194
, 14
, 244
, 236
, 22
, 197
, 61
, 220
, 38
, 108
, 150
, 39
, 219
, 154
, 104
, 15
, 243
, 102
, 156
, 90
, 168
, 52
, 206
, 10
, 248
, 170
, 88
, 153
, 105
, 181
, 77
, 22
, 236
, 54
, 204
, 164
, 94
, 157
, 101
, 194
, 64
, 109
, 149
, 98
, 160
, 227
, 31
, 106
, 152
, 178
, 80
, 234
, 24
, 188
, 70
, 92
, 166
, 82
, 176
, 208
, 50
, 239
, 19
, 153
, 105
, 117
, 141
, 103
, 155
, 158
, 100
, 117
, 141
, 110
, 148
, 188
, 70
, 98
, 160
, 199
, 59
, 5
, 253
, 88
, 170
, 28
, 230
, 183
, 75
, 13
, 245
, 192
, 66
, 112
, 146
, 67
, 191
, 52
, 206
, 87
, 171
, 44
, 214
, 245
, 13
, 162
, 96
, 27
, 231
, 237
, 21
, 150
, 108
, 134
, 124
, 185
, 73
, 33
, 225
, 41
, 217
, 220
, 38
, 150
, 108
, 217
, 41
, 109
, 149
, 248
, 10
, 204
, 54
, 90
, 168
, 253
, 5
, 169
, 89
, 57
, 201
, 240
, 18
, 12
, 246
, 119
, 139
, 177
, 81
, 80
, 178
, 137
, 121
, 150
, 108
, 228
, 30
, 132
, 126
, 8
, 250
, 178
, 80
, 218
, 40
, 44
, 214
, 83
, 175
, 243
, 15
, 139
, 119
, 76
, 182
, 229
, 29
, 132
, 126
, 33
, 225
, 4
, 254
, 54
, 204
, 158
, 100
, 17
, 241
, 197
, 61
, 152
, 106
, 162
, 96
, 166
, 92
, 117
, 141
, 129
, 129
, 73
, 185
, 221
, 37
, 8
, 250
, 68
, 190
, 183
, 75
, 255
, 3
, 63
, 195
, 36
, 222
, 115
, 143
, 158
, 100
, 146
, 112
, 153
, 105
, 186
, 72
, 166
, 92
, 106
, 152
, 162
, 96
, 195
, 63
, 246
, 12
, 35
, 223
, 240
, 18
, 226
, 32
, 225
, 33
, 44
, 214
, 207
, 51
, 200
, 58
, 244
, 14
, 3
, 255
, 29
, 229
, 36
, 222
, 29
, 229
, 256
, 2
, 27
, 231
, 175
, 83
, 185
, 73
, 185
, 73
, 192
, 66
, 144
, 114
, 102
, 156
, 219
, 39
, 82
, 176
, 39
, 219
, 120
, 138
, 227
, 31
, 219
, 39
, 100
, 158
, 227
, 31
, 199
, 59
, 25
, 233
, 60
, 198
, 21
, 237
, 31
, 227
, 93
, 165
, 83
, 175
, 5
, 253
, 48
, 210
, 89
, 169
, 101
, 157
, 45
, 213
, 175
, 83
, 11
, 247
, 102
, 156
, 64
, 194
, 154
, 104
, 56
, 202
, 62
, 196
, 82
, 176
, 102
, 156
, 75
, 183
, 248
, 10
, 47
, 211
, 44
, 214
, 185
, 73
, 128
, 130
, 38
, 220
, 68
, 190
, 126
, 132
, 110
, 148
, 12
, 246
, 34
, 224
, 82
, 176
, 191
, 67
, 191
, 67
, 214
, 44
, 42
, 216
, 225
, 33
, 204
, 54
, 152
, 106
, 84
, 174
, 224
, 34
, 55
, 203
, 249
, 9
, 69
, 189
, 219
, 39
, 134
, 124
, 249
, 9
, 206
, 52
, 37
, 221
, 120
, 138
, 125
, 133
, 31
, 227
, 182
, 76
, 84
, 174
, 86
, 172
, 175
, 83
, 222
, 36
, 78
, 180
, 37
, 221
, 221
, 37
, 239
, 19
, 131
, 127
, 21
, 237
, 90
, 168
, 189
, 69
, 226
, 32
, 201
, 57
, 157
, 101
, 251
, 7
, 128
, 130
, 128
, 130
, 197
, 61
, 121
, 137
, 254
, 4
, 160
, 98
, 196
, 62
, 154
, 104
, 214
, 44
, 33
, 225
, 93
, 165
, 72
, 186
, 78
, 180
, 26
, 232
, 128
, 130
, 162
, 96
, 161
, 97
, 91
, 167
, 218
, 40
, 55
, 203
, 243
, 15
, 212
, 46
, 138
, 120
, 186
, 72
, 242
, 16
, 111
, 147
, 147
, 111
, 1
, 257
, 80
, 178
, 163
, 95
, 204
, 54
, 69
, 189
, 173
, 85
, 82
, 176
, 120
, 138
, 157
, 101
, 156
, 102
, 220
, 38
, 19
, 239
, 24
, 234
, 199
, 59
, 147
, 111
, 209
, 49
, 217
, 41
, 48
, 210
, 119
, 139
, 64
, 194
, 33
, 225
, 186
, 72
, 96
, 162
, 189
, 69
, 154
, 104
, 223
, 35
, 220
, 38
, 204
, 54
, 158
, 100
, 8
, 250
, 85
, 173
, 198
, 60
, 122
, 136
, 154
, 104
, 156
, 102
, 20
, 238
, 154
, 104
, 34
, 224
, 134
, 124
, 140
, 118
, 116
, 142
, 45
, 213
, 240
, 18
, 122
, 136
, 225
, 33
, 149
, 109
, 82
, 176
, 204
, 54
, 31
, 227
, 234
, 24
, 106
, 152
, 147
, 111
, 127
, 131
, 138
, 120
, 77
, 181
, 18
, 240
, 105
, 153
, 174
, 84
, 248
, 10
, 156
, 102
, 57
, 201
, 113
, 145
, 35
, 223
, 82
, 176
, 254
, 4
, 229
, 29
, 20
, 238
, 27
, 231
, 82
, 176
, 11
, 247
, 140
, 118
, 109
, 149
, 79
, 179
, 83
, 175
, 169
, 89
, 244
, 14
, 99
, 159
, 117
, 141
, 217
, 41
, 140
, 118
, 101
, 157
, 247
, 11
, 179
, 79
, 27
, 231
, 205
, 53
, 174
, 84
, 234
, 24
, 17
, 241
, 200
, 58
, 43
, 215
, 91
, 167
, 112
, 146
, 103
, 155
, 115
, 143
, 21
, 237
, 82
, 176
, 23
, 235
, 218
, 40
, 50
, 208
, 251
, 7
, 99
, 159
, 15
, 243
, 134
, 124
, 18
, 240
, 170
, 88
, 55
, 203
, 92
, 166
, 126
, 132
, 127
, 131
, 45
, 213
, 21
, 237
, 121
, 137
, 195
, 63
, 249
, 9
, 11
, 247
, 183
, 75
, 212
, 46
, 128
, 130
, 174
, 84
, 18
, 240
, 90
, 168
, 22
, 236
, 120
, 138
, 166
, 92
, 143
, 115
, 71
, 187
, 55
, 203
, 3
, 255
, 115
, 143
, 189
, 69
, 252
, 6
, 195
, 63
, 3
, 255
, 54
, 204
, 252
, 6
, 199
, 59
, 6
, 252
, 168
, 90
, 28
, 230
, 146
, 112
, 18
, 240
, 7
, 251
, 118
, 140
, 10
, 248
, 55
, 203
, 74
, 184
, 157
, 101
, 251
, 7
, 142
, 116
, 52
, 206
, 222
, 36
, 249
, 9
, 180
, 78
, 101
, 157
, 182
, 76
, 162
, 96
, 19
, 239
, 95
, 163
, 174
, 84
, 241
, 17
, 3
, 255
, 187
, 71
, 199
, 59
, 120
, 138
, 141
, 117
, 236
, 22
, 10
, 248
, 128
, 130
, 232
, 26
, 86
, 172
, 129
, 129
, 203
, 55
, 177
, 81
, 109
, 149
, 172
, 86
, 88
, 170
, 43
, 215
, 98
, 160
, 77
, 181
, 57
, 201
, 189
, 69
, 233
, 25
, 179
, 79
, 246
, 12
, 56
, 202
, 162
, 96
, 172
, 86
, 79
, 179
, 28
, 230
, 140
, 118
, 251
, 7
, 46
, 212
, 136
, 122
, 168
, 90
, 153
, 105
, 206
, 52
, 36
, 222
, 87
, 171
, 120
, 138
, 207
, 51
, 152
, 106
, 167
, 91
, 198
, 60
, 121
, 137
, 238
, 20
, 182
, 76
, 88
, 170
, 203
, 55
, 41
, 217
, 37
, 221
, 199
, 59
, 186
, 72
, 112
, 146
, 247
, 11
, 201
, 57
, 86
, 172
, 20
, 238
, 2
, 256
, 248
, 10
, 162
, 96
, 87
, 171
, 91
, 167
, 11
, 247
, 40
, 218
, 6
, 252
, 252
, 6
, 197
, 61
, 104
, 154
, 174
, 84
, 92
, 166
, 223
, 35
, 115
, 143
, 144
, 114
, 49
, 209
, 251
, 7
, 64
, 194
, 168
, 90
, 121
, 137
, 89
, 169
, 246
, 12
, 126
, 132
, 139
, 119
, 172
, 86
, 220
, 38
, 81
, 177
, 231
, 27
, 178
, 80
, 206
, 52
, 143
, 115
, 237
, 21
, 87
, 171
, 56
, 202
, 190
, 68
, 232
, 26
, 103
, 155
, 190
, 68
, 95
, 163
, 6
, 252
, 162
, 96
, 28
, 230
, 179
, 79
, 37
, 221
, 229
, 29
, 16
, 242
, 12
, 246
, 6
, 252
, 247
, 11
, 146
, 112
, 213
, 45
, 106
, 152
, 155
, 103
, 162
, 96
, 45
, 213
, 29
, 229
, 179
, 79
, 37
, 221
, 192
, 66
, 67
, 191
, 183
, 75
, 49
, 209
, 190
, 68
, 197
, 61
, 224
, 34
, 28
, 230
, 125
, 133
, 14
, 244
, 34
, 224
, 127
, 131
, 19
, 239
, 65
, 193
, 14
, 244
, 12
, 246
, 72
, 186
, 133
, 125
, 198
, 60
, 181
, 77
, 195
, 63
, 207
, 51
, 213
, 45
, 124
, 134
, 134
, 124
, 35
, 223
, 132
, 126
, 109
, 149
, 138
, 120
, 52
, 206
, 218
, 40
, 226
, 32
, 22
, 236
, 194
, 64
, 216
, 42
, 136
, 122
, 36
, 222
, 25
, 233
, 149
, 109
, 179
, 79
, 160
, 98
, 171
, 87
, 145
, 113
, 16
, 242
, 254
, 4
, 203
, 55
, 73
, 185
, 207
, 51
, 227
, 31
, 84
, 174
, 105
, 153
, 22
, 236
, 70
, 188
, 214
, 44
, 33
, 225
, 142
, 116
, 192
, 66
, 138
, 120
, 48
, 210
, 193
, 65
, 166
, 92
, 149
, 109
, 177
, 81
, 188
, 70
, 253
, 5
, 249
, 9
, 120
, 138
, 184
, 74
, 235
, 23
, 149
, 109
, 72
, 186
, 23
, 235
, 169
, 89
, 134
, 124
, 23
, 235
, 223
, 35
, 171
, 87
, 33
, 225
, 183
, 75
, 208
, 50
, 26
, 232
, 218
, 40
, 183
, 75
, 226
, 32
, 56
, 202
, 121
, 137
, 66
, 192
, 244
, 14
, 27
, 231
, 232
, 26
, 19
, 239
, 177
, 81
, 170
, 88
, 131
, 127
, 252
, 6
, 223
, 35
, 41
, 217
, 81
, 177
, 99
, 159
, 143
, 115
, 99
, 159
, 49
, 209
, 2
, 256
, 243
, 15
, 82
, 176
, 254
, 4
, 41
, 217
, 132
, 126
, 179
, 79
, 206
, 52
, 77
, 181
, 183
, 75
, 238
, 20
, 118
, 140
, 242
, 16
, 55
, 203
, 42
, 216
, 1
, 257
, 118
, 140
, 26
, 232
, 136
, 122
, 224
, 34
, 194
, 64
, 9
, 249
, 205
, 53
, 229
, 29
, 87
, 171
, 87
, 171
, 134
, 124
, 43
, 215
, 254
, 4
, 233
, 25
, 4
, 254
, 169
, 89
, 151
, 107
, 137
, 121
, 59
, 199
, 240
, 18
, 153
, 105
, 185
, 73
, 219
, 39
, 218
, 40
, 107
, 151
, 191
, 67
, 93
, 165
, 147
, 111
, 192
, 66
, 43
, 215
, 127
, 131
, 53
, 205
, 74
, 184
, 236
, 22
, 33
, 225
, 73
, 185
, 28
, 230
, 233
, 25
, 181
, 77
, 43
, 215
, 122
, 136
, 206
, 52
, 15
, 243
, 141
, 117
, 22
, 236
, 90
, 168
, 82
, 176
, 3
, 255
, 247
, 11
, 106
, 152
, 46
, 212
, 128
, 130
, 108
, 150
, 225
, 33
, 244
, 14
, 205
, 53
, 243
, 15
, 182
, 76
, 171
, 87
, 204
, 54
, 200
, 58
, 192
, 66
, 42
, 216
, 3
, 255
, 230
, 28
, 148
, 110
, 56
, 202
, 133
, 125
, 25
, 233
, 118
, 140
, 131
, 127
, 93
, 165
, 131
, 127
, 76
, 182
, 113
, 145
, 63
, 195
, 139
, 119
, 133
, 125
, 124
, 134
, 253
, 5
, 116
, 142
, 77
, 181
, 148
, 110
, 34
, 224
, 144
, 114
, 163
, 95
, 72
, 186
, 213
, 45
, 184
, 74
, 243
, 15
, 177
, 81
, 85
, 173
, 57
, 201
, 202
, 56
, 18
, 240
, 98
, 160
, 118
, 140
, 60
, 198
, 19
, 239
, 197
, 61
, 215
, 43
, 28
, 230
, 21
, 237
, 28
, 230
, 246
, 12
, 230
, 28
, 133
, 125
, 77
, 181
, 188
, 70
, 29
, 229
, 252
, 6
, 195
, 63
, 167
, 91
, 9
, 249
, 20
, 238
, 234
, 24
, 231
, 27
, 212
, 46
, 255
, 3
, 231
, 27
, 89
, 169
, 108
, 150
, 171
, 87
, 70
, 188
, 204
, 54
, 50
, 208
, 41
, 217
, 49
, 209
, 51
, 207
, 227
, 31
, 10
, 248
, 136
, 122
, 10
, 248
, 212
, 46
, 238
, 20
, 24
, 234
, 219
, 39
, 95
, 163
, 188
, 70
, 50
, 208
, 171
, 87
, 218
, 40
, 69
, 189
, 243
, 15
, 158
, 100
, 49
, 209
, 224
, 34
, 191
, 67
, 134
, 124
, 197
, 61
, 193
, 65
, 237
, 21
, 210
, 48
, 174
, 84
, 80
, 178
, 201
, 57
, 96
, 162
, 223
, 35
, 123
, 135
, 235
, 23
, 206
, 52
, 219
, 39
, 242
, 16
, 37
, 221
, 146
, 112
, 148
, 110
, 134
, 124
, 187
, 71
, 142
, 116
, 102
, 156
, 33
, 225
, 180
, 78
, 72
, 186
, 2
, 256
, 214
, 44
, 241
, 17
, 34
, 224
, 26
, 232
, 71
, 187
, 238
, 20
, 113
, 145
, 56
, 202
, 201
, 57
, 183
, 75
, 130
, 128
, 217
, 41
, 55
, 203
, 123
, 135
, 99
, 159
, 121
, 137
, 207
, 51
, 10
, 248
, 218
, 40
, 136
, 122
, 96
, 162
, 9
, 249
, 76
, 182
, 205
, 53
, 37
, 221
, 205
, 53
, 204
, 54
, 249
, 9
, 141
, 117
, 168
, 90
, 8
, 250
, 175
, 83
, 152
, 106
, 237
, 21
, 137
, 121
, 155
, 103
, 30
, 228
, 183
, 75
, 167
, 91
, 156
, 102
, 149
, 109
, 213
, 45
, 180
, 78
, 190
, 68
, 214
, 44
, 17
, 241
, 150
, 108
, 61
, 197
, 196
, 62
, 140
, 118
, 53
, 205
, 44
, 214
, 164
, 94
, 234
, 24
, 50
, 208
, 64
, 194
, 64
, 194
, 127
, 131
, 252
, 6
, 231
, 27
, 172
, 86
, 158
, 100
, 116
, 142
, 49
, 209
, 12
, 246
, 156
, 102
, 250
, 8
, 204
, 54
, 169
, 89
, 46
, 212
, 207
, 51
, 115
, 143
, 57
, 201
, 118
, 140
, 93
, 165
, 14
, 244
, 87
, 171
, 145
, 113
, 146
, 112
, 239
, 19
, 177
, 81
, 111
, 147
, 251
, 7
, 106
, 152
, 239
, 19
, 150
, 108
, 206
, 52
, 253
, 5
, 26
, 232
, 68
, 190
, 54
, 204
, 44
, 214
, 30
, 228
, 58
, 200
, 194
, 64
, 112
, 146
, 149
, 109
, 127
, 131
, 26
, 232
, 104
, 154
, 118
, 140
, 70
, 188
, 96
, 162
, 6
, 252
, 96
, 162
, 159
, 99
, 6
, 252
, 212
, 46
, 10
, 248
, 237
, 21
, 107
, 151
, 52
, 206
, 117
, 141
, 137
, 121
, 126
, 132
, 102
, 156
, 104
, 154
, 224
, 34
, 204
, 54
, 199
, 59
, 30
, 228
, 224
, 34
, 82
, 176
, 92
, 166
, 197
, 61
, 152
, 106
, 3
, 255
, 230
, 28
, 139
, 119
, 48
, 210
, 13
, 245
, 247
, 11
, 49
, 209
, 107
, 151
, 64
, 194
, 90
, 168
, 190
, 68
, 97
, 161
, 8
, 250
, 63
, 195
, 124
, 134
, 205
, 53
, 139
, 119
, 148
, 110
, 6
, 252
, 18
, 240
, 194
, 64
, 181
, 77
, 5
, 253
, 142
, 116
, 88
, 170
, 175
, 83
, 148
, 110
, 149
, 109
, 27
, 231
, 125
, 133
, 71
, 187
, 153
, 105
, 68
, 190
, 107
, 151
, 239
, 19
, 169
, 89
, 16
, 242
, 223
, 35
, 70
, 188
, 57
, 201
, 57
, 201
, 182
, 76
, 192
, 66
, 86
, 172
, 61
, 197
, 32
, 226
, 23
, 235
, 188
, 70
, 140
, 118
, 245
, 13
, 199
, 59
, 118
, 140
, 192
, 66
, 49
, 209
, 123
, 135
, 89
, 169
, 192
, 66
, 54
, 204
, 195
, 63
, 71
, 187
, 139
, 119
, 39
, 219
, 81
, 177
, 159
, 99
, 39
, 219
, 140
, 118
, 98
, 160
, 125
, 133
, 171
, 87
, 60
, 198
, 115
, 143
, 228
, 30
, 252
, 6
, 156
, 102
, 230
, 28
, 185
, 73
, 208
, 50
, 254
, 4
, 210
, 48
, 134
, 124
, 254
, 4
, 147
, 111
, 59
, 199
, 121
, 137
, 199
, 59
, 93
, 165
, 170
, 88
, 177
, 81
, 222
, 36
, 72
, 186
, 14
, 244
, 175
, 83
, 49
, 209
, 118
, 140
, 245
, 13
, 3
, 255
, 26
, 232
, 48
, 210
, 104
, 154
, 254
, 4
, 146
, 112
, 208
, 50
, 175
, 83
, 246
, 12
, 84
, 174
, 55
, 203
, 122
, 136
, 89
, 169
, 84
, 174
, 7
, 251
, 237
, 21
, 28
, 230
, 150
, 108
, 83
, 175
, 98
, 160
, 132
, 126
, 21
, 237
, 169
, 89
, 231
, 27
, 92
, 166
, 74
, 184
, 118
, 140
, 32
, 226
, 83
, 175
, 6
, 252
, 78
, 180
, 235
, 23
, 15
, 243
, 216
, 42
, 217
, 41
, 225
, 33
, 84
, 174
, 150
, 108
, 150
, 108
, 116
, 142
, 187
, 71
, 129
, 129
, 103
, 155
, 204
, 54
, 28
, 230
, 16
, 242
, 14
, 244
, 64
, 194
, 242
, 16
, 106
, 152
, 231
, 27
, 196
, 62
, 244
, 14
, 9
, 249
, 252
, 6
, 141
, 117
, 217
, 41
, 252
, 6
, 117
, 141
, 116
, 142
, 202
, 56
, 237
, 21
, 52
, 206
, 80
, 178
, 124
, 134
, 108
, 150
, 125
, 133
, 43
, 215
, 203
, 55
, 70
, 188
, 212
, 46
, 81
, 177
, 195
, 63
, 181
, 77
, 48
, 210
, 158
, 100
, 216
, 42
, 97
, 161
, 106
, 152
, 147
, 111
, 182
, 76
, 133
, 125
, 113
, 145
, 19
, 239
, 128
, 130
, 157
, 101
, 220
, 38
, 251
, 7
, 105
, 153
, 219
, 39
, 138
, 120
, 173
, 85
, 241
, 17
, 73
, 185
, 117
, 141
, 168
, 90
, 56
, 202
, 36
, 222
, 206
, 52
, 5
, 253
, 189
, 69
, 226
, 32
, 89
, 169
, 132
, 126
, 235
, 23
, 120
, 138
, 95
, 163
, 75
, 183
, 101
, 157
, 96
, 162
, 194
, 64
, 128
, 130
, 123
, 135
, 19
, 239
, 123
, 135
, 102
, 156
, 112
, 146
, 144
, 114
, 16
, 242
, 220
, 38
, 246
, 12
, 197
, 61
, 213
, 45
, 31
, 227
, 170
, 88
, 4
, 254
, 210
, 48
, 194
, 64
, 14
, 244
, 115
, 143
, 170
, 88
, 154
, 104
, 138
, 120
, 193
, 65
, 150
, 108
, 18
, 240
, 158
, 100
, 129
, 129
, 219
, 39
, 47
, 211
, 131
, 127
, 11
, 247
, 165
, 93
, 29
, 229
, 155
, 103
, 186
, 72
, 155
, 103
, 199
, 59
, 85
, 173
, 85
, 173
, 81
, 177
, 240
, 18
, 127
, 131
, 52
, 206
, 193
, 65
, 148
, 110
, 32
, 226
, 134
, 124
, 190
, 68
, 107
, 151
, 2
, 256
, 172
, 86
, 242
, 16
, 28
, 230
, 68
, 190
, 63
, 195
, 182
, 76
, 54
, 204
, 169
, 89
, 245
, 13
, 208
, 50
, 132
, 126
, 129
, 129
, 110
, 148
, 210
, 48
, 155
, 103
, 28
, 230
, 153
, 105
, 159
, 99
, 187
, 71
, 221
, 37
, 28
, 230
, 187
, 71
, 190
, 68
, 245
, 13
, 44
, 214
, 73
, 185
, 204
, 54
, 127
, 131
, 234
, 24
, 54
, 204
, 149
, 109
, 155
, 103
, 86
, 172
, 67
, 191
, 131
, 127
, 151
, 107
, 140
, 118
, 251
, 7
, 104
, 154
, 104
, 154
, 169
, 89
, 118
, 140
, 51
, 207
, 2
, 256
, 43
, 215
, 160
, 98
, 134
, 124
, 116
, 142
, 81
, 177
, 16
, 242
, 120
, 138
, 57
, 201
, 26
, 232
, 11
, 247
, 89
, 169
, 204
, 54
, 40
, 218
, 231
, 27
, 126
, 132
, 201
, 57
, 135
, 123
, 113
, 145
, 160
, 98
, 127
, 131
, 220
, 38
, 28
, 230
, 21
, 237
, 67
, 191
, 41
, 217
, 101
, 157
, 69
, 189
, 87
, 171
, 187
, 71
, 107
, 151
, 131
, 127
, 88
, 170
, 230
, 28
, 12
, 246
, 130
, 128
, 99
, 159
, 81
, 177
, 184
, 74
, 142
, 116
, 245
, 13
, 224
, 34
, 8
, 250
, 119
, 139
, 148
, 110
, 203
, 55
, 132
, 126
, 99
, 159
, 215
, 43
, 77
, 181
, 188
, 70
, 213
, 45
, 47
, 211
, 95
, 163
, 238
, 20
, 227
, 31
, 227
, 31
, 143
, 115
, 239
, 19
, 141
, 117
, 113
, 145
, 41
, 217
, 157
, 101
, 139
, 119
, 211
, 47
, 184
, 74
, 232
, 26
, 234
, 24
, 112
, 146
, 67
, 191
, 66
, 192
, 123
, 135
, 194
, 64
, 222
, 36
, 137
, 121
, 256
, 2
, 216
, 42
, 63
, 195
, 249
, 9
, 169
, 89
, 153
, 105
, 36
, 222
, 62
, 196
, 89
, 169
, 144
, 114
, 179
, 79
, 141
, 117
, 32
, 226
, 201
, 57
, 87
, 171
, 230
, 28
, 83
, 175
, 24
, 234
, 98
, 160
, 2
, 256
, 147
, 111
, 216
, 42
, 105
, 153
, 92
, 166
, 19
, 239
, 48
, 210
, 164
, 94
, 139
, 119
, 75
, 183
, 35
, 223
, 206
, 52
, 164
, 94
, 237
, 21
, 122
, 136
, 97
, 161
, 202
, 56
, 137
, 121
, 119
, 139
, 19
, 239
, 118
, 140
, 16
, 242
, 84
, 174
, 173
, 85
, 196
, 62
, 56
, 202
, 3
, 255
, 76
, 182
, 252
, 6
, 53
, 205
, 57
, 201
, 23
, 235
, 6
, 252
, 124
, 134
, 171
, 87
, 74
, 184
, 132
, 126
, 163
, 95
, 147
, 111
, 174
, 84
, 122
, 136
, 205
, 53
, 162
, 96
, 150
, 108
, 88
, 170
, 39
, 219
, 77
, 181
, 238
, 20
, 44
, 214
, 103
, 155
, 119
, 139
, 12
, 246
, 42
, 216
, 224
, 34
, 237
, 21
, 50
, 208
, 72
, 186
, 163
, 95
, 51
, 207
, 7
, 251
, 172
, 86
, 68
, 190
, 251
, 7
, 242
, 16
, 203
, 55
, 202
, 56
, 235
, 23
, 62
, 196
, 130
, 128
, 210
, 48
, 115
, 143
, 125
, 133
, 45
, 213
, 161
, 97
, 228
, 30
, 183
, 75
, 201
, 57
, 43
, 215
, 27
, 231
, 121
, 137
, 209
, 49
, 222
, 36
, 144
, 114
, 24
, 234
, 52
, 206
, 104
, 154
, 105
, 153
, 184
, 74
, 84
, 174
, 239
, 19
, 224
, 34
, 110
, 148
, 111
, 147
, 97
, 161
, 22
, 236
, 115
, 143
, 75
, 183
, 144
, 114
, 25
, 233
, 99
, 159
, 28
, 230
, 61
, 197
, 134
, 124
, 11
, 247
, 112
, 146
, 184
, 74
, 147
, 111
, 180
, 78
, 58
, 200
, 162
, 96
, 201
, 57
, 130
, 128
, 11
, 247
, 187
, 71
, 253
, 5
, 9
, 249
, 73
, 185
, 116
, 142
, 27
, 231
, 242
, 16
, 170
, 88
, 16
, 242
, 221
, 37
, 172
, 86
, 133
, 125
, 77
, 181
, 107
, 151
, 48
, 210
, 90
, 168
, 71
, 187
, 206
, 52
, 75
, 183
, 15
, 243
, 240
, 18
, 6
, 252
, 143
, 115
, 83
, 175
, 98
, 160
, 71
, 187
, 57
, 201
, 199
, 59
, 16
, 242
, 229
, 29
, 24
, 234
, 218
, 40
, 150
, 108
, 21
, 237
, 97
, 161
, 9
, 249
, 208
, 50
, 180
, 78
, 215
, 43
, 172
, 86
, 141
, 117
, 64
, 194
, 30
, 228
, 25
, 233
, 55
, 203
, 64
, 194
, 214
, 44
, 72
, 186
, 180
, 78
, 51
, 207
, 4
, 254
, 167
, 91
, 110
, 148
, 71
, 187
, 248
, 10
, 48
, 210
, 78
, 180
, 255
, 3
, 104
, 154
, 77
, 181
, 174
, 84
, 35
, 223
, 37
, 221
, 51
, 207
, 56
, 202
, 229
, 29
, 228
, 30
, 31
, 227
, 193
, 65
, 206
, 52
, 23
, 235
, 23
, 235
, 191
, 67
, 42
, 216
, 41
, 217
, 185
, 73
, 220
, 38
, 3
, 255
, 202
, 56
, 172
, 86
, 152
, 106
, 179
, 79
, 206
, 52
, 110
, 148
, 60
, 198
, 132
, 126
, 117
, 141
, 77
, 181
, 128
, 130
, 25
, 233
, 82
, 176
, 109
, 149
, 202
, 56
, 6
, 252
, 89
, 169
, 90
, 168
, 21
, 237
, 144
, 114
, 121
, 137
, 157
, 101
, 166
, 92
, 251
, 7
, 181
, 77
, 240
, 18
, 177
, 81
, 126
, 132
, 254
, 4
, 27
, 231
, 20
, 238
, 177
, 81
, 151
, 107
, 81
, 177
, 198
, 60
, 8
, 250
, 99
, 159
, 40
, 218
, 225
, 33
, 99
, 159
, 203
, 55
, 216
, 42
, 223
, 35
, 140
, 118
, 241
, 17
, 66
, 192
, 26
, 232
, 203
, 55
, 73
, 185
, 226
, 32
, 243
, 15
, 90
, 168
, 147
, 111
, 39
, 219
, 168
, 90
, 130
, 128
, 165
, 93
, 236
, 22
, 74
, 184
, 64
, 194
, 3
, 255
, 25
, 233
, 190
, 68
, 16
, 242
, 200
, 58
, 11
, 247
, 59
, 199
, 13
, 245
, 219
, 39
, 105
, 153
, 204
, 54
, 118
, 140
, 123
, 135
, 175
, 83
, 180
, 78
, 160
, 98
, 2
, 256
, 107
, 151
, 198
, 60
, 235
, 23
, 245
, 13
, 175
, 83
, 187
, 71
, 247
, 11
, 11
, 247
, 224
, 34
, 4
, 254
, 102
, 156
, 51
, 207
, 182
, 76
, 100
, 158
, 76
, 182
, 167
, 91
, 162
, 96
, 107
, 151
, 15
, 243
, 24
, 234
, 241
, 17
, 228
, 30
, 30
, 228
, 75
, 183
, 157
, 101
, 121
, 137
, 175
, 83
, 68
, 190
, 158
, 100
, 78
, 180
, 89
, 169
, 158
, 100
, 148
, 110
, 146
, 112
, 170
, 88
, 157
, 101
, 131
, 127
, 204
, 54
, 25
, 233
, 183
, 75
, 103
, 155
, 180
, 78
, 133
, 125
, 200
, 58
, 83
, 175
, 100
, 158
, 152
, 106
, 167
, 91
, 216
, 42
, 60
, 198
, 89
, 169
, 254
, 4
, 249
, 9
, 61
, 197
, 220
, 38
, 228
, 30
, 187
, 71
, 122
, 136
, 83
, 175
, 209
, 49
, 10
, 248
, 65
, 193
, 35
, 223
, 21
, 237
, 184
, 74
, 48
, 210
, 168
, 90
, 246
, 12
, 110
, 148
, 253
, 5
, 206
, 52
, 169
, 89
, 194
, 64
, 62
, 196
, 102
, 156
, 89
, 169
, 104
, 154
, 169
, 89
, 36
, 222
, 213
, 45
, 187
, 71
, 236
, 22
, 61
, 197
, 150
, 108
, 30
, 228
, 230
, 28
, 228
, 30
, 48
, 210
, 207
, 51
, 91
, 167
, 134
, 124
, 179
, 79
, 205
, 53
, 193
, 65
, 46
, 212
, 189
, 69
, 187
, 71
, 148
, 110
, 216
, 42
, 118
, 140
, 124
, 134
, 23
, 235
, 13
, 245
, 48
, 210
, 6
, 252
, 106
, 152
, 91
, 167
, 101
, 157
, 233
, 25
, 52
, 206
, 31
, 227
, 40
, 218
, 199
, 59
, 247
, 11
, 245
, 13
, 135
, 123
, 21
, 237
, 212
, 46
, 251
, 7
, 18
, 240
, 6
, 252
, 184
, 74
, 31
, 227
, 37
, 221
, 158
, 100
, 23
, 235
, 239
, 19
, 163
, 95
, 155
, 103
, 246
, 12
, 100
, 158
, 210
, 48
, 111
, 147
, 59
, 199
, 77
, 181
, 27
, 231
, 107
, 151
, 182
, 76
, 5
, 253
, 174
, 84
, 179
, 79
, 129
, 129
, 114
, 144
, 205
, 53
, 157
, 101
, 245
, 13
, 53
, 205
, 9
, 249
, 202
, 56
, 54
, 204
, 151
, 107
, 220
, 38
, 231
, 27
, 17
, 241
, 68
, 190
, 27
, 231
, 97
, 161
, 104
, 154
, 82
, 176
, 31
, 227
, 41
, 217
, 151
, 107
, 71
, 187
, 61
, 197
, 244
, 14
, 110
, 148
, 188
, 70
, 36
, 222
, 214
, 44
, 244
, 14
, 97
, 161
, 24
, 234
, 228
, 30
, 229
, 29
, 251
, 7
, 158
, 100
, 9
, 249
, 84
, 174
, 28
, 230
, 137
, 121
, 170
, 88
, 170
, 88
, 36
, 222
, 247
, 11
, 247
, 11
, 231
, 27
, 182
, 76
, 187
, 71
, 157
, 101
, 53
, 205
, 240
, 18
, 90
, 168
, 242
, 16
, 147
, 111
, 85
, 173
, 156
, 102
, 189
, 69
, 213
, 45
, 171
, 87
, 225
, 33
, 156
, 102
, 140
, 118
, 79
, 179
, 101
, 157
, 225
, 33
, 232
, 26
, 40
, 218
, 205
, 53
, 131
, 127
, 177
, 81
, 98
, 160
, 178
, 80
, 166
, 92
, 104
, 154
, 14
, 244
, 180
, 78
, 163
, 95
, 232
, 26
, 71
, 187
, 214
, 44
, 77
, 181
, 122
, 136
, 191
, 67
, 89
, 169
, 19
, 239
, 94
, 164
, 238
, 20
, 232
, 26
, 43
, 215
, 208
, 50
, 213
, 45
, 77
, 181
, 100
, 158
, 184
, 74
, 219
, 39
, 30
, 228
, 247
, 11
, 206
, 52
, 215
, 43
, 245
, 13
, 164
, 94
, 109
, 149
, 12
, 246
, 232
, 26
, 43
, 215
, 27
, 231
, 84
, 174
, 22
, 236
, 35
, 223
, 226
, 32
, 61
, 197
, 178
, 80
, 75
, 183
, 127
, 131
, 112
, 146
, 203
, 55
, 176
, 82
, 176
, 82
, 141
, 117
, 52
, 206
, 222
, 36
, 216
, 42
, 92
, 166
, 74
, 184
, 97
, 161
, 217
, 41
, 203
, 55
, 86
, 172
, 10
, 248
, 150
, 108
, 114
, 144
, 97
, 161
, 125
, 133
, 125
, 133
, 20
, 238
, 96
, 162
, 204
, 54
, 139
, 119
, 253
, 5
, 112
, 146
, 99
, 159
, 97
, 161
, 215
, 43
, 222
, 36
, 77
, 181
, 128
, 130
, 230
, 28
, 88
, 170
, 35
, 223
, 110
, 148
, 173
, 85
, 228
, 30
, 56
, 202
, 149
, 109
, 246
, 12
, 251
, 7
, 7
, 251
, 134
, 124
, 52
, 206
, 111
, 147
, 182
, 76
, 124
, 134
, 249
, 9
, 209
, 49
, 220
, 38
, 106
, 152
, 120
, 138
, 167
, 91
, 98
, 160
, 170
, 88
, 222
, 36
, 150
, 108
, 9
, 249
, 5
, 253
, 118
, 140
, 249
, 9
, 117
, 141
, 77
, 181
, 130
, 128
, 161
, 97
, 132
, 126
, 142
, 116
, 129
, 129
, 99
, 159
, 118
, 140
, 102
, 156
, 147
, 111
, 173
, 85
, 109
, 149
, 59
, 199
, 139
, 119
, 190
, 68
, 245
, 13
, 199
, 59
, 237
, 21
, 5
, 253
, 161
, 97
, 12
, 246
, 212
, 46
, 177
, 81
, 230
, 28
, 102
, 156
, 252
, 6
, 55
, 203
, 238
, 20
, 103
, 155
, 10
, 248
, 147
, 111
, 249
, 9
, 74
, 184
, 249
, 9
, 190
, 68
, 250
, 8
, 218
, 40
, 232
, 26
, 226
, 32
, 27
, 231
, 124
, 134
, 50
, 208
, 219
, 39
, 65
, 193
, 94
, 164
, 137
, 121
, 57
, 201
, 9
, 249
, 104
, 154
, 135
, 123
, 99
, 159
, 127
, 131
, 239
, 19
, 232
, 26
, 148
, 110
, 10
, 248
, 42
, 216
, 162
, 96
, 205
, 53
, 216
, 42
, 232
, 26
, 50
, 208
, 53
, 205
, 32
, 226
, 204
, 54
, 83
, 175
, 133
, 125
, 31
, 227
, 231
, 27
, 194
, 64
, 231
, 27
, 251
, 7
, 74
, 184
, 86
, 172
, 49
, 209
, 21
, 237
, 4
, 254
, 205
, 53
, 72
, 186
, 56
, 202
, 137
, 121
, 107
, 151
, 255
, 3
, 5
, 253
, 207
, 51
, 232
, 26
, 1
, 257
, 164
, 94
, 108
, 150
, 64
, 194
, 136
, 122
, 97
, 161
, 36
, 222
, 224
, 34
, 32
, 226
, 156
, 102
, 100
, 158
, 70
, 188
, 246
, 12
, 142
, 116
, 231
, 27
, 185
, 73
, 84
, 174
, 184
, 74
, 71
, 187
, 103
, 155
, 77
, 181
, 51
, 207
, 194
, 64
, 165
, 93
, 106
, 152
, 49
, 209
, 67
, 191
, 62
, 196
, 51
, 207
, 245
, 13
, 85
, 173
, 92
, 166
, 54
, 204
, 20
, 238
, 199
, 59
, 123
, 135
, 160
, 98
, 224
, 34
, 15
, 243
, 178
, 80
, 80
, 178
, 47
, 211
, 170
, 88
, 22
, 236
, 235
, 23
, 145
, 113
, 178
, 80
, 176
, 82
, 3
, 255
, 219
, 39
, 84
, 174
, 74
, 184
, 109
, 149
, 135
, 123
, 148
, 110
, 60
, 198
, 239
, 19
, 49
, 209
, 168
, 90
, 111
, 147
, 178
, 80
, 142
, 116
, 250
, 8
, 36
, 222
, 244
, 14
, 175
, 83
, 229
, 29
, 165
, 93
, 255
, 3
, 174
, 84
, 148
, 110
, 201
, 57
, 123
, 135
, 245
, 13
, 246
, 12
, 143
, 115
, 116
, 142
, 187
, 71
, 111
, 147
, 125
, 133
, 54
, 204
, 195
, 63
, 152
, 106
, 163
, 95
, 98
, 160
, 57
, 201
, 211
, 47
, 14
, 244
, 57
, 201
, 242
, 16
, 42
, 216
, 212
, 46
, 57
, 201
, 198
, 60
, 92
, 166
, 36
, 222
, 174
, 84
, 16
, 242
, 1
, 257
, 94
, 164
, 73
, 185
, 147
, 111
, 84
, 174
, 20
, 238
, 77
, 181
, 130
, 128
, 70
, 188
, 2
, 256
, 152
, 106
, 86
, 172
, 91
, 167
, 90
, 168
, 163
, 95
, 104
, 154
, 9
, 249
, 81
, 177
, 224
, 34
, 215
, 43
, 96
, 162
, 239
, 19
, 207
, 51
, 18
, 240
, 237
, 21
, 91
, 167
, 46
, 212
, 212
, 46
, 47
, 211
, 87
, 171
, 33
, 225
, 30
, 228
, 119
, 139
, 94
, 164
, 142
, 116
, 72
, 186
, 227
, 31
, 67
, 191
, 212
, 46
, 231
, 27
, 38
, 220
, 143
, 115
, 184
, 74
, 209
, 49
, 219
, 39
, 10
, 248
, 188
, 70
, 63
, 195
, 88
, 170
, 216
, 42
, 130
, 128
, 41
, 217
, 192
, 66
, 249
, 9
, 6
, 252
, 245
, 13
, 7
, 251
, 204
, 54
, 116
, 142
, 177
, 81
, 91
, 167
, 237
, 21
, 108
, 150
, 54
, 204
, 181
, 77
, 87
, 171
, 113
, 145
, 167
, 91
, 126
, 132
, 73
, 185
, 163
, 95
, 202
, 56
, 140
, 118
, 100
, 158
, 256
, 2
, 162
, 96
, 150
, 108
, 49
, 209
, 106
, 152
, 252
, 6
, 246
, 12
, 38
, 220
, 70
, 188
, 198
, 60
, 242
, 16
, 111
, 147
, 18
, 240
, 174
, 84
, 68
, 190
, 7
, 251
, 128
, 130
, 190
, 68
, 26
, 232
, 148
, 110
, 65
, 193
, 57
, 201
, 64
, 194
, 145
, 113
, 3
, 255
, 164
, 94
, 62
, 196
, 2
, 256
, 136
, 122
, 174
, 84
, 243
, 15
, 219
, 39
, 246
, 12
, 237
, 21
, 13
, 245
, 114
, 144
, 52
, 206
, 78
, 180
, 201
, 57
, 196
, 62
, 193
, 65
, 132
, 126
, 82
, 176
, 250
, 8
, 254
, 4
, 152
, 106
, 125
, 133
, 67
, 191
, 229
, 29
, 135
, 123
, 211
, 47
, 254
, 4
, 109
, 149
, 239
, 19
, 66
, 192
, 167
, 91
, 112
, 146
, 210
, 48
, 111
, 147
, 70
, 188
, 13
, 245
, 71
, 187
, 108
, 150
, 204
, 54
, 48
, 210
, 103
, 155
, 46
, 212
, 177
, 81
, 92
, 166
, 201
, 57
, 233
, 25
, 243
, 15
, 38
, 220
, 191
, 67
, 173
, 85
, 78
, 180
, 151
, 107
, 52
, 206
, 35
, 223
, 166
, 92
, 62
, 196
, 29
, 229
, 90
, 168
, 113
, 145
, 140
, 118
, 98
, 160
, 96
, 162
, 218
, 40
, 192
, 66
, 173
, 85
, 67
, 191
, 215
, 43
, 205
, 53
, 189
, 69
, 1
, 257
, 145
, 113
, 24
, 234
, 251
, 7
, 89
, 169
, 124
, 134
, 254
, 4
, 96
, 162
, 208
, 50
, 246
, 12
, 240
, 18
, 243
, 15
, 82
, 176
, 36
, 222
, 77
, 181
, 232
, 26
, 209
, 49
, 25
, 233
, 58
, 200
, 49
, 209
, 164
, 94
, 24
, 234
, 99
, 159
, 174
, 84
, 162
, 96
, 212
, 46
, 198
, 60
, 237
, 21
, 99
, 159
, 6
, 252
, 204
, 54
, 190
, 68
, 219
, 39
, 224
, 34
, 146
, 112
, 191
, 67
, 171
, 87
, 117
, 141
, 245
, 13
, 87
, 171
, 29
, 229
, 241
, 17
, 48
, 210
, 129
, 129
, 138
, 120
, 242
, 16
, 175
, 83
, 225
, 33
, 75
, 183
, 36
, 222
, 6
, 252
, 209
, 49
, 35
, 223
, 146
, 112
, 71
, 187
, 222
, 36
, 144
, 114
, 197
, 61
, 129
, 129
, 190
, 68
, 184
, 74
, 95
, 163
, 246
, 12
, 220
, 38
, 87
, 171
, 18
, 240
, 167
, 91
, 136
, 122
, 142
, 116
, 170
, 88
, 249
, 9
, 191
, 67
, 80
, 178
, 211
, 47
, 163
, 95
, 48
, 210
, 84
, 174
, 176
, 82
, 87
, 171
, 145
, 113
, 12
, 246
, 84
, 174
, 212
, 46
, 15
, 243
, 215
, 43
, 241
, 17
, 132
, 126
, 166
, 92
, 108
, 150
, 141
, 117
, 210
, 48
, 223
, 35
, 203
, 55
, 202
, 56
, 114
, 144
, 81
, 177
, 229
, 29
, 144
, 114
, 230
, 28
, 103
, 155
, 48
, 210
, 160
, 98
, 212
, 46
, 183
, 75
, 225
, 33
, 209
, 49
, 241
, 17
, 179
, 79
, 191
, 67
, 71
, 187
, 33
, 225
, 88
, 170
, 42
, 216
, 230
, 28
, 118
, 140
, 47
, 211
, 168
, 90
, 80
, 178
, 184
, 74
, 17
, 241
, 207
, 51
, 121
, 137
, 222
, 36
, 95
, 163
, 93
, 165
, 79
, 179
, 98
, 160
, 13
, 245
, 52
, 206
, 75
, 183
, 204
, 54
, 5
, 253
, 256
, 2
, 23
, 235
, 67
, 191
, 157
, 101
, 83
, 175
, 108
, 150
, 69
, 189
, 11
, 247
, 213
, 45
, 72
, 186
, 44
, 214
, 183
, 75
, 109
, 149
, 39
, 219
, 236
, 22
, 141
, 117
, 205
, 53
, 238
, 20
, 1
, 257
, 119
, 139
, 73
, 185
, 56
, 202
, 73
, 185
, 181
, 77
, 26
, 232
, 181
, 77
, 104
, 154
, 100
, 158
, 219
, 39
, 111
, 147
, 57
, 201
, 160
, 98
, 207
, 51
, 15
, 243
, 7
, 251
, 123
, 135
, 211
, 47
, 56
, 202
, 247
, 11
, 75
, 183
, 31
, 227
, 135
, 123
, 105
, 153
, 199
, 59
, 60
, 198
, 216
, 42
, 190
, 68
, 81
, 177
, 72
, 186
, 44
, 214
, 250
, 8
, 168
, 90
, 164
, 94
, 118
, 140
, 87
, 171
, 234
, 24
, 19
, 239
, 78
, 180
, 198
, 60
, 147
, 111
, 191
, 67
, 7
, 251
, 112
, 146
, 73
, 185
, 152
, 106
, 198
, 60
, 51
, 207
, 135
, 123
, 238
, 20
, 83
, 175
, 139
, 119
, 52
, 206
, 94
, 164
, 5
, 253
, 3
, 255
, 195
, 63
, 174
, 84
, 58
, 200
, 202
, 56
, 76
, 182
, 42
, 216
, 192
, 66
, 242
, 16
, 21
, 237
, 215
, 43
, 69
, 189
, 42
, 216
, 30
, 228
, 144
, 114
, 225
, 33
, 119
, 139
, 201
, 57
, 15
, 243
, 205
, 53
, 10
, 248
, 143
, 115
, 256
, 2
, 252
, 6
, 240
, 18
, 241
, 17
, 125
, 133
, 84
, 174
, 167
, 91
, 104
, 154
, 101
, 157
, 168
, 90
, 254
, 4
, 90
, 168
, 189
, 69
, 167
, 91
, 6
, 252
, 144
, 114
, 61
, 197
, 97
, 161
, 250
, 8
, 142
, 116
, 78
, 180
, 63
, 195
, 105
, 153
, 203
, 55
, 208
, 50
, 248
, 10
, 80
, 178
, 250
, 8
, 138
, 120
, 141
, 117
, 102
, 156
, 255
, 3
, 168
, 90
, 162
, 96
, 44
, 214
, 173
, 85
, 94
, 164
, 144
, 114
, 253
, 5
, 208
, 50
, 42
, 216
, 70
, 188
, 84
, 174
, 151
, 107
, 225
, 33
, 181
, 77
, 244
, 14
, 146
, 112
, 64
, 194
, 251
, 7
, 9
, 249
, 242
, 16
, 111
, 147
, 49
, 209
, 27
, 231
, 59
, 199
, 66
, 192
, 2
, 256
, 13
, 245
, 157
, 101
, 164
, 94
, 223
, 35
, 222
, 36
, 145
, 113
, 198
, 60
, 115
, 143
, 108
, 150
, 108
, 150
, 107
, 151
, 136
, 122
, 26
, 232
, 118
, 140
, 207
, 51
, 139
, 119
, 1
, 257
, 29
, 229
, 48
, 210
, 112
, 146
, 3
, 255
, 90
, 168
, 83
, 175
, 158
, 100
, 172
, 86
, 191
, 67
, 16
, 242
, 20
, 238
, 186
, 72
, 30
, 228
, 184
, 74
, 74
, 184
, 153
, 105
, 200
, 58
, 84
, 174
, 213
, 45
, 217
, 41
, 226
, 32
, 103
, 155
, 45
, 213
, 50
, 208
, 167
, 91
, 132
, 126
, 105
, 153
, 75
, 183
, 196
, 62
, 81
, 177
, 233
, 25
, 20
, 238
, 81
, 177
, 189
, 69
, 103
, 155
, 98
, 160
, 113
, 145
, 78
, 180
, 168
, 90
, 164
, 94
, 55
, 203
, 5
, 253
, 113
, 145
, 20
, 238
, 58
, 200
, 141
, 117
, 186
, 72
, 242
, 16
, 134
, 124
, 9
, 249
, 60
, 198
, 236
, 22
, 62
, 196
, 81
, 177
, 182
, 76
, 145
, 113
, 151
, 107
, 49
, 209
, 204
, 54
, 167
, 91
, 146
, 112
, 177
, 81
, 170
, 88
, 179
, 79
, 86
, 172
, 248
, 10
, 29
, 229
, 51
, 207
, 29
, 229
, 192
, 66
, 55
, 203
, 34
, 224
, 180
, 78
, 28
, 230
, 38
, 220
, 240
, 18
, 223
, 35
, 63
, 195
, 94
, 164
, 146
, 112
, 42
, 216
, 111
, 147
, 80
, 178
, 150
, 108
, 49
, 209
, 146
, 112
, 122
, 136
, 99
, 159
, 190
, 68
, 27
, 231
, 19
, 239
, 97
, 161
, 188
, 70
, 138
, 120
, 164
, 94
, 205
, 53
, 25
, 233
, 78
, 180
, 108
, 150
, 174
, 84
, 184
, 74
, 178
, 80
, 72
, 186
, 199
, 59
, 63
, 195
, 139
, 119
, 148
, 110
, 142
, 116
, 97
, 161
, 243
, 15
, 1
, 257
, 176
, 82
, 67
, 191
, 145
, 113
, 234
, 24
, 179
, 79
, 246
, 12
, 202
, 56
, 140
, 118
, 156
, 102
, 94
, 164
, 88
, 170
, 111
, 147
, 139
, 119
, 9
, 249
, 100
, 158
, 199
, 59
, 223
, 35
, 29
, 229
, 169
, 89
, 175
, 83
, 135
, 123
, 160
, 98
, 141
, 117
, 72
, 186
, 110
, 148
, 134
, 124
, 30
, 228
, 84
, 174
, 41
, 217
, 118
, 140
, 208
, 50
, 119
, 139
, 138
, 120
, 143
, 115
, 180
, 78
, 210
, 48
, 187
, 71
, 136
, 122
, 216
, 42
, 42
, 216
, 248
, 10
, 111
, 147
, 179
, 79
, 249
, 9
, 164
, 94
, 94
, 164
, 24
, 234
, 48
, 210
, 19
, 239
, 237
, 21
, 56
, 202
, 36
, 222
, 84
, 174
, 211
, 47
, 33
, 225
, 235
, 23
, 207
, 51
, 170
, 88
, 242
, 16
, 174
, 84
, 153
, 105
, 232
, 26
, 179
, 79
, 54
, 204
, 38
, 220
, 72
, 186
, 197
, 61
, 166
, 92
, 51
, 207
, 55
, 203
, 196
, 62
, 15
, 243
, 176
, 82
, 66
, 192
, 180
, 78
, 53
, 205
, 117
, 141
, 240
, 18
, 21
, 237
, 128
, 130
, 224
, 34
, 202
, 56
, 182
, 76
, 65
, 193
, 25
, 233
, 165
, 93
, 129
, 129
, 52
, 206
, 241
, 17
, 112
, 146
, 243
, 15
, 97
, 161
, 60
, 198
, 215
, 43
, 53
, 205
, 16
, 242
, 89
, 169
, 75
, 183
, 192
, 66
, 247
, 11
, 134
, 124
, 210
, 48
, 22
, 236
, 12
, 246
, 227
, 31
, 243
, 15
, 187
, 71
, 155
, 103
, 109
, 149
, 63
, 195
, 97
, 161
, 9
, 249
, 223
, 35
, 253
, 5
, 184
, 74
, 112
, 146
, 172
, 86
, 140
, 118
, 108
, 150
, 21
, 237
, 171
, 87
, 134
, 124
, 163
, 95
, 78
, 180
, 157
, 101
, 85
, 173
, 163
, 95
, 213
, 45
, 172
, 86
, 15
, 243
, 61
, 197
, 223
, 35
, 62
, 196
, 119
, 139
, 223
, 35
, 14
, 244
, 46
, 212
, 106
, 152
, 246
, 12
, 68
, 190
, 77
, 181
, 137
, 121
, 117
, 141
, 161
, 97
, 248
, 10
, 123
, 135
, 141
, 117
, 21
, 237
, 209
, 49
, 176
, 82
, 58
, 200
, 99
, 159
, 159
, 99
, 224
, 34
, 91
, 167
, 113
, 145
, 133
, 125
, 92
, 166
, 41
, 217
, 11
, 247
, 14
, 244
, 210
, 48
, 53
, 205
, 227
, 31
, 227
, 31
, 234
, 24
, 91
, 167
, 19
, 239
, 66
, 192
, 120
, 138
, 227
, 31
, 160
, 98
, 209
, 49
, 79
, 179
, 211
, 47
, 127
, 131
, 47
, 211
, 205
, 53
, 169
, 89
, 203
, 55
, 229
, 29
, 114
, 144
, 29
, 229
, 84
, 174
, 7
, 251
, 212
, 46
, 254
, 4
, 7
, 251
, 174
, 84
, 191
, 67
, 2
, 256
, 4
, 254
, 120
, 138
, 208
, 50
, 41
, 217
, 14
, 244
, 232
, 26
, 176
, 82
, 171
, 87
, 53
, 205
, 69
, 189
, 139
, 119
, 151
, 107
, 143
, 115
, 133
, 125
, 210
, 48
, 42
, 216
, 210
, 48
, 91
, 167
, 56
, 202
, 47
, 211
, 92
, 166
, 163
, 95
, 3
, 255
, 30
, 228
, 117
, 141
, 248
, 10
, 207
, 51
, 232
, 26
, 25
, 233
, 158
, 100
, 211
, 47
, 163
, 95
, 45
, 213
, 81
, 177
, 210
, 48
, 72
, 186
, 195
, 63
, 199
, 59
, 141
, 117
, 30
, 228
, 242
, 16
, 21
, 237
, 75
, 183
, 95
, 163
, 104
, 154
, 61
, 197
, 56
, 202
, 253
, 5
, 12
, 246
, 236
, 22
, 191
, 67
, 197
, 61
, 248
, 10
, 98
, 160
, 165
, 93
, 32
, 226
, 78
, 180
, 85
, 173
, 27
, 231
, 55
, 203
, 16
, 242
, 49
, 209
, 54
, 204
, 173
, 85
, 58
, 200
, 157
, 101
, 44
, 214
, 154
, 104
, 69
, 189
, 48
, 210
, 183
, 75
, 25
, 233
, 15
, 243
, 58
, 200
, 201
, 57
, 169
, 89
, 252
, 6
, 49
, 209
, 169
, 89
, 117
, 141
, 214
, 44
, 51
, 207
, 106
, 152
, 185
, 73
, 182
, 76
, 170
, 88
, 192
, 66
, 1
, 257
, 35
, 223
, 231
, 27
, 221
, 37
, 187
, 71
, 190
, 68
, 203
, 55
, 143
, 115
, 98
, 160
, 237
, 21
, 166
, 92
, 194
, 64
, 50
, 208
, 93
, 165
, 90
, 168
, 238
, 20
, 6
, 252
, 8
, 250
, 36
, 222
, 73
, 185
, 158
, 100
, 78
, 180
, 215
, 43
, 201
, 57
, 231
, 27
, 16
, 242
, 161
, 97
, 85
, 173
, 252
, 6
, 119
, 139
, 180
, 78
, 244
, 14
, 5
, 253
, 101
, 157
, 72
, 186
, 232
, 26
, 151
, 107
, 9
, 249
, 60
, 198
, 74
, 184
, 224
, 34
, 64
, 194
, 162
, 96
, 132
, 126
, 111
, 147
, 183
, 75
, 50
, 208
, 33
, 225
, 104
, 154
, 127
, 131
, 174
, 84
, 194
, 64
, 167
, 91
, 82
, 176
, 53
, 205
, 152
, 106
, 180
, 78
, 68
, 190
, 76
, 182
, 88
, 170
, 198
, 60
, 124
, 134
, 163
, 95
, 164
, 94
, 172
, 86
, 190
, 68
, 191
, 67
, 163
, 95
, 41
, 217
, 69
, 189
, 31
, 227
, 180
, 78
, 239
, 19
, 103
, 155
, 172
, 86
, 77
, 181
, 207
, 51
, 69
, 189
, 192
, 66
, 17
, 241
, 6
, 252
, 109
, 149
, 144
, 114
, 8
, 250
, 27
, 231
, 13
, 245
, 202
, 56
, 73
, 185
, 237
, 21
, 195
, 63
, 197
, 61
, 85
, 173
, 16
, 242
, 202
, 56
, 193
, 65
, 65
, 193
, 204
, 54
, 156
, 102
, 235
, 23
, 21
, 237
, 86
, 172
, 129
, 129
, 212
, 46
, 27
, 231
, 17
, 241
, 145
, 113
, 251
, 7
, 205
, 53
, 15
, 243
, 34
, 224
, 9
, 249
, 233
, 25
, 11
, 247
, 33
, 225
, 42
, 216
, 241
, 17
, 196
, 62
, 256
, 2
, 160
, 98
, 160
, 98
, 68
, 190
, 84
, 174
, 230
, 28
, 218
, 40
, 245
, 13
, 154
, 104
, 18
, 240
, 10
, 248
, 22
, 236
, 127
, 131
, 55
, 203
, 203
, 55
, 197
, 61
, 172
, 86
, 189
, 69
, 75
, 183
, 236
, 22
, 103
, 155
, 21
, 237
, 126
, 132
, 16
, 242
, 209
, 49
, 34
, 224
, 225
, 33
, 102
, 156
, 184
, 74
, 97
, 161
, 139
, 119
, 48
, 210
, 22
, 236
, 112
, 146
, 190
, 68
, 73
, 185
, 140
, 118
, 97
, 161
, 190
, 68
, 48
, 210
, 229
, 29
, 245
, 13
, 188
, 70
, 169
, 89
, 179
, 79
, 25
, 233
, 234
, 24
, 140
, 118
, 48
, 210
, 77
, 181
, 215
, 43
, 155
, 103
, 216
, 42
, 216
, 42
, 140
, 118
, 202
, 56
, 66
, 192
, 176
, 82
, 93
, 165
, 21
, 237
, 158
, 100
, 195
, 63
, 133
, 125
, 187
, 71
, 143
, 115
, 251
, 7
, 229
, 29
, 73
, 185
, 146
, 112
, 67
, 191
