
4510
, 55
, 131
, 39
, 147
, 184
, 2
, 171
, 15
, 167
, 19
, 29
, 157
, 121
, 65
, 143
, 43
, 77
, 109
, 182
, 4
, 176
, 10
, 81
, 105
, 4
, 182
, 1
, 185
, 89
, 97
, 127
, 59
, 38
, 148
, 157
, 29
, 100
, 86
, 38
, 148
, 67
, 119
, 46
, 140
, 48
, 138
, 38
, 148
, 42
, 144
, 129
, 57
, 97
, 89
, 167
, 19
, 100
, 86
, 106
, 80
, 37
, 149
, 77
, 109
, 132
, 54
, 56
, 130
, 82
, 104
, 33
, 153
, 18
, 168
, 24
, 162
, 170
, 16
, 141
, 45
, 118
, 68
, 134
, 52
, 69
, 117
, 148
, 38
, 161
, 25
, 47
, 139
, 112
, 74
, 15
, 171
, 168
, 18
, 105
, 81
, 173
, 13
, 95
, 91
, 151
, 35
, 177
, 9
, 90
, 96
, 54
, 132
, 103
, 83
, 144
, 42
, 132
, 54
, 181
, 5
, 158
, 28
, 158
, 28
, 73
, 113
, 57
, 129
, 95
, 91
, 12
, 174
, 24
, 162
, 102
, 84
, 47
, 139
, 37
, 149
, 48
, 138
, 83
, 103
, 153
, 33
, 156
, 30
, 107
, 79
, 79
, 107
, 166
, 20
, 91
, 95
, 14
, 172
, 102
, 84
, 127
, 59
, 69
, 117
, 92
, 94
, 46
, 140
, 105
, 81
, 172
, 14
, 101
, 85
, 162
, 24
, 182
, 4
, 165
, 21
, 69
, 117
, 179
, 7
, 160
, 26
, 182
, 4
, 103
, 83
, 121
, 65
, 72
, 114
, 3
, 183
, 155
, 31
, 45
, 141
, 170
, 16
, 26
, 160
, 68
, 118
, 152
, 34
, 8
, 178
, 57
, 129
, 41
, 145
, 19
, 167
, 127
, 59
, 104
, 82
, 153
, 33
, 94
, 92
, 132
, 54
, 110
, 76
, 116
, 70
, 181
, 5
, 102
, 84
, 163
, 23
, 15
, 171
, 12
, 174
, 174
, 12
, 59
, 127
, 167
, 19
, 180
, 6
, 167
, 19
, 74
, 112
, 100
, 86
, 10
, 176
, 33
, 153
, 79
, 107
, 22
, 164
, 88
, 98
, 102
, 84
, 111
, 75
, 29
, 157
, 13
, 173
, 54
, 132
, 80
, 106
, 15
, 171
, 157
, 29
, 145
, 41
, 26
, 160
, 164
, 22
, 83
, 103
, 3
, 183
, 82
, 104
, 163
, 23
, 55
, 131
, 31
, 155
, 127
, 59
, 12
, 174
, 80
, 106
, 37
, 149
, 93
, 93
, 89
, 97
, 45
, 141
, 84
, 102
, 90
, 96
, 47
, 139
, 146
, 40
, 112
, 74
, 165
, 21
, 4
, 182
, 80
, 106
, 118
, 68
, 180
, 6
, 7
, 179
, 77
, 109
, 55
, 131
, 176
, 10
, 133
, 53
, 69
, 117
, 120
, 66
, 121
, 65
, 119
, 67
, 163
, 23
, 76
, 110
, 83
, 103
, 103
, 83
, 102
, 84
, 59
, 127
, 120
, 66
, 130
, 56
, 110
, 76
, 155
, 31
, 113
, 73
, 1
, 185
, 74
, 112
, 180
, 6
, 15
, 171
, 90
, 96
, 158
, 28
, 133
, 53
, 31
, 155
, 92
, 94
, 134
, 52
, 16
, 170
, 79
, 107
, 79
, 107
, 110
, 76
, 160
, 26
, 82
, 104
, 139
, 47
, 164
, 22
, 109
, 77
, 92
, 94
, 55
, 131
, 7
, 179
, 170
, 16
, 74
, 112
, 96
, 90
, 153
, 33
, 173
, 13
, 175
, 11
, 141
, 45
, 71
, 115
, 109
, 77
, 98
, 88
, 81
, 105
, 144
, 42
, 57
, 129
, 144
, 42
, 21
, 165
, 28
, 158
, 41
, 145
, 6
, 180
, 165
, 21
, 46
, 140
, 68
, 118
, 153
, 33
, 162
, 24
, 145
, 41
, 16
, 170
, 95
, 91
, 56
, 130
, 108
, 78
, 67
, 119
, 70
, 116
, 83
, 103
, 47
, 139
, 142
, 44
, 108
, 78
, 103
, 83
, 120
, 66
, 132
, 54
, 47
, 139
, 97
, 89
, 85
, 101
, 45
, 141
, 53
, 133
, 40
, 146
, 17
, 169
, 179
, 7
, 183
, 3
, 83
, 103
, 31
, 155
, 107
, 79
, 95
, 91
, 133
, 53
, 90
, 96
, 70
, 116
, 127
, 59
, 15
, 171
, 75
, 111
, 119
, 67
, 58
, 128
, 15
, 171
, 8
, 178
, 40
, 146
, 68
, 118
, 125
, 61
, 38
, 148
, 44
, 142
, 176
, 10
, 68
, 118
, 60
, 126
, 55
, 131
, 176
, 10
, 111
, 75
, 30
, 156
, 56
, 130
, 74
, 112
, 61
, 125
, 84
, 102
, 118
, 68
, 106
, 80
, 127
, 59
, 171
, 15
, 53
, 133
, 60
, 126
, 130
, 56
, 34
, 152
, 1
, 185
, 26
, 160
, 45
, 141
, 17
, 169
, 93
, 93
, 54
, 132
, 86
, 100
, 41
, 145
, 176
, 10
, 111
, 75
, 82
, 104
, 49
, 137
, 55
, 131
, 55
, 131
, 171
, 15
, 135
, 51
, 43
, 143
, 138
, 48
, 27
, 159
, 5
, 181
, 141
, 45
, 83
, 103
, 36
, 150
, 20
, 166
, 19
, 167
, 124
, 62
, 160
, 26
, 104
, 82
, 122
, 64
, 84
, 102
, 91
, 95
, 20
, 166
, 28
, 158
, 26
, 160
, 134
, 52
, 132
, 54
, 151
, 35
, 118
, 68
, 44
, 142
, 36
, 150
, 82
, 104
, 135
, 51
, 26
, 160
, 178
, 8
, 89
, 97
, 51
, 135
, 108
, 78
, 50
, 136
, 10
, 176
, 156
, 30
, 157
, 29
, 175
, 11
, 130
, 56
, 96
, 90
, 156
, 30
, 32
, 154
, 148
, 38
, 12
, 174
, 84
, 102
, 52
, 134
, 25
, 161
, 155
, 31
, 54
, 132
, 44
, 142
, 162
, 24
, 89
, 97
, 145
, 41
, 33
, 153
, 71
, 115
, 103
, 83
, 125
, 61
, 83
, 103
, 11
, 175
, 79
, 107
, 174
, 12
, 168
, 18
, 41
, 145
, 50
, 136
, 159
, 27
, 84
, 102
, 28
, 158
, 147
, 39
, 105
, 81
, 101
, 85
, 14
, 172
, 163
, 23
, 163
, 23
, 145
, 41
, 14
, 172
, 63
, 123
, 177
, 9
, 120
, 66
, 66
, 120
, 173
, 13
, 151
, 35
, 169
, 17
, 39
, 147
, 30
, 156
, 87
, 99
, 86
, 100
, 63
, 123
, 39
, 147
, 172
, 14
, 60
, 126
, 146
, 40
, 28
, 158
, 122
, 64
, 60
, 126
, 22
, 164
, 181
, 5
, 105
, 81
, 147
, 39
, 176
, 10
, 109
, 77
, 169
, 17
, 44
, 142
, 71
, 115
, 69
, 117
, 125
, 61
, 113
, 73
, 126
, 60
, 31
, 155
, 53
, 133
, 6
, 180
, 18
, 168
, 86
, 100
, 128
, 58
, 164
, 22
, 48
, 138
, 21
, 165
, 66
, 120
, 145
, 41
, 49
, 137
, 11
, 175
, 130
, 56
, 147
, 39
, 17
, 169
, 29
, 157
, 21
, 165
, 110
, 76
, 165
, 21
, 97
, 89
, 131
, 55
, 122
, 64
, 134
, 52
, 141
, 45
, 68
, 118
, 105
, 81
, 65
, 121
, 177
, 9
, 160
, 26
, 52
, 134
, 101
, 85
, 111
, 75
, 179
, 7
, 145
, 41
, 146
, 40
, 97
, 89
, 37
, 149
, 115
, 71
, 94
, 92
, 163
, 23
, 48
, 138
, 12
, 174
, 133
, 53
, 68
, 118
, 29
, 157
, 4
, 182
, 50
, 136
, 151
, 35
, 178
, 8
, 35
, 151
, 181
, 5
, 132
, 54
, 127
, 59
, 158
, 28
, 157
, 29
, 157
, 29
, 30
, 156
, 145
, 41
, 130
, 56
, 165
, 21
, 92
, 94
, 179
, 7
, 166
, 20
, 49
, 137
, 159
, 27
, 20
, 166
, 75
, 111
, 44
, 142
, 159
, 27
, 70
, 116
, 104
, 82
, 48
, 138
, 154
, 32
, 149
, 37
, 94
, 92
, 49
, 137
, 16
, 170
, 4
, 182
, 144
, 42
, 178
, 8
, 182
, 4
, 151
, 35
, 42
, 144
, 80
, 106
, 94
, 92
, 179
, 7
, 116
, 70
, 80
, 106
, 42
, 144
, 89
, 97
, 37
, 149
, 180
, 6
, 78
, 108
, 161
, 25
, 19
, 167
, 77
, 109
, 21
, 165
, 19
, 167
, 70
, 116
, 28
, 158
, 122
, 64
, 82
, 104
, 124
, 62
, 178
, 8
, 24
, 162
, 32
, 154
, 179
, 7
, 87
, 99
, 53
, 133
, 89
, 97
, 10
, 176
, 41
, 145
, 46
, 140
, 94
, 92
, 16
, 170
, 180
, 6
, 85
, 101
, 132
, 54
, 161
, 25
, 76
, 110
, 64
, 122
, 115
, 71
, 99
, 87
, 176
, 10
, 176
, 10
, 143
, 43
, 132
, 54
, 85
, 101
, 183
, 3
, 123
, 63
, 167
, 19
, 173
, 13
, 21
, 165
, 149
, 37
, 100
, 86
, 158
, 28
, 23
, 163
, 16
, 170
, 144
, 42
, 66
, 120
, 161
, 25
, 134
, 52
, 171
, 15
, 24
, 162
, 169
, 17
, 99
, 87
, 26
, 160
, 104
, 82
, 140
, 46
, 124
, 62
, 106
, 80
, 179
, 7
, 120
, 66
, 52
, 134
, 100
, 86
, 44
, 142
, 74
, 112
, 58
, 128
, 166
, 20
, 172
, 14
, 40
, 146
, 167
, 19
, 101
, 85
, 46
, 140
, 166
, 20
, 105
, 81
, 145
, 41
, 180
, 6
, 45
, 141
, 98
, 88
, 103
, 83
, 84
, 102
, 176
, 10
, 90
, 96
, 63
, 123
, 160
, 26
, 125
, 61
, 30
, 156
, 93
, 93
, 11
, 175
, 95
, 91
, 180
, 6
, 180
, 6
, 27
, 159
, 88
, 98
, 133
, 53
, 164
, 22
, 49
, 137
, 96
, 90
, 155
, 31
, 3
, 183
, 3
, 183
, 47
, 139
, 136
, 50
, 2
, 184
, 94
, 92
, 82
, 104
, 39
, 147
, 104
, 82
, 19
, 167
, 174
, 12
, 75
, 111
, 93
, 93
, 100
, 86
, 15
, 171
, 66
, 120
, 101
, 85
, 41
, 145
, 177
, 9
, 115
, 71
, 96
, 90
, 161
, 25
, 54
, 132
, 27
, 159
, 53
, 133
, 24
, 162
, 93
, 93
, 161
, 25
, 34
, 152
, 47
, 139
, 161
, 25
, 8
, 178
, 34
, 152
, 139
, 47
, 12
, 174
, 150
, 36
, 56
, 130
, 150
, 36
, 72
, 114
, 148
, 38
, 177
, 9
, 43
, 143
, 117
, 69
, 37
, 149
, 31
, 155
, 120
, 66
, 19
, 167
, 48
, 138
, 170
, 16
, 128
, 58
, 89
, 97
, 88
, 98
, 10
, 176
, 11
, 175
, 96
, 90
, 37
, 149
, 171
, 15
, 79
, 107
, 177
, 9
, 68
, 118
, 147
, 39
, 33
, 153
, 88
, 98
, 94
, 92
, 27
, 159
, 91
, 95
, 168
, 18
, 31
, 155
, 75
, 111
, 14
, 172
, 42
, 144
, 65
, 121
, 175
, 11
, 148
, 38
, 130
, 56
, 166
, 20
, 22
, 164
, 2
, 184
, 109
, 77
, 172
, 14
, 82
, 104
, 12
, 174
, 145
, 41
, 162
, 24
, 109
, 77
, 90
, 96
, 117
, 69
, 80
, 106
, 55
, 131
, 83
, 103
, 139
, 47
, 124
, 62
, 53
, 133
, 78
, 108
, 103
, 83
, 120
, 66
, 3
, 183
, 110
, 76
, 119
, 67
, 140
, 46
, 152
, 34
, 168
, 18
, 159
, 27
, 109
, 77
, 126
, 60
, 65
, 121
, 81
, 105
, 11
, 175
, 103
, 83
, 182
, 4
, 91
, 95
, 35
, 151
, 18
, 168
, 86
, 100
, 63
, 123
, 42
, 144
, 23
, 163
, 23
, 163
, 44
, 142
, 108
, 78
, 68
, 118
, 123
, 63
, 160
, 26
, 59
, 127
, 99
, 87
, 29
, 157
, 76
, 110
, 43
, 143
, 68
, 118
, 4
, 182
, 103
, 83
, 38
, 148
, 125
, 61
, 155
, 31
, 31
, 155
, 77
, 109
, 40
, 146
, 107
, 79
, 153
, 33
, 115
, 71
, 116
, 70
, 1
, 185
, 37
, 149
, 84
, 102
, 132
, 54
, 66
, 120
, 86
, 100
, 131
, 55
, 2
, 184
, 96
, 90
, 46
, 140
, 129
, 57
, 95
, 91
, 47
, 139
, 172
, 14
, 62
, 124
, 174
, 12
, 152
, 34
, 52
, 134
, 14
, 172
, 28
, 158
, 23
, 163
, 160
, 26
, 93
, 93
, 36
, 150
, 80
, 106
, 171
, 15
, 134
, 52
, 180
, 6
, 149
, 37
, 10
, 176
, 6
, 180
, 128
, 58
, 149
, 37
, 19
, 167
, 89
, 97
, 158
, 28
, 72
, 114
, 142
, 44
, 132
, 54
, 132
, 54
, 139
, 47
, 162
, 24
, 89
, 97
, 85
, 101
, 49
, 137
, 86
, 100
, 160
, 26
, 35
, 151
, 22
, 164
, 29
, 157
, 163
, 23
, 58
, 128
, 172
, 14
, 139
, 47
, 7
, 179
, 17
, 169
, 80
, 106
, 177
, 9
, 163
, 23
, 165
, 21
, 90
, 96
, 35
, 151
, 93
, 93
, 84
, 102
, 166
, 20
, 133
, 53
, 59
, 127
, 111
, 75
, 28
, 158
, 161
, 25
, 157
, 29
, 17
, 169
, 155
, 31
, 15
, 171
, 16
, 170
, 19
, 167
, 61
, 125
, 59
, 127
, 13
, 173
, 151
, 35
, 8
, 178
, 49
, 137
, 175
, 11
, 158
, 28
, 119
, 67
, 93
, 93
, 4
, 182
, 145
, 41
, 133
, 53
, 79
, 107
, 102
, 84
, 13
, 173
, 167
, 19
, 167
, 19
, 84
, 102
, 142
, 44
, 48
, 138
, 101
, 85
, 165
, 21
, 109
, 77
, 180
, 6
, 5
, 181
, 15
, 171
, 84
, 102
, 173
, 13
, 130
, 56
, 26
, 160
, 170
, 16
, 156
, 30
, 181
, 5
, 98
, 88
, 35
, 151
, 164
, 22
, 52
, 134
, 102
, 84
, 175
, 11
, 167
, 19
, 143
, 43
, 75
, 111
, 75
, 111
, 10
, 176
, 35
, 151
, 142
, 44
, 49
, 137
, 115
, 71
, 80
, 106
, 126
, 60
, 36
, 150
, 99
, 87
, 106
, 80
, 14
, 172
, 143
, 43
, 161
, 25
, 57
, 129
, 147
, 39
, 72
, 114
, 88
, 98
, 102
, 84
, 151
, 35
, 165
, 21
, 184
, 2
, 48
, 138
, 183
, 3
, 117
, 69
, 36
, 150
, 176
, 10
, 166
, 20
, 160
, 26
, 79
, 107
, 43
, 143
, 11
, 175
, 112
, 74
, 95
, 91
, 136
, 50
, 163
, 23
, 64
, 122
, 93
, 93
, 165
, 21
, 155
, 31
, 136
, 50
, 99
, 87
, 60
, 126
, 61
, 125
, 50
, 136
, 21
, 165
, 10
, 176
, 177
, 9
, 45
, 141
, 10
, 176
, 130
, 56
, 143
, 43
, 108
, 78
, 103
, 83
, 157
, 29
, 42
, 144
, 89
, 97
, 157
, 29
, 120
, 66
, 55
, 131
, 164
, 22
, 127
, 59
, 132
, 54
, 133
, 53
, 129
, 57
, 180
, 6
, 66
, 120
, 68
, 118
, 92
, 94
, 126
, 60
, 79
, 107
, 90
, 96
, 35
, 151
, 31
, 155
, 91
, 95
, 65
, 121
, 135
, 51
, 42
, 144
, 52
, 134
, 73
, 113
, 161
, 25
, 3
, 183
, 133
, 53
, 180
, 6
, 184
, 2
, 60
, 126
, 92
, 94
, 94
, 92
, 99
, 87
, 160
, 26
, 165
, 21
, 45
, 141
, 132
, 54
, 17
, 169
, 111
, 75
, 148
, 38
, 182
, 4
, 58
, 128
, 112
, 74
, 47
, 139
, 119
, 67
, 145
, 41
, 65
, 121
, 103
, 83
, 96
, 90
, 56
, 130
, 171
, 15
, 80
, 106
, 55
, 131
, 134
, 52
, 34
, 152
, 160
, 26
, 183
, 3
, 86
, 100
, 119
, 67
, 47
, 139
, 45
, 141
, 59
, 127
, 182
, 4
, 52
, 134
, 127
, 59
, 168
, 18
, 171
, 15
, 88
, 98
, 159
, 27
, 146
, 40
, 163
, 23
, 25
, 161
, 60
, 126
, 151
, 35
, 177
, 9
, 4
, 182
, 98
, 88
, 63
, 123
, 116
, 70
, 46
, 140
, 93
, 93
, 175
, 11
, 100
, 86
, 39
, 147
, 35
, 151
, 75
, 111
, 105
, 81
, 1
, 185
, 7
, 179
, 92
, 94
, 163
, 23
, 120
, 66
, 158
, 28
, 20
, 166
, 95
, 91
, 20
, 166
, 81
, 105
, 60
, 126
, 74
, 112
, 92
, 94
, 143
, 43
, 110
, 76
, 36
, 150
, 112
, 74
, 81
, 105
, 136
, 50
, 68
, 118
, 174
, 12
, 140
, 46
, 67
, 119
, 12
, 174
, 17
, 169
, 98
, 88
, 18
, 168
, 177
, 9
, 125
, 61
, 158
, 28
, 62
, 124
, 89
, 97
, 80
, 106
, 67
, 119
, 99
, 87
, 13
, 173
, 28
, 158
, 48
, 138
, 47
, 139
, 29
, 157
, 149
, 37
, 66
, 120
, 144
, 42
, 114
, 72
, 128
, 58
, 94
, 92
, 65
, 121
, 142
, 44
, 13
, 173
, 9
, 177
, 120
, 66
, 87
, 99
, 96
, 90
, 94
, 92
, 53
, 133
, 9
, 177
, 16
, 170
, 98
, 88
, 55
, 131
, 9
, 177
, 141
, 45
, 102
, 84
, 136
, 50
, 150
, 36
, 172
, 14
, 12
, 174
, 44
, 142
, 144
, 42
, 18
, 168
, 141
, 45
, 43
, 143
, 141
, 45
, 24
, 162
, 65
, 121
, 142
, 44
, 44
, 142
, 162
, 24
, 67
, 119
, 50
, 136
, 39
, 147
, 96
, 90
, 154
, 32
, 99
, 87
, 49
, 137
, 70
, 116
, 125
, 61
, 83
, 103
, 151
, 35
, 26
, 160
, 76
, 110
, 81
, 105
, 27
, 159
, 40
, 146
, 137
, 49
, 183
, 3
, 144
, 42
, 66
, 120
, 47
, 139
, 117
, 69
, 22
, 164
, 180
, 6
, 163
, 23
, 54
, 132
, 102
, 84
, 74
, 112
, 131
, 55
, 45
, 141
, 107
, 79
, 99
, 87
, 128
, 58
, 104
, 82
, 41
, 145
, 48
, 138
, 26
, 160
, 143
, 43
, 172
, 14
, 111
, 75
, 102
, 84
, 129
, 57
, 109
, 77
, 47
, 139
, 136
, 50
, 8
, 178
, 99
, 87
, 68
, 118
, 148
, 38
, 162
, 24
, 77
, 109
, 141
, 45
, 73
, 113
, 163
, 23
, 177
, 9
, 64
, 122
, 146
, 40
, 33
, 153
, 157
, 29
, 24
, 162
, 122
, 64
, 1
, 185
, 160
, 26
, 18
, 168
, 63
, 123
, 34
, 152
, 149
, 37
, 151
, 35
, 82
, 104
, 144
, 42
, 181
, 5
, 53
, 133
, 47
, 139
, 156
, 30
, 25
, 161
, 100
, 86
, 22
, 164
, 60
, 126
, 171
, 15
, 94
, 92
, 49
, 137
, 51
, 135
, 70
, 116
, 162
, 24
, 21
, 165
, 72
, 114
, 22
, 164
, 81
, 105
, 119
, 67
, 164
, 22
, 42
, 144
, 34
, 152
, 128
, 58
, 46
, 140
, 8
, 178
, 14
, 172
, 133
, 53
, 156
, 30
, 137
, 49
, 126
, 60
, 88
, 98
, 176
, 10
, 112
, 74
, 159
, 27
, 171
, 15
, 55
, 131
, 166
, 20
, 13
, 173
, 109
, 77
, 71
, 115
, 144
, 42
, 64
, 122
, 91
, 95
, 94
, 92
, 168
, 18
, 15
, 171
, 76
, 110
, 82
, 104
, 145
, 41
, 31
, 155
, 19
, 167
, 172
, 14
, 166
, 20
, 151
, 35
, 96
, 90
, 90
, 96
, 149
, 37
, 91
, 95
, 62
, 124
, 81
, 105
, 17
, 169
, 119
, 67
, 94
, 92
, 104
, 82
, 138
, 48
, 49
, 137
, 129
, 57
, 181
, 5
, 81
, 105
, 4
, 182
, 55
, 131
, 102
, 84
, 111
, 75
, 56
, 130
, 12
, 174
, 89
, 97
, 54
, 132
, 169
, 17
, 138
, 48
, 64
, 122
, 139
, 47
, 19
, 167
, 147
, 39
, 130
, 56
, 39
, 147
, 139
, 47
, 96
, 90
, 158
, 28
, 109
, 77
, 87
, 99
, 103
, 83
, 25
, 161
, 146
, 40
, 95
, 91
, 29
, 157
, 134
, 52
, 175
, 11
, 21
, 165
, 131
, 55
, 130
, 56
, 25
, 161
, 129
, 57
, 79
, 107
, 99
, 87
, 30
, 156
, 64
, 122
, 109
, 77
, 82
, 104
, 30
, 156
, 128
, 58
, 55
, 131
, 59
, 127
, 165
, 21
, 98
, 88
, 92
, 94
, 6
, 180
, 179
, 7
, 77
, 109
, 113
, 73
, 139
, 47
, 123
, 63
, 103
, 83
, 149
, 37
, 82
, 104
, 154
, 32
, 175
, 11
, 173
, 13
, 184
, 2
, 27
, 159
, 128
, 58
, 4
, 182
, 179
, 7
, 164
, 22
, 8
, 178
, 3
, 183
, 53
, 133
, 55
, 131
, 136
, 50
, 30
, 156
, 28
, 158
, 9
, 177
, 167
, 19
, 44
, 142
, 42
, 144
, 172
, 14
, 54
, 132
, 72
, 114
, 34
, 152
, 132
, 54
, 5
, 181
, 97
, 89
, 9
, 177
, 149
, 37
, 182
, 4
, 63
, 123
, 175
, 11
, 67
, 119
, 83
, 103
, 68
, 118
, 73
, 113
, 70
, 116
, 122
, 64
, 110
, 76
, 103
, 83
, 69
, 117
, 68
, 118
, 52
, 134
, 69
, 117
, 121
, 65
, 3
, 183
, 100
, 86
, 3
, 183
, 82
, 104
, 77
, 109
, 115
, 71
, 183
, 3
, 118
, 68
, 48
, 138
, 12
, 174
, 149
, 37
, 13
, 173
, 88
, 98
, 42
, 144
, 180
, 6
, 66
, 120
, 131
, 55
, 34
, 152
, 183
, 3
, 93
, 93
, 22
, 164
, 136
, 50
, 41
, 145
, 137
, 49
, 7
, 179
, 131
, 55
, 70
, 116
, 116
, 70
, 12
, 174
, 27
, 159
, 14
, 172
, 129
, 57
, 133
, 53
, 135
, 51
, 95
, 91
, 74
, 112
, 144
, 42
, 133
, 53
, 50
, 136
, 39
, 147
, 162
, 24
, 176
, 10
, 27
, 159
, 102
, 84
, 6
, 180
, 30
, 156
, 113
, 73
, 86
, 100
, 26
, 160
, 130
, 56
, 114
, 72
, 183
, 3
, 55
, 131
, 35
, 151
, 122
, 64
, 135
, 51
, 5
, 181
, 179
, 7
, 80
, 106
, 86
, 100
, 167
, 19
, 147
, 39
, 83
, 103
, 161
, 25
, 179
, 7
, 103
, 83
, 61
, 125
, 124
, 62
, 91
, 95
, 136
, 50
, 54
, 132
, 103
, 83
, 125
, 61
, 56
, 130
, 69
, 117
, 109
, 77
, 175
, 11
, 101
, 85
, 73
, 113
, 150
, 36
, 170
, 16
, 95
, 91
, 55
, 131
, 105
, 81
, 92
, 94
, 136
, 50
, 29
, 157
, 127
, 59
, 154
, 32
, 24
, 162
, 179
, 7
, 100
, 86
, 92
, 94
, 146
, 40
, 89
, 97
, 122
, 64
, 62
, 124
, 56
, 130
, 61
, 125
, 40
, 146
, 2
, 184
, 73
, 113
, 17
, 169
, 105
, 81
, 58
, 128
, 31
, 155
, 178
, 8
, 73
, 113
, 37
, 149
, 69
, 117
, 112
, 74
, 153
, 33
, 23
, 163
, 155
, 31
, 85
, 101
, 118
, 68
, 141
, 45
, 171
, 15
, 60
, 126
, 184
, 2
, 42
, 144
, 2
, 184
, 64
, 122
, 51
, 135
, 57
, 129
, 119
, 67
, 157
, 29
, 120
, 66
, 172
, 14
, 29
, 157
, 84
, 102
, 9
, 177
, 56
, 130
, 106
, 80
, 4
, 182
, 105
, 81
, 51
, 135
, 114
, 72
, 21
, 165
, 135
, 51
, 144
, 42
, 154
, 32
, 122
, 64
, 147
, 39
, 171
, 15
, 32
, 154
, 41
, 145
, 164
, 22
, 178
, 8
, 87
, 99
, 126
, 60
, 107
, 79
, 159
, 27
, 121
, 65
, 49
, 137
, 27
, 159
, 42
, 144
, 43
, 143
, 48
, 138
, 140
, 46
, 176
, 10
, 82
, 104
, 13
, 173
, 74
, 112
, 27
, 159
, 139
, 47
, 156
, 30
, 32
, 154
, 83
, 103
, 75
, 111
, 94
, 92
, 132
, 54
, 80
, 106
, 33
, 153
, 133
, 53
, 149
, 37
, 37
, 149
, 34
, 152
, 19
, 167
, 118
, 68
, 37
, 149
, 12
, 174
, 59
, 127
, 97
, 89
, 119
, 67
, 150
, 36
, 152
, 34
, 24
, 162
, 171
, 15
, 126
, 60
, 68
, 118
, 45
, 141
, 3
, 183
, 119
, 67
, 118
, 68
, 162
, 24
, 108
, 78
, 144
, 42
, 1
, 185
, 129
, 57
, 128
, 58
, 24
, 162
, 179
, 7
, 159
, 27
, 62
, 124
, 167
, 19
, 33
, 153
, 136
, 50
, 156
, 30
, 17
, 169
, 145
, 41
, 12
, 174
, 124
, 62
, 121
, 65
, 27
, 159
, 11
, 175
, 62
, 124
, 87
, 99
, 30
, 156
, 114
, 72
, 129
, 57
, 43
, 143
, 101
, 85
, 6
, 180
, 57
, 129
, 151
, 35
, 32
, 154
, 160
, 26
, 107
, 79
, 14
, 172
, 162
, 24
, 22
, 164
, 178
, 8
, 106
, 80
, 94
, 92
, 16
, 170
, 6
, 180
, 52
, 134
, 140
, 46
, 23
, 163
, 54
, 132
, 157
, 29
, 27
, 159
, 2
, 184
, 113
, 73
, 22
, 164
, 27
, 159
, 83
, 103
, 74
, 112
, 36
, 150
, 169
, 17
, 177
, 9
, 43
, 143
, 169
, 17
, 145
, 41
, 10
, 176
, 16
, 170
, 66
, 120
, 76
, 110
, 184
, 2
, 144
, 42
, 149
, 37
, 158
, 28
, 89
, 97
, 148
, 38
, 133
, 53
, 25
, 161
, 83
, 103
, 17
, 169
, 27
, 159
, 58
, 128
, 108
, 78
, 141
, 45
, 39
, 147
, 140
, 46
, 179
, 7
, 125
, 61
, 152
, 34
, 143
, 43
, 96
, 90
, 4
, 182
, 81
, 105
, 145
, 41
, 1
, 185
, 107
, 79
, 152
, 34
, 133
, 53
, 98
, 88
, 118
, 68
, 110
, 76
, 103
, 83
, 71
, 115
, 128
, 58
, 67
, 119
, 111
, 75
, 3
, 183
, 49
, 137
, 102
, 84
, 155
, 31
, 117
, 69
, 26
, 160
, 28
, 158
, 101
, 85
, 141
, 45
, 137
, 49
, 68
, 118
, 37
, 149
, 131
, 55
, 46
, 140
, 5
, 181
, 84
, 102
, 120
, 66
, 78
, 108
, 4
, 182
, 107
, 79
, 156
, 30
, 118
, 68
, 37
, 149
, 139
, 47
, 29
, 157
, 36
, 150
, 64
, 122
, 178
, 8
, 56
, 130
, 23
, 163
, 51
, 135
, 41
, 145
, 142
, 44
, 139
, 47
, 164
, 22
, 68
, 118
, 72
, 114
, 119
, 67
, 101
, 85
, 83
, 103
, 169
, 17
, 136
, 50
, 172
, 14
, 48
, 138
, 142
, 44
, 33
, 153
, 9
, 177
, 161
, 25
, 6
, 180
, 120
, 66
, 49
, 137
, 35
, 151
, 8
, 178
, 127
, 59
, 154
, 32
, 167
, 19
, 95
, 91
, 120
, 66
, 29
, 157
, 67
, 119
, 19
, 167
, 16
, 170
, 77
, 109
, 100
, 86
, 3
, 183
, 110
, 76
, 174
, 12
, 4
, 182
, 78
, 108
, 18
, 168
, 124
, 62
, 53
, 133
, 145
, 41
, 92
, 94
, 179
, 7
, 169
, 17
, 171
, 15
, 116
, 70
, 54
, 132
, 73
, 113
, 112
, 74
, 107
, 79
, 62
, 124
, 110
, 76
, 75
, 111
, 76
, 110
, 95
, 91
, 80
, 106
, 9
, 177
, 168
, 18
, 135
, 51
, 130
, 56
, 146
, 40
, 131
, 55
, 91
, 95
, 180
, 6
, 120
, 66
, 47
, 139
, 96
, 90
, 156
, 30
, 122
, 64
, 24
, 162
, 83
, 103
, 148
, 38
, 124
, 62
, 158
, 28
, 51
, 135
, 115
, 71
, 6
, 180
, 88
, 98
, 30
, 156
, 84
, 102
, 32
, 154
, 136
, 50
, 13
, 173
, 138
, 48
, 61
, 125
, 30
, 156
, 179
, 7
, 97
, 89
, 23
, 163
, 112
, 74
, 89
, 97
, 183
, 3
, 179
, 7
, 11
, 175
, 184
, 2
, 182
, 4
, 77
, 109
, 141
, 45
, 6
, 180
, 9
, 177
, 122
, 64
, 81
, 105
, 12
, 174
, 168
, 18
, 176
, 10
, 63
, 123
, 169
, 17
, 81
, 105
, 171
, 15
, 162
, 24
, 147
, 39
, 169
, 17
, 80
, 106
, 28
, 158
, 15
, 171
, 183
, 3
, 182
, 4
, 48
, 138
, 75
, 111
, 47
, 139
, 179
, 7
, 152
, 34
, 21
, 165
, 34
, 152
, 140
, 46
, 59
, 127
, 97
, 89
, 15
, 171
, 59
, 127
, 103
, 83
, 122
, 64
, 78
, 108
, 27
, 159
, 158
, 28
, 163
, 23
, 90
, 96
, 126
, 60
, 92
, 94
, 9
, 177
, 55
, 131
, 39
, 147
, 82
, 104
, 67
, 119
, 54
, 132
, 161
, 25
, 128
, 58
, 50
, 136
, 57
, 129
, 127
, 59
, 10
, 176
, 70
, 116
, 58
, 128
, 109
, 77
, 31
, 155
, 52
, 134
, 41
, 145
, 23
, 163
, 121
, 65
, 33
, 153
, 22
, 164
, 81
, 105
, 95
, 91
, 180
, 6
, 167
, 19
, 38
, 148
, 4
, 182
, 135
, 51
, 38
, 148
, 105
, 81
, 91
, 95
, 23
, 163
, 99
, 87
, 135
, 51
, 45
, 141
, 82
, 104
, 61
, 125
, 122
, 64
, 63
, 123
, 40
, 146
, 105
, 81
, 131
, 55
, 169
, 17
, 85
, 101
, 100
, 86
, 85
, 101
, 98
, 88
, 140
, 46
, 144
, 42
, 117
, 69
, 36
, 150
, 36
, 150
, 50
, 136
, 120
, 66
, 71
, 115
, 106
, 80
, 96
, 90
, 112
, 74
, 175
, 11
, 179
, 7
, 16
, 170
, 100
, 86
, 101
, 85
, 159
, 27
, 176
, 10
, 123
, 63
, 18
, 168
, 184
, 2
, 82
, 104
, 99
, 87
, 35
, 151
, 160
, 26
, 175
, 11
, 13
, 173
, 20
, 166
, 131
, 55
, 110
, 76
, 74
, 112
, 125
, 61
, 83
, 103
, 145
, 41
, 138
, 48
, 177
, 9
, 94
, 92
, 174
, 12
, 1
, 185
, 21
, 165
, 29
, 157
, 25
, 161
, 110
, 76
, 52
, 134
, 169
, 17
, 53
, 133
, 85
, 101
, 121
, 65
, 125
, 61
, 47
, 139
, 71
, 115
, 2
, 184
, 142
, 44
, 34
, 152
, 155
, 31
, 144
, 42
, 117
, 69
, 45
, 141
, 20
, 166
, 121
, 65
, 143
, 43
, 50
, 136
, 38
, 148
, 130
, 56
, 109
, 77
, 99
, 87
, 103
, 83
, 72
, 114
, 141
, 45
, 48
, 138
, 71
, 115
, 91
, 95
, 177
, 9
, 85
, 101
, 131
, 55
, 158
, 28
, 164
, 22
, 178
, 8
, 30
, 156
, 42
, 144
, 10
, 176
, 56
, 130
, 76
, 110
, 170
, 16
, 25
, 161
, 59
, 127
, 135
, 51
, 72
, 114
, 125
, 61
, 121
, 65
, 166
, 20
, 52
, 134
, 157
, 29
, 134
, 52
, 137
, 49
, 100
, 86
, 170
, 16
, 128
, 58
, 108
, 78
, 150
, 36
, 115
, 71
, 50
, 136
, 61
, 125
, 88
, 98
, 175
, 11
, 70
, 116
, 10
, 176
, 73
, 113
, 25
, 161
, 132
, 54
, 88
, 98
, 161
, 25
, 101
, 85
, 3
, 183
, 87
, 99
, 58
, 128
, 136
, 50
, 157
, 29
, 114
, 72
, 179
, 7
, 100
, 86
, 7
, 179
, 65
, 121
, 98
, 88
, 4
, 182
, 118
, 68
, 87
, 99
, 104
, 82
, 73
, 113
, 130
, 56
, 179
, 7
, 24
, 162
, 152
, 34
, 132
, 54
, 102
, 84
, 18
, 168
, 132
, 54
, 25
, 161
, 148
, 38
, 79
, 107
, 8
, 178
, 119
, 67
, 127
, 59
, 86
, 100
, 64
, 122
, 3
, 183
, 101
, 85
, 71
, 115
, 43
, 143
, 112
, 74
, 28
, 158
, 112
, 74
, 65
, 121
, 48
, 138
, 140
, 46
, 111
, 75
, 58
, 128
, 37
, 149
, 31
, 155
, 59
, 127
, 140
, 46
, 97
, 89
, 120
, 66
, 134
, 52
, 94
, 92
, 46
, 140
, 135
, 51
, 15
, 171
, 106
, 80
, 165
, 21
, 89
, 97
, 97
, 89
, 71
, 115
, 157
, 29
, 57
, 129
, 50
, 136
, 75
, 111
, 154
, 32
, 20
, 166
, 153
, 33
, 4
, 182
, 94
, 92
, 3
, 183
, 101
, 85
, 136
, 50
, 110
, 76
, 143
, 43
, 51
, 135
, 13
, 173
, 179
, 7
, 157
, 29
, 62
, 124
, 25
, 161
, 161
, 25
, 70
, 116
, 7
, 179
, 90
, 96
, 101
, 85
, 165
, 21
, 177
, 9
, 78
, 108
, 107
, 79
, 96
, 90
, 152
, 34
, 93
, 93
, 51
, 135
, 106
, 80
, 53
, 133
, 143
, 43
, 2
, 184
, 115
, 71
, 61
, 125
, 139
, 47
, 101
, 85
, 1
, 185
, 59
, 127
, 176
, 10
, 15
, 171
, 121
, 65
, 66
, 120
, 110
, 76
, 151
, 35
, 75
, 111
, 76
, 110
, 147
, 39
, 30
, 156
, 72
, 114
, 124
, 62
, 122
, 64
, 117
, 69
, 127
, 59
, 30
, 156
, 14
, 172
, 74
, 112
, 114
, 72
, 151
, 35
, 129
, 57
, 91
, 95
, 147
, 39
, 49
, 137
, 177
, 9
, 1
, 185
, 171
, 15
, 104
, 82
, 69
, 117
, 73
, 113
, 47
, 139
, 80
, 106
, 20
, 166
, 10
, 176
, 84
, 102
, 81
, 105
, 75
, 111
, 6
, 180
, 34
, 152
, 139
, 47
, 122
, 64
, 91
, 95
, 6
, 180
, 161
, 25
, 91
, 95
, 108
, 78
, 5
, 181
, 135
, 51
, 180
, 6
, 123
, 63
, 96
, 90
, 45
, 141
, 13
, 173
, 29
, 157
, 167
, 19
, 89
, 97
, 96
, 90
, 116
, 70
, 121
, 65
, 126
, 60
, 70
, 116
, 159
, 27
, 75
, 111
, 135
, 51
, 174
, 12
, 63
, 123
, 99
, 87
, 116
, 70
, 85
, 101
, 34
, 152
, 65
, 121
, 180
, 6
, 157
, 29
, 33
, 153
, 110
, 76
, 114
, 72
, 110
, 76
, 146
, 40
, 4
, 182
, 14
, 172
, 180
, 6
, 93
, 93
, 135
, 51
, 110
, 76
, 59
, 127
, 52
, 134
, 143
, 43
, 88
, 98
, 3
, 183
, 29
, 157
, 85
, 101
, 158
, 28
, 165
, 21
, 10
, 176
, 96
, 90
, 106
, 80
, 171
, 15
, 59
, 127
, 119
, 67
, 74
, 112
, 122
, 64
, 129
, 57
, 144
, 42
, 73
, 113
, 31
, 155
, 92
, 94
, 162
, 24
, 63
, 123
, 4
, 182
, 149
, 37
, 40
, 146
, 4
, 182
, 146
, 40
, 138
, 48
, 71
, 115
, 49
, 137
, 85
, 101
, 13
, 173
, 70
, 116
, 138
, 48
, 34
, 152
, 151
, 35
, 104
, 82
, 176
, 10
, 24
, 162
, 82
, 104
, 80
, 106
, 55
, 131
, 25
, 161
, 150
, 36
, 72
, 114
, 56
, 130
, 50
, 136
, 107
, 79
, 142
, 44
, 182
, 4
, 153
, 33
, 125
, 61
, 176
, 10
, 115
, 71
, 163
, 23
, 96
, 90
, 17
, 169
, 115
, 71
, 57
, 129
, 157
, 29
, 55
, 131
, 162
, 24
, 109
, 77
, 155
, 31
, 101
, 85
, 124
, 62
, 75
, 111
, 116
, 70
, 10
, 176
, 80
, 106
, 54
, 132
, 11
, 175
, 144
, 42
, 101
, 85
, 11
, 175
, 169
, 17
, 163
, 23
, 143
, 43
, 91
, 95
, 98
, 88
, 47
, 139
, 14
, 172
, 140
, 46
, 10
, 176
, 122
, 64
, 8
, 178
, 47
, 139
, 91
, 95
, 139
, 47
, 105
, 81
, 105
, 81
, 156
, 30
, 153
, 33
, 64
, 122
, 105
, 81
, 4
, 182
, 79
, 107
, 23
, 163
, 27
, 159
, 58
, 128
, 120
, 66
, 42
, 144
, 98
, 88
, 103
, 83
, 88
, 98
, 109
, 77
, 65
, 121
, 114
, 72
, 123
, 63
, 131
, 55
, 119
, 67
, 121
, 65
, 36
, 150
, 169
, 17
, 14
, 172
, 2
, 184
, 83
, 103
, 99
, 87
, 137
, 49
, 104
, 82
, 17
, 169
, 50
, 136
, 81
, 105
, 24
, 162
, 21
, 165
, 63
, 123
, 161
, 25
, 76
, 110
, 153
, 33
, 16
, 170
, 6
, 180
, 1
, 185
, 97
, 89
, 128
, 58
, 164
, 22
, 179
, 7
, 89
, 97
, 1
, 185
, 99
, 87
, 64
, 122
, 141
, 45
, 103
, 83
, 123
, 63
, 72
, 114
, 136
, 50
, 127
, 59
, 4
, 182
, 7
, 179
, 164
, 22
, 111
, 75
, 133
, 53
, 141
, 45
, 69
, 117
, 72
, 114
, 20
, 166
, 70
, 116
, 44
, 142
, 182
, 4
, 15
, 171
, 83
, 103
, 111
, 75
, 13
, 173
, 92
, 94
, 164
, 22
, 53
, 133
, 152
, 34
, 81
, 105
, 17
, 169
, 76
, 110
, 152
, 34
, 177
, 9
, 41
, 145
, 50
, 136
, 109
, 77
, 70
, 116
, 77
, 109
, 145
, 41
, 156
, 30
, 64
, 122
, 38
, 148
, 41
, 145
, 88
, 98
, 171
, 15
, 125
, 61
, 58
, 128
, 126
, 60
, 107
, 79
, 69
, 117
, 78
, 108
, 160
, 26
, 49
, 137
, 79
, 107
, 46
, 140
, 61
, 125
, 103
, 83
, 46
, 140
, 135
, 51
, 19
, 167
, 136
, 50
, 21
, 165
, 31
, 155
, 79
, 107
, 52
, 134
, 153
, 33
, 129
, 57
, 113
, 73
, 32
, 154
, 103
, 83
, 83
, 103
, 101
, 85
, 168
, 18
, 34
, 152
, 103
, 83
, 58
, 128
, 32
, 154
, 114
, 72
, 116
, 70
, 39
, 147
, 50
, 136
, 69
, 117
, 48
, 138
, 10
, 176
, 8
, 178
, 40
, 146
, 175
, 11
, 156
, 30
, 45
, 141
, 61
, 125
, 154
, 32
, 138
, 48
, 49
, 137
, 141
, 45
, 67
, 119
, 13
, 173
, 21
, 165
, 32
, 154
, 110
, 76
, 171
, 15
, 136
, 50
, 173
, 13
, 76
, 110
, 168
, 18
, 110
, 76
, 126
, 60
, 13
, 173
, 50
, 136
, 157
, 29
, 46
, 140
, 54
, 132
, 184
, 2
, 20
, 166
, 62
, 124
, 178
, 8
, 17
, 169
, 47
, 139
, 110
, 76
, 56
, 130
, 27
, 159
, 162
, 24
, 140
, 46
, 136
, 50
, 29
, 157
, 54
, 132
, 127
, 59
, 43
, 143
, 18
, 168
, 101
, 85
, 108
, 78
, 144
, 42
, 65
, 121
, 47
, 139
, 64
, 122
, 54
, 132
, 55
, 131
, 3
, 183
, 81
, 105
, 136
, 50
, 165
, 21
, 56
, 130
, 33
, 153
, 129
, 57
, 58
, 128
, 142
, 44
, 39
, 147
, 163
, 23
, 161
, 25
, 89
, 97
, 75
, 111
, 78
, 108
, 105
, 81
, 91
, 95
, 106
, 80
, 1
, 185
, 21
, 165
, 61
, 125
, 168
, 18
, 13
, 173
, 25
, 161
, 29
, 157
, 161
, 25
, 97
, 89
, 110
, 76
, 18
, 168
, 72
, 114
, 167
, 19
, 113
, 73
, 30
, 156
, 85
, 101
, 84
, 102
, 133
, 53
, 22
, 164
, 148
, 38
, 137
, 49
, 3
, 183
, 93
, 93
, 176
, 10
, 23
, 163
, 152
, 34
, 120
, 66
, 152
, 34
, 148
, 38
, 54
, 132
, 150
, 36
, 67
, 119
, 85
, 101
, 116
, 70
, 174
, 12
, 166
, 20
, 107
, 79
, 17
, 169
, 52
, 134
, 84
, 102
, 135
, 51
, 75
, 111
, 108
, 78
, 136
, 50
, 128
, 58
, 161
, 25
, 148
, 38
, 13
, 173
, 92
, 94
, 80
, 106
, 9
, 177
, 88
, 98
, 92
, 94
, 108
, 78
, 83
, 103
, 59
, 127
, 37
, 149
, 136
, 50
, 158
, 28
, 130
, 56
, 90
, 96
, 31
, 155
, 60
, 126
, 161
, 25
, 70
, 116
, 104
, 82
, 146
, 40
, 167
, 19
, 83
, 103
, 90
, 96
, 139
, 47
, 176
, 10
, 11
, 175
, 181
, 5
, 33
, 153
, 130
, 56
, 97
, 89
, 47
, 139
, 169
, 17
, 132
, 54
, 142
, 44
, 37
, 149
, 103
, 83
, 71
, 115
, 30
, 156
, 23
, 163
, 140
, 46
, 51
, 135
, 5
, 181
, 34
, 152
, 13
, 173
, 54
, 132
, 143
, 43
, 86
, 100
, 88
, 98
, 181
, 5
, 92
, 94
, 136
, 50
, 27
, 159
, 164
, 22
, 148
, 38
, 84
, 102
, 77
, 109
, 155
, 31
, 141
, 45
, 82
, 104
, 120
, 66
, 47
, 139
, 118
, 68
, 19
, 167
, 86
, 100
, 100
, 86
, 47
, 139
, 84
, 102
, 159
, 27
, 130
, 56
, 103
, 83
, 33
, 153
, 34
, 152
, 88
, 98
, 54
, 132
, 133
, 53
, 90
, 96
, 123
, 63
, 79
, 107
, 81
, 105
, 99
, 87
, 168
, 18
, 48
, 138
, 111
, 75
, 131
, 55
, 25
, 161
, 15
, 171
, 84
, 102
, 148
, 38
, 134
, 52
, 134
, 52
, 10
, 176
, 39
, 147
, 78
, 108
, 24
, 162
, 5
, 181
, 108
, 78
, 95
, 91
, 51
, 135
, 76
, 110
, 65
, 121
, 47
, 139
, 44
, 142
, 176
, 10
, 128
, 58
, 150
, 36
, 127
, 59
, 35
, 151
, 73
, 113
, 64
, 122
, 82
, 104
, 53
, 133
, 129
, 57
, 84
, 102
, 75
, 111
, 169
, 17
, 48
, 138
, 160
, 26
, 156
, 30
, 150
, 36
, 122
, 64
, 80
, 106
, 58
, 128
, 130
, 56
, 140
, 46
, 19
, 167
, 17
, 169
, 37
, 149
, 2
, 184
, 180
, 6
, 81
, 105
, 37
, 149
, 64
, 122
, 162
, 24
, 97
, 89
, 91
, 95
, 177
, 9
, 40
, 146
, 43
, 143
, 29
, 157
, 41
, 145
, 49
, 137
, 55
, 131
, 115
, 71
, 66
, 120
, 169
, 17
, 11
, 175
, 46
, 140
, 156
, 30
, 159
, 27
, 40
, 146
, 168
, 18
, 10
, 176
, 61
, 125
, 72
, 114
, 168
, 18
, 166
, 20
, 10
, 176
, 43
, 143
, 46
, 140
, 4
, 182
, 177
, 9
, 92
, 94
, 69
, 117
, 71
, 115
, 138
, 48
, 106
, 80
, 4
, 182
, 104
, 82
, 8
, 178
, 71
, 115
, 152
, 34
, 47
, 139
, 153
, 33
, 9
, 177
, 107
, 79
, 173
, 13
, 65
, 121
, 121
, 65
, 50
, 136
, 96
, 90
, 21
, 165
, 49
, 137
, 60
, 126
, 1
, 185
, 23
, 163
, 56
, 130
, 50
, 136
, 158
, 28
, 139
, 47
, 82
, 104
, 167
, 19
, 42
, 144
, 24
, 162
, 176
, 10
, 59
, 127
, 48
, 138
, 51
, 135
, 130
, 56
, 160
, 26
, 57
, 129
, 178
, 8
, 12
, 174
, 3
, 183
, 160
, 26
, 153
, 33
, 76
, 110
, 125
, 61
, 38
, 148
, 161
, 25
, 51
, 135
, 109
, 77
, 99
, 87
, 128
, 58
, 184
, 2
, 151
, 35
, 184
, 2
, 121
, 65
, 95
, 91
, 25
, 161
, 108
, 78
, 130
, 56
, 90
, 96
, 111
, 75
, 158
, 28
, 109
, 77
, 165
, 21
, 110
, 76
, 140
, 46
, 12
, 174
, 143
, 43
, 125
, 61
, 83
, 103
, 41
, 145
, 120
, 66
, 69
, 117
, 38
, 148
, 85
, 101
, 145
, 41
, 177
, 9
, 67
, 119
, 169
, 17
, 154
, 32
, 143
, 43
, 22
, 164
, 115
, 71
, 147
, 39
, 132
, 54
, 13
, 173
, 128
, 58
, 168
, 18
, 180
, 6
, 24
, 162
, 137
, 49
, 91
, 95
, 123
, 63
, 16
, 170
, 131
, 55
, 175
, 11
, 87
, 99
, 83
, 103
, 143
, 43
, 20
, 166
, 94
, 92
, 135
, 51
, 150
, 36
, 130
, 56
, 10
, 176
, 144
, 42
, 97
, 89
, 177
, 9
, 69
, 117
, 121
, 65
, 47
, 139
, 70
, 116
, 11
, 175
, 50
, 136
, 83
, 103
, 6
, 180
, 34
, 152
, 154
, 32
, 172
, 14
, 166
, 20
, 128
, 58
, 182
, 4
, 41
, 145
, 88
, 98
, 28
, 158
, 98
, 88
, 10
, 176
, 146
, 40
, 93
, 93
, 71
, 115
, 114
, 72
, 83
, 103
, 28
, 158
, 136
, 50
, 136
, 50
, 167
, 19
, 79
, 107
, 40
, 146
, 35
, 151
, 154
, 32
, 41
, 145
, 165
, 21
, 71
, 115
, 140
, 46
, 73
, 113
, 124
, 62
, 108
, 78
, 61
, 125
, 155
, 31
, 20
, 166
, 115
, 71
, 151
, 35
, 1
, 185
, 48
, 138
, 123
, 63
, 96
, 90
, 182
, 4
, 36
, 150
, 137
, 49
, 173
, 13
, 127
, 59
, 141
, 45
, 39
, 147
, 141
, 45
, 138
, 48
, 48
, 138
, 182
, 4
, 89
, 97
, 45
, 141
, 116
, 70
, 151
, 35
, 73
, 113
, 112
, 74
, 182
, 4
, 127
, 59
, 43
, 143
, 183
, 3
, 125
, 61
, 27
, 159
, 109
, 77
, 165
, 21
, 88
, 98
, 145
, 41
, 150
, 36
, 4
, 182
, 92
, 94
, 67
, 119
, 176
, 10
, 102
, 84
, 48
, 138
, 2
, 184
, 33
, 153
, 126
, 60
, 70
, 116
, 157
, 29
, 22
, 164
, 59
, 127
, 147
, 39
, 171
, 15
, 172
, 14
, 16
, 170
, 8
, 178
, 177
, 9
, 126
, 60
, 106
, 80
, 10
, 176
, 72
, 114
, 176
, 10
, 71
, 115
, 171
, 15
, 27
, 159
, 45
, 141
, 166
, 20
, 86
, 100
, 94
, 92
, 181
, 5
, 67
, 119
, 79
, 107
, 79
, 107
, 17
, 169
, 146
, 40
, 68
, 118
, 79
, 107
, 105
, 81
, 99
, 87
, 96
, 90
, 100
, 86
, 51
, 135
, 13
, 173
, 118
, 68
, 75
, 111
, 91
, 95
, 111
, 75
, 62
, 124
, 6
, 180
, 153
, 33
, 175
, 11
, 98
, 88
, 107
, 79
, 151
, 35
, 45
, 141
, 25
, 161
, 165
, 21
, 115
, 71
, 31
, 155
, 159
, 27
, 142
, 44
, 181
, 5
, 116
, 70
, 152
, 34
, 88
, 98
, 58
, 128
, 55
, 131
, 175
, 11
, 162
, 24
, 42
, 144
, 6
, 180
, 153
, 33
, 115
, 71
, 12
, 174
, 88
, 98
, 125
, 61
, 3
, 183
, 85
, 101
, 39
, 147
, 159
, 27
, 172
, 14
, 104
, 82
, 61
, 125
, 146
, 40
, 184
, 2
, 134
, 52
, 78
, 108
, 106
, 80
, 49
, 137
, 127
, 59
, 44
, 142
, 79
, 107
, 47
, 139
, 1
, 185
, 108
, 78
, 139
, 47
, 12
, 174
, 111
, 75
, 151
, 35
, 76
, 110
, 69
, 117
, 135
, 51
, 171
, 15
, 6
, 180
, 15
, 171
, 81
, 105
, 106
, 80
, 74
, 112
, 33
, 153
, 128
, 58
, 110
, 76
, 88
, 98
, 57
, 129
, 150
, 36
, 7
, 179
, 161
, 25
, 55
, 131
, 109
, 77
, 148
, 38
, 61
, 125
, 81
, 105
, 81
, 105
, 68
, 118
, 73
, 113
, 37
, 149
, 84
, 102
, 82
, 104
, 14
, 172
, 161
, 25
, 71
, 115
, 36
, 150
, 178
, 8
, 131
, 55
, 7
, 179
, 30
, 156
, 154
, 32
, 182
, 4
, 36
, 150
, 27
, 159
, 161
, 25
, 57
, 129
, 179
, 7
, 157
, 29
, 130
, 56
, 18
, 168
, 82
, 104
, 32
, 154
, 105
, 81
, 105
, 81
, 157
, 29
, 180
, 6
, 123
, 63
, 153
, 33
, 127
, 59
, 55
, 131
, 107
, 79
, 174
, 12
, 158
, 28
, 23
, 163
, 173
, 13
, 37
, 149
, 65
, 121
, 129
, 57
, 70
, 116
, 80
, 106
, 115
, 71
, 182
, 4
, 106
, 80
, 7
, 179
, 101
, 85
, 54
, 132
, 184
, 2
, 158
, 28
, 143
, 43
, 12
, 174
, 126
, 60
, 21
, 165
, 122
, 64
, 184
, 2
, 3
, 183
, 183
, 3
, 72
, 114
, 144
, 42
, 153
, 33
, 35
, 151
, 173
, 13
, 46
, 140
, 9
, 177
, 164
, 22
, 102
, 84
, 30
, 156
, 72
, 114
, 18
, 168
, 130
, 56
, 36
, 150
, 160
, 26
, 99
, 87
, 156
, 30
, 119
, 67
, 124
, 62
, 147
, 39
, 101
, 85
, 134
, 52
, 121
, 65
, 50
, 136
, 14
, 172
, 89
, 97
, 122
, 64
, 30
, 156
, 174
, 12
, 87
, 99
, 38
, 148
, 54
, 132
, 130
, 56
, 56
, 130
, 115
, 71
, 24
, 162
, 24
, 162
, 98
, 88
, 46
, 140
, 111
, 75
, 12
, 174
, 103
, 83
, 102
, 84
, 78
, 108
, 84
, 102
, 129
, 57
, 57
, 129
, 18
, 168
, 110
, 76
, 143
, 43
, 122
, 64
, 115
, 71
, 89
, 97
, 107
, 79
, 25
, 161
, 121
, 65
, 123
, 63
, 110
, 76
, 176
, 10
, 133
, 53
, 82
, 104
, 101
, 85
, 112
, 74
, 114
, 72
, 117
, 69
, 122
, 64
, 142
, 44
, 83
, 103
, 93
, 93
, 48
, 138
, 3
, 183
, 99
, 87
, 22
, 164
, 44
, 142
, 90
, 96
, 69
, 117
, 146
, 40
, 154
, 32
, 31
, 155
, 159
, 27
, 61
, 125
, 32
, 154
, 104
, 82
, 11
, 175
, 51
, 135
, 36
, 150
, 120
, 66
, 50
, 136
, 64
, 122
, 160
, 26
, 56
, 130
, 67
, 119
, 54
, 132
, 64
, 122
, 26
, 160
, 63
, 123
, 61
, 125
, 24
, 162
, 113
, 73
, 148
, 38
, 34
, 152
, 78
, 108
, 81
, 105
, 31
, 155
, 170
, 16
, 103
, 83
, 108
, 78
, 42
, 144
, 76
, 110
, 61
, 125
, 94
, 92
, 86
, 100
, 33
, 153
, 47
, 139
, 117
, 69
, 149
, 37
, 97
, 89
, 141
, 45
, 79
, 107
, 70
, 116
, 89
, 97
, 125
, 61
, 112
, 74
, 58
, 128
, 20
, 166
, 137
, 49
, 73
, 113
, 18
, 168
, 153
, 33
, 121
, 65
, 124
, 62
, 102
, 84
, 158
, 28
, 13
, 173
, 82
, 104
, 173
, 13
, 106
, 80
, 162
, 24
, 53
, 133
, 143
, 43
, 142
, 44
, 25
, 161
, 142
, 44
, 143
, 43
, 134
, 52
, 67
, 119
, 146
, 40
, 108
, 78
, 40
, 146
, 88
, 98
, 132
, 54
, 41
, 145
, 163
, 23
, 51
, 135
, 71
, 115
, 147
, 39
, 173
, 13
, 83
, 103
, 180
, 6
, 173
, 13
, 26
, 160
, 111
, 75
, 9
, 177
, 126
, 60
, 54
, 132
, 75
, 111
, 12
, 174
, 54
, 132
, 24
, 162
, 179
, 7
, 59
, 127
, 5
, 181
, 46
, 140
, 24
, 162
, 56
, 130
, 72
, 114
, 16
, 170
, 9
, 177
, 68
, 118
, 107
, 79
, 74
, 112
, 134
, 52
, 102
, 84
, 96
, 90
, 172
, 14
, 28
, 158
, 155
, 31
, 105
, 81
, 147
, 39
, 169
, 17
, 78
, 108
, 31
, 155
, 112
, 74
, 143
, 43
, 127
, 59
, 165
, 21
, 78
, 108
, 39
, 147
, 81
, 105
, 136
, 50
, 11
, 175
, 59
, 127
, 153
, 33
, 129
, 57
, 79
, 107
, 26
, 160
, 160
, 26
, 59
, 127
, 127
, 59
, 12
, 174
, 92
, 94
, 88
, 98
, 126
, 60
, 47
, 139
, 28
, 158
, 67
, 119
, 48
, 138
, 105
, 81
, 45
, 141
, 167
, 19
, 32
, 154
, 32
, 154
, 10
, 176
, 54
, 132
, 46
, 140
, 31
, 155
, 64
, 122
, 127
, 59
, 45
, 141
, 49
, 137
, 46
, 140
, 49
, 137
, 75
, 111
, 88
, 98
, 91
, 95
, 179
, 7
, 6
, 180
, 158
, 28
, 173
, 13
, 139
, 47
, 122
, 64
, 44
, 142
, 8
, 178
, 45
, 141
, 62
, 124
, 1
, 185
, 40
, 146
, 107
, 79
, 49
, 137
, 126
, 60
, 76
, 110
, 99
, 87
, 42
, 144
, 151
, 35
, 28
, 158
, 163
, 23
, 10
, 176
, 41
, 145
, 27
, 159
, 167
, 19
, 40
, 146
, 127
, 59
, 77
, 109
, 69
, 117
, 183
, 3
, 131
, 55
, 76
, 110
, 111
, 75
, 138
, 48
, 32
, 154
, 11
, 175
, 173
, 13
, 90
, 96
, 110
, 76
, 100
, 86
, 82
, 104
, 29
, 157
, 156
, 30
, 20
, 166
, 46
, 140
, 51
, 135
, 69
, 117
, 117
, 69
, 122
, 64
, 56
, 130
, 168
, 18
, 97
, 89
, 113
, 73
, 1
, 185
, 179
, 7
, 18
, 168
, 38
, 148
, 82
, 104
, 64
, 122
, 12
, 174
, 42
, 144
, 16
, 170
, 48
, 138
, 56
, 130
, 124
, 62
, 76
, 110
, 65
, 121
, 58
, 128
, 75
, 111
, 20
, 166
, 58
, 128
, 101
, 85
, 75
, 111
, 88
, 98
, 62
, 124
, 38
, 148
, 8
, 178
, 171
, 15
, 128
, 58
, 113
, 73
, 1
, 185
, 13
, 173
, 5
, 181
, 116
, 70
, 180
, 6
, 140
, 46
, 19
, 167
, 21
, 165
, 37
, 149
, 59
, 127
, 87
, 99
, 82
, 104
, 61
, 125
, 156
, 30
, 35
, 151
, 141
, 45
, 163
, 23
, 166
, 20
, 30
, 156
, 90
, 96
, 114
, 72
, 25
, 161
, 136
, 50
, 36
, 150
, 75
, 111
, 125
, 61
, 161
, 25
, 26
, 160
, 155
, 31
, 124
, 62
, 67
, 119
, 25
, 161
, 74
, 112
, 49
, 137
, 116
, 70
, 19
, 167
, 104
, 82
, 96
, 90
, 142
, 44
, 174
, 12
, 175
, 11
, 127
, 59
, 49
, 137
, 28
, 158
, 90
, 96
, 98
, 88
, 69
, 117
, 114
, 72
, 183
, 3
, 13
, 173
, 142
, 44
, 50
, 136
, 159
, 27
, 178
, 8
, 103
, 83
, 6
, 180
, 149
, 37
, 35
, 151
, 50
, 136
, 31
, 155
, 80
, 106
, 156
, 30
, 140
, 46
, 95
, 91
, 143
, 43
, 109
, 77
, 104
, 82
, 159
, 27
, 170
, 16
, 110
, 76
, 101
, 85
, 112
, 74
, 181
, 5
, 154
, 32
, 44
, 142
, 162
, 24
, 30
, 156
, 123
, 63
, 168
, 18
, 70
, 116
, 78
, 108
, 62
, 124
, 99
, 87
, 169
, 17
, 152
, 34
, 9
, 177
, 123
, 63
, 87
, 99
, 27
, 159
, 179
, 7
, 40
, 146
, 175
, 11
, 164
, 22
, 14
, 172
, 133
, 53
, 44
, 142
, 35
, 151
, 176
, 10
, 152
, 34
, 87
, 99
, 105
, 81
, 133
, 53
, 146
, 40
, 172
, 14
, 180
, 6
, 59
, 127
, 28
, 158
, 109
, 77
, 24
, 162
, 83
, 103
, 1
, 185
, 163
, 23
, 148
, 38
, 178
, 8
, 111
, 75
, 173
, 13
, 97
, 89
, 152
, 34
, 47
, 139
, 159
, 27
, 131
, 55
, 125
, 61
, 169
, 17
, 164
, 22
, 29
, 157
, 173
, 13
, 102
, 84
, 168
, 18
, 150
, 36
, 90
, 96
, 15
, 171
, 143
, 43
, 60
, 126
, 25
, 161
, 46
, 140
, 113
, 73
, 14
, 172
, 77
, 109
, 65
, 121
, 149
, 37
, 23
, 163
, 4
, 182
, 73
, 113
, 43
, 143
, 103
, 83
, 118
, 68
, 150
, 36
, 166
, 20
, 19
, 167
, 66
, 120
, 109
, 77
, 28
, 158
, 15
, 171
, 95
, 91
, 168
, 18
, 145
, 41
, 51
, 135
, 94
, 92
, 64
, 122
, 77
, 109
, 11
, 175
, 70
, 116
, 52
, 134
, 63
, 123
, 61
, 125
, 55
, 131
, 109
, 77
, 82
, 104
, 37
, 149
, 155
, 31
, 48
, 138
, 49
, 137
, 99
, 87
, 73
, 113
, 53
, 133
, 184
, 2
, 169
, 17
, 97
, 89
, 12
, 174
, 180
, 6
, 124
, 62
, 67
, 119
, 104
, 82
, 88
, 98
, 60
, 126
, 45
, 141
, 140
, 46
, 131
, 55
, 58
, 128
, 108
, 78
, 48
, 138
, 44
, 142
, 113
, 73
, 131
, 55
, 121
, 65
, 65
, 121
, 153
, 33
, 129
, 57
, 116
, 70
, 142
, 44
, 30
, 156
, 68
, 118
, 159
, 27
, 38
, 148
, 62
, 124
, 48
, 138
, 133
, 53
, 176
, 10
, 47
, 139
, 135
, 51
, 59
, 127
, 31
, 155
, 67
, 119
, 82
, 104
, 181
, 5
, 54
, 132
, 180
, 6
, 124
, 62
, 100
, 86
, 165
, 21
, 30
, 156
, 67
, 119
, 38
, 148
, 76
, 110
, 53
, 133
, 99
, 87
, 169
, 17
, 33
, 153
, 124
, 62
, 63
, 123
, 155
, 31
, 93
, 93
, 92
, 94
, 151
, 35
, 151
, 35
, 42
, 144
, 44
, 142
, 94
, 92
, 27
, 159
, 38
, 148
, 44
, 142
, 122
, 64
, 35
, 151
, 171
, 15
, 145
, 41
, 61
, 125
, 9
, 177
, 92
, 94
, 90
, 96
, 143
, 43
, 105
, 81
, 145
, 41
, 125
, 61
, 96
, 90
, 128
, 58
, 164
, 22
, 70
, 116
, 108
, 78
, 184
, 2
, 46
, 140
, 79
, 107
, 153
, 33
, 87
, 99
, 8
, 178
, 110
, 76
, 146
, 40
, 87
, 99
, 60
, 126
, 163
, 23
, 127
, 59
, 107
, 79
, 23
, 163
, 160
, 26
, 71
, 115
, 19
, 167
, 108
, 78
, 118
, 68
, 150
, 36
, 22
, 164
, 69
, 117
, 100
, 86
, 111
, 75
, 121
, 65
, 156
, 30
, 71
, 115
, 108
, 78
, 36
, 150
, 105
, 81
, 69
, 117
, 178
, 8
, 154
, 32
, 52
, 134
, 183
, 3
, 104
, 82
, 144
, 42
, 20
, 166
, 159
, 27
, 157
, 29
, 113
, 73
, 82
, 104
, 98
, 88
, 66
, 120
, 147
, 39
, 96
, 90
, 48
, 138
, 119
, 67
, 12
, 174
, 184
, 2
, 144
, 42
, 97
, 89
, 141
, 45
, 5
, 181
, 41
, 145
, 24
, 162
, 100
, 86
, 112
, 74
, 112
, 74
, 58
, 128
, 184
, 2
, 49
, 137
, 123
, 63
, 165
, 21
, 124
, 62
, 106
, 80
, 179
, 7
, 162
, 24
, 138
, 48
, 36
, 150
, 150
, 36
, 142
, 44
, 57
, 129
, 100
, 86
, 154
, 32
, 34
, 152
, 86
, 100
, 35
, 151
, 116
, 70
, 11
, 175
, 94
, 92
, 151
, 35
, 147
, 39
, 43
, 143
, 11
, 175
, 142
, 44
, 158
, 28
, 35
, 151
, 177
, 9
, 62
, 124
, 126
, 60
, 100
, 86
, 38
, 148
, 174
, 12
, 160
, 26
, 4
, 182
, 105
, 81
, 108
, 78
, 149
, 37
, 91
, 95
, 166
, 20
, 82
, 104
, 158
, 28
, 142
, 44
, 37
, 149
, 48
, 138
, 15
, 171
, 152
, 34
, 102
, 84
, 11
, 175
, 41
, 145
, 116
, 70
, 5
, 181
, 62
, 124
, 47
, 139
, 118
, 68
, 121
, 65
, 25
, 161
, 107
, 79
, 64
, 122
, 130
, 56
, 77
, 109
, 6
, 180
, 88
, 98
, 127
, 59
, 129
, 57
, 56
, 130
, 57
, 129
, 137
, 49
, 94
, 92
, 81
, 105
, 12
, 174
, 181
, 5
, 129
, 57
, 38
, 148
, 111
, 75
, 53
, 133
, 36
, 150
, 119
, 67
, 122
, 64
, 141
, 45
, 175
, 11
, 42
, 144
, 157
, 29
, 179
, 7
, 105
, 81
, 137
, 49
, 139
, 47
, 99
, 87
, 65
, 121
, 73
, 113
, 49
, 137
, 112
, 74
, 133
, 53
, 123
, 63
, 16
, 170
, 6
, 180
, 36
, 150
, 169
, 17
, 46
, 140
, 130
, 56
, 41
, 145
, 120
, 66
, 2
, 184
, 148
, 38
, 94
, 92
, 108
, 78
, 142
, 44
, 112
, 74
, 124
, 62
, 69
, 117
, 7
, 179
, 130
, 56
, 16
, 170
, 80
, 106
, 59
, 127
, 137
, 49
, 41
, 145
, 118
, 68
, 117
, 69
, 90
, 96
, 38
, 148
, 149
, 37
, 86
, 100
, 71
, 115
, 67
, 119
, 154
, 32
, 148
, 38
, 80
, 106
, 108
, 78
, 124
, 62
, 136
, 50
, 176
, 10
, 131
, 55
, 81
, 105
, 95
, 91
, 52
, 134
, 65
, 121
, 125
, 61
, 86
, 100
, 156
, 30
, 120
, 66
, 139
, 47
, 173
, 13
, 30
, 156
, 70
, 116
, 149
, 37
, 31
, 155
, 74
, 112
, 23
, 163
, 89
, 97
, 141
, 45
, 54
, 132
, 9
, 177
, 159
, 27
, 97
, 89
, 87
, 99
, 85
, 101
, 101
, 85
, 41
, 145
, 67
, 119
, 81
, 105
, 174
, 12
, 30
, 156
, 67
, 119
, 21
, 165
, 148
, 38
, 137
, 49
, 179
, 7
, 174
, 12
, 74
, 112
, 144
, 42
, 56
, 130
, 79
, 107
, 109
, 77
, 94
, 92
, 32
, 154
, 155
, 31
, 96
, 90
, 45
, 141
, 166
, 20
, 175
, 11
, 51
, 135
, 95
, 91
, 2
, 184
, 132
, 54
, 22
, 164
, 142
, 44
, 78
, 108
, 38
, 148
, 78
, 108
, 8
, 178
, 167
, 19
, 104
, 82
, 35
, 151
, 21
, 165
, 14
, 172
, 98
, 88
, 74
, 112
, 97
, 89
, 111
, 75
, 119
, 67
, 17
, 169
, 109
, 77
, 148
, 38
, 49
, 137
, 60
, 126
, 144
, 42
, 97
, 89
, 102
, 84
, 75
, 111
, 95
, 91
, 103
, 83
, 162
, 24
, 27
, 159
, 112
, 74
, 184
, 2
, 61
, 125
, 114
, 72
, 138
, 48
, 113
, 73
, 10
, 176
, 112
, 74
, 79
, 107
, 105
, 81
, 92
, 94
, 103
, 83
, 35
, 151
, 75
, 111
, 164
, 22
, 176
, 10
, 84
, 102
, 156
, 30
, 72
, 114
, 144
, 42
, 179
, 7
, 96
, 90
, 54
, 132
, 144
, 42
, 16
, 170
, 112
, 74
, 59
, 127
, 173
, 13
, 135
, 51
, 4
, 182
, 47
, 139
, 80
, 106
, 59
, 127
, 40
, 146
, 156
, 30
, 183
, 3
, 184
, 2
, 45
, 141
, 155
, 31
, 182
, 4
, 76
, 110
, 96
, 90
, 102
, 84
, 98
, 88
, 58
, 128
, 5
, 181
, 104
, 82
, 38
, 148
, 109
, 77
, 28
, 158
, 68
, 118
, 152
, 34
, 132
, 54
, 178
, 8
, 158
, 28
, 106
, 80
, 82
, 104
, 12
, 174
, 12
, 174
, 90
, 96
, 84
, 102
, 74
, 112
, 129
, 57
, 73
, 113
, 156
, 30
, 85
, 101
, 80
, 106
, 179
, 7
, 79
, 107
, 43
, 143
, 25
, 161
, 60
, 126
, 132
, 54
, 159
, 27
, 28
, 158
, 139
, 47
, 16
, 170
, 83
, 103
, 182
, 4
, 173
, 13
, 99
, 87
, 101
, 85
, 30
, 156
, 49
, 137
, 1
, 185
, 168
, 18
, 136
, 50
, 5
, 181
, 13
, 173
, 172
, 14
, 58
, 128
, 9
, 177
, 92
, 94
, 169
, 17
, 8
, 178
, 108
, 78
, 149
, 37
, 117
, 69
, 15
, 171
, 91
, 95
, 34
, 152
, 86
, 100
, 106
, 80
, 147
, 39
, 161
, 25
, 55
, 131
, 106
, 80
, 118
, 68
, 145
, 41
, 166
, 20
, 15
, 171
, 59
, 127
, 153
, 33
, 25
, 161
, 180
, 6
, 181
, 5
, 130
, 56
, 168
, 18
, 93
, 93
, 140
, 46
, 59
, 127
, 41
, 145
, 44
, 142
, 177
, 9
, 3
, 183
, 97
, 89
, 159
, 27
, 9
, 177
, 57
, 129
, 26
, 160
, 31
, 155
, 33
, 153
, 30
, 156
, 153
, 33
, 105
, 81
, 8
, 178
, 117
, 69
, 11
, 175
, 3
, 183
, 171
, 15
, 54
, 132
, 115
, 71
, 107
, 79
, 59
, 127
, 97
, 89
, 109
, 77
, 110
, 76
, 93
, 93
, 45
, 141
, 74
, 112
, 147
, 39
, 106
, 80
, 104
, 82
, 141
, 45
, 174
, 12
, 46
, 140
, 6
, 180
, 178
, 8
, 168
, 18
, 138
, 48
, 83
, 103
, 97
, 89
, 123
, 63
, 56
, 130
, 16
, 170
, 98
, 88
, 165
, 21
, 120
, 66
, 69
, 117
, 19
, 167
, 55
, 131
, 10
, 176
, 58
, 128
, 89
, 97
, 17
, 169
, 23
, 163
, 157
, 29
, 58
, 128
, 123
, 63
, 80
, 106
, 166
, 20
, 98
, 88
, 34
, 152
, 129
, 57
, 64
, 122
, 13
, 173
, 20
, 166
, 5
, 181
, 2
, 184
, 116
, 70
, 42
, 144
, 7
, 179
, 107
, 79
, 84
, 102
, 7
, 179
, 111
, 75
, 180
, 6
, 81
, 105
, 40
, 146
, 160
, 26
, 41
, 145
, 50
, 136
, 26
, 160
, 76
, 110
, 22
, 164
, 77
, 109
, 63
, 123
, 81
, 105
, 4
, 182
, 141
, 45
, 77
, 109
, 154
, 32
, 130
, 56
, 11
, 175
, 65
, 121
, 58
, 128
, 7
, 179
, 88
, 98
, 65
, 121
, 170
, 16
, 96
, 90
, 177
, 9
, 23
, 163
, 149
, 37
, 184
, 2
, 8
, 178
, 18
, 168
, 52
, 134
, 156
, 30
, 93
, 93
, 146
, 40
, 71
, 115
, 60
, 126
, 169
, 17
, 152
, 34
, 68
, 118
, 44
, 142
, 93
, 93
, 15
, 171
, 35
, 151
, 178
, 8
, 105
, 81
, 134
, 52
, 59
, 127
, 21
, 165
, 145
, 41
, 97
, 89
, 148
, 38
, 139
, 47
, 77
, 109
, 181
, 5
, 19
, 167
, 96
, 90
, 51
, 135
, 177
, 9
, 141
, 45
, 52
, 134
, 6
, 180
, 36
, 150
, 148
, 38
, 37
, 149
, 86
, 100
, 35
, 151
, 130
, 56
, 126
, 60
, 44
, 142
, 4
, 182
, 172
, 14
, 159
, 27
, 53
, 133
, 103
, 83
, 178
, 8
, 173
, 13
, 125
, 61
, 48
, 138
, 182
, 4
, 31
, 155
, 11
, 175
, 80
, 106
, 114
, 72
, 143
, 43
, 146
, 40
, 104
, 82
, 43
, 143
, 167
, 19
, 35
, 151
, 164
, 22
, 63
, 123
, 160
, 26
, 183
, 3
, 63
, 123
, 177
, 9
, 10
, 176
, 34
, 152
, 28
, 158
, 146
, 40
, 87
, 99
, 49
, 137
, 73
, 113
, 152
, 34
, 18
, 168
, 64
, 122
, 30
, 156
, 95
, 91
, 21
, 165
, 56
, 130
, 59
, 127
, 181
, 5
, 167
, 19
, 182
, 4
, 34
, 152
, 136
, 50
, 23
, 163
, 26
, 160
, 94
, 92
, 98
, 88
, 53
, 133
, 69
, 117
, 118
, 68
, 28
, 158
, 127
, 59
, 29
, 157
, 122
, 64
, 165
, 21
, 25
, 161
, 16
, 170
, 148
, 38
, 67
, 119
, 155
, 31
, 112
, 74
, 33
, 153
, 175
, 11
, 53
, 133
, 11
, 175
, 48
, 138
, 123
, 63
, 96
, 90
, 163
, 23
, 72
, 114
, 84
, 102
, 100
, 86
, 51
, 135
, 136
, 50
, 50
, 136
, 46
, 140
, 85
, 101
, 77
, 109
, 149
, 37
, 159
, 27
, 101
, 85
, 138
, 48
, 93
, 93
, 29
, 157
, 12
, 174
, 175
, 11
, 136
, 50
, 92
, 94
, 42
, 144
, 23
, 163
, 94
, 92
, 57
, 129
, 138
, 48
, 113
, 73
, 84
, 102
, 53
, 133
, 49
, 137
, 128
, 58
, 15
, 171
, 87
, 99
, 34
, 152
, 147
, 39
, 2
, 184
, 11
, 175
, 119
, 67
, 135
, 51
, 38
, 148
, 166
, 20
, 138
, 48
, 102
, 84
, 159
, 27
, 28
, 158
, 66
, 120
, 44
, 142
, 142
, 44
, 46
, 140
, 38
, 148
, 65
, 121
, 87
, 99
, 45
, 141
, 43
, 143
, 93
, 93
, 123
, 63
, 120
, 66
, 180
, 6
, 123
, 63
, 66
, 120
, 129
, 57
, 110
, 76
, 150
, 36
, 71
, 115
, 25
, 161
, 104
, 82
, 144
, 42
, 2
, 184
, 136
, 50
, 26
, 160
, 100
, 86
, 88
, 98
, 175
, 11
, 131
, 55
, 45
, 141
, 8
, 178
, 15
, 171
, 171
, 15
, 64
, 122
, 66
, 120
, 77
, 109
, 134
, 52
, 115
, 71
, 33
, 153
, 152
, 34
, 84
, 102
, 33
, 153
, 23
, 163
, 177
, 9
, 146
, 40
, 133
, 53
, 82
, 104
, 179
, 7
, 67
, 119
, 60
, 126
, 124
, 62
, 53
, 133
, 39
, 147
, 78
, 108
, 48
, 138
, 150
, 36
, 167
, 19
, 103
, 83
, 134
, 52
, 166
, 20
, 37
, 149
, 121
, 65
, 50
, 136
, 118
, 68
, 121
, 65
, 37
, 149
, 173
, 13
, 153
, 33
, 36
, 150
, 52
, 134
, 54
, 132
, 141
, 45
, 156
, 30
, 134
, 52
, 183
, 3
, 131
, 55
, 90
, 96
, 16
, 170
, 9
, 177
, 184
, 2
, 109
, 77
, 114
, 72
, 82
, 104
, 30
, 156
, 37
, 149
, 80
, 106
, 158
, 28
, 74
, 112
, 142
, 44
, 18
, 168
, 84
, 102
, 9
, 177
, 135
, 51
, 46
, 140
, 15
, 171
, 123
, 63
, 167
, 19
, 99
, 87
, 70
, 116
, 156
, 30
, 14
, 172
, 65
, 121
, 103
, 83
, 178
, 8
, 84
, 102
, 155
, 31
, 131
, 55
, 49
, 137
, 78
, 108
, 63
, 123
, 124
, 62
, 24
, 162
, 129
, 57
, 71
, 115
, 97
, 89
, 50
, 136
, 153
, 33
, 180
, 6
, 50
, 136
, 33
, 153
, 68
, 118
, 172
, 14
, 83
, 103
, 164
, 22
, 4
, 182
, 87
, 99
, 124
, 62
, 155
, 31
, 10
, 176
, 90
, 96
, 24
, 162
, 5
, 181
, 18
, 168
, 34
, 152
, 27
, 159
, 58
, 128
, 169
, 17
, 144
, 42
, 33
, 153
, 21
, 165
, 70
, 116
, 179
, 7
, 23
, 163
, 15
, 171
, 159
, 27
, 168
, 18
, 104
, 82
, 92
, 94
, 95
, 91
, 157
, 29
, 118
, 68
, 164
, 22
, 160
, 26
, 149
, 37
, 63
, 123
, 32
, 154
, 87
, 99
, 93
, 93
, 70
, 116
, 13
, 173
, 172
, 14
, 147
, 39
, 132
, 54
, 56
, 130
, 88
, 98
, 138
, 48
, 149
, 37
, 168
, 18
, 43
, 143
, 96
, 90
, 104
, 82
, 10
, 176
, 33
, 153
, 36
, 150
, 81
, 105
, 150
, 36
, 88
, 98
, 50
, 136
, 177
, 9
, 26
, 160
, 28
, 158
, 35
, 151
, 39
, 147
, 54
, 132
, 183
, 3
, 160
, 26
, 130
, 56
, 77
, 109
, 112
, 74
, 22
, 164
, 49
, 137
, 5
, 181
, 80
, 106
, 130
, 56
, 110
, 76
, 148
, 38
, 144
, 42
, 2
, 184
, 117
, 69
, 82
, 104
, 135
, 51
, 116
, 70
, 21
, 165
, 170
, 16
, 156
, 30
, 19
, 167
, 81
, 105
, 21
, 165
, 105
, 81
, 134
, 52
, 179
, 7
, 15
, 171
, 135
, 51
, 181
, 5
, 77
, 109
, 139
, 47
, 62
, 124
, 43
, 143
, 140
, 46
, 32
, 154
, 83
, 103
, 37
, 149
, 51
, 135
, 18
, 168
, 152
, 34
, 78
, 108
, 35
, 151
, 148
, 38
, 181
, 5
, 173
, 13
, 110
, 76
, 86
, 100
, 91
, 95
, 129
, 57
, 1
, 185
, 67
, 119
, 150
, 36
, 55
, 131
, 46
, 140
, 109
, 77
, 71
, 115
, 102
, 84
, 182
, 4
, 79
, 107
, 83
, 103
, 67
, 119
, 84
, 102
, 4
, 182
, 73
, 113
, 74
, 112
, 177
, 9
, 48
, 138
, 119
, 67
, 8
, 178
, 26
, 160
, 120
, 66
, 172
, 14
, 165
, 21
, 120
, 66
, 10
, 176
, 145
, 41
, 45
, 141
, 121
, 65
, 121
, 65
, 110
, 76
, 53
, 133
, 69
, 117
, 133
, 53
, 125
, 61
, 7
, 179
, 160
, 26
, 105
, 81
, 59
, 127
, 181
, 5
, 32
, 154
