
461
, 22
, 6
, 18
, 10
, 13
, 15
, 1
, 27
, 19
, 9
, 5
, 23
, 1
, 27
, 17
, 11
, 22
, 6
, 16
, 12
, 21
, 7
, 16
, 12
, 1
, 27
, 1
, 27
, 5
, 23
, 16
, 12
, 12
, 16
, 6
, 22
, 17
, 11
, 16
, 12
, 7
, 21
, 25
, 3
, 2
, 26
, 3
, 25
, 23
, 5
, 5
, 23
, 24
, 4
, 5
, 23
, 21
, 7
, 25
, 3
, 22
, 6
, 4
, 24
, 8
, 20
, 22
, 6
, 23
, 5
, 19
, 9
, 12
, 16
, 25
, 3
, 23
, 5
, 2
, 26
, 5
, 23
, 23
, 5
, 8
, 20
, 22
, 6
, 8
, 20
, 18
, 10
, 4
, 24
, 4
, 24
, 26
, 2
, 7
, 21
, 20
, 8
, 8
, 20
, 11
, 17
, 12
, 16
, 18
, 10
, 7
, 21
, 6
, 22
, 8
, 20
, 26
, 2
, 11
, 17
, 7
, 21
, 17
, 11
, 25
, 3
, 1
, 27
, 24
, 4
, 8
, 20
, 15
, 13
, 15
, 13
, 13
, 15
, 13
, 15
, 26
, 2
, 11
, 17
, 1
, 27
, 7
, 21
, 5
, 23
, 20
, 8
, 19
, 9
, 11
, 17
, 16
, 12
, 5
, 23
, 3
, 25
, 17
, 11
, 19
, 9
, 16
, 12
, 16
, 12
, 26
, 2
, 5
, 23
, 26
, 2
, 4
, 24
, 10
, 18
, 20
, 8
, 11
, 17
, 22
, 6
, 21
, 7
, 6
, 22
, 4
, 24
, 25
, 3
, 15
, 13
, 14
, 14
, 4
, 24
, 16
, 12
, 16
, 12
, 20
, 8
, 6
, 22
, 5
, 23
, 11
, 17
, 22
, 6
, 21
, 7
, 7
, 21
, 10
, 18
, 4
, 24
, 14
, 14
, 11
, 17
, 14
, 14
, 10
, 18
, 16
, 12
, 2
, 26
, 1
, 27
, 4
, 24
, 2
, 26
, 5
, 23
, 6
, 22
, 20
, 8
, 20
, 8
, 1
, 27
, 19
, 9
, 8
, 20
, 2
, 26
, 11
, 17
, 14
, 14
, 20
, 8
, 6
, 22
, 11
, 17
, 6
, 22
, 7
, 21
, 13
, 15
, 25
, 3
, 11
, 17
, 15
, 13
, 22
, 6
, 3
, 25
, 6
, 22
, 21
, 7
, 25
, 3
, 2
, 26
, 16
, 12
, 14
, 14
, 12
, 16
, 25
, 3
, 16
, 12
, 15
, 13
, 22
, 6
, 8
, 20
, 5
, 23
, 7
, 21
, 16
, 12
, 17
, 11
, 26
, 2
, 25
, 3
, 23
, 5
, 1
, 27
, 6
, 22
, 11
, 17
, 18
, 10
, 19
, 9
, 20
, 8
, 14
, 14
, 8
, 20
, 6
, 22
, 16
, 12
, 16
, 12
, 17
, 11
, 14
, 14
, 11
, 17
, 10
, 18
, 16
, 12
, 21
, 7
, 5
, 23
, 22
, 6
, 15
, 13
, 2
, 26
, 26
, 2
, 15
, 13
, 25
, 3
, 9
, 19
, 4
, 24
, 14
, 14
, 5
, 23
, 1
, 27
, 24
, 4
, 26
, 2
, 14
, 14
, 7
, 21
, 3
, 25
, 19
, 9
, 6
, 22
, 24
, 4
, 21
, 7
, 11
, 17
, 1
, 27
, 11
, 17
, 9
, 19
, 7
, 21
, 18
, 10
, 21
, 7
, 15
, 13
, 21
, 7
, 6
, 22
, 8
, 20
, 18
, 10
, 19
, 9
, 6
, 22
, 11
, 17
, 15
, 13
, 1
, 27
, 1
, 27
, 23
, 5
, 22
, 6
, 14
, 14
, 10
, 18
, 26
, 2
, 1
, 27
, 3
, 25
, 3
, 25
, 20
, 8
, 20
, 8
, 11
, 17
, 3
, 25
, 12
, 16
, 25
, 3
, 4
, 24
, 19
, 9
, 26
, 2
, 16
, 12
, 22
, 6
, 17
, 11
, 2
, 26
, 4
, 24
, 17
, 11
, 7
, 21
, 21
, 7
, 22
, 6
, 22
, 6
, 23
, 5
, 20
, 8
, 9
, 19
, 25
, 3
, 21
, 7
, 15
, 13
, 12
, 16
, 11
, 17
, 3
, 25
, 1
, 27
, 22
, 6
, 11
, 17
, 10
, 18
, 17
, 11
, 6
, 22
, 24
, 4
, 8
, 20
, 1
, 27
, 12
, 16
, 9
, 19
, 23
, 5
, 11
, 17
, 17
, 11
, 24
, 4
, 4
, 24
, 26
, 2
, 23
, 5
, 1
, 27
, 3
, 25
, 19
, 9
, 10
, 18
, 7
, 21
, 16
, 12
, 2
, 26
, 17
, 11
, 1
, 27
, 24
, 4
, 22
, 6
, 15
, 13
, 6
, 22
, 7
, 21
, 26
, 2
, 1
, 27
, 26
, 2
, 21
, 7
, 9
, 19
, 15
, 13
, 13
, 15
, 10
, 18
, 17
, 11
, 2
, 26
, 3
, 25
, 2
, 26
, 19
, 9
, 26
, 2
, 4
, 24
, 11
, 17
, 3
, 25
, 25
, 3
, 8
, 20
, 17
, 11
, 25
, 3
, 7
, 21
, 6
, 22
, 2
, 26
, 2
, 26
, 2
, 26
, 26
, 2
, 3
, 25
, 14
, 14
, 7
, 21
, 8
, 20
, 18
, 10
, 8
, 20
, 13
, 15
, 14
, 14
, 13
, 15
, 17
, 11
, 12
, 16
, 21
, 7
, 3
, 25
, 21
, 7
, 11
, 17
, 19
, 9
, 19
, 9
, 19
, 9
, 17
, 11
, 9
, 19
, 9
, 19
, 9
, 19
, 17
, 11
, 10
, 18
, 11
, 17
, 7
, 21
, 2
, 26
, 23
, 5
, 3
, 25
, 9
, 19
, 9
, 19
, 9
, 19
, 1
, 27
, 11
, 17
, 18
, 10
, 5
, 23
, 20
, 8
, 10
, 18
, 6
, 22
, 4
, 24
, 2
, 26
, 19
, 9
, 20
, 8
, 12
, 16
, 13
, 15
, 4
, 24
, 11
, 17
, 20
, 8
, 11
, 17
, 6
, 22
, 13
, 15
, 22
, 6
, 9
, 19
, 4
, 24
, 22
, 6
, 12
, 16
, 15
, 13
, 7
, 21
, 11
, 17
, 4
, 24
, 4
, 24
, 14
, 14
, 5
, 23
, 26
, 2
, 1
, 27
, 18
, 10
, 7
, 21
, 20
, 8
, 6
, 22
, 18
, 10
, 5
, 23
, 24
, 4
, 23
, 5
, 18
, 10
, 17
, 11
, 9
, 19
, 1
, 27
, 13
, 15
, 14
, 14
, 9
, 19
, 9
, 19
, 15
, 13
, 7
, 21
, 10
, 18
, 23
, 5
, 21
, 7
, 7
, 21
, 12
, 16
, 1
, 27
, 3
, 25
, 10
, 18
, 6
, 22
, 22
, 6
, 17
, 11
, 24
, 4
, 2
, 26
, 23
, 5
, 24
, 4
, 13
, 15
, 15
, 13
, 4
, 24
, 18
, 10
, 7
, 21
, 9
, 19
, 24
, 4
, 23
, 5
, 5
, 23
, 22
, 6
, 24
, 4
, 21
, 7
, 11
, 17
, 18
, 10
, 14
, 14
, 12
, 16
, 16
, 12
, 20
, 8
, 26
, 2
, 22
, 6
, 3
, 25
, 9
, 19
, 24
, 4
, 6
, 22
, 7
, 21
, 3
, 25
, 14
, 14
, 14
, 14
, 21
, 7
, 11
, 17
, 5
, 23
, 21
, 7
, 12
, 16
, 5
, 23
, 20
, 8
, 22
, 6
, 7
, 21
, 17
, 11
, 7
, 21
, 9
, 19
, 11
, 17
, 23
, 5
, 4
, 24
, 15
, 13
, 5
, 23
, 13
, 15
, 10
, 18
, 20
, 8
, 26
, 2
, 9
, 19
, 18
, 10
, 13
, 15
