
46
, 24
, 228
, 199
, 53
, 205
, 47
, 239
, 13
, 166
, 86
, 33
, 219
, 149
, 103
, 5
, 247
, 7
, 245
, 74
, 178
, 45
, 207
, 181
, 71
, 112
, 140
, 237
, 15
, 201
, 51
, 37
, 215
, 174
, 78
, 44
, 208
, 230
, 22
, 70
, 182
, 15
, 237
, 97
, 155
, 42
, 210
, 234
, 18
, 214
, 38
, 45
, 207
, 223
, 29
, 150
, 102
, 107
, 145
, 129
, 123
, 145
, 107
, 44
, 208
, 94
, 158
, 79
, 173
, 237
, 15
, 65
, 187
, 82
, 170
, 138
, 114
, 189
, 63
, 45
, 207
, 227
, 25
, 81
, 171
, 158
, 94
, 29
, 223
, 44
, 208
, 21
, 231
