
4700
, 143
, 50
, 154
, 39
, 144
, 49
, 124
, 69
, 15
, 178
, 153
, 40
, 68
, 125
, 1
, 192
, 24
, 169
, 121
, 72
, 86
, 107
, 151
, 42
, 152
, 41
, 98
, 95
, 109
, 84
, 35
, 158
, 78
, 115
, 86
, 107
, 132
, 61
, 145
, 48
, 80
, 113
, 104
, 89
, 57
, 136
, 42
, 151
, 16
, 177
, 51
, 142
, 6
, 187
, 102
, 91
, 69
, 124
, 190
, 3
, 123
, 70
, 75
, 118
, 81
, 112
, 121
, 72
, 152
, 41
, 11
, 182
, 36
, 157
, 80
, 113
, 63
, 130
, 111
, 82
, 175
, 18
, 142
, 51
, 24
, 169
, 37
, 156
, 188
, 5
, 126
, 67
, 58
, 135
, 49
, 144
, 179
, 14
, 18
, 175
, 24
, 169
, 184
, 9
, 29
, 164
, 13
, 180
, 140
, 53
, 18
, 175
, 114
, 79
, 16
, 177
, 94
, 99
, 4
, 189
, 41
, 152
, 29
, 164
, 159
, 34
, 191
, 2
, 115
, 78
, 42
, 151
, 61
, 132
, 145
, 48
, 100
, 93
, 122
, 71
, 11
, 182
, 40
, 153
, 144
, 49
, 74
, 119
, 114
, 79
, 38
, 155
, 129
, 64
, 38
, 155
, 164
, 29
, 64
, 129
, 130
, 63
, 139
, 54
, 149
, 44
, 150
, 43
, 65
, 128
, 51
, 142
, 181
, 12
, 116
, 77
, 4
, 189
, 23
, 170
, 26
, 167
, 161
, 32
, 136
, 57
, 13
, 180
, 188
, 5
, 9
, 184
, 33
, 160
, 72
, 121
, 149
, 44
, 80
, 113
, 20
, 173
, 30
, 163
, 38
, 155
, 95
, 98
, 7
, 186
, 101
, 92
, 171
, 22
, 146
, 47
, 122
, 71
, 190
, 3
, 74
, 119
, 89
, 104
, 34
, 159
, 91
, 102
, 111
, 82
, 65
, 128
, 66
, 127
, 141
, 52
, 172
, 21
, 129
, 64
, 136
, 57
, 104
, 89
, 180
, 13
, 113
, 80
, 151
, 42
, 34
, 159
, 123
, 70
, 73
, 120
, 145
, 48
, 93
, 100
, 55
, 138
, 53
, 140
, 48
, 145
, 141
, 52
, 98
, 95
, 59
, 134
, 7
, 186
, 25
, 168
, 5
, 188
, 70
, 123
, 121
, 72
, 68
, 125
, 172
, 21
, 142
, 51
, 90
, 103
, 23
, 170
, 92
, 101
, 136
, 57
, 56
, 137
, 2
, 191
, 37
, 156
, 154
, 39
, 119
, 74
, 4
, 189
, 42
, 151
, 41
, 152
, 94
, 99
, 75
, 118
, 26
, 167
, 149
, 44
, 50
, 143
, 173
, 20
, 31
, 162
, 181
, 12
, 175
, 18
, 29
, 164
, 136
, 57
, 83
, 110
, 125
, 68
, 75
, 118
, 50
, 143
, 175
, 18
, 77
, 116
, 101
, 92
, 191
, 2
, 109
, 84
, 39
, 154
, 108
, 85
, 174
, 19
, 172
, 21
, 22
, 171
, 70
, 123
, 15
, 178
, 53
, 140
, 12
, 181
, 68
, 125
, 8
, 185
, 95
, 98
, 113
, 80
, 146
, 47
, 102
, 91
, 132
, 61
, 101
, 92
, 6
, 187
, 99
, 94
, 132
, 61
, 70
, 123
, 127
, 66
, 164
, 29
, 184
, 9
, 23
, 170
, 145
, 48
, 166
, 27
, 72
, 121
, 165
, 28
, 167
, 26
, 185
, 8
, 188
, 5
, 183
, 10
, 31
, 162
, 38
, 155
, 25
, 168
, 146
, 47
, 186
, 7
, 20
, 173
, 84
, 109
, 168
, 25
, 140
, 53
, 181
, 12
, 98
, 95
, 151
, 42
, 57
, 136
, 68
, 125
, 11
, 182
, 37
, 156
, 126
, 67
, 121
, 72
, 66
, 127
, 142
, 51
, 17
, 176
, 95
, 98
, 19
, 174
, 22
, 171
, 101
, 92
, 65
, 128
, 100
, 93
, 40
, 153
, 108
, 85
, 64
, 129
, 87
, 106
, 90
, 103
, 75
, 118
, 62
, 131
, 33
, 160
, 74
, 119
, 98
, 95
, 189
, 4
, 126
, 67
, 44
, 149
, 9
, 184
, 10
, 183
, 90
, 103
, 15
, 178
, 125
, 68
, 82
, 111
, 21
, 172
, 106
, 87
, 68
, 125
, 66
, 127
, 140
, 53
, 116
, 77
, 140
, 53
, 106
, 87
, 150
, 43
, 72
, 121
, 144
, 49
, 35
, 158
, 114
, 79
, 67
, 126
, 113
, 80
, 86
, 107
, 188
, 5
, 132
, 61
, 64
, 129
, 140
, 53
, 102
, 91
, 125
, 68
, 3
, 190
, 53
, 140
, 125
, 68
, 31
, 162
, 139
, 54
, 134
, 59
, 92
, 101
, 181
, 12
, 76
, 117
, 127
, 66
, 179
, 14
, 70
, 123
, 166
, 27
, 109
, 84
, 42
, 151
, 73
, 120
, 141
, 52
, 151
, 42
, 84
, 109
, 20
, 173
, 32
, 161
, 1
, 192
, 174
, 19
, 138
, 55
, 9
, 184
, 4
, 189
, 35
, 158
, 35
, 158
, 96
, 97
, 47
, 146
, 69
, 124
, 58
, 135
, 47
, 146
, 79
, 114
, 140
, 53
, 125
, 68
, 170
, 23
, 62
, 131
, 122
, 71
, 101
, 92
, 186
, 7
, 69
, 124
, 149
, 44
, 112
, 81
, 39
, 154
, 26
, 167
, 139
, 54
, 6
, 187
, 171
, 22
, 115
, 78
, 13
, 180
, 169
, 24
, 42
, 151
, 21
, 172
, 191
, 2
, 129
, 64
, 52
, 141
, 175
, 18
, 111
, 82
, 179
, 14
, 160
, 33
, 144
, 49
, 191
, 2
, 39
, 154
, 116
, 77
, 115
, 78
, 65
, 128
, 37
, 156
, 3
, 190
, 180
, 13
, 8
, 185
, 56
, 137
, 116
, 77
, 43
, 150
, 156
, 37
, 51
, 142
, 90
, 103
, 45
, 148
, 36
, 157
, 124
, 69
, 61
, 132
, 151
, 42
, 16
, 177
, 139
, 54
, 60
, 133
, 113
, 80
, 55
, 138
, 110
, 83
, 30
, 163
, 41
, 152
, 81
, 112
, 188
, 5
, 92
, 101
, 137
, 56
, 22
, 171
, 40
, 153
, 151
, 42
, 136
, 57
, 97
, 96
, 184
, 9
, 82
, 111
, 11
, 182
, 116
, 77
, 70
, 123
, 3
, 190
, 51
, 142
, 188
, 5
, 80
, 113
, 169
, 24
, 146
, 47
, 165
, 28
, 24
, 169
, 115
, 78
, 36
, 157
, 10
, 183
, 76
, 117
, 70
, 123
, 9
, 184
, 155
, 38
, 35
, 158
, 80
, 113
, 97
, 96
, 26
, 167
, 63
, 130
, 135
, 58
, 106
, 87
, 76
, 117
, 19
, 174
, 3
, 190
, 188
, 5
, 146
, 47
, 124
, 69
, 156
, 37
, 120
, 73
, 40
, 153
, 64
, 129
, 125
, 68
, 143
, 50
, 119
, 74
, 53
, 140
, 70
, 123
, 176
, 17
, 17
, 176
, 2
, 191
, 56
, 137
, 29
, 164
, 19
, 174
, 31
, 162
, 63
, 130
, 43
, 150
, 132
, 61
, 42
, 151
, 8
, 185
, 125
, 68
, 29
, 164
, 130
, 63
, 59
, 134
, 73
, 120
, 51
, 142
, 77
, 116
, 124
, 69
, 136
, 57
, 70
, 123
, 158
, 35
, 21
, 172
, 12
, 181
, 169
, 24
, 19
, 174
, 38
, 155
, 38
, 155
, 127
, 66
, 133
, 60
, 148
, 45
, 5
, 188
, 37
, 156
, 40
, 153
, 35
, 158
, 179
, 14
, 79
, 114
, 163
, 30
, 190
, 3
, 5
, 188
, 16
, 177
, 82
, 111
, 88
, 105
, 32
, 161
, 172
, 21
, 174
, 19
, 97
, 96
, 59
, 134
, 85
, 108
, 179
, 14
, 84
, 109
, 181
, 12
, 62
, 131
, 138
, 55
, 174
, 19
, 182
, 11
, 76
, 117
, 132
, 61
, 23
, 170
, 167
, 26
, 111
, 82
, 148
, 45
, 3
, 190
, 167
, 26
, 82
, 111
, 128
, 65
, 87
, 106
, 71
, 122
, 65
, 128
, 189
, 4
, 148
, 45
, 133
, 60
, 157
, 36
, 106
, 87
, 132
, 61
, 40
, 153
, 86
, 107
, 9
, 184
, 183
, 10
, 83
, 110
, 162
, 31
, 14
, 179
, 17
, 176
, 1
, 192
, 96
, 97
, 86
, 107
, 54
, 139
, 138
, 55
, 190
, 3
, 177
, 16
, 165
, 28
, 102
, 91
, 9
, 184
, 25
, 168
, 89
, 104
, 3
, 190
, 174
, 19
, 83
, 110
, 171
, 22
, 120
, 73
, 40
, 153
, 135
, 58
, 146
, 47
, 121
, 72
, 87
, 106
, 177
, 16
, 47
, 146
, 123
, 70
, 90
, 103
, 137
, 56
, 52
, 141
, 111
, 82
, 154
, 39
, 4
, 189
, 103
, 90
, 147
, 46
, 119
, 74
, 148
, 45
, 101
, 92
, 31
, 162
, 165
, 28
, 124
, 69
, 112
, 81
, 109
, 84
, 85
, 108
, 1
, 192
, 163
, 30
, 26
, 167
, 28
, 165
, 191
, 2
, 116
, 77
, 147
, 46
, 104
, 89
, 155
, 38
, 180
, 13
, 166
, 27
, 131
, 62
, 134
, 59
, 147
, 46
, 139
, 54
, 147
, 46
, 126
, 67
, 74
, 119
, 90
, 103
, 89
, 104
, 103
, 90
, 186
, 7
, 172
, 21
, 142
, 51
, 164
, 29
, 54
, 139
, 134
, 59
, 183
, 10
, 5
, 188
, 70
, 123
, 166
, 27
, 188
, 5
, 70
, 123
, 48
, 145
, 72
, 121
, 137
, 56
, 11
, 182
, 53
, 140
, 59
, 134
, 87
, 106
, 182
, 11
, 94
, 99
, 132
, 61
, 13
, 180
, 117
, 76
, 118
, 75
, 15
, 178
, 59
, 134
, 170
, 23
, 10
, 183
, 172
, 21
, 133
, 60
, 93
, 100
, 165
, 28
, 96
, 97
, 30
, 163
, 164
, 29
, 78
, 115
, 2
, 191
, 69
, 124
, 10
, 183
, 92
, 101
, 187
, 6
, 86
, 107
, 184
, 9
, 60
, 133
, 184
, 9
, 68
, 125
, 6
, 187
, 188
, 5
, 77
, 116
, 177
, 16
, 32
, 161
, 7
, 186
, 46
, 147
, 31
, 162
, 91
, 102
, 125
, 68
, 76
, 117
, 89
, 104
, 49
, 144
, 151
, 42
, 32
, 161
, 85
, 108
, 95
, 98
, 56
, 137
, 68
, 125
, 174
, 19
, 11
, 182
, 15
, 178
, 42
, 151
, 141
, 52
, 121
, 72
, 43
, 150
, 187
, 6
, 111
, 82
, 156
, 37
, 40
, 153
, 104
, 89
, 83
, 110
, 37
, 156
, 70
, 123
, 119
, 74
, 138
, 55
, 113
, 80
, 27
, 166
, 56
, 137
, 63
, 130
, 134
, 59
, 91
, 102
, 174
, 19
, 90
, 103
, 46
, 147
, 162
, 31
, 47
, 146
, 91
, 102
, 175
, 18
, 189
, 4
, 95
, 98
, 135
, 58
, 14
, 179
, 189
, 4
, 120
, 73
, 60
, 133
, 92
, 101
, 163
, 30
, 132
, 61
, 21
, 172
, 69
, 124
, 23
, 170
, 47
, 146
, 88
, 105
, 15
, 178
, 6
, 187
, 65
, 128
, 33
, 160
, 190
, 3
, 59
, 134
, 2
, 191
, 36
, 157
, 65
, 128
, 120
, 73
, 53
, 140
, 169
, 24
, 78
, 115
, 45
, 148
, 46
, 147
, 110
, 83
, 143
, 50
, 102
, 91
, 41
, 152
, 111
, 82
, 17
, 176
, 25
, 168
, 149
, 44
, 107
, 86
, 104
, 89
, 60
, 133
, 100
, 93
, 184
, 9
, 130
, 63
, 126
, 67
, 184
, 9
, 57
, 136
, 96
, 97
, 144
, 49
, 85
, 108
, 186
, 7
, 157
, 36
, 137
, 56
, 98
, 95
, 2
, 191
, 80
, 113
, 182
, 11
, 32
, 161
, 67
, 126
, 104
, 89
, 147
, 46
, 140
, 53
, 67
, 126
, 27
, 166
, 158
, 35
, 118
, 75
, 151
, 42
, 161
, 32
, 149
, 44
, 114
, 79
, 177
, 16
, 178
, 15
, 127
, 66
, 54
, 139
, 44
, 149
, 168
, 25
, 85
, 108
, 46
, 147
, 175
, 18
, 55
, 138
, 55
, 138
, 89
, 104
, 16
, 177
, 39
, 154
, 175
, 18
, 123
, 70
, 167
, 26
, 61
, 132
, 107
, 86
, 59
, 134
, 23
, 170
, 97
, 96
, 21
, 172
, 188
, 5
, 167
, 26
, 58
, 135
, 132
, 61
, 145
, 48
, 157
, 36
, 75
, 118
, 16
, 177
, 191
, 2
, 174
, 19
, 78
, 115
, 173
, 20
, 36
, 157
, 26
, 167
, 18
, 175
, 30
, 163
, 10
, 183
, 61
, 132
, 163
, 30
, 121
, 72
, 141
, 52
, 145
, 48
, 35
, 158
, 25
, 168
, 19
, 174
, 38
, 155
, 149
, 44
, 111
, 82
, 61
, 132
, 103
, 90
, 50
, 143
, 29
, 164
, 131
, 62
, 145
, 48
, 111
, 82
, 76
, 117
, 133
, 60
, 70
, 123
, 159
, 34
, 152
, 41
, 189
, 4
, 93
, 100
, 120
, 73
, 178
, 15
, 3
, 190
, 96
, 97
, 171
, 22
, 59
, 134
, 29
, 164
, 188
, 5
, 71
, 122
, 95
, 98
, 147
, 46
, 78
, 115
, 48
, 145
, 47
, 146
, 24
, 169
, 90
, 103
, 17
, 176
, 151
, 42
, 64
, 129
, 1
, 192
, 74
, 119
, 140
, 53
, 130
, 63
, 2
, 191
, 77
, 116
, 16
, 177
, 10
, 183
, 29
, 164
, 34
, 159
, 19
, 174
, 173
, 20
, 77
, 116
, 155
, 38
, 165
, 28
, 92
, 101
, 118
, 75
, 24
, 169
, 56
, 137
, 7
, 186
, 17
, 176
, 146
, 47
, 185
, 8
, 152
, 41
, 191
, 2
, 147
, 46
, 86
, 107
, 10
, 183
, 91
, 102
, 82
, 111
, 186
, 7
, 107
, 86
, 118
, 75
, 191
, 2
, 16
, 177
, 7
, 186
, 177
, 16
, 35
, 158
, 28
, 165
, 146
, 47
, 30
, 163
, 37
, 156
, 104
, 89
, 53
, 140
, 177
, 16
, 186
, 7
, 94
, 99
, 181
, 12
, 108
, 85
, 78
, 115
, 120
, 73
, 71
, 122
, 112
, 81
, 40
, 153
, 157
, 36
, 7
, 186
, 107
, 86
, 126
, 67
, 150
, 43
, 162
, 31
, 51
, 142
, 93
, 100
, 28
, 165
, 124
, 69
, 116
, 77
, 86
, 107
, 133
, 60
, 180
, 13
, 61
, 132
, 144
, 49
, 105
, 88
, 143
, 50
, 41
, 152
, 159
, 34
, 187
, 6
, 17
, 176
, 21
, 172
, 146
, 47
, 58
, 135
, 112
, 81
, 100
, 93
, 182
, 11
, 96
, 97
, 134
, 59
, 68
, 125
, 82
, 111
, 118
, 75
, 27
, 166
, 45
, 148
, 117
, 76
, 121
, 72
, 190
, 3
, 141
, 52
, 98
, 95
, 80
, 113
, 45
, 148
, 131
, 62
, 151
, 42
, 80
, 113
, 136
, 57
, 127
, 66
, 175
, 18
, 141
, 52
, 59
, 134
, 145
, 48
, 40
, 153
, 116
, 77
, 78
, 115
, 9
, 184
, 148
, 45
, 109
, 84
, 59
, 134
, 46
, 147
, 36
, 157
, 151
, 42
, 67
, 126
, 182
, 11
, 186
, 7
, 83
, 110
, 144
, 49
, 35
, 158
, 95
, 98
, 183
, 10
, 68
, 125
, 19
, 174
, 185
, 8
, 79
, 114
, 59
, 134
, 105
, 88
, 16
, 177
, 178
, 15
, 86
, 107
, 163
, 30
, 88
, 105
, 115
, 78
, 113
, 80
, 149
, 44
, 97
, 96
, 117
, 76
, 106
, 87
, 143
, 50
, 58
, 135
, 101
, 92
, 104
, 89
, 95
, 98
, 183
, 10
, 19
, 174
, 112
, 81
, 188
, 5
, 143
, 50
, 42
, 151
, 96
, 97
, 174
, 19
, 112
, 81
, 8
, 185
, 26
, 167
, 9
, 184
, 102
, 91
, 53
, 140
, 41
, 152
, 17
, 176
, 51
, 142
, 96
, 97
, 109
, 84
, 156
, 37
, 146
, 47
, 18
, 175
, 191
, 2
, 113
, 80
, 126
, 67
, 54
, 139
, 58
, 135
, 33
, 160
, 149
, 44
, 110
, 83
, 111
, 82
, 111
, 82
, 82
, 111
, 17
, 176
, 150
, 43
, 30
, 163
, 26
, 167
, 69
, 124
, 190
, 3
, 12
, 181
, 84
, 109
, 181
, 12
, 47
, 146
, 130
, 63
, 158
, 35
, 41
, 152
, 88
, 105
, 9
, 184
, 175
, 18
, 137
, 56
, 56
, 137
, 136
, 57
, 75
, 118
, 76
, 117
, 5
, 188
, 38
, 155
, 84
, 109
, 21
, 172
, 100
, 93
, 40
, 153
, 187
, 6
, 46
, 147
, 31
, 162
, 183
, 10
, 30
, 163
, 58
, 135
, 47
, 146
, 161
, 32
, 108
, 85
, 78
, 115
, 180
, 13
, 96
, 97
, 123
, 70
, 27
, 166
, 10
, 183
, 163
, 30
, 167
, 26
, 124
, 69
, 68
, 125
, 129
, 64
, 53
, 140
, 166
, 27
, 70
, 123
, 74
, 119
, 58
, 135
, 50
, 143
, 117
, 76
, 93
, 100
, 169
, 24
, 29
, 164
, 120
, 73
, 168
, 25
, 124
, 69
, 52
, 141
, 31
, 162
, 7
, 186
, 6
, 187
, 26
, 167
, 155
, 38
, 173
, 20
, 61
, 132
, 128
, 65
, 77
, 116
, 151
, 42
, 81
, 112
, 47
, 146
, 76
, 117
, 47
, 146
, 116
, 77
, 113
, 80
, 6
, 187
, 167
, 26
, 105
, 88
, 61
, 132
, 41
, 152
, 165
, 28
, 129
, 64
, 172
, 21
, 121
, 72
, 147
, 46
, 19
, 174
, 8
, 185
, 53
, 140
, 166
, 27
, 29
, 164
, 188
, 5
, 105
, 88
, 8
, 185
, 35
, 158
, 166
, 27
, 127
, 66
, 86
, 107
, 3
, 190
, 60
, 133
, 165
, 28
, 49
, 144
, 98
, 95
, 87
, 106
, 140
, 53
, 37
, 156
, 105
, 88
, 62
, 131
, 46
, 147
, 38
, 155
, 11
, 182
, 68
, 125
, 80
, 113
, 55
, 138
, 178
, 15
, 56
, 137
, 41
, 152
, 156
, 37
, 91
, 102
, 183
, 10
, 161
, 32
, 23
, 170
, 94
, 99
, 16
, 177
, 160
, 33
, 6
, 187
, 37
, 156
, 123
, 70
, 73
, 120
, 16
, 177
, 190
, 3
, 94
, 99
, 57
, 136
, 187
, 6
, 132
, 61
, 51
, 142
, 116
, 77
, 125
, 68
, 80
, 113
, 70
, 123
, 92
, 101
, 71
, 122
, 25
, 168
, 125
, 68
, 147
, 46
, 14
, 179
, 44
, 149
, 42
, 151
, 92
, 101
, 26
, 167
, 47
, 146
, 4
, 189
, 152
, 41
, 84
, 109
, 141
, 52
, 170
, 23
, 55
, 138
, 16
, 177
, 35
, 158
, 158
, 35
, 111
, 82
, 129
, 64
, 36
, 157
, 163
, 30
, 150
, 43
, 99
, 94
, 189
, 4
, 98
, 95
, 136
, 57
, 112
, 81
, 14
, 179
, 167
, 26
, 6
, 187
, 11
, 182
, 116
, 77
, 128
, 65
, 156
, 37
, 9
, 184
, 172
, 21
, 135
, 58
, 103
, 90
, 46
, 147
, 60
, 133
, 25
, 168
, 61
, 132
, 52
, 141
, 84
, 109
, 43
, 150
, 182
, 11
, 53
, 140
, 36
, 157
, 123
, 70
, 118
, 75
, 158
, 35
, 185
, 8
, 187
, 6
, 18
, 175
, 106
, 87
, 150
, 43
, 118
, 75
, 32
, 161
, 160
, 33
, 153
, 40
, 173
, 20
, 141
, 52
, 5
, 188
, 62
, 131
, 80
, 113
, 17
, 176
, 102
, 91
, 16
, 177
, 25
, 168
, 42
, 151
, 181
, 12
, 59
, 134
, 120
, 73
, 174
, 19
, 116
, 77
, 42
, 151
, 25
, 168
, 46
, 147
, 153
, 40
, 52
, 141
, 178
, 15
, 1
, 192
, 161
, 32
, 43
, 150
, 45
, 148
, 50
, 143
, 25
, 168
, 120
, 73
, 146
, 47
, 44
, 149
, 173
, 20
, 109
, 84
, 24
, 169
, 152
, 41
, 22
, 171
, 39
, 154
, 70
, 123
, 147
, 46
, 159
, 34
, 164
, 29
, 114
, 79
, 137
, 56
, 176
, 17
, 140
, 53
, 70
, 123
, 22
, 171
, 108
, 85
, 183
, 10
, 40
, 153
, 154
, 39
, 18
, 175
, 64
, 129
, 78
, 115
, 104
, 89
, 56
, 137
, 33
, 160
, 185
, 8
, 68
, 125
, 121
, 72
, 81
, 112
, 135
, 58
, 177
, 16
, 7
, 186
, 180
, 13
, 39
, 154
, 19
, 174
, 152
, 41
, 59
, 134
, 174
, 19
, 103
, 90
, 12
, 181
, 85
, 108
, 27
, 166
, 41
, 152
, 100
, 93
, 121
, 72
, 92
, 101
, 159
, 34
, 64
, 129
, 55
, 138
, 116
, 77
, 19
, 174
, 118
, 75
, 49
, 144
, 116
, 77
, 131
, 62
, 168
, 25
, 148
, 45
, 28
, 165
, 137
, 56
, 177
, 16
, 125
, 68
, 118
, 75
, 84
, 109
, 151
, 42
, 150
, 43
, 161
, 32
, 161
, 32
, 143
, 50
, 47
, 146
, 104
, 89
, 39
, 154
, 122
, 71
, 59
, 134
, 95
, 98
, 113
, 80
, 183
, 10
, 55
, 138
, 62
, 131
, 138
, 55
, 134
, 59
, 140
, 53
, 150
, 43
, 191
, 2
, 69
, 124
, 104
, 89
, 176
, 17
, 157
, 36
, 115
, 78
, 134
, 59
, 46
, 147
, 55
, 138
, 102
, 91
, 142
, 51
, 183
, 10
, 150
, 43
, 149
, 44
, 114
, 79
, 85
, 108
, 184
, 9
, 184
, 9
, 81
, 112
, 113
, 80
, 143
, 50
, 125
, 68
, 153
, 40
, 31
, 162
, 9
, 184
, 122
, 71
, 164
, 29
, 180
, 13
, 127
, 66
, 183
, 10
, 49
, 144
, 31
, 162
, 26
, 167
, 80
, 113
, 170
, 23
, 174
, 19
, 178
, 15
, 80
, 113
, 187
, 6
, 23
, 170
, 133
, 60
, 106
, 87
, 74
, 119
, 19
, 174
, 58
, 135
, 95
, 98
, 188
, 5
, 135
, 58
, 100
, 93
, 15
, 178
, 124
, 69
, 93
, 100
, 67
, 126
, 141
, 52
, 24
, 169
, 38
, 155
, 90
, 103
, 114
, 79
, 133
, 60
, 107
, 86
, 189
, 4
, 159
, 34
, 83
, 110
, 86
, 107
, 156
, 37
, 95
, 98
, 169
, 24
, 88
, 105
, 132
, 61
, 54
, 139
, 91
, 102
, 142
, 51
, 65
, 128
, 23
, 170
, 148
, 45
, 92
, 101
, 88
, 105
, 142
, 51
, 92
, 101
, 152
, 41
, 100
, 93
, 91
, 102
, 146
, 47
, 37
, 156
, 118
, 75
, 95
, 98
, 23
, 170
, 179
, 14
, 43
, 150
, 113
, 80
, 26
, 167
, 142
, 51
, 97
, 96
, 62
, 131
, 19
, 174
, 52
, 141
, 62
, 131
, 103
, 90
, 162
, 31
, 91
, 102
, 155
, 38
, 14
, 179
, 145
, 48
, 131
, 62
, 98
, 95
, 43
, 150
, 84
, 109
, 136
, 57
, 73
, 120
, 38
, 155
, 7
, 186
, 182
, 11
, 31
, 162
, 51
, 142
, 142
, 51
, 104
, 89
, 92
, 101
, 177
, 16
, 143
, 50
, 96
, 97
, 181
, 12
, 67
, 126
, 17
, 176
, 175
, 18
, 62
, 131
, 79
, 114
, 151
, 42
, 163
, 30
, 62
, 131
, 70
, 123
, 179
, 14
, 135
, 58
, 160
, 33
, 110
, 83
, 187
, 6
, 173
, 20
, 160
, 33
, 129
, 64
, 95
, 98
, 161
, 32
, 48
, 145
, 71
, 122
, 86
, 107
, 121
, 72
, 176
, 17
, 162
, 31
, 150
, 43
, 85
, 108
, 98
, 95
, 109
, 84
, 96
, 97
, 99
, 94
, 79
, 114
, 36
, 157
, 49
, 144
, 149
, 44
, 73
, 120
, 183
, 10
, 33
, 160
, 117
, 76
, 149
, 44
, 101
, 92
, 12
, 181
, 168
, 25
, 108
, 85
, 153
, 40
, 150
, 43
, 101
, 92
, 155
, 38
, 177
, 16
, 8
, 185
, 133
, 60
, 74
, 119
, 166
, 27
, 48
, 145
, 101
, 92
, 150
, 43
, 48
, 145
, 166
, 27
, 138
, 55
, 77
, 116
, 172
, 21
, 17
, 176
, 14
, 179
, 64
, 129
, 127
, 66
, 140
, 53
, 182
, 11
, 14
, 179
, 142
, 51
, 112
, 81
, 164
, 29
, 53
, 140
, 52
, 141
, 184
, 9
, 23
, 170
, 35
, 158
, 75
, 118
, 113
, 80
, 94
, 99
, 15
, 178
, 52
, 141
, 147
, 46
, 129
, 64
, 14
, 179
, 157
, 36
, 93
, 100
, 87
, 106
, 108
, 85
, 131
, 62
, 81
, 112
, 15
, 178
, 178
, 15
, 153
, 40
, 50
, 143
, 12
, 181
, 49
, 144
, 74
, 119
, 146
, 47
, 161
, 32
, 48
, 145
, 145
, 48
, 164
, 29
, 169
, 24
, 96
, 97
, 97
, 96
, 167
, 26
, 76
, 117
, 7
, 186
, 129
, 64
, 37
, 156
, 99
, 94
, 153
, 40
, 170
, 23
, 75
, 118
, 104
, 89
, 148
, 45
, 31
, 162
, 67
, 126
, 37
, 156
, 90
, 103
, 40
, 153
, 23
, 170
, 187
, 6
, 70
, 123
, 84
, 109
, 114
, 79
, 125
, 68
, 56
, 137
, 156
, 37
, 80
, 113
, 173
, 20
, 85
, 108
, 48
, 145
, 66
, 127
, 168
, 25
, 171
, 22
, 62
, 131
, 160
, 33
, 177
, 16
, 161
, 32
, 47
, 146
, 36
, 157
, 54
, 139
, 62
, 131
, 125
, 68
, 162
, 31
, 67
, 126
, 82
, 111
, 149
, 44
, 10
, 183
, 168
, 25
, 133
, 60
, 25
, 168
, 140
, 53
, 41
, 152
, 121
, 72
, 29
, 164
, 167
, 26
, 2
, 191
, 165
, 28
, 174
, 19
, 156
, 37
, 52
, 141
, 64
, 129
, 82
, 111
, 52
, 141
, 181
, 12
, 140
, 53
, 64
, 129
, 161
, 32
, 165
, 28
, 138
, 55
, 68
, 125
, 128
, 65
, 26
, 167
, 190
, 3
, 63
, 130
, 16
, 177
, 191
, 2
, 57
, 136
, 152
, 41
, 91
, 102
, 18
, 175
, 80
, 113
, 166
, 27
, 12
, 181
, 142
, 51
, 113
, 80
, 11
, 182
, 157
, 36
, 38
, 155
, 73
, 120
, 80
, 113
, 189
, 4
, 32
, 161
, 61
, 132
, 162
, 31
, 173
, 20
, 18
, 175
, 23
, 170
, 47
, 146
, 70
, 123
, 124
, 69
, 160
, 33
, 65
, 128
, 48
, 145
, 141
, 52
, 149
, 44
, 8
, 185
, 176
, 17
, 119
, 74
, 38
, 155
, 133
, 60
, 118
, 75
, 132
, 61
, 125
, 68
, 6
, 187
, 4
, 189
, 147
, 46
, 92
, 101
, 154
, 39
, 32
, 161
, 34
, 159
, 109
, 84
, 181
, 12
, 105
, 88
, 176
, 17
, 42
, 151
, 124
, 69
, 82
, 111
, 11
, 182
, 70
, 123
, 51
, 142
, 32
, 161
, 186
, 7
, 32
, 161
, 36
, 157
, 44
, 149
, 74
, 119
, 179
, 14
, 144
, 49
, 6
, 187
, 140
, 53
, 147
, 46
, 42
, 151
, 15
, 178
, 93
, 100
, 28
, 165
, 126
, 67
, 104
, 89
, 175
, 18
, 118
, 75
, 60
, 133
, 2
, 191
, 167
, 26
, 15
, 178
, 133
, 60
, 19
, 174
, 180
, 13
, 81
, 112
, 84
, 109
, 85
, 108
, 156
, 37
, 122
, 71
, 43
, 150
, 167
, 26
, 177
, 16
, 16
, 177
, 178
, 15
, 191
, 2
, 3
, 190
, 166
, 27
, 2
, 191
, 125
, 68
, 93
, 100
, 191
, 2
, 9
, 184
, 11
, 182
, 112
, 81
, 111
, 82
, 49
, 144
, 74
, 119
, 28
, 165
, 180
, 13
, 88
, 105
, 26
, 167
, 92
, 101
, 170
, 23
, 65
, 128
, 149
, 44
, 131
, 62
, 148
, 45
, 85
, 108
, 23
, 170
, 191
, 2
, 5
, 188
, 130
, 63
, 93
, 100
, 25
, 168
, 39
, 154
, 105
, 88
, 51
, 142
, 80
, 113
, 36
, 157
, 138
, 55
, 66
, 127
, 158
, 35
, 155
, 38
, 184
, 9
, 145
, 48
, 5
, 188
, 62
, 131
, 113
, 80
, 129
, 64
, 138
, 55
, 122
, 71
, 130
, 63
, 171
, 22
, 10
, 183
, 190
, 3
, 123
, 70
, 101
, 92
, 160
, 33
, 136
, 57
, 162
, 31
, 79
, 114
, 24
, 169
, 56
, 137
, 58
, 135
, 135
, 58
, 140
, 53
, 139
, 54
, 145
, 48
, 83
, 110
, 133
, 60
, 75
, 118
, 3
, 190
, 86
, 107
, 160
, 33
, 75
, 118
, 50
, 143
, 177
, 16
, 23
, 170
, 93
, 100
, 131
, 62
, 181
, 12
, 158
, 35
, 140
, 53
, 12
, 181
, 66
, 127
, 178
, 15
, 179
, 14
, 142
, 51
, 34
, 159
, 117
, 76
, 38
, 155
, 127
, 66
, 191
, 2
, 57
, 136
, 56
, 137
, 158
, 35
, 151
, 42
, 94
, 99
, 67
, 126
, 112
, 81
, 143
, 50
, 166
, 27
, 137
, 56
, 138
, 55
, 96
, 97
, 149
, 44
, 126
, 67
, 148
, 45
, 92
, 101
, 93
, 100
, 25
, 168
, 140
, 53
, 189
, 4
, 104
, 89
, 86
, 107
, 160
, 33
, 105
, 88
, 119
, 74
, 169
, 24
, 98
, 95
, 25
, 168
, 37
, 156
, 32
, 161
, 90
, 103
, 147
, 46
, 9
, 184
, 72
, 121
, 100
, 93
, 153
, 40
, 80
, 113
, 89
, 104
, 151
, 42
, 101
, 92
, 30
, 163
, 160
, 33
, 3
, 190
, 173
, 20
, 26
, 167
, 181
, 12
, 23
, 170
, 112
, 81
, 45
, 148
, 61
, 132
, 113
, 80
, 35
, 158
, 131
, 62
, 107
, 86
, 98
, 95
, 12
, 181
, 109
, 84
, 27
, 166
, 178
, 15
, 52
, 141
, 20
, 173
, 132
, 61
, 142
, 51
, 186
, 7
, 53
, 140
, 17
, 176
, 12
, 181
, 159
, 34
, 4
, 189
, 169
, 24
, 56
, 137
, 60
, 133
, 79
, 114
, 188
, 5
, 182
, 11
, 86
, 107
, 183
, 10
, 169
, 24
, 136
, 57
, 31
, 162
, 35
, 158
, 79
, 114
, 174
, 19
, 140
, 53
, 8
, 185
, 120
, 73
, 31
, 162
, 102
, 91
, 111
, 82
, 3
, 190
, 111
, 82
, 63
, 130
, 78
, 115
, 148
, 45
, 169
, 24
, 11
, 182
, 31
, 162
, 45
, 148
, 113
, 80
, 26
, 167
, 136
, 57
, 77
, 116
, 133
, 60
, 146
, 47
, 187
, 6
, 157
, 36
, 54
, 139
, 14
, 179
, 143
, 50
, 57
, 136
, 20
, 173
, 58
, 135
, 126
, 67
, 19
, 174
, 61
, 132
, 109
, 84
, 69
, 124
, 52
, 141
, 132
, 61
, 1
, 192
, 58
, 135
, 140
, 53
, 177
, 16
, 34
, 159
, 48
, 145
, 74
, 119
, 138
, 55
, 86
, 107
, 31
, 162
, 26
, 167
, 73
, 120
, 12
, 181
, 21
, 172
, 23
, 170
, 71
, 122
, 67
, 126
, 122
, 71
, 146
, 47
, 162
, 31
, 72
, 121
, 33
, 160
, 127
, 66
, 11
, 182
, 188
, 5
, 174
, 19
, 54
, 139
, 179
, 14
, 56
, 137
, 17
, 176
, 156
, 37
, 69
, 124
, 38
, 155
, 60
, 133
, 182
, 11
, 163
, 30
, 42
, 151
, 71
, 122
, 35
, 158
, 164
, 29
, 26
, 167
, 15
, 178
, 165
, 28
, 60
, 133
, 164
, 29
, 100
, 93
, 141
, 52
, 41
, 152
, 187
, 6
, 125
, 68
, 38
, 155
, 5
, 188
, 177
, 16
, 174
, 19
, 151
, 42
, 146
, 47
, 57
, 136
, 102
, 91
, 190
, 3
, 84
, 109
, 149
, 44
, 130
, 63
, 34
, 159
, 92
, 101
, 50
, 143
, 93
, 100
, 89
, 104
, 168
, 25
, 35
, 158
, 174
, 19
, 54
, 139
, 169
, 24
, 49
, 144
, 102
, 91
, 102
, 91
, 148
, 45
, 180
, 13
, 36
, 157
, 77
, 116
, 81
, 112
, 108
, 85
, 24
, 169
, 142
, 51
, 99
, 94
, 40
, 153
, 115
, 78
, 83
, 110
, 130
, 63
, 134
, 59
, 139
, 54
, 113
, 80
, 72
, 121
, 126
, 67
, 51
, 142
, 169
, 24
, 48
, 145
, 150
, 43
, 150
, 43
, 63
, 130
, 53
, 140
, 169
, 24
, 84
, 109
, 31
, 162
, 65
, 128
, 20
, 173
, 162
, 31
, 5
, 188
, 23
, 170
, 172
, 21
, 36
, 157
, 184
, 9
, 148
, 45
, 139
, 54
, 183
, 10
, 81
, 112
, 85
, 108
, 123
, 70
, 174
, 19
, 54
, 139
, 127
, 66
, 92
, 101
, 89
, 104
, 84
, 109
, 35
, 158
, 94
, 99
, 176
, 17
, 174
, 19
, 164
, 29
, 48
, 145
, 22
, 171
, 166
, 27
, 106
, 87
, 57
, 136
, 138
, 55
, 97
, 96
, 113
, 80
, 21
, 172
, 43
, 150
, 103
, 90
, 36
, 157
, 51
, 142
, 109
, 84
, 18
, 175
, 146
, 47
, 30
, 163
, 160
, 33
, 135
, 58
, 134
, 59
, 111
, 82
, 166
, 27
, 9
, 184
, 124
, 69
, 21
, 172
, 49
, 144
, 176
, 17
, 113
, 80
, 92
, 101
, 37
, 156
, 133
, 60
, 87
, 106
, 128
, 65
, 171
, 22
, 20
, 173
, 38
, 155
, 140
, 53
, 163
, 30
, 37
, 156
, 190
, 3
, 85
, 108
, 136
, 57
, 25
, 168
, 107
, 86
, 53
, 140
, 177
, 16
, 97
, 96
, 180
, 13
, 69
, 124
, 103
, 90
, 144
, 49
, 171
, 22
, 171
, 22
, 11
, 182
, 167
, 26
, 101
, 92
, 44
, 149
, 163
, 30
, 137
, 56
, 119
, 74
, 24
, 169
, 138
, 55
, 105
, 88
, 93
, 100
, 73
, 120
, 11
, 182
, 39
, 154
, 89
, 104
, 65
, 128
, 35
, 158
, 89
, 104
, 44
, 149
, 142
, 51
, 6
, 187
, 51
, 142
, 26
, 167
, 7
, 186
, 69
, 124
, 130
, 63
, 58
, 135
, 40
, 153
, 19
, 174
, 15
, 178
, 58
, 135
, 126
, 67
, 79
, 114
, 57
, 136
, 99
, 94
, 54
, 139
, 60
, 133
, 21
, 172
, 19
, 174
, 80
, 113
, 38
, 155
, 14
, 179
, 166
, 27
, 164
, 29
, 144
, 49
, 72
, 121
, 6
, 187
, 38
, 155
, 96
, 97
, 25
, 168
, 8
, 185
, 115
, 78
, 33
, 160
, 178
, 15
, 111
, 82
, 12
, 181
, 118
, 75
, 96
, 97
, 63
, 130
, 116
, 77
, 120
, 73
, 82
, 111
, 144
, 49
, 3
, 190
, 64
, 129
, 58
, 135
, 38
, 155
, 157
, 36
, 73
, 120
, 177
, 16
, 14
, 179
, 43
, 150
, 117
, 76
, 1
, 192
, 38
, 155
, 117
, 76
, 27
, 166
, 53
, 140
, 25
, 168
, 4
, 189
, 103
, 90
, 190
, 3
, 48
, 145
, 173
, 20
, 62
, 131
, 165
, 28
, 70
, 123
, 51
, 142
, 104
, 89
, 41
, 152
, 43
, 150
, 145
, 48
, 132
, 61
, 48
, 145
, 70
, 123
, 10
, 183
, 153
, 40
, 178
, 15
, 32
, 161
, 178
, 15
, 96
, 97
, 111
, 82
, 161
, 32
, 179
, 14
, 158
, 35
, 28
, 165
, 165
, 28
, 19
, 174
, 41
, 152
, 42
, 151
, 61
, 132
, 18
, 175
, 132
, 61
, 102
, 91
, 189
, 4
, 16
, 177
, 149
, 44
, 94
, 99
, 111
, 82
, 135
, 58
, 69
, 124
, 94
, 99
, 95
, 98
, 134
, 59
, 158
, 35
, 165
, 28
, 149
, 44
, 47
, 146
, 188
, 5
, 32
, 161
, 27
, 166
, 4
, 189
, 18
, 175
, 71
, 122
, 175
, 18
, 82
, 111
, 191
, 2
, 132
, 61
, 86
, 107
, 105
, 88
, 104
, 89
, 66
, 127
, 102
, 91
, 76
, 117
, 23
, 170
, 98
, 95
, 61
, 132
, 114
, 79
, 52
, 141
, 133
, 60
, 154
, 39
, 26
, 167
, 111
, 82
, 104
, 89
, 109
, 84
, 138
, 55
, 44
, 149
, 146
, 47
, 58
, 135
, 52
, 141
, 36
, 157
, 176
, 17
, 110
, 83
, 29
, 164
, 185
, 8
, 131
, 62
, 67
, 126
, 118
, 75
, 168
, 25
, 133
, 60
, 150
, 43
, 17
, 176
, 150
, 43
, 105
, 88
, 76
, 117
, 68
, 125
, 167
, 26
, 11
, 182
, 9
, 184
, 158
, 35
, 166
, 27
, 24
, 169
, 36
, 157
, 120
, 73
, 101
, 92
, 95
, 98
, 123
, 70
, 97
, 96
, 20
, 173
, 13
, 180
, 177
, 16
, 135
, 58
, 19
, 174
, 61
, 132
, 107
, 86
, 106
, 87
, 153
, 40
, 178
, 15
, 89
, 104
, 139
, 54
, 58
, 135
, 132
, 61
, 190
, 3
, 136
, 57
, 4
, 189
, 60
, 133
, 160
, 33
, 72
, 121
, 159
, 34
, 7
, 186
, 175
, 18
, 55
, 138
, 161
, 32
, 61
, 132
, 126
, 67
, 74
, 119
, 138
, 55
, 35
, 158
, 159
, 34
, 190
, 3
, 90
, 103
, 112
, 81
, 42
, 151
, 117
, 76
, 105
, 88
, 98
, 95
, 167
, 26
, 33
, 160
, 182
, 11
, 113
, 80
, 141
, 52
, 163
, 30
, 184
, 9
, 145
, 48
, 12
, 181
, 49
, 144
, 138
, 55
, 29
, 164
, 130
, 63
, 15
, 178
, 140
, 53
, 185
, 8
, 147
, 46
, 23
, 170
, 7
, 186
, 68
, 125
, 183
, 10
, 190
, 3
, 95
, 98
, 178
, 15
, 34
, 159
, 150
, 43
, 154
, 39
, 54
, 139
, 191
, 2
, 183
, 10
, 116
, 77
, 15
, 178
, 81
, 112
, 8
, 185
, 130
, 63
, 2
, 191
, 22
, 171
, 140
, 53
, 141
, 52
, 107
, 86
, 99
, 94
, 124
, 69
, 56
, 137
, 136
, 57
, 123
, 70
, 57
, 136
, 160
, 33
, 145
, 48
, 189
, 4
, 38
, 155
, 42
, 151
, 100
, 93
, 160
, 33
, 93
, 100
, 11
, 182
, 169
, 24
, 38
, 155
, 79
, 114
, 75
, 118
, 36
, 157
, 71
, 122
, 57
, 136
, 52
, 141
, 150
, 43
, 46
, 147
, 62
, 131
, 171
, 22
, 175
, 18
, 176
, 17
, 53
, 140
, 113
, 80
, 102
, 91
, 162
, 31
, 100
, 93
, 99
, 94
, 28
, 165
, 190
, 3
, 147
, 46
, 162
, 31
, 60
, 133
, 78
, 115
, 189
, 4
, 38
, 155
, 16
, 177
, 56
, 137
, 88
, 105
, 169
, 24
, 37
, 156
, 166
, 27
, 73
, 120
, 50
, 143
, 137
, 56
, 67
, 126
, 18
, 175
, 123
, 70
, 152
, 41
, 119
, 74
, 40
, 153
, 36
, 157
, 129
, 64
, 82
, 111
, 113
, 80
, 79
, 114
, 60
, 133
, 119
, 74
, 40
, 153
, 130
, 63
, 120
, 73
, 113
, 80
, 101
, 92
, 87
, 106
, 178
, 15
, 31
, 162
, 64
, 129
, 96
, 97
, 114
, 79
, 55
, 138
, 46
, 147
, 13
, 180
, 142
, 51
, 167
, 26
, 94
, 99
, 25
, 168
, 60
, 133
, 190
, 3
, 30
, 163
, 111
, 82
, 175
, 18
, 159
, 34
, 144
, 49
, 48
, 145
, 87
, 106
, 163
, 30
, 78
, 115
, 35
, 158
, 154
, 39
, 38
, 155
, 13
, 180
, 170
, 23
, 164
, 29
, 31
, 162
, 64
, 129
, 93
, 100
, 81
, 112
, 104
, 89
, 13
, 180
, 2
, 191
, 21
, 172
, 176
, 17
, 138
, 55
, 70
, 123
, 108
, 85
, 72
, 121
, 83
, 110
, 174
, 19
, 131
, 62
, 130
, 63
, 62
, 131
, 1
, 192
, 171
, 22
, 103
, 90
, 2
, 191
, 166
, 27
, 22
, 171
, 187
, 6
, 96
, 97
, 100
, 93
, 13
, 180
, 185
, 8
, 1
, 192
, 137
, 56
, 75
, 118
, 72
, 121
, 26
, 167
, 163
, 30
, 14
, 179
, 44
, 149
, 124
, 69
, 60
, 133
, 57
, 136
, 149
, 44
, 153
, 40
, 77
, 116
, 45
, 148
, 188
, 5
, 46
, 147
, 53
, 140
, 77
, 116
, 73
, 120
, 91
, 102
, 87
, 106
, 100
, 93
, 17
, 176
, 43
, 150
, 139
, 54
, 105
, 88
, 175
, 18
, 95
, 98
, 81
, 112
, 159
, 34
, 32
, 161
, 128
, 65
, 90
, 103
, 38
, 155
, 92
, 101
, 161
, 32
, 169
, 24
, 140
, 53
, 50
, 143
, 65
, 128
, 186
, 7
, 106
, 87
, 180
, 13
, 56
, 137
, 72
, 121
, 98
, 95
, 191
, 2
, 39
, 154
, 51
, 142
, 189
, 4
, 5
, 188
, 89
, 104
, 139
, 54
, 72
, 121
, 85
, 108
, 33
, 160
, 53
, 140
, 9
, 184
, 185
, 8
, 23
, 170
, 59
, 134
, 41
, 152
, 93
, 100
, 163
, 30
, 72
, 121
, 127
, 66
, 82
, 111
, 70
, 123
, 24
, 169
, 184
, 9
, 77
, 116
, 83
, 110
, 180
, 13
, 189
, 4
, 186
, 7
, 175
, 18
, 24
, 169
, 38
, 155
, 180
, 13
, 51
, 142
, 178
, 15
, 26
, 167
, 89
, 104
, 152
, 41
, 150
, 43
, 50
, 143
, 106
, 87
, 18
, 175
, 182
, 11
, 155
, 38
, 76
, 117
, 163
, 30
, 15
, 178
, 112
, 81
, 62
, 131
, 23
, 170
, 144
, 49
, 101
, 92
, 161
, 32
, 184
, 9
, 186
, 7
, 136
, 57
, 86
, 107
, 95
, 98
, 171
, 22
, 82
, 111
, 51
, 142
, 33
, 160
, 146
, 47
, 111
, 82
, 34
, 159
, 120
, 73
, 122
, 71
, 4
, 189
, 48
, 145
, 176
, 17
, 40
, 153
, 5
, 188
, 111
, 82
, 112
, 81
, 47
, 146
, 168
, 25
, 143
, 50
, 169
, 24
, 15
, 178
, 86
, 107
, 28
, 165
, 31
, 162
, 3
, 190
, 34
, 159
, 18
, 175
, 29
, 164
, 14
, 179
, 102
, 91
, 182
, 11
, 116
, 77
, 31
, 162
, 18
, 175
, 64
, 129
, 167
, 26
, 93
, 100
, 12
, 181
, 162
, 31
, 9
, 184
, 69
, 124
, 35
, 158
, 65
, 128
, 62
, 131
, 52
, 141
, 65
, 128
, 106
, 87
, 24
, 169
, 83
, 110
, 76
, 117
, 114
, 79
, 52
, 141
, 94
, 99
, 159
, 34
, 123
, 70
, 108
, 85
, 59
, 134
, 115
, 78
, 99
, 94
, 77
, 116
, 133
, 60
, 33
, 160
, 24
, 169
, 20
, 173
, 105
, 88
, 39
, 154
, 102
, 91
, 62
, 131
, 172
, 21
, 1
, 192
, 30
, 163
, 179
, 14
, 96
, 97
, 62
, 131
, 183
, 10
, 46
, 147
, 69
, 124
, 175
, 18
, 154
, 39
, 153
, 40
, 166
, 27
, 10
, 183
, 99
, 94
, 153
, 40
, 147
, 46
, 33
, 160
, 83
, 110
, 170
, 23
, 160
, 33
, 92
, 101
, 148
, 45
, 118
, 75
, 64
, 129
, 45
, 148
, 131
, 62
, 25
, 168
, 19
, 174
, 34
, 159
, 96
, 97
, 25
, 168
, 62
, 131
, 116
, 77
, 84
, 109
, 80
, 113
, 170
, 23
, 139
, 54
, 80
, 113
, 90
, 103
, 40
, 153
, 120
, 73
, 34
, 159
, 164
, 29
, 130
, 63
, 131
, 62
, 11
, 182
, 39
, 154
, 62
, 131
, 125
, 68
, 82
, 111
, 57
, 136
, 50
, 143
, 148
, 45
, 17
, 176
, 68
, 125
, 183
, 10
, 180
, 13
, 86
, 107
, 175
, 18
, 15
, 178
, 158
, 35
, 59
, 134
, 91
, 102
, 46
, 147
, 10
, 183
, 88
, 105
, 79
, 114
, 184
, 9
, 117
, 76
, 34
, 159
, 82
, 111
, 30
, 163
, 51
, 142
, 116
, 77
, 116
, 77
, 103
, 90
, 171
, 22
, 145
, 48
, 90
, 103
, 95
, 98
, 124
, 69
, 115
, 78
, 120
, 73
, 9
, 184
, 184
, 9
, 129
, 64
, 61
, 132
, 15
, 178
, 116
, 77
, 10
, 183
, 69
, 124
, 48
, 145
, 146
, 47
, 136
, 57
, 191
, 2
, 152
, 41
, 58
, 135
, 132
, 61
, 104
, 89
, 42
, 151
, 104
, 89
, 146
, 47
, 59
, 134
, 148
, 45
, 133
, 60
, 106
, 87
, 53
, 140
, 157
, 36
, 37
, 156
, 38
, 155
, 72
, 121
, 173
, 20
, 124
, 69
, 173
, 20
, 137
, 56
, 185
, 8
, 11
, 182
, 40
, 153
, 18
, 175
, 78
, 115
, 28
, 165
, 188
, 5
, 161
, 32
, 100
, 93
, 65
, 128
, 63
, 130
, 35
, 158
, 21
, 172
, 33
, 160
, 9
, 184
, 91
, 102
, 52
, 141
, 118
, 75
, 97
, 96
, 77
, 116
, 102
, 91
, 174
, 19
, 88
, 105
, 112
, 81
, 155
, 38
, 166
, 27
, 158
, 35
, 101
, 92
, 105
, 88
, 160
, 33
, 156
, 37
, 10
, 183
, 39
, 154
, 77
, 116
, 168
, 25
, 178
, 15
, 155
, 38
, 131
, 62
, 153
, 40
, 34
, 159
, 43
, 150
, 82
, 111
, 67
, 126
, 152
, 41
, 35
, 158
, 61
, 132
, 49
, 144
, 59
, 134
, 117
, 76
, 59
, 134
, 64
, 129
, 47
, 146
, 122
, 71
, 88
, 105
, 140
, 53
, 167
, 26
, 18
, 175
, 89
, 104
, 77
, 116
, 186
, 7
, 9
, 184
, 124
, 69
, 117
, 76
, 28
, 165
, 78
, 115
, 94
, 99
, 117
, 76
, 26
, 167
, 112
, 81
, 173
, 20
, 31
, 162
, 41
, 152
, 151
, 42
, 183
, 10
, 146
, 47
, 185
, 8
, 134
, 59
, 111
, 82
, 33
, 160
, 34
, 159
, 43
, 150
, 4
, 189
, 151
, 42
, 168
, 25
, 113
, 80
, 17
, 176
, 117
, 76
, 112
, 81
, 111
, 82
, 176
, 17
, 50
, 143
, 41
, 152
, 147
, 46
, 67
, 126
, 89
, 104
, 87
, 106
, 2
, 191
, 82
, 111
, 111
, 82
, 3
, 190
, 67
, 126
, 146
, 47
, 79
, 114
, 53
, 140
, 146
, 47
, 168
, 25
, 30
, 163
, 135
, 58
, 154
, 39
, 136
, 57
, 41
, 152
, 53
, 140
, 114
, 79
, 33
, 160
, 185
, 8
, 71
, 122
, 147
, 46
, 28
, 165
, 75
, 118
, 181
, 12
, 112
, 81
, 165
, 28
, 26
, 167
, 141
, 52
, 61
, 132
, 28
, 165
, 91
, 102
, 38
, 155
, 156
, 37
, 42
, 151
, 156
, 37
, 105
, 88
, 165
, 28
, 87
, 106
, 48
, 145
, 177
, 16
, 19
, 174
, 79
, 114
, 169
, 24
, 28
, 165
, 38
, 155
, 81
, 112
, 60
, 133
, 106
, 87
, 85
, 108
, 95
, 98
, 31
, 162
, 74
, 119
, 17
, 176
, 173
, 20
, 97
, 96
, 150
, 43
, 107
, 86
, 20
, 173
, 170
, 23
, 88
, 105
, 55
, 138
, 45
, 148
, 130
, 63
, 68
, 125
, 113
, 80
, 65
, 128
, 142
, 51
, 121
, 72
, 116
, 77
, 159
, 34
, 106
, 87
, 177
, 16
, 186
, 7
, 146
, 47
, 79
, 114
, 64
, 129
, 154
, 39
, 80
, 113
, 167
, 26
, 36
, 157
, 92
, 101
, 166
, 27
, 11
, 182
, 123
, 70
, 15
, 178
, 58
, 135
, 24
, 169
, 90
, 103
, 46
, 147
, 185
, 8
, 14
, 179
, 156
, 37
, 83
, 110
, 103
, 90
, 49
, 144
, 107
, 86
, 76
, 117
, 143
, 50
, 169
, 24
, 2
, 191
, 180
, 13
, 13
, 180
, 33
, 160
, 70
, 123
, 18
, 175
, 190
, 3
, 61
, 132
, 5
, 188
, 43
, 150
, 172
, 21
, 26
, 167
, 30
, 163
, 165
, 28
, 90
, 103
, 174
, 19
, 75
, 118
, 164
, 29
, 39
, 154
, 112
, 81
, 108
, 85
, 29
, 164
, 79
, 114
, 42
, 151
, 62
, 131
, 118
, 75
, 66
, 127
, 141
, 52
, 73
, 120
, 80
, 113
, 12
, 181
, 181
, 12
, 92
, 101
, 73
, 120
, 142
, 51
, 102
, 91
, 155
, 38
, 15
, 178
, 87
, 106
, 36
, 157
, 34
, 159
, 116
, 77
, 76
, 117
, 33
, 160
, 128
, 65
, 112
, 81
, 27
, 166
, 80
, 113
, 21
, 172
, 86
, 107
, 149
, 44
, 136
, 57
, 80
, 113
, 174
, 19
, 189
, 4
, 151
, 42
, 47
, 146
, 108
, 85
, 138
, 55
, 70
, 123
, 108
, 85
, 162
, 31
, 132
, 61
, 50
, 143
, 37
, 156
, 79
, 114
, 31
, 162
, 88
, 105
, 39
, 154
, 69
, 124
, 29
, 164
, 25
, 168
, 14
, 179
, 28
, 165
, 120
, 73
, 50
, 143
, 90
, 103
, 61
, 132
, 69
, 124
, 148
, 45
, 136
, 57
, 153
, 40
, 39
, 154
, 98
, 95
, 156
, 37
, 30
, 163
, 56
, 137
, 92
, 101
, 25
, 168
, 87
, 106
, 1
, 192
, 76
, 117
, 162
, 31
, 45
, 148
, 108
, 85
, 116
, 77
, 187
, 6
, 88
, 105
, 5
, 188
, 106
, 87
, 37
, 156
, 100
, 93
, 101
, 92
, 105
, 88
, 77
, 116
, 188
, 5
, 109
, 84
, 142
, 51
, 64
, 129
, 183
, 10
, 45
, 148
, 154
, 39
, 182
, 11
, 39
, 154
, 140
, 53
, 36
, 157
, 47
, 146
, 76
, 117
, 105
, 88
, 36
, 157
, 181
, 12
, 180
, 13
, 191
, 2
, 108
, 85
, 134
, 59
, 145
, 48
, 178
, 15
, 87
, 106
, 130
, 63
, 161
, 32
, 71
, 122
, 89
, 104
, 19
, 174
, 130
, 63
, 132
, 61
, 19
, 174
, 179
, 14
, 172
, 21
, 51
, 142
, 9
, 184
, 63
, 130
, 79
, 114
, 73
, 120
, 123
, 70
, 62
, 131
, 170
, 23
, 150
, 43
, 66
, 127
, 9
, 184
, 163
, 30
, 179
, 14
, 142
, 51
, 9
, 184
, 33
, 160
, 152
, 41
, 57
, 136
, 121
, 72
, 165
, 28
, 183
, 10
, 67
, 126
, 104
, 89
, 160
, 33
, 6
, 187
, 48
, 145
, 81
, 112
, 4
, 189
, 8
, 185
, 94
, 99
, 125
, 68
, 64
, 129
, 137
, 56
, 142
, 51
, 133
, 60
, 50
, 143
, 49
, 144
, 60
, 133
, 31
, 162
, 15
, 178
, 88
, 105
, 165
, 28
, 112
, 81
, 83
, 110
, 131
, 62
, 133
, 60
, 131
, 62
, 39
, 154
, 94
, 99
, 41
, 152
, 105
, 88
, 187
, 6
, 36
, 157
, 178
, 15
, 49
, 144
, 144
, 49
, 18
, 175
, 9
, 184
, 163
, 30
, 74
, 119
, 93
, 100
, 75
, 118
, 58
, 135
, 65
, 128
, 145
, 48
, 62
, 131
, 148
, 45
, 113
, 80
, 173
, 20
, 85
, 108
, 179
, 14
, 124
, 69
, 36
, 157
, 182
, 11
, 76
, 117
, 48
, 145
, 174
, 19
, 84
, 109
, 179
, 14
, 57
, 136
, 97
, 96
, 16
, 177
, 185
, 8
, 178
, 15
, 9
, 184
, 105
, 88
, 93
, 100
, 160
, 33
, 157
, 36
, 82
, 111
, 30
, 163
, 30
, 163
, 79
, 114
, 152
, 41
, 107
, 86
, 120
, 73
, 125
, 68
, 52
, 141
, 152
, 41
, 159
, 34
, 145
, 48
, 102
, 91
, 164
, 29
, 96
, 97
, 1
, 192
, 98
, 95
, 88
, 105
, 100
, 93
, 10
, 183
, 180
, 13
, 55
, 138
, 4
, 189
, 65
, 128
, 189
, 4
, 143
, 50
, 95
, 98
, 86
, 107
, 89
, 104
, 11
, 182
, 116
, 77
, 34
, 159
, 176
, 17
, 153
, 40
, 71
, 122
, 95
, 98
, 98
, 95
, 111
, 82
, 143
, 50
, 29
, 164
, 189
, 4
, 68
, 125
, 149
, 44
, 135
, 58
, 123
, 70
, 91
, 102
, 20
, 173
, 150
, 43
, 72
, 121
, 51
, 142
, 69
, 124
, 4
, 189
, 57
, 136
, 73
, 120
, 147
, 46
, 160
, 33
, 10
, 183
, 137
, 56
, 84
, 109
, 185
, 8
, 85
, 108
, 135
, 58
, 9
, 184
, 52
, 141
, 78
, 115
, 52
, 141
, 23
, 170
, 13
, 180
, 120
, 73
, 5
, 188
, 75
, 118
, 115
, 78
, 139
, 54
, 136
, 57
, 57
, 136
, 129
, 64
, 70
, 123
, 169
, 24
, 10
, 183
, 95
, 98
, 107
, 86
, 129
, 64
, 168
, 25
, 170
, 23
, 118
, 75
, 33
, 160
, 134
, 59
, 62
, 131
, 153
, 40
, 143
, 50
, 31
, 162
, 122
, 71
, 96
, 97
, 36
, 157
, 141
, 52
, 45
, 148
, 19
, 174
, 16
, 177
, 1
, 192
, 22
, 171
, 158
, 35
, 171
, 22
, 99
, 94
, 106
, 87
, 146
, 47
, 87
, 106
, 165
, 28
, 69
, 124
, 152
, 41
, 128
, 65
, 13
, 180
, 70
, 123
, 181
, 12
, 148
, 45
, 63
, 130
, 60
, 133
, 69
, 124
, 81
, 112
, 149
, 44
, 87
, 106
, 158
, 35
, 38
, 155
, 77
, 116
, 153
, 40
, 104
, 89
, 191
, 2
, 138
, 55
, 139
, 54
, 49
, 144
, 104
, 89
, 115
, 78
, 51
, 142
, 105
, 88
, 142
, 51
, 134
, 59
, 187
, 6
, 79
, 114
, 21
, 172
, 176
, 17
, 45
, 148
, 149
, 44
, 113
, 80
, 102
, 91
, 123
, 70
, 14
, 179
, 131
, 62
, 161
, 32
, 104
, 89
, 37
, 156
, 185
, 8
, 131
, 62
, 83
, 110
, 10
, 183
, 99
, 94
, 35
, 158
, 39
, 154
, 67
, 126
, 161
, 32
, 46
, 147
, 124
, 69
, 53
, 140
, 190
, 3
, 2
, 191
, 173
, 20
, 25
, 168
, 52
, 141
, 76
, 117
, 35
, 158
, 82
, 111
, 133
, 60
, 151
, 42
, 67
, 126
, 101
, 92
, 142
, 51
, 33
, 160
, 138
, 55
, 169
, 24
, 109
, 84
, 119
, 74
, 50
, 143
, 98
, 95
, 77
, 116
, 136
, 57
, 28
, 165
, 144
, 49
, 47
, 146
, 60
, 133
, 128
, 65
, 128
, 65
, 191
, 2
, 85
, 108
, 57
, 136
, 156
, 37
, 42
, 151
, 14
, 179
, 175
, 18
, 171
, 22
, 126
, 67
, 136
, 57
, 126
, 67
, 1
, 192
, 43
, 150
, 43
, 150
, 12
, 181
, 79
, 114
, 78
, 115
, 44
, 149
, 185
, 8
, 165
, 28
, 48
, 145
, 128
, 65
, 10
, 183
, 41
, 152
, 144
, 49
, 16
, 177
, 14
, 179
, 169
, 24
, 174
, 19
, 64
, 129
, 79
, 114
, 103
, 90
, 28
, 165
, 189
, 4
, 6
, 187
, 62
, 131
, 91
, 102
, 170
, 23
, 56
, 137
, 176
, 17
, 147
, 46
, 116
, 77
, 174
, 19
, 183
, 10
, 147
, 46
, 65
, 128
, 185
, 8
, 5
, 188
, 166
, 27
, 173
, 20
, 8
, 185
, 125
, 68
, 11
, 182
, 16
, 177
, 78
, 115
, 99
, 94
, 39
, 154
, 39
, 154
, 137
, 56
, 66
, 127
, 76
, 117
, 189
, 4
, 55
, 138
, 23
, 170
, 6
, 187
, 139
, 54
, 118
, 75
, 41
, 152
, 184
, 9
, 55
, 138
, 10
, 183
, 168
, 25
, 182
, 11
, 111
, 82
, 156
, 37
, 146
, 47
, 53
, 140
, 87
, 106
, 94
, 99
, 27
, 166
, 141
, 52
, 170
, 23
, 27
, 166
, 84
, 109
, 174
, 19
, 65
, 128
, 54
, 139
, 106
, 87
, 154
, 39
, 65
, 128
, 190
, 3
, 164
, 29
, 160
, 33
, 158
, 35
, 33
, 160
, 2
, 191
, 100
, 93
, 184
, 9
, 176
, 17
, 128
, 65
, 173
, 20
, 132
, 61
, 175
, 18
, 16
, 177
, 37
, 156
, 28
, 165
, 98
, 95
, 179
, 14
, 162
, 31
, 109
, 84
, 173
, 20
, 39
, 154
, 11
, 182
, 98
, 95
, 105
, 88
, 17
, 176
, 12
, 181
, 81
, 112
, 65
, 128
, 181
, 12
, 11
, 182
, 61
, 132
, 174
, 19
, 75
, 118
, 165
, 28
, 164
, 29
, 159
, 34
, 185
, 8
, 78
, 115
, 144
, 49
, 131
, 62
, 46
, 147
, 177
, 16
, 60
, 133
, 12
, 181
, 12
, 181
, 110
, 83
, 127
, 66
, 81
, 112
, 181
, 12
, 108
, 85
, 70
, 123
, 166
, 27
, 22
, 171
, 133
, 60
, 75
, 118
, 91
, 102
, 58
, 135
, 1
, 192
, 156
, 37
, 51
, 142
, 139
, 54
, 49
, 144
, 84
, 109
, 175
, 18
, 106
, 87
, 42
, 151
, 75
, 118
, 33
, 160
, 126
, 67
, 65
, 128
, 113
, 80
, 137
, 56
, 38
, 155
, 178
, 15
, 189
, 4
, 55
, 138
, 33
, 160
, 69
, 124
, 178
, 15
, 104
, 89
, 90
, 103
, 175
, 18
, 110
, 83
, 10
, 183
, 91
, 102
, 174
, 19
, 177
, 16
, 121
, 72
, 185
, 8
, 13
, 180
, 91
, 102
, 96
, 97
, 165
, 28
, 9
, 184
, 32
, 161
, 106
, 87
, 158
, 35
, 178
, 15
, 15
, 178
, 169
, 24
, 82
, 111
, 151
, 42
, 166
, 27
, 104
, 89
, 48
, 145
, 3
, 190
, 124
, 69
, 14
, 179
, 115
, 78
, 6
, 187
, 4
, 189
, 39
, 154
, 47
, 146
, 167
, 26
, 43
, 150
, 62
, 131
, 110
, 83
, 66
, 127
, 57
, 136
, 137
, 56
, 23
, 170
, 135
, 58
, 135
, 58
, 129
, 64
, 66
, 127
, 172
, 21
, 134
, 59
, 21
, 172
, 138
, 55
, 160
, 33
, 120
, 73
, 74
, 119
, 131
, 62
, 143
, 50
, 142
, 51
, 187
, 6
, 45
, 148
, 172
, 21
, 114
, 79
, 110
, 83
, 130
, 63
, 123
, 70
, 29
, 164
, 68
, 125
, 152
, 41
, 113
, 80
, 52
, 141
, 47
, 146
, 57
, 136
, 102
, 91
, 68
, 125
, 90
, 103
, 66
, 127
, 133
, 60
, 135
, 58
, 105
, 88
, 189
, 4
, 56
, 137
, 3
, 190
, 18
, 175
, 69
, 124
, 159
, 34
, 86
, 107
, 56
, 137
, 6
, 187
, 89
, 104
, 144
, 49
, 11
, 182
, 171
, 22
, 66
, 127
, 63
, 130
, 106
, 87
, 191
, 2
, 129
, 64
, 57
, 136
, 15
, 178
, 82
, 111
, 165
, 28
, 188
, 5
, 149
, 44
, 38
, 155
, 72
, 121
, 91
, 102
, 169
, 24
, 25
, 168
, 121
, 72
, 109
, 84
, 114
, 79
, 58
, 135
, 44
, 149
, 96
, 97
, 181
, 12
, 22
, 171
, 8
, 185
, 32
, 161
, 114
, 79
, 53
, 140
, 185
, 8
, 87
, 106
, 161
, 32
, 98
, 95
, 84
, 109
, 56
, 137
, 95
, 98
, 15
, 178
, 60
, 133
, 133
, 60
, 138
, 55
, 85
, 108
, 54
, 139
, 121
, 72
, 119
, 74
, 8
, 185
, 54
, 139
, 85
, 108
, 47
, 146
, 111
, 82
, 156
, 37
, 110
, 83
, 155
, 38
, 78
, 115
, 160
, 33
, 35
, 158
, 158
, 35
, 38
, 155
, 1
, 192
, 122
, 71
, 27
, 166
, 24
, 169
, 118
, 75
, 114
, 79
, 136
, 57
, 33
, 160
, 25
, 168
, 154
, 39
, 184
, 9
, 188
, 5
, 145
, 48
, 128
, 65
, 118
, 75
, 177
, 16
, 132
, 61
, 16
, 177
, 59
, 134
, 148
, 45
, 101
, 92
, 137
, 56
, 159
, 34
, 52
, 141
, 25
, 168
, 101
, 92
, 49
, 144
, 82
, 111
, 123
, 70
, 4
, 189
, 127
, 66
, 162
, 31
, 85
, 108
, 31
, 162
, 76
, 117
, 165
, 28
, 136
, 57
, 87
, 106
, 1
, 192
, 67
, 126
, 114
, 79
, 134
, 59
, 120
, 73
, 105
, 88
, 122
, 71
, 134
, 59
, 133
, 60
, 20
, 173
, 179
, 14
, 15
, 178
, 174
, 19
, 69
, 124
, 172
, 21
, 137
, 56
, 19
, 174
, 106
, 87
, 177
, 16
, 180
, 13
, 69
, 124
, 168
, 25
, 143
, 50
, 73
, 120
, 118
, 75
, 86
, 107
, 165
, 28
, 160
, 33
, 103
, 90
, 68
, 125
, 40
, 153
, 106
, 87
, 162
, 31
, 166
, 27
, 7
, 186
, 94
, 99
, 111
, 82
, 43
, 150
, 129
, 64
, 84
, 109
, 26
, 167
, 43
, 150
, 154
, 39
, 61
, 132
, 105
, 88
, 175
, 18
, 64
, 129
, 188
, 5
, 23
, 170
, 50
, 143
, 167
, 26
, 181
, 12
, 90
, 103
, 23
, 170
, 105
, 88
, 174
, 19
, 141
, 52
, 41
, 152
, 41
, 152
, 130
, 63
, 144
, 49
, 27
, 166
, 77
, 116
, 71
, 122
, 149
, 44
, 53
, 140
, 136
, 57
, 136
, 57
, 170
, 23
, 28
, 165
, 69
, 124
, 116
, 77
, 65
, 128
, 76
, 117
, 65
, 128
, 146
, 47
, 157
, 36
, 148
, 45
, 145
, 48
, 33
, 160
, 184
, 9
, 103
, 90
, 74
, 119
, 50
, 143
, 166
, 27
, 184
, 9
, 45
, 148
, 86
, 107
, 177
, 16
, 171
, 22
, 74
, 119
, 136
, 57
, 168
, 25
, 46
, 147
, 34
, 159
, 28
, 165
, 152
, 41
, 17
, 176
, 96
, 97
, 4
, 189
, 146
, 47
, 33
, 160
, 25
, 168
, 185
, 8
, 159
, 34
, 126
, 67
, 119
, 74
, 32
, 161
, 88
, 105
, 23
, 170
, 86
, 107
, 131
, 62
, 176
, 17
, 123
, 70
, 164
, 29
, 45
, 148
, 34
, 159
, 5
, 188
, 90
, 103
, 180
, 13
, 158
, 35
, 96
, 97
, 66
, 127
, 128
, 65
, 29
, 164
, 179
, 14
, 128
, 65
, 68
, 125
, 92
, 101
, 42
, 151
, 18
, 175
, 147
, 46
, 47
, 146
, 123
, 70
, 1
, 192
, 25
, 168
, 26
, 167
, 71
, 122
, 191
, 2
, 159
, 34
, 111
, 82
, 182
, 11
, 180
, 13
, 137
, 56
, 162
, 31
, 16
, 177
, 34
, 159
, 5
, 188
, 169
, 24
, 180
, 13
, 27
, 166
, 84
, 109
, 12
, 181
, 7
, 186
, 18
, 175
, 127
, 66
, 89
, 104
, 50
, 143
, 132
, 61
, 112
, 81
, 83
, 110
, 136
, 57
, 30
, 163
, 29
, 164
, 107
, 86
, 119
, 74
, 55
, 138
, 161
, 32
, 152
, 41
, 116
, 77
, 71
, 122
, 8
, 185
, 114
, 79
, 180
, 13
, 188
, 5
, 22
, 171
, 143
, 50
, 58
, 135
, 45
, 148
, 159
, 34
, 32
, 161
, 188
, 5
, 53
, 140
, 42
, 151
, 119
, 74
, 43
, 150
, 136
, 57
, 150
, 43
, 119
, 74
, 45
, 148
, 108
, 85
, 28
, 165
, 64
, 129
, 68
, 125
, 78
, 115
, 2
, 191
, 169
, 24
, 92
, 101
, 183
, 10
, 188
, 5
, 73
, 120
, 22
, 171
, 80
, 113
, 149
, 44
, 121
, 72
, 13
, 180
, 55
, 138
, 142
, 51
, 3
, 190
, 12
, 181
, 83
, 110
, 21
, 172
, 115
, 78
, 56
, 137
, 88
, 105
, 93
, 100
, 100
, 93
, 145
, 48
, 27
, 166
, 139
, 54
, 122
, 71
, 120
, 73
, 43
, 150
, 78
, 115
, 159
, 34
, 3
, 190
, 163
, 30
, 87
, 106
, 26
, 167
, 32
, 161
, 8
, 185
, 37
, 156
, 122
, 71
, 131
, 62
, 131
, 62
, 75
, 118
, 60
, 133
, 96
, 97
, 19
, 174
, 89
, 104
, 142
, 51
, 117
, 76
, 65
, 128
, 78
, 115
, 128
, 65
, 128
, 65
, 62
, 131
, 123
, 70
, 185
, 8
, 3
, 190
, 94
, 99
, 67
, 126
, 146
, 47
, 109
, 84
, 81
, 112
, 127
, 66
, 189
, 4
, 186
, 7
, 187
, 6
, 43
, 150
, 81
, 112
, 84
, 109
, 111
, 82
, 121
, 72
, 126
, 67
, 34
, 159
, 142
, 51
, 64
, 129
, 71
, 122
, 44
, 149
, 52
, 141
, 65
, 128
, 111
, 82
, 162
, 31
, 25
, 168
, 88
, 105
, 5
, 188
, 8
, 185
, 100
, 93
, 121
, 72
, 10
, 183
, 58
, 135
, 51
, 142
, 39
, 154
, 51
, 142
, 130
, 63
, 155
, 38
, 191
, 2
, 116
, 77
, 109
, 84
, 159
, 34
, 10
, 183
, 159
, 34
, 96
, 97
, 74
, 119
, 161
, 32
, 174
, 19
, 6
, 187
, 48
, 145
, 106
, 87
, 124
, 69
, 154
, 39
, 88
, 105
, 174
, 19
, 162
, 31
, 42
, 151
, 52
, 141
, 33
, 160
, 113
, 80
, 166
, 27
, 168
, 25
, 117
, 76
, 191
, 2
, 130
, 63
, 88
, 105
, 119
, 74
, 151
, 42
, 20
, 173
, 11
, 182
, 95
, 98
, 153
, 40
, 54
, 139
, 61
, 132
, 17
, 176
, 52
, 141
, 158
, 35
, 51
, 142
, 148
, 45
, 134
, 59
, 106
, 87
, 161
, 32
, 96
, 97
, 26
, 167
, 134
, 59
, 147
, 46
, 82
, 111
, 17
, 176
, 164
, 29
, 153
, 40
, 45
, 148
, 77
, 116
, 16
, 177
, 129
, 64
, 142
, 51
, 102
, 91
, 95
, 98
, 159
, 34
, 108
, 85
, 128
, 65
, 114
, 79
, 123
, 70
, 137
, 56
, 185
, 8
, 47
, 146
, 61
, 132
, 130
, 63
, 116
, 77
, 150
, 43
, 75
, 118
, 92
, 101
, 45
, 148
, 17
, 176
, 8
, 185
, 128
, 65
, 101
, 92
, 75
, 118
, 189
, 4
, 174
, 19
, 6
, 187
, 69
, 124
, 20
, 173
, 126
, 67
, 97
, 96
, 57
, 136
, 17
, 176
, 170
, 23
, 149
, 44
, 22
, 171
, 164
, 29
, 152
, 41
, 14
, 179
, 168
, 25
, 147
, 46
, 159
, 34
, 80
, 113
, 114
, 79
, 29
, 164
, 140
, 53
, 76
, 117
, 28
, 165
, 12
, 181
, 169
, 24
, 47
, 146
, 123
, 70
, 147
, 46
, 139
, 54
, 85
, 108
, 18
, 175
, 178
, 15
, 24
, 169
, 1
, 192
, 31
, 162
, 18
, 175
, 134
, 59
, 167
, 26
, 142
, 51
, 71
, 122
, 187
, 6
, 47
, 146
, 76
, 117
, 77
, 116
, 180
, 13
, 20
, 173
, 175
, 18
, 168
, 25
, 185
, 8
, 143
, 50
, 173
, 20
, 140
, 53
, 4
, 189
, 165
, 28
, 144
, 49
, 160
, 33
, 138
, 55
, 97
, 96
, 65
, 128
, 91
, 102
, 44
, 149
, 155
, 38
, 2
, 191
, 189
, 4
, 96
, 97
, 100
, 93
, 80
, 113
, 153
, 40
, 180
, 13
, 102
, 91
, 76
, 117
, 158
, 35
, 83
, 110
, 20
, 173
, 120
, 73
, 46
, 147
, 61
, 132
, 150
, 43
, 34
, 159
, 132
, 61
, 26
, 167
, 122
, 71
, 63
, 130
, 30
, 163
, 22
, 171
, 154
, 39
, 188
, 5
, 77
, 116
, 108
, 85
, 63
, 130
, 168
, 25
, 164
, 29
, 88
, 105
, 134
, 59
, 180
, 13
, 58
, 135
, 116
, 77
, 63
, 130
, 83
, 110
, 14
, 179
, 57
, 136
, 54
, 139
, 79
, 114
, 88
, 105
, 134
, 59
, 109
, 84
, 15
, 178
, 82
, 111
, 46
, 147
, 164
, 29
, 55
, 138
, 112
, 81
, 178
, 15
, 98
, 95
, 93
, 100
, 92
, 101
, 131
, 62
, 135
, 58
, 80
, 113
, 41
, 152
, 9
, 184
, 153
, 40
, 87
, 106
, 101
, 92
, 163
, 30
, 179
, 14
, 68
, 125
, 5
, 188
, 111
, 82
, 21
, 172
, 31
, 162
, 7
, 186
, 133
, 60
, 65
, 128
, 92
, 101
, 51
, 142
, 33
, 160
, 156
, 37
, 7
, 186
, 129
, 64
, 23
, 170
, 180
, 13
, 12
, 181
, 107
, 86
, 88
, 105
, 74
, 119
, 14
, 179
, 177
, 16
, 26
, 167
, 27
, 166
, 112
, 81
, 135
, 58
, 175
, 18
, 147
, 46
, 34
, 159
, 132
, 61
, 178
, 15
, 137
, 56
, 157
, 36
, 127
, 66
, 189
, 4
, 62
, 131
, 11
, 182
, 71
, 122
, 32
, 161
, 132
, 61
, 36
, 157
, 49
, 144
, 143
, 50
, 155
, 38
, 37
, 156
, 58
, 135
, 189
, 4
, 11
, 182
, 72
, 121
, 75
, 118
, 87
, 106
, 22
, 171
, 142
, 51
, 173
, 20
, 187
, 6
, 35
, 158
, 8
, 185
, 98
, 95
, 85
, 108
, 188
, 5
, 176
, 17
, 106
, 87
, 138
, 55
, 62
, 131
, 179
, 14
, 56
, 137
, 74
, 119
, 128
, 65
, 95
, 98
, 133
, 60
, 179
, 14
, 157
, 36
, 178
, 15
, 14
, 179
, 80
, 113
, 143
, 50
, 140
, 53
, 44
, 149
, 25
, 168
, 147
, 46
, 96
, 97
, 99
, 94
, 125
, 68
, 140
, 53
, 159
, 34
, 60
, 133
, 183
, 10
, 30
, 163
, 191
, 2
, 180
, 13
, 141
, 52
, 38
, 155
, 53
, 140
, 179
, 14
, 191
, 2
, 149
, 44
, 180
, 13
, 27
, 166
, 130
, 63
, 131
, 62
, 101
, 92
, 161
, 32
, 138
, 55
, 116
, 77
, 143
, 50
, 187
, 6
, 11
, 182
, 48
, 145
, 10
, 183
, 41
, 152
, 110
, 83
, 88
, 105
, 62
, 131
, 3
, 190
, 191
, 2
, 54
, 139
, 100
, 93
, 183
, 10
, 37
, 156
, 189
, 4
, 1
, 192
, 62
, 131
, 27
, 166
, 127
, 66
, 84
, 109
, 148
, 45
, 90
, 103
, 91
, 102
, 93
, 100
, 139
, 54
, 99
, 94
, 175
, 18
, 116
, 77
, 170
, 23
, 82
, 111
, 32
, 161
, 12
, 181
, 112
, 81
, 64
, 129
, 39
, 154
, 191
, 2
, 51
, 142
, 153
, 40
, 173
, 20
, 123
, 70
, 119
, 74
, 89
, 104
, 130
, 63
, 119
, 74
, 126
, 67
, 133
, 60
, 58
, 135
, 16
, 177
, 183
, 10
, 189
, 4
, 96
, 97
, 174
, 19
, 54
, 139
, 125
, 68
, 40
, 153
, 113
, 80
, 56
, 137
, 160
, 33
, 155
, 38
, 118
, 75
, 83
, 110
, 110
, 83
, 58
, 135
, 17
, 176
, 135
, 58
, 121
, 72
, 65
, 128
, 15
, 178
, 51
, 142
, 9
, 184
, 109
, 84
, 67
, 126
, 52
, 141
, 151
, 42
, 159
, 34
, 188
, 5
, 135
, 58
, 63
, 130
, 66
, 127
, 171
, 22
, 114
, 79
, 111
, 82
, 183
, 10
, 115
, 78
, 89
, 104
, 166
, 27
, 66
, 127
, 26
, 167
, 19
, 174
, 173
, 20
, 186
, 7
, 63
, 130
, 123
, 70
, 165
, 28
, 26
, 167
, 134
, 59
, 19
, 174
, 118
, 75
, 27
, 166
, 100
, 93
, 148
, 45
, 118
, 75
, 140
, 53
, 37
, 156
, 79
, 114
, 125
, 68
, 155
, 38
, 29
, 164
, 82
, 111
, 54
, 139
, 144
, 49
, 40
, 153
, 40
, 153
, 87
, 106
, 62
, 131
, 6
, 187
, 126
, 67
, 16
, 177
, 163
, 30
, 130
, 63
, 187
, 6
, 143
, 50
, 149
, 44
, 111
, 82
, 172
, 21
, 136
, 57
, 119
, 74
, 97
, 96
, 34
, 159
, 169
, 24
, 191
, 2
, 177
, 16
, 138
, 55
, 20
, 173
, 191
, 2
, 167
, 26
, 97
, 96
, 142
, 51
, 71
, 122
, 89
, 104
, 27
, 166
, 44
, 149
, 60
, 133
, 38
, 155
, 39
, 154
, 184
, 9
, 75
, 118
, 138
, 55
, 55
, 138
, 84
, 109
, 22
, 171
, 56
, 137
, 157
, 36
, 19
, 174
, 86
, 107
, 117
, 76
, 98
, 95
, 107
, 86
, 103
, 90
, 94
, 99
, 134
, 59
, 26
, 167
, 163
, 30
, 62
, 131
, 57
, 136
, 83
, 110
, 56
, 137
, 177
, 16
, 32
, 161
, 19
, 174
, 108
, 85
, 74
, 119
, 137
, 56
, 105
, 88
, 178
, 15
, 155
, 38
, 113
, 80
, 59
, 134
, 84
, 109
, 136
, 57
, 79
, 114
, 80
, 113
, 31
, 162
, 51
, 142
, 139
, 54
, 136
, 57
, 89
, 104
, 77
, 116
, 105
, 88
, 114
, 79
, 144
, 49
, 54
, 139
, 41
, 152
, 79
, 114
, 41
, 152
, 103
, 90
, 135
, 58
, 118
, 75
, 72
, 121
, 2
, 191
, 157
, 36
, 43
, 150
, 79
, 114
, 97
, 96
, 82
, 111
, 173
, 20
, 129
, 64
, 88
, 105
, 4
, 189
, 93
, 100
, 123
, 70
, 185
, 8
, 124
, 69
, 128
, 65
, 36
, 157
, 147
, 46
, 94
, 99
, 113
, 80
, 128
, 65
, 169
, 24
, 49
, 144
, 138
, 55
, 134
, 59
, 5
, 188
, 184
, 9
, 155
, 38
, 170
, 23
, 37
, 156
, 75
, 118
, 139
, 54
, 125
, 68
, 64
, 129
, 21
, 172
, 132
, 61
, 98
, 95
, 52
, 141
, 75
, 118
, 97
, 96
, 163
, 30
, 19
, 174
, 133
, 60
, 190
, 3
, 92
, 101
, 52
, 141
, 89
, 104
, 29
, 164
, 50
, 143
, 3
, 190
, 108
, 85
, 151
, 42
, 84
, 109
, 174
, 19
, 176
, 17
, 172
, 21
, 47
, 146
, 98
, 95
, 66
, 127
, 73
, 120
, 134
, 59
, 69
, 124
, 117
, 76
, 103
, 90
, 166
, 27
, 44
, 149
, 104
, 89
, 75
, 118
, 29
, 164
, 53
, 140
, 165
, 28
, 77
, 116
, 114
, 79
, 53
, 140
, 155
, 38
, 41
, 152
, 47
, 146
, 31
, 162
, 18
, 175
, 98
, 95
, 33
, 160
, 182
, 11
, 168
, 25
, 135
, 58
, 90
, 103
, 35
, 158
, 152
, 41
, 151
, 42
, 102
, 91
, 15
, 178
, 89
, 104
, 87
, 106
, 110
, 83
, 97
, 96
, 75
, 118
, 150
, 43
, 114
, 79
, 141
, 52
, 145
, 48
, 174
, 19
, 168
, 25
, 155
, 38
, 6
, 187
, 59
, 134
, 113
, 80
, 33
, 160
, 62
, 131
, 47
, 146
, 23
, 170
, 27
, 166
, 113
, 80
, 78
, 115
, 36
, 157
, 180
, 13
, 35
, 158
, 100
, 93
, 178
, 15
, 114
, 79
, 18
, 175
, 147
, 46
, 21
, 172
, 44
, 149
, 20
, 173
, 185
, 8
, 115
, 78
, 143
, 50
, 182
, 11
, 103
, 90
, 82
, 111
, 66
, 127
, 153
, 40
, 120
, 73
, 138
, 55
, 26
, 167
, 100
, 93
, 154
, 39
, 57
, 136
, 27
, 166
, 39
, 154
, 106
, 87
, 181
, 12
, 123
, 70
, 98
, 95
, 152
, 41
, 159
, 34
, 114
, 79
, 185
, 8
, 169
, 24
, 132
, 61
, 55
, 138
, 51
, 142
, 112
, 81
, 163
, 30
, 38
, 155
, 53
, 140
, 43
, 150
, 87
, 106
, 161
, 32
, 19
, 174
, 24
, 169
, 142
, 51
, 140
, 53
, 36
, 157
, 60
, 133
, 21
, 172
, 110
, 83
