
471
, 63
, 20
, 58
, 25
, 65
, 18
, 1
, 82
, 28
, 55
, 6
, 77
, 8
, 75
, 72
, 11
, 69
, 14
, 67
, 16
, 13
, 70
, 44
, 39
, 38
, 45
, 39
, 44
, 9
, 74
, 38
, 45
, 40
, 43
, 61
, 22
, 43
, 40
, 12
, 71
, 6
, 77
, 76
, 7
, 34
, 49
, 19
, 64
, 10
, 73
, 33
, 50
, 44
, 39
, 7
, 76
, 34
, 49
, 47
, 36
, 73
, 10
, 54
, 29
, 51
, 32
, 8
, 75
, 22
, 61
, 31
, 52
, 48
, 35
, 18
, 65
, 60
, 23
, 37
, 46
, 35
, 48
, 64
, 19
, 58
, 25
, 72
, 11
, 38
, 45
, 51
, 32
, 70
, 13
, 71
, 12
, 14
, 69
, 42
, 41
, 18
, 65
, 57
, 26
, 14
, 69
, 28
, 55
, 67
, 16
, 23
, 60
, 47
, 36
, 50
, 33
, 19
, 64
, 54
, 29
, 31
, 52
, 74
, 9
, 48
, 35
, 4
, 79
, 35
, 48
, 33
, 50
, 13
, 70
, 3
, 80
, 70
, 13
, 8
, 75
, 64
, 19
, 55
, 28
, 16
, 67
, 69
, 14
, 81
, 2
, 48
, 35
, 5
, 78
, 59
, 24
, 15
, 68
, 29
, 54
, 12
, 71
, 46
, 37
, 2
, 81
, 14
, 69
, 3
, 80
, 40
, 43
, 79
, 4
, 23
, 60
, 10
, 73
, 14
, 69
, 65
, 18
, 79
, 4
, 15
, 68
, 71
, 12
, 78
, 5
, 73
, 10
, 68
, 15
, 49
, 34
, 46
, 37
, 60
, 23
, 36
, 47
, 42
, 41
, 63
, 20
, 32
, 51
, 81
, 2
, 53
, 30
, 8
, 75
, 78
, 5
, 5
, 78
, 14
, 69
, 6
, 77
, 40
, 43
, 52
, 31
, 55
, 28
, 24
, 59
, 51
, 32
, 15
, 68
, 53
, 30
, 45
, 38
, 68
, 15
, 46
, 37
, 6
, 77
, 8
, 75
, 38
, 45
, 45
, 38
, 35
, 48
, 72
, 11
, 31
, 52
, 13
, 70
, 55
, 28
, 68
, 15
, 19
, 64
, 70
, 13
, 26
, 57
, 67
, 16
, 65
, 18
, 45
, 38
, 32
, 51
, 77
, 6
, 31
, 52
, 2
, 81
, 55
, 28
, 61
, 22
, 36
, 47
, 65
, 18
, 67
, 16
, 35
, 48
, 66
, 17
, 19
, 64
, 48
, 35
, 15
, 68
, 1
, 82
, 74
, 9
, 6
, 77
, 69
, 14
, 52
, 31
, 36
, 47
, 41
, 42
, 13
, 70
, 77
, 6
, 61
, 22
, 16
, 67
, 79
, 4
, 16
, 67
, 64
, 19
, 47
, 36
, 7
, 76
, 76
, 7
, 34
, 49
, 28
, 55
, 50
, 33
, 11
, 72
, 72
, 11
, 44
, 39
, 38
, 45
, 24
, 59
, 49
, 34
, 11
, 72
, 19
, 64
, 72
, 11
, 18
, 65
, 30
, 53
, 68
, 15
, 13
, 70
, 69
, 14
, 9
, 74
, 67
, 16
, 57
, 26
, 47
, 36
, 50
, 33
, 6
, 77
, 52
, 31
, 26
, 57
, 34
, 49
, 37
, 46
, 15
, 68
, 7
, 76
, 44
, 39
, 12
, 71
, 7
, 76
, 16
, 67
, 11
, 72
, 57
, 26
, 15
, 68
, 5
, 78
, 26
, 57
, 32
, 51
, 61
, 22
, 45
, 38
, 44
, 39
, 75
, 8
, 4
, 79
, 70
, 13
, 28
, 55
, 1
, 82
, 78
, 5
, 2
, 81
, 27
, 56
, 38
, 45
, 1
, 82
, 63
, 20
, 64
, 19
, 70
, 13
, 27
, 56
, 47
, 36
, 69
, 14
, 78
, 5
, 53
, 30
, 61
, 22
, 16
, 67
, 65
, 18
, 64
, 19
, 5
, 78
, 52
, 31
, 37
, 46
, 74
, 9
, 18
, 65
, 32
, 51
, 47
, 36
, 68
, 15
, 57
, 26
, 22
, 61
, 6
, 77
, 44
, 39
, 36
, 47
, 42
, 41
, 57
, 26
, 74
, 9
, 14
, 69
, 35
, 48
, 43
, 40
, 56
, 27
, 43
, 40
, 25
, 58
, 16
, 67
, 22
, 61
, 7
, 76
, 71
, 12
, 77
, 6
, 35
, 48
, 64
, 19
, 11
, 72
, 64
, 19
, 35
, 48
, 34
, 49
, 38
, 45
, 25
, 58
, 48
, 35
, 12
, 71
, 7
, 76
, 16
, 67
, 54
, 29
, 42
, 41
, 39
, 44
, 42
, 41
, 54
, 29
, 33
, 50
, 42
, 41
, 52
, 31
, 31
, 52
, 13
, 70
, 34
, 49
, 13
, 70
, 32
, 51
, 32
, 51
, 47
, 36
, 7
, 76
, 4
, 79
, 31
, 52
, 17
, 66
, 20
, 63
, 66
, 17
, 1
, 82
, 76
, 7
, 42
, 41
, 79
, 4
, 54
, 29
, 52
, 31
, 12
, 71
, 35
, 48
, 67
, 16
, 18
, 65
, 71
, 12
, 69
, 14
, 56
, 27
, 58
, 25
, 11
, 72
, 15
, 68
, 62
, 21
, 47
, 36
, 6
, 77
, 49
, 34
, 27
, 56
, 43
, 40
, 70
, 13
, 30
, 53
, 72
, 11
, 65
, 18
, 36
, 47
, 34
, 49
, 37
, 46
, 63
, 20
, 73
, 10
, 26
, 57
, 46
, 37
, 6
, 77
, 54
, 29
, 43
, 40
, 36
, 47
, 73
, 10
, 41
, 42
, 52
, 31
, 66
, 17
, 2
, 81
, 10
, 73
, 25
, 58
, 21
, 62
, 15
, 68
, 77
, 6
, 3
, 80
, 61
, 22
, 47
, 36
, 8
, 75
, 23
, 60
, 45
, 38
, 5
, 78
, 23
, 60
, 81
, 2
, 67
, 16
, 31
, 52
, 36
, 47
, 57
, 26
, 80
, 3
, 56
, 27
, 80
, 3
, 45
, 38
, 4
, 79
, 25
, 58
, 30
, 53
, 64
, 19
, 74
, 9
, 60
, 23
, 76
, 7
, 35
, 48
, 45
, 38
, 39
, 44
, 28
, 55
, 74
, 9
, 22
, 61
, 45
, 38
, 2
, 81
, 40
, 43
, 4
, 79
, 33
, 50
, 59
, 24
, 40
, 43
, 77
, 6
, 44
, 39
, 2
, 81
, 66
, 17
, 27
, 56
, 43
, 40
, 59
, 24
, 26
, 57
, 70
, 13
, 65
, 18
, 75
, 8
, 71
, 12
, 10
, 73
, 15
, 68
, 75
, 8
, 56
, 27
, 62
, 21
, 46
, 37
, 1
, 82
, 65
, 18
, 12
, 71
, 65
, 18
, 56
, 27
, 6
, 77
, 30
, 53
, 65
, 18
, 21
, 62
, 18
, 65
, 50
, 33
, 53
, 30
, 74
, 9
, 67
, 16
, 75
, 8
, 64
, 19
, 23
, 60
, 29
, 54
, 28
, 55
, 60
, 23
, 56
, 27
, 18
, 65
, 52
, 31
, 27
, 56
, 77
, 6
, 75
, 8
, 35
, 48
, 9
, 74
, 3
, 80
, 9
, 74
, 25
, 58
, 67
, 16
, 15
, 68
, 37
, 46
, 25
, 58
, 8
, 75
, 26
, 57
, 51
, 32
, 72
, 11
, 32
, 51
, 59
, 24
, 7
, 76
, 72
, 11
, 68
, 15
, 9
, 74
, 51
, 32
, 67
, 16
, 7
, 76
, 23
, 60
, 64
, 19
, 78
, 5
, 27
, 56
, 74
, 9
, 75
, 8
, 59
, 24
, 14
, 69
, 14
, 69
, 37
, 46
, 7
, 76
, 48
, 35
, 22
, 61
, 5
, 78
, 67
, 16
, 18
, 65
, 13
, 70
, 29
, 54
, 24
, 59
, 13
, 70
, 2
, 81
, 62
, 21
, 43
, 40
, 64
, 19
, 5
, 78
, 80
, 3
, 4
, 79
, 42
, 41
, 55
, 28
