
9500
4461
4118
660
3604
3193
1156
1529
3242
3918
4965
1277
2602
458
3043
357
1215
3357
387
4897
4064
3585
685
3657
1927
4428
449
1726
586
2126
4610
3182
3522
17
3244
32
4413
271
4883
3136
4095
1853
523
452
2514
4488
3584
1505
3528
617
3853
1458
624
900
1722
42
2818
200
1664
3887
2766
1321
875
2027
4061
4316
305
2603
2630
624
556
928
2550
4995
1147
3704
1642
1867
2998
153
1840
2150
2382
4651
1311
2266
3254
3586
1935
3943
4175
1738
351
4880
775
282
3778
2393
4957
3484
4781
1085
1710
2708
2523
1865
3091
807
4012
4538
2017
2360
1172
3260
3919
4510
2376
4916
3917
414
783
2180
2737
4887
1749
2165
1900
1671
252
1613
224
2743
1113
1758
1260
3607
248
2035
4238
1373
2019
1069
2472
2962
812
1697
4124
3918
2109
401
3007
2816
2604
2151
4350
2547
999
3771
2788
2029
2604
2993
3801
251
2152
934
4111
2565
1859
3533
3365
2574
2547
2294
2514
2141
4346
1846
1892
666
2385
2448
3097
144
276
1379
1045
2335
4428
2740
3507
1012
3409
1921
358
3515
2259
2954
1061
2144
1137
3181
4446
127
4989
324
3628
2687
217
652
460
1246
2063
3025
4896
1694
1561
808
4157
2481
3910
4891
4426
2860
4609
2657
1394
2791
1598
4085
968
1486
3342
4161
4673
589
394
1374
1785
3949
3355
1146
3598
4309
4870
2398
1153
947
4782
3855
1445
554
1880
25
691
3732
2586
1353
2572
2804
306
1540
387
4202
502
1654
1520
4193
4295
15
4790
4978
1592
2526
3125
3125
2038
4183
1358
2210
4256
348
3654
2152
57
591
2137
3406
2611
2793
2890
146
4592
415
484
249
3397
3342
921
2449
3135
249
3871
4878
3927
2318
4733
1444
1163
3973
1450
1310
4663
1963
1198
479
989
4268
4738
3409
3587
2474
4411
3341
1329
1387
2225
4945
3151
1735
2144
1784
797
1268
2520
2097
281
2398
1214
2560
4484
2002
2762
4708
2800
819
574
4266
4950
1639
409
1964
3303
1302
2050
364
4695
1869
1979
327
3589
466
1515
1177
2639
3664
163
51
449
338
1066
4925
2578
3664
1753
1084
1577
328
1712
3062
1592
1756
2651
885
1210
3241
3687
608
4204
3765
2759
1402
4877
3736
728
4039
2160
4799
4749
4520
849
1535
3409
926
3367
1825
3837
4722
2069
1919
3530
4592
1312
3603
3698
4156
1081
1690
3168
729
1118
3563
215
612
825
1399
3767
2377
2339
743
2250
1845
1957
3545
2623
4381
161
2431
1105
3479
2783
141
3494
1044
2153
863
1616
4687
3764
2960
3060
3116
3297
554
2847
2272
675
2417
688
3755
4783
4611
1820
673
2700
4209
3968
2397
4652
3878
1022
3459
354
1028
1336
1922
3504
587
2867
2783
2348
3735
964
3461
4335
4476
3549
4709
2602
3093
4133
3218
4420
3010
2478
642
2291
561
4752
1126
1623
4241
973
4665
829
3305
4185
2482
2017
528
1319
3893
1348
4859
3248
3942
2235
4562
812
4676
1958
3780
1528
3793
3951
3373
1919
1084
4991
2870
1471
2600
1713
2409
1862
2507
4177
1842
134
2925
723
4129
1460
2287
4503
194
2391
4389
4775
4522
175
1902
1190
4698
2214
654
1431
93
263
4044
4913
181
3195
4220
3763
4618
4046
4088
3353
2306
2377
2188
1453
987
3368
709
3303
2267
997
2877
2284
913
4244
2268
4268
526
4692
4300
4574
3678
1641
4530
2079
4629
2399
210
236
3613
3394
1986
3866
103
4380
1511
1072
3784
1138
4311
898
4447
4393
4470
2051
2901
2842
4847
1030
4424
3679
3535
4527
3523
1974
4583
1642
4467
4432
915
3088
3549
2632
1191
3376
2461
4817
804
2429
997
2608
4218
4934
686
1971
657
4731
4206
733
1840
4721
2314
373
1198
2329
4129
3968
2644
1229
1307
2490
2558
1262
1977
4838
3367
2847
4905
3025
1845
1701
2640
3663
4004
1348
718
4675
2063
4437
3536
282
485
220
2935
725
4529
1619
1197
4829
4937
1842
3352
2673
2350
3150
2242
3988
4005
2106
4471
4008
2711
4353
2038
2198
3248
2366
997
2500
4136
1108
3145
1412
2103
3003
642
2221
1041
4847
4933
4271
4250
2582
3166
4798
3309
2357
1874
4001
3797
3282
2018
4066
2478
3706
3381
3238
3449
1153
1603
3304
4724
4246
72
3876
4680
444
4720
232
3796
3210
2923
4267
4339
4207
4290
4200
4550
1626
1751
769
1920
1386
3801
4920
3730
4281
1000
3678
4166
1150
2059
2201
4933
3712
3008
508
3601
1758
3897
806
3802
1503
4594
2324
2971
3106
2397
885
4096
1805
4154
2781
629
4352
264
4035
1394
793
3260
150
4227
4752
663
901
3691
2297
855
2081
132
1290
2070
1486
3722
3003
1615
3117
816
775
2403
395
4670
4310
1289
964
3933
319
4281
1278
1789
837
3175
4386
814
4423
2606
486
4821
620
43
2963
1531
3084
4434
379
920
782
1110
3031
3687
3939
1815
3554
3639
2317
1926
1980
4124
3353
1572
2097
3668
4125
3589
3073
3321
912
4649
3166
3429
4190
1737
2117
3749
1281
4937
3579
2118
2496
1019
3308
3779
254
2918
4319
2703
131
3764
3200
4160
2891
765
394
3538
2115
2522
4438
2533
3995
485
3060
1724
2154
4921
1035
3102
2563
4900
3485
641
4513
1941
4956
2002
246
774
764
1939
3650
2077
2268
1237
1541
203
1528
580
3765
1736
848
4080
440
2646
3618
1778
4547
3963
1874
1205
2976
1098
695
3722
1075
469
3161
2108
4092
4791
3692
2605
3310
75
213
2110
54
4888
3903
4765
2127
3221
39
2398
3680
1840
2452
862
2820
2145
1584
4757
3505
1703
4039
4168
3911
4659
1353
3154
4679
4296
2954
3782
215
4309
307
4981
576
269
2560
2446
559
3630
2785
1315
1109
3013
526
1356
602
186
753
4504
4410
130
1071
3057
3536
4687
3494
1410
4113
2783
1274
2148
712
2947
4370
3890
4615
4684
4202
94
636
1342
637
1412
2717
4495
2140
2362
4182
741
1448
3032
2403
474
4233
3139
881
1683
4297
2146
3880
34
1950
4657
4392
4565
4937
4018
1706
2522
1005
4012
3115
4899
3021
1296
2128
4081
1315
3613
3829
3527
3054
2800
2755
199
283
648
2271
1868
4601
569
3077
1306
2146
2195
3378
2067
39
1908
426
1655
1888
2966
559
373
4056
11
2896
1577
4771
1325
1189
2574
1826
1862
3334
4611
3922
3255
3079
3066
3171
382
3398
3150
4617
4455
3032
4218
3784
261
3019
2609
270
2032
1677
1620
2281
919
1885
369
1247
2677
4009
4129
749
1967
4971
2386
4822
1178
3633
1579
4827
2688
4241
1605
4777
1551
2671
3775
1324
673
3909
444
2972
3607
3811
3694
737
3634
2265
3007
3062
2413
4773
4202
4422
4919
440
3603
3573
4323
4914
913
760
140
2741
153
1933
1166
256
579
4472
1429
4484
165
487
974
4958
4776
2026
1246
2776
4230
1768
3164
2293
2419
1937
4611
3471
3170
2371
3368
1306
4378
3784
3239
3873
1395
1826
1786
4488
4308
4608
4452
2911
718
1729
1946
2343
1960
3501
2489
4506
4256
4859
4461
1681
2138
3047
686
338
697
3779
2052
1704
94
3710
4049
1586
690
4483
4311
2202
877
2213
1783
2124
3061
2534
4421
10
256
530
1372
4951
4384
2371
4149
1620
3597
4801
4482
4006
4785
80
3507
1057
67
360
3556
1359
4276
105
2249
68
2619
1812
4457
3777
3686
2427
2902
1518
10
4727
2099
1166
1185
1420
3659
3647
2577
2468
4969
3560
95
3464
2602
1917
1405
3294
559
2555
1080
3604
1197
1959
1010
4112
2807
3419
2974
586
4166
3450
4903
634
862
4039
3274
4314
4099
4654
3364
3654
1184
3978
538
4969
1092
2151
4831
2879
3771
4270
2010
682
1381
4986
2248
1004
2728
1429
2995
3110
499
3990
4977
4872
226
1045
1004
4597
475
2849
3120
1000
717
1510
1303
4626
1701
3630
4216
216
711
3375
2355
2325
4740
4134
4350
4859
364
2135
2517
2348
3805
2944
1730
2598
1441
1987
4054
1859
4933
3236
1328
3751
1096
3153
2351
2794
3963
2149
753
563
291
745
2787
1140
872
2344
928
3058
1822
3853
3085
313
308
2219
3766
4450
2225
2963
430
1514
442
780
1202
1696
1200
3332
2559
3427
1837
109
2219
3017
3303
212
3595
4179
4596
2110
2950
2491
3798
1365
746
871
1531
2809
4750
1056
1570
4333
2386
2255
2106
1047
355
2588
2393
2675
461
4901
1902
3626
2132
4238
4318
1793
2750
3254
4634
425
1981
4928
3471
3475
4020
3174
3618
324
2958
2809
2765
4258
512
1260
3563
3319
1872
3621
1197
4123
858
4822
1869
2326
248
3300
1872
4587
4164
2364
1659
402
2818
1524
1488
3690
2749
3591
3600
647
4837
4203
4853
2803
3445
3512
730
1675
3956
371
3996
3133
2270
1659
4914
48
3272
1163
1240
1959
2173
56
917
2974
4391
3244
1115
4361
2898
818
4887
2479
3610
690
2075
2572
1750
3367
308
2182
3144
3029
623
3956
3835
3402
4922
1305
1109
3951
3787
2233
3847
498
2135
2056
2588
4874
4373
1642
2206
4566
1458
2113
1076
2953
55
1230
1562
1664
3203
3723
716
2704
1629
1370
3706
1965
1959
2484
4724
4014
3637
169
1439
3406
2095
2480
889
576
2671
785
4735
4517
2037
3217
3719
3709
1339
2844
325
2214
1748
305
1511
4211
2608
483
97
567
2427
2552
4781
2840
4127
2784
1489
4255
4913
3454
1157
4803
4807
592
817
3707
3366
354
1562
249
2995
2289
1286
2760
2235
402
3133
2745
1442
2703
2217
3876
365
3656
3096
1319
3830
2998
4583
2510
2274
1124
3535
1178
3012
2321
2794
3357
1247
42
152
1288
2099
4987
1579
2346
3186
2113
1202
3788
3789
4035
1728
3279
930
199
2140
995
3223
2923
2110
1402
4207
80
2044
33
3356
862
3323
3883
3258
4506
3882
2189
1911
2124
243
2866
1755
3739
1439
1325
634
1096
4833
1854
4488
2608
1861
3871
4441
1356
2286
1515
3882
3902
131
4022
3169
781
496
3144
4252
3992
837
2801
2512
328
386
4898
3183
2368
4398
1870
3270
116
2797
588
2147
3385
2637
2557
1423
630
1016
3472
4895
3054
4772
4599
1004
3504
3211
1013
406
671
3054
1519
3212
168
3640
3499
2633
2470
658
2169
2646
191
1558
186
2781
136
1828
2893
1727
2463
341
3265
3287
1051
3951
623
4746
1313
3816
708
1326
4029
516
672
314
4941
4847
3244
915
1666
4772
4382
3152
2283
2654
1582
3134
2148
4269
4280
1972
1021
4736
3546
3075
849
1971
1154
3267
4039
1539
1416
4394
589
196
1631
2749
44
4959
2498
915
2279
666
4911
2401
2964
3042
3674
1885
590
2007
2080
954
1247
547
1331
2553
4883
903
1453
1749
1484
1904
2241
2557
3939
4762
2339
880
3714
3753
584
236
4059
2048
3866
2103
2720
2225
161
951
1309
4318
875
2580
2490
3479
576
1593
3941
3877
4672
577
684
2466
4671
4250
11
4699
1208
2988
4898
3627
1837
2764
1670
2154
4353
198
2777
4424
4942
4478
3432
127
3028
4711
116
2503
3252
3350
1352
2849
2525
3656
3294
769
2056
326
2409
2355
3009
976
946
3246
1950
1747
79
492
3835
394
2767
958
2560
669
2190
1593
1722
1597
4108
2488
2778
2774
4393
2349
4174
4530
503
3217
1002
1894
390
3645
2338
2001
2579
1833
4622
996
346
2367
2559
1300
305
3789
2627
4459
952
3798
2959
3127
968
2249
3581
1923
398
1445
4883
2956
1797
629
3178
1503
2687
665
2667
852
3827
3973
4666
4935
4440
4199
2641
2693
2172
4977
4115
2584
2235
4151
1172
720
1824
2541
4762
4609
2826
478
3852
1147
3500
4777
2039
1721
2432
968
3327
764
252
3132
2127
1449
1101
1566
1953
2512
595
761
4563
4018
4457
4112
1887
4494
1707
1699
4709
4241
1976
1563
762
1987
11
4091
1659
338
4653
1082
1629
4913
1351
1567
2027
3927
561
4499
4028
381
944
4568
2319
2837
3146
1412
2991
1778
3366
3148
2849
3184
4189
3769
4286
3827
3034
4270
1589
1754
3027
214
2253
4887
3811
754
532
1523
2962
1580
1674
15
411
3078
1083
2022
669
1424
3623
2552
4139
4589
2588
409
2205
2540
1374
4086
3264
732
2068
3603
2518
2711
4119
4685
4586
953
3898
3788
808
1424
1238
4072
1324
3631
3682
2362
4788
936
1797
1151
1446
1854
3074
3259
4489
2337
2167
1160
1355
3757
332
4695
3256
459
3504
467
4370
3923
1699
1068
1406
1684
1096
2822
2993
1551
1005
412
1565
438
3445
2094
4458
442
4332
4544
3254
1662
3754
2186
1394
1911
1738
1835
2221
3508
196
51
4951
1599
1346
2378
4870
1578
3083
2129
2175
4227
3172
3658
2990
3441
1916
2465
59
4552
4865
2845
4865
2178
894
1804
945
2278
4300
1288
2258
611
1262
12
1082
1440
4235
2043
702
4675
1623
4488
1669
3939
710
3375
80
3687
4188
1176
1522
4912
3702
3073
2788
1921
4910
1996
4053
957
3881
2153
1798
2746
2058
3471
3316
4202
4552
1753
1845
3698
3722
4833
4475
4544
616
3851
4488
156
202
4650
3798
635
3692
2377
3331
1305
2846
4353
3743
682
3267
4028
4231
2365
2223
397
4704
3844
76
3321
2236
3255
1447
3340
2666
3379
604
2851
2980
3117
3285
1058
1267
248
3063
4136
2926
304
2811
158
2564
1686
4061
1801
340
2454
151
4101
561
557
2345
1855
4398
4198
1538
3225
2186
4021
3599
3047
2447
347
2788
3309
3644
1479
1267
4507
414
4136
1951
2602
1234
2791
2376
3822
2144
1280
1484
3435
1373
70
2164
4354
3574
1748
4713
320
2268
4520
1567
527
3832
4917
3887
249
804
2894
963
4638
2172
994
4988
2751
1402
2202
1694
3024
4148
4684
3168
3309
2507
4795
1967
1490
2041
4904
3656
1936
187
3719
4935
3583
1928
4468
2227
2917
3903
861
71
729
2472
68
758
1121
1914
187
1869
4049
1542
1550
1616
437
3415
1150
4213
4560
950
3977
1633
1095
3732
3135
2457
4754
668
4282
4971
1709
505
2413
3108
2813
2129
1646
4586
68
4060
1341
3106
619
1034
3551
4528
2110
2293
130
3675
3342
4166
1957
822
3149
4682
1448
3677
196
4249
3470
1571
2004
1303
4181
3164
1439
1412
3623
3321
279
2935
1338
3025
4313
2168
4144
1350
2943
3125
2035
1418
2453
18
467
2494
1703
58
4269
3242
1759
739
2403
3434
1348
2153
2733
3209
2947
2037
3320
1165
3943
611
1823
735
2873
965
1391
4829
1066
829
3917
679
3841
2848
2043
4602
2205
2238
160
100
3487
4029
4240
3056
750
2727
1064
1447
777
3406
1336
4856
3462
4810
10
2877
1123
2895
1842
4987
4221
4705
625
4450
3685
2195
4112
1090
4108
1377
3876
4397
4721
2008
4347
1396
179
1187
4551
2605
4937
4388
3273
3354
3330
3706
4118
2045
4301
616
1198
595
4187
4179
3130
3036
4239
2047
1920
2773
1749
1761
188
272
1045
4059
39
1992
2083
412
2941
3558
2092
2319
4885
4383
4378
2620
1660
4576
79
4042
2012
4825
1728
531
3281
2043
4170
3552
2263
3614
655
1292
943
3553
480
802
2523
4825
2419
2137
2036
1814
2642
3511
964
2921
751
21
1166
452
3112
1875
3025
4106
612
3678
360
67
3665
2883
4775
3837
4932
2094
2562
1962
1502
1863
3133
564
3982
3049
535
2632
25
1075
339
3005
840
1229
1316
2031
2175
2150
774
4877
4618
1297
807
4622
3657
1538
842
4370
1998
3793
3020
1894
2434
562
2824
3060
3051
2977
1704
3709
2425
2075
373
4575
1616
4710
2275
1682
4314
4771
2116
3954
986
1137
4089
4612
342
2609
1794
3557
2951
3076
3547
1780
1036
4114
3709
3590
64
2495
3270
2595
2455
4355
3411
1169
4937
2048
1324
2364
1019
224
1558
667
643
1192
928
1142
165
3480
238
1004
2330
1368
3775
1669
3439
622
1318
2938
2954
3984
982
4315
1053
2664
1455
3727
3316
4840
763
3284
2855
4824
3435
4248
3783
1712
897
1890
1333
3566
725
649
3133
1808
2726
2597
220
4706
930
4991
2322
772
293
2384
3569
2740
4735
59
3806
3436
4457
1491
3069
4771
1713
600
1674
3345
2309
3494
2857
469
3467
1675
3058
3257
4946
4416
2869
3044
1343
4678
2357
4714
3737
3520
868
2345
618
1050
4348
3195
1023
4217
4800
616
4922
1338
430
1632
580
424
3180
4853
3486
1938
4932
2638
779
488
2124
3733
2725
2683
3545
596
2309
1252
2244
2309
1164
3763
4079
4745
4319
1059
499
3483
1285
3781
2911
2745
3712
4784
4219
11
4298
2695
133
2733
2167
2191
3366
3453
2516
2968
3141
3333
1422
4632
428
591
1847
4447
2310
328
44
3996
497
4729
4919
815
1430
1918
455
3382
4285
3410
1680
4579
3731
1041
4741
1874
393
3917
2634
3338
1342
219
4750
3638
3130
3207
4062
3740
508
2203
2105
1975
1233
981
4021
1302
4848
40
2739
2474
297
4443
1733
2619
3228
3701
2143
4463
2940
1145
2951
3353
1502
4624
3846
2002
4099
3557
2480
4101
4938
1928
1923
348
327
2345
1194
3952
549
3527
1863
3675
4414
4637
1232
2137
3627
4161
1636
2971
464
1382
1923
1248
4359
773
4456
785
4299
847
4652
4378
1033
3745
3476
3700
3433
2036
4553
2988
712
1095
4365
2329
900
1826
1546
3623
3890
1781
2125
4999
1042
3645
3582
1141
2161
76
161
2469
1809
4929
1366
1988
4294
2740
3808
469
4457
4438
3426
3433
3762
1870
3651
2879
2830
1726
4804
827
3916
3751
4110
4994
4338
2636
914
1562
3673
1791
1613
3144
724
3840
4167
4596
1523
4276
1281
323
4487
1892
1677
3605
1918
1265
4037
2674
3459
2829
1569
4295
4766
3032
122
4828
3330
918
4712
2890
3362
3227
1586
3066
4614
56
4813
23
4063
2887
3671
4442
2340
1958
1395
3379
3716
3516
1995
2335
1563
1812
501
3631
2843
285
138
1984
1371
1257
1694
2335
4254
1547
877
1367
2385
4231
1308
167
906
4090
1713
3181
2885
4624
956
838
3904
1248
3407
368
3575
1931
2606
422
1021
1915
1000
1470
1431
4454
803
3708
2452
2355
2304
681
1362
1277
1777
2059
894
1946
1328
2946
1550
74
4019
2926
4811
1238
3199
1284
1472
4426
2256
1244
476
2321
237
4125
2327
4397
2070
4441
22
384
4211
2620
2096
4526
4054
2110
2772
971
2660
1378
1351
4907
2484
3046
4759
4338
4623
3205
432
1707
3273
1810
3320
4551
4103
2540
2469
4982
3980
577
4068
1746
3389
3734
490
2332
4373
4845
1099
52
2283
2502
527
430
3183
3207
198
2110
2182
432
4804
3741
2029
1120
1168
3191
4611
1169
4572
434
2789
2907
4276
193
3678
591
3433
3361
3490
1145
882
4810
4253
2560
3886
232
3788
171
4078
3560
4585
4284
1820
1143
4534
4939
1705
3412
4909
1111
3376
685
1361
3695
3844
1058
3092
2306
660
4772
4688
192
2836
4036
3420
4593
2716
1577
4631
3759
1679
1517
2499
4049
2932
334
590
403
1258
3899
1916
554
2941
4729
509
288
4921
1889
4153
1350
2598
1738
147
1464
2792
3130
951
3197
3307
919
926
3147
1990
4961
549
3239
2426
3687
4598
4654
162
134
805
1434
157
4347
1458
629
4121
2308
3894
567
803
3591
1229
3819
2188
660
2195
4590
237
4358
4857
4314
1880
2918
1060
1976
2197
776
4004
490
3388
2335
4714
4832
1723
2103
3274
1628
3496
4482
2253
4589
3116
1211
2010
2694
149
919
3996
4068
4300
1376
2765
1920
4682
852
3486
781
2750
4046
4890
4400
714
3064
372
1240
3795
2624
121
752
4131
4301
255
577
1674
1483
3951
3793
148
4743
4170
4048
101
1539
1489
1312
562
4909
1013
1967
3782
1799
740
3137
3628
4288
1846
221
2831
1106
1558
510
741
3432
754
124
3570
851
1359
3057
942
262
1998
1617
587
3372
380
1489
1556
4032
121
4068
1646
4444
2132
1452
1755
819
4090
1117
1872
630
2244
2467
2701
604
2359
1637
4890
1389
1027
3489
2152
27
2650
3834
4179
2253
2755
4650
1236
628
698
3736
3209
3244
2605
2648
3408
3813
4181
4357
3953
2534
2400
2397
2344
2035
3865
1067
2802
664
3265
3430
2385
1214
2309
3577
3974
1265
1912
305
1357
2441
1698
895
2555
1491
691
804
98
2171
2640
443
1478
249
2851
1702
1411
462
4029
4615
4914
4686
3638
4100
3041
1410
4783
1181
821
3860
4510
4245
899
939
380
2285
3166
4883
2186
4371
1501
2973
3537
1593
4251
2652
2077
4453
3344
3976
4204
4621
3023
4811
4990
4080
1177
1070
504
3704
4772
161
1865
2430
4383
2095
1619
352
2242
2836
211
1617
1920
4190
2806
2424
3169
1887
1524
835
1316
2538
648
1023
3714
4085
4929
3555
455
3071
2020
3825
668
2972
23
4406
59
2805
758
3510
4090
3004
1760
696
40
3748
285
1414
3105
4203
2569
1508
4676
2205
2407
3532
2919
1930
4481
916
2122
3301
3239
2397
4686
4825
279
3355
2970
595
3954
4730
3588
1216
3577
4258
2637
4868
4883
3858
1643
1512
4120
1265
1238
4715
3648
839
1883
2198
368
3274
3960
3442
1349
246
4068
3845
2513
2905
628
2985
1841
1351
1672
3988
80
3375
3425
1050
3271
1156
3981
3570
2667
2899
1993
323
841
4820
4481
1572
2474
259
4434
3791
3216
1445
4019
2676
64
4333
3985
4959
2299
4001
3872
2385
4010
4360
501
1090
1664
4397
4821
1870
52
1175
2152
3262
4065
2323
2516
4693
2955
3993
4986
2372
4339
2816
2448
2860
3775
2867
1670
1282
4187
3806
206
964
3749
1634
2076
2959
462
598
1531
564
53
4055
1702
1957
2233
1729
4054
4146
4670
2690
1605
4733
144
1868
4439
2800
1367
2890
2877
1069
3527
629
4786
3826
2598
4890
612
2782
727
4052
441
2405
1472
1791
81
2147
2609
2587
3040
1128
3071
3609
4624
4984
3345
4409
2827
2847
4788
1923
3688
407
2784
93
4381
696
2409
1499
3386
403
4787
4857
2452
4291
4454
1084
3037
269
507
176
2714
3230
3271
3220
205
856
1880
2207
3046
15
2493
4352
4029
2452
3536
1918
3241
3717
4697
3006
3605
1803
1955
1954
2937
1806
1218
3981
1854
3165
1139
2412
1914
3305
2890
4265
645
4142
4099
3853
3574
1558
3353
2361
1419
1917
2501
2700
3283
220
4731
828
2166
1923
4488
3433
641
1050
2668
4954
2343
4129
595
4366
3896
139
4539
3735
4132
472
2638
3961
4730
4632
1812
1917
234
1502
3249
4888
112
2144
2789
370
1614
2143
219
4316
2329
4763
4745
2585
1765
2984
2747
1467
4223
2490
1176
3838
1606
4531
1577
129
1418
1349
4607
4523
451
110
4727
1743
3787
3024
2258
4649
1933
2153
4403
528
3652
1100
1775
1670
150
1035
209
3016
1063
2457
744
3807
3253
3888
2849
1038
907
1624
4267
2037
1867
4825
4416
3386
1591
576
2187
3223
1695
3705
405
730
3943
827
2221
27
3153
2889
1391
4496
4632
3312
4760
3449
3947
3289
3909
3394
4651
1985
4568
4006
2454
3688
4156
1438
3466
3201
2117
1118
2365
4895
1867
2726
784
298
2812
152
3719
335
762
1916
2352
2414
3438
1823
1860
3299
4496
4917
3969
716
2275
4361
1639
577
2478
3653
123
4302
3227
2956
2296
448
3338
4499
703
2257
635
4582
4954
2851
1351
2480
3383
722
1042
2734
467
4021
4387
4996
3329
2967
3820
3808
2233
2940
1106
2598
3171
410
3284
693
3053
4133
1388
37
3011
2195
1300
2000
796
3320
3113
4555
2729
2824
50
3426
1596
2948
870
1851
3583
3495
1218
4275
3951
3542
3905
2343
3535
909
1437
3721
4273
4865
4118
3753
1833
2477
3579
1476
2102
2637
4450
1794
1123
170
3523
2495
3912
270
421
1957
4247
830
330
376
3736
3978
4935
677
1840
3775
2683
1598
4883
1117
1144
3845
3954
30
274
3729
2386
4462
3030
4787
3413
4057
634
4880
3196
3668
3425
1807
1213
2560
3223
1437
1899
3120
3918
899
4974
4711
1108
184
1855
405
4140
424
2278
4537
927
2141
4968
3764
4623
2074
4465
4472
4820
3128
3270
4363
4778
580
605
2692
4396
4148
927
181
3176
3114
3369
3507
1933
2034
3920
3549
602
2638
4443
1954
2971
3804
697
1154
4475
4141
1807
3505
1000
4979
312
2111
2367
937
48
1509
696
1845
959
2334
2774
4856
2898
2335
3568
2251
2142
4604
2628
3497
2580
3018
468
4194
4067
3687
2085
4461
4326
703
3220
3314
2427
1531
802
3760
820
2015
312
2628
2873
1247
2732
1703
717
1527
1613
2737
4154
4716
3208
2016
3184
4917
2188
2822
4371
3236
1286
2399
778
2996
3096
4420
655
621
1369
1283
2369
4791
3096
2479
3755
3055
298
2658
2589
2137
457
4400
1285
730
4609
1525
1209
1078
484
1174
4592
960
3769
4824
3459
3800
4830
4356
3364
1297
4193
510
2849
130
2359
4320
2101
1339
4220
890
223
458
4173
3504
2256
3739
3267
2949
4659
1699
3925
2623
4203
2178
4033
3876
1831
1201
1315
3786
2898
2987
3665
4260
2703
2982
3100
4949
1026
3129
1368
1403
2121
195
2257
2420
3532
3080
4081
2827
1504
162
4209
1678
3440
1155
3970
4221
2840
1070
247
1001
162
2663
997
3167
1806
3449
2994
1377
909
2902
2275
3329
4049
1298
269
4057
696
2925
2396
2916
948
3396
1149
1037
2687
2128
1123
3674
747
1952
4262
921
1813
641
3725
3142
459
4916
4568
2870
4138
1734
900
4402
1653
4027
4847
1726
3337
769
2147
3442
901
1070
4116
357
3915
1402
3208
1834
3914
1252
229
870
1067
1219
2326
4665
2802
2396
1856
2970
467
1982
1930
209
2125
3608
1646
4984
1596
4320
2257
1325
2539
999
64
2055
3931
2525
1196
2225
947
3259
998
2000
2512
1257
2940
2400
163
4613
1345
3782
3820
2241
4720
536
326
1767
2340
1765
1527
2501
1191
1952
1352
866
1668
2159
1384
4623
2243
4152
805
98
3456
2959
333
295
4931
3929
4790
4662
1019
3476
4326
2781
4442
482
2688
2251
4323
3159
644
1983
3487
4065
1067
4730
3111
3452
2591
1386
4550
3199
3252
1194
1473
554
493
744
4308
2655
1283
480
3726
2532
3662
745
70
803
748
2454
2488
3801
1430
2120
1862
3952
3997
566
1733
766
3615
282
1951
2440
1643
614
342
642
388
2005
2462
4574
3889
1088
2538
1199
2879
2588
1005
4443
4169
3813
4340
401
4415
707
3154
152
3078
4927
642
3913
3351
3073
1672
3572
1646
393
4865
4214
68
4630
4133
3526
3189
2100
1790
3940
1983
1442
2820
4312
969
3246
2289
4063
2661
1000
3595
2004
2711
1136
11
3238
1593
4475
3046
940
2910
3408
1348
2828
953
4397
109
1341
2682
750
173
3307
3552
4196
2910
1172
4385
471
116
393
548
11
4577
3900
1438
3850
625
4638
2773
3071
3634
3301
373
4456
1713
3692
3939
2453
3828
1250
4037
2770
2145
1872
4439
2107
3275
4529
4822
4099
3560
3711
3525
3623
378
4341
4001
580
3588
3534
3826
3718
1462
1347
4147
507
1267
199
3202
3186
2589
1925
2545
1982
110
4120
3137
4041
2661
3590
3842
63
3229
3401
4987
1649
4422
3717
3401
3701
2079
1788
4648
3996
228
3227
1607
1299
751
436
1423
1302
277
588
2611
1775
4370
4791
75
939
4432
423
4917
4298
585
4489
917
378
1649
4606
2127
2702
4225
2438
484
4468
533
3864
2120
2569
4733
3007
2180
1633
1899
2703
2745
890
587
2010
2538
2108
2381
2433
4464
1366
1895
3432
1430
2814
2030
426
446
3981
2414
1118
2592
4998
329
1632
1413
1066
1200
770
4122
527
3939
4861
4094
2697
4008
3688
4679
3170
4745
3192
2287
1789
1587
2021
3387
2899
4183
4121
3765
3709
20
1313
1905
4032
4117
2375
511
1579
2871
455
2947
2769
510
2215
2501
1818
279
690
98
2658
4295
2646
2111
4661
2247
2389
4613
3283
3842
995
3265
4417
4218
2097
629
4693
2343
859
2558
4167
217
659
4183
2597
1327
1379
324
333
4553
715
4457
3591
817
1812
3011
3917
4032
2397
675
3274
3055
1933
3006
4344
3201
1880
1826
3856
3349
2108
1401
2775
3876
1542
2206
2648
2606
4796
1867
4765
2199
455
3170
3951
1885
394
3161
3210
4476
2169
2281
4378
4105
3915
171
1592
4547
324
1589
933
3564
3620
3142
3505
1055
2993
3122
4854
1182
1654
2469
1953
2647
3166
4801
269
1675
3209
2674
3966
3414
847
4400
362
2915
2784
2338
2881
4521
3942
827
3305
1221
3793
236
4891
4958
35
2749
2017
2133
4080
3785
1769
571
791
2723
4632
4409
4214
3143
2716
3337
1691
4344
175
1708
225
2051
4675
2727
1463
3647
2610
3635
1727
4210
3679
3875
312
2358
4301
2902
1025
1259
1817
3834
2734
1214
1323
1823
2473
658
3615
3253
4572
3205
2456
3243
4356
2065
2815
4738
3827
961
3011
3188
4701
4172
2442
3057
2652
3119
1319
1193
2482
4780
828
4265
4904
3818
19
688
335
1805
851
3545
1529
2821
3411
4439
3695
627
3413
1598
3684
4590
2842
994
1373
1354
4790
1342
1626
2426
450
1133
2722
2548
2792
251
477
2403
1458
4449
2633
2049
2981
3644
3726
1932
4763
1483
716
485
4769
4399
847
2906
1899
427
54
1614
345
967
737
217
278
668
380
2365
2101
4954
3733
1012
1047
2135
2775
3621
3207
3093
2761
1538
2129
1474
2073
4758
3488
2924
4644
896
1086
3888
434
4948
4205
2216
3104
3016
603
4265
3954
2551
981
913
3536
2689
1533
535
5000
802
2491
1276
3351
4689
2137
4382
2287
4788
924
227
410
2560
16
4765
2370
2250
1620
2898
3465
2106
4876
1865
3547
3868
2949
4136
1627
3494
4514
2235
4679
2563
4676
119
3033
489
776
3214
998
569
2636
732
4294
2150
207
72
1492
3247
4128
1964
105
481
738
1048
3008
4386
1855
3509
4046
2952
1565
1471
2623
2942
4653
3645
2925
1580
331
740
1364
4804
378
3141
2319
792
1289
3076
326
4252
727
2701
2320
341
3357
3546
2828
4496
1007
2433
1517
2171
1432
235
2397
3978
3589
1467
4795
1617
3489
3029
3907
3715
4341
2878
2401
2796
4051
2016
3602
3515
4809
1576
238
4244
3648
1079
2433
3723
4426
302
1821
4003
56
1188
2605
3566
2137
2867
1127
4776
3299
3909
4864
385
2709
2980
4426
3355
29
4278
2168
724
2390
3127
3036
4217
1828
2532
2476
4984
620
2251
1001
291
369
2202
2019
1667
1217
489
2098
1082
4546
225
2030
2338
2954
2273
4906
3365
1611
4380
2481
4272
3010
1103
2217
2106
1364
795
1561
1051
3303
2739
219
4022
440
2153
1117
2813
1211
2481
3711
3374
3669
2541
284
850
432
3043
3879
411
1145
2656
2321
4602
3207
4927
709
4092
4209
3957
3176
3106
2667
4946
3297
2578
1286
2249
3162
2844
1360
2858
2925
879
2151
3637
334
3765
4294
1534
653
4453
1329
202
1908
2337
3785
2054
2502
4931
3881
1544
294
4400
3447
1864
3256
1494
4248
1976
1606
1938
3198
1375
4466
3374
681
2734
2609
4011
3043
98
3368
3760
2609
2804
3619
1402
570
4331
355
3940
3010
368
1553
4673
3044
1449
681
4088
2077
3363
2965
953
3174
3232
4589
2789
3485
1992
2925
2788
1273
2087
1471
2503
1095
901
1964
3645
3973
1789
4488
3863
72
3082
3650
3380
2242
2197
416
241
2169
1983
4074
1520
3744
2686
4830
604
3921
2789
1808
1369
1058
4433
2857
94
3463
2580
2087
979
4173
387
4644
4147
4510
12
2897
4147
1025
428
23
3025
3211
2328
4650
1578
3518
3735
1157
913
865
34
1201
4131
4432
647
2379
3999
2542
1067
501
1792
1052
1074
3149
2548
3508
4495
3411
2395
1517
1626
4809
4556
1886
3917
684
4009
3078
1067
559
2994
4519
3021
1745
1407
1593
2108
1960
1479
4514
4614
3167
666
149
1782
3208
271
3024
3496
1143
1472
4938
204
3703
2619
1880
1661
592
3738
107
3045
150
1037
3544
889
4065
2845
2490
413
251
4160
2715
408
3517
4795
130
1547
1547
3142
4666
937
3992
3417
350
2594
327
2028
4501
3451
1910
98
1645
69
978
4139
1405
4429
2821
3080
56
4078
4341
683
277
3947
3834
1540
1955
4492
2004
669
2176
3060
2102
144
4091
2769
2015
2483
4976
2792
1625
4116
1533
1611
601
2465
890
243
1508
2123
985
4492
2706
1434
4112
329
134
2700
904
362
417
350
1148
3904
4432
3054
1890
2993
2664
4309
3681
922
1327
4816
629
4242
59
484
3190
4451
4658
1825
3941
2002
1712
979
4933
263
2434
4954
4837
1222
2200
4094
1947
3248
4764
1800
313
4773
4576
2320
1749
2380
2429
4918
24
1782
1598
1842
2445
3443
1974
3308
2047
1415
4503
1307
2751
3618
2263
3742
721
3088
1720
2642
1292
3780
3944
3726
2402
3119
2355
1034
1017
765
841
4780
3598
952
3465
4524
2241
4975
2126
3905
1954
3012
4681
2961
4334
95
435
766
423
106
42
3678
208
564
3352
3027
3900
2685
4726
4687
2016
537
1583
1773
1298
2884
4692
3478
3209
1900
1476
208
2286
4977
3987
4145
4429
3834
302
4938
3220
3187
3152
2601
3812
1930
4228
2002
3717
931
3859
4631
4685
2827
3807
3038
2782
3432
1103
4155
1351
3814
1326
1790
3657
3853
1538
3639
3024
3116
3595
191
731
3092
3105
541
2351
3405
3118
2361
4262
1256
2625
4738
4435
1781
1685
1247
4155
729
1844
4695
2134
2272
4130
4778
2042
979
2604
898
4097
4276
129
780
918
308
3404
3570
3539
2661
2170
3214
3961
3213
4460
4858
4192
776
4677
4631
4450
3783
1434
1201
1385
1416
2856
3875
1453
2018
4234
4794
811
4134
3494
3456
991
3248
257
2197
4230
1348
1735
1543
3727
2427
1757
978
1572
3339
715
308
711
2724
4218
2293
3525
614
1668
4643
3448
2389
4763
4441
4796
588
4305
2446
3828
4951
3693
1245
1101
3310
1630
522
431
4504
630
2409
3168
4921
2569
51
3672
3571
2923
1099
1038
2896
4312
3942
1712
4228
548
84
1069
1463
722
3366
2870
1412
2421
3137
1845
1504
3691
2751
2655
523
4369
3619
4028
2890
843
1486
3926
2716
3786
1122
468
3727
234
550
4365
2389
1019
3371
1218
386
3927
780
4849
3234
1015
2919
1408
4913
113
3431
401
4242
1470
1763
1993
4762
3863
842
3781
3555
3743
4904
2152
3221
2513
1327
2651
2679
2159
4242
4339
1976
644
2779
4983
3125
1806
4458
2535
1141
4204
378
2870
2142
3288
3738
4872
2777
2956
4202
4254
2387
1359
4757
4910
499
3044
1415
4842
207
1509
510
506
3221
622
486
2796
1309
4233
1967
3798
1595
4665
1241
4086
2649
1812
1292
3014
4948
3024
3558
15
1600
2035
884
548
1372
2210
1974
874
2817
984
77
4900
3509
4026
2631
4466
3646
4829
2611
1244
2827
2701
3528
340
3016
3867
1224
1853
4396
2715
1101
853
1992
4969
4012
4003
1616
1789
1959
2853
4250
2925
1926
4314
1564
684
1575
997
1724
3893
2872
4903
2313
3352
726
656
2658
2400
2663
361
1488
2801
1077
132
4038
401
3241
3428
4028
2076
522
900
4475
1096
2374
1167
959
3239
3639
4564
4199
4620
3203
2381
4917
242
1946
2656
1522
1594
1496
3634
70
2716
1203
3018
3363
3269
3211
1897
3356
3826
3786
1910
4342
2358
3212
3510
3692
463
4580
4301
1155
2987
2026
363
4108
4926
3662
1206
1069
3256
3847
1018
365
1554
4737
3772
3538
4556
239
1301
323
592
1617
4886
3010
3960
2941
3578
778
4357
1149
1479
2503
1291
3767
813
4086
961
310
1782
4712
199
3094
3270
152
4318
4008
4874
3893
1346
2992
1530
3846
2704
4020
4003
1608
1526
2067
3423
2456
1863
4017
408
393
2078
4578
4381
745
1665
2222
2650
4922
3520
4196
4820
4707
2290
4572
542
993
4080
762
3262
766
2436
4795
3566
718
2584
4154
3202
4147
3129
1606
2533
369
4370
2499
2625
109
2991
3593
3080
1741
3047
3792
185
3532
4945
833
3455
4152
2980
4221
3859
1004
978
2295
3463
3649
215
4724
1841
4813
4744
1824
4687
2442
246
2751
3777
3664
4515
965
3048
2669
2834
779
4011
4067
1829
4303
4191
2170
2130
4535
2645
1488
1822
3217
702
440
1267
15
251
2471
4623
4446
542
4682
2265
3058
4176
4017
2954
97
2697
549
2093
4663
1391
4937
1072
4267
3334
4233
2087
1972
2229
4487
1875
1069
3475
1839
4430
1500
307
349
4807
2762
2298
2441
1247
1340
261
1602
885
404
2812
1158
661
1801
4537
2055
1176
4199
3379
634
1001
2091
2102
4298
2426
3698
3006
2061
276
764
1215
1473
3445
4320
3698
1833
4020
321
483
4065
56
4307
3810
3456
776
3839
1813
1374
3495
1769
3778
3144
2587
4479
3293
1321
4143
931
130
4220
2422
2073
1248
4200
4655
2790
226
299
3942
3862
1112
168
4446
926
4600
639
3916
4045
628
2300
2732
1319
4175
2066
2040
2487
1219
4128
1399
1710
2647
638
4762
1782
3479
54
89
1299
1530
4345
4690
3140
350
4122
819
3813
3206
3927
1965
1696
1826
1375
457
3460
3824
1387
191
76
2170
4198
4259
1147
420
682
3462
2314
2516
1479
1258
1003
385
2654
3732
877
217
4986
2077
591
1520
1257
2810
1253
2519
2410
1038
3128
4837
4799
3283
675
2738
4133
3700
370
573
880
1462
2915
2027
188
2083
3543
3943
3499
4019
2374
3876
3610
784
1727
3069
235
529
413
1589
4320
1376
2445
3223
3416
2943
3934
2594
2245
1819
3061
4402
4385
4795
4618
3409
2510
576
1116
2973
4639
955
4967
4822
1141
2257
700
4734
3575
2283
3112
1314
3650
884
1088
4502
3407
1411
3419
3839
1466
1591
3281
4763
4863
3208
634
4483
2600
164
89
1426
1650
3977
3411
3263
1354
1781
1781
4593
2514
727
2072
322
948
2481
766
3786
929
3827
3039
1634
2754
2605
2997
1687
80
683
3076
3541
3923
3492
4783
1149
4674
1223
1185
3287
4220
2253
4237
2521
4205
772
1766
305
4659
1286
3249
2576
2872
3944
1663
4908
4337
4128
2501
2227
3787
4856
2569
771
3559
3108
1197
4402
2682
1736
986
4911
737
935
4395
2645
3227
3060
3077
1450
744
3113
4926
1938
322
3943
851
148
2621
2122
3909
2670
4523
3810
1657
807
2672
2025
3001
3079
4595
3225
63
4584
2862
1358
2750
1404
34
1314
786
4350
3567
2479
1606
3794
705
913
626
2666
2526
4020
2935
2477
2243
4166
2521
3254
2106
4579
2519
4578
1226
2674
4439
4845
624
4304
2226
3957
2604
4862
3696
4759
1534
3233
3852
3873
3586
4942
2127
4711
4541
4282
3025
435
1316
1731
377
1513
1054
2013
1608
4339
109
3039
661
1423
3192
3341
3779
3994
3536
3977
139
4553
4989
864
4015
2202
4877
2198
3534
3740
3515
2232
3490
1840
4091
453
3558
2668
3884
2962
1119
597
4896
3546
4646
397
4995
111
2316
133
1669
3909
3270
3921
1267
2294
2267
2913
789
453
410
936
4417
4377
2778
1786
1013
3170
3287
3197
4572
641
708
3400
2436
4306
2100
1056
4505
234
3618
535
1633
3220
3033
2008
1953
2729
2017
2127
196
2542
526
2465
495
2953
3742
2514
2991
798
4357
3660
3575
2737
1289
1311
4827
1397
3517
2592
822
1012
1133
1396
1557
4433
529
2762
3377
2484
3783
4385
794
1254
3796
463
3125
3234
317
603
3471
388
4181
1273
4192
3530
1728
4475
761
1698
2944
2750
4888
4529
2783
954
1908
2402
1484
1703
4618
3658
235
1053
3701
3873
2765
2453
3154
3783
4804
2124
3855
4152
1607
4201
607
3451
235
237
3660
3314
656
3713
3696
2114
3694
3527
1558
132
1430
865
2454
2147
51
2341
3327
1487
3183
3788
1722
259
2274
2169
2713
4585
2512
506
4556
3717
722
654
1289
443
406
4494
3402
4247
2376
705
2456
3095
751
4965
1841
2165
4294
4904
1207
816
1681
2198
1035
3558
2028
3149
2627
3543
1325
986
2047
794
2200
804
2870
2848
604
4139
3528
299
1055
2313
3860
767
1739
4321
2902
1697
1420
1451
1920
3469
2989
4341
325
954
521
2536
3192
4326
95
4063
3542
3011
1107
4158
3461
2294
401
298
2343
2479
1640
1728
2258
1728
639
4730
4896
3091
2611
3934
2446
416
1715
2140
277
236
1061
1131
2482
848
4322
2080
1925
1336
1655
4952
4651
3714
1809
2369
4349
2986
4569
3320
379
4628
2700
3658
461
3150
4147
2935
2921
1970
104
2510
1002
4496
2695
2607
4235
579
3924
3848
726
1251
4854
1187
3080
3082
1110
469
1869
1598
4482
4810
3952
651
2895
1295
4073
2713
3099
160
4336
1699
4685
4740
602
4735
983
1684
4440
4213
3749
1496
466
3009
2495
4007
3900
2393
4001
945
4131
763
3364
48
2416
937
3589
2123
4455
2270
1075
1924
3686
2819
17
634
688
2209
2630
727
3018
4406
944
4405
3629
3184
519
3974
2943
3833
4509
765
339
2086
3084
4215
2041
4427
3616
4204
4399
2995
1363
1303
3194
3250
1364
3422
4329
839
776
2128
1615
1125
437
1576
1155
3347
4716
2403
28
3047
3817
393
750
2869
719
1894
55
4179
1963
2147
1706
3772
1337
3027
2411
470
2355
4052
4137
560
2989
1541
4959
1361
4191
323
3309
2928
1084
2966
2146
4049
3484
2876
4787
414
4796
3766
2582
2017
790
3245
4575
3346
2239
2103
2164
3690
443
4448
2282
2600
2022
3759
226
4863
4184
1034
2467
374
2286
688
4544
2245
2430
240
4510
2248
2398
3933
3524
2997
2830
1254
3888
2293
1867
370
3334
1483
3010
3941
241
3380
1323
1927
1506
4441
1686
65
4959
2873
2804
3645
4718
781
746
26
2693
563
2219
4819
1090
2900
4865
2882
1452
595
3172
3756
4280
3108
860
3801
4221
3708
2232
1398
2307
3116
1985
2890
3804
1080
4011
2325
2016
957
789
4810
1824
4944
2420
2655
3943
4177
4523
320
467
451
4820
247
29
3924
3833
3774
2068
2525
3793
2990
2176
2479
1067
3924
2638
186
4596
3797
2076
4952
2715
2749
2127
3635
4685
75
2827
4829
3591
2302
963
1451
1530
557
3192
689
2107
202
3976
3231
2337
4607
3869
4923
3177
1950
831
282
1459
4821
3667
4908
166
3792
3537
1551
628
4146
4760
1366
2941
3246
4615
4210
3229
3353
4322
3445
3402
511
533
2246
4484
3534
1817
17
4582
3741
4141
3710
3008
4663
884
656
3561
3201
4850
4164
4761
1867
3966
1246
4246
788
1718
2528
2010
1394
709
1841
4732
3888
3883
4352
1949
233
4180
4373
4740
4911
2138
324
1213
2642
2812
4756
444
4845
195
1343
4690
3707
1169
369
4653
4530
943
1499
1528
4591
4859
552
405
4565
2268
3505
4357
4170
1911
605
3318
2957
4434
3561
2491
1727
825
1124
226
1983
3636
3596
985
3053
2340
4349
4987
379
303
1150
4314
1487
1065
2732
4083
3877
2122
4021
1721
3633
422
2878
1684
242
4418
3352
1449
2857
4591
1773
3605
2915
772
289
665
1290
1774
4593
529
4252
4139
1449
4229
2929
1048
643
1195
3394
3621
4419
2589
1270
3394
3954
2638
827
4374
3756
2252
2744
3582
4664
4482
2355
366
93
3766
4034
510
603
2659
4482
3761
2010
2877
3670
2197
981
4570
488
3416
1509
4972
631
1474
187
4453
3149
4679
455
2249
3258
3700
3352
1463
80
4323
2506
74
1645
2300
2776
2815
849
2998
2184
239
3408
4262
1730
4896
1017
2333
1859
4074
49
3201
1543
1355
723
2485
764
4523
2460
827
2053
4877
1857
1950
1963
994
4332
4570
2181
1654
2149
4889
2603
3698
827
859
2038
10
1481
1113
2475
2691
75
3416
4597
4414
1248
960
4584
694
3289
4523
662
3537
1964
2265
2093
190
439
2534
2655
1603
2763
882
368
3066
643
1566
3193
2836
4456
4537
2043
548
4932
2781
192
495
1756
4032
3472
4071
1555
4633
603
334
1736
1475
2958
1068
2839
600
4258
4976
3457
1952
4894
369
4293
2172
318
4296
1991
2003
3099
3536
3150
4697
4363
2965
2536
811
2506
3404
3157
3001
3939
4273
949
821
2339
3240
2115
4595
2580
4640
4749
4272
2966
1986
995
2196
4304
2731
1857
429
3844
4492
1102
3441
1331
4196
3027
3034
3195
1243
2916
3052
593
4610
1096
1537
3351
4335
1189
3119
703
192
1424
2230
1783
821
2629
1660
2106
477
1505
1422
2202
4215
4475
2122
1025
2685
4112
2688
1955
3803
1067
1756
2275
177
3194
2193
3234
692
1838
3034
857
2811
223
706
2696
1364
1492
4916
4044
3159
2412
4821
1520
2212
2341
2019
3807
2742
2278
2646
4861
681
1510
4300
2501
3872
694
710
4842
627
1485
4459
2138
542
425
2816
2131
302
4554
390
2744
2571
1425
4952
68
3848
343
2481
3902
3952
4211
1086
4438
253
3255
2425
613
4160
3287
1742
3458
1808
2420
1846
4093
3186
3497
2929
116
4334
1592
60
740
3372
2470
3232
4953
847
324
1865
2317
1397
4249
2510
186
1658
3204
2390
3317
2122
2752
4256
3179
3326
4887
2984
409
4638
1199
4898
3801
693
91
2981
2634
984
3196
3735
1023
3729
4552
1869
4377
3107
1144
400
525
3591
892
4950
2950
1755
3775
4252
2114
3452
1552
33
664
4660
4249
1266
1455
3720
3810
2565
4794
3695
2098
1958
3054
1509
3209
274
4568
2719
4102
101
608
1968
4944
2018
2233
3578
4476
2964
212
652
340
261
437
511
2420
4071
1169
2610
517
1809
1295
330
1610
3217
212
1771
3952
4631
2497
1883
1975
3267
1534
313
2530
931
995
33
2214
2551
4590
4740
2859
3133
42
1524
1380
2924
875
2755
4219
4206
4042
1201
2225
3564
4950
1860
1102
2664
1572
4994
2382
1388
2099
1398
1628
3444
4590
1005
2071
3734
3852
390
4610
3026
1655
4813
1487
4351
1250
1408
4855
926
506
3968
4003
147
3561
2059
2769
1502
4998
1899
2427
3916
3409
4422
2685
3659
1531
3849
2563
4862
3541
2791
903
4083
1034
3365
4050
4699
3531
2596
3351
2432
814
1455
402
4060
1807
240
1064
2227
3486
786
1601
1450
1248
1885
453
3120
3523
3661
1417
263
1723
4585
534
931
2648
314
727
1155
1318
344
1067
4794
3642
4835
2417
2058
1411
937
3577
2914
905
3822
3588
1752
1083
4215
2524
1177
3187
3110
2075
2645
2506
4297
53
2227
1895
221
2144
1395
3326
4283
15
1218
3119
4337
4380
2715
2660
2128
1285
4143
2035
4447
478
3792
3933
1296
515
257
2913
2833
560
156
630
3116
4398
3661
723
3207
1607
4298
4429
4725
812
512
2386
4659
837
197
3855
4063
1762
1573
3683
3394
4094
3106
1127
167
2993
790
2767
341
4822
1334
2125
1171
151
1192
3843
2485
1841
649
454
2965
292
3060
4136
135
3476
677
1397
2168
2837
1391
1630
1754
456
3590
3460
2816
1470
3454
413
3114
3220
3302
4603
414
73
2044
2909
816
1157
2978
1622
4175
2502
3718
3997
1270
2049
3841
107
4779
4724
2571
2002
2451
4720
2409
3477
4016
258
3728
4449
2658
1645
1419
4315
3940
4904
4074
1916
1800
2456
1795
588
554
4027
4969
4342
1954
2209
527
279
4131
3751
2319
3546
2600
4709
148
4317
4546
1124
1542
395
365
3765
3384
3777
4252
397
4188
4584
239
3332
82
3140
4216
4239
4423
2013
126
4004
4063
1942
2307
3977
326
2022
2580
244
152
1081
3366
4697
1553
4691
1559
2829
1248
202
677
1639
2285
3454
4615
4344
3230
1027
3860
424
404
2614
452
3890
3742
4280
3431
2013
3138
2733
1193
3722
612
776
1479
1868
3947
947
2548
2898
2835
719
1302
2177
4791
4429
1679
1969
670
4440
2089
4618
2088
1572
2958
1322
2760
3952
2200
913
1149
322
3314
872
2480
961
3549
2574
4359
1693
3903
3807
3793
2482
662
1918
2787
1702
4288
208
4629
3751
3739
1247
2459
1608
24
611
4601
452
1388
1163
1907
4214
4868
3708
1709
3349
4252
3688
1696
2435
4908
824
3170
270
2269
3839
1172
1216
3174
4208
3222
3494
2906
1603
2663
1888
4892
2182
3198
2431
3758
1296
4412
842
3615
2393
1134
3214
3311
715
2940
1412
3804
3574
2640
4879
2175
3178
1795
2769
861
4540
2741
646
3115
2260
669
827
2000
4094
4481
4121
2585
247
3576
2181
1209
589
3114
2320
3396
1532
4635
1343
2116
2248
1722
524
445
1834
4965
3758
2359
3871
1971
3626
4693
4859
1867
4132
4943
2767
4309
4836
3480
4948
585
865
55
560
1377
3490
1390
21
1086
1891
2874
438
4223
1032
3793
1523
2897
4357
1254
2444
27
693
1805
1183
3746
3238
2390
2841
4645
2104
1681
2947
3714
3397
4749
4138
1773
3114
3045
2603
1535
1315
2809
1738
4524
1272
4077
3665
521
478
2397
3643
4225
2195
2960
1700
3295
2141
4340
4578
4244
3385
4626
1630
1615
245
4393
1841
2940
2883
3169
4435
2277
4366
4159
1468
1547
4771
4299
607
4858
1732
2017
243
990
4798
3284
4714
4466
3324
605
1815
1287
1129
3831
2340
4632
4317
3785
480
2224
3069
539
867
3307
1036
3805
3300
2880
1522
4500
2503
3380
1677
1369
3658
4288
4846
1425
2101
1917
2581
1427
2387
4756
4534
3059
3062
1329
3768
1619
4126
4593
3992
1766
3397
3573
2981
1379
484
2284
3919
1161
2195
3463
3599
1275
1362
3341
698
359
1078
2536
4256
268
2479
976
2544
590
4151
421
2536
4684
1400
4812
1809
1454
507
4875
581
4314
3484
3320
4873
3881
2498
3864
1467
1653
4163
3791
3990
4439
1791
3791
2465
2470
2061
833
2652
4266
3953
231
1435
4274
2595
331
3782
1987
3657
1050
1120
2235
262
91
4865
2246
2185
4163
3077
3943
4807
3894
1901
1216
1694
3020
4833
3066
3976
3301
3861
3742
674
213
1422
4695
155
3011
42
1191
2535
4775
2522
4774
3115
2132
3295
3851
3110
3486
3302
1973
400
1972
3182
549
1339
3651
3736
2449
4052
4692
2858
3629
2842
4691
2833
3238
831
1575
3216
1502
454
771
3023
4530
1322
4298
2349
3670
936
4875
3623
3010
2522
1601
3903
1132
2434
4758
143
699
1775
1610
3164
3014
1839
4785
529
3757
2301
4615
1086
2930
2453
679
815
3840
3515
1727
699
829
3150
3540
1530
4517
2423
70
837
2087
1997
2717
4057
1362
2031
4465
3340
1971
961
2161
2426
3050
1668
733
625
3481
2724
2143
14
1354
2652
2301
1877
4741
3070
1143
533
3088
1228
1607
1155
287
3729
3161
4491
2584
4605
4628
346
1985
4641
764
2047
1388
4240
3891
584
2333
2963
3651
1470
3778
952
395
2320
2605
1801
4990
1412
2441
2722
116
2921
4676
3314
2254
2855
4403
3274
3853
232
1279
4396
4406
4825
4202
1454
916
3010
2684
4255
2116
2860
2820
2615
4711
4742
493
3077
4929
4663
3653
2153
1565
700
4081
2558
1667
3678
987
4561
4260
3898
2201
472
3331
610
3315
4240
1897
4888
4001
2844
3912
619
1648
2043
2936
4064
233
365
2475
442
1441
506
2829
114
1701
843
746
365
3893
2364
690
1634
3513
3075
4694
2240
2951
2638
4284
2833
4531
1521
241
3411
338
59
1191
3968
2163
4753
4090
3895
3919
1377
4156
2762
2065
829
500
4074
204
4836
4191
2085
4091
295
3892
4975
247
2041
4899
1467
2011
3585
4090
3128
1230
30
2839
786
4032
2685
4734
223
4032
4808
1907
2670
1067
3914
304
2101
562
1266
2291
3783
1517
2075
1740
3334
1580
1301
2067
2811
2850
951
3699
4188
2572
2088
629
1844
1865
4493
4782
1695
3639
1272
4388
1728
230
116
3236
5000
1523
4797
2825
2070
4325
1831
85
1342
2443
2537
3996
4424
146
628
4408
743
1929
551
2709
2959
4051
4533
3204
771
2757
4090
4292
388
2689
1233
786
3456
1431
781
25
1788
1570
3602
4163
501
4161
4370
219
4193
4092
3866
1106
199
3597
286
3801
421
2848
901
904
102
1484
1041
4277
2893
885
4048
3198
4416
1780
4944
2408
966
1311
1674
1530
4237
4394
2793
3855
4967
4942
1853
3041
4511
2177
3605
2350
480
2780
538
2028
3435
447
2110
1591
749
3455
2318
4353
1073
834
3584
1419
3098
4370
1919
4170
3519
374
1305
1365
4340
1205
3900
3642
4388
3796
2588
1377
2647
4835
4099
2671
1153
3419
80
818
285
3491
3017
3819
3936
1738
3688
3070
2444
3500
241
749
3751
3777
1035
1476
30
3734
603
4216
1594
2962
245
126
506
650
3192
2894
4053
2826
2137
3341
966
4840
1921
1172
3904
899
1348
1776
4038
4573
3263
607
1684
4566
500
2481
4816
1804
3126
64
180
735
3937
1608
4026
2808
1493
2040
3230
3943
2556
1184
4485
4478
2318
4563
1338
3590
1743
1836
3852
3145
2489
4020
2716
1842
4030
137
776
3576
1179
4840
1537
57
1804
4033
3400
4712
82
1719
4791
1383
1894
3099
2729
1809
4795
2282
3411
4867
1370
2677
987
3626
928
2781
3362
1762
3713
2009
4848
1671
124
2501
1078
484
193
1458
1261
2105
2731
881
4384
3522
4045
864
2342
2417
802
280
603
4945
4194
1437
3134
1069
1710
4694
1741
1665
3850
4728
1450
709
1414
2447
2688
2375
614
1324
1998
63
4768
11
2472
2816
2436
1004
2922
4804
1720
228
4350
2635
4499
1779
3070
2741
3659
2553
337
1399
1298
4536
1221
3457
4610
2491
677
3675
1245
354
1982
3442
4555
2018
3239
914
536
720
3384
276
2445
1178
1497
2169
2177
3033
972
419
176
3249
1975
3792
3475
1592
2602
1804
4376
3444
3755
423
213
3550
3558
3991
1036
2477
462
1451
812
4688
2091
302
2840
2828
4190
314
414
4879
922
111
1689
1806
4654
843
3162
733
1903
1535
1820
1198
4493
1857
918
3012
3464
562
3476
1299
119
2530
2996
4652
3266
2593
1874
3617
2774
625
3113
426
2080
2435
1887
4877
477
4942
768
2622
1081
3416
1693
3454
1641
3747
308
3576
1930
1158
3063
2914
1859
4189
360
1933
452
2966
635
2903
1313
1146
3081
109
4347
2350
4767
1937
1247
1079
1635
1778
458
424
2075
3623
3369
3483
1679
1866
2546
1584
2894
4412
2606
2442
3227
3688
21
1447
2553
2995
1645
4079
2651
2609
343
4515
3681
3184
2591
2406
258
1804
2570
4767
4841
851
761
3131
2581
3245
4877
2248
1177
3494
1531
1785
2286
1970
1623
2005
555
3874
1366
3150
3421
2382
259
3977
2535
2371
2961
3741
4950
4811
1778
950
2805
352
1083
3336
915
645
4094
115
1119
1074
3928
556
1183
1832
4979
2401
932
2380
488
251
449
4746
431
4281
1207
2792
2666
500
1492
4214
3516
2778
943
3797
408
3524
4514
338
4461
1657
1420
137
4315
4529
1593
4635
4946
2554
1857
4412
2971
1369
1572
1549
4358
4274
254
292
314
2882
2174
2715
4956
4257
3634
3856
3940
1138
4480
579
1087
3844
2440
3505
3019
1521
1001
3705
2054
3008
938
4730
582
1278
1227
1359
4374
4860
707
3493
3801
2700
2407
1940
4606
1163
810
3039
1367
4400
350
1749
4219
3132
3200
10
11
12
13
13
18
18
19
20
24
25
28
28
36
38
42
43
47
48
48
49
51
51
53
53
57
58
59
61
62
66
67
67
71
74
74
75
75
75
76
77
78
81
81
83
83
84
88
88
88
88
89
90
91
93
93
93
94
95
96
97
100
103
103
105
108
108
110
111
112
114
115
115
115
118
121
121
123
125
125
127
128
128
129
132
134
135
136
138
139
139
140
141
141
141
142
142
143
144
149
150
154
157
159
161
163
163
165
166
166
168
169
175
175
178
179
180
180
183
183
186
187
190
193
194
195
196
196
198
198
198
198
199
199
200
202
207
209
210
210
212
213
216
220
225
227
230
230
237
238
238
239
240
242
244
245
245
246
247
248
248
249
249
255
256
257
260
266
268
269
270
270
270
273
274
275
276
276
278
279
281
283
285
290
294
294
298
300
300
301
308
310
312
315
316
317
317
319
320
320
320
320
324
324
324
325
328
328
329
331
333
333
333
334
335
336
340
340
341
342
345
345
346
347
348
348
349
350
351
352
352
355
355
355
356
356
357
357
360
365
367
369
371
372
373
374
375
375
375
376
378
381
382
382
385
387
388
391
392
393
393
394
396
400
401
401
402
404
409
413
413
416
417
418
418
418
419
420
421
423
424
426
427
428
428
430
434
435
435
437
440
441
441
441
451
452
453
453
454
456
456
456
458
458
459
462
465
467
469
470
470
472
474
474
476
477
477
480
489
490
491
496
496
498
501
502
506
506
506
508
509
514
514
516
516
516
520
526
527
528
528
529
532
534
534
538
538
539
540
540
541
543
544
547
547
549
554
554
555
556
557
558
558
559
570
571
572
574
575
579
579
580
582
583
583
584
584
585
587
588
588
590
593
593
594
597
598
599
602
604
604
605
605
608
609
612
613
616
617
620
620
625
625
626
628
630
630
631
631
634
636
637
638
638
641
641
642
642
644
644
646
650
651
652
652
654
656
659
660
660
662
668
668
675
675
678
679
679
682
684
686
687
691
692
694
695
696
696
696
697
703
708
709
710
712
712
714
714
715
716
717
717
718
720
721
723
724
726
726
732
737
740
741
741
745
745
746
747
750
751
755
756
758
761
761
764
766
768
770
772
773
774
775
780
781
782
782
783
785
786
789
791
791
792
793
797
799
803
807
810
812
812
813
814
814
817
819
828
829
832
835
836
836
836
838
840
843
844
845
850
853
854
855
856
862
866
867
870
874
878
878
879
881
887
887
888
891
891
900
901
902
904
907
909
912
914
914
917
919
924
925
926
926
928
929
935
937
937
941
941
944
946
947
949
949
950
952
952
952
953
953
954
957
958
959
960
961
962
963
963
963
964
964
966
967
968
969
971
971
973
973
975
977
978
978
981
981
982
983
990
990
991
996
997
999
999
999
999
1000
1001
1001
1003
1005
1006
1010
1012
1014
1016
1018
1020
1024
1024
1025
1025
1026
1028
1031
1036
1036
1036
1039
1039
1042
1045
1048
1050
1052
1053
1054
1055
1056
1059
1062
1067
1069
1072
1073
1075
1076
1077
1078
1080
1080
1081
1081
1082
1082
1084
1085
1086
1086
1088
1088
1089
1090
1094
1099
1100
1101
1102
1103
1105
1106
1108
1109
1111
1112
1113
1114
1116
1120
1122
1124
1124
1124
1125
1126
1126
1128
1129
1132
1132
1133
1133
1133
1135
1135
1136
1137
1140
1140
1143
1145
1145
1146
1149
1149
1149
1149
1151
1151
1154
1156
1159
1160
1163
1164
1164
1165
1167
1167
1171
1173
1176
1177
1181
1181
1182
1182
1182
1186
1186
1189
1190
1192
1194
1194
1195
1195
1196
1198
1201
1201
1201
1203
1207
1209
1209
1209
1211
1212
1213
1214
1216
1217
1219
1219
1221
1223
1225
1226
1227
1230
1232
1232
1233
1233
1238
1239
1243
1244
1246
1249
1250
1251
1252
1254
1256
1258
1259
1259
1259
1260
1263
1265
1266
1268
1268
1269
1270
1271
1271
1271
1274
1275
1276
1278
1278
1280
1282
1288
1290
1291
1293
1294
1296
1299
1300
1302
1302
1304
1304
1305
1305
1307
1309
1311
1319
1319
1322
1323
1324
1325
1326
1328
1328
1331
1331
1332
1334
1337
1342
1343
1347
1352
1358
1358
1359
1360
1361
1361
1363
1364
1366
1368
1368
1369
1373
1374
1377
1377
1377
1379
1381
1383
1385
1386
1389
1399
1402
1404
1406
1407
1410
1410
1412
1413
1413
1414
1414
1417
1419
1420
1422
1423
1428
1432
1432
1434
1435
1438
1440
1441
1443
1445
1445
1450
1450
1453
1457
1461
1462
1463
1464
1466
1466
1467
1470
1470
1472
1472
1474
1475
1476
1477
1478
1479
1481
1487
1488
1489
1489
1492
1494
1500
1501
1503
1507
1507
1511
1513
1514
1517
1518
1523
1526
1526
1527
1527
1534
1536
1536
1538
1541
1542
1544
1546
1547
1547
1548
1550
1550
1551
1553
1557
1558
1561
1563
1566
1569
1569
1570
1574
1575
1577
1577
1578
1578
1579
1579
1582
1583
1585
1593
1593
1593
1593
1598
1601
1605
1605
1607
1614
1615
1616
1620
1621
1624
1624
1625
1625
1629
1631
1633
1633
1638
1638
1639
1641
1642
1643
1644
1645
1645
1647
1653
1654
1656
1656
1658
1658
1659
1660
1662
1663
1664
1665
1666
1667
1668
1670
1673
1673
1675
1677
1678
1680
1681
1681
1682
1684
1684
1689
1689
1691
1692
1693
1694
1696
1698
1698
1699
1700
1701
1701
1702
1702
1703
1704
1705
1706
1709
1711
1712
1714
1717
1719
1720
1721
1722
1725
1727
1734
1735
1735
1735
1736
1736
1737
1739
1740
1743
1746
1749
1754
1754
1756
1760
1762
1765
1766
1767
1767
1769
1769
1769
1773
1775
1776
1780
1782
1783
1786
1788
1788
1789
1792
1792
1792
1795
1795
1796
1796
1797
1801
1803
1805
1807
1807
1810
1812
1813
1814
1818
1819
1820
1822
1823
1824
1824
1826
1826
1826
1831
1832
1832
1833
1834
1837
1838
1840
1843
1844
1846
1851
1853
1853
1854
1854
1855
1858
1858
1864
1864
1865
1865
1866
1866
1867
1867
1868
1868
1871
1873
1874
1875
1876
1881
1884
1885
1886
1888
1889
1891
1891
1892
1892
1894
1894
1895
1902
1904
1905
1907
1908
1910
1913
1917
1917
1919
1919
1923
1925
1926
1926
1928
1930
1932
1932
1932
1932
1933
1934
1935
1936
1937
1939
1939
1940
1943
1943
1948
1949
1949
1949
1954
1956
1956
1957
1961
1965
1966
1967
1967
1967
1968
1968
1972
1975
1978
1979
1979
1982
1988
1988
1990
1993
1995
1998
1999
1999
2000
2001
2003
2004
2006
2006
2007
2008
2009
2010
2010
2010
2011
2013
2013
2016
2023
2023
2024
2024
2028
2030
2031
2034
2036
2036
2037
2039
2043
2043
2045
2046
2048
2051
2055
2056
2058
2062
2064
2065
2065
2065
2067
2068
2068
2070
2070
2071
2071
2072
2073
2073
2074
2075
2075
2076
2077
2079
2081
2082
2083
2083
2083
2086
2088
2089
2094
2094
2096
2097
2098
2098
2100
2101
2102
2102
2103
2105
2106
2106
2106
2108
2108
2109
2109
2110
2111
2113
2114
2116
2119
2121
2122
2126
2126
2127
2127
2127
2128
2129
2131
2133
2133
2134
2139
2140
2142
2142
2144
2144
2146
2147
2147
2148
2150
2150
2151
2152
2153
2153
2153
2156
2156
2162
2163
2164
2168
2169
2178
2180
2186
2187
2188
2188
2189
2190
2191
2194
2199
2204
2207
2211
2215
2218
2219
2220
2220
2221
2222
2222
2226
2227
2227
2234
2236
2237
2237
2237
2237
2240
2243
2244
2244
2246
2247
2248
2249
2251
2253
2253
2254
2254
2257
2259
2261
2262
2264
2265
2266
2266
2267
2267
2267
2270
2270
2272
2274
2275
2277
2277
2279
2287
2288
2292
2296
2301
2311
2311
2318
2318
2320
2323
2329
2332
2336
2337
2340
2341
2341
2343
2343
2343
2343
2347
2353
2353
2354
2355
2361
2362
2364
2364
2364
2368
2374
2377
2379
2382
2384
2384
2386
2387
2391
2391
2391
2392
2394
2394
2395
2395
2397
2400
2406
2406
2409
2412
2414
2414
2415
2417
2417
2417
2417
2420
2420
2423
2423
2424
2427
2431
2432
2432
2432
2432
2434
2436
2436
2439
2439
2442
2444
2447
2448
2449
2449
2450
2451
2451
2453
2455
2459
2461
2462
2463
2465
2465
2467
2468
2468
2469
2470
2472
2472
2475
2476
2477
2479
2480
2483
2483
2485
2486
2491
2491
2492
2497
2498
2500
2500
2502
2502
2503
2512
2516
2517
2517
2518
2523
2524
2525
2526
2529
2531
2533
2534
2536
2537
2538
2538
2539
2547
2554
2559
2562
2564
2565
2566
2567
2569
2571
2571
2573
2574
2574
2580
2581
2582
2583
2584
2585
2589
2590
2596
2597
2597
2598
2603
2606
2608
2611
2612
2613
2613
2614
2616
2617
2621
2622
2624
2624
2625
2625
2627
2628
2628
2628
2629
2629
2631
2632
2632
2632
2633
2638
2638
2638
2640
2641
2641
2643
2654
2655
2655
2655
2659
2659
2660
2660
2662
2662
2665
2671
2671
2672
2672
2672
2673
2674
2674
2675
2677
2677
2678
2682
2686
2688
2689
2691
2692
2693
2694
2696
2697
2699
2700
2701
2703
2707
2709
2710
2712
2714
2715
2717
2719
2721
2727
2727
2728
2730
2731
2733
2734
2734
2734
2736
2738
2740
2742
2743
2745
2746
2748
2748
2749
2749
2750
2750
2753
2755
2756
2757
2757
2759
2760
2761
2761
2761
2763
2764
2765
2768
2768
2773
2775
2775
2776
2777
2777
2779
2779
2779
2782
2783
2783
2784
2785
2789
2790
2797
2804
2807
2807
2808
2808
2809
2811
2812
2815
2820
2821
2824
2826
2827
2833
2834
2838
2841
2843
2849
2850
2850
2852
2855
2856
2857
2863
2865
2865
2867
2871
2872
2879
2883
2884
2885
2885
2887
2887
2887
2888
2888
2889
2892
2893
2893
2893
2897
2899
2900
2901
2904
2906
2906
2910
2910
2911
2911
2912
2914
2915
2917
2918
2919
2922
2923
2924
2925
2925
2928
2928
2931
2933
2933
2934
2935
2935
2939
2940
2941
2942
2942
2942
2947
2948
2948
2950
2950
2951
2952
2952
2954
2955
2957
2957
2962
2963
2966
2968
2968
2968
2969
2969
2970
2970
2971
2975
2975
2982
2983
2983
2985
2986
2987
2990
2990
2991
2991
2991
2992
2992
2994
2995
2996
2997
2997
3001
3002
3002
3003
3004
3007
3010
3012
3012
3012
3013
3014
3014
3014
3016
3018
3018
3022
3024
3025
3025
3027
3028
3029
3033
3033
3037
3037
3038
3039
3040
3041
3041
3043
3048
3048
3048
3050
3053
3054
3055
3062
3063
3063
3066
3069
3070
3071
3072
3072
3077
3080
3080
3081
3082
3083
3089
3090
3091
3091
3091
3094
3095
3095
3098
3098
3099
3101
3103
3104
3105
3105
3110
3110
3111
3111
3111
3112
3113
3114
3115
3116
3116
3119
3121
3121
3124
3124
3124
3125
3128
3129
3130
3131
3132
3132
3134
3135
3138
3141
3142
3144
3146
3148
3148
3148
3148
3150
3151
3151
3152
3152
3153
3156
3158
3162
3164
3165
3165
3165
3166
3167
3169
3171
3171
3172
3173
3175
3176
3181
3181
3182
3182
3182
3185
3185
3187
3187
3190
3192
3194
3194
3194
3196
3199
3200
3205
3206
3208
3210
3210
3213
3213
3217
3218
3224
3224
3227
3231
3242
3242
3242
3243
3245
3246
3246
3247
3249
3249
3250
3251
3252
3257
3258
3259
3261
3261
3261
3263
3265
3272
3275
3279
3280
3281
3282
3283
3284
3284
3286
3288
3289
3295
3295
3298
3301
3303
3304
3305
3305
3308
3308
3310
3311
3315
3315
3317
3318
3321
3324
3326
3326
3328
3331
3332
3335
3337
3338
3339
3339
3345
3347
3350
3350
3354
3359
3361
3362
3363
3367
3371
3374
3374
3378
3379
3381
3381
3381
3383
3384
3386
3391
3393
3394
3396
3397
3398
3401
3403
3407
3409
3412
3413
3414
3415
3415
3417
3418
3418
3418
3419
3419
3419
3420
3421
3425
3431
3433
3433
3435
3436
3438
3438
3440
3442
3444
3446
3447
3448
3450
3451
3452
3452
3454
3455
3458
3458
3458
3462
3463
3465
3466
3466
3467
3468
3469
3469
3469
3470
3478
3480
3482
3486
3486
3488
3489
3490
3492
3493
3494
3496
3499
3502
3503
3504
3505
3506
3506
3507
3507
3513
3514
3519
3521
3521
3525
3526
3527
3531
3532
3532
3536
3536
3537
3539
3544
3547
3549
3549
3550
3550
3555
3557
3557
3558
3560
3560
3561
3564
3564
3567
3569
3570
3573
3574
3575
3576
3576
3577
3578
3579
3580
3580
3583
3588
3590
3592
3592
3593
3595
3596
3600
3600
3601
3602
3606
3607
3608
3609
3612
3612
3613
3615
3615
3622
3628
3629
3633
3633
3633
3634
3635
3639
3640
3641
3642
3642
3643
3643
3645
3646
3647
3648
3648
3650
3650
3652
3652
3652
3653
3654
3657
3658
3659
3659
3662
3663
3665
3666
3668
3670
3672
3672
3674
3674
3674
3676
3677
3677
3679
3679
3687
3687
3687
3691
3692
3693
3696
3696
3698
3698
3701
3703
3705
3706
3708
3708
3709
3710
3712
3714
3715
3716
3719
3723
3723
3729
3732
3733
3738
3739
3740
3740
3741
3742
3744
3746
3747
3748
3750
3753
3754
3755
3756
3757
3761
3762
3764
3767
3767
3774
3774
3775
3775
3780
3781
3781
3781
3781
3784
3784
3785
3786
3788
3794
3799
3799
3799
3802
3803
3807
3808
3808
3813
3814
3815
3815
3817
3817
3824
3825
3825
3828
3829
3831
3831
3836
3846
3846
3847
3848
3848
3849
3850
3854
3855
3858
3859
3863
3863
3863
3865
3865
3866
3868
3868
3870
3878
3878
3879
3881
3881
3883
3885
3889
3891
3893
3894
3895
3899
3902
3902
3905
3906
3914
3917
3918
3921
3922
3926
3926
3929
3929
3930
3930
3933
3934
3935
3939
3939
3940
3943
3943
3947
3952
3959
3959
3960
3962
3962
3964
3964
3967
3968
3971
3973
3974
3977
3978
3980
3982
3982
3982
3986
3987
3988
3988
3992
3994
3995
3996
4000
4000
4003
4004
4004
4009
4010
4011
4013
4018
4018
4018
4019
4021
4022
4023
4023
4024
4025
4029
4031
4036
4036
4039
4042
4047
4047
4050
4051
4051
4056
4056
4058
4061
4062
4063
4066
4068
4069
4071
4071
4073
4073
4075
4077
4081
4087
4088
4089
4089
4090
4090
4091
4093
4093
4095
4098
4100
4103
4105
4106
4108
4109
4110
4111
4111
4114
4115
4121
4121
4122
4123
4125
4125
4125
4127
4129
4132
4133
4134
4140
4141
4142
4143
4144
4144
4146
4149
4149
4151
4152
4153
4153
4156
4156
4157
4157
4160
4161
4162
4163
4163
4164
4167
4167
4167
4167
4174
4175
4175
4176
4177
4179
4181
4183
4186
4187
4187
4188
4189
4190
4191
4192
4196
4196
4202
4203
4203
4204
4210
4211
4211
4213
4215
4216
4217
4219
4220
4221
4222
4225
4228
4232
4236
4236
4236
4238
4238
4239
4239
4243
4244
4245
4246
4248
4248
4248
4249
4253
4254
4254
4258
4262
4262
4262
4266
4268
4269
4269
4270
4270
4270
4271
4274
4277
4278
4283
4283
4285
4286
4288
4288
4288
4295
4297
4299
4299
4301
4305
4305
4305
4305
4306
4308
4312
4314
4318
4319
4323
4325
4325
4326
4327
4328
4329
4330
4334
4335
4336
4336
4336
4336
4341
4341
4343
4343
4344
4346
4346
4348
4348
4350
4350
4352
4356
4359
4361
4361
4361
4362
4363
4363
4364
4371
4377
4377
4378
4381
4383
4385
4385
4385
4386
4386
4388
4388
4388
4390
4392
4393
4394
4397
4399
4400
4400
4400
4402
4403
4403
4406
4407
4408
4410
4412
4413
4414
4414
4419
4419
4421
4423
4424
4426
4429
4429
4431
4432
4432
4433
4433
4433
4433
4434
4436
4438
4441
4441
4442
4448
4455
4460
4461
4463
4464
4468
4469
4471
4473
4477
4479
4480
4482
4484
4485
4485
4486
4486
4488
4488
4488
4489
4491
4492
4494
4496
4503
4503
4504
4505
4506
4506
4509
4510
4511
4511
4512
4514
4515
4516
4520
4524
4526
4527
4531
4532
4534
4534
4535
4537
4537
4538
4539
4539
4541
4541
4541
4543
4545
4550
4551
4552
4552
4553
4555
4556
4558
4558
4561
4561
4564
4565
4565
4566
4567
4568
4569
4571
4573
4573
4574
4576
4576
4576
4577
4578
4579
4580
4580
4583
4583
4586
4587
4587
4589
4590
4591
4591
4593
4595
4595
4600
4600
4600
4601
4601
4602
4603
4605
4605
4613
4616
4616
4619
4620
4625
4625
4627
4628
4629
4629
4630
4632
4636
4636
4638
4639
4639
4639
4640
4642
4644
4645
4648
4649
4651
4651
4651
4653
4660
4662
4664
4666
4670
4674
4675
4676
4676
4680
4681
4682
4683
4684
4685
4685
4685
4686
4688
4688
4689
4689
4690
4695
4696
4697
4698
4698
4699
4699
4701
4701
4704
4704
4705
4709
4709
4712
4713
4713
4715
4717
4721
4721
4723
4725
4726
4726
4726
4728
4731
4732
4732
4735
4736
4738
4739
4739
4745
4749
4749
4749
4750
4755
4756
4757
4758
4760
4761
4762
4762
4766
4768
4769
4769
4772
4775
4779
4780
4781
4782
4782
4786
4786
4788
4788
4790
4792
4792
4792
4800
4803
4804
4806
4808
4808
4809
4810
4814
4814
4821
4821
4823
4828
4833
4834
4840
4845
4845
4846
4848
4849
4849
4850
4850
4850
4852
4853
4855
4856
4856
4857
4857
4858
4858
4861
4862
4866
4867
4871
4872
4876
4879
4879
4879
4880
4881
4883
4884
4885
4887
4888
4889
4890
4891
4892
4892
4894
4894
4894
4895
4896
4896
4899
4901
4903
4903
4905
4909
4911
4912
4912
4914
4918
4919
4920
4921
4926
4929
4932
4933
4937
4940
4943
4944
4945
4947
4948
4948
4954
4955
4961
4962
4963
4963
4965
4966
4968
4974
4975
4978
4979
4981
4982
4984
4985
4985
4986
4987
4987
4987
4990
4990
4991
4992
4994
4997
5000
5002
5010
5010
5012
5014
5014
5014
5015
5025
5025
5025
5026
5027
5032
5032
5033
5035
5035
5038
5038
5039
5039
5041
5042
5042
5044
5046
5047
5052
5052
5052
5053
5053
5056
5063
5064
5065
5067
5070
5070
5071
5075
5075
5076
5076
5077
5077
5078
5081
5082
5082
5086
5088
5088
5090
5091
5092
5096
5098
5098
5099
5100
5101
5101
5109
5111
5111
5113
5113
5114
5117
5118
5118
5119
5120
5123
5124
5124
5125
5125
5127
5133
5135
5136
5136
5136
5139
5147
5148
5159
5160
5161
5162
5163
5164
5166
5168
5179
5182
5187
5190
5193
5194
5197
5198
5200
5201
5203
5204
5207
5208
5209
5210
5210
5211
5211
5213
5213
5214
5214
5214
5216
5219
5219
5220
5221
5222
5224
5224
5225
5226
5227
5227
5227
5229
5230
5230
5231
5236
5236
5239
5239
5241
5241
5245
5246
5248
5249
5251
5254
5255
5255
5257
5259
5259
5262
5262
5263
5266
5267
5268
5268
5270
5271
5272
5273
5278
5278
5279
5279
5280
5281
5282
5285
5288
5289
5290
5292
5293
5296
5296
5296
5297
5298
5304
5307
5309
5310
5312
5312
5312
5312
5314
5314
5315
5317
5317
5321
5322
5325
5327
5329
5332
5333
5336
5336
5338
5338
5338
5340
5345
5347
5348
5348
5348
5351
5351
5352
5353
5356
5356
5357
5359
5364
5367
5368
5369
5370
5377
5378
5378
5379
5380
5382
5386
5388
5390
5393
5393
5393
5395
5397
5399
5400
5400
5400
5402
5404
5404
5405
5405
5407
5409
5412
5413
5415
5417
5419
5420
5421
5423
5425
5425
5426
5427
5431
5431
5434
5434
5437
5437
5440
5443
5444
5446
5447
5453
5453
5455
5457
5457
5459
5460
5461
5464
5467
5470
5470
5471
5477
5479
5479
5482
5489
5490
5492
5492
5494
5495
5498
5500
5501
5502
5502
5502
5503
5503
5504
5504
5504
5509
5509
5510
5511
5511
5514
5514
5514
5518
5518
5520
5521
5526
5528
5528
5529
5530
5530
5535
5537
5538
5539
5539
5540
5541
5541
5543
5545
5545
5546
5548
5550
5551
5553
5554
5555
5556
5558
5558
5561
5566
5566
5566
5570
5570
5570
5572
5573
5573
5575
5575
5576
5576
5577
5577
5582
5583
5584
5584
5585
5585
5586
5587
5587
5588
5590
5591
5593
5594
5595
5597
5597
5598
5600
5601
5602
5603
5605
5608
5609
5609
5610
5614
5614
5615
5615
5616
5619
5621
5623
5624
5625
5625
5625
5628
5628
5630
5635
5635
5635
5638
5641
5641
5642
5646
5647
5648
5650
5652
5652
5653
5653
5653
5655
5655
5656
5659
5661
5661
5664
5667
5667
5673
5674
5676
5678
5679
5679
5680
5682
5685
5685
5688
5688
5688
5692
5694
5695
5696
5696
5697
5697
5698
5698
5701
5707
5709
5709
5712
5712
5712
5713
5714
5716
5717
5718
5718
5721
5722
5724
5728
5728
5729
5729
5730
5730
5732
5735
5736
5739
5743
5743
5746
5749
5750
5751
5754
5755
5761
5762
5762
5762
5766
5766
5768
5768
5769
5776
5777
5778
5779
5780
5780
5780
5781
5781
5782
5786
5790
5796
5797
5797
5797
5799
5800
5802
5805
5806
5809
5810
5814
5814
5815
5818
5820
5826
5827
5828
5828
5830
5830
5831
5833
5836
5836
5837
5838
5839
5839
5840
5842
5843
5843
5844
5844
5844
5848
5848
5850
5851
5853
5854
5855
5856
5856
5857
5858
5859
5862
5863
5863
5864
5865
5867
5868
5870
5873
5876
5877
5878
5879
5884
5887
5889
5892
5896
5896
5900
5901
5901
5902
5902
5902
5907
5913
5914
5915
5915
5917
5919
5920
5921
5924
5924
5927
5928
5929
5931
5932
5935
5935
5937
5938
5941
5942
5947
5948
5948
5948
5950
5954
5956
5956
5958
5959
5960
5963
5966
5968
5969
5971
5971
5973
5974
5975
5975
5976
5977
5978
5978
5979
5979
5979
5983
5983
5986
5987
5987
5988
5990
5993
5993
5993
5993
6000
6003
6004
6006
6011
6014
6017
6018
6020
6022
6022
6027
6030
6031
6031
6032
6032
6032
6035
6035
6038
6039
6042
6043
6043
6048
6049
6050
6052
6053
6057
6058
6058
6059
6060
6060
6062
6064
6065
6066
6067
6070
6076
6077
6079
6087
6097
6098
6099
6101
6101
6102
6104
6105
6108
6110
6112
6115
6117
6118
6119
6122
6123
6124
6125
6127
6129
6130
6133
6134
6135
6136
6137
6141
6143
6144
6147
6148
6151
6151
6151
6154
6154
6156
6157
6158
6159
6160
6161
6161
6161
6164
6166
6167
6170
6173
6174
6176
6177
6180
6184
6184
6184
6185
6186
6190
6190
6191
6192
6192
6193
6197
6198
6200
6200
6200
6200
6201
6201
6203
6203
6205
6206
6209
6212
6214
6214
6217
6217
6219
6219
6220
6223
6223
6228
6229
6235
6237
6238
6239
6242
6243
6245
6246
6252
6254
6257
6258
6260
6261
6262
6262
6262
6264
6266
6268
6269
6270
6271
6271
6271
6275
6275
6275
6278
6279
6281
6282
6285
6285
6291
6293
6296
6298
6299
6301
6303
6304
6304
6305
6311
6312
6313
6315
6316
6317
6319
6319
6321
6322
6322
6322
6325
6327
6327
6328
6328
6329
6329
6331
6335
6335
6341
6341
6342
6346
6348
6352
6354
6359
6361
6363
6364
6364
6365
6366
6373
6375
6379
6379
6382
6384
6384
6385
6386
6390
6392
6392
6394
6395
6398
6399
6402
6406
6406
6407
6408
6409
6415
6415
6417
6418
6419
6422
6424
6425
6430
6432
6432
6432
6438
6438
6445
6451
6455
6457
6460
6460
6462
6462
6465
6467
6468
6472
6473
6475
6475
6477
6483
6485
6487
6489
6489
6491
6492
6493
6493
6494
6495
6496
6497
6497
6497
6500
6500
6504
6505
6508
6509
6510
6515
6518
6519
6520
6528
6528
6529
6529
6533
6535
6537
6544
6544
6548
6549
6551
6552
6552
6554
6555
6556
6557
6560
6562
6566
6566
6571
6571
6572
6573
6574
6578
6579
6579
6580
6580
6581
6585
6586
6590
6592
6593
6593
6594
6595
6601
6602
6603
6603
6604
6609
6610
6611
6611
6612
6617
6618
6620
6621
6622
6623
6624
6626
6627
6629
6629
6630
6630
6631
6632
6633
6638
6638
6638
6638
6642
6649
6652
6653
6653
6655
6655
6655
6656
6656
6657
6658
6658
6660
6661
6662
6662
6663
6668
6670
6670
6670
6673
6677
6678
6680
6681
6682
6683
6684
6685
6689
6690
6692
6692
6693
6699
6701
6703
6705
6709
6710
6710
6714
6715
6716
6717
6720
6726
6726
6727
6728
6730
6731
6731
6732
6732
6732
6735
6737
6737
6737
6738
6738
6742
6742
6745
6747
6751
6756
6757
6759
6760
6760
6766
6768
6768
6769
6769
6771
6772
6773
6773
6775
6776
6777
6779
6780
6782
6784
6785
6786
6790
6792
6794
6795
6797
6801
6802
6802
6807
6809
6811
6812
6813
6814
6816
6817
6817
6817
6819
6819
6821
6825
6825
6828
6830
6831
6832
6834
6834
6834
6835
6836
6837
6838
6843
6844
6845
6845
6846
6847
6848
6849
6852
6853
6854
6856
6860
6862
6862
6863
6863
6864
6867
6868
6871
6879
6879
6879
6880
6881
6883
6884
6885
6886
6887
6890
6895
6895
6897
6899
6900
6903
6906
6906
6907
6909
6911
6912
6912
6912
6914
6916
6917
6926
6933
6935
6935
6938
6945
6947
6947
6948
6953
6957
6958
6959
6962
6963
6966
6966
6973
6974
6975
6975
6977
6977
6979
6980
6981
6985
6985
6986
6987
6990
6991
6993
6996
6998
7002
7006
7006
7010
7012
7013
7014
7017
7019
7022
7022
7023
7025
7025
7028
7028
7033
7035
7035
7035
7037
7039
7042
7043
7043
7044
7046
7046
7046
7047
7048
7051
7052
7052
7055
7055
7056
7060
7060
7061
7062
7062
7063
7065
7065
7069
7071
7071
7073
7079
7081
7081
7087
7087
7088
7092
7092
7092
7092
7093
7093
7094
7096
7097
7097
7100
7102
7102
7103
7104
7104
7105
7106
7107
7111
7113
7114
7118
7121
7124
7124
7124
7126
7128
7130
7132
7133
7134
7135
7139
7142
7142
7144
7144
7145
7148
7149
7150
7150
7153
7153
7154
7155
7159
7161
7161
7161
7161
7162
7166
7166
7168
7170
7170
7171
7173
7173
7177
7177
7177
7178
7180
7184
7185
7185
7186
7188
7188
7191
7191
7194
7196
7197
7197
7199
7199
7199
7200
7200
7201
7202
7202
7203
7205
7208
7209
7210
7210
7212
7213
7213
7214
7214
7215
7216
7217
7218
7218
7219
7220
7226
7226
7227
7234
7235
7235
7236
7236
7241
7243
7248
7251
7251
7251
7251
7252
7252
7253
7253
7254
7257
7259
7259
7265
7265
7270
7278
7281
7281
7281
7283
7286
7288
7290
7291
7292
7292
7294
7299
7302
7304
7304
7304
7305
7306
7309
7310
7312
7313
7315
7316
7316
7318
7320
7322
7323
7324
7325
7326
7326
7329
7333
7333
7336
7339
7340
7340
7341
7342
7348
7351
7352
7352
7352
7358
7359
7360
7362
7362
7372
7376
7377
7384
7386
7387
7388
7391
7392
7395
7395
7396
7397
7397
7400
7401
7401
7402
7403
7404
7405
7409
7410
7413
7416
7417
7418
7420
7422
7426
7427
7428
7433
7433
7436
7436
7439
7442
7444
7444
7446
7447
7450
7451
7451
7455
7455
7458
7459
7459
7460
7460
7462
7465
7465
7466
7467
7467
7469
7470
7471
7473
7478
7482
7484
7486
7489
7490
7491
7491
7493
7494
7495
7497
7499
7499
7500
7501
7503
7503
7503
7504
7506
7509
7510
7511
7512
7514
7514
7517
7518
7520
7521
7521
7523
7525
7526
7528
7529
7532
7533
7533
7534
7538
7539
7540
7541
7544
7545
7551
7552
7553
7554
7555
7556
7557
7557
7559
7559
7561
7564
7564
7565
7569
7571
7571
7574
7575
7576
7579
7580
7580
7582
7583
7586
7586
7587
7588
7590
7592
7593
7594
7595
7596
7600
7601
7602
7602
7604
7605
7612
7615
7616
7617
7618
7618
7620
7622
7626
7626
7627
7629
7631
7633
7634
7635
7635
7637
7638
7639
7639
7640
7642
7643
7644
7644
7644
7646
7647
7650
7651
7653
7656
7657
7657
7661
7669
7671
7674
7677
7677
7678
7681
7683
7684
7684
7685
7686
7687
7688
7689
7691
7691
7691
7692
7693
7695
7698
7700
7702
7702
7702
7702
7703
7705
7707
7707
7710
7712
7713
7714
7714
7715
7718
7718
7721
7725
7725
7727
7728
7730
7730
7734
7735
7735
7736
7737
7738
7739
7741
7741
7741
7744
7745
7746
7747
7750
7750
7752
7758
7758
7759
7761
7761
7761
7764
7765
7766
7766
7768
7772
7772
7773
7773
7773
7776
7777
7777
7780
7783
7783
7785
7786
7796
7797
7799
7799
7799
7800
7804
7805
7806
7806
7807
7807
7809
7810
7811
7812
7814
7817
7817
7817
7817
7818
7819
7820
7822
7826
7828
7832
7836
7839
7846
7850
7851
7851
7852
7853
7854
7855
7857
7857
7858
7863
7865
7868
7869
7869
7870
7872
7872
7875
7876
7876
7877
7879
7880
7881
7882
7884
7885
7886
7886
7886
7888
7890
7894
7895
7897
7898
7900
7900
7904
7904
7904
7907
7909
7911
7914
7914
7917
7919
7920
7920
7922
7927
7928
7928
7931
7932
7932
7951
7955
7959
7959
7960
7961
7962
7962
7963
7964
7964
7965
7969
7972
7975
7976
7979
7982
7983
7984
7989
7991
7991
7992
7994
7994
7996
7997
7998
7998
8000
8002
8005
8005
8007
8008
8010
8012
8013
8013
8015
8017
8017
8017
8019
8020
8022
8022
8023
8025
8026
8026
8026
8029
8030
8031
8037
8038
8038
8039
8040
8042
8042
8050
8054
8056
8056
8056
8059
8061
8062
8062
8062
8064
8064
8065
8067
8067
8068
8068
8068
8070
8070
8070
8071
8072
8073
8075
8076
8076
8078
8079
8079
8081
8084
8087
8088
8089
8089
8094
8094
8094
8103
8103
8105
8105
8106
8106
8106
8107
8107
8108
8112
8113
8114
8117
8117
8119
8122
8123
8124
8130
8131
8133
8136
8137
8137
8142
8147
8148
8149
8150
8151
8153
8153
8154
8156
8160
8163
8164
8165
8166
8166
8170
8171
8177
8179
8180
8180
8181
8186
8188
8188
8190
8191
8193
8193
8195
8197
8198
8201
8203
8205
8206
8207
8208
8211
8212
8213
8214
8215
8216
8219
8222
8225
8226
8228
8235
8237
8239
8244
8245
8247
8247
8249
8250
8250
8251
8251
8259
8261
8266
8267
8270
8271
8273
8274
8281
8283
8283
8284
8291
8293
8294
8294
8299
8300
8300
8300
8303
8306
8306
8307
8311
8312
8315
8316
8318
8321
8322
8324
8324
8325
8327
8334
8335
8337
8341
8343
8343
8344
8345
8346
8346
8348
8350
8352
8356
8356
8357
8362
8362
8363
8364
8367
8367
8368
8368
8368
8370
8370
8372
8373
8375
8375
8381
8381
8381
8382
8382
8382
8383
8383
8385
8385
8385
8387
8388
8389
8390
8391
8392
8393
8395
8396
8398
8400
8403
8405
8406
8406
8406
8407
8417
8420
8421
8421
8423
8424
8424
8427
8427
8427
8433
8434
8434
8435
8436
8436
8437
8440
8443
8446
8447
8448
8448
8448
8449
8451
8453
8455
8456
8456
8460
8460
8462
8467
8470
8471
8473
8475
8475
8477
8478
8478
8478
8479
8481
8481
8481
8483
8484
8485
8486
8487
8488
8488
8489
8494
8494
8499
8499
8502
8503
8503
8504
8505
8506
8511
8511
8514
8514
8517
8517
8521
8525
8526
8527
8528
8528
8529
8529
8529
8530
8532
8533
8533
8536
8538
8538
8542
8543
8543
8543
8544
8547
8547
8549
8549
8550
8551
8554
8555
8555
8560
8562
8562
8562
8563
8564
8566
8567
8567
8568
8569
8571
8571
8573
8575
8575
8579
8582
8582
8584
8584
8585
8588
8589
8589
8589
8589
8591
8592
8592
8596
8599
8601
8601
8602
8602
8603
8604
8607
8608
8610
8611
8612
8614
8615
8623
8623
8626
8626
8628
8629
8630
8634
8637
8640
8640
8641
8642
8642
8642
8643
8644
8645
8646
8647
8653
8653
8655
8658
8659
8661
8663
8665
8665
8667
8668
8668
8668
8669
8670
8670
8670
8672
8675
8675
8678
8681
8681
8681
8682
8685
8693
8695
8696
8696
8697
8697
8699
8700
8701
8702
8704
8704
8708
8708
8709
8713
8715
8715
8716
8717
8721
8722
8723
8728
8728
8729
8730
8731
8731
8732
8734
8736
8738
8740
8740
8740
8740
8740
8741
8743
8746
8748
8749
8750
8751
8751
8753
8753
8756
8756
8757
8758
8759
8761
8763
8765
8765
8767
8770
8771
8772
8772
8773
8774
8774
8776
8776
8776
8778
8779
8783
8786
8786
8788
8791
8794
8795
8797
8798
8799
8803
8804
8805
8806
8807
8814
8815
8817
8817
8818
8820
8827
8827
8828
8833
8836
8837
8838
8838
8839
8841
8841
8848
8850
8853
8854
8855
8858
8858
8858
8861
8862
8862
8862
8865
8866
8867
8877
8883
8886
8891
8891
8892
8897
8897
8898
8898
8898
8900
8903
8903
8903
8904
8905
8905
8906
8906
8909
8911
8911
8919
8923
8924
8924
8925
8926
8930
8931
8931
8932
8937
8937
8939
8942
8943
8943
8947
8948
8949
8950
8950
8951
8951
8952
8954
8954
8955
8955
8956
8959
8960
8962
8964
8964
8965
8967
8968
8970
8971
8974
8978
8978
8978
8983
8984
8986
8986
8988
8989
8993
8993
8994
8996
8996
8997
8998
9003
9005
9005
9007
9009
9012
9015
9017
9026
9027
9031
9032
9032
9035
9042
9043
9043
9045
9046
9050
9051
9053
9056
9057
9057
9058
9058
9058
9060
9060
9061
9063
9067
9068
9068
9069
9069
9070
9071
9072
9072
9075
9076
9078
9080
9080
9080
9081
9081
9081
9082
9084
9085
9085
9087
9087
9089
9089
9095
9097
9102
9105
9107
9110
9111
9113
9118
9118
9122
9122
9123
9124
9125
9125
9126
9127
9128
9130
9131
9132
9132
9132
9133
9134
9134
9135
9135
9137
9137
9140
9141
9142
9143
9147
9148
9148
9148
9149
9151
9152
9156
9156
9157
9161
9162
9164
9165
9168
9169
9171
9174
9175
9176
9177
9178
9181
9181
9184
9185
9186
9187
9190
9193
9195
9199
9203
9203
9203
9206
9206
9207
9207
9207
9208
9208
9209
9210
9211
9212
9212
9214
9214
9219
9220
9220
9223
9227
9228
9228
9231
9231
9233
9233
9233
9233
9233
9234
9235
9235
9237
9245
9245
9245
9253
9258
9259
9260
9261
9261
9264
9264
9265
9268
9268
9269
9271
9271
9271
9275
9276
9277
9277
9278
9286
9286
9288
9290
9291
9296
9297
9300
9304
9305
9306
9310
9311
9313
9317
9317
9318
9319
9320
9321
9322
9324
9324
9324
9325
9326
9328
9328
9329
9330
9331
9331
9337
9338
9340
9343
9346
9347
9347
9348
9348
9351
9351
9351
9351
9353
9359
9361
9362
9363
9368
9369
9370
9375
9376
9377
9378
9379
9379
9379
9380
9380
9380
9389
9389
9391
9391
9395
9396
9402
9403
9404
9407
9412
9412
9413
9414
9420
9420
9420
9422
9422
9425
9427
9429
9432
9436
9437
9439
9440
9451
9454
9456
9456
9460
9460
9462
9462
9463
9464
9467
9469
9470
9470
9471
9472
9473
9477
9480
9481
9481
9484
9486
9488
9490
9490
9491
9491
9492
9492
9493
9493
9493
9496
9497
9497
9498
9499
9500
9505
9506
9511
9514
9514
9517
9518
9519
9521
9522
9523
9524
9527
9530
9534
9534
9535
9544
9546
9546
9548
9552
9554
9555
9555
9558
9560
9560
9562
9564
9565
9565
9565
9566
9569
9569
9570
9571
9573
9578
9579
9580
9580
9581
9582
9584
9585
9587
9592
9593
9593
9593
9594
9594
9597
9598
9600
9602
9602
9603
9605
9607
9607
9609
9620
9621
9625
9626
9627
9627
9627
9628
9629
9629
9629
9630
9631
9632
9634
9635
9636
9636
9640
9642
9642
9643
9646
9647
9647
9647
9647
9650
9651
9656
9656
9657
9659
9661
9661
9662
9664
9665
9666
9667
9673
9674
9674
9675
9676
9678
9680
9681
9686
9687
9689
9692
9694
9694
9696
9700
9701
9703
9705
9708
9709
9709
9709
9711
9711
9712
9715
9717
9718
9718
9719
9724
9726
9728
9728
9732
9732
9737
9740
9740
9741
9744
9746
9747
9747
9748
9748
9751
9752
9752
9754
9754
9754
9754
9755
9757
9758
9759
9760
9762
9765
9767
9771
9772
9773
9774
9777
9781
9782
9783
9784
9786
9788
9788
9789
9790
9796
9797
9797
9797
9798
9802
9806
9810
9813
9813
9813
9822
9822
9833
9833
9835
9836
9837
9840
9843
9844
9844
9845
9846
9847
9847
9848
9849
9850
9850
9852
9853
9855
9856
9857
9857
9857
9859
9861
9861
9863
9866
9867
9868
9868
9869
9870
9871
9871
9871
9874
9874
9876
9879
9880
9880
9881
9881
9881
9884
9887
9887
9888
9889
9889
9889
9891
9892
9893
9894
9896
9901
9902
9903
9904
9909
9910
9910
9911
9916
9920
9920
9920
9921
9921
9921
9926
9927
9928
9936
9942
9942
9944
9945
9951
9951
9951
9952
9953
9955
9955
9958
9960
9961
9962
9964
9965
9965
9967
9967
9972
9973
9976
9976
9976
9976
9977
9977
9978
9980
9981
9981
9981
9982
9988
9989
9989
9996
9997
9997
10002
10005
10006
10007
10008
10008
10009
10009
10011
10016
10021
10021
10022
10022
10022
10027
10028
10029
10029
10029
10030
10031
10032
10034
10035
10039
10040
10041
10044
10045
10046
10048
10049
10049
10050
10052
10052
10056
10056
10058
10058
10060
10063
10063
10064
10065
10071
10071
10075
10078
10078
10079
10080
10082
10082
10084
10085
10088
10091
10093
10093
10094
10095
10098
10099
10100
10103
10106
10107
10108
10109
10110
10113
10115
10118
10118
10119
10120
10132
10135
10135
10135
10136
10137
10137
10138
10139
10139
10144
10145
10147
10149
10149
10151
10152
10152
10154
10154
10155
10157
10160
10160
10162
10164
10165
10166
10167
10168
10169
10169
10171
10173
10177
10178
10179
10179
10181
10181
10183
10186
10187
10188
10189
10190
10191
10200
10200
10200
10205
10207
10208
10208
10216
10216
10218
10219
10221
10221
10222
10225
10227
10227
10227
10227
10229
10231
10232
10233
10234
10236
10238
10240
10241
10242
10243
10244
10247
10248
10249
10249
10249
10249
10250
10253
10253
10255
10255
10257
10258
10258
10260
10263
10266
10266
10267
10269
10269
10270
10275
10275
10282
10283
10284
10286
10290
10291
10293
10294
10294
10296
10296
10297
10297
10298
10298
10300
10302
10303
10304
10308
10315
10316
10316
10317
10321
10322
10327
10329
10330
10331
10331
10331
10333
10334
10335
10336
10337
10339
10340
10342
10343
10345
10349
10349
10352
10353
10353
10354
10356
10357
10359
10360
10360
10361
10363
10365
10367
10368
10369
10372
10379
10379
10379
10381
10383
10385
10390
10391
10392
10394
10399
10401
10402
10406
10407
10407
10409
10409
10409
10410
10412
10413
10415
10416
10417
10419
10420
10422
10426
10426
10428
10431
10431
10434
10435
10438
10440
10440
10440
10442
10444
10446
10447
10448
10452
10452
10452
10453
10453
10455
10456
10457
10459
10461
10462
10465
10465
10466
10466
10467
10467
10468
10469
10472
10473
10474
10477
10482
10482
10483
10483
10484
10485
10488
10489
10490
10492
10493
10494
10499
10499
10501
10501
10503
10506
10506
10507
10508
10509
10514
10518
10519
10520
10525
10525
10525
10525
10526
10527
10527
10527
10528
10528
10529
10534
10535
10536
10537
10537
10543
10544
10545
10548
10549
10554
10556
10558
10559
10563
10570
10572
10572
10574
10574
10575
10575
10575
10575
10579
10580
10581
10581
10582
10584
10586
10586
10587
10588
10599
10600
10604
10609
10609
10614
10618
10620
10621
10621
10622
10629
10629
10631
10632
10632
10632
10633
10637
10638
10642
10643
10643
10644
10645
10646
10648
10648
10654
10658
10658
10660
10661
10662
10663
10663
10664
10664
10665
10667
10667
10668
10673
10673
10674
10676
10676
10676
10677
10685
10687
10690
10690
10691
10692
10694
10694
10696
10698
10699
10700
10701
10702
10702
10703
10704
10704
10704
10704
10707
10708
10708
10709
10710
10711
10720
10721
10721
10722
10723
10725
10726
10727
10728
10729
10730
10731
10732
10732
10734
10737
10738
10740
10740
10740
10745
10748
10750
10753
10754
10755
10755
10759
10759
10761
10762
10764
10767
10770
10771
10772
10774
10775
10775
10776
10777
10785
10786
10786
10789
10790
10792
10792
10792
10794
10795
10797
10797
10797
10798
10800
10801
10802
10803
10803
10804
10806
10806
10806
10806
10808
10809
10812
10819
10820
10821
10823
10823
10823
10824
10824
10825
10828
10828
10828
10832
10835
10836
10836
10838
10840
10841
10841
10848
10854
10856
10858
10859
10860
10860
10861
10863
10864
10865
10865
10868
10869
10869
10870
10877
10877
10877
10878
10879
10883
10884
10887
10890
10890
10890
10891
10892
10893
10900
10901
10903
10904
10907
10910
10919
10919
10920
10920
10922
10923
10923
10925
10927
10927
10927
10928
10929
10930
10932
10932
10937
10937
10938
10939
10940
10940
10941
10944
10946
10948
10948
10950
10958
10958
10961
10963
10966
10967
10967
10969
10970
10971
10975
10976
10977
10982
10982
10984
10986
10987
10989
10990
10996
10997
10999
11000
11001
11002
11002
11002
11003
11005
11008
11009
11016
11017
11018
11019
11020
11022
11024
11024
11025
11026
11026
11029
11033
11034
11035
11035
11038
11041
11041
11043
11043
11045
11046
11048
11049
11049
11049
11050
11052
11052
11053
11054
11056
11056
11057
11059
11060
11060
11061
11061
11061
11067
11067
11068
11069
11069
11069
11070
11073
11074
11077
11078
11083
11084
11085
11088
11089
11090
11090
11091
11093
11098
11100
11103
11103
11104
11106
11108
11109
11110
11113
11120
11122
11124
11124
11128
11128
11129
11129
11133
11135
11136
11137
11137
11141
11141
11142
11145
11146
11146
11147
11152
11153
11155
11156
11158
11160
11162
11164
11164
11166
11166
11168
11168
11168
11169
11170
11170
11171
11172
11172
11173
11174
11175
11178
11180
11181
11185
11186
11188
11188
11190
11191
11192
11193
11194
11195
11195
11196
11199
11200
11201
11209
11211
11212
11212
11215
11215
11215
11216
11216
11217
11217
11218
11220
11221
11221
11222
11226
11231
11238
11238
11238
11244
11244
11245
11245
11247
11250
11255
11259
11259
11260
11260
11260
11262
11262
11263
11263
11265
11267
11267
11268
11270
11271
11272
11277
11281
11281
11281
11287
11289
11290
11293
11293
11294
11296
11297
11297
11298
11298
11299
11299
11299
11301
11301
11302
11303
11306
11307
11309
11309
11314
11320
11320
11321
11325
11326
11327
11330
11334
11336
11342
11342
11342
11342
11344
11348
11348
11350
11350
11352
11353
11354
11354
11356
11357
11357
11360
11361
11363
11364
11365
11365
11365
11366
11366
11367
11372
11373
11374
11378
11380
11383
11384
11384
11389
11391
11392
11395
11396
11398
11404
11405
11405
11405
11406
11407
11409
11409
11410
11411
11412
11413
11414
11416
11417
11418
11419
11420
11420
11426
11431
11432
11440
11441
11442
11445
11445
11446
11446
11449
11451
11452
11454
11458
11458
11460
11460
11461
11461
11462
11465
11465
11467
11470
11472
11472
11472
11474
11477
11478
11479
11479
11480
11480
11481
11484
11485
11488
11489
11493
11494
11494
11497
11502
11502
11503
11504
11507
11508
11508
11512
11514
11516
11523
11523
11525
11526
11526
11527
11527
11530
11531
11533
11533
11533
11537
11539
11546
11548
11549
11550
11552
11552
11552
11553
11554
11558
11558
11562
11563
11563
11565
11568
11569
11572
11573
11573
11575
11576
11578
11581
11581
11583
11583
11584
11586
11588
11594
11594
11595
11595
11597
11597
11600
11600
11603
11605
11616
11620
11620
11620
11621
11622
11622
11623
11623
11623
11629
11630
11632
11632
11632
11634
11637
11639
11639
11640
11647
11649
11650
11653
11653
11653
11656
11658
11659
11665
11665
11665
11668
11669
11672
11676
11676
11679
11680
11681
11681
11682
11683
11687
11688
11689
11690
11691
11693
11694
11695
11696
11696
11700
11705
11706
11706
11708
11709
11710
11712
11713
11716
11718
11719
11723
11726
11728
11728
11729
11729
11730
11731
11732
11732
11732
11733
11734
11734
11734
11735
11737
11738
11740
11740
11743
11744
11746
11748
11748
11749
11749
11750
11751
11753
11754
11759
11763
11766
11767
11770
11773
11774
11779
11780
11780
11780
11783
11784
11784
11786
11787
11788
11789
11790
11792
11792
11792
11796
11796
11799
11802
11804
11805
11806
11807
11810
11812
11812
11812
11815
11818
11820
11826
11827
11828
11828
11833
11834
11837
11839
11839
11841
11841
11841
11844
11845
11846
11846
11847
11847
11847
11850
11851
11851
11852
11854
11854
11856
11856
11856
11859
11861
11865
11866
11867
11870
11870
11870
11871
11872
11873
11874
11876
11883
11885
11886
11886
11887
11891
11892
11893
11894
11895
11898
11902
11903
11903
11904
11905
11906
11908
11909
11910
11912
11912
11913
11913
11914
11914
11916
11918
11918
11920
11920
11926
11931
11932
11933
11933
11934
11935
11936
11937
11939
11939
11939
11941
11942
11944
11945
11946
11946
11947
11951
11952
11952
11953
11955
11955
11955
11956
11956
11957
11957
11959
11960
11961
11962
11965
11966
11967
11968
11968
11971
11971
11972
11972
11974
11975
11975
11975
11977
11977
11977
11978
11978
11979
11979
11980
11982
11983
11985
11985
11989
11989
11989
11990
11992
11992
11993
11993
11995
11997
11997
11997
11997
12001
12001
12002
12005
12005
12010
12011
12011
12012
12015
12021
12021
12022
12022
12023
12029
12031
12034
12037
12038
12039
12042
12043
12044
12045
12047
12047
12050
12051
12051
12052
12054
12058
12060
12060
12060
12062
12064
12066
12069
12071
12073
12074
12075
12076
12078
12078
12081
12081
12082
12086
12086
12086
12087
12087
12089
12091
12095
12095
12096
12099
12101
12102
12104
12107
12108
12110
12113
12115
12118
12118
12119
12119
12119
12123
12123
12125
12129
12130
12131
12131
12131
12131
12132
12134
12135
12136
12141
12142
12143
12144
12144
12144
12146
12147
12147
12150
12150
12151
12151
12154
12156
12157
12161
12161
12162
12162
12163
12164
12166
12171
12175
12178
12185
12187
12187
12188
12189
12189
12189
12191
12200
12204
12204
12206
12207
12208
12209
12210
12212
12217
12220
12223
12223
12223
12227
12228
12233
12235
12235
12238
12238
12240
12240
12242
12243
12245
12246
12248
12251
12251
12253
12254
12255
12258
12259
12260
12262
12264
12265
12265
12267
12268
12272
12272
12273
12273
12274
12274
12274
12275
12275
12276
12278
12279
12279
12280
12280
12282
12284
12284
12285
12287
12291
12292
12294
12294
12295
12297
12297
12298
12301
12301
12304
12306
12307
12307
12307
12308
12308
12310
12310
12313
12313
12315
12316
12317
12329
12335
12336
12339
12340
12341
12342
12342
12343
12345
12345
12345
12348
12349
12350
12351
12351
12352
12352
12355
12355
12355
12357
12358
12359
12360
12364
12364
12364
12365
12369
12370
12370
12373
12373
12375
12377
12378
12385
12385
12386
12386
12388
12389
12391
12391
12395
12397
12400
12400
12400
12401
12401
12402
12405
12405
12406
12407
12408
12409
12410
12410
12411
12412
12412
12413
12414
12415
12419
12420
12424
12424
12424
12426
12429
12430
12432
12433
12434
12438
12438
12438
12439
12441
12441
12442
12445
12445
12447
12447
12448
12448
12449
12452
12452
12452
12457
12458
12459
12459
12463
12466
12466
12468
12469
12478
12479
12482
12482
12486
12487
12488
12489
12497
12498
12500
12500
12501
12502
12503
12503
12504
12507
12509
12510
12513
12516
12517
12519
12519
12523
12524
12525
12526
12529
12529
12529
12530
12530
12530
12530
12532
12533
12533
12534
12534
12537
12537
12540
12540
12542
12543
12545
12546
12546
12547
12547
12549
12550
12550
12552
12552
12553
12553
12554
12554
12554
12554
12559
12559
12561
12561
12562
12562
12563
12564
12566
12570
12570
12571
12571
12572
12572
12573
12573
12573
12573
12575
12578
12580
12580
12582
12582
12585
12587
12588
12588
12589
12595
12597
12599
12600
12601
12602
12603
12603
12605
12605
12607
12611
12612
12618
12621
12624
12626
12631
12631
12632
12633
12633
12635
12635
12639
12643
12645
12646
12646
12647
12650
12651
12651
12651
12651
12652
12652
12657
12659
12660
12662
12663
12664
12666
12666
12666
12668
12669
12669
12670
12670
12673
12673
12679
12684
12686
12687
12692
12694
12697
12698
12700
12702
12702
12702
12703
12706
12706
12711
12712
12712
12716
12717
12721
12723
12726
12727
12730
12730
12734
12734
12734
12736
12739
12741
12743
12746
12747
12748
12750
12752
12756
12758
12760
12762
12767
12767
12769
12770
12772
12772
12776
12777
12777
12778
12782
12782
12783
12783
12784
12785
12788
12790
12790
12791
12791
12792
12792
12797
12799
12799
12808
12810
12817
12817
12818
12823
12827
12828
12829
12832
12833
12834
12834
12839
12839
12842
12844
12845
12846
12847
12850
12852
12854
12855
12859
12860
12862
12862
12868
12871
12873
12875
12876
12878
12881
12884
12884
12885
12887
12889
12890
12892
12893
12895
12897
12897
12899
12900
12902
12903
12905
12906
12908
12910
12911
12913
12913
12917
12921
12921
12924
12925
12925
12926
12929
12929
12930
12931
12935
12937
12938
12942
12943
12944
12945
12946
12946
12947
12949
12949
12951
12952
12953
12955
12955
12955
12956
12958
12958
12961
12963
12965
12965
12966
12967
12968
12968
12969
12970
12972
12973
12973
12974
12975
12975
12975
12976
12978
12978
12979
12980
12981
12981
12982
12983
12984
12984
12985
12986
12989
12992
12993
12994
12995
12995
12996
13001
13001
13003
13003
13003
13005
13005
13006
13007
13008
13008
13011
13014
13015
13016
13017
13017
13017
13020
13021
13022
13022
13023
13027
13029
13029
13033
13035
13037
13038
13039
13039
13040
13041
13043
13045
13047
13050
13052
13052
13052
13053
13053
13054
13054
13054
13056
13056
13056
13058
13060
13060
13063
13064
13064
13065
13066
13066
13067
13071
13072
13075
13078
13079
13080
13080
13081
13082
13082
13082
13083
13087
13093
13094
13094
13097
13097
13098
13101
13101
13101
13104
13104
13105
13107
13107
13108
13109
13110
13112
13114
13115
13117
13117
13118
13119
13120
13121
13121
13122
13123
13123
13124
13127
13127
13127
13130
13131
13132
13132
13134
13134
13136
13136
13141
13142
13144
13146
13147
13148
13148
13151
13160
13162
13163
13165
13165
13167
13170
13171
13174
13175
13175
13178
13179
13179
13179
13180
13182
13183
13185
13186
13187
13188
13190
13190
13190
13191
13193
13197
13198
13201
13201
13203
13204
13205
13207
13207
13208
13209
13213
13214
13215
13217
13219
13219
13220
13220
13221
13221
13222
13222
13223
13224
13225
13226
13226
13229
13229
13229
13230
13230
13231
13231
13232
13237
13237
13238
13239
13239
13241
13241
13241
13245
13245
13247
13250
13253
13255
13259
13260
13262
13264
13266
13267
13267
13269
13270
13272
13272
13272
13274
13275
13276
13280
13281
13286
13289
13291
13295
13296
13297
13297
13299
13299
13300
13302
13302
13303
13305
13305
13307
13310
13311
13312
13313
13313
13314
13315
13320
13320
13323
13324
13327
13330
13330
13332
13335
13335
13337
13341
13341
13348
13348
13349
13350
13350
13352
13354
13354
13354
13355
13355
13356
13359
13361
13362
13363
13363
13368
13371
13374
13375
13376
13377
13378
13380
13381
13382
13382
13382
13383
13385
13389
13390
13391
13396
13397
13397
13400
13400
13401
13402
13402
13403
13403
13405
13406
13409
13409
13415
13416
13419
13420
13421
13423
13427
13428
13429
13430
13430
13433
13434
13434
13437
13439
13439
13439
13440
13442
13443
13443
13444
13445
13446
13447
13450
13453
13455
13455
13458
13460
13460
13462
13465
13465
13466
13467
13470
13471
13471
13474
13478
13479
13480
13484
13485
13485
13485
13485
13488
13489
13490
13491
13491
13494
13494
13494
13495
13495
13496
13497
13499
13499
13500
13500
13501
13504
13504
13505
13505
13505
13506
13508
13511
13514
13515
13522
13525
13528
13529
13531
13532
13533
13534
13536
13538
13539
13543
13544
13545
13546
13550
13552
13556
13556
13558
13563
13567
13570
13571
13574
13574
13575
13576
13576
13576
13578
13579
13580
13582
13585
13586
13588
13589
13590
13593
13594
13596
13598
13603
13605
13606
13614
13614
13617
13620
13621
13622
13623
13625
13626
13626
13626
13627
13629
13629
13630
13630
13630
13632
13633
13636
13636
13638
13638
13639
13641
13642
13642
13643
13646
13646
13646
13649
13650
13651
13651
13652
13652
13652
13652
13656
13660
13660
13662
13665
13666
13667
13668
13668
13669
13670
13672
13673
13674
13675
13676
13677
13677
13678
13680
13682
13683
13685
13686
13687
13698
13698
13699
13701
13702
13705
13706
13707
13709
13710
13711
13712
13712
13712
13718
13721
13723
13724
13725
13725
13726
13727
13728
13728
13728
13729
13731
13732
13732
13733
13736
13736
13739
13740
13740
13740
13741
13743
13743
13747
13749
13749
13750
13751
13754
13758
13758
13759
13759
13761
13761
13766
13769
13769
13770
13771
13773
13774
13774
13776
13776
13777
13777
13782
13782
13784
13784
13785
13790
13792
13793
13795
13795
13798
13799
13802
13802
13803
13804
13804
13808
13809
13809
13812
13813
13815
13819
13820
13822
13823
13823
13826
13827
13830
13832
13833
13838
13841
13842
13843
13845
13846
13848
13848
13851
13851
13852
13852
13853
13853
13857
13858
13860
13862
13864
13864
13866
13867
13868
13872
13873
13874
13876
13879
13879
13881
13883
13885
13887
13890
13891
13893
13899
13901
13908
13909
13913
13914
13919
13920
13921
13922
13923
13923
13923
13923
13924
13924
13929
13929
13931
13933
13934
13936
13939
13940
13940
13941
13943
13945
13945
13946
13948
13949
13949
13952
13953
13953
13954
13955
13957
13958
13958
13959
13960
13962
13962
13965
13966
13966
13969
13969
13972
13973
13973
13975
13977
13978
13978
13982
13984
13987
13988
13990
13990
13991
13992
13993
13994
13996
13998
14000
14000
14002
14003
14003
14005
14006
14006
14008
14008
14009
14012
14012
14012
14015
14017
14019
14022
14022
14026
14027
14028
14029
14030
14030
14032
14033
14035
14036
14036
14038
14039
14041
14044
14047
14048
14050
14051
14051
14052
14055
14055
14056
14056
14060
14060
14062
14063
14064
14066
14066
14067
14069
14069
14070
14070
14071
14073
14074
14075
14076
14076
14077
14080
14082
14083
14084
14084
14086
14087
14089
14089
14090
14091
14094
14098
14099
14104
14105
14107
14107
14108
14109
14110
14111
14111
14114
14119
14120
14121
14121
14122
14122
14124
14127
14128
14130
14132
14134
14135
14135
14139
14140
14140
14141
14143
14145
14149
14150
14153
14154
14154
14155
14157
14159
14160
14161
14163
14167
14169
14170
14171
14172
14172
14172
14178
14179
14179
14180
14181
14185
14185
14186
14187
14191
14193
14193
14193
14196
14197
14200
14200
14201
14202
14203
14204
14204
14206
14206
14206
14212
14212
14213
14214
14216
14216
14221
14221
14222
14224
14225
14225
14225
14226
14231
14234
14238
14240
14240
14242
14243
14245
14246
14248
14249
14249
14250
14251
14252
14254
14256
14257
14259
14259
14260
14261
14262
14263
14266
14267
14269
14270
14270
14272
14274
14275
14276
14276
14279
14279
14281
14282
14282
14282
14284
14286
14290
14296
14298
14301
14301
14303
14304
14304
14306
14306
14307
14309
14310
14311
14313
14314
14315
14315
14317
14318
14319
14322
14323
14323
14328
14332
14332
14334
14335
14335
14336
14338
14338
14340
14349
14350
14351
14354
14358
14358
14359
14362
14363
14364
14364
14368
14370
14372
14372
14373
14374
14379
14380
14382
14382
14383
14383
14386
14387
14387
14388
14389
14389
14391
14393
14396
14396
14397
14398
14400
14401
14402
14403
14404
14405
14405
14407
14409
14409
14411
14411
14413
14416
14416
14416
14418
14419
14420
14420
14421
14423
14424
14425
14429
14431
14436
14437
14440
14441
14441
14443
14445
14447
14447
14450
14451
14452
14454
14457
14457
14458
14459
14460
14463
14464
14466
14467
14469
14469
14470
14470
14471
14472
14475
14479
14482
14482
14483
14484
14487
14488
14489
14489
14490
14490
14491
14492
14493
14494
14496
14497
14499
14502
14503
14506
14507
14509
14514
14517
14522
14522
14524
14525
14526
14530
14531
14531
14534
14534
14536
14537
14537
14543
14543
14543
14544
14545
14545
14547
14547
14548
14550
14550
14554
14555
14555
14556
14557
14559
14560
14560
14560
14561
14562
14563
14565
14565
14568
14570
14572
14574
14575
14575
14576
14577
14580
14583
14587
14588
14588
14588
14591
14595
14599
14606
14609
14610
14611
14614
14615
14615
14616
14617
14618
14619
14619
14620
14622
14622
14622
14623
14623
14624
14625
14626
14626
14629
14629
14631
14636
14638
14642
14643
14644
14646
14647
14651
14651
14651
14652
14652
14653
14657
14657
14658
14658
14659
14660
14660
14661
14662
14664
14665
14669
14672
14673
14675
14680
14680
14683
14683
14686
14688
14688
14688
14692
14696
14700
14700
14701
14702
14703
14711
14713
14715
14715
14716
14719
14720
14723
14724
14726
14727
14729
14731
14732
14733
14733
14733
14735
14735
14738
14738
14739
14740
14742
14742
14743
14744
14745
14745
14746
14747
14748
14749
14750
14751
14751
14751
14752
14753
14755
14755
14756
14757
14759
14760
14762
14765
14766
14766
14767
14770
14777
14779
14782
14785
14789
14796
14796
14799
14799
14800
14801
14802
14803
14803
14807
14807
14810
14813
14819
14821
14823
14825
14826
14826
14827
14827
14830
14830
14831
14832
14832
14834
14836
14836
14839
14840
14840
14843
14843
14844
14845
14847
14847
14848
14850
14854
14856
14857
14860
14861
14863
14863
14864
14865
14867
14868
14871
14874
14874
14875
14881
14884
14885
14886
14887
14887
14888
14891
14895
14895
14898
14900
14901
14902
14903
14903
14903
14903
14903
14905
14909
14909
14910
14910
14914
14915
14916
14919
14925
14925
14927
14929
14929
14932
14935
14935
14935
14936
14936
14938
14939
14941
14943
14944
14944
14944
14956
14957
14957
14957
14960
14962
14962
14966
14966
14968
14968
14969
14970
14971
14972
14973
14974
14979
14981
14981
14981
14982
14982
14985
14986
14987
14988
14989
14989
14989
14992
14993
14993
14996
14997
