
481
, 29
, 88
, 104
, 13
, 102
, 15
, 45
, 72
, 15
, 102
, 77
, 40
, 113
, 4
, 75
, 42
, 84
, 33
, 32
, 85
, 68
, 49
, 72
, 45
, 27
, 90
, 55
, 62
, 70
, 47
, 45
, 72
, 14
, 103
, 1
, 116
, 100
, 17
, 5
, 112
, 34
, 83
, 6
, 111
, 90
, 27
, 63
, 54
, 2
, 115
, 102
, 15
, 25
, 92
, 91
, 26
, 3
, 114
, 106
, 11
, 69
, 48
, 93
, 24
, 9
, 108
, 100
, 17
, 95
, 22
, 77
, 40
, 9
, 108
, 13
, 104
, 50
, 67
, 38
, 79
, 44
, 73
, 43
, 74
, 69
, 48
, 20
, 97
, 114
, 3
, 115
, 2
, 26
, 91
, 72
, 45
, 29
, 88
, 102
, 15
, 42
, 75
, 111
, 6
, 101
, 16
, 66
, 51
, 101
, 16
, 18
, 99
, 89
, 28
, 95
, 22
, 108
, 9
, 49
, 68
, 90
, 27
, 38
, 79
, 20
, 97
, 97
, 20
, 24
, 93
, 31
, 86
, 58
, 59
, 112
, 5
, 23
, 94
, 49
, 68
, 44
, 73
, 39
, 78
, 114
, 3
, 61
, 56
, 73
, 44
, 87
, 30
, 58
, 59
, 59
, 58
, 5
, 112
, 32
, 85
, 71
, 46
, 81
, 36
, 67
, 50
, 113
, 4
, 39
, 78
, 77
, 40
, 36
, 81
, 110
, 7
, 51
, 66
, 82
, 35
, 115
, 2
, 81
, 36
, 45
, 72
, 81
, 36
, 107
, 10
, 34
, 83
, 25
, 92
, 52
, 65
, 115
, 2
, 89
, 28
, 31
, 86
, 104
, 13
, 19
, 98
, 13
, 104
, 12
, 105
, 88
, 29
, 18
, 99
, 32
, 85
, 43
, 74
, 48
, 69
, 74
, 43
, 6
, 111
, 28
, 89
, 93
, 24
, 19
, 98
, 15
, 102
, 103
, 14
, 75
, 42
, 75
, 42
, 97
, 20
, 22
, 95
, 110
, 7
, 98
, 19
, 3
, 114
, 61
, 56
, 66
, 51
, 81
, 36
, 97
, 20
, 108
, 9
, 83
, 34
, 21
, 96
, 68
, 49
, 9
, 108
, 16
, 101
, 82
, 35
, 105
, 12
, 109
, 8
, 88
, 29
, 40
, 77
, 58
, 59
, 26
, 91
, 51
, 66
, 11
, 106
, 24
, 93
, 69
, 48
, 37
, 80
, 94
, 23
, 43
, 74
, 106
, 11
, 107
, 10
, 82
, 35
, 18
, 99
, 77
, 40
, 13
, 104
, 74
, 43
, 71
, 46
, 93
, 24
, 71
, 46
, 41
, 76
, 2
, 115
, 62
, 55
, 8
, 109
, 12
, 105
, 82
, 35
, 61
, 56
, 61
, 56
, 23
, 94
, 111
, 6
, 61
, 56
, 22
, 95
, 111
, 6
, 55
, 62
, 77
, 40
, 63
, 54
, 74
, 43
, 84
, 33
, 46
, 71
, 7
, 110
, 22
, 95
, 100
, 17
, 26
, 91
, 68
, 49
, 14
, 103
, 57
, 60
, 61
, 56
, 23
, 94
, 54
, 63
, 69
, 48
, 73
, 44
, 93
, 24
, 34
, 83
, 100
, 17
, 55
, 62
, 21
, 96
, 2
, 115
, 87
, 30
, 92
, 25
, 43
, 74
, 79
, 38
, 42
, 75
, 36
, 81
, 51
, 66
, 53
, 64
, 77
, 40
, 56
, 61
, 56
, 61
, 20
, 97
, 68
, 49
, 37
, 80
, 99
, 18
, 115
, 2
, 103
, 14
, 85
, 32
, 59
, 58
, 78
, 39
, 4
, 113
, 22
, 95
, 56
, 61
, 80
, 37
, 99
, 18
, 38
, 79
, 62
, 55
, 18
, 99
, 9
, 108
, 14
, 103
, 12
, 105
, 14
, 103
, 51
, 66
, 26
, 91
, 8
, 109
, 94
, 23
, 74
, 43
, 82
, 35
, 5
, 112
, 3
, 114
, 43
, 74
, 96
, 21
, 68
, 49
, 33
, 84
, 41
, 76
, 32
, 85
, 77
, 40
, 13
, 104
, 87
, 30
, 22
, 95
, 106
, 11
, 82
, 35
, 76
, 41
, 12
, 105
, 31
, 86
, 95
, 22
, 65
, 52
, 30
, 87
, 18
, 99
, 55
, 62
, 73
, 44
, 55
, 62
, 11
, 106
, 49
, 68
, 101
, 16
, 75
, 42
, 36
, 81
, 98
, 19
, 64
, 53
, 68
, 49
, 38
, 79
, 56
, 61
, 59
, 58
, 106
, 11
, 15
, 102
, 74
, 43
, 49
, 68
, 21
, 96
, 92
, 25
, 90
, 27
, 108
, 9
, 30
, 87
, 48
, 69
, 70
, 47
, 106
, 11
, 19
, 98
, 15
, 102
, 49
, 68
, 74
, 43
, 40
, 77
, 39
, 78
, 46
, 71
, 71
, 46
, 43
, 74
, 73
, 44
, 32
, 85
, 21
, 96
, 73
, 44
, 106
, 11
, 107
, 10
, 52
, 65
, 84
, 33
, 34
, 83
, 74
, 43
, 113
, 4
, 19
, 98
, 105
, 12
, 13
, 104
, 40
, 77
, 3
, 114
, 67
, 50
, 5
, 112
, 54
, 63
, 115
, 2
, 63
, 54
, 66
, 51
, 111
, 6
, 1
, 116
, 54
, 63
, 103
, 14
, 65
, 52
, 94
, 23
, 2
, 115
, 32
, 85
, 74
, 43
, 98
, 19
, 76
, 41
, 113
, 4
, 44
, 73
, 64
, 53
, 37
, 80
, 82
, 35
, 14
, 103
, 32
, 85
, 17
, 100
, 53
, 64
, 19
, 98
, 91
, 26
, 5
, 112
, 9
, 108
, 5
, 112
, 2
, 115
, 16
, 101
, 60
, 57
, 107
, 10
, 111
, 6
, 109
, 8
, 115
, 2
, 91
, 26
, 114
, 3
, 24
, 93
, 16
, 101
, 83
, 34
, 83
, 34
, 10
, 107
, 109
, 8
, 66
, 51
, 39
, 78
, 88
, 29
, 69
, 48
, 15
, 102
, 84
, 33
, 16
, 101
, 24
, 93
, 28
, 89
, 47
, 70
, 63
, 54
, 2
, 115
, 55
, 62
, 32
, 85
, 82
, 35
, 19
, 98
, 46
, 71
, 6
, 111
, 64
, 53
, 75
, 42
, 92
, 25
, 84
, 33
, 61
, 56
, 96
, 21
, 97
, 20
, 32
, 85
, 109
, 8
, 70
, 47
, 49
, 68
, 46
, 71
, 25
, 92
, 12
, 105
, 42
, 75
, 90
, 27
, 44
, 73
, 33
, 84
, 81
, 36
, 111
, 6
, 65
, 52
, 33
, 84
, 84
, 33
, 24
, 93
, 80
, 37
, 78
, 39
, 92
, 25
, 61
, 56
, 54
, 63
, 47
, 70
, 9
, 108
, 68
, 49
, 34
, 83
, 54
, 63
, 47
, 70
, 84
, 33
, 73
, 44
, 54
, 63
, 11
, 106
, 115
, 2
, 22
, 95
, 4
, 113
, 22
, 95
, 12
, 105
, 52
, 65
, 73
, 44
, 115
, 2
, 66
, 51
, 79
, 38
, 67
, 50
, 17
, 100
, 14
, 103
, 107
, 10
, 114
, 3
, 106
, 11
, 97
, 20
, 29
, 88
, 41
, 76
, 57
, 60
, 18
, 99
, 91
, 26
, 108
, 9
, 15
, 102
, 1
, 116
, 53
, 64
, 74
, 43
, 106
, 11
, 78
, 39
, 54
, 63
, 4
, 113
, 95
, 22
, 10
, 107
, 10
, 107
, 73
, 44
, 2
, 115
, 82
, 35
, 59
, 58
, 51
, 66
, 55
, 62
, 46
, 71
, 33
, 84
, 35
, 82
, 5
, 112
, 50
, 67
, 107
, 10
, 27
, 90
, 3
, 114
, 11
, 106
, 63
, 54
, 58
, 59
, 48
, 69
, 37
, 80
, 26
, 91
, 38
, 79
, 54
, 63
, 3
, 114
, 88
, 29
, 80
, 37
, 27
, 90
, 38
, 79
, 103
, 14
, 94
, 23
, 107
, 10
, 57
, 60
, 39
, 78
, 94
, 23
, 55
, 62
, 93
, 24
, 84
, 33
, 83
, 34
, 107
, 10
, 86
, 31
