
4840
, 62
, 184
, 48
, 198
, 189
, 57
, 11
, 235
, 78
, 168
, 84
, 162
, 116
, 130
, 20
, 226
, 98
, 148
, 38
, 208
, 149
, 97
, 70
, 176
, 7
, 239
, 234
, 12
, 13
, 233
, 221
, 25
, 71
, 175
, 88
, 158
, 167
, 79
, 66
, 180
, 152
, 94
, 242
, 4
, 13
, 233
, 8
, 238
, 160
, 86
, 104
, 142
, 161
, 85
, 228
, 18
, 240
, 6
, 38
, 208
, 150
, 96
, 136
, 110
, 208
, 38
, 214
, 32
, 89
, 157
, 25
, 221
, 83
, 163
, 90
, 156
, 93
, 153
, 47
, 199
, 101
, 145
, 224
, 22
, 68
, 178
, 215
, 31
, 243
, 3
, 40
, 206
, 231
, 15
, 72
, 174
, 179
, 67
, 209
, 37
, 93
, 153
, 68
, 178
, 32
, 214
, 103
, 143
, 32
, 214
, 123
, 123
, 67
, 179
, 191
, 55
, 123
, 123
, 98
, 148
, 161
, 85
, 234
, 12
, 29
, 217
, 225
, 21
, 236
, 10
, 171
, 75
, 222
, 24
, 127
, 119
, 124
, 122
, 39
, 207
, 120
, 126
, 180
, 66
, 37
, 209
, 144
, 102
, 238
, 8
, 195
, 51
, 17
, 229
, 139
, 107
, 116
, 130
, 197
, 49
, 41
, 205
, 24
, 222
, 232
, 14
, 13
, 233
, 207
, 39
, 96
, 150
, 237
, 9
, 27
, 219
, 140
, 106
, 168
, 78
, 188
, 58
, 17
, 229
, 21
, 225
, 98
, 148
, 36
, 210
, 75
, 171
, 74
, 172
, 165
, 81
, 49
, 197
, 167
, 79
, 178
, 68
, 64
, 182
, 176
, 70
, 214
, 32
, 178
, 68
, 16
, 230
, 64
, 182
, 22
, 224
, 174
, 72
, 39
, 207
, 10
, 236
, 44
, 202
, 170
, 76
, 197
, 49
, 45
, 201
, 76
, 170
, 64
, 182
, 159
, 87
, 84
, 162
, 186
, 60
, 225
, 21
, 230
, 16
, 158
, 88
, 201
, 45
, 196
, 50
, 243
, 3
, 134
, 112
, 183
, 63
, 200
, 46
, 79
, 167
, 93
, 153
, 30
, 216
, 234
, 12
, 106
, 140
, 105
, 141
, 156
, 90
, 47
, 199
, 197
, 49
, 145
, 101
, 62
, 184
, 129
, 117
, 63
, 183
, 220
, 26
, 136
, 110
, 85
, 161
, 102
, 144
, 56
, 190
, 242
, 4
, 144
, 102
, 167
, 79
, 158
, 88
, 137
, 109
, 82
, 164
, 190
, 56
, 188
, 58
, 9
, 237
, 144
, 102
, 154
, 92
, 227
, 19
, 142
, 104
, 127
, 119
, 101
, 145
, 56
, 190
, 200
, 46
, 228
, 18
, 138
, 108
, 119
, 127
, 165
, 81
, 106
, 140
, 169
, 77
, 172
, 74
, 46
, 200
, 171
, 75
, 98
, 148
, 194
, 52
, 238
, 8
, 179
, 67
, 50
, 196
, 163
, 83
, 114
, 132
, 188
, 58
, 235
, 11
, 201
, 45
, 64
, 182
, 184
, 62
, 36
, 210
, 238
, 8
, 231
, 15
, 59
, 187
, 203
, 43
, 216
, 30
, 227
, 19
, 36
, 210
, 164
, 82
, 165
, 81
, 238
, 8
, 83
, 163
, 94
, 152
, 196
, 50
, 96
, 150
, 79
, 167
, 194
, 52
, 70
, 176
, 159
, 87
, 40
, 206
, 243
, 3
, 220
, 26
, 116
, 130
, 130
, 116
, 13
, 233
, 224
, 22
, 97
, 149
, 151
, 95
, 196
, 50
, 6
, 240
, 43
, 203
, 22
, 224
, 177
, 69
, 51
, 195
, 243
, 3
, 180
, 66
, 105
, 141
, 98
, 148
, 167
, 79
, 163
, 83
, 97
, 149
, 75
, 171
, 94
, 152
, 154
, 92
, 181
, 65
, 218
, 28
, 172
, 74
, 97
, 149
, 178
, 68
, 84
, 162
, 21
, 225
, 178
, 68
, 135
, 111
, 44
, 202
, 198
, 48
, 24
, 222
, 112
, 134
, 148
, 98
, 5
, 241
, 6
, 240
, 242
, 4
, 112
, 134
, 64
, 182
, 223
, 23
, 165
, 81
, 2
, 244
, 133
, 113
, 197
, 49
, 3
, 243
, 169
, 77
, 191
, 55
, 139
, 107
, 151
, 95
, 220
, 26
, 70
, 176
, 14
, 232
, 135
, 111
, 3
, 243
, 49
, 197
, 36
, 210
, 218
, 28
, 204
, 42
, 41
, 205
, 18
, 228
, 153
, 93
, 92
, 154
, 172
, 74
, 231
, 15
, 57
, 189
, 63
, 183
, 10
, 236
, 17
, 229
, 78
, 168
, 32
, 214
, 169
, 77
, 106
, 140
, 225
, 21
, 11
, 235
, 55
, 191
, 25
, 221
, 220
, 26
, 22
, 224
, 150
, 96
, 94
, 152
, 206
, 40
, 130
, 116
, 81
, 165
, 227
, 19
, 20
, 226
, 114
, 132
, 25
, 221
, 130
, 116
, 111
, 135
, 68
, 178
, 116
, 130
, 137
, 109
, 134
, 112
, 172
, 74
, 51
, 195
, 197
, 49
, 100
, 146
, 120
, 126
, 135
, 111
, 139
, 107
, 107
, 139
, 194
, 52
, 25
, 221
, 187
, 59
, 199
, 47
, 106
, 140
, 101
, 145
, 132
, 114
, 216
, 30
, 218
, 28
, 170
, 76
, 208
, 38
, 151
, 95
, 12
, 234
, 49
, 197
, 137
, 109
, 110
, 136
, 71
, 175
, 32
, 214
, 30
, 216
, 234
, 12
, 212
, 34
, 170
, 76
, 3
, 243
, 212
, 34
, 206
, 40
, 198
, 48
, 101
, 145
, 125
, 121
, 75
, 171
, 157
, 89
, 227
, 19
, 71
, 175
, 73
, 173
, 77
, 169
, 173
, 73
, 111
, 135
, 157
, 89
, 116
, 130
, 121
, 125
, 153
, 93
, 155
, 91
, 186
, 60
, 111
, 135
, 233
, 13
, 186
, 60
, 134
, 112
, 149
, 97
, 61
, 185
, 151
, 95
, 33
, 213
, 123
, 123
, 144
, 102
, 208
, 38
, 201
, 45
, 122
, 124
, 211
, 35
, 50
, 196
, 210
, 36
, 10
, 236
, 124
, 122
, 11
, 235
, 136
, 110
, 234
, 12
, 131
, 115
, 137
, 109
, 121
, 125
, 211
, 35
, 51
, 195
, 83
, 163
, 59
, 187
, 50
, 196
, 168
, 78
, 90
, 156
, 104
, 142
, 203
, 43
, 142
, 104
, 97
, 149
, 144
, 102
, 75
, 171
, 239
, 7
, 84
, 162
, 231
, 15
, 229
, 17
, 91
, 155
, 78
, 168
, 19
, 227
, 121
, 125
, 173
, 73
, 148
, 98
, 159
, 87
, 165
, 81
, 103
, 143
, 74
, 172
, 30
, 216
, 103
, 143
, 4
, 242
, 89
, 157
, 129
, 117
, 74
, 172
, 101
, 145
, 93
, 153
, 65
, 181
, 16
, 230
, 93
, 153
, 192
, 54
, 35
, 211
, 62
, 184
, 180
, 66
, 58
, 188
, 64
, 182
, 157
, 89
, 230
, 16
, 9
, 237
, 235
, 11
, 61
, 185
, 4
, 242
, 117
, 129
, 37
, 209
, 23
, 223
, 70
, 176
, 161
, 85
, 201
, 45
, 50
, 196
, 72
, 174
, 163
, 83
, 201
, 45
, 183
, 63
, 186
, 60
, 216
, 30
, 187
, 59
, 167
, 79
, 233
, 13
, 104
, 142
, 35
, 211
, 57
, 189
, 122
, 124
, 162
, 84
, 236
, 10
, 2
, 244
, 210
, 36
, 67
, 179
, 60
, 186
, 220
, 26
, 69
, 177
, 38
, 208
, 170
, 76
, 216
, 30
, 183
, 63
, 34
, 212
, 10
, 236
, 71
, 175
, 154
, 92
, 99
, 147
, 233
, 13
, 176
, 70
, 187
, 59
, 163
, 83
, 14
, 232
, 142
, 104
, 202
, 44
, 211
, 35
, 126
, 120
, 218
, 28
, 166
, 80
, 76
, 170
, 182
, 64
, 28
, 218
, 224
, 22
, 239
, 7
, 6
, 240
, 176
, 70
, 104
, 142
, 95
, 151
, 128
, 118
, 12
, 234
, 87
, 159
, 53
, 193
, 41
, 205
, 108
, 138
, 57
, 189
, 4
, 242
, 73
, 173
, 120
, 126
, 156
, 90
, 92
, 154
, 105
, 141
, 162
, 84
, 25
, 221
, 176
, 70
, 140
, 106
, 141
, 105
, 4
, 242
, 226
, 20
, 127
, 119
, 43
, 203
, 114
, 132
, 136
, 110
, 90
, 156
, 75
, 171
, 70
, 176
, 129
, 117
, 122
, 124
, 184
, 62
, 240
, 6
, 6
, 240
, 191
, 55
, 208
, 38
, 80
, 166
, 2
, 244
, 102
, 144
, 219
, 27
, 135
, 111
, 244
, 2
, 143
, 103
, 79
, 167
, 49
, 197
, 101
, 145
, 125
, 121
, 123
, 123
, 89
, 157
, 93
, 153
, 116
, 130
, 207
, 39
, 211
, 35
, 126
, 120
, 36
, 210
, 204
, 42
, 118
, 128
, 202
, 44
, 168
, 78
, 36
, 210
, 187
, 59
, 233
, 13
, 215
, 31
, 116
, 130
, 121
, 125
, 205
, 41
, 187
, 59
, 51
, 195
, 124
, 122
, 125
, 121
, 135
, 111
, 35
, 211
, 72
, 174
, 93
, 153
, 94
, 152
, 21
, 225
, 31
, 215
, 195
, 51
, 87
, 159
, 76
, 170
, 163
, 83
, 237
, 9
, 20
, 226
, 149
, 97
, 33
, 213
, 124
, 122
, 191
, 55
, 233
, 13
, 38
, 208
, 12
, 234
, 2
, 244
, 149
, 97
, 217
, 29
, 19
, 227
, 164
, 82
, 26
, 220
, 72
, 174
, 70
, 176
, 77
, 169
, 202
, 44
, 67
, 179
, 203
, 43
, 181
, 65
, 66
, 180
, 188
, 58
, 225
, 21
, 71
, 175
, 97
, 149
, 171
, 75
, 61
, 185
, 44
, 202
, 151
, 95
, 123
, 123
, 61
, 185
, 234
, 12
, 5
, 241
, 54
, 192
, 123
, 123
, 116
, 130
, 142
, 104
, 112
, 134
, 224
, 22
, 3
, 243
, 232
, 14
, 102
, 144
, 131
, 115
, 87
, 159
, 13
, 233
, 46
, 200
, 26
, 220
, 150
, 96
, 35
, 211
, 89
, 157
, 201
, 45
, 242
, 4
, 13
, 233
, 202
, 44
, 102
, 144
, 85
, 161
, 34
, 212
, 16
, 230
, 240
, 6
, 235
, 11
, 61
, 185
, 188
, 58
, 1
, 245
, 23
, 223
, 26
, 220
, 243
, 3
, 177
, 69
, 90
, 156
, 229
, 17
, 8
, 238
, 12
, 234
, 80
, 166
, 23
, 223
, 173
, 73
, 139
, 107
, 130
, 116
, 69
, 177
, 55
, 191
, 65
, 181
, 237
, 9
, 110
, 136
, 48
, 198
, 41
, 205
, 8
, 238
, 190
, 56
, 106
, 140
, 23
, 223
, 11
, 235
, 36
, 210
, 50
, 196
, 39
, 207
, 241
, 5
, 193
, 53
, 81
, 165
, 21
, 225
, 110
, 136
, 73
, 173
, 94
, 152
, 59
, 187
, 232
, 14
, 201
, 45
, 212
, 34
, 87
, 159
, 154
, 92
, 17
, 229
, 144
, 102
, 152
, 94
, 148
, 98
, 106
, 140
, 111
, 135
, 131
, 115
, 25
, 221
, 26
, 220
, 35
, 211
, 195
, 51
, 228
, 18
, 36
, 210
, 80
, 166
, 184
, 62
, 195
, 51
, 31
, 215
, 8
, 238
, 130
, 116
, 228
, 18
, 32
, 214
, 83
, 163
, 45
, 201
, 237
, 9
, 148
, 98
, 140
, 106
, 150
, 96
, 14
, 232
, 46
, 200
, 69
, 177
, 175
, 71
, 92
, 154
, 118
, 128
, 185
, 61
, 197
, 49
, 41
, 205
, 151
, 95
, 43
, 203
, 244
, 2
, 168
, 78
, 35
, 211
, 45
, 201
, 149
, 97
, 78
, 168
, 65
, 181
, 93
, 153
, 177
, 69
, 108
, 138
, 29
, 217
, 53
, 193
, 218
, 28
, 24
, 222
, 166
, 80
, 49
, 197
, 106
, 140
, 17
, 229
, 139
, 107
, 31
, 215
, 135
, 111
, 109
, 137
, 64
, 182
, 224
, 22
, 68
, 178
, 110
, 136
, 61
, 185
, 39
, 207
, 174
, 72
, 227
, 19
, 160
, 86
, 82
, 164
, 133
, 113
, 186
, 60
, 214
, 32
, 45
, 201
, 184
, 62
, 193
, 53
, 120
, 126
, 63
, 183
, 117
, 129
, 237
, 9
, 159
, 87
, 52
, 194
, 185
, 61
, 27
, 219
, 53
, 193
, 70
, 176
, 8
, 238
, 77
, 169
, 107
, 139
, 154
, 92
, 105
, 141
, 211
, 35
, 109
, 137
, 38
, 208
, 195
, 51
, 115
, 131
, 236
, 10
, 59
, 187
, 224
, 22
, 46
, 200
, 91
, 155
, 183
, 63
, 138
, 108
, 218
, 28
, 86
, 160
, 113
, 133
, 17
, 229
, 47
, 199
, 162
, 84
, 25
, 221
, 25
, 221
, 191
, 55
, 184
, 62
, 194
, 52
, 158
, 88
, 69
, 177
, 88
, 158
, 11
, 235
, 112
, 134
, 128
, 118
, 230
, 16
, 24
, 222
, 220
, 26
, 72
, 174
, 135
, 111
, 186
, 60
, 154
, 92
, 18
, 228
, 89
, 157
, 137
, 109
, 15
, 231
, 150
, 96
, 152
, 94
, 216
, 30
, 100
, 146
, 176
, 70
, 99
, 147
, 19
, 227
, 76
, 170
, 180
, 66
, 41
, 205
, 26
, 220
, 192
, 54
, 202
, 44
, 49
, 197
, 101
, 145
, 140
, 106
, 73
, 173
, 234
, 12
, 79
, 167
, 66
, 180
, 82
, 164
, 160
, 86
, 237
, 9
, 236
, 10
, 94
, 152
, 86
, 160
, 14
, 232
, 239
, 7
, 41
, 205
, 32
, 214
, 121
, 125
, 207
, 39
, 109
, 137
, 140
, 106
, 50
, 196
, 212
, 34
, 43
, 203
, 113
, 133
, 45
, 201
, 100
, 146
, 95
, 151
, 168
, 78
, 212
, 34
, 93
, 153
, 47
, 199
, 184
, 62
, 65
, 181
, 231
, 15
, 30
, 216
, 197
, 49
, 18
, 228
, 182
, 64
, 147
, 99
, 79
, 167
, 60
, 186
, 215
, 31
, 239
, 7
, 76
, 170
, 197
, 49
, 85
, 161
, 187
, 59
, 86
, 160
, 68
, 178
, 146
, 100
, 220
, 26
, 206
, 40
, 34
, 212
, 91
, 155
, 76
, 170
, 13
, 233
, 147
, 99
, 114
, 132
, 118
, 128
, 195
, 51
, 24
, 222
, 14
, 232
, 31
, 215
, 65
, 181
, 216
, 30
, 101
, 145
, 240
, 6
, 118
, 128
, 7
, 239
, 11
, 235
, 230
, 16
, 155
, 91
, 121
, 125
, 187
, 59
, 31
, 215
, 181
, 65
, 107
, 139
, 177
, 69
, 19
, 227
, 8
, 238
, 21
, 225
, 14
, 232
, 127
, 119
, 123
, 123
, 162
, 84
, 187
, 59
, 37
, 209
, 244
, 2
, 235
, 11
, 153
, 93
, 116
, 130
, 168
, 78
, 130
, 116
, 238
, 8
, 193
, 53
, 23
, 223
, 206
, 40
, 12
, 234
, 47
, 199
, 219
, 27
, 27
, 219
, 117
, 129
, 35
, 211
, 112
, 134
, 153
, 93
, 242
, 4
, 132
, 114
, 164
, 82
, 51
, 195
, 104
, 142
, 57
, 189
, 24
, 222
, 237
, 9
, 214
, 32
, 107
, 139
, 43
, 203
, 90
, 156
, 151
, 95
, 98
, 148
, 18
, 228
, 101
, 145
, 222
, 24
, 225
, 21
, 63
, 183
, 151
, 95
, 159
, 87
, 14
, 232
, 41
, 205
, 195
, 51
, 208
, 38
, 169
, 77
, 192
, 54
, 47
, 199
, 32
, 214
, 89
, 157
, 136
, 110
, 96
, 150
, 59
, 187
, 124
, 122
, 173
, 73
, 187
, 59
, 161
, 85
, 22
, 224
, 127
, 119
, 180
, 66
, 168
, 78
, 159
, 87
, 207
, 39
, 102
, 144
, 137
, 109
, 205
, 41
, 42
, 204
, 7
, 239
, 96
, 150
, 44
, 202
, 89
, 157
, 231
, 15
, 164
, 82
, 153
, 93
, 138
, 108
, 27
, 219
, 35
, 211
, 186
, 60
, 218
, 28
, 72
, 174
, 24
, 222
, 8
, 238
, 132
, 114
, 87
, 159
, 143
, 103
, 2
, 244
, 87
, 159
, 159
, 87
, 26
, 220
, 155
, 91
, 92
, 154
, 147
, 99
, 131
, 115
, 113
, 133
, 175
, 71
, 71
, 175
, 74
, 172
, 154
, 92
, 182
, 64
, 92
, 154
, 62
, 184
, 143
, 103
, 184
, 62
, 137
, 109
, 194
, 52
, 232
, 14
, 115
, 131
, 230
, 16
, 172
, 74
, 9
, 237
, 54
, 192
, 195
, 51
, 209
, 37
, 238
, 8
, 126
, 120
, 171
, 75
, 70
, 176
, 50
, 196
, 210
, 36
, 2
, 244
, 183
, 63
, 219
, 27
, 12
, 234
, 111
, 135
, 189
, 57
, 77
, 169
, 206
, 40
, 21
, 225
, 3
, 243
, 9
, 237
, 188
, 58
, 115
, 131
, 135
, 111
, 185
, 61
, 151
, 95
, 139
, 107
, 64
, 182
, 87
, 159
, 201
, 45
, 62
, 184
, 168
, 78
, 100
, 146
, 178
, 68
, 192
, 54
, 225
, 21
, 203
, 43
, 221
, 25
, 35
, 211
, 178
, 68
, 155
, 91
, 67
, 179
, 146
, 100
, 171
, 75
, 134
, 112
, 222
, 24
, 189
, 57
, 147
, 99
, 47
, 199
, 68
, 178
, 181
, 65
, 223
, 23
, 75
, 171
, 156
, 90
, 22
, 224
, 9
, 237
, 185
, 61
, 136
, 110
, 14
, 232
, 60
, 186
, 70
, 176
, 86
, 160
, 101
, 145
, 19
, 227
, 159
, 87
, 47
, 199
, 2
, 244
, 244
, 2
, 2
, 244
, 173
, 73
, 14
, 232
, 3
, 243
, 236
, 10
, 236
, 10
, 10
, 236
, 197
, 49
, 103
, 143
, 182
, 64
, 159
, 87
, 55
, 191
, 236
, 10
, 175
, 71
, 3
, 243
, 55
, 191
, 159
, 87
, 11
, 235
, 171
, 75
, 218
, 28
, 203
, 43
, 56
, 190
, 67
, 179
, 36
, 210
, 36
, 210
, 204
, 42
, 179
, 67
, 139
, 107
, 232
, 14
, 103
, 143
, 152
, 94
, 216
, 30
, 95
, 151
, 107
, 139
, 126
, 120
, 61
, 185
, 231
, 15
, 25
, 221
, 117
, 129
, 18
, 228
, 60
, 186
, 205
, 41
, 98
, 148
, 175
, 71
, 189
, 57
, 206
, 40
, 210
, 36
, 232
, 14
, 228
, 18
, 190
, 56
, 158
, 88
, 228
, 18
, 141
, 105
, 240
, 6
, 159
, 87
, 87
, 159
, 241
, 5
, 156
, 90
, 231
, 15
, 192
, 54
, 146
, 100
, 17
, 229
, 217
, 29
, 60
, 186
, 30
, 216
, 196
, 50
, 113
, 133
, 169
, 77
, 211
, 35
, 18
, 228
, 127
, 119
, 22
, 224
, 100
, 146
, 65
, 181
, 30
, 216
, 228
, 18
, 173
, 73
, 117
, 129
, 200
, 46
, 214
, 32
, 39
, 207
, 66
, 180
, 186
, 60
, 99
, 147
, 232
, 14
, 236
, 10
, 94
, 152
, 222
, 24
, 147
, 99
, 92
, 154
, 61
, 185
, 98
, 148
, 187
, 59
, 219
, 27
, 173
, 73
, 182
, 64
, 21
, 225
, 32
, 214
, 210
, 36
, 145
, 101
, 98
, 148
, 71
, 175
, 106
, 140
, 90
, 156
, 239
, 7
, 213
, 33
, 151
, 95
, 152
, 94
, 51
, 195
, 74
, 172
, 25
, 221
, 226
, 20
, 243
, 3
, 132
, 114
, 61
, 185
, 19
, 227
, 187
, 59
, 244
, 2
, 173
, 73
, 212
, 34
, 99
, 147
, 191
, 55
, 18
, 228
, 129
, 117
, 27
, 219
, 12
, 234
, 226
, 20
, 1
, 245
, 171
, 75
, 78
, 168
, 186
, 60
, 219
, 27
, 75
, 171
, 26
, 220
, 202
, 44
, 174
, 72
, 203
, 43
, 91
, 155
, 238
, 8
, 58
, 188
, 103
, 143
, 176
, 70
, 36
, 210
, 189
, 57
, 156
, 90
, 84
, 162
, 42
, 204
, 45
, 201
, 44
, 202
, 48
, 198
, 136
, 110
, 179
, 67
, 84
, 162
, 238
, 8
, 106
, 140
, 128
, 118
, 154
, 92
, 49
, 197
, 2
, 244
, 227
, 19
, 113
, 133
, 171
, 75
, 83
, 163
, 232
, 14
, 37
, 209
, 183
, 63
, 85
, 161
, 130
, 116
, 103
, 143
, 152
, 94
, 111
, 135
, 114
, 132
, 98
, 148
, 81
, 165
, 196
, 50
, 129
, 117
, 214
, 32
, 84
, 162
, 8
, 238
, 38
, 208
, 203
, 43
, 231
, 15
, 54
, 192
, 167
, 79
, 81
, 165
, 130
, 116
, 119
, 127
, 11
, 235
, 20
, 226
, 218
, 28
, 5
, 241
, 181
, 65
, 2
, 244
, 237
, 9
, 191
, 55
, 222
, 24
, 52
, 194
, 77
, 169
, 169
, 77
, 13
, 233
, 207
, 39
, 224
, 22
, 51
, 195
, 161
, 85
, 155
, 91
, 5
, 241
, 161
, 85
, 115
, 131
, 106
, 140
, 203
, 43
, 17
, 229
, 83
, 163
, 8
, 238
, 70
, 176
, 63
, 183
, 82
, 164
, 157
, 89
, 182
, 64
, 242
, 4
, 37
, 209
, 18
, 228
, 202
, 44
, 79
, 167
, 179
, 67
, 134
, 112
, 242
, 4
, 52
, 194
, 158
, 88
, 140
, 106
, 218
, 28
, 57
, 189
, 12
, 234
, 49
, 197
, 31
, 215
, 152
, 94
, 226
, 20
, 175
, 71
, 238
, 8
, 24
, 222
, 61
, 185
, 105
, 141
, 132
, 114
, 95
, 151
, 187
, 59
, 204
, 42
, 73
, 173
, 52
, 194
, 215
, 31
, 162
, 84
, 29
, 217
, 64
, 182
, 8
, 238
, 11
, 235
, 236
, 10
, 76
, 170
, 141
, 105
, 19
, 227
, 53
, 193
, 35
, 211
, 54
, 192
, 231
, 15
, 97
, 149
, 42
, 204
, 167
, 79
, 167
, 79
, 174
, 72
, 222
, 24
, 82
, 164
, 30
, 216
, 120
, 126
, 25
, 221
, 229
, 17
, 225
, 21
, 243
, 3
, 151
, 95
, 18
, 228
, 23
, 223
, 97
, 149
, 89
, 157
, 216
, 30
, 225
, 21
, 87
, 159
, 3
, 243
, 185
, 61
, 203
, 43
, 74
, 172
, 197
, 49
, 215
, 31
, 54
, 192
, 15
, 231
, 37
, 209
, 8
, 238
, 226
, 20
, 125
, 121
, 88
, 158
, 114
, 132
, 7
, 239
, 49
, 197
, 219
, 27
, 233
, 13
, 71
, 175
, 240
, 6
, 85
, 161
, 83
, 163
, 167
, 79
, 55
, 191
, 225
, 21
, 197
, 49
, 212
, 34
, 63
, 183
, 97
, 149
, 27
, 219
, 114
, 132
, 162
, 84
, 50
, 196
, 187
, 59
, 172
, 74
, 147
, 99
, 96
, 150
, 151
, 95
, 180
, 66
, 33
, 213
, 80
, 166
, 75
, 171
, 78
, 168
, 57
, 189
, 23
, 223
, 44
, 202
, 41
, 205
, 176
, 70
, 136
, 110
, 114
, 132
, 210
, 36
, 41
, 205
, 55
, 191
, 30
, 216
, 81
, 165
, 195
, 51
, 118
, 128
, 171
, 75
, 96
, 150
, 169
, 77
, 180
, 66
, 208
, 38
, 141
, 105
, 148
, 98
, 142
, 104
, 197
, 49
, 210
, 36
, 174
, 72
, 32
, 214
, 75
, 171
, 136
, 110
, 141
, 105
, 232
, 14
, 186
, 60
, 55
, 191
, 204
, 42
, 95
, 151
, 233
, 13
, 20
, 226
, 179
, 67
, 177
, 69
, 132
, 114
, 158
, 88
, 210
, 36
, 9
, 237
, 7
, 239
, 18
, 228
, 112
, 134
, 84
, 162
, 32
, 214
, 138
, 108
, 220
, 26
, 150
, 96
, 217
, 29
, 230
, 16
, 202
, 44
, 12
, 234
, 2
, 244
, 145
, 101
, 101
, 145
, 172
, 74
, 198
, 48
, 193
, 53
, 27
, 219
, 154
, 92
, 180
, 66
, 160
, 86
, 162
, 84
, 81
, 165
, 162
, 84
, 104
, 142
, 50
, 196
, 69
, 177
, 13
, 233
, 70
, 176
, 37
, 209
, 185
, 61
, 92
, 154
, 13
, 233
, 119
, 127
, 23
, 223
, 21
, 225
, 228
, 18
, 49
, 197
, 218
, 28
, 21
, 225
, 54
, 192
, 84
, 162
, 182
, 64
, 158
, 88
, 84
, 162
, 169
, 77
, 12
, 234
, 106
, 140
, 77
, 169
, 170
, 76
, 32
, 214
, 215
, 31
, 168
, 78
, 211
, 35
, 113
, 133
, 48
, 198
, 30
, 216
, 225
, 21
, 134
, 112
, 170
, 76
, 18
, 228
, 194
, 52
, 215
, 31
, 95
, 151
, 236
, 10
, 38
, 208
, 186
, 60
, 55
, 191
, 71
, 175
, 32
, 214
, 139
, 107
, 12
, 234
, 16
, 230
, 236
, 10
, 102
, 144
, 232
, 14
, 103
, 143
, 74
, 172
, 215
, 31
, 44
, 202
, 48
, 198
, 35
, 211
, 49
, 197
, 101
, 145
, 75
, 171
, 79
, 167
, 221
, 25
, 159
, 87
, 69
, 177
, 195
, 51
, 100
, 146
, 135
, 111
, 214
, 32
, 108
, 138
, 60
, 186
, 156
, 90
, 174
, 72
, 223
, 23
, 206
, 40
, 136
, 110
, 107
, 139
, 167
, 79
, 138
, 108
, 107
, 139
, 20
, 226
, 93
, 153
, 103
, 143
, 199
, 47
, 90
, 156
, 155
, 91
, 92
, 154
, 117
, 129
, 92
, 154
, 228
, 18
, 186
, 60
, 155
, 91
, 145
, 101
, 93
, 153
, 37
, 209
, 166
, 80
, 11
, 235
, 196
, 50
, 93
, 153
, 7
, 239
, 56
, 190
, 212
, 34
, 128
, 118
, 51
, 195
, 166
, 80
, 70
, 176
, 116
, 130
, 156
, 90
, 26
, 220
, 15
, 231
, 230
, 16
, 137
, 109
, 40
, 206
, 238
, 8
, 76
, 170
, 187
, 59
, 39
, 207
, 63
, 183
, 184
, 62
, 78
, 168
, 105
, 141
, 11
, 235
, 222
, 24
, 141
, 105
, 232
, 14
, 35
, 211
, 21
, 225
, 225
, 21
, 157
, 89
, 26
, 220
, 3
, 243
, 50
, 196
, 172
, 74
, 136
, 110
, 179
, 67
, 159
, 87
, 84
, 162
, 208
, 38
, 29
, 217
, 48
, 198
, 215
, 31
, 25
, 221
, 18
, 228
, 117
, 129
, 72
, 174
, 173
, 73
, 72
, 174
, 185
, 61
, 240
, 6
, 144
, 102
, 29
, 217
, 13
, 233
, 71
, 175
, 39
, 207
, 100
, 146
, 97
, 149
, 194
, 52
, 144
, 102
, 170
, 76
, 213
, 33
, 178
, 68
, 198
, 48
, 135
, 111
, 92
, 154
, 10
, 236
, 184
, 62
, 2
, 244
, 209
, 37
, 229
, 17
, 11
, 235
, 27
, 219
, 217
, 29
, 216
, 30
, 117
, 129
, 74
, 172
, 48
, 198
, 175
, 71
, 37
, 209
, 194
, 52
, 111
, 135
, 55
, 191
, 179
, 67
, 64
, 182
, 191
, 55
, 38
, 208
, 71
, 175
, 121
, 125
, 68
, 178
, 171
, 75
, 226
, 20
, 66
, 180
, 1
, 245
, 121
, 125
, 215
, 31
, 162
, 84
, 70
, 176
, 108
, 138
, 170
, 76
, 66
, 180
, 59
, 187
, 193
, 53
, 102
, 144
, 112
, 134
, 243
, 3
, 187
, 59
, 202
, 44
, 18
, 228
, 100
, 146
, 150
, 96
, 211
, 35
, 206
, 40
, 225
, 21
, 80
, 166
, 117
, 129
, 83
, 163
, 40
, 206
, 35
, 211
, 178
, 68
, 80
, 166
, 5
, 241
, 212
, 34
, 172
, 74
, 104
, 142
, 161
, 85
, 216
, 30
, 115
, 131
, 223
, 23
, 178
, 68
, 159
, 87
, 63
, 183
, 49
, 197
, 86
, 160
, 199
, 47
, 167
, 79
, 178
, 68
, 202
, 44
, 120
, 126
, 145
, 101
, 160
, 86
, 77
, 169
, 53
, 193
, 232
, 14
, 209
, 37
, 25
, 221
, 64
, 182
, 170
, 76
, 149
, 97
, 6
, 240
, 94
, 152
, 123
, 123
, 179
, 67
, 120
, 126
, 14
, 232
, 119
, 127
, 34
, 212
, 40
, 206
, 104
, 142
, 86
, 160
, 189
, 57
, 94
, 152
, 171
, 75
, 237
, 9
, 116
, 130
, 178
, 68
, 16
, 230
, 9
, 237
, 185
, 61
, 55
, 191
, 147
, 99
, 27
, 219
, 231
, 15
, 165
, 81
, 16
, 230
, 65
, 181
, 175
, 71
, 197
, 49
, 195
, 51
, 106
, 140
, 79
, 167
, 230
, 16
, 139
, 107
, 66
, 180
, 54
, 192
, 165
, 81
, 221
, 25
, 22
, 224
, 26
, 220
, 202
, 44
, 140
, 106
, 40
, 206
, 239
, 7
, 150
, 96
, 125
, 121
, 200
, 46
, 175
, 71
, 232
, 14
, 59
, 187
, 123
, 123
, 31
, 215
, 106
, 140
, 196
, 50
, 215
, 31
, 210
, 36
, 216
, 30
, 132
, 114
, 54
, 192
, 178
, 68
, 158
, 88
, 12
, 234
, 95
, 151
, 122
, 124
, 200
, 46
, 154
, 92
, 169
, 77
, 75
, 171
, 179
, 67
, 141
, 105
, 109
, 137
, 135
, 111
, 232
, 14
, 234
, 12
, 30
, 216
, 78
, 168
, 154
, 92
, 201
, 45
, 235
, 11
, 187
, 59
, 85
, 161
, 236
, 10
, 122
, 124
, 137
, 109
, 101
, 145
, 111
, 135
, 82
, 164
, 147
, 99
, 50
, 196
, 140
, 106
, 231
, 15
, 56
, 190
, 49
, 197
, 96
, 150
, 118
, 128
, 238
, 8
, 163
, 83
, 97
, 149
, 147
, 99
, 230
, 16
, 158
, 88
, 160
, 86
, 45
, 201
, 83
, 163
, 242
, 4
, 70
, 176
, 26
, 220
, 86
, 160
, 209
, 37
, 158
, 88
, 209
, 37
, 153
, 93
, 190
, 56
, 49
, 197
, 216
, 30
, 25
, 221
, 24
, 222
, 121
, 125
, 210
, 36
, 58
, 188
, 118
, 128
, 66
, 180
, 104
, 142
, 177
, 69
, 9
, 237
, 147
, 99
, 57
, 189
, 84
, 162
, 172
, 74
, 39
, 207
, 51
, 195
, 201
, 45
, 121
, 125
, 145
, 101
, 134
, 112
, 75
, 171
, 110
, 136
, 52
, 194
, 127
, 119
, 210
, 36
, 218
, 28
, 225
, 21
, 110
, 136
, 216
, 30
, 119
, 127
, 132
, 114
, 36
, 210
, 205
, 41
, 223
, 23
, 235
, 11
, 167
, 79
, 117
, 129
, 198
, 48
, 141
, 105
, 56
, 190
, 70
, 176
, 78
, 168
, 71
, 175
, 140
, 106
, 190
, 56
, 179
, 67
, 101
, 145
, 208
, 38
, 47
, 199
, 182
, 64
, 132
, 114
, 158
, 88
, 83
, 163
, 27
, 219
, 110
, 136
, 59
, 187
, 135
, 111
, 181
, 65
, 226
, 20
, 50
, 196
, 34
, 212
, 65
, 181
, 72
, 174
, 174
, 72
, 97
, 149
, 6
, 240
, 6
, 240
, 180
, 66
, 161
, 85
, 176
, 70
, 35
, 211
, 112
, 134
, 199
, 47
, 185
, 61
, 167
, 79
, 133
, 113
, 55
, 191
, 212
, 34
, 17
, 229
, 138
, 108
, 224
, 22
, 206
, 40
, 29
, 217
, 120
, 126
, 18
, 228
, 85
, 161
, 179
, 67
, 31
, 215
, 199
, 47
, 95
, 151
, 209
, 37
, 126
, 120
, 33
, 213
, 170
, 76
, 105
, 141
, 11
, 235
, 145
, 101
, 64
, 182
, 125
, 121
, 167
, 79
, 178
, 68
, 61
, 185
, 145
, 101
, 205
, 41
, 57
, 189
, 2
, 244
, 203
, 43
, 39
, 207
, 26
, 220
, 192
, 54
, 161
, 85
, 103
, 143
, 182
, 64
, 141
, 105
, 51
, 195
, 51
, 195
, 184
, 62
, 224
, 22
, 197
, 49
, 27
, 219
, 187
, 59
, 120
, 126
, 32
, 214
, 98
, 148
, 66
, 180
, 93
, 153
, 94
, 152
, 119
, 127
, 36
, 210
, 88
, 158
, 132
, 114
, 48
, 198
, 234
, 12
, 50
, 196
, 20
, 226
, 219
, 27
, 20
, 226
, 169
, 77
, 142
, 104
, 126
, 120
, 94
, 152
, 184
, 62
, 141
, 105
, 243
, 3
, 64
, 182
, 68
, 178
, 88
, 158
, 242
, 4
, 102
, 144
, 26
, 220
, 217
, 29
, 224
, 22
, 85
, 161
, 56
, 190
, 114
, 132
, 213
, 33
, 15
, 231
, 198
, 48
, 134
, 112
, 174
, 72
, 213
, 33
, 34
, 212
, 67
, 179
, 106
, 140
, 72
, 174
, 119
, 127
, 191
, 55
, 16
, 230
, 238
, 8
, 194
, 52
, 232
, 14
, 226
, 20
, 5
, 241
, 214
, 32
, 202
, 44
, 117
, 129
, 195
, 51
, 125
, 121
, 28
, 218
, 166
, 80
, 80
, 166
, 7
, 239
, 71
, 175
, 159
, 87
, 160
, 86
, 146
, 100
, 1
, 245
, 133
, 113
, 126
, 120
, 81
, 165
, 175
, 71
, 150
, 96
, 138
, 108
, 170
, 76
, 101
, 145
, 28
, 218
, 142
, 104
, 9
, 237
, 225
, 21
, 106
, 140
, 236
, 10
, 62
, 184
, 232
, 14
, 34
, 212
, 176
, 70
, 26
, 220
, 1
, 245
, 142
, 104
, 156
, 90
, 65
, 181
, 122
, 124
, 182
, 64
, 102
, 144
, 99
, 147
, 244
, 2
, 100
, 146
, 173
, 73
, 140
, 106
, 50
, 196
, 119
, 127
, 18
, 228
, 89
, 157
, 11
, 235
, 209
, 37
, 68
, 178
, 41
, 205
, 122
, 124
, 19
, 227
, 106
, 140
, 75
, 171
, 39
, 207
, 37
, 209
, 123
, 123
, 210
, 36
, 225
, 21
, 67
, 179
, 22
, 224
, 86
, 160
, 82
, 164
, 165
, 81
, 39
, 207
, 27
, 219
, 209
, 37
, 219
, 27
, 86
, 160
, 2
, 244
, 235
, 11
, 40
, 206
, 49
, 197
, 116
, 130
, 215
, 31
, 156
, 90
, 163
, 83
, 148
, 98
, 231
, 15
, 24
, 222
, 162
, 84
, 136
, 110
, 215
, 31
, 111
, 135
, 82
, 164
, 78
, 168
, 218
, 28
, 173
, 73
, 39
, 207
, 72
, 174
, 53
, 193
, 27
, 219
, 98
, 148
, 133
, 113
, 142
, 104
, 104
, 142
, 160
, 86
, 211
, 35
, 46
, 200
, 89
, 157
, 210
, 36
, 66
, 180
, 56
, 190
, 111
, 135
, 77
, 169
, 197
, 49
, 61
, 185
, 121
, 125
, 31
, 215
, 233
, 13
, 137
, 109
, 31
, 215
, 214
, 32
, 18
, 228
, 116
, 130
, 20
, 226
, 116
, 130
, 46
, 200
, 42
, 204
, 203
, 43
, 244
, 2
, 217
, 29
, 220
, 26
, 47
, 199
, 218
, 28
, 192
, 54
, 98
, 148
, 205
, 41
, 118
, 128
, 164
, 82
, 215
, 31
, 28
, 218
, 64
, 182
, 74
, 172
, 228
, 18
, 88
, 158
, 231
, 15
, 14
, 232
, 74
, 172
, 140
, 106
, 89
, 157
, 200
, 46
, 7
, 239
, 84
, 162
, 20
, 226
, 237
, 9
, 177
, 69
, 189
, 57
, 224
, 22
, 196
, 50
, 41
, 205
, 111
, 135
, 167
, 79
, 77
, 169
, 243
, 3
, 114
, 132
, 11
, 235
, 201
, 45
, 84
, 162
, 42
, 204
, 11
, 235
, 48
, 198
, 37
, 209
, 62
, 184
, 84
, 162
, 211
, 35
, 215
, 31
, 81
, 165
, 114
, 132
, 212
, 34
, 175
, 71
, 52
, 194
, 3
, 243
, 20
, 226
, 135
, 111
, 157
, 89
, 60
, 186
, 58
, 188
, 191
, 55
, 114
, 132
, 24
, 222
, 87
, 159
, 228
, 18
, 108
, 138
, 226
, 20
, 46
, 200
, 165
, 81
, 47
, 199
, 182
, 64
, 52
, 194
, 158
, 88
, 242
, 4
, 168
, 78
, 45
, 201
, 21
, 225
, 83
, 163
, 109
, 137
, 225
, 21
, 234
, 12
, 139
, 107
, 52
, 194
, 27
, 219
, 134
, 112
, 32
, 214
, 17
, 229
, 48
, 198
, 211
, 35
, 186
, 60
, 75
, 171
, 243
, 3
, 176
, 70
, 119
, 127
, 66
, 180
, 16
, 230
, 79
, 167
, 65
, 181
, 59
, 187
, 83
, 163
, 6
, 240
, 233
, 13
, 209
, 37
, 33
, 213
, 170
, 76
, 125
, 121
, 170
, 76
, 84
, 162
, 173
, 73
, 18
, 228
, 21
, 225
, 224
, 22
, 164
, 82
, 94
, 152
, 229
, 17
, 81
, 165
, 151
, 95
, 64
, 182
, 237
, 9
, 68
, 178
, 69
, 177
, 18
, 228
, 93
, 153
, 180
, 66
, 90
, 156
, 75
, 171
, 102
, 144
, 69
, 177
, 108
, 138
, 92
, 154
, 85
, 161
, 93
, 153
, 109
, 137
, 65
, 181
, 134
, 112
, 173
, 73
, 62
, 184
, 159
, 87
, 84
, 162
, 84
, 162
, 1
, 245
, 127
, 119
, 14
, 232
, 179
, 67
, 212
, 34
, 149
, 97
, 82
, 164
, 171
, 75
, 165
, 81
, 52
, 194
, 144
, 102
, 74
, 172
, 111
, 135
, 33
, 213
, 218
, 28
, 199
, 47
, 96
, 150
, 90
, 156
, 17
, 229
, 218
, 28
, 148
, 98
, 67
, 179
, 94
, 152
, 2
, 244
, 226
, 20
, 236
, 10
, 82
, 164
, 147
, 99
, 152
, 94
, 3
, 243
, 68
, 178
, 219
, 27
, 176
, 70
, 65
, 181
, 61
, 185
, 39
, 207
, 96
, 150
, 40
, 206
, 102
, 144
, 242
, 4
, 181
, 65
, 84
, 162
, 119
, 127
, 58
, 188
, 4
, 242
, 47
, 199
, 158
, 88
, 77
, 169
, 4
, 242
, 64
, 182
, 237
, 9
, 157
, 89
, 57
, 189
, 241
, 5
, 9
, 237
, 59
, 187
, 181
, 65
, 182
, 64
, 229
, 17
, 29
, 217
, 83
, 163
, 189
, 57
, 230
, 16
, 81
, 165
, 176
, 70
, 73
, 173
, 180
, 66
, 45
, 201
, 176
, 70
, 40
, 206
, 232
, 14
, 236
, 10
, 89
, 157
, 134
, 112
, 213
, 33
, 5
, 241
, 116
, 130
, 82
, 164
, 3
, 243
, 221
, 25
, 71
, 175
, 160
, 86
, 145
, 101
, 83
, 163
, 146
, 100
, 242
, 4
, 229
, 17
, 75
, 171
, 105
, 141
, 177
, 69
, 59
, 187
, 34
, 212
, 147
, 99
, 217
, 29
, 97
, 149
, 10
, 236
, 241
, 5
, 140
, 106
, 209
, 37
, 66
, 180
, 174
, 72
, 74
, 172
, 155
, 91
, 124
, 122
, 243
, 3
, 23
, 223
, 150
, 96
, 196
, 50
, 53
, 193
, 227
, 19
, 230
, 16
, 174
, 72
, 166
, 80
, 62
, 184
, 69
, 177
, 82
, 164
, 100
, 146
, 244
, 2
, 56
, 190
, 230
, 16
, 146
, 100
, 198
, 48
, 178
, 68
, 107
, 139
, 244
, 2
, 235
, 11
, 231
, 15
, 104
, 142
, 135
, 111
, 201
, 45
, 201
, 45
, 124
, 122
, 200
, 46
, 203
, 43
, 62
, 184
, 54
, 192
, 223
, 23
, 41
, 205
, 38
, 208
, 42
, 204
, 102
, 144
, 90
, 156
, 84
, 162
, 3
, 243
, 105
, 141
, 35
, 211
, 164
, 82
, 133
, 113
, 106
, 140
, 125
, 121
, 30
, 216
, 134
, 112
, 193
, 53
, 58
, 188
, 163
, 83
, 200
, 46
, 237
, 9
, 74
, 172
, 6
, 240
, 159
, 87
, 150
, 96
, 221
, 25
, 148
, 98
, 223
, 23
, 30
, 216
, 157
, 89
, 172
, 74
, 13
, 233
, 19
, 227
, 157
, 89
, 17
, 229
, 90
, 156
, 162
, 84
, 104
, 142
, 119
, 127
, 160
, 86
, 118
, 128
, 215
, 31
, 103
, 143
, 59
, 187
, 119
, 127
, 212
, 34
, 169
, 77
, 39
, 207
, 226
, 20
, 62
, 184
, 165
, 81
, 153
, 93
, 75
, 171
, 163
, 83
, 33
, 213
, 190
, 56
, 219
, 27
, 149
, 97
, 93
, 153
, 188
, 58
, 241
, 5
, 127
, 119
, 128
, 118
, 26
, 220
, 222
, 24
, 218
, 28
, 154
, 92
, 33
, 213
, 96
, 150
, 22
, 224
, 212
, 34
, 114
, 132
, 126
, 120
, 80
, 166
, 51
, 195
, 157
, 89
, 113
, 133
, 130
, 116
, 95
, 151
, 119
, 127
, 242
, 4
, 107
, 139
, 92
, 154
, 7
, 239
, 222
, 24
, 67
, 179
, 76
, 170
, 157
, 89
, 44
, 202
, 5
, 241
, 14
, 232
, 85
, 161
, 52
, 194
, 70
, 176
, 39
, 207
, 153
, 93
, 191
, 55
, 22
, 224
, 227
, 19
, 170
, 76
, 189
, 57
, 6
, 240
, 235
, 11
, 152
, 94
, 164
, 82
, 60
, 186
, 90
, 156
, 2
, 244
, 60
, 186
, 97
, 149
, 144
, 102
, 133
, 113
, 39
, 207
, 178
, 68
, 142
, 104
, 205
, 41
, 167
, 79
, 224
, 22
, 75
, 171
, 145
, 101
, 173
, 73
, 129
, 117
, 225
, 21
, 112
, 134
, 140
, 106
, 218
, 28
, 77
, 169
, 178
, 68
, 104
, 142
, 201
, 45
, 157
, 89
, 201
, 45
, 243
, 3
, 197
, 49
, 54
, 192
, 136
, 110
, 215
, 31
, 130
, 116
, 32
, 214
, 117
, 129
, 12
, 234
, 195
, 51
, 115
, 131
, 204
, 42
, 231
, 15
, 76
, 170
, 18
, 228
, 71
, 175
, 20
, 226
, 201
, 45
, 25
, 221
, 116
, 130
, 118
, 128
, 63
, 183
, 207
, 39
, 91
, 155
, 128
, 118
, 50
, 196
, 22
, 224
, 62
, 184
, 138
, 108
, 61
, 185
, 48
, 198
, 151
, 95
, 221
, 25
, 5
, 241
, 142
, 104
, 26
, 220
, 189
, 57
, 129
, 117
, 153
, 93
, 148
, 98
, 166
, 80
, 4
, 242
, 109
, 137
, 121
, 125
, 226
, 20
, 128
, 118
, 214
, 32
, 93
, 153
, 180
, 66
, 46
, 200
, 57
, 189
, 23
, 223
, 207
, 39
, 218
, 28
, 136
, 110
, 198
, 48
, 205
, 41
, 170
, 76
, 108
, 138
, 141
, 105
, 94
, 152
, 173
, 73
, 45
, 201
, 69
, 177
, 49
, 197
, 205
, 41
, 171
, 75
, 54
, 192
, 41
, 205
, 10
, 236
, 180
, 66
, 48
, 198
, 138
, 108
, 119
, 127
, 44
, 202
, 185
, 61
, 69
, 177
, 82
, 164
, 100
, 146
, 79
, 167
, 124
, 122
, 51
, 195
, 202
, 44
, 133
, 113
, 112
, 134
, 140
, 106
, 144
, 102
, 122
, 124
, 128
, 118
, 87
, 159
, 88
, 158
, 67
, 179
, 140
, 106
, 64
, 182
, 209
, 37
, 20
, 226
, 30
, 216
, 203
, 43
, 221
, 25
, 188
, 58
, 112
, 134
, 233
, 13
, 11
, 235
, 51
, 195
, 243
, 3
, 158
, 88
, 66
, 180
, 193
, 53
, 57
, 189
, 2
, 244
, 200
, 46
, 108
, 138
, 215
, 31
, 150
, 96
, 30
, 216
, 66
, 180
, 120
, 126
, 140
, 106
, 69
, 177
, 163
, 83
, 11
, 235
, 105
, 141
, 28
, 218
, 18
, 228
, 28
, 218
, 216
, 30
, 123
, 123
, 225
, 21
, 141
, 105
, 156
, 90
, 213
, 33
, 15
, 231
, 208
, 38
, 141
, 105
, 213
, 33
, 64
, 182
, 158
, 88
, 72
, 174
, 148
, 98
, 2
, 244
, 174
, 72
, 185
, 61
, 171
, 75
, 135
, 111
, 41
, 205
, 96
, 150
, 50
, 196
, 25
, 221
, 244
, 2
, 61
, 185
, 189
, 57
, 13
, 233
, 198
, 48
, 206
, 40
, 219
, 27
, 129
, 117
, 222
, 24
, 198
, 48
, 67
, 179
, 61
, 185
, 211
, 35
, 152
, 94
, 114
, 132
, 68
, 178
, 220
, 26
, 71
, 175
, 82
, 164
, 159
, 87
, 67
, 179
, 241
, 5
, 174
, 72
, 67
, 179
, 28
, 218
, 164
, 82
, 8
, 238
, 69
, 177
, 239
, 7
, 187
, 59
, 243
, 3
, 50
, 196
, 218
, 28
, 226
, 20
, 175
, 71
, 183
, 63
, 91
, 155
, 37
, 209
, 27
, 219
, 130
, 116
, 200
, 46
, 26
, 220
, 180
, 66
, 20
, 226
, 233
, 13
, 122
, 124
, 138
, 108
, 70
, 176
, 91
, 155
, 159
, 87
, 190
, 56
, 186
, 60
, 213
, 33
, 104
, 142
, 81
, 165
, 213
, 33
, 2
, 244
, 160
, 86
, 112
, 134
, 118
, 128
, 109
, 137
, 114
, 132
, 223
, 23
, 2
, 244
, 217
, 29
, 5
, 241
, 160
, 86
, 167
, 79
, 28
, 218
, 189
, 57
, 2
, 244
, 184
, 62
, 217
, 29
, 26
, 220
, 156
, 90
, 217
, 29
, 193
, 53
, 157
, 89
, 141
, 105
, 86
, 160
, 127
, 119
, 59
, 187
, 200
, 46
, 192
, 54
, 128
, 118
, 51
, 195
, 187
, 59
, 61
, 185
, 15
, 231
, 62
, 184
, 56
, 190
, 162
, 84
, 157
, 89
, 22
, 224
, 85
, 161
, 223
, 23
, 236
, 10
, 108
, 138
, 47
, 199
, 221
, 25
, 72
, 174
, 184
, 62
, 105
, 141
, 77
, 169
, 17
, 229
, 100
, 146
, 223
, 23
, 119
, 127
, 157
, 89
, 80
, 166
, 225
, 21
, 178
, 68
, 84
, 162
, 232
, 14
, 243
, 3
, 1
, 245
, 92
, 154
, 174
, 72
, 20
, 226
, 117
, 129
, 208
, 38
, 59
, 187
, 143
, 103
, 191
, 55
, 117
, 129
, 11
, 235
, 169
, 77
, 54
, 192
, 6
, 240
, 99
, 147
, 45
, 201
, 105
, 141
, 95
, 151
, 55
, 191
, 164
, 82
, 196
, 50
, 32
, 214
, 213
, 33
, 128
, 118
, 77
, 169
, 158
, 88
, 84
, 162
, 60
, 186
, 148
, 98
, 154
, 92
, 61
, 185
, 52
, 194
, 151
, 95
, 69
, 177
, 233
, 13
, 156
, 90
, 122
, 124
, 208
, 38
, 126
, 120
, 54
, 192
, 21
, 225
, 94
, 152
, 100
, 146
, 73
, 173
, 54
, 192
, 4
, 242
, 212
, 34
, 3
, 243
, 1
, 245
, 40
, 206
, 138
, 108
, 134
, 112
, 89
, 157
, 227
, 19
, 122
, 124
, 59
, 187
, 48
, 198
, 162
, 84
, 18
, 228
, 110
, 136
, 26
, 220
, 77
, 169
, 144
, 102
, 218
, 28
, 61
, 185
, 215
, 31
, 191
, 55
, 60
, 186
, 211
, 35
, 130
, 116
, 160
, 86
, 86
, 160
, 66
, 180
, 92
, 154
, 197
, 49
, 146
, 100
, 202
, 44
, 200
, 46
, 136
, 110
, 140
, 106
, 1
, 245
, 179
, 67
, 198
, 48
, 188
, 58
, 28
, 218
, 140
, 106
, 56
, 190
, 53
, 193
, 128
, 118
, 111
, 135
, 136
, 110
, 228
, 18
, 43
, 203
, 24
, 222
, 122
, 124
, 169
, 77
, 10
, 236
, 186
, 60
, 160
, 86
, 144
, 102
, 159
, 87
, 221
, 25
, 3
, 243
, 194
, 52
, 64
, 182
, 102
, 144
, 137
, 109
, 23
, 223
, 35
, 211
, 50
, 196
, 220
, 26
, 157
, 89
, 23
, 223
, 222
, 24
, 209
, 37
, 135
, 111
, 150
, 96
, 150
, 96
, 2
, 244
, 166
, 80
, 127
, 119
, 203
, 43
, 34
, 212
, 221
, 25
, 90
, 156
, 102
, 144
, 23
, 223
, 195
, 51
, 20
, 226
, 85
, 161
, 219
, 27
, 180
, 66
, 65
, 181
, 230
, 16
, 151
, 95
, 62
, 184
, 105
, 141
, 198
, 48
, 187
, 59
, 206
, 40
, 146
, 100
, 91
, 155
, 180
, 66
, 228
, 18
, 114
, 132
, 92
, 154
, 81
, 165
, 103
, 143
, 34
, 212
, 54
, 192
, 132
, 114
, 145
, 101
, 57
, 189
, 30
, 216
, 178
, 68
, 198
, 48
, 184
, 62
, 16
, 230
, 176
, 70
, 189
, 57
, 88
, 158
, 214
, 32
, 220
, 26
, 30
, 216
, 51
, 195
, 103
, 143
, 188
, 58
, 116
, 130
, 57
, 189
, 226
, 20
, 176
, 70
, 158
, 88
, 59
, 187
, 194
, 52
, 57
, 189
, 66
, 180
, 57
, 189
, 102
, 144
, 29
, 217
, 173
, 73
, 82
, 164
, 219
, 27
, 152
, 94
, 68
, 178
, 171
, 75
, 138
, 108
, 217
, 29
, 232
, 14
, 128
, 118
, 77
, 169
, 158
, 88
, 177
, 69
, 6
, 240
, 23
, 223
, 104
, 142
, 43
, 203
, 20
, 226
, 211
, 35
, 202
, 44
, 77
, 169
, 236
, 10
, 93
, 153
, 203
, 43
, 31
, 215
, 135
, 111
, 87
, 159
, 65
, 181
, 167
, 79
, 7
, 239
, 186
, 60
, 236
, 10
, 143
, 103
, 244
, 2
, 137
, 109
, 239
, 7
, 26
, 220
, 155
, 91
, 73
, 173
, 116
, 130
, 61
, 185
, 234
, 12
, 237
, 9
, 234
, 12
, 37
, 209
, 76
, 170
, 225
, 21
, 188
, 58
, 183
, 63
, 190
, 56
, 137
, 109
, 87
, 159
, 185
, 61
, 207
, 39
, 16
, 230
, 194
, 52
, 29
, 217
, 192
, 54
, 99
, 147
, 168
, 78
, 92
, 154
, 85
, 161
, 101
, 145
, 189
, 57
, 199
, 47
, 206
, 40
, 144
, 102
, 57
, 189
, 10
, 236
, 56
, 190
, 163
, 83
, 213
, 33
, 201
, 45
, 45
, 201
, 55
, 191
, 26
, 220
, 36
, 210
, 144
, 102
, 228
, 18
, 71
, 175
, 183
, 63
, 105
, 141
, 169
, 77
, 201
, 45
, 91
, 155
, 221
, 25
, 30
, 216
, 39
, 207
, 156
, 90
, 132
, 114
, 36
, 210
, 207
, 39
, 67
, 179
, 7
, 239
, 110
, 136
, 158
, 88
, 242
, 4
, 17
, 229
, 18
, 228
, 196
, 50
, 17
, 229
, 52
, 194
, 169
, 77
, 127
, 119
, 178
, 68
, 238
, 8
, 120
, 126
, 53
, 193
, 91
, 155
, 133
, 113
, 126
, 120
, 58
, 188
, 52
, 194
, 137
, 109
, 187
, 59
, 185
, 61
, 79
, 167
, 47
, 199
, 205
, 41
, 67
, 179
, 15
, 231
, 55
, 191
, 179
, 67
, 131
, 115
, 34
, 212
, 154
, 92
, 104
, 142
, 43
, 203
, 103
, 143
, 146
, 100
, 80
, 166
, 46
, 200
, 105
, 141
, 105
, 141
, 152
, 94
, 37
, 209
, 67
, 179
, 115
, 131
, 86
, 160
, 7
, 239
, 32
, 214
, 104
, 142
, 68
, 178
, 68
, 178
, 230
, 16
, 30
, 216
, 120
, 126
, 146
, 100
, 240
, 6
, 185
, 61
, 51
, 195
, 35
, 211
, 60
, 186
, 76
, 170
, 205
, 41
, 61
, 185
, 207
, 39
, 88
, 158
, 240
, 6
, 128
, 118
, 12
, 234
, 74
, 172
, 98
, 148
, 169
, 77
, 67
, 179
, 206
, 40
, 111
, 135
, 219
, 27
, 42
, 204
, 150
, 96
, 138
, 108
, 96
, 150
, 9
, 237
, 163
, 83
, 117
, 129
, 226
, 20
, 194
, 52
, 45
, 201
, 122
, 124
, 43
, 203
, 223
, 23
, 98
, 148
, 224
, 22
, 59
, 187
, 40
, 206
, 83
, 163
, 4
, 242
, 40
, 206
, 228
, 18
, 237
, 9
, 2
, 244
, 70
, 176
, 132
, 114
, 149
, 97
, 207
, 39
, 16
, 230
, 67
, 179
, 65
, 181
, 55
, 191
, 44
, 202
, 87
, 159
, 166
, 80
, 91
, 155
, 117
, 129
, 204
, 42
, 236
, 10
, 67
, 179
, 98
, 148
, 115
, 131
, 63
, 183
, 155
, 91
, 130
, 116
, 103
, 143
, 20
, 226
, 224
, 22
, 54
, 192
, 77
, 169
, 159
, 87
, 66
, 180
, 39
, 207
, 71
, 175
, 77
, 169
, 77
, 169
, 79
, 167
, 26
, 220
, 234
, 12
, 109
, 137
, 13
, 233
, 132
, 114
, 233
, 13
, 4
, 242
, 12
, 234
, 147
, 99
, 225
, 21
, 4
, 242
, 17
, 229
, 167
, 79
, 47
, 199
, 205
, 41
, 183
, 63
, 127
, 119
, 236
, 10
, 110
, 136
, 157
, 89
, 21
, 225
, 3
, 243
, 9
, 237
, 186
, 60
, 12
, 234
, 164
, 82
, 90
, 156
, 182
, 64
, 43
, 203
, 125
, 121
, 7
, 239
, 69
, 177
, 83
, 163
, 56
, 190
, 76
, 170
, 149
, 97
, 126
, 120
, 225
, 21
, 87
, 159
, 82
, 164
, 37
, 209
, 30
, 216
, 74
, 172
, 119
, 127
, 53
, 193
, 28
, 218
, 98
, 148
, 159
, 87
, 16
, 230
, 214
, 32
, 7
, 239
, 39
, 207
, 152
, 94
, 211
, 35
, 109
, 137
, 94
, 152
, 178
, 68
, 168
, 78
, 5
, 241
, 236
, 10
, 217
, 29
, 106
, 140
, 233
, 13
, 46
, 200
, 234
, 12
, 205
, 41
, 91
, 155
, 185
, 61
, 39
, 207
, 205
, 41
, 204
, 42
, 197
, 49
, 116
, 130
, 76
, 170
, 170
, 76
, 203
, 43
, 191
, 55
, 97
, 149
, 138
, 108
, 157
, 89
, 183
, 63
, 100
, 146
, 1
, 245
, 33
, 213
, 126
, 120
, 234
, 12
, 172
, 74
, 25
, 221
, 214
, 32
, 243
, 3
, 241
, 5
, 148
, 98
, 180
, 66
, 1
, 245
, 242
, 4
, 107
, 139
, 185
, 61
, 180
, 66
, 236
, 10
, 97
, 149
, 18
, 228
, 204
, 42
, 224
, 22
, 121
, 125
, 55
, 191
, 185
, 61
, 5
, 241
, 231
, 15
, 83
, 163
, 238
, 8
, 202
, 44
, 87
, 159
, 206
, 40
, 2
, 244
, 189
, 57
, 166
, 80
, 2
, 244
, 206
, 40
, 123
, 123
, 41
, 205
, 27
, 219
, 165
, 81
, 220
, 26
, 41
, 205
, 44
, 202
, 49
, 197
, 52
, 194
, 93
, 153
, 67
, 179
, 235
, 11
, 232
, 14
, 46
, 200
, 228
, 18
, 175
, 71
, 121
, 125
, 216
, 30
, 158
, 88
, 167
, 79
, 97
, 149
, 229
, 17
, 240
, 6
, 178
, 68
, 149
, 97
, 8
, 238
, 33
, 213
, 36
, 210
, 236
, 10
, 3
, 243
, 128
, 118
, 136
, 110
, 70
, 176
, 58
, 188
, 83
, 163
, 211
, 35
, 17
, 229
, 70
, 176
, 23
, 223
, 139
, 107
, 181
, 65
, 189
, 57
, 36
, 210
, 82
, 164
, 2
, 244
, 100
, 146
, 127
, 119
, 102
, 144
, 20
, 226
, 67
, 179
, 142
, 104
, 143
, 103
, 77
, 169
, 101
, 145
, 21
, 225
, 109
, 137
, 94
, 152
, 138
, 108
, 135
, 111
, 141
, 105
, 134
, 112
, 111
, 135
, 178
, 68
, 214
, 32
, 56
, 190
, 222
, 24
, 10
, 236
, 78
, 168
, 145
, 101
, 100
, 146
, 193
, 53
, 169
, 77
, 208
, 38
, 183
, 63
, 13
, 233
, 135
, 111
, 194
, 52
, 134
, 112
, 127
, 119
, 48
, 198
, 158
, 88
, 230
, 16
, 189
, 57
, 17
, 229
, 226
, 20
, 127
, 119
, 55
, 191
, 60
, 186
, 135
, 111
, 89
, 157
, 167
, 79
, 159
, 87
, 229
, 17
, 75
, 171
, 31
, 215
, 36
, 210
, 58
, 188
, 108
, 138
, 67
, 179
, 176
, 70
, 68
, 178
, 13
, 233
, 87
, 159
, 158
, 88
, 81
, 165
, 127
, 119
, 54
, 192
, 223
, 23
, 64
, 182
, 75
, 171
, 33
, 213
, 203
, 43
, 199
, 47
, 57
, 189
, 5
, 241
, 90
, 156
, 56
, 190
, 142
, 104
, 226
, 20
, 126
, 120
, 205
, 41
, 170
, 76
, 71
, 175
, 14
, 232
, 220
, 26
, 180
, 66
, 230
, 16
, 92
, 154
, 242
, 4
, 194
, 52
, 21
, 225
, 202
, 44
, 223
, 23
, 52
, 194
, 182
, 64
, 179
, 67
, 42
, 204
, 54
, 192
, 59
, 187
, 153
, 93
, 30
, 216
, 174
, 72
, 188
, 58
, 16
, 230
, 46
, 200
, 22
, 224
, 38
, 208
, 93
, 153
, 55
, 191
, 142
, 104
, 196
, 50
, 57
, 189
, 199
, 47
, 152
, 94
, 219
, 27
, 205
, 41
, 151
, 95
, 125
, 121
, 136
, 110
, 174
, 72
, 132
, 114
, 234
, 12
, 132
, 114
, 40
, 206
, 156
, 90
, 234
, 12
, 208
, 38
, 194
, 52
, 58
, 188
, 55
, 191
, 244
, 2
, 26
, 220
, 103
, 143
, 237
, 9
, 88
, 158
, 99
, 147
, 106
, 140
, 89
, 157
, 152
, 94
, 212
, 34
, 126
, 120
, 120
, 126
, 19
, 227
, 147
, 99
, 108
, 138
, 244
, 2
, 42
, 204
, 64
, 182
, 71
, 175
, 86
, 160
, 220
, 26
, 91
, 155
, 14
, 232
, 4
, 242
, 241
, 5
, 161
, 85
, 95
, 151
, 115
, 131
, 165
, 81
, 168
, 78
, 144
, 102
, 106
, 140
, 12
, 234
, 171
, 75
, 137
, 109
, 121
, 125
, 43
, 203
, 56
, 190
, 234
, 12
, 131
, 115
, 206
, 40
, 241
, 5
, 150
, 96
, 74
, 172
, 220
, 26
, 8
, 238
, 201
, 45
, 26
, 220
, 162
, 84
, 230
, 16
, 188
, 58
, 4
, 242
, 159
, 87
, 19
, 227
, 118
, 128
, 109
, 137
, 187
, 59
, 78
, 168
, 184
, 62
, 190
, 56
, 224
, 22
, 87
, 159
, 50
, 196
, 229
, 17
, 117
, 129
, 142
, 104
, 162
, 84
, 11
, 235
, 215
, 31
, 161
, 85
, 195
, 51
, 90
, 156
, 131
, 115
, 78
, 168
, 133
, 113
, 145
, 101
, 176
, 70
, 148
, 98
, 67
, 179
, 121
, 125
, 183
, 63
, 142
, 104
, 220
, 26
, 27
, 219
, 56
, 190
, 55
, 191
, 194
, 52
, 140
, 106
, 158
, 88
, 176
, 70
, 218
, 28
, 78
, 168
, 230
, 16
, 72
, 174
, 66
, 180
, 168
, 78
, 121
, 125
, 57
, 189
, 21
, 225
, 43
, 203
, 69
, 177
, 109
, 137
, 208
, 38
, 130
, 116
, 85
, 161
, 118
, 128
, 115
, 131
, 24
, 222
, 35
, 211
, 173
, 73
, 217
, 29
, 44
, 202
, 31
, 215
, 209
, 37
, 95
, 151
, 90
, 156
, 237
, 9
, 18
, 228
, 128
, 118
, 232
, 14
, 191
, 55
, 39
, 207
, 173
, 73
, 71
, 175
, 48
, 198
, 50
, 196
, 188
, 58
, 49
, 197
, 54
, 192
, 75
, 171
, 20
, 226
, 58
, 188
, 183
, 63
, 8
, 238
, 129
, 117
, 129
, 117
, 165
, 81
, 39
, 207
, 140
, 106
, 132
, 114
, 30
, 216
, 44
, 202
, 186
, 60
, 99
, 147
, 230
, 16
, 114
, 132
, 117
, 129
, 87
, 159
, 7
, 239
, 14
, 232
, 196
, 50
, 51
, 195
, 192
, 54
, 53
, 193
, 122
, 124
, 196
, 50
, 17
, 229
, 15
, 231
, 107
, 139
, 98
, 148
, 22
, 224
, 185
, 61
, 110
, 136
, 34
, 212
, 64
, 182
, 47
, 199
, 112
, 134
, 105
, 141
, 220
, 26
, 226
, 20
, 195
, 51
, 37
, 209
, 77
, 169
, 104
, 142
, 36
, 210
, 204
, 42
, 68
, 178
, 224
, 22
, 109
, 137
, 143
, 103
, 185
, 61
, 69
, 177
, 196
, 50
, 16
, 230
, 140
, 106
, 244
, 2
, 199
, 47
, 175
, 71
, 242
, 4
, 147
, 99
, 189
, 57
, 203
, 43
, 39
, 207
, 40
, 206
, 84
, 162
, 33
, 213
, 75
, 171
, 1
, 245
, 226
, 20
, 163
, 83
, 128
, 118
, 158
, 88
, 133
, 113
, 117
, 129
, 196
, 50
, 130
, 116
, 194
, 52
, 226
, 20
, 170
, 76
, 40
, 206
, 15
, 231
, 103
, 143
, 120
, 126
, 171
, 75
, 34
, 212
, 192
, 54
, 123
, 123
, 6
, 240
, 107
, 139
, 60
, 186
, 71
, 175
, 203
, 43
, 45
, 201
, 85
, 161
, 225
, 21
, 106
, 140
, 145
, 101
, 239
, 7
, 13
, 233
, 184
, 62
, 169
, 77
, 242
, 4
, 113
, 133
, 35
, 211
, 66
, 180
, 35
, 211
, 191
, 55
, 87
, 159
, 127
, 119
, 170
, 76
, 108
, 138
, 195
, 51
, 54
, 192
, 52
, 194
, 16
, 230
, 238
, 8
, 70
, 176
, 218
, 28
, 228
, 18
, 38
, 208
, 220
, 26
, 143
, 103
, 143
, 103
, 114
, 132
, 141
, 105
, 217
, 29
, 79
, 167
, 148
, 98
, 42
, 204
, 225
, 21
, 213
, 33
, 153
, 93
, 239
, 7
, 240
, 6
, 188
, 58
, 194
, 52
, 16
, 230
, 66
, 180
, 1
, 245
, 201
, 45
, 106
, 140
, 185
, 61
, 154
, 92
, 211
, 35
, 224
, 22
, 136
, 110
, 151
, 95
, 124
, 122
, 226
, 20
, 70
, 176
, 230
, 16
, 228
, 18
, 123
, 123
, 203
, 43
, 196
, 50
, 186
, 60
, 237
, 9
, 141
, 105
, 134
, 112
, 203
, 43
, 185
, 61
, 14
, 232
, 66
, 180
, 160
, 86
, 162
, 84
, 211
, 35
, 112
, 134
, 180
, 66
, 46
, 200
, 231
, 15
, 12
, 234
, 104
, 142
, 21
, 225
, 228
, 18
, 36
, 210
, 192
, 54
, 72
, 174
, 25
, 221
, 47
, 199
, 114
, 132
, 52
, 194
, 190
, 56
, 114
, 132
, 20
, 226
, 59
, 187
, 4
, 242
, 200
, 46
, 139
, 107
, 108
, 138
, 45
, 201
, 203
, 43
, 28
, 218
, 230
, 16
, 226
, 20
, 78
, 168
, 193
, 53
, 239
, 7
, 140
, 106
, 181
, 65
, 61
, 185
, 66
, 180
, 49
, 197
, 67
, 179
, 50
, 196
, 61
, 185
, 146
, 100
, 3
, 243
, 19
, 227
, 215
, 31
, 165
, 81
, 9
, 237
, 1
, 245
, 176
, 70
, 240
, 6
, 45
, 201
, 242
, 4
, 4
, 242
, 143
, 103
, 165
, 81
, 22
, 224
, 63
, 183
, 12
, 234
, 215
, 31
, 73
, 173
, 32
, 214
, 143
, 103
, 8
, 238
, 81
, 165
, 41
, 205
, 154
, 92
, 157
, 89
, 145
, 101
, 174
, 72
, 195
, 51
, 231
, 15
, 171
, 75
, 176
, 70
, 175
, 71
, 135
, 111
, 23
, 223
, 141
, 105
, 215
, 31
, 32
, 214
, 110
, 136
, 222
, 24
, 217
, 29
, 32
, 214
, 202
, 44
, 18
, 228
, 139
, 107
, 17
, 229
, 226
, 20
, 169
, 77
, 69
, 177
, 231
, 15
, 96
, 150
, 179
, 67
, 195
, 51
, 71
, 175
, 81
, 165
, 184
, 62
, 70
, 176
, 136
, 110
, 167
, 79
, 136
, 110
, 143
, 103
, 202
, 44
, 24
, 222
, 123
, 123
, 146
, 100
, 181
, 65
, 28
, 218
, 100
, 146
, 233
, 13
, 233
, 13
, 70
, 176
, 100
, 146
, 56
, 190
, 183
, 63
, 49
, 197
, 49
, 197
, 109
, 137
, 18
, 228
, 58
, 188
, 178
, 68
, 177
, 69
, 215
, 31
, 81
, 165
, 12
, 234
, 176
, 70
, 223
, 23
, 178
, 68
, 36
, 210
, 30
, 216
, 40
, 206
, 175
, 71
, 106
, 140
, 182
, 64
, 226
, 20
, 135
, 111
, 226
, 20
, 53
, 193
, 31
, 215
, 159
, 87
, 109
, 137
, 146
, 100
, 211
, 35
, 3
, 243
, 63
, 183
, 114
, 132
, 74
, 172
, 232
, 14
, 209
, 37
, 13
, 233
, 199
, 47
, 76
, 170
, 56
, 190
, 111
, 135
, 234
, 12
, 3
, 243
, 121
, 125
, 173
, 73
, 14
, 232
, 38
, 208
, 44
, 202
, 229
, 17
, 148
, 98
, 57
, 189
, 177
, 69
, 121
, 125
, 108
, 138
, 144
, 102
, 1
, 245
, 58
, 188
, 81
, 165
, 129
, 117
, 61
, 185
, 219
, 27
, 70
, 176
, 56
, 190
, 163
, 83
, 213
, 33
, 141
, 105
, 91
, 155
, 24
, 222
, 94
, 152
, 227
, 19
, 217
, 29
, 5
, 241
, 143
, 103
, 193
, 53
, 230
, 16
, 219
, 27
, 211
, 35
, 141
, 105
, 94
, 152
, 69
, 177
, 186
, 60
, 119
, 127
, 71
, 175
, 37
, 209
, 209
, 37
, 193
, 53
, 150
, 96
, 26
, 220
, 199
, 47
, 97
, 149
, 47
, 199
, 111
, 135
, 2
, 244
, 78
, 168
, 51
, 195
, 193
, 53
, 231
, 15
, 14
, 232
, 192
, 54
, 227
, 19
, 69
, 177
, 92
, 154
, 204
, 42
, 97
, 149
, 198
, 48
, 123
, 123
, 219
, 27
, 79
, 167
, 38
, 208
, 134
, 112
, 81
, 165
, 2
, 244
, 141
, 105
, 31
, 215
, 187
, 59
, 97
, 149
, 102
, 144
, 142
, 104
, 210
, 36
, 131
, 115
, 45
, 201
, 86
, 160
, 220
, 26
, 34
, 212
, 234
, 12
, 64
, 182
, 56
, 190
, 29
, 217
, 87
, 159
, 241
, 5
, 123
, 123
, 14
, 232
, 73
, 173
, 244
, 2
, 150
, 96
, 88
, 158
, 220
, 26
, 19
, 227
, 15
, 231
, 144
, 102
, 133
, 113
, 173
, 73
, 98
, 148
, 244
, 2
, 219
, 27
, 83
, 163
, 179
, 67
, 29
, 217
, 166
, 80
, 76
, 170
, 46
, 200
, 90
, 156
, 167
, 79
, 242
, 4
, 88
, 158
, 213
, 33
, 242
, 4
, 123
, 123
, 141
, 105
, 174
, 72
, 204
, 42
, 23
, 223
, 10
, 236
, 117
, 129
, 46
, 200
, 79
, 167
, 65
, 181
, 13
, 233
, 167
, 79
, 43
, 203
, 226
, 20
, 207
, 39
, 177
, 69
, 137
, 109
, 103
, 143
, 189
, 57
, 190
, 56
, 177
, 69
, 28
, 218
, 244
, 2
, 63
, 183
, 9
, 237
, 238
, 8
, 171
, 75
, 172
, 74
, 162
, 84
, 53
, 193
, 147
, 99
, 78
, 168
, 51
, 195
, 192
, 54
, 123
, 123
, 209
, 37
, 165
, 81
, 116
, 130
, 171
, 75
, 8
, 238
, 184
, 62
, 48
, 198
, 21
, 225
, 234
, 12
, 42
, 204
, 177
, 69
, 50
, 196
, 168
, 78
, 221
, 25
, 55
, 191
, 28
, 218
, 180
, 66
, 228
, 18
, 73
, 173
, 115
, 131
, 229
, 17
, 130
, 116
, 162
, 84
, 81
, 165
, 244
, 2
, 72
, 174
, 112
, 134
, 181
, 65
, 169
, 77
, 12
, 234
, 37
, 209
, 96
, 150
, 234
, 12
, 243
, 3
, 93
, 153
, 73
, 173
, 91
, 155
, 155
, 91
, 205
, 41
, 157
, 89
, 124
, 122
, 235
, 11
, 4
, 242
, 179
, 67
, 26
, 220
, 92
, 154
, 178
, 68
, 106
, 140
, 154
, 92
, 54
, 192
, 196
, 50
, 234
, 12
, 63
, 183
, 212
, 34
, 132
, 114
, 57
, 189
, 206
, 40
, 110
, 136
, 49
, 197
, 228
, 18
, 41
, 205
, 77
, 169
, 156
, 90
, 124
, 122
, 95
, 151
, 208
, 38
, 108
, 138
, 13
, 233
, 132
, 114
, 201
, 45
, 208
, 38
, 7
, 239
, 180
, 66
, 24
, 222
, 137
, 109
, 197
, 49
, 48
, 198
, 243
, 3
, 155
, 91
, 36
, 210
, 217
, 29
, 38
, 208
, 202
, 44
, 175
, 71
, 49
, 197
, 21
, 225
, 154
, 92
, 164
, 82
, 158
, 88
, 195
, 51
, 119
, 127
, 65
, 181
, 137
, 109
, 71
, 175
, 100
, 146
, 223
, 23
, 114
, 132
, 158
, 88
, 213
, 33
, 240
, 6
, 175
, 71
, 210
, 36
, 163
, 83
, 210
, 36
, 229
, 17
, 182
, 64
, 20
, 226
, 100
, 146
, 106
, 140
, 140
, 106
, 73
, 173
, 167
, 79
, 169
, 77
, 148
, 98
, 51
, 195
, 112
, 134
, 1
, 245
, 65
, 181
, 223
, 23
, 65
, 181
, 11
, 235
, 15
, 231
, 114
, 132
, 232
, 14
, 159
, 87
, 187
, 59
, 177
, 69
, 16
, 230
, 100
, 146
, 230
, 16
, 188
, 58
, 94
, 152
, 239
, 7
, 75
, 171
, 161
, 85
, 173
, 73
, 233
, 13
, 39
, 207
, 23
, 223
, 164
, 82
, 25
, 221
, 115
, 131
, 187
, 59
, 43
, 203
, 235
, 11
, 164
, 82
, 16
, 230
, 225
, 21
, 82
, 164
, 94
, 152
, 184
, 62
, 40
, 206
, 73
, 173
, 46
, 200
, 64
, 182
, 117
, 129
, 105
, 141
, 211
, 35
, 21
, 225
, 190
, 56
, 7
, 239
, 23
, 223
, 191
, 55
, 180
, 66
, 101
, 145
, 222
, 24
, 42
, 204
, 159
, 87
, 118
, 128
, 3
, 243
, 239
, 7
, 205
, 41
, 113
, 133
, 34
, 212
, 163
, 83
, 212
, 34
, 147
, 99
, 20
, 226
, 102
, 144
, 113
, 133
, 121
, 125
, 122
, 124
, 154
, 92
, 15
, 231
, 105
, 141
, 75
, 171
, 153
, 93
, 118
, 128
, 86
, 160
, 118
, 128
, 116
, 130
, 231
, 15
, 39
, 207
, 12
, 234
, 79
, 167
, 235
, 11
, 73
, 173
, 102
, 144
, 150
, 96
, 38
, 208
, 12
, 234
, 77
, 169
, 226
, 20
, 32
, 214
, 189
, 57
, 214
, 32
, 93
, 153
, 26
, 220
, 223
, 23
, 243
, 3
, 51
, 195
, 117
, 129
, 100
, 146
, 19
, 227
, 27
, 219
, 47
, 199
, 52
, 194
, 65
, 181
, 93
, 153
, 32
, 214
, 7
, 239
, 88
, 158
, 60
, 186
, 156
, 90
, 91
, 155
, 186
, 60
, 167
, 79
, 80
, 166
, 76
, 170
, 29
, 217
, 152
, 94
, 160
, 86
, 59
, 187
, 163
, 83
, 151
, 95
, 68
, 178
, 65
, 181
, 97
, 149
, 18
, 228
, 21
, 225
, 24
, 222
, 227
, 19
, 165
, 81
, 127
, 119
, 23
, 223
, 34
, 212
, 156
, 90
, 134
, 112
, 50
, 196
, 39
, 207
, 66
, 180
, 202
, 44
, 110
, 136
, 26
, 220
, 224
, 22
, 195
, 51
, 6
, 240
, 57
, 189
, 83
, 163
, 59
, 187
, 24
, 222
, 78
, 168
, 47
, 199
, 222
, 24
, 128
, 118
, 168
, 78
, 222
, 24
, 14
, 232
, 38
, 208
, 129
, 117
, 175
, 71
, 58
, 188
, 33
, 213
, 50
, 196
, 31
, 215
, 111
, 135
, 19
, 227
, 66
, 180
, 207
, 39
, 41
, 205
, 244
, 2
, 106
, 140
, 7
, 239
, 208
, 38
, 174
, 72
, 56
, 190
, 28
, 218
, 58
, 188
, 62
, 184
, 47
, 199
, 16
, 230
, 37
, 209
, 243
, 3
, 66
, 180
, 236
, 10
, 155
, 91
, 47
, 199
, 118
, 128
, 71
, 175
, 130
, 116
, 160
, 86
, 61
, 185
, 54
, 192
, 83
, 163
, 119
, 127
, 69
, 177
, 30
, 216
, 21
, 225
, 232
, 14
, 184
, 62
, 32
, 214
, 161
, 85
, 8
, 238
, 96
, 150
, 140
, 106
, 225
, 21
, 240
, 6
, 51
, 195
, 218
, 28
, 83
, 163
, 140
, 106
, 97
, 149
, 53
, 193
, 148
, 98
, 224
, 22
, 13
, 233
, 96
, 150
, 225
, 21
, 237
, 9
, 160
, 86
, 28
, 218
, 157
, 89
, 184
, 62
, 155
, 91
, 201
, 45
, 130
, 116
, 73
, 173
, 176
, 70
, 73
, 173
, 43
, 203
, 132
, 114
, 244
, 2
, 115
, 131
, 86
, 160
, 16
, 230
, 209
, 37
, 73
, 173
, 141
, 105
, 195
, 51
, 207
, 39
, 173
, 73
, 53
, 193
, 80
, 166
, 65
, 181
, 79
, 167
, 86
, 160
, 130
, 116
, 127
, 119
, 237
, 9
, 26
, 220
, 228
, 18
, 178
, 68
, 20
, 226
, 103
, 143
, 223
, 23
, 106
, 140
, 186
, 60
, 15
, 231
, 145
, 101
, 52
, 194
, 228
, 18
, 14
, 232
, 40
, 206
, 183
, 63
, 55
, 191
, 217
, 29
, 182
, 64
, 106
, 140
, 31
, 215
, 43
, 203
, 229
, 17
, 15
, 231
, 111
, 135
, 36
, 210
, 19
, 227
, 143
, 103
, 128
, 118
, 43
, 203
, 156
, 90
, 141
, 105
, 184
, 62
, 33
, 213
, 177
, 69
, 224
, 22
, 235
, 11
, 44
, 202
, 238
, 8
, 3
, 243
, 138
, 108
, 98
, 148
, 169
, 77
, 135
, 111
, 34
, 212
, 68
, 178
, 218
, 28
, 118
, 128
, 204
, 42
, 198
, 48
, 204
, 42
, 31
, 215
, 241
, 5
, 71
, 175
, 166
, 80
, 49
, 197
, 57
, 189
, 131
, 115
, 29
, 217
, 144
, 102
, 238
, 8
, 234
, 12
, 201
, 45
, 236
, 10
, 56
, 190
, 107
, 139
, 103
, 143
, 121
, 125
, 2
, 244
, 132
, 114
, 99
, 147
, 146
, 100
, 9
, 237
, 237
, 9
, 87
, 159
, 171
, 75
, 145
, 101
, 210
, 36
, 120
, 126
, 143
, 103
, 55
, 191
, 233
, 13
, 149
, 97
, 105
, 141
, 4
, 242
, 166
, 80
, 82
, 164
, 5
, 241
, 190
, 56
, 63
, 183
, 75
, 171
, 130
, 116
, 170
, 76
, 54
, 192
, 97
, 149
, 19
, 227
, 80
, 166
, 223
, 23
, 160
, 86
, 149
, 97
, 21
, 225
, 236
, 10
, 111
, 135
, 143
, 103
, 1
, 245
, 137
, 109
, 217
, 29
, 14
, 232
, 194
, 52
, 48
, 198
, 69
, 177
, 44
, 202
, 86
, 160
, 76
, 170
, 7
, 239
, 219
, 27
, 241
, 5
, 145
, 101
, 10
, 236
, 224
, 22
, 201
, 45
, 19
, 227
, 137
, 109
, 226
, 20
, 50
, 196
, 111
, 135
, 77
, 169
, 48
, 198
, 186
, 60
, 8
, 238
, 130
, 116
, 128
, 118
, 106
, 140
, 90
, 156
, 192
, 54
, 212
, 34
, 114
, 132
, 144
, 102
, 73
, 173
, 67
, 179
, 80
, 166
, 12
, 234
, 48
, 198
, 205
, 41
, 90
, 156
, 108
, 138
, 7
, 239
, 209
, 37
, 201
, 45
, 112
, 134
, 237
, 9
, 159
, 87
, 81
, 165
, 227
, 19
, 24
, 222
, 16
, 230
, 159
, 87
, 63
, 183
, 45
, 201
, 216
, 30
, 128
, 118
, 71
, 175
, 205
, 41
, 191
, 55
, 3
, 243
, 43
, 203
, 29
, 217
, 89
, 157
, 165
, 81
, 41
, 205
, 23
, 223
, 43
, 203
, 209
, 37
, 188
, 58
, 187
, 59
, 16
, 230
, 202
, 44
, 144
, 102
, 203
, 43
, 84
, 162
, 49
, 197
, 18
, 228
, 32
, 214
, 172
, 74
, 175
, 71
, 9
, 237
, 210
, 36
, 237
, 9
, 30
, 216
, 143
, 103
, 4
, 242
, 183
, 63
, 188
, 58
, 180
, 66
, 204
, 42
, 165
, 81
, 186
, 60
, 6
, 240
, 126
, 120
, 156
, 90
, 243
, 3
, 242
, 4
, 134
, 112
, 214
, 32
, 83
, 163
, 212
, 34
, 3
, 243
, 182
, 64
, 185
, 61
, 222
, 24
, 60
, 186
, 128
, 118
, 3
, 243
, 129
, 117
, 77
, 169
, 64
, 182
, 36
, 210
, 66
, 180
, 93
, 153
, 54
, 192
, 143
, 103
, 33
, 213
, 37
, 209
, 59
, 187
, 111
, 135
, 20
, 226
, 40
, 206
, 129
, 117
, 66
, 180
, 46
, 200
, 145
, 101
, 38
, 208
, 93
, 153
, 157
, 89
, 76
, 170
, 161
, 85
, 235
, 11
, 161
, 85
, 59
, 187
, 4
, 242
, 26
, 220
, 65
, 181
, 124
, 122
, 186
, 60
, 103
, 143
, 34
, 212
, 112
, 134
, 91
, 155
, 45
, 201
, 158
, 88
, 34
, 212
, 192
, 54
, 33
, 213
, 82
, 164
, 26
, 220
, 94
, 152
, 228
, 18
, 108
, 138
, 27
, 219
, 211
, 35
, 49
, 197
, 9
, 237
, 200
, 46
, 145
, 101
, 109
, 137
, 70
, 176
, 50
, 196
, 129
, 117
, 221
, 25
, 206
, 40
, 38
, 208
, 61
, 185
, 30
, 216
, 35
, 211
, 159
, 87
, 198
, 48
, 107
, 139
, 186
, 60
, 76
, 170
, 28
, 218
, 28
, 218
, 123
, 123
, 89
, 157
, 189
, 57
, 75
, 171
, 225
, 21
, 222
, 24
, 113
, 133
, 238
, 8
, 72
, 174
, 161
, 85
, 128
, 118
, 86
, 160
, 70
, 176
, 138
, 108
, 19
, 227
, 112
, 134
, 16
, 230
, 242
, 4
, 195
, 51
, 141
, 105
, 210
, 36
, 98
, 148
, 75
, 171
, 175
, 71
, 70
, 176
, 219
, 27
, 154
, 92
, 228
, 18
, 67
, 179
, 16
, 230
, 126
, 120
, 160
, 86
, 61
, 185
, 69
, 177
, 97
, 149
, 37
, 209
, 128
, 118
, 71
, 175
, 60
, 186
, 18
, 228
, 163
, 83
, 83
, 163
, 93
, 153
, 101
, 145
, 77
, 169
, 153
, 93
, 33
, 213
, 6
, 240
, 51
, 195
, 172
, 74
, 83
, 163
, 46
, 200
, 70
, 176
, 102
, 144
, 177
, 69
, 53
, 193
, 78
, 168
, 83
, 163
, 67
, 179
, 244
, 2
, 197
, 49
, 58
, 188
, 143
, 103
, 52
, 194
, 53
, 193
, 121
, 125
, 108
, 138
, 73
, 173
, 210
, 36
, 210
, 36
, 204
, 42
, 14
, 232
, 90
, 156
, 58
, 188
, 170
, 76
, 70
, 176
, 183
, 63
, 141
, 105
, 217
, 29
, 94
, 152
, 219
, 27
, 241
, 5
, 87
, 159
, 91
, 155
, 59
, 187
, 89
, 157
, 23
, 223
, 206
, 40
, 51
, 195
, 132
, 114
, 79
, 167
, 214
, 32
, 208
, 38
, 205
, 41
, 104
, 142
, 27
, 219
, 126
, 120
, 1
, 245
, 70
, 176
, 199
, 47
, 33
, 213
, 203
, 43
, 192
, 54
, 83
, 163
, 175
, 71
, 237
, 9
, 120
, 126
, 96
, 150
, 32
, 214
, 206
, 40
, 37
, 209
, 173
, 73
, 40
, 206
, 229
, 17
, 85
, 161
, 64
, 182
, 103
, 143
