
491
, 137
, 2
, 73
, 66
, 62
, 77
, 45
, 94
, 25
, 114
, 65
, 74
, 21
, 118
, 115
, 24
, 97
, 42
, 42
, 97
, 108
, 31
, 39
, 100
, 13
, 126
, 33
, 106
, 70
, 69
, 35
, 104
, 81
, 58
, 95
, 44
, 29
, 110
, 111
, 28
, 128
, 11
, 3
, 136
, 66
, 73
, 81
, 58
, 30
, 109
, 34
, 105
, 77
, 62
, 39
, 100
, 112
, 27
, 106
, 33
, 111
, 28
, 70
, 69
, 74
, 65
, 64
, 75
, 18
, 121
, 27
, 112
, 60
, 79
, 31
, 108
, 75
, 64
, 6
, 133
, 1
, 138
, 80
, 59
, 103
, 36
, 68
, 71
, 54
, 85
, 8
, 131
, 92
, 47
, 105
, 34
, 70
, 69
, 85
, 54
, 73
, 66
, 87
, 52
, 96
, 43
, 102
, 37
, 44
, 95
, 61
, 78
, 105
, 34
, 92
, 47
, 63
, 76
, 41
, 98
, 74
, 65
, 113
, 26
, 48
, 91
, 113
, 26
, 52
, 87
, 9
, 130
, 112
, 27
, 78
, 61
, 58
, 81
, 30
, 109
, 100
, 39
, 112
, 27
, 101
, 38
, 59
, 80
, 72
, 67
, 126
, 13
, 8
, 131
, 104
, 35
, 31
, 108
, 87
, 52
, 14
, 125
, 136
, 3
, 53
, 86
, 107
, 32
, 8
, 131
, 113
, 26
, 100
, 39
, 92
, 47
, 21
, 118
, 15
, 124
, 56
, 83
, 72
, 67
, 70
, 69
, 67
, 72
, 23
, 116
, 122
, 17
, 127
, 12
, 51
, 88
, 80
, 59
, 14
, 125
, 10
, 129
, 102
, 37
, 77
, 62
, 12
, 127
, 14
, 125
, 137
, 2
, 127
, 12
, 89
, 50
, 110
, 29
, 16
, 123
, 131
, 8
, 35
, 104
, 9
, 130
, 9
, 130
, 40
, 99
, 54
, 85
, 133
, 6
, 103
, 36
, 70
, 69
, 46
, 93
, 30
, 109
, 113
, 26
, 125
, 14
, 57
, 82
, 20
, 119
, 111
, 28
, 117
, 22
, 112
, 27
, 48
, 91
, 49
, 90
, 107
, 32
, 112
, 27
, 91
, 48
, 15
, 124
, 41
, 98
, 20
, 119
, 59
, 80
, 102
, 37
, 113
, 26
, 116
, 23
, 99
, 40
, 18
, 121
, 60
, 79
, 18
, 121
, 131
, 8
, 79
, 60
, 54
, 85
, 85
, 54
, 104
, 35
, 60
, 79
, 47
, 92
, 14
, 125
, 72
, 67
, 31
, 108
, 90
, 49
, 100
, 39
, 36
, 103
, 85
, 54
, 93
, 46
, 15
, 124
, 110
, 29
, 5
, 134
, 13
, 126
, 17
, 122
, 71
, 68
, 43
, 96
, 69
, 70
, 24
, 115
, 106
, 33
, 21
, 118
, 131
, 8
, 40
, 99
, 44
, 95
, 76
, 63
, 21
, 118
, 102
, 37
, 30
, 109
, 71
, 68
, 25
, 114
, 16
, 123
, 28
, 111
, 24
, 115
, 4
, 135
, 35
, 104
, 65
, 74
, 15
, 124
, 49
, 90
, 91
, 48
, 104
, 35
, 73
, 66
, 122
, 17
, 75
, 64
, 7
, 132
, 29
, 110
, 111
, 28
, 39
, 100
, 36
, 103
, 2
, 137
, 99
, 40
, 6
, 133
, 39
, 100
, 88
, 51
, 79
, 60
, 65
, 74
, 14
, 125
, 129
, 10
, 88
, 51
, 81
, 58
, 70
, 69
, 2
, 137
, 86
, 53
, 22
, 117
, 108
, 31
, 11
, 128
, 35
, 104
, 8
, 131
, 135
, 4
, 76
, 63
, 49
, 90
, 43
, 96
, 110
, 29
, 94
, 45
, 51
, 88
, 7
, 132
, 27
, 112
, 14
, 125
, 57
, 82
, 69
, 70
, 114
, 25
, 131
, 8
, 117
, 22
, 18
, 121
, 27
, 112
, 64
, 75
, 70
, 69
, 50
, 89
, 61
, 78
, 64
, 75
, 56
, 83
, 134
, 5
, 116
, 23
, 65
, 74
, 53
, 86
, 132
, 7
, 38
, 101
, 31
, 108
, 101
, 38
, 13
, 126
, 55
, 84
, 24
, 115
, 84
, 55
, 124
, 15
, 18
, 121
, 102
, 37
, 30
, 109
, 50
, 89
, 123
, 16
, 43
, 96
, 65
, 74
, 97
, 42
, 99
, 40
, 14
, 125
, 12
, 127
, 77
, 62
, 50
, 89
, 108
, 31
, 136
, 3
, 70
, 69
, 24
, 115
, 63
, 76
, 74
, 65
, 67
, 72
, 77
, 62
, 45
, 94
, 108
, 31
, 81
, 58
, 71
, 68
, 123
, 16
, 75
, 64
, 75
, 64
, 129
, 10
, 120
, 19
, 98
, 41
, 32
, 107
, 40
, 99
, 60
, 79
, 84
, 55
, 18
, 121
, 38
, 101
, 78
, 61
, 17
, 122
, 23
, 116
, 95
, 44
, 123
, 16
, 92
, 47
, 41
, 98
, 57
, 82
, 119
, 20
, 6
, 133
, 95
, 44
, 118
, 21
, 123
, 16
, 29
, 110
, 118
, 21
, 107
, 32
, 77
, 62
, 127
, 12
, 33
, 106
, 11
, 128
, 57
, 82
, 106
, 33
, 51
, 88
, 88
, 51
, 73
, 66
, 120
, 19
, 81
, 58
, 37
, 102
, 40
, 99
, 26
, 113
, 124
, 15
, 7
, 132
, 46
, 93
, 82
, 57
, 13
, 126
, 99
, 40
, 123
, 16
, 41
, 98
, 22
, 117
, 120
, 19
, 76
, 63
, 4
, 135
, 21
, 118
, 112
, 27
, 123
, 16
, 79
, 60
, 98
, 41
, 29
, 110
, 26
, 113
, 74
, 65
, 2
, 137
, 90
, 49
, 56
, 83
, 58
, 81
, 31
, 108
, 109
, 30
, 93
, 46
, 119
, 20
, 51
, 88
, 72
, 67
, 109
, 30
, 58
, 81
, 10
, 129
, 98
, 41
, 46
, 93
, 100
, 39
, 107
, 32
, 39
, 100
, 47
, 92
, 41
, 98
, 86
, 53
, 108
, 31
, 50
, 89
, 121
, 18
, 37
, 102
, 84
, 55
, 58
, 81
, 80
, 59
, 70
, 69
, 33
, 106
, 131
, 8
, 86
, 53
, 50
, 89
, 87
, 52
, 87
, 52
, 16
, 123
, 24
, 115
, 79
, 60
, 14
, 125
, 64
, 75
, 56
, 83
, 51
, 88
, 113
, 26
, 62
, 77
, 95
, 44
, 90
, 49
, 5
, 134
, 27
, 112
, 45
, 94
, 21
, 118
, 24
, 115
, 119
, 20
, 19
, 120
, 36
, 103
, 90
, 49
, 42
, 97
, 106
, 33
, 104
, 35
, 61
, 78
, 44
, 95
, 65
, 74
, 90
, 49
, 131
, 8
, 118
, 21
, 40
, 99
, 33
, 106
, 77
, 62
, 61
, 78
, 83
, 56
, 77
, 62
, 11
, 128
, 74
, 65
, 95
, 44
, 47
, 92
, 104
, 35
, 6
, 133
, 134
, 5
, 61
, 78
, 23
, 116
, 131
, 8
, 50
, 89
, 123
, 16
, 48
, 91
, 113
, 26
, 115
, 24
, 12
, 127
, 26
, 113
, 120
, 19
, 22
, 117
, 112
, 27
, 13
, 126
, 57
, 82
, 111
, 28
, 102
, 37
, 79
, 60
, 38
, 101
, 35
, 104
, 122
, 17
, 10
, 129
, 36
, 103
, 89
, 50
, 96
, 43
, 68
, 71
, 127
, 12
, 93
, 46
, 124
, 15
, 129
, 10
, 115
, 24
, 67
, 72
, 134
, 5
, 124
, 15
, 122
, 17
, 123
, 16
, 85
, 54
, 52
, 87
, 39
, 100
, 137
, 2
, 62
, 77
, 86
, 53
, 51
, 88
, 49
, 90
, 5
, 134
, 78
, 61
, 43
, 96
, 45
, 94
, 6
, 133
, 49
, 90
, 28
, 111
, 111
, 28
, 124
, 15
, 99
, 40
, 115
, 24
, 18
, 121
, 71
, 68
, 112
, 27
, 7
, 132
, 136
, 3
, 75
, 64
, 82
, 57
, 94
, 45
, 118
, 21
, 87
, 52
, 118
, 21
, 101
, 38
, 111
, 28
, 78
, 61
, 118
, 21
, 74
, 65
, 52
, 87
, 130
, 9
, 13
, 126
, 103
, 36
