
4940
, 109
, 124
, 3
, 230
, 219
, 14
, 221
, 12
, 27
, 206
, 219
, 14
, 195
, 38
, 96
, 137
, 134
, 99
, 170
, 63
, 33
, 200
, 84
, 149
, 5
, 228
, 77
, 156
, 22
, 211
, 3
, 230
, 65
, 168
, 37
, 196
, 207
, 26
, 220
, 13
, 51
, 182
, 98
, 135
, 43
, 190
, 104
, 129
, 121
, 112
, 132
, 101
, 151
, 82
, 68
, 165
, 161
, 72
, 210
, 23
, 133
, 100
, 120
, 113
, 198
, 35
, 173
, 60
, 102
, 131
, 188
, 45
, 117
, 116
, 202
, 31
, 40
, 193
, 193
, 40
, 221
, 12
, 138
, 95
, 220
, 13
, 53
, 180
, 126
, 107
, 197
, 36
, 25
, 208
, 86
, 147
, 130
, 103
, 213
, 20
, 204
, 29
, 117
, 116
, 90
, 143
, 105
, 128
, 88
, 145
, 120
, 113
, 54
, 179
, 166
, 67
, 204
, 29
, 126
, 107
, 218
, 15
, 101
, 132
, 58
, 175
, 152
, 81
, 199
, 34
, 66
, 167
, 191
, 42
, 34
, 199
, 60
, 173
, 152
, 81
, 132
, 101
, 53
, 180
, 117
, 116
, 192
, 41
, 192
, 41
, 188
, 45
, 194
, 39
, 227
, 6
, 158
, 75
, 177
, 56
, 56
, 177
, 68
, 165
, 218
, 15
, 4
, 229
, 192
, 41
, 126
, 107
, 132
, 101
, 199
, 34
, 23
, 210
, 185
, 48
, 193
, 40
, 110
, 123
, 175
, 58
, 119
, 114
, 103
, 130
, 57
, 176
, 149
, 84
, 81
, 152
, 10
, 223
, 19
, 214
, 97
, 136
, 126
, 107
, 69
, 164
, 13
, 220
, 61
, 172
, 177
, 56
, 176
, 57
, 139
, 94
, 147
, 86
, 226
, 7
, 24
, 209
, 137
, 96
, 213
, 20
, 135
, 98
, 6
, 227
, 144
, 89
, 133
, 100
, 5
, 228
, 28
, 205
, 115
, 118
, 211
, 22
, 17
, 216
, 167
, 66
, 80
, 153
, 19
, 214
, 147
, 86
, 50
, 183
, 213
, 20
, 222
, 11
, 131
, 102
, 75
, 158
, 230
, 3
, 158
, 75
, 223
, 10
, 126
, 107
, 148
, 85
, 221
, 12
, 71
, 162
, 98
, 135
, 144
, 89
, 149
, 84
, 83
, 150
, 125
, 108
, 10
, 223
, 83
, 150
, 70
, 163
, 118
, 115
, 117
, 116
, 42
, 191
, 198
, 35
, 78
, 155
, 60
, 173
, 42
, 191
, 216
, 17
, 177
, 56
, 66
, 167
, 137
, 96
, 92
, 141
, 114
, 119
, 23
, 210
, 214
, 19
, 147
, 86
, 57
, 176
, 119
, 114
, 77
, 156
, 73
, 160
, 114
, 119
, 189
, 44
, 85
, 148
, 63
, 170
, 112
, 121
, 21
, 212
, 118
, 115
, 152
, 81
, 63
, 170
, 155
, 78
, 131
, 102
, 16
, 217
, 219
, 14
, 27
, 206
, 187
, 46
, 85
, 148
, 43
, 190
, 20
, 213
, 207
, 26
, 217
, 16
, 11
, 222
, 24
, 209
, 110
, 123
, 157
, 76
, 34
, 199
, 31
, 202
, 192
, 41
, 122
, 111
, 136
, 97
, 220
, 13
, 170
, 63
, 160
, 73
, 139
, 94
, 80
, 153
, 37
, 196
, 149
, 84
, 184
, 49
, 62
, 171
, 92
, 141
, 12
, 221
, 145
, 88
, 52
, 181
, 47
, 186
, 225
, 8
, 104
, 129
, 157
, 76
, 137
, 96
, 69
, 164
, 220
, 13
, 83
, 150
, 50
, 183
, 139
, 94
, 188
, 45
, 30
, 203
, 67
, 166
, 82
, 151
, 77
, 156
, 61
, 172
, 72
, 161
, 228
, 5
, 133
, 100
, 10
, 223
, 114
, 119
, 101
, 132
, 191
, 42
, 63
, 170
, 107
, 126
, 184
, 49
, 99
, 134
, 9
, 224
, 190
, 43
, 15
, 218
, 159
, 74
, 134
, 99
, 200
, 33
, 153
, 80
, 146
, 87
, 135
, 98
, 145
, 88
, 79
, 154
, 32
, 201
, 91
, 142
, 5
, 228
, 196
, 37
, 216
, 17
, 90
, 143
, 56
, 177
, 222
, 11
, 24
, 209
, 87
, 146
, 24
, 209
, 144
, 89
, 178
, 55
, 5
, 228
, 100
, 133
, 68
, 165
, 177
, 56
, 231
, 2
, 139
, 94
, 108
, 125
, 122
, 111
, 88
, 145
, 24
, 209
, 37
, 196
, 177
, 56
, 159
, 74
, 207
, 26
, 11
, 222
, 132
, 101
, 127
, 106
, 110
, 123
, 109
, 124
, 23
, 210
, 51
, 182
, 67
, 166
, 64
, 169
, 63
, 170
, 41
, 192
, 165
, 68
, 145
, 88
, 127
, 106
, 38
, 195
, 183
, 50
, 100
, 133
, 191
, 42
, 172
, 61
, 104
, 129
, 230
, 3
, 54
, 179
, 188
, 45
, 212
, 21
, 136
, 97
, 230
, 3
, 161
, 72
, 212
, 21
, 86
, 147
, 81
, 152
, 14
, 219
, 77
, 156
, 41
, 192
, 56
, 177
, 198
, 35
, 12
, 221
, 140
, 93
, 58
, 175
, 170
, 63
, 123
, 110
, 186
, 47
, 215
, 18
, 222
, 11
, 204
, 29
, 60
, 173
, 143
, 90
, 103
, 130
, 149
, 84
, 200
, 33
, 213
, 20
, 159
, 74
, 84
, 149
, 145
, 88
, 62
, 171
, 2
, 231
, 94
, 139
, 220
, 13
, 195
, 38
, 49
, 184
, 126
, 107
, 13
, 220
, 102
, 131
, 186
, 47
, 97
, 136
, 67
, 166
, 8
, 225
, 129
, 104
, 9
, 224
, 92
, 141
, 80
, 153
, 208
, 25
, 73
, 160
, 131
, 102
, 178
, 55
, 88
, 145
, 152
, 81
, 139
, 94
, 34
, 199
, 168
, 65
, 193
, 40
, 161
, 72
, 209
, 24
, 137
, 96
, 124
, 109
, 102
, 131
, 178
, 55
, 120
, 113
, 189
, 44
, 18
, 215
, 9
, 224
, 111
, 122
, 108
, 125
, 107
, 126
, 80
, 153
, 92
, 141
, 211
, 22
, 228
, 5
, 56
, 177
, 222
, 11
, 207
, 26
, 43
, 190
, 217
, 16
, 194
, 39
, 222
, 11
, 147
, 86
, 147
, 86
, 47
, 186
, 1
, 232
, 149
, 84
, 159
, 74
, 5
, 228
, 90
, 143
, 131
, 102
, 96
, 137
, 133
, 100
, 154
, 79
, 159
, 74
, 189
, 44
, 114
, 119
, 26
, 207
, 148
, 85
, 140
, 93
, 35
, 198
, 223
, 10
, 111
, 122
, 156
, 77
, 190
, 43
, 53
, 180
, 106
, 127
, 12
, 221
, 226
, 7
, 176
, 57
, 227
, 6
, 59
, 174
, 40
, 193
, 119
, 114
, 42
, 191
, 4
, 229
, 72
, 161
, 207
, 26
, 196
, 37
, 54
, 179
, 25
, 208
, 199
, 34
, 185
, 48
, 167
, 66
, 5
, 228
, 159
, 74
, 187
, 46
, 195
, 38
, 188
, 45
, 89
, 144
, 160
, 73
, 173
, 60
, 153
, 80
, 42
, 191
, 182
, 51
, 148
, 85
, 142
, 91
, 45
, 188
, 56
, 177
, 138
, 95
, 212
, 21
, 161
, 72
, 20
, 213
, 78
, 155
, 160
, 73
, 200
, 33
, 113
, 120
, 30
, 203
, 91
, 142
, 205
, 28
, 225
, 8
, 80
, 153
, 216
, 17
, 131
, 102
, 155
, 78
, 33
, 200
, 187
, 46
, 205
, 28
, 73
, 160
, 65
, 168
, 139
, 94
, 196
, 37
, 107
, 126
, 115
, 118
, 140
, 93
, 26
, 207
, 45
, 188
, 150
, 83
, 154
, 79
, 146
, 87
, 6
, 227
, 5
, 228
, 111
, 122
, 107
, 126
, 144
, 89
, 49
, 184
, 50
, 183
, 185
, 48
, 63
, 170
, 42
, 191
, 135
, 98
, 78
, 155
, 117
, 116
, 231
, 2
, 112
, 121
, 134
, 99
, 39
, 194
, 12
, 221
, 167
, 66
, 75
, 158
, 29
, 204
, 154
, 79
, 29
, 204
, 111
, 122
, 2
, 231
, 52
, 181
, 53
, 180
, 93
, 140
, 58
, 175
, 54
, 179
, 84
, 149
, 18
, 215
, 19
, 214
, 20
, 213
, 63
, 170
, 46
, 187
, 190
, 43
, 152
, 81
, 83
, 150
, 11
, 222
, 52
, 181
, 93
, 140
, 113
, 120
, 175
, 58
, 218
, 15
, 34
, 199
, 129
, 104
, 195
, 38
, 49
, 184
, 41
, 192
, 145
, 88
, 216
, 17
, 84
, 149
, 8
, 225
, 11
, 222
, 69
, 164
, 29
, 204
, 186
, 47
, 94
, 139
, 27
, 206
, 4
, 229
, 66
, 167
, 146
, 87
, 2
, 231
, 36
, 197
, 162
, 71
, 132
, 101
, 39
, 194
, 200
, 33
, 75
, 158
, 36
, 197
, 36
, 197
, 101
, 132
, 148
, 85
, 105
, 128
, 149
, 84
, 146
, 87
, 195
, 38
, 97
, 136
, 37
, 196
, 8
, 225
, 112
, 121
, 1
, 232
, 158
, 75
, 79
, 154
, 221
, 12
, 170
, 63
, 101
, 132
, 226
, 7
, 104
, 129
, 160
, 73
, 151
, 82
, 168
, 65
, 152
, 81
, 160
, 73
, 7
, 226
, 153
, 80
, 86
, 147
, 173
, 60
, 32
, 201
, 69
, 164
, 128
, 105
, 43
, 190
, 27
, 206
, 87
, 146
, 157
, 76
, 58
, 175
, 152
, 81
, 100
, 133
, 155
, 78
, 170
, 63
, 57
, 176
, 39
, 194
, 136
, 97
, 121
, 112
, 175
, 58
, 160
, 73
, 48
, 185
, 205
, 28
, 82
, 151
, 200
, 33
, 102
, 131
, 36
, 197
, 180
, 53
, 7
, 226
, 216
, 17
, 205
, 28
, 151
, 82
, 26
, 207
, 56
, 177
, 145
, 88
, 46
, 187
, 181
, 52
, 45
, 188
, 105
, 128
, 91
, 142
, 56
, 177
, 209
, 24
, 141
, 92
, 87
, 146
, 211
, 22
, 113
, 120
, 127
, 106
, 52
, 181
, 191
, 42
, 11
, 222
, 47
, 186
, 189
, 44
, 89
, 144
, 29
, 204
, 5
, 228
, 82
, 151
, 156
, 77
, 27
, 206
, 36
, 197
, 208
, 25
, 63
, 170
, 100
, 133
, 34
, 199
, 37
, 196
, 180
, 53
, 101
, 132
, 96
, 137
, 68
, 165
, 195
, 38
, 196
, 37
, 70
, 163
, 35
, 198
, 95
, 138
, 230
, 3
, 229
, 4
, 227
, 6
, 165
, 68
, 9
, 224
, 30
, 203
, 98
, 135
, 166
, 67
, 42
, 191
, 142
, 91
, 129
, 104
, 164
, 69
, 231
, 2
, 122
, 111
, 120
, 113
, 152
, 81
, 86
, 147
, 208
, 25
, 45
, 188
, 199
, 34
, 105
, 128
, 213
, 20
, 207
, 26
, 167
, 66
, 7
, 226
, 34
, 199
, 143
, 90
, 192
, 41
, 137
, 96
, 14
, 219
, 36
, 197
, 19
, 214
, 142
, 91
, 66
, 167
, 24
, 209
, 167
, 66
, 206
, 27
, 84
, 149
, 81
, 152
, 85
, 148
, 207
, 26
, 104
, 129
, 97
, 136
, 6
, 227
, 133
, 100
, 44
, 189
, 200
, 33
, 197
, 36
, 134
, 99
, 41
, 192
, 49
, 184
, 133
, 100
, 136
, 97
, 23
, 210
, 213
, 20
, 17
, 216
, 29
, 204
, 31
, 202
, 18
, 215
, 166
, 67
, 179
, 54
, 7
, 226
, 5
, 228
, 216
, 17
, 7
, 226
, 127
, 106
, 14
, 219
, 18
, 215
, 229
, 4
, 38
, 195
, 5
, 228
, 80
, 153
, 169
, 64
, 168
, 65
, 226
, 7
, 5
, 228
, 217
, 16
, 80
, 153
, 41
, 192
, 26
, 207
, 31
, 202
, 124
, 109
, 219
, 14
, 58
, 175
, 132
, 101
, 144
, 89
, 139
, 94
, 50
, 183
, 184
, 49
, 38
, 195
, 111
, 122
, 34
, 199
, 191
, 42
, 189
, 44
, 43
, 190
, 136
, 97
, 160
, 73
, 50
, 183
, 165
, 68
, 17
, 216
, 81
, 152
, 90
, 143
, 117
, 116
, 11
, 222
, 216
, 17
, 134
, 99
, 222
, 11
, 117
, 116
, 80
, 153
, 130
, 103
, 48
, 185
, 220
, 13
, 198
, 35
, 15
, 218
, 126
, 107
, 14
, 219
, 45
, 188
, 121
, 112
, 20
, 213
, 228
, 5
, 50
, 183
, 12
, 221
, 136
, 97
, 80
, 153
, 134
, 99
, 10
, 223
, 6
, 227
, 87
, 146
, 164
, 69
, 84
, 149
, 105
, 128
, 18
, 215
, 102
, 131
, 151
, 82
, 228
, 5
, 50
, 183
, 172
, 61
, 217
, 16
, 37
, 196
, 213
, 20
, 171
, 62
, 101
, 132
, 60
, 173
, 123
, 110
, 157
, 76
, 48
, 185
, 22
, 211
, 137
, 96
, 169
, 64
, 56
, 177
, 23
, 210
, 161
, 72
, 226
, 7
, 118
, 115
, 111
, 122
, 39
, 194
, 92
, 141
, 112
, 121
, 6
, 227
, 115
, 118
, 94
, 139
, 77
, 156
, 71
, 162
, 107
, 126
, 61
, 172
, 192
, 41
, 47
, 186
, 150
, 83
, 65
, 168
, 66
, 167
, 100
, 133
, 182
, 51
, 186
, 47
, 11
, 222
, 133
, 100
, 54
, 179
, 95
, 138
, 137
, 96
, 141
, 92
, 62
, 171
, 218
, 15
, 93
, 140
, 54
, 179
, 222
, 11
, 73
, 160
, 230
, 3
, 8
, 225
, 57
, 176
, 189
, 44
, 207
, 26
, 195
, 38
, 209
, 24
, 61
, 172
, 48
, 185
, 105
, 128
, 42
, 191
, 72
, 161
, 130
, 103
, 183
, 50
, 177
, 56
, 98
, 135
, 226
, 7
, 227
, 6
, 194
, 39
, 108
, 125
, 168
, 65
, 122
, 111
, 8
, 225
, 111
, 122
, 55
, 178
, 88
, 145
, 102
, 131
, 147
, 86
, 204
, 29
, 120
, 113
, 230
, 3
, 194
, 39
, 221
, 12
, 217
, 16
, 122
, 111
, 159
, 74
, 191
, 42
, 188
, 45
, 179
, 54
, 5
, 228
, 204
, 29
, 168
, 65
, 78
, 155
, 23
, 210
, 63
, 170
, 80
, 153
, 53
, 180
, 202
, 31
, 69
, 164
, 95
, 138
, 212
, 21
, 23
, 210
, 221
, 12
, 9
, 224
, 109
, 124
, 183
, 50
, 77
, 156
, 210
, 23
, 33
, 200
, 182
, 51
, 210
, 23
, 187
, 46
, 30
, 203
, 73
, 160
, 66
, 167
, 138
, 95
, 157
, 76
, 199
, 34
, 50
, 183
, 132
, 101
, 37
, 196
, 162
, 71
, 175
, 58
, 63
, 170
, 40
, 193
, 174
, 59
, 102
, 131
, 118
, 115
, 165
, 68
, 206
, 27
, 34
, 199
, 66
, 167
, 79
, 154
, 134
, 99
, 10
, 223
, 78
, 155
, 46
, 187
, 160
, 73
, 75
, 158
, 25
, 208
, 15
, 218
, 22
, 211
, 83
, 150
, 107
, 126
, 38
, 195
, 34
, 199
, 106
, 127
, 169
, 64
, 101
, 132
, 137
, 96
, 225
, 8
, 30
, 203
, 108
, 125
, 117
, 116
, 45
, 188
, 88
, 145
, 101
, 132
, 217
, 16
, 3
, 230
, 24
, 209
, 200
, 33
, 36
, 197
, 183
, 50
, 185
, 48
, 230
, 3
, 66
, 167
, 163
, 70
, 119
, 114
, 82
, 151
, 181
, 52
, 172
, 61
, 191
, 42
, 216
, 17
, 48
, 185
, 116
, 117
, 1
, 232
, 102
, 131
, 152
, 81
, 83
, 150
, 131
, 102
, 109
, 124
, 146
, 87
, 221
, 12
, 139
, 94
, 138
, 95
, 213
, 20
, 218
, 15
, 127
, 106
, 137
, 96
, 133
, 100
, 226
, 7
, 214
, 19
, 51
, 182
, 213
, 20
, 78
, 155
, 147
, 86
, 189
, 44
, 68
, 165
, 95
, 138
, 82
, 151
, 110
, 123
, 92
, 141
, 126
, 107
, 97
, 136
, 87
, 146
, 29
, 204
, 198
, 35
, 172
, 61
, 186
, 47
, 47
, 186
, 122
, 111
, 81
, 152
, 155
, 78
, 16
, 217
, 101
, 132
, 218
, 15
, 159
, 74
, 11
, 222
, 4
, 229
, 82
, 151
, 28
, 205
, 101
, 132
, 181
, 52
, 128
, 105
, 167
, 66
, 91
, 142
, 171
, 62
, 43
, 190
, 209
, 24
, 173
, 60
, 215
, 18
, 133
, 100
, 24
, 209
, 199
, 34
, 87
, 146
, 166
, 67
, 140
, 93
, 194
, 39
, 77
, 156
, 215
, 18
, 118
, 115
, 15
, 218
, 158
, 75
, 230
, 3
, 83
, 150
, 137
, 96
, 81
, 152
, 166
, 67
, 106
, 127
, 220
, 13
, 194
, 39
, 179
, 54
, 201
, 32
, 37
, 196
, 109
, 124
, 44
, 189
, 98
, 135
, 46
, 187
, 57
, 176
, 104
, 129
, 62
, 171
, 219
, 14
, 91
, 142
, 106
, 127
, 113
, 120
, 123
, 110
, 107
, 126
, 101
, 132
, 86
, 147
, 96
, 137
, 153
, 80
, 201
, 32
, 145
, 88
, 128
, 105
, 1
, 232
, 18
, 215
, 45
, 188
, 140
, 93
, 217
, 16
, 222
, 11
, 90
, 143
, 39
, 194
, 54
, 179
, 78
, 155
, 27
, 206
, 168
, 65
, 148
, 85
, 221
, 12
, 231
, 2
, 46
, 187
, 103
, 130
, 138
, 95
, 195
, 38
, 172
, 61
, 187
, 46
, 110
, 123
, 41
, 192
, 109
, 124
, 79
, 154
, 222
, 11
, 229
, 4
, 187
, 46
, 68
, 165
, 74
, 159
, 109
, 124
, 12
, 221
, 17
, 216
, 175
, 58
, 184
, 49
, 49
, 184
, 79
, 154
, 206
, 27
, 224
, 9
, 88
, 145
, 61
, 172
, 168
, 65
, 181
, 52
, 30
, 203
, 52
, 181
, 126
, 107
, 205
, 28
, 65
, 168
, 209
, 24
, 71
, 162
, 214
, 19
, 144
, 89
, 11
, 222
, 22
, 211
, 37
, 196
, 150
, 83
, 211
, 22
, 181
, 52
, 174
, 59
, 61
, 172
, 41
, 192
, 87
, 146
, 65
, 168
, 60
, 173
, 154
, 79
, 121
, 112
, 172
, 61
, 21
, 212
, 88
, 145
, 111
, 122
, 53
, 180
, 132
, 101
, 146
, 87
, 182
, 51
, 47
, 186
, 124
, 109
, 145
, 88
, 213
, 20
, 3
, 230
, 118
, 115
, 223
, 10
, 20
, 213
, 65
, 168
, 77
, 156
, 123
, 110
, 167
, 66
, 15
, 218
, 46
, 187
, 217
, 16
, 8
, 225
, 14
, 219
, 29
, 204
, 216
, 17
, 219
, 14
, 68
, 165
, 129
, 104
, 158
, 75
, 84
, 149
, 21
, 212
, 227
, 6
, 21
, 212
, 3
, 230
, 144
, 89
, 78
, 155
, 72
, 161
, 129
, 104
, 164
, 69
, 138
, 95
, 197
, 36
, 164
, 69
, 160
, 73
, 126
, 107
, 103
, 130
, 163
, 70
, 143
, 90
, 80
, 153
, 114
, 119
, 73
, 160
, 145
, 88
, 24
, 209
, 78
, 155
, 37
, 196
, 160
, 73
, 185
, 48
, 213
, 20
, 146
, 87
, 5
, 228
, 111
, 122
, 41
, 192
, 147
, 86
, 141
, 92
, 165
, 68
, 216
, 17
, 51
, 182
, 135
, 98
, 59
, 174
, 152
, 81
, 150
, 83
, 30
, 203
, 88
, 145
, 138
, 95
, 3
, 230
, 223
, 10
, 27
, 206
, 168
, 65
, 73
, 160
, 162
, 71
, 42
, 191
, 196
, 37
, 197
, 36
, 38
, 195
, 169
, 64
, 105
, 128
, 112
, 121
, 106
, 127
, 55
, 178
, 146
, 87
, 224
, 9
, 62
, 171
, 67
, 166
, 6
, 227
, 191
, 42
, 4
, 229
, 161
, 72
, 186
, 47
, 128
, 105
, 56
, 177
, 149
, 84
, 74
, 159
, 227
, 6
, 178
, 55
, 6
, 227
, 195
, 38
, 92
, 141
, 94
, 139
, 92
, 141
, 121
, 112
, 143
, 90
, 99
, 134
, 132
, 101
, 30
, 203
, 100
, 133
, 196
, 37
, 111
, 122
, 124
, 109
, 6
, 227
, 84
, 149
, 124
, 109
, 172
, 61
, 2
, 231
, 28
, 205
, 93
, 140
, 218
, 15
, 48
, 185
, 75
, 158
, 190
, 43
, 120
, 113
, 26
, 207
, 22
, 211
, 122
, 111
, 166
, 67
, 63
, 170
, 139
, 94
, 80
, 153
, 179
, 54
, 146
, 87
, 201
, 32
, 78
, 155
, 39
, 194
, 177
, 56
, 147
, 86
, 79
, 154
, 59
, 174
, 119
, 114
, 67
, 166
, 51
, 182
, 111
, 122
, 114
, 119
, 66
, 167
, 218
, 15
, 21
, 212
, 51
, 182
, 195
, 38
, 130
, 103
, 115
, 118
, 23
, 210
, 44
, 189
, 133
, 100
, 125
, 108
, 157
, 76
, 69
, 164
, 111
, 122
, 104
, 129
, 133
, 100
, 204
, 29
, 196
, 37
, 52
, 181
, 11
, 222
, 229
, 4
, 166
, 67
, 78
, 155
, 101
, 132
, 2
, 231
, 74
, 159
, 26
, 207
, 39
, 194
, 222
, 11
, 38
, 195
, 118
, 115
, 74
, 159
, 228
, 5
, 76
, 157
, 189
, 44
, 207
, 26
, 84
, 149
, 122
, 111
, 17
, 216
, 132
, 101
, 97
, 136
, 197
, 36
, 4
, 229
, 121
, 112
, 30
, 203
, 178
, 55
, 213
, 20
, 39
, 194
, 205
, 28
, 133
, 100
, 86
, 147
, 177
, 56
, 117
, 116
, 24
, 209
, 82
, 151
, 204
, 29
, 71
, 162
, 226
, 7
, 96
, 137
, 42
, 191
, 102
, 131
, 69
, 164
, 189
, 44
, 5
, 228
, 198
, 35
, 179
, 54
, 226
, 7
, 3
, 230
, 136
, 97
, 23
, 210
, 144
, 89
, 78
, 155
, 6
, 227
, 88
, 145
, 162
, 71
, 178
, 55
, 210
, 23
, 167
, 66
, 116
, 117
, 138
, 95
, 134
, 99
, 77
, 156
, 67
, 166
, 12
, 221
, 13
, 220
, 54
, 179
, 203
, 30
, 187
, 46
, 114
, 119
, 22
, 211
, 6
, 227
, 151
, 82
, 107
, 126
, 56
, 177
, 146
, 87
, 119
, 114
, 144
, 89
, 101
, 132
, 53
, 180
, 122
, 111
, 82
, 151
, 12
, 221
, 170
, 63
, 115
, 118
, 174
, 59
, 9
, 224
, 216
, 17
, 180
, 53
, 131
, 102
, 21
, 212
, 205
, 28
, 23
, 210
, 225
, 8
, 105
, 128
, 188
, 45
, 26
, 207
, 170
, 63
, 48
, 185
, 65
, 168
, 26
, 207
, 141
, 92
, 166
, 67
, 160
, 73
, 87
, 146
, 159
, 74
, 84
, 149
, 84
, 149
, 190
, 43
, 7
, 226
, 77
, 156
, 14
, 219
, 191
, 42
, 142
, 91
, 82
, 151
, 110
, 123
, 192
, 41
, 193
, 40
, 96
, 137
, 140
, 93
, 44
, 189
, 159
, 74
, 172
, 61
, 129
, 104
, 49
, 184
, 173
, 60
, 177
, 56
, 131
, 102
, 21
, 212
, 166
, 67
, 26
, 207
, 121
, 112
, 138
, 95
, 103
, 130
, 86
, 147
, 7
, 226
, 106
, 127
, 39
, 194
, 44
, 189
, 221
, 12
, 156
, 77
, 168
, 65
, 219
, 14
, 150
, 83
, 90
, 143
, 138
, 95
, 116
, 117
, 220
, 13
, 3
, 230
, 107
, 126
, 173
, 60
, 208
, 25
, 161
, 72
, 128
, 105
, 105
, 128
, 225
, 8
, 78
, 155
, 17
, 216
, 35
, 198
, 77
, 156
, 100
, 133
, 31
, 202
, 174
, 59
, 68
, 165
, 73
, 160
, 149
, 84
, 52
, 181
, 25
, 208
, 231
, 2
, 196
, 37
, 173
, 60
, 90
, 143
, 37
, 196
, 90
, 143
, 15
, 218
, 190
, 43
, 69
, 164
, 164
, 69
, 64
, 169
, 211
, 22
, 184
, 49
, 91
, 142
, 16
, 217
, 92
, 141
, 141
, 92
, 2
, 231
, 96
, 137
, 47
, 186
, 221
, 12
, 58
, 175
, 104
, 129
, 217
, 16
, 47
, 186
, 38
, 195
, 180
, 53
, 125
, 108
, 103
, 130
, 78
, 155
, 215
, 18
, 132
, 101
, 185
, 48
, 163
, 70
, 183
, 50
, 222
, 11
, 23
, 210
, 215
, 18
, 134
, 99
, 46
, 187
, 173
, 60
, 201
, 32
, 191
, 42
, 201
, 32
, 152
, 81
, 204
, 29
, 172
, 61
, 12
, 221
, 212
, 21
, 119
, 114
, 45
, 188
, 183
, 50
, 56
, 177
, 24
, 209
, 134
, 99
, 30
, 203
, 179
, 54
, 101
, 132
, 174
, 59
, 152
, 81
, 80
, 153
, 138
, 95
, 15
, 218
, 10
, 223
, 33
, 200
, 75
, 158
, 7
, 226
, 23
, 210
, 187
, 46
, 112
, 121
, 120
, 113
, 61
, 172
, 37
, 196
, 194
, 39
, 213
, 20
, 94
, 139
, 177
, 56
, 172
, 61
, 213
, 20
, 167
, 66
, 200
, 33
, 143
, 90
, 34
, 199
, 128
, 105
, 91
, 142
, 180
, 53
, 86
, 147
, 37
, 196
, 109
, 124
, 99
, 134
, 171
, 62
, 188
, 45
, 26
, 207
, 185
, 48
, 186
, 47
, 92
, 141
, 101
, 132
, 60
, 173
, 164
, 69
, 75
, 158
, 85
, 148
, 70
, 163
, 30
, 203
, 171
, 62
, 69
, 164
, 132
, 101
, 229
, 4
, 192
, 41
, 54
, 179
, 140
, 93
, 125
, 108
, 134
, 99
, 176
, 57
, 162
, 71
, 71
, 162
, 205
, 28
, 217
, 16
, 65
, 168
, 9
, 224
, 163
, 70
, 42
, 191
, 80
, 153
, 87
, 146
, 144
, 89
, 37
, 196
, 142
, 91
, 215
, 18
, 107
, 126
, 17
, 216
, 224
, 9
, 152
, 81
, 145
, 88
, 139
, 94
, 27
, 206
, 140
, 93
, 60
, 173
, 127
, 106
, 195
, 38
, 161
, 72
, 122
, 111
, 83
, 150
, 128
, 105
, 225
, 8
, 164
, 69
, 2
, 231
, 201
, 32
, 216
, 17
, 112
, 121
, 28
, 205
, 121
, 112
, 224
, 9
, 203
, 30
, 35
, 198
, 71
, 162
, 110
, 123
, 1
, 232
, 168
, 65
, 119
, 114
, 117
, 116
, 16
, 217
, 121
, 112
, 133
, 100
, 99
, 134
, 114
, 119
, 33
, 200
, 159
, 74
, 124
, 109
, 22
, 211
, 218
, 15
, 214
, 19
, 212
, 21
, 150
, 83
, 107
, 126
, 99
, 134
, 103
, 130
, 189
, 44
, 151
, 82
, 74
, 159
, 29
, 204
, 161
, 72
, 111
, 122
, 143
, 90
, 176
, 57
, 76
, 157
, 177
, 56
, 165
, 68
, 114
, 119
, 33
, 200
, 2
, 231
, 116
, 117
, 7
, 226
, 7
, 226
, 219
, 14
, 227
, 6
, 198
, 35
, 31
, 202
, 79
, 154
, 23
, 210
, 81
, 152
, 170
, 63
, 198
, 35
, 162
, 71
, 111
, 122
, 50
, 183
, 168
, 65
, 179
, 54
, 157
, 76
, 102
, 131
, 144
, 89
, 22
, 211
, 131
, 102
, 33
, 200
, 40
, 193
, 73
, 160
, 34
, 199
, 160
, 73
, 120
, 113
, 102
, 131
, 141
, 92
, 208
, 25
, 9
, 224
, 158
, 75
, 230
, 3
, 179
, 54
, 122
, 111
, 155
, 78
, 200
, 33
, 119
, 114
, 209
, 24
, 213
, 20
, 207
, 26
, 39
, 194
, 120
, 113
, 50
, 183
, 149
, 84
, 230
, 3
, 150
, 83
, 15
, 218
, 212
, 21
, 30
, 203
, 3
, 230
, 155
, 78
, 109
, 124
, 158
, 75
, 10
, 223
, 33
, 200
, 190
, 43
, 202
, 31
, 227
, 6
, 192
, 41
, 24
, 209
, 85
, 148
, 67
, 166
, 36
, 197
, 221
, 12
, 90
, 143
, 55
, 178
, 154
, 79
, 182
, 51
, 152
, 81
, 132
, 101
, 220
, 13
, 159
, 74
, 217
, 16
, 145
, 88
, 3
, 230
, 115
, 118
, 76
, 157
, 179
, 54
, 104
, 129
, 193
, 40
, 7
, 226
, 188
, 45
, 134
, 99
, 35
, 198
, 13
, 220
, 163
, 70
, 196
, 37
, 20
, 213
, 25
, 208
, 74
, 159
, 223
, 10
, 37
, 196
, 215
, 18
, 164
, 69
, 179
, 54
, 104
, 129
, 72
, 161
, 94
, 139
, 39
, 194
, 214
, 19
, 86
, 147
, 100
, 133
, 11
, 222
, 120
, 113
, 138
, 95
, 50
, 183
, 144
, 89
, 14
, 219
, 49
, 184
, 169
, 64
, 125
, 108
, 188
, 45
, 41
, 192
, 86
, 147
, 59
, 174
, 128
, 105
, 99
, 134
, 116
, 117
, 158
, 75
, 119
, 114
, 86
, 147
, 219
, 14
, 83
, 150
, 82
, 151
, 45
, 188
, 231
, 2
, 152
, 81
, 27
, 206
, 214
, 19
, 219
, 14
, 82
, 151
, 135
, 98
, 90
, 143
, 106
, 127
, 129
, 104
, 139
, 94
, 157
, 76
, 213
, 20
, 120
, 113
, 104
, 129
, 200
, 33
, 201
, 32
, 68
, 165
, 99
, 134
, 162
, 71
, 80
, 153
, 185
, 48
, 54
, 179
, 26
, 207
, 58
, 175
, 41
, 192
, 21
, 212
, 198
, 35
, 50
, 183
, 178
, 55
, 103
, 130
, 24
, 209
, 75
, 158
, 220
, 13
, 94
, 139
, 118
, 115
, 199
, 34
, 171
, 62
, 93
, 140
, 129
, 104
, 112
, 121
, 221
, 12
, 144
, 89
, 220
, 13
, 14
, 219
, 191
, 42
, 96
, 137
, 5
, 228
, 190
, 43
, 27
, 206
, 148
, 85
, 165
, 68
, 217
, 16
, 46
, 187
, 75
, 158
, 24
, 209
, 200
, 33
, 119
, 114
, 70
, 163
, 178
, 55
, 27
, 206
, 99
, 134
, 15
, 218
, 102
, 131
, 39
, 194
, 78
, 155
, 134
, 99
, 108
, 125
, 194
, 39
, 219
, 14
, 174
, 59
, 222
, 11
, 71
, 162
, 144
, 89
, 169
, 64
, 100
, 133
, 2
, 231
, 45
, 188
, 215
, 18
, 71
, 162
, 119
, 114
, 178
, 55
, 118
, 115
, 202
, 31
, 111
, 122
, 2
, 231
, 183
, 50
, 63
, 170
, 204
, 29
, 156
, 77
, 6
, 227
, 202
, 31
, 2
, 231
, 56
, 177
, 155
, 78
, 186
, 47
, 80
, 153
, 62
, 171
, 62
, 171
, 20
, 213
, 157
, 76
, 72
, 161
, 68
, 165
, 88
, 145
, 84
, 149
, 46
, 187
, 97
, 136
, 144
, 89
, 178
, 55
, 230
, 3
, 17
, 216
, 160
, 73
, 77
, 156
, 62
, 171
, 39
, 194
, 161
, 72
, 143
, 90
, 68
, 165
, 145
, 88
, 121
, 112
, 115
, 118
, 222
, 11
, 138
, 95
, 96
, 137
, 91
, 142
, 26
, 207
, 197
, 36
, 88
, 145
, 63
, 170
, 106
, 127
, 160
, 73
, 62
, 171
, 57
, 176
, 183
, 50
, 94
, 139
, 199
, 34
, 126
, 107
, 14
, 219
, 130
, 103
, 202
, 31
, 15
, 218
, 38
, 195
, 27
, 206
, 214
, 19
, 148
, 85
, 210
, 23
, 185
, 48
, 16
, 217
, 163
, 70
, 21
, 212
, 87
, 146
, 146
, 87
, 46
, 187
, 215
, 18
, 64
, 169
, 136
, 97
, 211
, 22
, 39
, 194
, 208
, 25
, 213
, 20
, 68
, 165
, 103
, 130
, 89
, 144
, 72
, 161
, 41
, 192
, 220
, 13
, 19
, 214
, 123
, 110
, 120
, 113
, 59
, 174
, 49
, 184
, 83
, 150
, 160
, 73
, 12
, 221
, 126
, 107
, 12
, 221
, 142
, 91
, 138
, 95
, 103
, 130
, 143
, 90
, 194
, 39
, 109
, 124
, 92
, 141
, 123
, 110
, 224
, 9
, 119
, 114
, 186
, 47
, 20
, 213
, 18
, 215
, 197
, 36
, 133
, 100
, 176
, 57
, 143
, 90
, 103
, 130
, 147
, 86
, 33
, 200
, 143
, 90
, 161
, 72
, 224
, 9
, 139
, 94
, 211
, 22
, 191
, 42
, 129
, 104
, 225
, 8
, 59
, 174
, 106
, 127
, 170
, 63
, 98
, 135
, 133
, 100
, 218
, 15
, 127
, 106
, 74
, 159
, 140
, 93
, 47
, 186
, 61
, 172
, 71
, 162
, 79
, 154
, 120
, 113
, 132
, 101
, 201
, 32
, 210
, 23
, 69
, 164
, 64
, 169
, 179
, 54
, 113
, 120
, 202
, 31
, 63
, 170
, 85
, 148
, 153
, 80
, 69
, 164
, 121
, 112
, 193
, 40
, 177
, 56
, 84
, 149
, 149
, 84
, 163
, 70
, 10
, 223
, 18
, 215
, 52
, 181
, 166
, 67
, 217
, 16
, 151
, 82
, 205
, 28
, 126
, 107
, 20
, 213
, 100
, 133
, 80
, 153
, 224
, 9
, 186
, 47
, 92
, 141
, 161
, 72
, 44
, 189
, 138
, 95
, 5
, 228
, 194
, 39
, 156
, 77
, 231
, 2
, 138
, 95
, 51
, 182
, 39
, 194
, 97
, 136
, 108
, 125
, 113
, 120
, 78
, 155
, 19
, 214
, 1
, 232
, 100
, 133
, 149
, 84
, 42
, 191
, 76
, 157
, 190
, 43
, 229
, 4
, 49
, 184
, 231
, 2
, 117
, 116
, 209
, 24
, 202
, 31
, 78
, 155
, 178
, 55
, 6
, 227
, 47
, 186
, 175
, 58
, 184
, 49
, 33
, 200
, 103
, 130
, 190
, 43
, 97
, 136
, 145
, 88
, 201
, 32
, 85
, 148
, 221
, 12
, 123
, 110
, 220
, 13
, 179
, 54
, 111
, 122
, 208
, 25
, 189
, 44
, 109
, 124
, 116
, 117
, 127
, 106
, 45
, 188
, 203
, 30
, 177
, 56
, 2
, 231
, 82
, 151
, 171
, 62
, 112
, 121
, 95
, 138
, 87
, 146
, 229
, 4
, 75
, 158
, 150
, 83
, 1
, 232
, 216
, 17
, 148
, 85
, 108
, 125
, 19
, 214
, 6
, 227
, 90
, 143
, 37
, 196
, 143
, 90
, 229
, 4
, 82
, 151
, 155
, 78
, 60
, 173
, 191
, 42
, 231
, 2
, 91
, 142
, 226
, 7
, 139
, 94
, 220
, 13
, 1
, 232
, 157
, 76
, 107
, 126
, 140
, 93
, 165
, 68
, 82
, 151
, 221
, 12
, 120
, 113
, 17
, 216
, 28
, 205
, 77
, 156
, 136
, 97
, 167
, 66
, 50
, 183
, 122
, 111
, 59
, 174
, 220
, 13
, 42
, 191
, 24
, 209
, 110
, 123
, 161
, 72
, 50
, 183
, 213
, 20
, 40
, 193
, 60
, 173
, 35
, 198
, 86
, 147
, 185
, 48
, 192
, 41
, 115
, 118
, 84
, 149
, 215
, 18
, 76
, 157
, 128
, 105
, 71
, 162
, 227
, 6
, 12
, 221
, 209
, 24
, 31
, 202
, 115
, 118
, 100
, 133
, 150
, 83
, 192
, 41
, 110
, 123
, 72
, 161
, 208
, 25
, 71
, 162
, 162
, 71
, 20
, 213
, 143
, 90
, 202
, 31
, 97
, 136
, 65
, 168
, 177
, 56
, 33
, 200
, 63
, 170
, 115
, 118
, 96
, 137
, 102
, 131
, 20
, 213
, 128
, 105
, 196
, 37
, 133
, 100
, 18
, 215
, 144
, 89
, 53
, 180
, 120
, 113
, 225
, 8
, 70
, 163
, 27
, 206
, 67
, 166
, 160
, 73
, 145
, 88
, 100
, 133
, 66
, 167
, 191
, 42
, 25
, 208
, 185
, 48
, 18
, 215
, 20
, 213
, 40
, 193
, 109
, 124
, 65
, 168
, 136
, 97
, 118
, 115
, 100
, 133
, 214
, 19
, 125
, 108
, 76
, 157
, 132
, 101
, 16
, 217
, 179
, 54
, 177
, 56
, 106
, 127
, 85
, 148
, 176
, 57
, 190
, 43
, 140
, 93
, 169
, 64
, 173
, 60
, 32
, 201
, 17
, 216
, 49
, 184
, 109
, 124
, 170
, 63
, 76
, 157
, 216
, 17
, 26
, 207
, 84
, 149
, 106
, 127
, 92
, 141
, 208
, 25
, 200
, 33
, 173
, 60
, 167
, 66
, 3
, 230
, 9
, 224
, 75
, 158
, 3
, 230
, 111
, 122
, 80
, 153
, 224
, 9
, 202
, 31
, 150
, 83
, 42
, 191
, 230
, 3
, 229
, 4
, 80
, 153
, 156
, 77
, 168
, 65
, 189
, 44
, 204
, 29
, 157
, 76
, 3
, 230
, 116
, 117
, 204
, 29
, 219
, 14
, 21
, 212
, 101
, 132
, 196
, 37
, 172
, 61
, 17
, 216
, 74
, 159
, 55
, 178
, 29
, 204
, 84
, 149
, 215
, 18
, 201
, 32
, 30
, 203
, 195
, 38
, 10
, 223
, 206
, 27
, 217
, 16
, 152
, 81
, 220
, 13
, 61
, 172
, 86
, 147
, 101
, 132
, 109
, 124
, 175
, 58
, 54
, 179
, 44
, 189
, 180
, 53
, 65
, 168
, 76
, 157
, 202
, 31
, 186
, 47
, 145
, 88
, 74
, 159
, 146
, 87
, 60
, 173
, 26
, 207
, 114
, 119
, 202
, 31
, 69
, 164
, 166
, 67
, 185
, 48
, 155
, 78
, 43
, 190
, 139
, 94
, 4
, 229
, 10
, 223
, 120
, 113
, 110
, 123
, 2
, 231
, 139
, 94
, 150
, 83
, 102
, 131
, 90
, 143
, 71
, 162
, 135
, 98
, 33
, 200
, 89
, 144
, 49
, 184
, 129
, 104
, 207
, 26
, 81
, 152
, 181
, 52
, 201
, 32
, 16
, 217
, 203
, 30
, 146
, 87
, 211
, 22
, 12
, 221
, 146
, 87
, 65
, 168
, 6
, 227
, 176
, 57
, 185
, 48
, 127
, 106
, 17
, 216
, 146
, 87
, 174
, 59
, 78
, 155
, 49
, 184
, 37
, 196
, 58
, 175
, 120
, 113
, 131
, 102
, 67
, 166
, 184
, 49
, 89
, 144
, 196
, 37
, 92
, 141
, 52
, 181
, 141
, 92
, 128
, 105
, 94
, 139
, 15
, 218
, 87
, 146
, 197
, 36
, 146
, 87
, 46
, 187
, 187
, 46
, 219
, 14
, 145
, 88
, 138
, 95
, 177
, 56
, 64
, 169
, 198
, 35
, 217
, 16
, 54
, 179
, 109
, 124
, 69
, 164
, 184
, 49
, 53
, 180
, 129
, 104
, 219
, 14
, 140
, 93
, 23
, 210
, 95
, 138
, 153
, 80
, 127
, 106
, 48
, 185
, 83
, 150
, 214
, 19
, 224
, 9
, 163
, 70
, 44
, 189
, 35
, 198
, 109
, 124
, 61
, 172
, 185
, 48
, 207
, 26
, 130
, 103
, 153
, 80
, 155
, 78
, 160
, 73
, 32
, 201
, 181
, 52
, 165
, 68
, 186
, 47
, 5
, 228
, 183
, 50
, 174
, 59
, 171
, 62
, 50
, 183
, 4
, 229
, 178
, 55
, 132
, 101
, 64
, 169
, 155
, 78
, 180
, 53
, 170
, 63
, 182
, 51
, 205
, 28
, 53
, 180
, 44
, 189
, 217
, 16
, 190
, 43
, 67
, 166
, 21
, 212
, 99
, 134
, 150
, 83
, 68
, 165
, 221
, 12
, 157
, 76
, 10
, 223
, 197
, 36
, 155
, 78
, 77
, 156
, 182
, 51
, 121
, 112
, 21
, 212
, 200
, 33
, 79
, 154
, 12
, 221
, 97
, 136
, 30
, 203
, 11
, 222
, 73
, 160
, 194
, 39
, 227
, 6
, 20
, 213
, 52
, 181
, 187
, 46
, 77
, 156
, 14
, 219
, 70
, 163
, 101
, 132
, 207
, 26
, 195
, 38
, 138
, 95
, 42
, 191
, 104
, 129
, 135
, 98
, 133
, 100
, 2
, 231
, 47
, 186
, 205
, 28
, 151
, 82
, 32
, 201
, 4
, 229
, 18
, 215
, 71
, 162
, 148
, 85
, 123
, 110
, 131
, 102
, 35
, 198
, 35
, 198
, 47
, 186
, 144
, 89
, 62
, 171
, 63
, 170
, 141
, 92
, 175
, 58
, 49
, 184
, 3
, 230
, 116
, 117
, 83
, 150
, 160
, 73
, 25
, 208
, 8
, 225
, 48
, 185
, 62
, 171
, 107
, 126
, 17
, 216
, 210
, 23
, 230
, 3
, 89
, 144
, 35
, 198
, 188
, 45
, 44
, 189
, 9
, 224
, 219
, 14
, 138
, 95
, 211
, 22
, 125
, 108
, 221
, 12
, 121
, 112
, 156
, 77
, 117
, 116
, 166
, 67
, 129
, 104
, 68
, 165
, 113
, 120
, 88
, 145
, 37
, 196
, 80
, 153
, 203
, 30
, 19
, 214
, 204
, 29
, 38
, 195
, 60
, 173
, 153
, 80
, 195
, 38
, 127
, 106
, 15
, 218
, 78
, 155
, 192
, 41
, 89
, 144
, 15
, 218
, 98
, 135
, 218
, 15
, 136
, 97
, 48
, 185
, 43
, 190
, 60
, 173
, 202
, 31
, 194
, 39
, 143
, 90
, 163
, 70
, 161
, 72
, 197
, 36
, 41
, 192
, 54
, 179
, 175
, 58
, 211
, 22
, 193
, 40
, 101
, 132
, 98
, 135
, 185
, 48
, 226
, 7
, 209
, 24
, 31
, 202
, 146
, 87
, 49
, 184
, 152
, 81
, 90
, 143
, 218
, 15
, 151
, 82
, 111
, 122
, 2
, 231
, 94
, 139
, 81
, 152
, 178
, 55
, 76
, 157
, 152
, 81
, 41
, 192
, 15
, 218
, 227
, 6
, 157
, 76
, 116
, 117
, 213
, 20
, 58
, 175
, 174
, 59
, 146
, 87
, 192
, 41
, 89
, 144
, 163
, 70
, 4
, 229
, 21
, 212
, 5
, 228
, 182
, 51
, 226
, 7
, 210
, 23
, 70
, 163
, 171
, 62
, 13
, 220
, 18
, 215
, 43
, 190
, 50
, 183
, 158
, 75
, 185
, 48
, 186
, 47
, 99
, 134
, 34
, 199
, 115
, 118
, 20
, 213
, 32
, 201
, 92
, 141
, 53
, 180
, 59
, 174
, 195
, 38
, 56
, 177
, 1
, 232
, 19
, 214
, 89
, 144
, 111
, 122
, 127
, 106
, 115
, 118
, 138
, 95
, 1
, 232
, 24
, 209
, 112
, 121
, 41
, 192
, 228
, 5
, 6
, 227
, 99
, 134
, 166
, 67
, 157
, 76
, 149
, 84
, 42
, 191
, 20
, 213
, 5
, 228
, 182
, 51
, 153
, 80
, 196
, 37
, 91
, 142
, 164
, 69
, 74
, 159
, 81
, 152
, 121
, 112
, 156
, 77
, 200
, 33
, 151
, 82
, 147
, 86
, 116
, 117
, 162
, 71
, 98
, 135
, 206
, 27
, 207
, 26
, 88
, 145
, 223
, 10
, 7
, 226
, 13
, 220
, 58
, 175
, 103
, 130
, 100
, 133
, 53
, 180
, 110
, 123
, 184
, 49
, 209
, 24
, 226
, 7
, 39
, 194
, 145
, 88
, 191
, 42
, 198
, 35
, 231
, 2
, 71
, 162
, 23
, 210
, 177
, 56
, 155
, 78
, 152
, 81
, 90
, 143
, 195
, 38
, 89
, 144
, 98
, 135
, 130
, 103
, 2
, 231
, 229
, 4
, 230
, 3
, 17
, 216
, 35
, 198
, 210
, 23
, 118
, 115
, 90
, 143
, 87
, 146
, 43
, 190
, 63
, 170
, 166
, 67
, 227
, 6
, 136
, 97
, 104
, 129
, 217
, 16
, 176
, 57
, 32
, 201
, 85
, 148
, 84
, 149
, 13
, 220
, 180
, 53
, 32
, 201
, 159
, 74
, 64
, 169
, 112
, 121
, 198
, 35
, 222
, 11
, 166
, 67
, 181
, 52
, 191
, 42
, 37
, 196
, 98
, 135
, 119
, 114
, 26
, 207
, 125
, 108
, 87
, 146
, 125
, 108
, 51
, 182
, 126
, 107
, 116
, 117
, 126
, 107
, 24
, 209
, 60
, 173
, 134
, 99
, 185
, 48
, 129
, 104
, 95
, 138
, 131
, 102
, 51
, 182
, 147
, 86
, 105
, 128
, 99
, 134
, 231
, 2
, 64
, 169
, 15
, 218
, 179
, 54
, 190
, 43
, 227
, 6
, 63
, 170
, 191
, 42
, 165
, 68
, 187
, 46
, 231
, 2
, 226
, 7
, 184
, 49
, 32
, 201
, 41
, 192
, 103
, 130
, 117
, 116
, 135
, 98
, 117
, 116
, 83
, 150
, 110
, 123
, 85
, 148
, 224
, 9
, 94
, 139
, 121
, 112
, 133
, 100
, 225
, 8
, 66
, 167
, 39
, 194
, 181
, 52
, 160
, 73
, 152
, 81
, 58
, 175
, 57
, 176
, 228
, 5
, 40
, 193
, 86
, 147
, 97
, 136
, 210
, 23
, 1
, 232
, 8
, 225
, 147
, 86
, 229
, 4
, 181
, 52
, 13
, 220
, 81
, 152
, 16
, 217
, 177
, 56
, 64
, 169
, 94
, 139
, 211
, 22
, 115
, 118
, 190
, 43
, 210
, 23
, 221
, 12
, 160
, 73
, 147
, 86
, 130
, 103
, 112
, 121
, 29
, 204
, 212
, 21
, 50
, 183
, 47
, 186
, 219
, 14
, 45
, 188
, 38
, 195
, 94
, 139
, 175
, 58
, 64
, 169
, 128
, 105
, 50
, 183
, 222
, 11
, 9
, 224
, 98
, 135
, 149
, 84
, 217
, 16
, 167
, 66
, 3
, 230
, 49
, 184
, 127
, 106
, 188
, 45
, 158
, 75
, 205
, 28
, 7
, 226
, 222
, 11
, 84
, 149
, 219
, 14
, 161
, 72
, 98
, 135
, 32
, 201
, 186
, 47
, 138
, 95
, 101
, 132
, 225
, 8
, 84
, 149
, 7
, 226
, 42
, 191
, 35
, 198
, 141
, 92
, 142
, 91
, 49
, 184
, 68
, 165
, 201
, 32
, 156
, 77
, 170
, 63
, 149
, 84
, 133
, 100
, 8
, 225
, 15
, 218
, 210
, 23
, 31
, 202
, 162
, 71
, 12
, 221
, 182
, 51
, 18
, 215
, 75
, 158
, 229
, 4
, 170
, 63
, 80
, 153
, 224
, 9
, 202
, 31
, 15
, 218
, 58
, 175
, 78
, 155
, 7
, 226
, 57
, 176
, 200
, 33
, 172
, 61
, 56
, 177
, 71
, 162
, 11
, 222
, 125
, 108
, 113
, 120
, 212
, 21
, 116
, 117
, 218
, 15
, 97
, 136
, 66
, 167
, 51
, 182
, 162
, 71
, 32
, 201
, 14
, 219
, 213
, 20
, 87
, 146
, 171
, 62
, 219
, 14
, 198
, 35
, 70
, 163
, 197
, 36
, 70
, 163
, 151
, 82
, 55
, 178
, 153
, 80
, 104
, 129
, 187
, 46
, 33
, 200
, 95
, 138
, 68
, 165
, 80
, 153
, 183
, 50
, 122
, 111
, 111
, 122
, 39
, 194
, 166
, 67
, 58
, 175
, 59
, 174
, 15
, 218
, 57
, 176
, 161
, 72
, 87
, 146
, 99
, 134
, 9
, 224
, 12
, 221
, 178
, 55
, 68
, 165
, 17
, 216
, 35
, 198
, 124
, 109
, 120
, 113
, 73
, 160
, 83
, 150
, 204
, 29
, 45
, 188
, 48
, 185
, 167
, 66
, 111
, 122
, 67
, 166
, 157
, 76
, 104
, 129
, 65
, 168
, 127
, 106
, 93
, 140
, 25
, 208
, 1
, 232
, 42
, 191
, 231
, 2
, 35
, 198
, 58
, 175
, 23
, 210
, 117
, 116
, 134
, 99
, 209
, 24
, 220
, 13
, 115
, 118
, 41
, 192
, 57
, 176
, 128
, 105
, 82
, 151
, 145
, 88
, 23
, 210
, 229
, 4
, 94
, 139
, 8
, 225
, 206
, 27
, 98
, 135
, 178
, 55
, 37
, 196
, 69
, 164
, 91
, 142
, 100
, 133
, 144
, 89
, 49
, 184
, 143
, 90
, 179
, 54
, 178
, 55
, 28
, 205
, 98
, 135
, 193
, 40
, 207
, 26
, 225
, 8
, 109
, 124
, 10
, 223
, 46
, 187
, 49
, 184
, 181
, 52
, 40
, 193
, 146
, 87
, 126
, 107
, 180
, 53
, 79
, 154
, 19
, 214
, 15
, 218
, 24
, 209
, 170
, 63
, 214
, 19
, 106
, 127
, 41
, 192
, 195
, 38
, 121
, 112
, 44
, 189
, 87
, 146
, 221
, 12
, 178
, 55
, 43
, 190
, 124
, 109
, 130
, 103
, 81
, 152
, 71
, 162
, 229
, 4
, 178
, 55
, 135
, 98
, 187
, 46
, 4
, 229
, 29
, 204
, 101
, 132
, 224
, 9
, 131
, 102
, 213
, 20
, 228
, 5
, 80
, 153
, 154
, 79
, 130
, 103
, 148
, 85
, 189
, 44
, 131
, 102
, 119
, 114
, 63
, 170
, 21
, 212
, 165
, 68
, 189
, 44
, 153
, 80
, 93
, 140
, 14
, 219
, 148
, 85
, 230
, 3
, 143
, 90
, 231
, 2
, 99
, 134
, 23
, 210
, 136
, 97
, 229
, 4
, 117
, 116
, 208
, 25
, 83
, 150
, 175
, 58
, 60
, 173
, 150
, 83
, 83
, 150
, 131
, 102
, 106
, 127
, 83
, 150
, 94
, 139
, 40
, 193
, 93
, 140
, 166
, 67
, 189
, 44
, 33
, 200
, 110
, 123
, 139
, 94
, 146
, 87
, 83
, 150
, 83
, 150
, 91
, 142
, 191
, 42
, 136
, 97
, 208
, 25
, 25
, 208
, 72
, 161
, 99
, 134
, 44
, 189
, 187
, 46
, 168
, 65
, 142
, 91
, 133
, 100
, 37
, 196
, 155
, 78
, 35
, 198
, 189
, 44
, 214
, 19
, 17
, 216
, 172
, 61
, 153
, 80
, 18
, 215
, 145
, 88
, 64
, 169
, 213
, 20
, 65
, 168
, 160
, 73
, 109
, 124
, 131
, 102
, 7
, 226
, 1
, 232
, 154
, 79
, 15
, 218
, 47
, 186
, 221
, 12
, 125
, 108
, 65
, 168
, 10
, 223
, 122
, 111
, 213
, 20
, 129
, 104
, 83
, 150
, 210
, 23
, 195
, 38
, 109
, 124
, 8
, 225
, 135
, 98
, 85
, 148
, 231
, 2
, 113
, 120
, 164
, 69
, 160
, 73
, 169
, 64
, 42
, 191
, 197
, 36
, 224
, 9
, 59
, 174
, 33
, 200
, 182
, 51
, 103
, 130
, 14
, 219
, 30
, 203
, 36
, 197
, 126
, 107
, 37
, 196
, 187
, 46
, 44
, 189
, 115
, 118
, 224
, 9
, 124
, 109
, 38
, 195
, 99
, 134
, 135
, 98
, 113
, 120
, 104
, 129
, 29
, 204
, 91
, 142
, 60
, 173
, 126
, 107
, 45
, 188
, 98
, 135
, 11
, 222
, 178
, 55
, 150
, 83
, 92
, 141
, 146
, 87
, 45
, 188
, 230
, 3
, 130
, 103
, 30
, 203
, 39
, 194
, 158
, 75
, 85
, 148
, 35
, 198
, 184
, 49
, 81
, 152
, 143
, 90
, 186
, 47
, 52
, 181
, 222
, 11
, 190
, 43
, 126
, 107
, 111
, 122
, 29
, 204
, 217
, 16
, 194
, 39
, 99
, 134
, 158
, 75
, 203
, 30
, 163
, 70
, 22
, 211
, 154
, 79
, 180
, 53
, 77
, 156
, 207
, 26
, 72
, 161
, 98
, 135
, 123
, 110
, 130
, 103
, 40
, 193
, 97
, 136
, 40
, 193
, 142
, 91
, 64
, 169
, 17
, 216
, 151
, 82
, 38
, 195
, 228
, 5
, 8
, 225
, 140
, 93
, 34
, 199
, 115
, 118
, 153
, 80
, 12
, 221
, 67
, 166
, 68
, 165
, 35
, 198
, 117
, 116
, 37
, 196
, 220
, 13
, 137
, 96
, 82
, 151
, 179
, 54
, 200
, 33
, 34
, 199
, 41
, 192
, 147
, 86
, 18
, 215
, 121
, 112
, 180
, 53
, 21
, 212
, 97
, 136
, 88
, 145
, 55
, 178
, 91
, 142
, 11
, 222
, 11
, 222
, 212
, 21
, 16
, 217
, 142
, 91
, 66
, 167
, 119
, 114
, 126
, 107
, 190
, 43
, 2
, 231
, 3
, 230
, 137
, 96
, 230
, 3
, 68
, 165
, 216
, 17
, 148
, 85
, 40
, 193
, 23
, 210
, 222
, 11
, 210
, 23
, 124
, 109
, 130
, 103
, 70
, 163
, 132
, 101
, 80
, 153
, 17
, 216
, 224
, 9
, 174
, 59
, 32
, 201
, 93
, 140
, 173
, 60
, 218
, 15
, 66
, 167
, 12
, 221
, 161
, 72
, 52
, 181
, 219
, 14
, 52
, 181
, 111
, 122
, 108
, 125
, 5
, 228
, 62
, 171
, 56
, 177
, 103
, 130
, 110
, 123
, 76
, 157
, 40
, 193
, 119
, 114
, 77
, 156
, 204
, 29
, 194
, 39
, 224
, 9
, 92
, 141
, 89
, 144
, 53
, 180
, 61
, 172
, 86
, 147
, 79
, 154
, 169
, 64
, 148
, 85
, 225
, 8
, 147
, 86
, 87
, 146
, 207
, 26
, 9
, 224
, 31
, 202
, 104
, 129
, 109
, 124
, 173
, 60
, 179
, 54
, 83
, 150
, 79
, 154
, 221
, 12
, 16
, 217
, 9
, 224
, 94
, 139
, 61
, 172
, 131
, 102
, 104
, 129
, 21
, 212
, 91
, 142
, 126
, 107
, 206
, 27
, 145
, 88
, 123
, 110
, 50
, 183
, 49
, 184
, 157
, 76
, 167
, 66
, 37
, 196
, 23
, 210
, 208
, 25
, 150
, 83
, 169
, 64
, 141
, 92
, 82
, 151
, 158
, 75
, 7
, 226
, 13
, 220
, 46
, 187
, 188
, 45
, 142
, 91
, 98
, 135
, 57
, 176
, 225
, 8
, 231
, 2
, 67
, 166
, 43
, 190
, 50
, 183
, 16
, 217
, 172
, 61
, 101
, 132
, 19
, 214
, 159
, 74
, 57
, 176
, 209
, 24
, 46
, 187
, 167
, 66
, 39
, 194
, 21
, 212
, 198
, 35
, 208
, 25
, 2
, 231
, 39
, 194
, 12
, 221
, 136
, 97
, 63
, 170
, 220
, 13
, 74
, 159
, 60
, 173
, 118
, 115
, 154
, 79
, 139
, 94
, 168
, 65
, 145
, 88
, 48
, 185
, 118
, 115
, 58
, 175
, 124
, 109
, 45
, 188
, 142
, 91
, 207
, 26
, 88
, 145
, 115
, 118
, 47
, 186
, 41
, 192
, 202
, 31
, 124
, 109
, 62
, 171
, 132
, 101
, 173
, 60
, 87
, 146
, 74
, 159
, 224
, 9
, 217
, 16
, 7
, 226
, 3
, 230
, 97
, 136
, 164
, 69
, 91
, 142
, 75
, 158
, 67
, 166
, 94
, 139
, 45
, 188
, 43
, 190
, 205
, 28
, 205
, 28
, 40
, 193
, 48
, 185
, 98
, 135
, 112
, 121
, 143
, 90
, 59
, 174
, 97
, 136
, 122
, 111
, 151
, 82
, 58
, 175
, 99
, 134
, 147
, 86
, 126
, 107
, 1
, 232
, 226
, 7
, 186
, 47
, 162
, 71
, 50
, 183
, 28
, 205
, 132
, 101
, 48
, 185
, 227
, 6
, 107
, 126
, 41
, 192
, 108
, 125
, 197
, 36
, 45
, 188
, 157
, 76
, 11
, 222
, 121
, 112
, 201
, 32
, 23
, 210
, 23
, 210
, 202
, 31
, 195
, 38
, 90
, 143
, 213
, 20
, 48
, 185
, 139
, 94
, 40
, 193
, 159
, 74
, 136
, 97
, 138
, 95
, 105
, 128
, 160
, 73
, 11
, 222
, 14
, 219
, 180
, 53
, 204
, 29
, 72
, 161
, 154
, 79
, 28
, 205
, 176
, 57
, 125
, 108
, 207
, 26
, 35
, 198
, 217
, 16
, 192
, 41
, 84
, 149
, 225
, 8
, 27
, 206
, 103
, 130
, 102
, 131
, 132
, 101
, 206
, 27
, 68
, 165
, 127
, 106
, 173
, 60
, 110
, 123
, 121
, 112
, 200
, 33
, 33
, 200
, 58
, 175
, 35
, 198
, 65
, 168
, 104
, 129
, 52
, 181
, 11
, 222
, 150
, 83
, 214
, 19
, 115
, 118
, 135
, 98
, 42
, 191
, 163
, 70
, 59
, 174
, 203
, 30
, 72
, 161
, 1
, 232
, 81
, 152
, 161
, 72
, 181
, 52
, 172
, 61
, 9
, 224
, 133
, 100
, 29
, 204
, 105
, 128
, 38
, 195
, 62
, 171
, 77
, 156
, 166
, 67
, 161
, 72
, 225
, 8
, 105
, 128
, 96
, 137
, 103
, 130
, 144
, 89
, 147
, 86
, 49
, 184
, 118
, 115
, 117
, 116
, 130
, 103
, 13
, 220
, 229
, 4
, 178
, 55
, 95
, 138
, 78
, 155
, 84
, 149
, 128
, 105
, 148
, 85
, 231
, 2
, 55
, 178
, 204
, 29
, 225
, 8
, 162
, 71
, 145
, 88
, 62
, 171
, 186
, 47
, 177
, 56
, 93
, 140
, 123
, 110
, 154
, 79
, 99
, 134
, 223
, 10
, 59
, 174
, 188
, 45
, 5
, 228
, 128
, 105
, 153
, 80
, 133
, 100
, 210
, 23
, 25
, 208
, 230
, 3
, 52
, 181
, 64
, 169
, 57
, 176
, 157
, 76
, 161
, 72
, 130
, 103
, 127
, 106
, 101
, 132
, 230
, 3
, 94
, 139
, 117
, 116
, 212
, 21
, 212
, 21
, 183
, 50
, 219
, 14
, 121
, 112
, 103
, 130
, 195
, 38
, 7
, 226
, 217
, 16
, 177
, 56
, 13
, 220
, 195
, 38
, 203
, 30
, 50
, 183
, 54
, 179
, 221
, 12
, 7
, 226
, 54
, 179
, 145
, 88
, 63
, 170
, 11
, 222
, 191
, 42
, 35
, 198
, 66
, 167
, 2
, 231
, 231
, 2
, 129
, 104
, 207
, 26
, 97
, 136
, 53
, 180
, 106
, 127
, 53
, 180
, 181
, 52
, 198
, 35
, 5
, 228
, 111
, 122
, 118
, 115
, 141
, 92
, 137
, 96
, 167
, 66
, 42
, 191
, 149
, 84
, 131
, 102
, 134
, 99
, 110
, 123
, 198
, 35
, 157
, 76
, 190
, 43
, 49
, 184
, 189
, 44
, 70
, 163
, 199
, 34
, 123
, 110
, 118
, 115
, 67
, 166
, 217
, 16
, 100
, 133
, 57
, 176
, 2
, 231
, 116
, 117
, 61
, 172
, 122
, 111
, 74
, 159
, 66
, 167
, 50
, 183
, 71
, 162
, 102
, 131
, 11
, 222
, 36
, 197
, 110
, 123
, 91
, 142
, 208
, 25
, 22
, 211
, 231
, 2
, 35
, 198
, 208
, 25
, 120
, 113
, 80
, 153
, 140
, 93
, 71
, 162
, 227
, 6
, 85
, 148
, 139
, 94
, 12
, 221
, 181
, 52
, 198
, 35
, 42
, 191
, 187
, 46
, 5
, 228
, 206
, 27
, 224
, 9
, 54
, 179
, 109
, 124
, 103
, 130
, 11
, 222
, 121
, 112
, 65
, 168
, 144
, 89
, 196
, 37
, 216
, 17
, 195
, 38
, 28
, 205
, 100
, 133
, 228
, 5
, 154
, 79
, 56
, 177
, 109
, 124
, 220
, 13
, 195
, 38
, 177
, 56
, 142
, 91
, 185
, 48
, 32
, 201
, 167
, 66
, 21
, 212
, 203
, 30
, 79
, 154
, 52
, 181
, 121
, 112
, 144
, 89
, 158
, 75
, 133
, 100
, 209
, 24
, 192
, 41
, 9
, 224
, 226
, 7
, 176
, 57
, 225
, 8
, 216
, 17
, 127
, 106
, 58
, 175
, 168
, 65
, 102
, 131
, 105
, 128
, 220
, 13
, 67
, 166
, 174
, 59
, 37
, 196
, 5
, 228
, 182
, 51
, 211
, 22
, 192
, 41
, 137
, 96
, 180
, 53
, 41
, 192
, 180
, 53
, 114
, 119
, 33
, 200
, 71
, 162
, 80
, 153
, 113
, 120
, 180
, 53
, 218
, 15
, 48
, 185
, 192
, 41
, 75
, 158
, 34
, 199
, 83
, 150
, 200
, 33
, 152
, 81
, 30
, 203
, 219
, 14
, 200
, 33
, 159
, 74
, 41
, 192
, 98
, 135
, 194
, 39
, 24
, 209
, 202
, 31
, 88
, 145
, 152
, 81
, 138
, 95
, 44
, 189
, 192
, 41
, 63
, 170
, 111
, 122
, 145
, 88
, 72
, 161
, 64
, 169
, 1
, 232
, 201
, 32
, 12
, 221
, 175
, 58
, 224
, 9
, 51
, 182
, 52
, 181
, 229
, 4
, 91
, 142
, 35
, 198
, 210
, 23
, 207
, 26
, 93
, 140
, 224
, 9
, 160
, 73
, 179
, 54
, 70
, 163
, 87
, 146
, 79
, 154
, 9
, 224
, 78
, 155
, 121
, 112
, 223
, 10
, 41
, 192
, 63
, 170
, 120
, 113
, 39
, 194
, 34
, 199
, 65
, 168
, 65
, 168
, 130
, 103
, 221
, 12
, 176
, 57
, 176
, 57
, 198
, 35
, 149
, 84
, 203
, 30
, 21
, 212
, 14
, 219
, 24
, 209
, 115
, 118
, 173
, 60
, 49
, 184
, 119
, 114
, 182
, 51
, 42
, 191
, 47
, 186
, 89
, 144
, 73
, 160
, 181
, 52
, 141
, 92
, 26
, 207
, 230
, 3
, 135
, 98
, 213
, 20
, 97
, 136
, 209
, 24
, 139
, 94
, 224
, 9
, 110
, 123
, 139
, 94
, 133
, 100
, 141
, 92
, 150
, 83
, 72
, 161
, 65
, 168
, 50
, 183
, 114
, 119
, 113
, 120
, 169
, 64
, 43
, 190
, 207
, 26
, 169
, 64
, 107
, 126
, 170
, 63
, 40
, 193
, 205
, 28
, 15
, 218
, 193
, 40
, 31
, 202
, 114
, 119
, 67
, 166
, 193
, 40
, 22
, 211
, 213
, 20
, 178
, 55
, 48
, 185
, 118
, 115
, 168
, 65
, 144
, 89
, 211
, 22
, 39
, 194
, 145
, 88
, 118
, 115
, 154
, 79
, 228
, 5
, 153
, 80
, 161
, 72
, 206
, 27
, 209
, 24
, 2
, 231
, 226
, 7
, 79
, 154
, 225
, 8
, 133
, 100
, 164
, 69
, 85
, 148
, 166
, 67
, 216
, 17
, 177
, 56
, 192
, 41
, 19
, 214
, 87
, 146
, 181
, 52
, 80
, 153
, 111
, 122
, 51
, 182
, 157
, 76
, 201
, 32
, 154
, 79
, 20
, 213
, 197
, 36
, 60
, 173
, 167
, 66
, 189
, 44
, 146
, 87
, 105
, 128
, 38
, 195
, 222
, 11
, 157
, 76
, 161
, 72
, 191
, 42
, 126
, 107
, 174
, 59
, 71
, 162
, 82
, 151
, 24
, 209
, 175
, 58
, 217
, 16
, 153
, 80
, 19
, 214
, 230
, 3
, 33
, 200
, 107
, 126
, 1
, 232
, 27
, 206
, 207
, 26
, 34
, 199
, 184
, 49
, 23
, 210
, 137
, 96
, 54
, 179
, 224
, 9
, 147
, 86
, 78
, 155
, 104
, 129
, 97
, 136
, 80
, 153
, 76
, 157
, 79
, 154
, 175
, 58
, 151
, 82
, 105
, 128
, 35
, 198
, 43
, 190
, 54
, 179
, 57
, 176
, 74
, 159
, 157
, 76
, 79
, 154
, 189
, 44
, 227
, 6
, 142
, 91
, 36
, 197
, 227
, 6
, 202
, 31
, 16
, 217
, 104
, 129
, 125
, 108
, 188
, 45
, 116
, 117
, 231
, 2
, 46
, 187
, 228
, 5
, 209
, 24
, 33
, 200
, 33
, 200
, 61
, 172
, 10
, 223
, 122
, 111
, 224
, 9
, 39
, 194
, 8
, 225
, 6
, 227
, 81
, 152
, 161
, 72
, 11
, 222
, 28
, 205
, 146
, 87
, 207
, 26
, 55
, 178
, 9
, 224
, 4
, 229
, 92
, 141
, 190
, 43
, 15
, 218
, 12
, 221
, 73
, 160
, 136
, 97
, 227
, 6
, 69
, 164
, 70
, 163
, 163
, 70
, 8
, 225
, 60
, 173
, 183
, 50
, 3
, 230
, 69
, 164
, 108
, 125
, 156
, 77
, 70
, 163
, 166
, 67
, 189
, 44
, 155
, 78
, 53
, 180
, 55
, 178
, 222
, 11
, 149
, 84
, 179
, 54
, 51
, 182
, 172
, 61
, 123
, 110
, 173
, 60
, 25
, 208
, 214
, 19
, 110
, 123
, 48
, 185
, 126
, 107
, 100
, 133
, 31
, 202
, 32
, 201
, 159
, 74
, 130
, 103
, 62
, 171
, 153
, 80
, 81
, 152
, 94
, 139
, 1
, 232
, 75
, 158
, 175
, 58
, 222
, 11
, 181
, 52
, 130
, 103
, 90
, 143
, 179
, 54
, 31
, 202
, 139
, 94
, 188
, 45
, 198
, 35
, 119
, 114
, 44
, 189
, 111
, 122
, 28
, 205
, 113
, 120
, 144
, 89
, 153
, 80
, 191
, 42
, 145
, 88
, 173
, 60
, 130
, 103
, 20
, 213
, 200
, 33
, 24
, 209
, 176
, 57
, 190
, 43
, 109
, 124
, 17
, 216
, 9
, 224
, 140
, 93
, 108
, 125
, 68
, 165
, 6
, 227
, 97
, 136
, 59
, 174
, 26
, 207
, 78
, 155
, 27
, 206
, 25
, 208
, 123
, 110
, 122
, 111
, 49
, 184
, 78
, 155
, 20
, 213
, 52
, 181
, 121
, 112
, 98
, 135
, 139
, 94
, 55
, 178
, 164
, 69
, 94
, 139
, 231
, 2
, 167
, 66
, 140
, 93
, 129
, 104
, 52
, 181
, 36
, 197
, 195
, 38
, 86
, 147
, 98
, 135
, 180
, 53
, 165
, 68
, 152
, 81
, 129
, 104
, 129
, 104
, 122
, 111
, 20
, 213
, 182
, 51
, 69
, 164
, 172
, 61
, 174
, 59
, 164
, 69
, 39
, 194
, 177
, 56
, 130
, 103
, 156
, 77
, 73
, 160
, 157
, 76
, 96
, 137
, 59
, 174
, 99
, 134
, 77
, 156
, 12
, 221
, 115
, 118
, 136
, 97
, 71
, 162
, 135
, 98
, 209
, 24
, 158
, 75
, 157
, 76
, 138
, 95
, 217
, 16
, 146
, 87
, 217
, 16
, 220
, 13
, 60
, 173
, 33
, 200
, 27
, 206
, 72
, 161
, 143
, 90
, 108
, 125
, 148
, 85
, 98
, 135
, 49
, 184
, 33
, 200
, 175
, 58
, 179
, 54
, 7
, 226
, 8
, 225
, 85
, 148
, 221
, 12
, 75
, 158
, 68
, 165
, 183
, 50
, 63
, 170
, 77
, 156
, 124
, 109
, 29
, 204
, 30
, 203
, 42
, 191
, 154
, 79
, 227
, 6
, 12
, 221
, 153
, 80
, 198
, 35
, 14
, 219
, 165
, 68
, 150
, 83
, 70
, 163
, 59
, 174
, 34
, 199
, 207
, 26
, 57
, 176
, 29
, 204
, 187
, 46
, 165
, 68
, 84
, 149
, 36
, 197
, 180
, 53
, 64
, 169
, 197
, 36
, 14
, 219
, 209
, 24
, 158
, 75
, 208
, 25
, 230
, 3
, 117
, 116
, 70
, 163
, 53
, 180
, 173
, 60
, 113
, 120
, 17
, 216
, 151
, 82
, 148
, 85
, 182
, 51
, 21
, 212
, 52
, 181
, 53
, 180
, 144
, 89
, 5
, 228
, 161
, 72
, 21
, 212
, 119
, 114
, 71
, 162
, 57
, 176
, 157
, 76
, 118
, 115
, 229
, 4
, 141
, 92
, 92
, 141
, 66
, 167
, 153
, 80
, 36
, 197
, 180
, 53
, 140
, 93
, 83
, 150
, 87
, 146
, 9
, 224
, 39
, 194
, 88
, 145
, 158
, 75
, 108
, 125
, 30
, 203
, 55
, 178
, 168
, 65
, 193
, 40
, 228
, 5
, 137
, 96
, 73
, 160
, 44
, 189
, 145
, 88
, 87
, 146
, 9
, 224
, 164
, 69
, 32
, 201
, 177
, 56
, 71
, 162
, 14
, 219
, 82
, 151
, 108
, 125
, 150
, 83
, 36
, 197
, 196
, 37
, 220
, 13
, 126
, 107
, 10
, 223
, 104
, 129
, 11
, 222
, 17
, 216
, 173
, 60
, 45
, 188
, 58
, 175
, 35
, 198
, 128
, 105
, 117
, 116
, 118
, 115
, 209
, 24
, 10
, 223
, 10
, 223
, 201
, 32
, 155
, 78
, 160
, 73
, 182
, 51
, 53
, 180
, 186
, 47
, 143
, 90
, 113
, 120
, 1
, 232
, 128
, 105
, 6
, 227
, 33
, 200
, 206
, 27
, 221
, 12
, 219
, 14
, 123
, 110
, 176
, 57
, 113
, 120
, 102
, 131
, 135
, 98
, 198
, 35
, 8
, 225
, 161
, 72
, 98
, 135
, 106
, 127
, 224
, 9
, 87
, 146
, 141
, 92
, 13
, 220
, 158
, 75
, 111
, 122
, 172
, 61
, 185
, 48
, 146
, 87
, 209
, 24
, 2
, 231
, 167
, 66
, 168
, 65
, 112
, 121
, 203
, 30
, 76
, 157
, 227
, 6
, 138
, 95
, 173
, 60
, 15
, 218
, 193
, 40
, 196
, 37
, 168
, 65
, 160
, 73
, 125
, 108
, 191
, 42
, 200
, 33
, 56
, 177
, 127
, 106
, 121
, 112
, 115
, 118
, 97
, 136
, 9
, 224
, 105
, 128
, 229
, 4
, 7
, 226
, 44
, 189
, 51
, 182
, 220
, 13
, 56
, 177
, 42
, 191
, 200
, 33
, 145
, 88
, 39
, 194
, 117
, 116
, 229
, 4
, 208
, 25
, 172
, 61
, 141
, 92
, 170
, 63
, 119
, 114
, 148
, 85
, 213
, 20
, 141
, 92
, 54
, 179
, 227
, 6
, 116
, 117
, 168
, 65
, 5
, 228
, 182
, 51
, 82
, 151
, 41
, 192
, 207
, 26
, 92
, 141
, 167
, 66
, 188
, 45
, 224
, 9
, 180
, 53
, 131
, 102
, 169
, 64
, 36
, 197
, 62
, 171
, 181
, 52
, 204
, 29
, 229
, 4
, 210
, 23
, 144
, 89
, 228
, 5
, 13
, 220
, 125
, 108
, 63
, 170
, 30
, 203
, 3
, 230
, 35
, 198
, 110
, 123
, 83
, 150
, 2
, 231
, 186
, 47
, 54
, 179
, 180
, 53
, 149
, 84
, 220
, 13
, 90
, 143
, 175
, 58
, 66
, 167
, 7
, 226
, 207
, 26
, 98
, 135
, 127
, 106
, 107
, 126
, 46
, 187
, 80
, 153
, 155
, 78
, 189
, 44
, 18
, 215
, 16
, 217
, 19
, 214
, 224
, 9
, 14
, 219
, 197
, 36
, 55
, 178
, 179
, 54
, 61
, 172
, 151
, 82
, 9
, 224
, 157
, 76
, 60
, 173
, 212
, 21
, 195
, 38
, 209
, 24
, 207
, 26
, 104
, 129
, 65
, 168
, 59
, 174
, 175
, 58
, 31
, 202
, 14
, 219
, 175
, 58
, 221
, 12
, 34
, 199
, 30
, 203
, 191
, 42
, 160
, 73
, 231
, 2
, 32
, 201
, 44
, 189
, 97
, 136
, 162
, 71
, 80
, 153
, 160
, 73
, 154
, 79
, 207
, 26
, 22
, 211
, 157
, 76
, 10
, 223
, 73
, 160
, 106
, 127
, 177
, 56
, 70
, 163
, 160
, 73
, 40
, 193
, 48
, 185
, 161
, 72
, 198
, 35
, 39
, 194
, 190
, 43
, 46
, 187
, 226
, 7
, 158
, 75
, 170
, 63
, 187
, 46
, 153
, 80
, 70
, 163
, 197
, 36
, 119
, 114
, 120
, 113
, 130
, 103
, 51
, 182
, 137
, 96
, 64
, 169
, 165
, 68
, 176
, 57
, 128
, 105
, 126
, 107
, 59
, 174
, 217
, 16
, 182
, 51
, 84
, 149
, 162
, 71
, 113
, 120
, 183
, 50
, 15
, 218
, 91
, 142
, 137
, 96
, 98
, 135
, 206
, 27
, 27
, 206
, 131
, 102
, 8
, 225
, 138
, 95
, 28
, 205
, 172
, 61
, 22
, 211
, 87
, 146
, 7
, 226
, 207
, 26
, 116
, 117
, 94
, 139
, 55
, 178
, 104
, 129
, 139
, 94
, 149
, 84
, 220
, 13
, 31
, 202
, 143
, 90
, 192
, 41
, 84
, 149
, 83
, 150
, 209
, 24
, 138
, 95
, 67
, 166
, 160
, 73
, 163
, 70
, 222
, 11
, 214
, 19
, 221
, 12
, 184
, 49
, 140
, 93
, 85
, 148
, 176
, 57
, 180
, 53
, 231
, 2
, 192
, 41
, 55
, 178
, 200
, 33
, 135
, 98
, 62
, 171
, 221
, 12
, 119
, 114
, 160
, 73
, 15
, 218
, 40
, 193
, 207
, 26
, 166
, 67
, 98
, 135
, 21
, 212
, 155
, 78
, 141
, 92
, 165
, 68
, 204
, 29
, 107
, 126
, 205
, 28
, 39
, 194
, 2
, 231
, 123
, 110
, 33
, 200
, 87
, 146
, 161
, 72
, 220
, 13
, 112
, 121
, 3
, 230
, 224
, 9
, 193
, 40
, 2
, 231
, 39
, 194
, 161
, 72
, 186
, 47
, 162
, 71
, 147
, 86
, 148
, 85
, 57
, 176
, 210
, 23
, 230
, 3
, 128
, 105
, 224
, 9
, 48
, 185
, 207
, 26
, 90
, 143
, 174
, 59
, 66
, 167
, 105
, 128
, 44
, 189
, 148
, 85
, 36
, 197
, 33
, 200
, 141
, 92
, 67
, 166
, 137
, 96
, 227
, 6
, 181
, 52
, 164
, 69
, 228
, 5
, 90
, 143
, 114
, 119
, 195
, 38
, 8
, 225
, 27
, 206
, 105
, 128
, 224
, 9
, 220
, 13
, 114
, 119
, 55
, 178
, 113
, 120
, 206
, 27
, 176
, 57
, 78
, 155
, 152
, 81
, 176
, 57
, 76
, 157
, 32
, 201
, 161
, 72
, 3
, 230
, 191
, 42
, 111
, 122
, 1
, 232
, 62
, 171
, 127
, 106
, 126
, 107
, 117
, 116
, 59
, 174
, 36
, 197
, 184
, 49
, 43
, 190
, 31
, 202
, 10
, 223
, 70
, 163
, 81
, 152
, 226
, 7
, 163
, 70
, 56
, 177
, 208
, 25
, 161
, 72
, 104
, 129
, 5
, 228
, 163
, 70
, 55
, 178
, 29
, 204
, 187
, 46
, 52
, 181
, 110
, 123
, 78
, 155
, 161
, 72
, 156
, 77
, 87
, 146
, 84
, 149
, 216
, 17
, 137
, 96
, 94
, 139
, 96
, 137
, 19
, 214
, 224
, 9
, 162
, 71
, 126
, 107
, 64
, 169
, 102
, 131
, 36
, 197
, 95
, 138
, 195
, 38
, 104
, 129
, 74
, 159
, 88
, 145
, 171
, 62
, 213
, 20
, 203
, 30
, 191
, 42
, 132
, 101
, 77
, 156
, 182
, 51
, 219
, 14
, 159
, 74
, 19
, 214
, 114
, 119
, 37
, 196
, 8
, 225
, 10
, 223
, 153
, 80
, 14
, 219
, 77
, 156
, 197
, 36
, 181
, 52
, 100
, 133
, 95
, 138
, 21
, 212
, 54
, 179
, 161
, 72
, 218
, 15
, 166
, 67
, 158
, 75
, 42
, 191
, 195
, 38
, 20
, 213
, 92
, 141
, 216
, 17
, 19
, 214
, 192
, 41
, 150
, 83
, 40
, 193
, 49
, 184
, 188
, 45
, 40
, 193
, 143
, 90
, 133
, 100
, 194
, 39
, 165
, 68
, 228
, 5
, 89
, 144
, 71
, 162
, 117
, 116
, 195
, 38
, 44
, 189
, 100
, 133
, 72
, 161
, 166
, 67
, 225
, 8
, 73
, 160
, 144
, 89
, 48
, 185
, 112
, 121
, 69
, 164
, 163
, 70
, 198
, 35
, 82
, 151
, 216
, 17
, 19
, 214
, 73
, 160
, 114
, 119
, 15
, 218
, 163
, 70
, 32
, 201
, 209
, 24
, 38
, 195
, 144
, 89
, 188
, 45
, 93
, 140
, 210
, 23
, 212
, 21
, 141
, 92
, 105
, 128
, 151
, 82
, 187
, 46
, 213
, 20
, 61
, 172
, 12
, 221
, 208
, 25
, 38
, 195
, 222
, 11
, 163
, 70
, 186
, 47
, 146
, 87
, 58
, 175
, 15
, 218
, 68
, 165
, 39
, 194
, 127
, 106
, 228
, 5
, 178
, 55
, 55
, 178
, 146
, 87
, 224
, 9
, 112
, 121
, 230
, 3
, 89
, 144
, 65
, 168
, 50
, 183
, 170
, 63
, 225
, 8
, 186
, 47
, 114
, 119
, 23
, 210
, 48
, 185
, 198
, 35
, 98
, 135
, 87
, 146
, 87
, 146
, 213
, 20
, 20
, 213
, 100
, 133
, 169
, 64
, 167
, 66
, 49
, 184
, 183
, 50
, 173
, 60
, 221
, 12
, 169
, 64
, 214
, 19
, 98
, 135
, 116
, 117
, 92
, 141
, 177
, 56
, 138
, 95
, 187
, 46
, 56
, 177
, 23
, 210
, 107
, 126
, 225
, 8
, 57
, 176
, 176
, 57
, 51
, 182
, 26
, 207
, 77
, 156
, 38
, 195
, 98
, 135
, 50
, 183
, 201
, 32
, 48
, 185
, 95
, 138
, 160
, 73
, 169
, 64
, 98
, 135
, 20
, 213
, 26
, 207
, 219
, 14
, 76
, 157
, 117
, 116
, 114
, 119
, 133
, 100
, 104
, 129
, 13
, 220
, 134
, 99
, 60
, 173
, 94
, 139
, 201
, 32
, 203
, 30
, 162
, 71
, 87
, 146
, 18
, 215
, 194
, 39
, 123
, 110
, 10
, 223
, 83
, 150
, 110
, 123
, 59
, 174
, 41
, 192
, 99
, 134
, 180
, 53
, 57
, 176
, 99
, 134
, 198
, 35
, 150
, 83
, 195
, 38
, 31
, 202
, 16
, 217
, 51
, 182
, 182
, 51
, 127
, 106
, 127
, 106
, 38
, 195
, 64
, 169
, 227
, 6
, 203
, 30
, 5
, 228
, 16
, 217
, 185
, 48
, 102
, 131
, 189
, 44
, 100
, 133
, 92
, 141
, 141
, 92
, 56
, 177
, 121
, 112
, 23
, 210
, 150
, 83
, 50
, 183
, 175
, 58
, 138
, 95
, 29
, 204
, 187
, 46
, 222
, 11
, 88
, 145
, 47
, 186
, 67
, 166
, 123
, 110
, 155
, 78
, 82
, 151
, 57
, 176
, 96
, 137
, 85
, 148
, 165
, 68
, 219
, 14
, 223
, 10
, 91
, 142
, 120
, 113
, 156
, 77
, 225
, 8
, 125
, 108
, 21
, 212
, 92
, 141
, 8
, 225
, 159
, 74
, 25
, 208
, 157
, 76
, 4
, 229
, 108
, 125
, 67
, 166
, 39
, 194
, 14
, 219
, 151
, 82
, 36
, 197
, 227
, 6
, 181
, 52
, 135
, 98
, 83
, 150
, 148
, 85
, 128
, 105
, 229
, 4
, 148
, 85
, 64
, 169
, 73
, 160
, 147
, 86
, 45
, 188
, 163
, 70
, 142
, 91
, 79
, 154
, 12
, 221
, 93
, 140
, 35
, 198
, 204
, 29
, 186
, 47
, 133
, 100
, 144
, 89
, 127
, 106
, 151
, 82
, 173
, 60
, 97
, 136
, 103
, 130
, 133
, 100
, 147
, 86
, 177
, 56
, 39
, 194
, 121
, 112
, 2
, 231
, 33
, 200
, 38
, 195
, 52
, 181
, 149
, 84
, 52
, 181
, 221
, 12
, 36
, 197
, 181
, 52
, 198
, 35
, 138
, 95
, 184
, 49
, 139
, 94
, 155
, 78
, 221
, 12
, 70
, 163
, 13
, 220
, 163
, 70
, 22
, 211
, 203
, 30
, 107
, 126
, 175
, 58
, 61
, 172
, 51
, 182
, 159
, 74
, 129
, 104
, 73
, 160
, 91
, 142
, 109
, 124
, 51
, 182
, 56
, 177
, 96
, 137
, 177
, 56
, 8
, 225
, 118
, 115
, 156
, 77
, 68
, 165
, 10
, 223
, 117
, 116
, 157
, 76
, 79
, 154
, 82
, 151
, 211
, 22
, 31
, 202
, 157
, 76
, 56
, 177
, 204
, 29
, 184
, 49
, 158
, 75
, 26
, 207
, 28
, 205
, 31
, 202
, 227
, 6
, 150
, 83
, 81
, 152
, 97
, 136
, 186
, 47
, 35
, 198
, 81
, 152
, 146
, 87
, 197
, 36
, 150
, 83
, 176
, 57
, 228
, 5
, 150
, 83
, 83
, 150
, 8
, 225
, 8
, 225
, 166
, 67
, 145
, 88
, 156
, 77
, 186
, 47
, 88
, 145
, 47
, 186
, 64
, 169
, 135
, 98
, 152
, 81
, 61
, 172
, 165
, 68
, 79
, 154
, 67
, 166
, 83
, 150
, 202
, 31
, 159
, 74
, 149
, 84
, 62
, 171
, 197
, 36
, 153
, 80
, 80
, 153
, 135
, 98
, 41
, 192
, 203
, 30
, 194
, 39
, 27
, 206
, 147
, 86
, 52
, 181
, 173
, 60
, 150
, 83
, 42
, 191
, 226
, 7
, 214
, 19
, 109
, 124
, 66
, 167
, 107
, 126
, 77
, 156
, 7
, 226
, 212
, 21
, 137
, 96
, 49
, 184
, 173
, 60
, 108
, 125
, 52
, 181
, 131
, 102
, 156
, 77
, 196
, 37
, 59
, 174
, 220
, 13
, 16
, 217
, 10
, 223
, 167
, 66
, 64
, 169
, 14
, 219
, 148
, 85
, 119
, 114
, 98
, 135
, 120
, 113
, 162
, 71
, 114
, 119
, 65
, 168
, 62
, 171
, 230
, 3
, 173
, 60
, 165
, 68
, 201
, 32
, 187
, 46
, 75
, 158
, 213
, 20
, 83
, 150
, 33
, 200
, 47
, 186
, 198
, 35
, 153
, 80
, 124
, 109
, 179
, 54
, 198
, 35
, 119
, 114
, 1
, 232
, 152
, 81
, 66
, 167
, 49
, 184
, 126
, 107
, 1
, 232
, 204
, 29
, 182
, 51
, 80
, 153
, 141
, 92
, 93
, 140
, 27
, 206
, 135
, 98
, 105
, 128
, 118
, 115
, 14
, 219
, 65
, 168
, 61
, 172
, 196
, 37
, 69
, 164
, 22
, 211
, 129
, 104
, 135
, 98
, 119
, 114
, 166
, 67
, 49
, 184
, 34
, 199
, 227
, 6
, 34
, 199
, 39
, 194
, 80
, 153
, 195
, 38
, 112
, 121
, 231
, 2
, 161
, 72
, 188
, 45
, 127
, 106
, 46
, 187
, 2
, 231
