
9944
257
786
557
662
439
389
350
246
580
271
667
243
788
685
519
450
546
532
928
686
309
683
284
149
648
643
573
544
196
738
467
436
427
598
834
227
578
287
290
548
847
971
126
785
970
601
553
858
412
320
932
629
638
555
849
877
702
529
138
115
397
878
458
934
271
735
496
321
265
841
477
947
773
414
776
427
691
450
203
645
335
415
758
690
265
999
851
758
126
493
705
158
384
294
675
872
547
984
117
980
320
204
697
181
298
867
552
592
815
691
635
890
798
115
435
797
882
453
288
122
322
775
680
646
146
633
235
382
640
162
324
450
353
425
555
458
645
703
558
386
658
388
527
503
768
882
817
972
621
256
809
858
441
616
176
361
677
809
642
967
835
179
434
570
267
382
429
853
415
979
824
110
767
101
178
420
870
896
475
793
508
568
884
486
705
428
685
533
821
487
255
881
369
571
706
608
985
696
823
526
978
862
142
272
237
246
626
636
909
460
561
165
529
166
579
263
636
895
124
437
115
158
399
347
260
292
252
274
252
851
615
685
459
153
405
264
555
691
312
193
825
702
315
651
356
222
460
646
593
858
989
105
127
374
122
564
743
761
242
386
895
456
738
205
796
724
944
937
475
581
624
360
935
602
734
124
226
992
885
971
461
961
856
665
480
558
103
234
511
290
506
321
717
329
793
421
594
738
149
937
795
546
634
551
384
473
227
120
525
321
640
502
714
785
423
546
922
621
212
657
897
434
333
787
463
672
466
365
223
521
889
537
487
127
505
563
839
689
378
705
601
663
444
453
190
466
651
958
701
163
163
159
952
778
175
267
196
680
858
974
283
614
336
959
682
795
959
855
635
389
643
913
214
106
321
312
567
447
244
422
265
390
569
951
838
810
834
356
868
470
722
507
773
175
504
430
432
888
246
841
782
598
607
758
481
350
795
298
353
716
450
908
673
489
551
376
537
497
259
253
194
925
647
387
737
408
679
341
421
509
411
155
647
514
695
874
721
709
249
336
184
133
130
871
416
422
356
634
916
632
372
707
867
667
209
442
519
959
157
990
269
232
839
859
994
656
174
992
337
909
309
141
952
871
602
536
167
901
501
938
229
320
269
770
371
984
1000
562
595
594
143
310
946
973
811
944
101
257
714
662
346
617
231
806
114
543
754
773
846
751
476
885
336
181
866
570
368
791
616
738
994
602
895
476
380
783
466
986
298
491
292
711
664
864
720
664
510
890
160
416
501
447
402
459
954
534
457
554
722
326
388
888
935
647
820
830
801
709
465
984
254
471
684
108
619
467
801
972
653
120
167
112
199
284
259
353
711
648
652
411
646
639
873
505
684
266
841
924
372
522
937
952
310
790
385
604
929
668
219
713
150
423
543
346
718
896
581
609
276
416
651
712
618
889
203
539
337
605
207
273
822
995
255
160
646
714
474
702
508
559
431
793
774
532
655
555
501
509
820
515
188
774
365
741
947
488
496
810
248
727
169
897
478
944
547
449
167
437
275
881
479
253
260
438
164
482
505
648
648
407
435
472
732
922
732
262
801
671
219
116
736
865
737
630
609
835
275
884
711
944
222
691
244
587
622
560
105
287
740
252
982
458
679
537
622
978
845
576
841
498
448
909
671
544
973
359
559
670
167
646
534
651
334
937
431
296
647
644
692
509
907
837
878
366
402
256
470
435
575
562
465
512
731
717
382
929
778
252
601
825
317
488
755
274
999
168
168
932
208
425
346
723
960
741
886
568
601
450
239
585
978
705
594
989
281
200
923
488
787
573
676
244
772
113
569
539
380
210
764
278
229
470
119
899
615
964
553
398
622
266
260
248
946
371
557
507
669
135
650
697
924
742
196
439
889
968
545
503
109
336
900
810
514
185
957
523
277
867
900
725
762
894
601
395
989
630
952
225
472
708
547
172
747
508
306
403
968
342
312
895
418
326
173
516
399
363
459
272
673
880
518
924
334
684
327
354
834
233
112
189
906
341
303
737
554
133
436
470
182
649
373
496
553
278
322
758
664
725
196
543
625
165
916
511
941
868
971
912
614
697
419
184
609
144
817
849
655
662
571
465
568
388
916
840
222
500
512
683
122
293
851
621
593
286
133
446
397
202
301
535
633
483
914
260
715
132
659
533
832
615
995
902
664
564
431
326
819
997
445
439
526
897
670
417
137
986
781
720
626
438
487
116
136
389
528
601
366
705
171
277
146
495
775
517
485
601
337
438
138
197
671
955
273
290
625
562
753
262
627
249
547
679
460
578
879
493
220
791
679
128
149
576
829
451
949
187
601
760
172
908
446
623
769
964
290
635
472
256
875
527
505
243
195
318
697
824
709
657
384
430
149
624
896
416
856
416
267
938
873
640
446
231
862
722
379
929
819
184
142
670
902
879
141
109
675
158
201
238
1000
186
366
147
993
142
235
984
197
386
537
160
139
387
606
267
742
254
213
674
133
637
640
847
842
668
163
665
570
722
778
235
137
978
203
881
380
791
242
134
119
848
596
565
837
507
143
748
823
300
375
940
120
517
678
282
363
792
174
166
717
380
464
773
960
832
548
944
350
475
671
198
358
608
898
212
829
579
883
242
753
337
102
631
446
231
231
335
119
472
353
665
500
851
858
901
380
831
326
619
928
559
531
557
522
826
527
444
481
741
549
315
580
934
849
755
822
694
778
834
681
776
459
486
501
915
588
919
488
539
783
149
983
549
444
535
335
545
614
836
870
942
572
633
333
996
320
382
179
937
247
454
210
838
311
816
144
214
956
418
821
316
112
477
445
943
207
335
221
792
161
995
434
380
152
764
920
211
554
619
419
782
964
287
262
969
534
541
909
188
884
124
116
116
538
843
178
826
430
692
506
585
669
684
833
209
619
582
633
751
571
353
497
245
744
250
992
834
602
356
840
150
342
770
711
302
533
275
285
208
675
847
927
665
690
523
359
151
474
397
459
473
994
835
159
787
279
261
332
245
362
355
187
780
968
612
433
633
586
734
857
422
336
636
218
326
184
103
226
225
127
592
158
888
952
913
662
293
878
372
817
328
495
826
968
724
154
564
948
334
803
141
675
812
473
754
296
156
817
217
536
971
894
167
575
384
786
396
317
822
754
202
544
325
173
937
285
525
381
960
330
525
655
789
565
839
909
956
671
431
657
666
218
960
740
212
911
124
674
807
719
421
558
775
698
995
693
279
835
234
611
406
323
724
176
623
287
363
483
360
925
782
158
630
717
766
150
725
709
594
171
996
961
553
490
405
714
594
513
170
861
883
531
322
793
554
973
415
873
121
258
569
544
702
796
518
787
708
529
892
315
524
801
850
314
800
287
855
902
211
236
209
777
985
891
496
846
1000
845
848
766
192
209
971
342
548
472
361
679
313
394
470
331
206
399
428
465
979
713
562
715
683
793
126
310
597
546
766
838
958
487
287
264
318
320
144
289
362
114
772
230
151
923
728
788
663
632
346
791
147
153
168
124
770
177
847
720
719
480
578
973
873
424
576
359
541
774
996
148
572
251
327
182
679
776
324
112
812
771
423
429
392
241
981
881
996
550
614
220
296
582
498
518
425
367
584
108
188
327
808
480
815
391
359
292
481
735
578
234
808
451
365
945
330
626
626
295
302
771
670
928
467
331
114
144
281
692
345
610
911
138
662
644
568
532
364
209
370
748
767
381
439
239
779
972
835
166
505
262
623
277
787
850
484
651
515
577
628
214
813
592
576
762
299
468
748
866
282
316
411
573
714
427
952
308
469
152
756
823
627
416
719
340
268
490
487
285
811
664
934
446
390
610
550
444
884
658
973
225
826
823
113
271
213
480
134
250
685
754
332
722
419
967
313
824
563
462
577
418
126
133
255
904
445
674
212
310
835
362
946
878
449
285
863
727
697
173
196
347
609
202
351
464
918
836
987
535
301
192
476
735
538
546
828
958
185
541
834
758
409
881
777
807
796
370
957
824
323
495
284
727
244
428
301
602
412
815
794
609
469
853
271
558
103
576
233
714
100
505
680
893
923
384
266
552
259
342
283
905
958
652
399
154
782
516
300
872
493
436
359
116
749
299
434
766
790
608
613
472
264
992
631
561
425
485
303
447
505
762
666
962
674
214
381
790
172
894
993
911
713
606
850
431
474
258
880
356
269
556
981
573
247
729
246
183
881
965
963
430
112
657
500
255
464
679
693
258
941
567
342
918
826
462
368
519
826
182
491
868
135
587
525
424
867
578
743
793
861
423
538
737
936
891
340
124
330
328
413
357
920
195
647
218
578
997
194
360
528
226
933
627
527
190
972
971
333
138
999
601
507
318
697
257
347
666
873
646
960
338
791
576
646
473
731
177
754
728
189
169
650
631
630
754
135
530
865
624
108
909
225
978
746
983
414
972
455
647
727
381
296
811
660
389
435
684
210
909
285
350
864
649
122
511
715
321
202
240
827
474
638
645
875
902
615
723
382
998
873
379
294
406
184
272
406
402
482
305
320
517
710
387
128
531
395
170
424
433
459
277
407
583
548
556
889
549
383
166
225
254
458
819
543
803
894
393
297
778
444
539
294
550
891
131
975
243
697
930
914
258
390
622
888
611
373
214
467
697
962
265
410
213
558
814
124
602
723
311
855
847
562
790
313
530
520
485
893
870
476
782
392
123
547
200
345
969
187
600
1000
707
252
929
940
371
173
482
469
816
955
498
431
267
773
138
408
706
306
347
568
299
712
590
896
516
942
337
576
349
830
573
697
864
245
366
316
731
599
746
382
267
267
983
379
870
887
570
773
542
265
648
217
975
145
816
556
943
828
370
273
213
561
426
756
582
360
454
124
125
836
656
876
722
482
821
366
918
576
461
831
830
112
134
826
310
388
153
164
179
908
185
136
905
923
417
616
685
157
504
834
790
172
613
214
601
975
488
174
869
777
387
416
724
844
638
524
314
467
854
102
500
333
551
567
235
974
926
122
728
998
567
349
122
829
421
958
620
934
361
961
935
990
758
990
454
587
215
121
970
364
467
401
640
323
225
805
550
961
520
531
888
763
687
725
615
495
798
220
820
817
783
529
125
637
655
422
989
351
919
967
989
923
851
945
393
588
805
735
215
134
534
107
156
432
452
537
677
868
168
291
534
321
240
352
742
582
834
878
771
763
948
569
718
259
784
256
932
402
683
767
982
539
328
342
528
756
171
410
666
737
863
554
285
185
385
203
534
420
455
855
399
954
229
143
774
810
843
935
411
380
550
126
162
144
663
440
497
268
482
281
912
798
678
294
521
977
445
816
507
683
406
259
306
825
394
834
393
536
399
552
244
290
612
981
858
974
367
360
600
662
948
221
163
855
484
130
709
604
912
651
380
243
636
440
628
256
362
915
832
437
378
537
539
512
656
391
733
324
429
660
117
487
600
186
320
576
693
135
146
181
976
888
913
514
421
471
595
836
150
555
503
649
847
407
213
735
260
197
714
832
363
756
936
797
839
502
904
794
315
350
487
651
721
966
509
225
610
803
539
951
723
430
309
276
345
668
810
364
558
856
289
680
312
479
711
240
410
984
478
508
752
589
757
382
125
345
952
728
382
334
694
131
413
996
428
971
545
919
596
130
153
396
867
754
125
705
408
612
736
139
763
523
472
580
876
699
438
466
659
151
492
760
206
973
643
665
142
604
975
393
852
500
947
263
455
727
430
489
840
631
392
750
989
309
999
973
574
422
699
698
307
879
614
688
131
960
716
147
966
679
125
246
276
779
562
468
434
319
113
179
689
737
159
752
474
276
396
196
157
597
477
843
374
371
109
470
315
651
733
932
936
925
762
285
183
879
676
544
256
817
495
580
575
539
674
991
450
917
327
275
582
657
947
546
675
264
413
221
608
685
505
109
847
918
414
850
569
780
727
665
384
691
140
877
612
687
775
808
646
185
437
960
718
824
592
523
112
453
671
969
638
690
733
967
993
132
630
709
729
373
588
153
536
261
609
711
596
909
776
917
433
666
913
862
264
970
947
193
820
110
400
521
955
615
442
347
946
831
923
500
804
370
266
310
293
356
897
831
361
975
866
155
896
667
707
329
779
339
290
668
375
834
613
853
618
236
414
791
585
450
350
166
614
339
401
561
410
488
991
287
145
708
668
871
408
499
515
391
824
790
308
676
579
999
442
789
578
905
568
582
978
615
639
940
741
588
854
696
815
625
983
948
736
953
395
150
424
871
489
451
612
481
170
689
341
112
156
357
967
106
712
105
501
208
976
519
213
935
556
940
241
943
480
557
705
300
809
406
498
521
877
485
795
820
447
878
811
792
684
493
645
311
112
865
213
540
940
931
840
807
364
583
816
663
280
844
673
920
817
139
909
728
273
578
764
759
810
211
655
687
198
877
557
717
497
632
815
134
929
383
247
410
527
145
959
661
413
557
944
384
906
596
371
205
464
109
450
262
180
451
888
329
144
990
193
673
135
853
513
382
435
800
561
914
719
994
576
858
381
983
789
252
284
792
569
274
796
468
183
785
938
123
856
999
183
514
508
347
540
327
444
511
561
688
919
320
138
690
725
929
663
491
914
923
958
748
748
688
260
897
713
901
851
841
804
209
178
367
213
243
993
581
727
469
120
974
772
832
890
615
951
859
369
249
931
625
485
384
140
814
666
642
445
246
439
245
761
245
192
600
958
852
613
885
613
740
185
225
145
264
887
888
814
983
303
798
501
487
408
331
919
343
537
250
817
648
638
882
308
413
324
321
213
590
925
989
361
456
519
357
387
197
671
374
900
412
996
990
869
976
451
916
823
908
668
476
172
855
924
812
701
695
704
797
134
275
310
985
132
979
327
470
826
262
539
324
331
506
547
191
587
606
442
710
237
942
307
585
307
579
405
159
209
964
858
864
351
492
262
500
621
303
169
327
731
345
317
515
902
787
176
364
444
393
878
519
811
601
533
592
584
856
393
155
185
563
392
156
649
571
217
811
872
904
391
767
881
851
485
881
402
113
246
382
759
812
166
210
288
284
957
927
484
648
785
716
554
915
780
971
427
322
920
667
162
133
557
847
965
862
188
510
125
940
555
760
784
586
466
910
440
425
295
361
728
312
614
322
890
784
844
373
735
632
553
806
684
117
806
204
682
210
233
836
959
755
202
179
978
719
161
482
818
855
622
135
980
666
969
129
499
678
359
830
187
645
133
474
798
594
598
181
548
629
787
383
342
550
491
766
288
502
722
450
388
173
487
125
611
953
992
160
612
971
701
264
117
690
844
211
855
202
103
304
481
196
897
533
516
532
957
506
751
629
848
758
326
566
472
698
155
470
693
964
775
630
658
495
770
627
159
829
105
404
199
688
458
823
577
121
733
914
845
510
851
838
263
245
257
660
622
785
317
174
641
668
693
227
862
583
912
150
149
748
538
568
540
527
488
782
932
482
474
206
754
504
536
271
663
157
824
489
586
292
214
667
149
475
474
273
739
457
416
115
579
856
836
749
248
424
836
687
964
623
674
136
896
405
126
616
694
930
680
772
264
300
100
120
292
518
164
626
496
970
266
796
385
826
406
917
896
980
877
551
306
476
312
610
111
885
389
143
938
662
299
659
786
220
676
244
174
301
597
915
667
849
661
157
778
398
487
988
965
165
827
750
909
199
509
914
396
823
900
367
843
886
765
294
287
499
551
133
750
109
483
466
683
190
471
511
152
312
780
708
892
612
640
571
284
757
806
607
664
610
554
629
931
103
497
296
767
406
441
377
634
267
343
997
315
573
589
422
846
190
887
901
529
243
690
525
924
116
147
504
861
381
208
903
564
726
190
347
436
936
125
619
176
322
362
605
529
501
896
697
354
823
929
224
285
709
171
890
995
441
940
557
433
468
202
781
556
779
226
244
731
240
472
828
805
825
225
845
217
535
288
163
702
184
267
361
924
164
330
694
311
324
445
247
150
947
887
160
957
338
943
454
310
195
476
416
897
835
674
375
651
210
501
344
790
818
719
634
460
137
403
575
458
777
136
978
331
987
628
621
969
888
450
701
767
360
885
292
942
902
489
466
912
936
768
263
522
950
732
768
128
178
825
841
653
580
761
900
209
987
190
480
458
874
111
491
386
880
668
336
407
976
666
465
367
837
892
788
474
332
631
481
927
791
484
787
621
818
643
440
941
778
406
188
862
237
615
489
998
286
211
846
399
701
443
564
523
660
307
221
788
518
784
525
200
515
372
163
473
191
134
543
980
469
456
896
195
805
707
760
677
100
630
327
839
943
514
890
754
694
983
364
575
817
631
290
844
860
719
547
399
462
469
437
661
264
700
217
326
102
808
148
731
458
194
188
206
919
688
192
259
173
200
266
718
910
278
474
415
479
102
143
830
504
269
405
571
496
686
895
975
401
575
541
761
259
254
250
594
543
170
917
372
596
898
771
629
975
850
872
454
715
415
913
845
763
535
571
472
581
803
311
877
258
432
844
567
274
778
487
738
528
227
172
414
502
827
719
988
126
460
857
685
404
583
230
498
233
322
801
551
507
725
926
298
701
749
773
240
511
850
346
572
796
633
693
280
392
261
539
995
270
673
101
655
698
602
827
546
999
127
748
932
166
871
928
199
140
765
333
985
331
453
299
958
825
989
399
719
917
574
279
344
700
596
280
591
362
348
496
321
401
479
825
957
298
310
539
595
833
506
419
573
604
689
508
906
456
324
478
326
953
976
863
344
232
961
450
372
933
453
966
567
719
803
958
162
500
827
562
381
903
145
750
727
866
851
967
673
341
231
253
678
102
470
119
426
392
867
748
427
521
362
822
860
104
734
363
384
767
864
871
383
645
572
968
965
864
373
952
967
175
639
307
487
927
658
290
810
262
586
358
695
156
529
257
362
995
759
492
648
876
137
966
731
764
288
131
690
850
831
771
604
331
799
590
444
635
617
830
398
308
508
649
510
739
636
425
782
170
222
871
450
137
194
354
105
887
516
623
587
724
243
396
733
606
541
239
192
558
606
433
487
221
881
801
122
439
225
533
513
559
116
222
267
115
544
534
631
861
475
938
897
639
698
591
975
966
331
409
557
973
747
332
953
763
694
870
745
108
228
849
890
560
338
355
628
357
756
141
345
389
511
865
571
605
244
933
892
743
105
647
277
569
961
127
135
816
315
360
633
309
767
369
146
942
324
606
838
885
660
378
461
757
673
915
514
319
573
458
140
656
413
683
528
384
465
209
443
288
236
198
490
825
760
970
395
797
772
290
989
785
574
420
711
264
277
899
322
120
370
688
311
369
111
953
185
259
237
824
419
501
848
333
809
213
942
909
732
784
842
663
626
444
969
885
379
508
725
906
823
876
531
559
553
543
351
417
496
575
576
101
318
383
550
974
357
507
864
250
452
131
129
578
701
521
355
293
406
936
413
458
405
372
884
399
823
623
791
354
488
138
868
530
975
521
840
745
1000
439
512
216
180
307
134
790
696
168
632
632
369
747
531
628
621
520
532
730
559
887
589
347
639
512
701
468
702
582
288
745
473
810
459
103
833
203
876
939
650
589
293
164
591
710
326
686
696
522
251
524
248
771
528
971
372
668
170
278
671
227
255
695
924
631
272
161
909
736
531
957
629
480
263
330
737
747
877
902
733
485
844
232
157
471
584
953
544
308
266
542
701
565
735
805
304
945
205
538
419
555
870
476
377
298
385
877
432
905
321
436
529
834
351
162
474
452
616
345
901
979
772
113
383
374
415
107
319
144
284
751
285
695
733
474
564
777
752
895
170
783
344
252
764
291
950
686
245
712
331
147
967
456
957
775
266
326
424
853
114
976
841
418
143
127
954
231
962
657
732
167
330
425
806
569
612
242
143
666
801
303
319
798
818
238
636
960
138
792
943
702
953
925
601
925
679
902
956
606
171
172
274
972
442
185
473
871
358
290
300
527
411
140
166
848
615
520
623
907
475
749
802
162
266
106
732
753
184
540
584
234
646
150
697
184
605
151
220
712
556
540
996
490
530
458
912
510
493
618
723
615
526
653
355
743
322
911
501
618
254
948
909
714
849
256
839
712
172
557
971
860
688
656
993
984
898
966
387
918
953
414
182
454
597
977
462
912
226
118
699
501
394
180
571
392
596
451
557
654
865
622
604
760
358
486
712
184
910
303
972
410
171
158
560
823
625
549
336
292
343
241
816
535
735
136
753
795
104
818
654
491
763
523
791
783
180
894
242
815
499
334
280
801
724
232
436
944
645
706
320
717
253
749
378
658
561
869
883
525
912
122
714
704
675
100
510
420
400
557
410
808
419
487
847
513
338
980
230
579
518
194
389
317
628
947
699
282
506
565
131
516
190
242
909
273
604
463
333
138
557
595
663
755
455
127
963
413
616
791
872
455
513
147
101
443
736
526
469
980
901
846
265
613
419
137
295
499
867
819
418
341
223
146
594
797
238
104
962
496
105
607
436
309
949
429
664
837
921
426
533
407
668
954
502
309
225
259
583
427
811
829
839
326
627
770
363
580
314
197
471
907
126
625
931
119
274
502
522
919
833
484
938
558
468
911
256
301
171
881
490
991
143
151
992
395
562
757
166
961
742
925
564
730
590
696
528
482
646
325
255
104
137
953
774
546
941
233
147
101
362
150
247
100
972
751
318
809
834
127
707
306
681
517
388
516
145
934
693
142
436
913
990
524
818
766
787
353
205
422
205
505
733
332
438
810
467
347
144
329
923
148
105
698
172
827
842
175
911
288
230
222
178
385
865
700
122
428
187
376
801
340
549
443
952
872
467
352
898
811
617
544
122
558
224
312
437
667
538
253
114
687
505
768
468
187
386
296
115
896
701
809
650
622
857
517
607
431
597
860
518
352
957
869
147
698
840
386
118
652
805
859
392
529
291
606
347
697
397
229
139
514
451
849
688
803
826
356
135
985
108
537
554
434
345
676
349
346
655
692
303
130
347
174
160
425
117
110
416
884
648
664
962
621
957
817
671
447
531
495
504
328
119
546
951
615
835
199
386
703
408
652
778
946
711
297
417
677
453
304
348
906
387
377
235
689
290
845
531
572
203
858
757
972
976
681
718
741
233
805
573
130
769
442
367
630
876
798
887
150
949
610
353
996
331
366
798
781
818
274
849
841
312
882
714
713
443
734
829
907
363
264
690
127
455
428
507
681
990
692
618
656
859
966
436
302
401
415
291
883
121
135
632
219
221
567
345
734
188
354
324
182
178
614
410
154
108
428
985
485
299
378
197
548
340
328
153
809
240
495
216
461
320
511
213
811
681
534
361
947
235
396
906
905
748
819
669
679
700
349
795
313
228
526
237
183
853
761
613
884
986
338
126
579
286
741
255
713
795
875
523
125
700
101
565
334
766
307
191
883
976
590
434
607
878
557
438
554
763
975
639
270
937
224
327
873
921
267
329
537
429
726
439
408
204
397
657
376
347
489
732
597
425
100
877
993
590
718
438
357
208
581
288
735
289
851
588
837
516
881
648
125
596
813
619
397
893
696
805
301
562
900
230
957
907
850
398
186
393
347
454
509
359
153
170
923
414
345
414
803
778
846
870
379
935
106
430
952
540
841
421
189
858
419
409
679
470
113
244
811
652
681
196
189
900
794
662
128
658
557
635
666
334
429
882
223
136
451
628
766
785
167
241
551
904
982
456
700
166
272
529
345
981
567
165
110
223
191
822
361
328
167
766
377
244
776
778
825
576
892
652
797
550
123
390
351
720
402
529
390
761
504
380
816
763
274
899
374
458
955
348
927
407
329
777
709
761
362
440
355
130
244
514
699
403
828
694
445
760
711
357
547
752
377
974
535
279
547
702
116
433
941
464
951
506
847
673
247
820
482
975
516
370
476
622
798
231
251
389
770
683
625
504
177
589
610
642
283
235
526
413
178
420
274
709
350
879
394
537
593
847
994
568
926
709
736
254
737
852
876
161
869
987
650
192
367
971
728
660
526
758
437
542
726
353
405
844
922
750
696
421
410
655
384
254
351
990
116
471
122
944
273
495
472
851
723
745
868
710
148
255
698
844
597
149
886
877
391
486
467
929
839
665
162
781
500
300
673
649
493
913
373
921
768
774
982
107
401
266
619
622
606
309
198
525
733
770
110
849
371
414
593
388
857
495
347
519
540
519
673
892
352
546
411
801
794
978
711
939
630
604
695
185
998
527
405
994
945
327
389
562
798
301
864
709
951
487
696
108
884
476
286
269
735
779
375
963
402
677
148
867
554
152
166
727
968
472
970
440
728
235
484
182
561
978
414
721
288
344
440
462
484
319
346
209
685
207
692
862
206
591
237
967
124
129
305
812
102
431
961
206
699
409
957
218
478
240
689
882
511
706
619
645
658
645
354
142
651
119
652
677
918
905
225
364
749
888
900
404
830
392
463
913
978
124
563
264
997
267
461
976
195
310
557
923
320
196
655
883
480
261
940
467
443
927
701
235
484
605
136
242
726
885
772
232
326
501
840
286
688
807
945
431
998
146
584
455
269
721
200
511
289
139
209
777
571
585
610
551
944
628
924
482
737
767
857
778
127
803
574
649
880
103
872
390
290
307
963
721
892
278
670
854
840
818
845
197
982
915
964
312
874
646
274
252
252
151
699
750
671
967
164
644
530
279
705
384
946
638
513
645
803
920
641
929
991
717
917
509
432
520
379
883
674
381
897
486
481
273
178
263
989
976
679
609
250
763
311
117
252
933
631
336
360
933
570
463
985
714
799
899
813
458
886
848
185
439
946
359
214
118
763
204
248
696
290
109
511
215
221
566
694
830
216
109
367
325
495
867
904
241
204
180
921
556
695
264
289
332
804
959
298
153
816
581
516
247
390
617
795
439
388
732
378
727
442
794
624
703
196
429
800
819
879
203
446
227
877
377
167
181
916
575
589
205
615
313
281
513
529
313
247
686
801
883
560
517
472
743
220
824
224
231
288
984
133
680
240
977
198
944
398
729
204
146
587
562
984
550
788
619
255
403
155
183
668
105
489
359
618
624
121
642
876
795
105
787
630
907
682
942
332
848
840
622
150
985
333
474
928
928
736
822
167
682
338
555
746
953
284
704
517
897
706
555
918
901
298
255
922
572
748
475
562
813
304
191
757
760
889
325
299
867
282
565
281
139
640
237
973
307
500
183
775
476
693
265
770
228
580
124
485
151
109
874
526
675
516
676
227
410
694
698
448
986
788
899
528
175
497
219
391
952
443
942
125
706
123
231
759
867
730
467
676
176
167
258
187
608
163
602
107
166
423
412
959
592
631
348
595
148
187
831
168
325
248
740
990
485
732
737
797
566
278
217
667
998
322
720
592
512
455
812
318
990
896
414
936
659
824
472
721
196
566
374
162
623
371
366
417
848
453
370
241
551
460
840
232
698
928
164
773
537
416
820
422
807
170
699
139
324
307
640
576
960
733
141
984
403
960
801
781
613
965
319
996
439
393
850
983
866
442
542
796
164
144
565
341
921
171
294
609
729
830
782
546
245
176
985
545
680
806
442
434
727
926
675
797
987
679
488
938
376
745
866
842
200
389
873
474
329
916
400
196
731
703
971
208
739
776
366
342
856
517
269
369
513
722
399
527
967
528
278
950
447
906
339
686
677
522
722
381
673
666
517
365
127
482
326
512
413
509
273
657
702
956
480
525
725
648
730
667
751
599
995
401
981
531
972
469
722
441
683
791
277
505
841
840
826
107
737
915
261
782
686
609
830
993
422
137
603
844
120
986
672
880
415
207
256
885
452
928
383
445
899
506
410
231
371
102
857
432
625
191
573
399
748
511
397
536
500
303
870
883
690
436
799
479
176
696
223
589
379
158
203
954
894
693
237
993
343
680
154
794
941
246
943
650
986
113
172
549
987
762
860
626
544
292
657
433
420
215
902
921
188
140
964
911
645
562
834
923
395
210
219
739
716
850
352
437
556
652
830
712
179
240
668
680
222
789
800
770
862
615
930
211
229
851
860
159
849
567
898
955
418
180
501
702
923
670
106
888
737
591
177
458
196
295
375
407
121
140
623
751
824
771
408
760
177
394
797
533
260
796
103
127
767
364
926
533
195
366
692
680
735
382
794
653
969
716
292
544
442
379
967
345
521
411
509
494
435
929
510
517
482
529
771
894
402
386
389
329
685
241
148
580
668
286
329
380
380
607
376
376
966
383
411
954
747
165
663
781
970
992
987
718
713
691
184
339
471
866
289
414
618
858
997
402
716
663
956
274
267
272
251
431
352
276
709
683
941
849
577
268
485
148
274
165
457
407
301
125
507
176
390
383
280
756
417
640
110
887
910
733
976
292
700
718
308
620
941
388
765
668
339
831
863
532
505
835
661
323
388
957
804
229
395
611
406
693
809
710
754
256
243
291
851
850
544
369
793
436
557
801
442
472
589
897
739
510
729
277
255
696
628
400
203
960
194
326
382
349
470
246
526
224
994
462
370
561
277
906
832
720
924
215
771
208
769
561
478
189
839
651
369
860
966
855
441
695
931
936
154
850
303
125
472
646
418
857
349
150
574
819
786
495
338
763
740
557
490
294
207
611
551
587
182
880
587
158
237
310
733
355
785
736
142
232
757
370
323
807
438
272
162
581
383
800
970
699
329
881
747
224
232
619
730
679
393
303
100
159
401
107
925
826
289
359
144
791
407
497
280
530
667
351
423
837
890
816
834
744
726
428
453
813
622
314
311
953
697
709
333
814
979
211
913
736
103
814
505
949
246
208
217
272
320
970
934
205
398
811
429
237
596
361
851
197
272
103
365
975
238
234
120
442
731
803
384
373
344
369
122
543
772
936
213
676
629
704
512
857
910
568
347
206
827
735
771
131
677
662
907
386
968
108
138
789
211
990
950
529
384
447
573
379
653
428
115
668
134
500
359
457
519
541
275
514
653
174
917
923
846
865
390
205
547
423
336
333
731
834
478
411
730
608
671
850
279
482
735
232
607
895
688
316
639
856
210
264
689
910
500
926
752
895
430
532
281
780
124
778
130
541
837
154
920
994
290
261
963
538
669
761
850
807
475
146
347
927
320
355
866
526
938
832
618
315
565
839
680
873
333
312
687
910
800
824
267
873
534
553
366
991
739
973
517
545
616
658
297
331
817
854
140
742
147
960
529
940
245
677
921
493
739
289
231
767
596
529
294
608
313
733
139
838
978
654
248
773
531
992
689
185
366
655
944
224
752
418
242
627
757
687
319
302
807
961
954
506
603
893
434
504
175
456
445
879
809
108
261
705
879
546
222
688
785
630
504
112
578
542
490
133
352
221
880
322
356
799
478
506
916
223
399
392
979
431
524
891
940
910
472
472
468
958
965
142
394
682
668
936
414
488
323
981
659
335
999
953
359
434
802
260
299
522
577
176
825
707
713
473
411
242
621
142
201
742
246
101
834
216
548
279
196
659
690
896
783
566
146
576
823
492
338
650
100
509
977
602
491
135
419
578
330
247
176
843
976
983
573
597
281
804
549
938
859
281
899
740
825
104
410
616
248
222
819
973
513
758
223
117
312
883
410
161
624
652
866
245
873
284
867
427
716
614
645
994
390
829
412
785
823
823
381
851
440
511
129
679
615
896
670
570
377
322
506
410
491
818
118
785
878
757
969
719
397
773
201
696
586
444
407
346
652
230
194
921
410
697
392
407
356
871
964
733
705
132
990
303
630
427
895
867
149
852
841
202
858
863
975
661
214
403
868
240
802
154
572
192
517
455
615
224
118
223
435
759
275
698
814
634
239
758
392
242
479
132
876
434
921
316
980
769
224
813
670
619
868
481
642
468
463
438
285
447
343
230
699
935
602
380
750
284
541
564
316
916
410
636
981
390
280
419
110
363
308
158
307
211
407
589
368
876
832
826
104
666
972
601
797
564
967
919
398
230
867
818
114
385
762
491
432
503
767
355
770
231
677
268
438
169
781
961
849
347
696
342
958
304
438
148
812
451
954
881
283
274
680
579
485
836
994
369
362
977
417
647
682
847
648
205
680
828
765
983
752
806
125
382
757
786
322
252
558
349
435
344
945
737
914
540
595
777
635
785
832
731
328
683
949
899
100
829
867
905
574
121
342
333
135
597
351
498
831
176
656
745
112
720
405
536
132
109
920
233
790
307
451
814
809
242
194
871
241
712
819
756
596
895
650
844
531
292
608
824
405
725
946
881
607
695
808
727
498
699
214
245
329
715
436
313
155
565
404
480
741
140
221
967
521
112
194
502
107
364
751
159
537
283
806
202
396
771
746
407
487
985
244
961
769
512
583
189
263
411
869
344
962
642
327
528
655
628
125
138
389
906
605
960
625
651
830
734
716
983
409
750
221
406
760
245
253
813
242
363
396
631
879
387
450
452
539
380
706
647
439
403
668
161
359
329
799
634
634
308
656
256
883
578
710
489
654
123
336
774
569
352
818
811
365
574
730
449
440
138
748
562
295
674
412
642
423
511
327
904
263
476
934
627
120
691
734
286
839
684
934
464
638
319
803
455
535
558
256
649
276
410
692
239
786
196
222
679
699
381
341
708
813
834
254
569
882
687
520
764
610
981
930
421
726
108
261
383
324
550
793
623
677
949
966
311
335
368
681
381
579
620
582
624
556
190
768
891
196
168
571
418
194
586
208
454
208
909
872
853
512
435
814
635
900
693
161
252
137
926
138
412
403
710
185
443
261
315
559
297
549
123
606
964
731
221
117
493
138
538
866
603
990
105
221
604
627
344
532
874
958
586
572
958
603
790
458
827
120
629
981
171
978
854
179
502
540
103
760
809
846
593
455
759
814
671
206
133
878
569
763
288
147
547
919
139
213
260
233
323
636
959
982
198
754
159
161
512
667
699
717
870
268
332
152
648
596
834
367
940
396
668
478
948
877
672
955
226
675
827
132
358
678
349
231
774
295
760
757
130
964
193
343
681
725
449
322
463
973
221
546
384
943
129
214
408
208
901
746
457
935
385
593
932
423
553
345
597
266
241
224
152
824
849
961
554
123
136
231
215
902
540
581
231
544
993
661
373
959
798
745
284
200
285
698
335
372
781
937
600
787
762
156
764
695
167
998
598
559
446
842
333
985
276
990
933
244
621
666
709
951
891
480
352
426
965
905
173
288
138
157
210
149
100
109
692
292
865
412
449
404
373
929
214
830
471
264
915
741
225
363
995
404
329
289
774
141
607
678
196
883
367
970
411
822
865
339
220
459
864
586
501
327
450
241
493
119
256
583
201
963
992
340
963
859
561
674
816
316
143
780
789
349
450
128
776
331
757
478
489
485
239
740
123
225
880
180
723
792
565
611
474
650
144
154
981
289
244
325
312
255
572
316
274
178
114
259
180
208
916
455
105
428
887
881
661
188
496
681
155
788
750
836
234
592
420
372
241
664
854
694
447
749
748
935
861
105
789
732
962
920
827
124
742
744
531
428
172
661
233
996
829
913
843
487
256
760
212
888
201
979
769
121
689
360
649
345
837
293
568
665
986
344
904
662
922
330
397
793
228
293
985
725
865
192
377
306
219
235
937
582
629
458
224
546
204
772
856
397
747
601
533
268
260
886
456
876
339
243
912
107
868
117
477
440
608
353
669
156
712
104
376
725
239
223
963
687
468
634
195
911
755
208
438
368
799
901
971
145
146
685
443
485
340
604
416
798
774
739
896
598
453
850
548
942
792
439
303
392
880
894
768
212
163
204
171
172
220
395
609
381
327
125
582
542
871
973
233
177
348
758
230
658
782
761
596
953
576
114
341
274
902
607
994
419
176
165
482
548
271
997
860
662
760
501
506
668
811
124
564
702
266
587
186
953
401
184
868
137
216
354
137
626
892
139
872
262
675
324
776
447
744
467
350
157
886
125
483
800
723
819
461
180
185
666
895
123
841
337
150
552
1000
892
917
891
783
953
946
192
438
523
787
617
242
314
734
154
665
652
774
799
577
343
226
770
661
187
745
753
771
137
116
179
667
119
444
265
819
801
697
314
542
888
678
482
512
386
646
374
450
729
453
574
218
214
335
680
243
809
904
989
767
936
315
398
326
711
739
204
400
463
437
149
241
483
870
185
133
308
536
482
197
716
650
418
771
991
872
716
342
512
774
992
536
517
961
158
669
995
276
300
534
674
449
104
717
316
601
290
854
605
858
261
874
425
566
852
260
127
214
471
583
168
469
209
554
727
388
473
376
353
408
898
403
766
707
724
288
114
431
345
748
475
704
569
178
899
695
546
317
974
179
154
320
553
425
310
758
540
277
214
649
906
707
585
238
555
502
386
926
471
681
542
596
962
786
357
617
927
343
616
292
811
892
130
764
829
920
735
748
380
282
251
620
877
686
908
482
211
943
481
253
108
492
486
274
330
345
401
531
385
707
864
983
377
773
872
543
521
880
615
385
992
644
653
601
339
317
267
974
145
753
906
274
390
752
440
786
885
521
660
143
754
512
559
973
932
434
498
355
712
886
199
941
603
303
885
703
752
148
462
935
342
330
212
472
292
104
916
818
915
329
370
831
497
675
377
167
702
900
500
257
892
652
793
790
467
722
405
287
924
930
496
663
606
674
164
678
222
487
974
970
357
864
817
317
707
775
367
160
158
853
492
552
792
415
268
807
422
158
611
104
524
516
838
401
662
973
491
132
730
163
636
222
598
916
983
362
768
300
446
430
643
606
356
236
841
431
959
130
138
562
840
852
753
688
114
906
457
162
384
457
967
628
723
362
740
736
325
612
460
412
389
486
155
787
985
848
153
464
188
160
574
467
708
110
440
610
519
748
950
547
921
757
803
157
736
850
345
987
427
129
556
869
734
534
118
812
284
903
528
185
463
566
395
348
480
240
354
655
870
267
632
936
570
228
843
464
497
641
415
727
444
694
810
883
311
639
158
883
602
424
450
738
681
513
473
971
919
785
414
447
870
388
941
255
1000
863
898
238
354
749
973
549
934
940
691
474
119
205
799
600
538
378
555
219
543
559
285
678
774
774
985
137
582
630
293
212
718
709
632
983
540
650
991
117
987
878
830
403
671
477
162
843
810
245
498
588
970
653
955
676
161
942
825
876
415
314
301
544
658
315
557
966
673
991
708
843
652
691
176
592
485
959
974
721
194
702
516
437
220
317
788
276
241
951
869
722
841
909
765
403
940
380
352
214
860
559
437
487
759
160
452
675
995
468
139
806
301
244
227
272
862
932
835
512
700
960
991
231
713
658
149
679
999
110
467
486
894
613
559
569
430
875
699
371
972
410
336
514
446
263
222
205
576
912
227
312
192
135
502
580
311
927
587
944
568
767
990
852
105
496
687
237
337
151
494
412
424
521
527
190
602
559
570
339
196
520
903
318
222
811
944
378
166
635
106
958
398
592
876
571
357
579
387
882
474
432
452
439
512
156
984
205
959
476
527
257
376
733
585
702
285
357
324
138
279
434
678
856
767
401
908
339
697
602
913
115
804
196
226
996
232
362
672
771
149
536
584
463
874
328
538
204
540
847
440
985
697
539
561
241
739
924
712
204
775
222
139
270
433
153
134
854
472
949
457
997
787
818
341
897
853
588
293
922
816
665
464
869
651
305
892
149
805
436
634
171
116
341
115
154
729
999
276
751
631
823
659
691
159
764
882
345
475
545
382
552
866
310
251
949
572
316
428
981
376
836
797
569
476
949
600
896
934
781
338
203
622
890
731
483
706
698
343
221
678
784
348
478
286
703
618
293
819
287
557
572
478
201
822
443
472
837
889
983
935
459
789
501
782
935
309
663
461
533
599
904
112
799
635
406
972
625
195
365
527
858
425
146
101
788
872
876
146
772
349
554
301
467
319
579
741
326
617
534
242
608
905
193
291
665
962
514
513
946
189
842
616
561
588
788
325
790
956
323
468
273
254
825
502
704
437
358
820
234
425
345
139
760
404
693
667
745
754
269
326
447
988
939
656
250
730
249
711
204
652
856
101
479
697
722
781
660
348
427
548
680
480
429
854
945
657
858
997
339
458
607
324
233
945
634
646
951
594
155
523
238
746
733
967
821
145
420
537
316
245
899
735
218
513
893
297
297
307
250
110
382
447
593
1000
296
120
145
796
344
938
178
886
633
859
889
938
876
106
229
768
408
413
428
748
363
268
843
630
487
281
491
836
858
452
542
527
944
835
716
985
842
409
922
403
164
285
326
833
652
141
965
799
691
274
805
581
607
538
812
796
627
319
807
713
846
286
484
608
233
783
550
930
593
754
637
371
678
405
221
558
329
409
799
302
211
723
734
403
904
309
207
248
320
648
849
188
307
698
983
126
562
148
347
310
552
409
619
558
186
141
682
156
763
865
271
472
822
767
668
155
528
717
772
475
626
112
832
322
493
824
968
594
509
815
595
418
658
309
699
853
930
643
403
731
216
661
711
467
549
944
955
994
247
417
776
161
202
916
739
213
173
780
256
894
496
409
793
893
896
307
140
991
146
350
356
414
505
314
636
646
105
461
199
844
822
122
278
168
593
930
447
360
753
498
548
274
500
566
307
836
955
452
346
425
994
228
535
765
566
119
544
678
213
807
663
420
396
335
645
251
150
200
596
184
630
210
487
828
512
666
957
818
185
550
247
875
475
781
119
605
957
806
969
498
359
347
946
998
420
258
335
855
189
567
922
606
884
982
452
178
635
291
195
325
967
110
235
684
911
992
848
738
151
795
952
228
616
558
266
124
653
385
697
628
794
575
902
633
996
984
761
965
928
305
798
306
489
417
558
821
748
165
349
816
802
208
682
440
221
624
585
537
149
477
194
492
169
151
130
984
454
504
904
445
622
238
771
877
970
426
266
623
362
822
347
607
242
351
426
672
741
757
630
544
749
938
405
466
577
308
897
956
133
221
943
689
639
159
153
778
665
382
278
810
203
652
408
274
758
916
974
499
989
500
386
182
116
961
998
428
492
190
804
734
504
574
791
375
755
706
900
825
604
854
890
558
279
843
714
297
949
475
524
418
592
896
945
492
882
571
910
895
919
655
809
824
113
285
656
374
966
290
390
819
899
543
341
599
425
909
830
867
892
770
519
857
591
129
282
324
739
605
823
376
363
507
697
828
129
969
993
181
106
430
999
796
198
683
125
334
232
843
382
242
597
398
112
454
951
976
184
848
692
353
752
186
316
526
258
892
532
417
445
156
726
362
457
188
960
125
749
502
146
592
567
432
325
184
811
925
703
127
736
102
618
144
784
842
227
155
980
663
828
598
817
384
332
115
552
647
417
639
350
933
452
237
942
756
197
419
269
804
644
905
317
860
667
167
742
451
514
327
709
555
709
444
401
954
800
213
670
957
497
850
604
869
397
174
440
853
274
508
384
633
901
781
802
286
353
968
288
416
673
660
179
928
930
321
637
896
135
944
666
875
732
384
267
567
257
669
499
542
736
731
490
362
627
513
962
581
941
684
212
269
561
898
874
676
474
530
880
254
971
945
583
153
562
904
819
598
743
777
231
204
754
535
924
834
493
438
856
680
445
118
500
780
557
147
803
704
119
113
969
351
593
504
337
760
396
157
685
430
992
155
394
257
559
604
561
409
238
306
576
256
222
849
600
957
793
610
166
587
296
617
833
132
997
398
870
311
620
770
851
928
892
328
528
118
308
852
449
571
422
864
480
851
716
502
482
910
520
465
563
325
949
191
790
941
544
757
837
224
308
244
352
496
561
708
750
770
648
813
104
887
774
572
653
215
572
213
635
499
549
343
661
947
933
388
299
148
714
255
426
931
369
157
567
856
290
136
132
890
759
857
630
291
617
929
877
271
995
844
896
644
620
930
220
857
341
238
917
157
765
558
868
117
477
977
132
885
490
975
659
237
113
123
156
336
800
880
244
294
248
845
416
288
873
328
625
423
115
907
123
367
321
697
691
622
611
694
485
592
979
652
492
548
104
663
962
259
787
684
400
977
485
719
145
281
597
423
138
540
691
892
962
297
339
888
987
326
716
263
947
812
438
177
300
992
913
116
463
398
445
762
326
484
438
506
482
715
920
149
990
263
711
656
745
223
652
519
506
672
506
938
237
356
555
980
688
410
885
472
819
364
715
824
182
326
127
534
140
321
750
228
714
335
958
408
339
597
606
365
121
624
116
687
163
106
448
919
773
512
102
158
622
440
335
211
999
503
276
469
111
141
720
395
154
231
238
994
613
308
886
735
499
548
308
948
604
648
858
137
789
524
592
456
162
744
881
387
478
553
903
437
534
262
244
591
249
455
716
589
453
105
315
169
186
562
828
655
148
113
331
826
591
721
336
699
501
409
147
765
576
583
856
765
919
701
955
282
550
773
144
866
326
351
902
978
715
179
936
667
363
759
949
388
847
159
493
390
411
419
827
613
569
951
147
907
456
657
160
156
488
180
975
525
102
511
469
222
888
636
816
711
248
978
659
527
488
588
411
146
718
643
909
703
288
125
488
877
112
911
365
424
756
455
904
611
538
400
654
900
586
110
919
628
126
966
573
892
322
428
925
801
245
263
274
873
125
247
983
487
510
728
784
573
314
330
457
139
941
495
967
633
517
176
350
213
187
942
577
179
187
50
50
50
50
50
50
51
51
51
51
52
52
52
52
52
52
53
53
53
53
53
54
54
54
54
54
54
55
55
55
55
55
55
55
56
56
56
56
56
56
56
57
57
57
57
57
58
58
58
58
58
58
58
59
59
60
60
60
60
60
60
61
61
61
61
61
61
62
62
63
63
63
64
64
64
65
65
65
65
65
65
65
65
65
66
66
66
66
66
66
66
67
67
67
67
67
67
67
67
68
68
68
69
69
69
69
69
69
70
70
70
71
71
71
71
71
71
71
72
72
72
72
73
73
73
74
74
74
74
75
75
75
75
75
76
76
76
76
76
76
76
76
77
77
77
77
77
77
77
78
78
78
78
78
78
78
79
79
80
80
80
80
80
80
81
81
81
81
81
82
82
82
82
82
83
83
84
84
84
84
84
85
85
85
85
85
85
85
86
86
86
86
86
86
86
87
87
87
87
87
87
87
87
87
88
88
88
88
88
88
88
89
89
89
89
89
90
90
90
90
90
91
91
91
92
92
93
93
93
93
93
93
93
94
94
94
94
94
95
95
95
95
95
95
96
96
96
96
96
96
97
97
97
98
98
98
98
98
98
98
98
98
99
99
99
99
99
99
100
100
100
101
101
101
101
101
101
102
102
102
102
102
102
103
103
103
104
104
104
104
104
105
105
105
105
105
105
105
106
106
106
107
107
107
107
107
107
107
108
108
108
108
108
109
109
109
109
109
110
110
111
111
111
111
111
112
112
112
112
113
113
113
113
113
113
113
114
114
114
114
115
115
115
115
116
116
116
116
117
117
118
118
118
118
119
119
119
119
120
120
120
121
121
121
121
121
121
122
122
122
122
123
123
123
124
124
124
125
125
125
125
125
125
125
125
125
125
126
126
126
126
126
127
127
127
127
128
128
128
128
128
129
129
129
130
130
130
130
130
131
131
131
131
131
131
132
132
132
132
132
132
133
133
133
133
134
134
134
134
134
134
134
134
135
135
135
135
135
135
135
135
135
136
136
136
136
137
137
137
138
138
138
138
138
138
138
138
138
139
139
140
140
141
141
141
141
141
141
142
142
143
143
143
143
143
143
143
143
144
144
144
144
145
145
145
145
145
146
146
146
146
146
147
147
147
147
147
148
149
149
149
149
149
149
149
150
150
150
150
150
151
151
151
151
151
152
152
152
152
152
152
152
152
152
153
153
153
153
153
154
154
155
155
155
155
155
155
156
156
156
157
157
157
157
157
157
158
158
158
158
158
158
159
159
159
159
159
159
159
159
159
160
160
160
161
161
161
161
162
162
162
163
163
163
163
163
163
163
163
164
164
164
164
165
165
165
165
165
166
166
166
166
166
167
167
167
167
167
168
168
168
168
168
168
168
169
169
169
169
170
170
170
171
171
171
171
172
172
173
173
173
173
173
174
174
175
175
175
175
175
176
176
176
176
176
177
177
177
177
177
177
177
177
177
178
178
178
178
178
178
179
179
179
180
180
180
180
180
181
181
181
182
182
182
182
182
183
183
183
183
183
183
184
184
184
184
184
184
185
185
185
186
186
187
188
188
188
188
188
189
189
189
189
189
189
190
190
190
190
191
191
191
192
192
192
192
192
193
193
194
194
194
194
195
195
195
195
195
195
196
196
196
196
196
196
197
197
197
197
197
198
198
198
199
199
199
199
200
200
200
200
200
201
201
201
202
202
202
202
202
202
203
203
203
204
204
204
204
205
205
205
205
206
206
206
206
206
207
207
207
207
207
207
207
207
207
207
208
208
208
208
208
208
208
209
209
209
209
209
209
209
209
210
210
210
210
210
211
211
211
211
211
212
212
212
212
212
213
213
213
214
214
214
214
215
215
215
215
215
215
216
216
216
216
216
217
217
217
217
217
218
218
218
218
218
218
218
219
219
219
220
220
220
221
222
222
222
222
222
223
223
223
224
224
224
224
225
225
225
225
225
225
225
225
225
225
226
226
226
226
226
227
227
227
227
227
227
228
228
228
228
228
229
229
229
229
229
229
229
229
230
230
230
231
231
231
231
231
232
232
232
232
232
233
233
233
233
233
233
233
233
233
234
234
234
235
235
235
235
235
236
236
236
236
236
236
236
236
236
236
236
237
237
237
237
237
237
238
238
238
238
239
239
239
239
240
240
240
240
240
240
241
241
241
241
241
242
242
242
243
243
243
243
243
243
243
244
244
244
245
245
245
245
245
245
246
246
246
246
246
246
247
247
247
247
248
248
248
248
248
248
248
248
248
248
249
249
249
249
249
249
249
249
249
249
250
250
250
250
250
251
251
251
251
251
252
252
252
252
252
252
252
252
252
252
252
252
252
252
253
253
253
253
253
254
254
254
255
255
255
255
256
256
256
256
256
256
256
257
257
257
258
258
258
258
258
258
258
258
259
259
259
259
259
260
260
260
260
260
261
261
261
261
261
261
261
261
261
261
262
262
262
263
263
263
263
263
264
264
264
264
264
264
265
265
266
266
266
266
266
267
267
267
267
268
268
268
268
269
269
269
269
270
270
270
271
271
271
271
272
272
272
272
272
272
272
273
273
273
273
273
273
273
273
274
274
274
274
275
275
275
275
276
276
277
277
277
277
277
277
279
279
279
279
280
280
280
280
280
280
280
280
281
281
281
282
282
282
282
282
282
283
283
283
283
283
284
284
284
284
285
285
285
285
286
286
287
287
287
288
288
288
288
288
288
288
289
289
289
289
289
290
290
290
291
291
291
291
291
291
291
292
292
292
292
293
293
293
294
295
295
295
296
296
296
296
296
296
297
297
297
297
297
298
298
298
298
298
298
298
299
299
299
299
300
300
300
300
301
301
301
301
301
302
302
302
302
303
303
303
303
304
304
304
304
305
305
305
306
306
306
307
307
308
308
308
309
309
309
309
309
309
310
310
310
310
310
310
310
310
310
310
310
310
311
311
311
311
311
311
311
312
312
312
312
312
312
313
313
313
313
313
314
314
314
315
315
315
315
315
315
315
315
316
316
316
316
316
316
316
317
318
318
318
318
318
319
319
319
319
320
320
320
321
321
321
321
321
321
321
321
321
321
321
322
322
322
322
323
323
323
323
323
323
323
323
323
323
323
323
324
324
324
324
324
325
325
325
325
325
325
325
325
325
326
326
326
326
326
326
326
326
327
327
327
327
327
327
327
327
327
328
328
329
329
329
329
329
329
329
329
329
329
330
330
330
330
331
331
331
331
331
332
332
332
332
333
334
334
334
334
334
335
335
335
335
335
335
335
335
336
336
336
336
336
336
336
337
337
337
337
337
338
338
338
339
339
339
339
339
339
339
340
340
340
340
340
340
340
341
341
341
341
341
342
342
342
342
343
343
343
343
344
344
344
344
345
345
346
346
346
346
346
346
346
346
347
347
347
347
348
348
349
349
349
349
349
349
350
350
350
351
351
351
351
351
351
351
351
352
352
352
352
352
352
352
352
353
353
353
353
353
354
354
354
354
355
355
355
355
355
355
355
355
356
356
356
356
356
357
357
357
357
357
357
357
358
358
358
358
359
359
360
360
360
360
361
361
361
361
362
362
362
362
362
363
363
363
363
364
364
364
364
365
365
365
365
365
365
365
366
366
366
366
366
366
366
367
368
368
368
369
369
369
369
370
370
370
370
370
370
370
371
371
372
372
372
372
373
373
374
374
374
375
375
375
375
376
376
376
376
376
377
377
377
377
377
378
378
378
378
379
379
379
379
379
379
379
379
379
380
380
380
380
380
380
381
381
381
381
381
381
381
382
382
382
382
383
383
383
384
384
384
385
385
385
386
386
386
386
386
386
386
386
387
387
387
388
388
389
389
389
389
389
390
390
390
390
391
391
391
391
391
392
392
392
392
392
393
393
393
393
393
394
394
395
395
395
395
395
395
396
396
396
397
397
397
397
397
398
398
398
398
399
399
400
400
400
400
400
401
402
402
402
402
402
402
402
403
403
403
403
404
404
404
405
405
405
405
406
406
406
406
406
406
406
406
406
406
406
407
407
408
408
408
408
408
409
409
410
410
410
410
410
410
411
411
411
411
411
412
412
412
412
412
412
413
413
413
413
414
414
414
414
414
414
414
415
415
415
415
416
416
417
417
417
417
417
417
418
418
418
418
418
418
418
418
419
419
419
419
419
420
420
420
421
421
421
421
421
421
422
422
422
422
423
423
423
423
423
423
423
424
425
425
425
425
425
425
425
426
426
427
427
427
428
428
428
428
428
428
428
428
428
429
429
429
430
430
430
430
430
430
431
431
431
431
431
431
432
432
432
432
432
432
432
432
432
432
432
432
433
433
433
433
433
434
434
434
435
435
435
435
435
435
435
436
436
436
436
437
437
438
438
438
438
438
438
438
438
439
439
439
439
440
440
440
440
441
441
441
441
442
442
443
443
443
443
444
445
445
445
445
445
446
446
446
446
446
446
446
446
446
447
447
447
447
447
448
448
448
448
448
448
448
448
449
449
449
449
450
450
450
450
451
451
451
451
451
451
451
451
452
452
452
452
453
453
454
454
454
454
454
455
455
455
455
455
455
456
456
456
456
456
456
456
456
456
457
457
457
457
458
458
459
459
459
459
460
460
460
460
460
460
461
461
461
461
462
462
462
462
462
463
463
463
463
463
463
463
463
463
464
464
464
464
464
464
464
464
464
464
465
465
465
465
465
465
465
466
466
466
467
467
467
467
467
468
468
468
469
469
469
469
469
469
469
469
470
470
470
470
470
471
471
471
471
471
472
472
472
472
472
472
472
472
472
473
473
473
473
473
473
474
474
474
474
475
475
475
475
475
475
476
476
476
476
476
476
477
477
477
477
477
477
477
478
478
478
478
478
479
479
479
479
479
480
480
480
480
480
480
480
480
480
481
481
482
482
483
483
483
483
483
483
483
483
484
484
484
484
484
485
485
485
485
485
485
485
486
486
487
487
487
487
487
487
488
488
488
488
488
488
488
489
489
489
489
489
489
489
490
490
490
490
490
491
491
491
492
492
492
492
493
493
493
493
494
494
494
494
494
494
494
494
495
495
495
495
495
495
495
495
495
495
495
495
496
496
496
496
496
496
496
496
496
496
497
497
497
498
498
498
498
498
498
498
498
499
499
499
500
500
500
500
500
501
501
501
501
502
502
502
502
503
503
503
503
503
504
504
504
504
505
505
505
505
505
505
506
506
506
506
506
506
506
506
507
507
507
507
507
507
507
508
508
508
509
509
510
510
510
510
511
511
511
511
512
512
512
512
513
513
513
513
513
513
513
513
514
514
514
514
514
514
515
515
515
515
516
516
516
516
516
517
517
517
517
517
517
517
517
517
517
517
518
518
518
518
518
519
519
519
520
520
520
521
521
521
521
522
522
523
523
523
523
523
523
523
523
523
524
524
524
524
524
525
525
525
525
525
526
526
526
526
527
527
528
528
528
529
529
529
529
529
530
530
530
530
530
531
531
531
531
531
531
531
532
532
532
533
533
533
533
533
533
533
533
533
534
534
534
535
535
535
535
536
536
536
537
537
537
537
538
538
538
538
538
539
539
539
540
540
540
540
540
540
540
540
540
541
541
541
542
542
542
542
542
542
542
542
543
543
543
543
544
544
544
544
544
544
544
545
545
545
545
545
546
546
546
547
547
547
547
547
547
548
548
548
548
548
549
550
550
550
550
550
550
551
551
551
552
552
552
552
553
553
553
553
553
553
553
554
554
554
554
554
554
554
554
555
555
555
556
556
556
556
556
557
557
557
557
557
557
558
558
558
558
559
559
559
559
559
559
559
560
560
560
560
561
561
562
562
562
562
562
562
563
563
563
563
564
564
564
564
564
564
564
564
564
564
565
565
565
565
565
566
566
566
566
566
567
567
567
567
567
567
568
568
568
568
568
569
569
569
569
569
569
570
570
570
570
570
571
571
571
571
571
571
571
571
571
571
572
572
573
573
573
573
573
573
573
574
574
574
574
574
574
574
574
574
574
574
575
575
575
575
575
575
576
576
576
576
576
577
577
578
578
578
578
578
578
578
578
578
579
579
579
580
580
580
580
580
580
580
581
581
581
582
582
582
582
582
583
583
583
583
584
584
584
584
585
585
585
585
586
586
587
587
587
587
588
588
588
588
588
588
589
589
589
589
590
590
590
590
590
591
591
591
592
592
592
592
592
592
593
593
593
593
593
594
594
594
595
595
595
595
596
596
596
596
597
597
597
597
598
598
598
598
598
598
598
598
599
599
599
599
600
601
601
601
601
601
601
601
601
601
601
601
602
603
603
604
604
604
604
604
604
605
606
606
606
606
606
606
606
606
607
607
607
608
608
608
608
608
608
609
609
609
609
609
610
610
610
610
610
611
611
611
611
611
611
612
612
613
613
613
613
613
614
614
614
614
615
615
615
615
615
615
616
616
617
617
617
618
618
618
618
619
619
619
619
619
619
619
619
619
619
621
621
621
622
622
622
622
622
623
623
623
623
623
623
623
623
623
623
624
624
624
624
624
625
625
625
625
626
626
626
626
626
627
627
627
627
627
627
627
627
627
628
628
628
629
630
630
630
630
630
631
631
631
631
631
632
632
633
633
633
633
633
633
634
634
634
634
634
635
635
635
635
636
636
636
636
637
637
637
637
637
638
638
638
638
638
638
639
639
639
639
639
639
639
639
640
640
640
640
640
640
640
641
641
641
641
641
642
642
642
642
642
642
642
643
643
643
643
643
644
644
644
644
645
645
645
645
645
645
645
645
646
646
646
647
647
647
647
647
647
648
648
649
649
649
649
650
650
651
651
651
651
651
652
652
652
652
653
653
653
654
654
654
654
654
654
655
655
655
655
655
656
656
656
656
656
656
656
657
657
658
658
658
658
659
659
660
660
660
660
661
661
661
661
661
661
661
661
662
662
662
662
662
663
663
663
663
663
663
664
664
664
665
665
665
665
666
666
666
666
666
666
666
666
667
667
667
667
667
667
667
668
668
668
668
668
668
669
669
669
669
670
670
670
670
671
671
671
671
671
672
672
672
672
672
672
672
672
673
673
673
673
674
674
674
674
674
675
675
675
675
676
676
677
677
677
677
677
677
678
678
678
678
678
678
679
679
679
679
679
679
679
679
679
680
680
680
680
681
681
681
681
681
681
682
682
682
683
683
683
683
683
683
683
683
684
684
684
684
684
684
685
685
685
685
685
686
686
686
686
687
687
687
687
687
687
688
688
688
688
688
688
689
689
689
689
690
690
690
690
690
691
691
692
692
692
692
693
693
693
694
694
694
694
695
695
695
695
695
695
696
696
696
696
696
696
696
697
697
697
697
697
697
697
697
697
698
698
698
698
699
699
699
699
700
700
700
700
700
700
701
701
701
701
702
702
702
702
702
702
703
704
704
704
704
704
705
705
705
705
705
707
707
708
708
708
709
709
709
709
710
710
710
710
711
711
711
711
711
711
712
712
712
712
712
712
712
712
713
713
713
713
714
714
714
714
714
714
714
715
715
715
715
716
716
716
716
717
718
718
718
718
718
719
719
720
720
720
720
721
721
721
721
722
722
722
722
722
722
723
723
723
724
724
724
724
724
724
725
725
725
725
725
725
726
726
726
726
726
727
727
727
727
727
727
728
728
728
729
729
729
729
729
729
729
730
730
730
730
730
730
731
731
731
731
731
731
732
732
732
732
732
733
733
733
733
733
733
734
734
734
734
734
734
734
735
735
735
735
735
735
735
736
736
736
736
737
737
737
737
737
737
737
738
738
738
738
739
739
739
739
739
739
739
739
740
740
740
740
740
740
740
740
741
741
741
741
741
741
741
742
742
742
742
743
743
744
744
744
744
744
745
745
745
745
745
746
746
746
746
746
746
746
746
746
747
747
747
747
747
747
748
748
748
748
748
748
749
749
749
750
750
750
751
751
752
752
752
753
753
753
753
753
753
753
754
754
754
754
754
755
755
755
755
755
756
757
757
757
757
758
758
759
759
759
759
759
759
759
760
760
760
760
760
761
761
761
761
762
762
762
762
762
762
762
762
763
763
763
763
763
764
764
764
764
764
764
764
764
764
765
765
765
765
765
766
766
766
766
767
767
767
768
768
769
769
769
769
769
770
770
770
770
770
770
771
771
771
771
771
771
772
772
772
772
773
773
773
773
773
773
773
773
773
773
773
774
774
774
774
775
775
775
775
776
776
776
777
777
777
777
778
778
778
778
779
779
780
780
780
780
781
781
781
782
782
782
783
783
783
783
783
783
783
783
784
784
784
784
784
785
785
785
785
785
785
785
786
786
786
786
786
786
787
787
787
787
787
787
788
788
788
788
789
789
789
790
790
790
790
790
791
791
791
791
791
791
792
792
792
792
792
792
792
792
792
792
792
792
792
792
792
793
793
793
793
793
793
793
794
794
794
794
794
794
794
794
795
796
796
796
796
796
796
796
796
796
796
797
797
797
797
797
797
797
797
797
798
798
798
798
798
798
799
799
799
799
799
800
800
800
800
801
801
801
802
802
802
802
802
802
802
802
802
803
803
803
803
803
803
803
803
804
804
804
804
805
805
805
806
806
806
806
806
806
806
806
806
807
807
807
807
807
807
807
807
807
808
808
808
808
808
808
809
809
809
809
809
809
809
810
810
810
810
810
810
810
810
811
811
812
812
812
812
812
812
812
812
812
812
813
813
813
813
813
814
814
814
814
814
814
814
815
815
815
816
816
816
816
817
817
817
817
817
818
818
818
819
819
819
819
819
819
819
819
819
819
820
820
820
820
821
821
821
821
821
822
822
822
822
822
822
822
822
822
823
823
823
823
823
824
824
824
825
825
825
825
825
825
825
825
825
826
826
826
826
826
827
827
827
827
828
828
828
828
828
828
828
829
829
829
829
829
829
830
830
830
830
831
831
832
832
833
833
833
833
833
833
833
834
834
834
834
834
834
835
835
835
835
835
835
835
836
836
836
837
837
837
837
838
838
838
839
839
839
839
839
839
839
840
840
840
840
840
840
841
841
841
841
841
841
842
842
843
843
843
843
843
843
843
843
844
844
844
844
844
844
845
845
845
845
845
845
845
846
846
846
846
846
847
847
847
847
847
847
848
848
848
848
848
849
849
849
850
850
850
851
851
851
852
852
852
852
852
852
853
853
853
854
854
854
855
855
855
856
856
856
856
856
857
857
858
858
858
858
858
858
859
859
859
859
859
860
860
860
860
861
861
861
861
861
861
861
861
861
861
862
862
862
863
864
864
864
864
864
864
864
865
865
865
866
866
866
866
866
867
867
867
867
867
867
867
868
868
868
868
868
869
869
869
869
869
869
869
869
870
870
870
871
871
871
872
872
872
873
873
873
873
873
873
873
873
873
874
874
874
874
874
875
875
876
876
876
876
876
876
876
876
876
876
877
877
877
877
877
878
878
878
878
879
879
879
879
879
879
879
880
880
880
880
880
880
880
881
881
881
881
881
882
882
882
882
882
883
883
883
884
884
884
884
884
884
885
885
885
886
886
886
886
886
887
887
887
887
887
887
887
888
888
888
888
889
889
890
890
890
890
890
890
890
891
891
891
891
891
891
891
892
892
892
892
892
892
893
893
894
894
894
894
895
895
895
895
895
895
896
897
897
897
897
897
897
897
897
898
898
898
898
898
899
899
899
899
900
900
900
900
900
901
901
901
901
902
902
902
902
903
903
903
903
903
903
903
903
903
904
904
904
904
904
905
905
905
905
905
905
905
906
906
906
906
906
907
907
907
908
908
908
908
908
908
909
909
909
910
910
910
910
910
910
910
910
911
911
911
911
911
911
911
911
912
912
912
912
912
913
913
913
913
914
914
914
914
914
914
914
914
914
914
915
915
915
915
916
916
916
916
917
917
917
917
917
918
918
918
918
919
919
919
919
920
920
920
920
921
921
921
921
921
921
921
921
922
922
922
922
923
923
923
923
923
924
924
925
925
925
925
925
925
926
926
926
926
926
926
927
927
927
927
927
928
928
928
929
929
929
930
930
930
930
930
930
931
931
931
931
931
931
932
932
932
932
932
933
933
933
933
933
933
933
933
934
934
934
934
934
934
934
935
935
935
935
936
936
936
936
937
937
937
937
938
938
938
938
938
938
938
939
939
939
939
939
940
940
940
941
941
942
942
942
942
942
942
943
943
943
943
943
943
943
943
944
944
944
944
944
944
944
944
945
945
945
945
945
945
945
945
946
946
946
946
946
946
946
946
946
947
947
947
947
947
947
947
948
948
948
948
948
949
949
949
950
950
950
950
950
950
951
951
951
951
951
951
951
952
952
952
952
952
952
952
953
953
953
953
953
954
954
954
954
954
954
955
955
955
955
956
956
956
956
957
957
957
957
957
957
958
958
958
958
958
958
958
959
959
959
959
959
959
959
959
960
960
960
960
960
961
962
962
962
962
962
963
963
963
963
963
963
963
964
964
964
964
964
964
964
965
965
965
965
965
965
966
966
966
966
966
966
967
967
967
967
968
968
968
968
968
968
969
969
969
969
969
969
969
969
969
970
970
970
970
971
971
971
971
972
972
972
972
972
972
972
972
972
973
973
973
973
973
973
973
973
974
974
974
975
975
975
975
975
976
976
976
976
976
977
977
977
977
977
977
978
978
978
978
978
979
979
980
980
980
980
980
980
980
980
980
980
981
981
981
981
981
981
982
982
982
983
983
983
983
983
983
983
983
984
984
984
984
985
985
985
985
985
985
986
986
986
986
986
986
986
986
986
986
987
987
988
988
988
989
989
989
989
989
990
990
990
990
991
991
991
992
992
992
993
993
993
993
993
993
993
993
993
993
994
994
995
995
995
995
995
995
995
996
996
996
996
996
996
996
996
996
996
997
997
997
998
998
998
999
999
999
999
1000
1000
1000
1000
1000
1000
1000
1000
1001
1001
1001
1001
1002
1002
1002
1003
1003
1003
1003
1003
1003
1003
1003
1004
1004
1004
1004
1004
1004
1004
1005
1005
1005
1005
1005
1006
1006
1006
1006
1007
1007
1007
1007
1007
1007
1007
1008
1008
1008
1008
1008
1008
1008
1008
1009
1009
1009
1010
1010
1010
1010
1010
1010
1010
1010
1011
1011
1011
1011
1011
1011
1011
1011
1012
1012
1012
1012
1012
1013
1013
1013
1013
1013
1013
1013
1013
1013
1014
1014
1014
1015
1015
1015
1016
1016
1016
1016
1016
1016
1017
1017
1017
1017
1017
1018
1018
1018
1018
1018
1018
1019
1019
1019
1019
1020
1020
1020
1020
1020
1021
1021
1021
1022
1022
1022
1022
1022
1023
1023
1023
1023
1024
1024
1024
1024
1024
1025
1025
1025
1025
1025
1025
1026
1026
1026
1026
1027
1027
1027
1027
1027
1028
1028
1028
1028
1028
1028
1028
1028
1029
1029
1029
1029
1029
1029
1029
1030
1030
1030
1030
1030
1030
1031
1031
1031
1031
1031
1032
1032
1032
1033
1033
1033
1033
1033
1034
1034
1034
1034
1034
1035
1035
1035
1035
1035
1035
1035
1036
1036
1036
1036
1036
1037
1037
1037
1037
1037
1038
1038
1039
1039
1039
1039
1039
1039
1040
1040
1040
1041
1041
1041
1041
1041
1041
1041
1041
1042
1042
1042
1042
1042
1043
1043
1043
1043
1044
1044
1044
1044
1044
1044
1045
1045
1045
1045
1046
1046
1046
1046
1046
1047
1047
1047
1047
1048
1048
1048
1048
1048
1048
1048
1049
1049
1049
1050
1050
1050
1050
1050
1050
1050
1050
1050
1050
1050
1051
1051
1052
1052
1052
1052
1052
1052
1053
1053
1053
1054
1054
1054
1055
1055
1055
1056
1056
1056
1056
1057
1057
1057
1057
1057
1057
1058
1058
1059
1059
1059
1059
1059
1059
1060
1060
1060
1060
1060
1060
1060
1060
1060
1060
1061
1061
1061
1061
1061
1061
1061
1061
1062
1062
1063
1063
1063
1063
1063
1063
1064
1064
1064
1065
1065
1065
1065
1065
1065
1065
1065
1065
1066
1066
1066
1066
1066
1066
1067
1067
1067
1067
1068
1068
1068
1069
1069
1069
1069
1070
1070
1070
1070
1070
1071
1071
1071
1071
1071
1071
1072
1072
1072
1072
1072
1072
1072
1072
1073
1073
1073
1073
1073
1073
1073
1073
1074
1074
1074
1075
1075
1075
1075
1075
1075
1076
1076
1076
1076
1077
1077
1077
1077
1077
1077
1077
1077
1078
1078
1078
1078
1078
1079
1079
1079
1080
1080
1080
1081
1081
1081
1081
1081
1081
1081
1081
1081
1081
1082
1082
1082
1082
1082
1082
1082
1082
1083
1083
1083
1083
1083
1083
1084
1084
1084
1084
1084
1084
1084
1085
1085
1085
1085
1086
1086
1086
1086
1086
1086
1086
1086
1086
1087
1087
1087
1088
1088
1088
1088
1088
1088
1088
1088
1088
1088
1088
1089
1089
1089
1089
1089
1090
1090
1091
1091
1091
1091
1091
1091
1091
1091
1091
1092
1092
1092
1092
1092
1092
1092
1093
1093
1093
1093
1093
1093
1094
1094
1094
1094
1094
1094
1095
1095
1095
1095
1095
1095
1095
1096
1096
1096
1096
1096
1096
1096
1096
1097
1097
1097
1097
1097
1098
1098
1098
1098
1098
1100
1100
1100
1100
1100
1101
1102
1102
1102
1103
1103
1103
1103
1103
1103
1103
1104
1104
1104
1104
1104
1105
1105
1105
1105
1106
1106
1106
1106
1106
1106
1107
1107
1107
1107
1107
1107
1107
1107
1108
1108
1108
1108
1108
1108
1108
1109
1109
1109
1109
1109
1109
1109
1109
1109
1109
1110
1110
1110
1110
1110
1110
1110
1110
1110
1110
1111
1111
1111
1112
1112
1112
1112
1112
1113
1113
1113
1113
1113
1114
1114
1114
1115
1115
1115
1116
1116
1116
1117
1117
1117
1117
1117
1117
1118
1118
1118
1119
1119
1119
1119
1120
1120
1120
1120
1121
1121
1121
1121
1122
1122
1122
1123
1123
1123
1124
1124
1124
1124
1124
1125
1125
1125
1125
1125
1125
1125
1126
1126
1126
1126
1126
1126
1126
1127
1127
1127
1128
1128
1128
1128
1128
1128
1128
1128
1129
1129
1129
1129
1129
1129
1130
1130
1130
1130
1130
1130
1132
1132
1132
1132
1132
1132
1132
1133
1133
1133
1133
1133
1133
1133
1133
1134
1134
1134
1135
1135
1135
1135
1135
1135
1136
1136
1136
1136
1136
1136
1136
1136
1137
1137
1137
1137
1137
1137
1137
1137
1137
1138
1138
1138
1138
1138
1138
1138
1138
1138
1139
1139
1139
1139
1139
1139
1139
1140
1140
1140
1140
1140
1140
1140
1140
1140
1141
1141
1141
1141
1142
1142
1142
1142
1142
1143
1143
1144
1144
1144
1144
1144
1145
1145
1145
1145
1146
1146
1146
1146
1146
1147
1147
1147
1147
1148
1149
1149
1149
1149
1149
1149
1149
1150
1150
1150
1150
1150
1151
1151
1151
1151
1152
1152
1152
1152
1152
1153
1153
1153
1153
1154
1154
1154
1155
1155
1155
1155
1155
1155
1155
1155
1155
1156
1157
1157
1157
1157
1158
1158
1158
1159
1159
1159
1159
1159
1160
1160
1160
1160
1160
1160
1160
1161
1161
1161
1161
1161
1161
1162
1162
1162
1163
1164
1164
1164
1164
1165
1165
1165
1165
1166
1166
1166
1166
1166
1166
1167
1167
1167
1167
1168
1168
1168
1168
1169
1169
1169
1169
1170
1170
1171
1171
1171
1171
1172
1172
1172
1173
1173
1173
1173
1173
1174
1174
1174
1174
1174
1175
1175
1175
1175
1175
1176
1176
1177
1177
1177
1177
1177
1177
1177
1178
1178
1178
1178
1179
1179
1179
1180
1180
1180
1181
1181
1181
1181
1182
1182
1182
1182
1182
1182
1182
1183
1183
1183
1183
1183
1184
1184
1184
1184
1184
1184
1184
1184
1185
1185
1185
1185
1185
1185
1185
1186
1186
1186
1186
1187
1187
1187
1187
1188
1188
1188
1188
1189
1189
1189
1189
1190
1190
1190
1190
1190
1190
1191
1191
1191
1191
1192
1192
1192
1192
1193
1193
1193
1193
1194
1194
1194
1194
1194
1195
1195
1195
1195
1196
1196
1196
1196
1196
1197
1197
1197
1197
1197
1197
1197
1197
1197
1197
1197
1198
1198
1198
1198
1198
1198
1198
1199
1199
1199
1199
1199
1200
1200
1200
1200
1200
1200
1200
1200
1200
1201
1201
1201
1201
1202
1202
1202
1203
1203
1203
1203
1203
1203
1204
1204
1204
1204
1204
1205
1205
1205
1205
1205
1206
1206
1206
1206
1206
1207
1207
1207
1208
1208
1208
1209
1209
1209
1209
1210
1210
1210
1210
1210
1211
1211
1211
1211
1211
1212
1212
1212
1212
1212
1214
1214
1214
1214
1214
1214
1215
1215
1215
1215
1216
1216
1216
1217
1217
1217
1217
1217
1218
1218
1218
1218
1218
1218
1218
1218
1219
1219
1219
1219
1219
1220
1220
1220
1220
1220
1220
1221
1221
1221
1221
1222
1222
1222
1223
1223
1223
1224
1224
1224
1225
1225
1225
1225
1226
1226
1226
1226
1226
1227
1227
1227
1227
1227
1228
1228
1228
1228
1228
1228
1228
1228
1229
1229
1229
1229
1230
1231
1231
1231
1232
1232
1232
1232
1233
1233
1233
1233
1234
1234
1234
1234
1234
1235
1235
1235
1235
1235
1236
1236
1236
1237
1237
1237
1237
1238
1238
1238
1238
1238
1239
1239
1239
1239
1239
1239
1239
1239
1240
1240
1240
1240
1240
1241
1241
1241
1242
1242
1242
1242
1243
1243
1244
1244
1244
1244
1244
1245
1245
1245
1245
1245
1245
1245
1245
1245
1245
1246
1246
1246
1247
1247
1247
1247
1248
1248
1248
1248
1248
1249
1249
1249
1249
1249
1249
1249
1249
1249
1249
1250
1250
1250
1251
1251
1251
1251
1252
1252
1252
1253
1253
1253
1254
1254
1254
1254
1254
1254
1255
1255
1255
1255
1256
1256
1256
1256
1256
1256
1257
1257
1257
1257
1257
1257
1257
1258
1258
1258
1258
1258
1258
1258
1258
1258
1258
1258
1258
1259
1259
1259
1259
1259
1259
1259
1259
1260
1260
1260
1260
1260
1260
1260
1260
1260
1261
1261
1261
1261
1261
1261
1261
1262
1262
1262
1262
1262
1263
1263
1264
1264
1264
1264
1264
1264
1264
1265
1265
1265
1265
1265
1265
1266
1266
1266
1266
1266
1267
1267
1267
1267
1267
1267
1268
1268
1268
1268
1268
1269
1269
1269
1269
1269
1269
1269
1269
1270
1270
1270
1270
1270
1270
1271
1271
1271
1271
1271
1271
1271
1272
1272
1272
1272
1272
1272
1272
1273
1273
1273
1273
1273
1273
1273
1274
1274
1275
1275
1275
1275
1275
1275
1276
1276
1276
1276
1276
1276
1276
1276
1277
1277
1277
1277
1277
1277
1277
1277
1278
1278
1278
1278
1280
1280
1280
1280
1280
1280
1281
1281
1281
1281
1281
1281
1281
1281
1281
1282
1282
1282
1282
1282
1282
1283
1283
1283
1284
1284
1284
1284
1285
1285
1285
1285
1285
1285
1285
1285
1286
1286
1286
1286
1286
1286
1286
1287
1287
1287
1287
1287
1287
1287
1288
1288
1288
1289
1289
1290
1291
1291
1292
1292
1292
1292
1292
1292
1292
1292
1293
1293
1294
1295
1295
1296
1296
1296
1296
1296
1296
1296
1297
1297
1297
1297
1297
1297
1298
1298
1299
1299
1299
1299
1299
1299
1299
1299
1299
1300
1300
1300
1300
1300
1300
1300
1300
1301
1301
1301
1301
1301
1301
1301
1302
1302
1303
1303
1303
1303
1303
1304
1304
1304
1304
1304
1304
1304
1304
1305
1305
1305
1305
1305
1305
1306
1306
1306
1306
1306
1307
1307
1307
1307
1307
1308
1308
1309
1309
1309
1310
1310
1310
1310
1310
1310
1310
1310
1310
1310
1310
1311
1311
1311
1312
1312
1312
1312
1312
1312
1312
1312
1313
1313
1313
1314
1314
1314
1314
1314
1314
1315
1315
1315
1315
1315
1316
1316
1316
1316
1316
1317
1317
1317
1317
1317
1317
1317
1318
1318
1318
1318
1318
1318
1319
1319
1319
1319
1319
1320
1320
1321
1321
1321
1321
1322
1322
1322
1322
1322
1322
1323
1323
1323
1323
1323
1323
1323
1324
1324
1324
1325
1325
1325
1325
1325
1325
1326
1326
1326
1326
1326
1326
1327
1327
1327
1327
1327
1328
1328
1328
1328
1329
1329
1329
1329
1329
1329
1329
1330
1330
1330
1330
1330
1330
1331
1331
1331
1332
1332
1332
1333
1333
1333
1333
1333
1333
1333
1334
1334
1334
1334
1334
1335
1335
1335
1335
1335
1336
1336
1336
1336
1337
1337
1337
1337
1337
1337
1338
1338
1338
1338
1338
1338
1339
1339
1339
1340
1340
1340
1341
1341
1341
1341
1341
1341
1341
1341
1342
1342
1342
1342
1342
1342
1342
1343
1343
1344
1344
1344
1344
1345
1345
1346
1346
1346
1346
1346
1346
1346
1346
1346
1347
1347
1347
1347
1347
1347
1348
1348
1348
1348
1348
1348
1349
1349
1349
1349
1349
1350
1350
1350
1351
1351
1351
1351
1351
1352
1352
1352
1352
1352
1352
1353
1353
1353
1353
1354
1354
1354
1354
1354
1355
1355
1355
1355
1356
1356
1356
1356
1356
1356
1356
1356
1357
1357
1357
1357
1357
1358
1358
1358
1358
1358
1359
1359
1359
1359
1360
1360
1360
1360
1360
1360
1361
1361
1361
1361
1361
1362
1362
1362
1362
1362
1363
1363
1363
1363
1363
1364
1364
1364
1364
1364
1365
1365
1365
1366
1366
1367
1367
1367
1367
1367
1367
1367
1367
1367
1367
1367
1367
1368
1368
1368
1368
1369
1369
1369
1369
1370
1370
1370
1370
1370
1370
1370
1371
1371
1371
1372
1372
1372
1373
1373
1374
1374
1374
1374
1374
1374
1374
1374
1374
1374
1374
1374
1374
1374
1375
1375
1375
1375
1376
1376
1376
1376
1376
1376
1377
1377
1377
1378
1378
1378
1378
1378
1378
1379
1379
1379
1379
1379
1380
1380
1380
1380
1380
1380
1381
1381
1381
1382
1382
1382
1382
1383
1383
1383
1383
1383
1383
1384
1384
1384
1384
1384
1385
1385
1385
1386
1386
1386
1386
1387
1387
1387
1387
1387
1388
1388
1388
1388
1388
1388
1388
1389
1389
1389
1389
1390
1390
1390
1390
1390
1390
1390
1391
1391
1391
1391
1392
1392
1393
1393
1393
1393
1393
1393
1393
1394
1394
1394
1394
1394
1395
1395
1395
1395
1395
1395
1395
1395
1395
1395
1396
1396
1396
1396
1397
1397
1397
1397
1398
1398
1398
1399
1399
1399
1399
1399
1400
1400
1400
1400
1400
1401
1401
1401
1401
1402
1402
1402
1402
1402
1402
1402
1402
1403
1403
1403
1403
1403
1403
1403
1404
1404
1404
1404
1405
1405
1405
1406
1406
1406
1406
1406
1406
1406
1406
1407
1407
1407
1407
1408
1408
1408
1408
1408
1409
1409
1409
1409
1409
1409
1409
1409
1409
1410
1410
1411
1411
1411
1411
1412
1412
1412
1412
1412
1412
1413
1413
1413
1413
1413
1414
1414
1414
1414
1414
1414
1415
1415
1415
1416
1416
1417
1417
1417
1417
1417
1417
1418
1418
1418
1419
1419
1420
1420
1421
1421
1421
1421
1421
1422
1422
1422
1422
1422
1422
1423
1423
1423
1423
1423
1423
1423
1424
1424
1424
1424
1425
1425
1425
1425
1425
1425
1425
1425
1425
1425
1426
1426
1426
1426
1427
1427
1427
1427
1427
1428
1428
1428
1428
1428
1429
1429
1429
1429
1431
1431
1431
1431
1431
1431
1431
1432
1432
1432
1432
1433
1433
1433
1433
1433
1433
1433
1434
1434
1434
1434
1434
1435
1435
1436
1437
1438
1438
1438
1438
1438
1439
1439
1439
1439
1439
1439
1440
1440
1440
1440
1440
1440
1441
1441
1441
1441
1441
1442
1442
1443
1443
1443
1444
1444
1444
1444
1444
1444
1445
1445
1445
1446
1446
1447
1447
1447
1447
1447
1447
1448
1448
1448
1448
1448
1448
1449
1449
1449
1450
1450
1450
1450
1450
1450
1451
1451
1451
1451
1451
1451
1451
1451
1453
1453
1453
1453
1453
1453
1453
1453
1454
1454
1454
1454
1454
1454
1454
1455
1455
1455
1455
1455
1455
1455
1456
1456
1456
1457
1457
1457
1457
1457
1457
1457
1457
1457
1458
1458
1458
1458
1458
1459
1459
1459
1460
1460
1460
1460
1460
1461
1461
1461
1461
1462
1462
1462
1462
1462
1462
1463
1463
1463
1463
1464
1464
1464
1464
1464
1464
1464
1465
1465
1465
1465
1465
1465
1466
1466
1466
1466
1467
1467
1467
1467
1467
1468
1468
1468
1468
1468
1468
1468
1469
1469
1469
1469
1470
1470
1470
1470
1470
1471
1471
1471
1471
1471
1471
1471
1471
1471
1471
1472
1472
1472
1472
1472
1472
1472
1472
1473
1473
1473
1473
1474
1474
1474
1474
1474
1474
1474
1475
1475
1475
1476
1476
1476
1476
1476
1476
1477
1477
1478
1478
1478
1479
1479
1480
1480
1480
1480
1480
1481
1481
1481
1482
1482
1482
1483
1484
1484
1484
1484
1484
1484
1484
1485
1485
1485
1485
1485
1485
1486
1487
1487
1487
1487
1488
1488
1488
1488
1488
1489
1489
1489
1489
1489
1489
1489
1489
1489
1489
1489
1489
1490
1490
1490
1490
1490
1490
1491
1491
1491
1492
1492
1492
1492
1492
1492
1492
1492
1492
1492
1493
1493
1493
1493
1493
1494
1494
1494
1494
1495
1495
1495
1495
1495
1495
1496
1496
1496
1496
1496
1497
1497
1497
1497
1498
1498
1498
1498
1498
1499
1499
1499
1499
1500
1500
1500
1500
1500
1500
1500
1500
1501
1501
1501
1501
1501
1501
1501
1502
1502
1502
1502
1502
1503
1504
1504
1504
1505
1505
1505
1505
1505
1506
1506
1506
1506
1506
1507
1507
1507
1507
1508
1508
1508
1508
1508
1509
1509
1509
1509
1509
1509
1510
1510
1510
1510
1511
1511
1511
1511
1511
1512
1512
1512
1512
1512
1512
1513
1513
1513
1513
1513
1514
1514
1515
1515
1515
1515
1516
1516
1517
1517
1517
1517
1517
1518
1518
1519
1520
1520
1520
1521
1521
1521
1521
1521
1521
1521
1522
1522
1522
1523
1523
1523
1523
1523
1523
1523
1524
1524
1524
1525
1525
1525
1525
1526
1526
1526
1526
1526
1527
1527
1527
1527
1528
1528
1528
1528
1528
1528
1529
1529
1529
1530
1530
1530
1530
1530
1530
1530
1531
1531
1531
1531
1531
1531
1532
1532
1532
1532
1532
1533
1533
1533
1533
1533
1534
1534
1534
1534
1534
1534
1534
1534
1535
1535
1535
1535
1536
1536
1536
1537
1537
1537
1538
1538
1538
1538
1538
1538
1538
1538
1539
1539
1539
1539
1539
1539
1540
1540
1540
1540
1540
1541
1541
1542
1542
1542
1542
1542
1542
1542
1542
1542
1543
1543
1543
1544
1544
1544
1545
1545
1545
1545
1545
1545
1545
1546
1546
1546
1547
1547
1547
1547
1547
1547
1547
1548
1548
1548
1549
1549
1549
1550
1550
1550
1550
1550
1551
1551
1551
1551
1552
1553
1553
1554
1554
1554
1554
1554
1554
1555
1555
1555
1555
1555
1555
1556
1556
1556
1557
1557
1557
1557
1557
1557
1558
1558
1558
1558
1558
1558
1558
1558
1558
1559
1559
1560
1560
1560
1560
1560
1560
1561
1561
1561
1561
1562
1562
1562
1562
1562
1563
1563
1563
1563
1563
1563
1563
1563
1564
1564
1564
1564
1564
1564
1565
1565
1565
1565
1566
1566
1567
1567
1567
1567
1567
1567
1567
1568
1568
1568
1568
1568
1568
1568
1569
1569
1569
1569
1569
1570
1570
1570
1570
1570
1570
1570
1570
1571
1571
1571
1571
1571
1572
1572
1573
1573
1573
1573
1574
1574
1574
1575
1575
1575
1575
1575
1575
1575
1576
1576
1576
1576
1576
1576
1576
1577
1577
1577
1577
1577
1577
1578
1578
1578
1578
1579
1579
1579
1579
1579
1579
1579
1580
1580
1580
1580
1580
1580
1581
1581
1581
1581
1581
1582
1582
1582
1582
1582
1582
1583
1583
1583
1583
1583
1583
1584
1584
1584
1584
1584
1585
1585
1586
1586
1586
1586
1587
1587
1587
1587
1587
1587
1588
1588
1588
1589
1589
1589
1589
1589
1589
1589
1590
1590
1591
1591
1591
1591
1591
1591
1592
1592
1592
1592
1592
1593
1593
1593
1593
1593
1593
1593
1593
1593
1593
1593
1594
1594
1595
1595
1595
1595
1595
1596
1596
1596
1596
1596
1596
1597
1597
1597
1597
1597
1598
1598
1599
1599
1599
1599
1599
1600
1600
1600
1601
1601
1601
1601
1602
1602
1602
1602
1602
1602
1603
1603
1603
1604
1604
1604
1604
1605
1605
1605
1606
1606
1607
1607
1607
1607
1608
1608
1608
1609
1609
1609
1609
1609
1609
1610
1610
1610
1610
1610
1611
1611
1611
1611
1611
1611
1611
1612
1612
1612
1612
1612
1612
1613
1613
1613
1613
1613
1614
1614
1614
1614
1614
1614
1614
1614
1614
1615
1615
1615
1615
1615
1615
1615
1615
1616
1616
1616
1616
1616
1616
1617
1617
1617
1617
1618
1618
1618
1618
1618
1618
1619
1619
1619
1619
1619
1619
1620
1620
1620
1620
1620
1620
1620
1620
1621
1621
1621
1621
1621
1621
1621
1622
1622
1622
1622
1622
1622
1622
1622
1623
1623
1623
1623
1623
1623
1623
1623
1623
1623
1623
1623
1623
1623
1624
1624
1624
1624
1624
1624
1624
1625
1625
1625
1625
1626
1626
1626
1626
1626
1626
1626
1626
1626
1626
1626
1626
1627
1627
1627
1627
1627
1627
1627
1627
1627
1628
1628
1628
1628
1628
1628
1628
1629
1629
1629
1629
1629
1629
1629
1629
1630
1630
1631
1631
1631
1631
1631
1631
1631
1631
1632
1632
1632
1632
1632
1632
1632
1633
1633
1633
1633
1633
1633
1634
1634
1634
1634
1634
1634
1634
1635
1635
1635
1635
1635
1636
1636
1636
1636
1636
1636
1637
1637
1637
1637
1637
1638
1638
1638
1638
1638
1639
1639
1639
1639
1639
1639
1639
1639
1640
1640
1640
1640
1641
1641
1641
1641
1641
1642
1642
1642
1642
1643
1643
1643
1643
1644
1644
1644
1644
1644
1644
1644
1644
1645
1645
1645
1645
1645
1646
1646
1646
1646
1646
1646
1646
1646
1647
1647
1647
1647
1648
1648
1648
1648
1648
1648
1649
1649
1649
1649
1649
1649
1650
1650
1650
1650
1650
1650
1650
1650
1650
1651
1651
1651
1651
1651
1651
1651
1651
1652
1652
1652
1652
1652
1653
1653
1653
1653
1653
1653
1653
1654
1654
1654
1654
1654
1654
1655
1655
1655
1655
1655
1655
1656
1656
1656
1656
1656
1657
1657
1657
1657
1657
1657
1657
1658
1658
1658
1659
1659
1659
1659
1660
1660
1660
1660
1660
1660
1662
1662
1662
1662
1662
1662
1662
1663
1663
1663
1664
1664
1664
1664
1664
1665
1665
1665
1665
1665
1666
1666
1666
1666
1666
1666
1666
1666
1666
1667
1667
1667
1667
1667
1667
1668
1668
1668
1669
1669
1669
1669
1670
1670
1670
1670
1671
1671
1671
1671
1671
1672
1672
1672
1674
1674
1674
1675
1675
1675
1675
1675
1675
1676
1676
1676
1676
1676
1676
1677
1677
1677
1677
1677
1678
1678
1678
1678
1678
1679
1679
1679
1679
1679
1679
1679
1679
1679
1680
1680
1680
1680
1680
1682
1682
1682
1682
1682
1682
1682
1682
1682
1682
1683
1683
1683
1683
1683
1684
1684
1684
1684
1684
1684
1685
1685
1685
1685
1686
1686
1686
1686
1686
1686
1687
1687
1687
1687
1687
1687
1687
1687
1688
1688
1688
1688
1688
1689
1689
1689
1690
1690
1690
1690
1690
1690
1691
1691
1691
1691
1691
1691
1691
1691
1692
1692
1692
1692
1692
1692
1692
1693
1693
1693
1693
1694
1694
1694
1694
1694
1694
1694
1695
1695
1696
1696
1696
1696
1696
1697
1697
1698
1698
1698
1699
1699
1699
1700
1700
1700
1700
1700
1700
1700
1701
1701
1702
1702
1702
1702
1702
1703
1703
1703
1703
1703
1703
1703
1703
1703
1703
1704
1704
1704
1704
1705
1705
1706
1706
1707
1707
1707
1708
1709
1709
1710
1710
1710
1710
1710
1711
1711
1711
1711
1711
1711
1711
1711
1712
1712
1712
1712
1713
1713
1713
1713
1713
1714
1714
1714
1714
1714
1715
1715
1715
1715
1715
1715
1716
1716
1716
1716
1716
1716
1717
1717
1717
1717
1718
1718
1718
1718
1718
1719
1719
1719
1719
1719
1719
1720
1720
1720
1720
1720
1720
1721
1721
1721
1722
1722
1723
1723
1723
1723
1723
1723
1724
1724
1724
1724
1724
1725
1725
1725
1726
1726
1726
1726
1727
1727
1727
1727
1727
1727
1727
1727
1727
1727
1728
1728
1728
1728
1729
1729
1729
1729
1729
1729
1730
1730
1730
1730
1730
1730
1731
1731
1731
1731
1731
1732
1732
1732
1732
1732
1732
1732
1733
1733
1733
1733
1733
1734
1734
1734
1734
1734
1734
1734
1735
1735
1735
1735
1735
1736
1736
1736
1736
1736
1736
1737
1737
1737
1737
1738
1738
1738
1738
1738
1739
1739
1739
1739
1739
1740
1740
1740
1740
1740
1741
1741
1741
1741
1742
1742
1742
1742
1742
1743
1743
1743
1743
1743
1744
1745
1745
1745
1745
1745
1745
1745
1745
1746
1746
1746
1746
1746
1746
1746
1746
1746
1746
1747
1747
1747
1747
1747
1747
1748
1748
1748
1748
1748
1748
1748
1749
1749
1749
1750
1750
1750
1750
1750
1750
1751
1751
1751
1751
1751
1751
1751
1751
1752
1752
1752
1752
1752
1752
1752
1753
1753
1753
1754
1754
1754
1754
1754
1755
1755
1755
1755
1755
1755
1755
1755
1755
1756
1756
1757
1757
1757
1757
1758
1758
1758
1758
1758
1758
1758
1758
1759
1759
1759
1759
1759
1760
1760
1760
1760
1760
1760
1760
1760
1761
1761
1761
1761
1761
1761
1762
1762
1762
1762
1762
1762
1763
1763
1763
1763
1763
1763
1763
1763
1763
1763
1764
1764
1764
1764
1764
1764
1765
1765
1766
1766
1766
1766
1766
1766
1766
1767
1767
1767
1767
1768
1768
1768
1769
1769
1769
1769
1769
1769
1770
1770
1771
1771
1771
1772
1772
1772
1772
1773
1773
1773
1774
1774
1774
1774
1775
1775
1775
1775
1775
1775
1775
1775
1776
1776
1776
1776
1776
1776
1777
1777
1777
1778
1778
1778
1778
1778
1778
1778
1779
1779
1779
1779
1779
1779
1779
1780
1780
1780
1780
1780
1780
1781
1781
1781
1781
1781
1781
1781
1781
1782
1782
1782
1782
1783
1783
1783
1783
1784
1784
1784
1784
1784
1785
1785
1785
1785
1785
1785
1786
1786
1786
1786
1786
1787
1787
1787
1787
1787
1787
1788
1789
1789
1789
1789
1789
1789
1789
1789
1789
1789
1789
1790
1790
1790
1791
1791
1791
1791
1791
1791
1791
1792
1792
1792
1792
1792
1792
1792
1792
1793
1793
1793
1793
1793
1793
1793
1794
1794
1794
1794
1794
1794
1794
1794
1794
1795
1795
1795
1795
1795
1796
1796
1797
1797
1797
1797
1798
1798
1798
1798
1798
1798
1798
1799
1799
1799
1799
1799
1799
1799
1799
1799
1800
1800
1800
1800
1800
1800
1800
1800
1800
1800
1800
1800
1800
1800
1800
1801
1802
1802
1802
1802
1802
1802
1802
1803
1803
1803
1803
1803
1803
1803
1803
1804
1804
1804
1804
1804
1804
1805
1805
1805
1805
1805
1806
1806
1806
1806
1806
1806
1806
1807
1807
1807
1807
1807
1807
1808
1808
1808
1808
1809
1809
1809
1809
1809
1809
1809
1810
1810
1810
1810
1810
1810
1810
1810
1810
1811
1811
1811
1812
1812
1812
1812
1813
1813
1813
1813
1813
1814
1814
1814
1814
1814
1814
1814
1815
1815
1815
1815
1815
1816
1816
1816
1816
1816
1817
1817
1817
1817
1817
1817
1818
1818
1818
1818
1819
1819
1819
1819
1820
1820
1820
1821
1821
1821
1822
1822
1822
1822
1822
1823
1823
1823
1823
1823
1823
1823
1824
1824
1825
1825
1825
1825
1825
1825
1825
1825
1825
1826
1826
1827
1827
1827
1827
1828
1828
1828
1828
1829
1829
1829
1829
1829
1830
1830
1830
1830
1830
1830
1831
1831
1831
1831
1831
1831
1831
1831
1831
1831
1832
1832
1832
1832
1833
1833
1833
1833
1833
1834
1834
1834
1834
1835
1835
1835
1836
1836
1836
1836
1836
1836
1836
1836
1837
1837
1837
1838
1838
1838
1838
1838
1838
1838
1838
1839
1839
1839
1839
1839
1840
1840
1840
1840
1840
1840
1840
1841
1841
1842
1842
1842
1842
1843
1843
1844
1844
1844
1844
1844
1845
1845
1845
1845
1845
1846
1846
1846
1846
1846
1847
1847
1847
1847
1847
1847
1848
1848
1848
1848
1848
1849
1849
1849
1849
1849
1849
1849
1849
1850
1850
1850
1850
1850
1850
1850
1850
1850
1850
1850
1851
1851
1851
1851
1851
1852
1852
1853
1853
1853
1853
1853
1854
1854
1854
1854
1855
1855
1855
1855
1855
1855
1855
1855
1856
1856
1856
1856
1856
1856
1856
1856
1857
1857
1857
1857
1857
1857
1857
1857
1858
1859
1859
1860
1860
1860
1860
1860
1860
1860
1860
1860
1861
1861
1861
1861
1861
1861
1862
1862
1862
1862
1862
1863
1863
1863
1863
1864
1864
1864
1864
1864
1865
1865
1865
1865
1865
1865
1866
1866
1866
1866
1866
1866
1866
1866
1867
1867
1867
1867
1867
1868
1868
1868
1868
1868
1868
1868
1869
1869
1869
1869
1869
1870
1870
1870
1870
1870
1871
1871
1871
1871
1872
1872
1873
1873
1873
1873
1873
1873
1873
1873
1874
1874
1874
1875
1875
1875
1875
1875
1875
1876
1876
1876
1876
1876
1876
1876
1877
1878
1878
1878
1878
1878
1879
1879
1879
1879
1879
1880
1880
1880
1880
1880
1880
1881
1881
1881
1881
1881
1882
1882
1882
1882
1882
1882
1882
1882
1883
1883
1883
1883
1883
1884
1884
1884
1884
1884
1884
1884
1885
1885
1885
1885
1885
1886
1886
1886
1886
1886
1886
1886
1887
1887
1887
1887
1888
1888
1888
1888
1888
1889
1889
1889
1889
1889
1890
1890
1890
1890
1891
1891
1892
1892
1892
1892
1893
1893
1893
1893
1893
1893
1893
1893
1893
1894
1894
1894
1894
1894
1894
1895
1895
1895
1895
1895
1895
1896
1896
1896
1897
1897
1897
1897
1897
1897
1897
1897
1897
1897
1897
1897
1898
1898
1898
1898
1899
1899
1899
1899
1899
1899
1900
1900
1900
1901
1901
1901
1901
1902
1902
1902
1903
1903
1903
1903
1903
1903
1903
1903
1904
1904
1904
1904
1904
1904
1904
1904
1905
1905
1905
1905
1905
1906
1906
1906
1906
1907
1907
1907
1907
1907
1907
1908
1908
1908
1908
1908
1909
1909
1909
1909
1909
1910
1910
1910
1911
1911
1911
1911
1912
1912
1912
1912
1912
1912
1912
1912
1912
1913
1913
1913
1913
1913
1913
1913
1913
1913
1914
1914
1914
1914
1914
1914
1914
1915
1915
1915
1915
1915
1915
1916
1916
1916
1916
1916
1916
1916
1917
1917
1917
1917
1917
1917
1918
1918
1918
1918
1918
1918
1918
1918
1918
1918
1918
1918
1919
1919
1919
1920
1920
1920
1921
1922
1922
1922
1923
1923
1924
1924
1924
1925
1925
1926
1926
1926
1926
1927
1927
1927
1927
1928
1928
1928
1929
1929
1929
1930
1930
1930
1930
1931
1931
1931
1931
1932
1932
1932
1932
1933
1933
1933
1933
1933
1933
1933
1933
1933
1933
1933
1933
1934
1934
1934
1934
1934
1934
1935
1935
1935
1936
1936
1936
1937
1937
1937
1937
1938
1938
1938
1938
1938
1938
1939
1939
1939
1939
1939
1939
1939
1940
1941
1941
1941
1941
1941
1941
1942
1942
1942
1942
1943
1943
1943
1943
1943
1943
1943
1943
1943
1944
1944
1944
1944
1944
1944
1944
1945
1945
1945
1945
1945
1946
1946
1947
1947
1947
1947
1947
1948
1948
1948
1948
1948
1949
1949
1949
1950
1950
1950
1950
1950
1950
1951
1951
1951
1952
1952
1952
1952
1952
1952
1953
1953
1953
1953
1953
1953
1954
1954
1954
1955
1955
1955
1955
1955
1956
1956
1956
1956
1956
1956
1957
1957
1957
1957
1957
1957
1957
1958
1958
1958
1958
1958
1958
1958
1959
1959
1959
1959
1959
1959
1960
1960
1960
1960
1960
1960
1961
1961
1961
1961
1961
1962
1962
1962
1963
1963
1963
1963
1963
1963
1964
1964
1964
1964
1964
1964
1965
1965
1965
1965
1965
1965
1965
1965
1966
1966
1966
1966
1967
1967
1967
1968
1968
1968
1968
1969
1969
1969
1969
1969
1969
1969
1969
1970
1971
1971
1971
1971
1971
1971
1971
1972
1972
1972
1972
1972
1973
1973
1973
1974
1974
1974
1974
1974
1974
1975
1975
1975
1976
1976
1976
1976
1976
1977
1977
1977
1977
1977
1977
1977
1978
1978
1978
1978
1978
1978
1978
1978
1979
1979
1979
1979
1979
1979
1979
1979
1979
1980
1980
1981
1981
1981
1981
1981
1981
1982
1982
1982
1982
1982
1982
1983
1983
1983
1983
1983
1983
1983
1983
1983
1983
1983
1984
1984
1984
1984
1984
1984
1984
1985
1985
1985
1985
1985
1986
1986
1986
1986
1986
1987
1987
1987
1987
1988
1988
1988
1989
1989
1989
1989
1989
1990
1990
1990
1991
1991
1991
1991
1991
1991
1992
1992
1992
1992
1992
1992
1992
1992
1993
1993
1993
1993
1994
1994
1994
1994
1994
1995
1995
1995
1995
1995
1995
1995
1996
1996
1996
1996
1997
1997
1997
1997
1997
1997
1997
1998
1998
1998
1998
1999
1999
2000
2000
2000
2000
2000
2000
